Fichero De Datos De SpectraSuite
++++++++++++++++++++++++++++++++++++
Fecha: Mon Jun 29 11:17:43 CST 2026
Usuario: HP
Presente Oscuro Del Espectro: Sí
La Referencia de Presente Del Espectro De: Sí
Muestreados de los componentes de Número de espectros: 1
Espectrómetros: USB4H06056
Tiempo de integración (usec): 300000 (USB4H06056)
Promedio de Espectros Hechos un: 5 (USB4H06056)
El Alisar Del Furgón: 0 (USB4H06056)
Párrafo de de Corregir del la del del de Eléctrica del obscuridad: No (USB4H06056)
Estrobo/Lámpara Permitido: No (USB4H06056)
Correct for Detector Non-linearity: No (USB4H06056)
Párrafo de de Corregir del la del del de Externa del luz: No (USB4H06056)
Procesado del espectro de Número de pixeles en: 3648
>>>>> Comienza Data<<<<< Espectral Procesado Del EL
345.09	30.952
345.30	30.952
345.52	30.952
345.74	-100.000
345.95	-97.059
346.17	173.034
346.39	-55.172
346.60	1371.429
346.82	-2733.333
347.04	114.286
347.25	-823.529
347.47	91.000
347.69	20.253
347.90	12.500
348.12	158.140
348.34	-1.770
348.56	-27.419
348.77	122.034
348.99	-50.000
349.21	96.667
349.42	443.478
349.64	24.306
349.86	442.857
350.07	-18.333
350.29	34.862
350.51	48.927
350.72	29.515
350.94	620.000
351.16	31.579
351.37	61.963
351.59	18.462
351.81	-7.246
352.02	-3.846
352.24	95.775
352.46	10.791
352.67	-31.008
352.89	-15.833
353.10	37.963
353.32	113.889
353.54	31.034
353.75	21.656
353.97	39.344
354.19	65.138
354.40	9.615
354.62	232.000
354.84	74.545
355.05	37.500
355.27	90.984
355.49	70.707
355.70	32.492
355.92	73.016
356.14	41.935
356.35	41.290
356.57	68.041
356.78	-14.646
357.00	74.654
357.22	17.112
357.43	36.207
357.65	93.989
357.87	94.792
358.08	14.679
358.30	80.000
358.51	34.426
358.73	54.605
358.95	76.875
359.16	64.344
359.38	8.333
359.60	48.302
359.81	37.870
360.03	55.517
360.24	53.535
360.46	24.229
360.68	95.570
360.89	25.656
361.11	56.652
361.33	41.477
361.54	2.098
361.76	204.762
361.97	65.385
362.19	28.852
362.41	-5.085
362.62	47.368
362.84	37.415
363.05	55.319
363.27	2.609
363.49	97.273
363.70	72.414
363.92	65.992
364.13	65.241
364.35	41.522
364.57	70.111
364.78	-0.476
365.00	51.042
365.21	103.365
365.43	29.237
365.65	6.870
365.86	28.731
366.08	3.072
366.29	100.000
366.51	7.097
366.73	641.176
366.94	103.937
367.16	59.906
367.37	83.721
367.59	55.714
367.80	80.741
368.02	76.699
368.24	16.062
368.45	37.247
368.67	92.308
368.88	30.182
369.10	100.535
369.31	79.245
369.53	35.106
369.75	117.241
369.96	34.595
370.18	72.266
370.39	102.186
370.61	68.898
370.82	55.405
371.04	73.004
371.26	31.731
371.47	42.529
371.69	57.778
371.90	56.502
372.12	15.517
372.33	52.000
372.55	70.196
372.76	110.370
372.98	74.104
373.20	67.808
373.41	28.279
373.63	44.776
373.84	57.955
374.06	62.366
374.27	68.199
374.49	30.222
374.70	23.982
374.92	72.766
375.13	48.980
375.35	60.577
375.57	98.171
375.78	127.559
376.00	40.196
376.21	56.550
376.43	52.381
376.64	77.311
376.86	33.663
377.07	82.353
377.29	58.115
377.50	58.296
377.72	67.290
377.93	68.619
378.15	43.077
378.36	64.773
378.58	65.044
378.80	105.882
379.01	46.199
379.23	83.712
379.44	75.833
379.66	45.374
379.87	57.018
380.09	68.108
380.30	17.788
380.52	99.251
380.73	72.936
380.95	63.035
381.16	68.493
381.38	73.750
381.59	108.800
381.81	62.105
382.02	92.720
382.24	112.329
382.45	54.755
382.67	44.248
382.88	105.882
383.10	94.754
383.31	80.208
383.53	100.000
383.74	85.081
383.96	75.676
384.17	90.783
384.39	113.619
384.60	60.000
384.82	86.897
385.03	90.213
385.25	111.976
385.46	90.747
385.68	91.111
385.89	92.568
386.11	65.455
386.32	50.633
386.54	86.264
386.75	108.833
386.97	94.345
387.18	107.432
387.40	86.025
387.61	79.178
387.83	79.297
388.04	83.942
388.25	98.010
388.47	57.088
388.68	76.547
388.90	109.259
389.11	88.584
389.33	68.862
389.54	87.402
389.76	47.647
389.97	45.867
390.19	83.951
390.40	63.158
390.62	108.333
390.83	66.219
391.05	100.822
391.26	103.406
391.47	53.611
391.69	35.616
391.90	106.579
392.12	94.853
392.33	73.184
392.55	65.038
392.76	86.495
392.98	69.899
393.19	63.259
393.41	67.285
393.62	63.242
393.83	74.424
394.05	96.034
394.26	96.176
394.48	63.883
394.69	115.297
394.91	76.676
395.12	111.080
395.34	77.957
395.55	91.879
395.76	76.905
395.98	86.226
396.19	85.388
396.41	68.109
396.62	73.333
396.84	56.040
397.05	67.844
397.26	68.012
397.48	76.627
397.69	87.821
397.91	88.041
398.12	82.913
398.33	76.447
398.55	106.995
398.76	56.126
398.98	90.750
399.19	52.446
399.41	84.199
399.62	80.239
399.83	84.706
400.05	75.061
400.26	68.412
400.48	87.004
400.69	86.678
400.90	86.519
401.12	94.177
401.33	80.000
401.55	63.298
401.76	85.842
401.97	53.012
402.19	63.480
402.40	72.743
402.62	82.826
402.83	90.389
403.04	94.747
403.26	73.190
403.47	62.684
403.69	87.396
403.90	73.298
404.11	61.821
404.33	84.000
404.54	82.979
404.76	76.136
404.97	70.973
405.18	70.223
405.40	64.577
405.61	61.156
405.83	77.953
406.04	73.835
406.25	61.025
406.47	90.267
406.68	78.583
406.89	61.309
407.11	57.669
407.32	85.278
407.54	82.131
407.75	76.560
407.96	72.214
408.18	70.554
408.39	82.705
408.60	46.721
408.82	65.954
409.03	85.313
409.24	72.462
409.46	67.376
409.67	54.057
409.89	72.955
410.10	63.449
410.31	66.712
410.53	63.568
410.74	64.523
410.95	60.171
411.17	58.836
411.38	42.475
411.59	59.662
411.81	69.136
412.02	50.351
412.23	49.806
412.45	60.431
412.66	62.102
412.87	51.236
413.09	60.040
413.30	58.940
413.51	62.801
413.73	58.783
413.94	49.503
414.15	47.882
414.37	64.892
414.58	53.306
414.79	45.619
415.01	45.890
415.22	48.843
415.43	52.680
415.65	53.229
415.86	56.120
416.07	52.206
416.29	45.368
416.50	46.081
416.71	58.340
416.93	43.187
417.14	44.527
417.35	41.125
417.57	49.020
417.78	42.356
417.99	47.601
418.21	48.023
418.42	46.687
418.63	39.135
418.85	37.275
419.06	45.625
419.27	42.269
419.48	39.600
419.70	46.995
419.91	34.887
420.12	38.072
420.34	42.304
420.55	39.803
420.76	36.592
420.98	41.078
421.19	36.777
421.40	37.110
421.61	32.641
421.83	34.001
422.04	34.621
422.25	29.196
422.47	35.781
422.68	33.814
422.89	30.633
423.11	37.055
423.32	37.962
423.53	30.526
423.74	29.055
423.96	33.963
424.17	26.687
424.38	32.360
424.59	30.552
424.81	28.510
425.02	28.269
425.23	29.545
425.45	32.007
425.66	30.109
425.87	27.999
426.08	29.783
426.30	28.388
426.51	26.272
426.72	26.932
426.93	25.996
427.15	31.848
427.36	24.685
427.57	25.060
427.79	28.035
428.00	26.876
428.21	0.834
428.42	26.732
428.64	25.785
428.85	27.391
429.06	27.212
429.27	26.365
429.49	27.540
429.70	25.484
429.91	22.716
430.12	26.386
430.34	25.241
430.55	25.614
430.76	23.042
430.97	25.276
431.19	27.072
431.40	24.700
431.61	25.000
431.82	25.814
432.03	24.333
432.25	27.848
432.46	25.647
432.67	21.414
432.88	26.136
433.10	23.465
433.31	26.348
433.52	25.739
433.73	25.011
433.95	22.269
434.16	24.453
434.37	21.961
434.58	24.169
434.79	23.787
435.01	23.052
435.22	24.314
435.43	23.639
435.64	23.761
435.86	22.758
436.07	24.878
436.28	21.735
436.49	22.956
436.70	21.936
436.92	24.633
437.13	23.182
437.34	24.533
437.55	25.558
437.76	26.746
437.98	23.039
438.19	24.595
438.40	24.046
438.61	22.502
438.82	24.222
439.04	24.096
439.25	23.548
439.46	21.953
439.67	22.694
439.88	22.301
440.10	23.689
440.31	23.419
440.52	24.523
440.73	21.522
440.94	25.257
441.16	23.288
441.37	22.003
441.58	21.585
441.79	23.306
442.00	22.016
442.21	21.831
442.43	21.743
442.64	23.129
442.85	22.969
443.06	22.382
443.27	22.630
443.48	23.755
443.70	21.819
443.91	22.847
444.12	22.865
444.33	23.292
444.54	21.720
444.75	24.332
444.97	23.055
445.18	23.648
445.39	22.320
445.60	23.258
445.81	23.396
446.02	23.772
446.24	22.033
446.45	21.697
446.66	24.001
446.87	21.227
447.08	22.020
447.29	23.981
447.51	23.750
447.72	24.840
447.93	20.519
448.14	22.429
448.35	23.063
448.56	22.971
448.77	23.167
448.99	22.454
449.20	22.151
449.41	21.748
449.62	23.653
449.83	22.928
450.04	23.559
450.25	23.079
450.46	24.620
450.68	24.319
450.89	23.395
451.10	21.969
451.31	23.887
451.52	22.279
451.73	23.563
451.94	22.406
452.15	24.102
452.37	23.256
452.58	23.595
452.79	22.809
453.00	25.041
453.21	23.978
453.42	23.582
453.63	23.678
453.84	23.991
454.06	23.619
454.27	23.055
454.48	24.271
454.69	23.602
454.90	23.255
455.11	24.764
455.32	23.245
455.53	23.065
455.74	21.980
455.95	22.746
456.17	23.523
456.38	22.589
456.59	23.946
456.80	24.862
457.01	23.062
457.22	24.199
457.43	24.826
457.64	25.121
457.85	24.282
458.06	24.321
458.27	24.385
458.49	24.601
458.70	21.846
458.91	23.719
459.12	24.807
459.33	24.640
459.54	24.813
459.75	24.177
459.96	23.904
460.17	24.956
460.38	24.840
460.59	24.040
460.80	23.948
461.01	23.696
461.23	23.889
461.44	24.134
461.65	24.045
461.86	24.039
462.07	23.562
462.28	23.985
462.49	23.916
462.70	23.802
462.91	24.995
463.12	24.917
463.33	24.960
463.54	25.148
463.75	26.515
463.96	23.115
464.17	24.194
464.38	24.593
464.59	24.561
464.81	25.295
465.02	24.362
465.23	25.574
465.44	24.170
465.65	25.263
465.86	24.887
466.07	24.068
466.28	23.890
466.49	23.539
466.70	24.567
466.91	24.306
467.12	24.232
467.33	23.681
467.54	24.073
467.75	24.859
467.96	25.279
468.17	24.252
468.38	25.061
468.59	24.979
468.80	25.514
469.01	24.845
469.22	25.128
469.43	25.094
469.64	25.896
469.85	24.854
470.06	25.363
470.27	24.884
470.48	23.910
470.69	25.330
470.90	25.212
471.11	24.671
471.32	24.483
471.53	24.967
471.74	24.864
471.95	24.922
472.16	24.955
472.37	24.668
472.58	24.256
472.79	24.185
473.00	25.677
473.21	24.420
473.42	24.693
473.63	23.639
473.84	25.150
474.05	25.502
474.26	25.978
474.47	24.554
474.68	24.312
474.89	24.879
475.10	25.946
475.31	25.258
475.52	25.006
475.73	24.877
475.94	25.255
476.15	25.649
476.36	24.974
476.57	25.197
476.78	25.093
476.99	25.666
477.20	24.198
477.41	24.160
477.62	23.761
477.83	24.998
478.04	25.469
478.25	25.000
478.46	24.463
478.67	25.790
478.88	24.713
479.09	24.784
479.30	24.327
479.51	25.270
479.72	24.660
479.93	25.474
480.14	24.627
480.35	25.912
480.56	25.053
480.77	24.566
480.98	25.989
481.18	24.904
481.39	25.170
481.60	25.703
481.81	25.608
482.02	24.829
482.23	24.901
482.44	24.512
482.65	25.613
482.86	24.965
483.07	25.031
483.28	25.388
483.49	24.858
483.70	25.734
483.91	25.423
484.12	25.428
484.33	25.571
484.53	25.454
484.74	25.200
484.95	25.581
485.16	25.655
485.37	25.795
485.58	25.025
485.79	24.735
486.00	25.032
486.21	25.907
486.42	24.964
486.63	24.876
486.84	25.008
487.05	25.721
487.25	25.434
487.46	24.971
487.67	25.738
487.88	25.048
488.09	25.956
488.30	25.307
488.51	24.859
488.72	25.298
488.93	25.661
489.14	25.379
489.35	25.891
489.55	25.593
489.76	25.863
489.97	25.727
490.18	25.743
490.39	25.485
490.60	25.537
490.81	25.367
491.02	26.239
491.23	25.833
491.43	25.757
491.64	25.257
491.85	25.760
492.06	25.729
492.27	26.228
492.48	25.799
492.69	25.886
492.90	25.824
493.11	25.440
493.31	25.357
493.52	25.220
493.73	25.974
493.94	25.302
494.15	26.199
494.36	25.734
494.57	26.089
494.78	25.736
494.98	25.682
495.19	25.904
495.40	26.055
495.61	25.525
495.82	26.126
496.03	25.901
496.24	26.109
496.44	25.825
496.65	25.525
496.86	26.030
497.07	26.014
497.28	26.899
497.49	26.122
497.70	25.742
497.90	26.258
498.11	25.718
498.32	26.394
498.53	26.074
498.74	25.722
498.95	25.136
499.15	26.069
499.36	26.018
499.57	26.258
499.78	26.317
499.99	26.345
500.20	26.225
500.40	26.031
500.61	26.336
500.82	25.694
501.03	26.698
501.24	26.453
501.45	26.065
501.65	25.944
501.86	25.940
502.07	26.687
502.28	26.016
502.49	26.242
502.70	26.103
502.90	26.070
503.11	26.987
503.32	26.311
503.53	26.298
503.74	26.241
503.94	26.200
504.15	26.251
504.36	26.456
504.57	26.071
504.78	26.308
504.98	26.205
505.19	26.708
505.40	26.551
505.61	26.768
505.82	26.586
506.02	26.815
506.23	26.864
506.44	26.617
506.65	26.282
506.86	26.865
507.06	26.695
507.27	26.498
507.48	26.425
507.69	26.661
507.90	26.828
508.10	26.590
508.31	26.928
508.52	27.456
508.73	26.608
508.94	27.183
509.14	27.020
509.35	26.712
509.56	27.077
509.77	27.111
509.97	26.844
510.18	27.307
510.39	27.564
510.60	27.622
510.80	27.081
511.01	27.536
511.22	27.315
511.43	27.271
511.64	27.256
511.84	27.493
512.05	26.833
512.26	27.682
512.47	27.775
512.67	27.247
512.88	27.878
513.09	27.429
513.30	27.507
513.50	27.211
513.71	27.706
513.92	28.110
514.13	28.150
514.33	28.445
514.54	27.767
514.75	27.808
514.96	28.399
515.16	27.938
515.37	27.911
515.58	27.768
515.78	27.986
515.99	28.426
516.20	28.463
516.41	28.082
516.61	28.346
516.82	27.864
517.03	28.685
517.24	29.021
517.44	28.743
517.65	28.496
517.86	28.981
518.07	28.908
518.27	28.770
518.48	28.694
518.69	29.100
518.89	29.168
519.10	29.169
519.31	29.650
519.52	29.361
519.72	29.329
519.93	29.420
520.14	29.754
520.34	29.668
520.55	29.619
520.76	29.305
520.96	29.847
521.17	30.188
521.38	30.154
521.59	30.091
521.79	30.323
522.00	30.711
522.21	30.644
522.41	30.031
522.62	30.437
522.83	31.135
523.03	30.562
523.24	30.542
523.45	31.175
523.66	30.760
523.86	31.094
524.07	31.067
524.28	31.145
524.48	31.528
524.69	31.567
524.90	31.125
525.10	31.735
525.31	31.641
525.52	32.076
525.72	31.506
525.93	32.084
526.14	31.887
526.34	32.062
526.55	32.166
526.76	32.305
526.96	32.003
527.17	32.610
527.38	32.856
527.58	32.890
527.79	32.789
528.00	32.531
528.20	32.242
528.41	33.114
528.62	32.939
528.82	33.342
529.03	33.462
529.24	33.143
529.44	33.461
529.65	33.449
529.85	33.443
530.06	34.036
530.27	33.820
530.47	33.626
530.68	34.093
530.89	33.733
531.09	34.020
531.30	34.141
531.51	34.283
531.71	33.881
531.92	34.065
532.13	33.910
532.33	34.156
532.54	34.892
532.74	34.455
532.95	34.678
533.16	34.399
533.36	34.400
533.57	34.428
533.78	34.563
533.98	34.923
534.19	35.181
534.39	35.011
534.60	35.844
534.81	35.124
535.01	35.200
535.22	35.365
535.42	35.485
535.63	35.806
535.84	34.987
536.04	34.968
536.25	35.458
536.45	35.140
536.66	35.429
536.87	35.339
537.07	35.429
537.28	35.512
537.48	35.501
537.69	35.762
537.90	35.788
538.10	35.804
538.31	35.344
538.51	35.568
538.72	35.442
538.93	35.865
539.13	35.672
539.34	35.842
539.54	35.618
539.75	35.805
539.96	36.001
540.16	35.932
540.37	35.661
540.57	35.926
540.78	35.445
540.98	35.819
541.19	35.960
541.40	35.980
541.60	36.264
541.81	36.058
542.01	35.915
542.22	35.939
542.42	36.371
542.63	36.299
542.83	36.084
543.04	36.249
543.25	36.224
543.45	36.202
543.66	36.406
543.86	35.955
544.07	36.025
544.27	36.248
544.48	36.009
544.68	36.193
544.89	36.149
545.10	36.339
545.30	36.396
545.51	36.319
545.71	36.038
545.92	35.786
546.12	36.128
546.33	36.515
546.53	36.791
546.74	36.298
546.94	36.802
547.15	36.455
547.36	36.151
547.56	36.700
547.77	35.909
547.97	36.313
548.18	36.342
548.38	36.241
548.59	36.647
548.79	36.304
549.00	36.568
549.20	36.649
549.41	36.900
549.61	36.362
549.82	36.724
550.02	36.577
550.23	36.671
550.43	37.057
550.64	36.422
550.84	36.538
551.05	36.376
551.25	36.535
551.46	36.488
551.66	36.538
551.87	36.840
552.07	36.999
552.28	36.508
552.48	36.831
552.69	36.693
552.89	36.558
553.10	36.298
553.30	37.018
553.51	36.880
553.71	36.666
553.92	36.835
554.12	36.907
554.33	36.576
554.53	36.741
554.74	36.332
554.94	36.507
555.15	36.825
555.35	36.689
555.56	36.439
555.76	37.098
555.97	36.557
556.17	36.732
556.38	36.852
556.58	36.898
556.78	36.679
556.99	36.778
557.19	36.855
557.40	36.851
557.60	36.604
557.81	36.680
558.01	36.377
558.22	36.858
558.42	36.891
558.63	36.637
558.83	37.028
559.04	36.834
559.24	36.822
559.44	36.362
559.65	36.698
559.85	36.490
560.06	36.477
560.26	36.807
560.47	36.589
560.67	36.520
560.88	36.550
561.08	36.318
561.28	36.560
561.49	36.431
561.69	36.650
561.90	36.407
562.10	36.673
562.31	36.374
562.51	36.282
562.71	36.479
562.92	36.326
563.12	36.592
563.33	36.460
563.53	36.672
563.74	36.326
563.94	36.994
564.14	36.463
564.35	36.484
564.55	36.192
564.76	35.994
564.96	36.198
565.17	36.100
565.37	36.285
565.57	35.957
565.78	36.153
565.98	36.211
566.19	35.946
566.39	35.741
566.59	36.299
566.80	35.772
567.00	35.995
567.21	36.139
567.41	36.096
567.61	35.832
567.82	35.642
568.02	35.896
568.23	35.614
568.43	35.078
568.63	35.535
568.84	35.398
569.04	35.698
569.24	35.599
569.45	35.304
569.65	35.249
569.86	35.002
570.06	35.307
570.26	34.934
570.47	35.189
570.67	35.076
570.87	34.953
571.08	35.280
571.28	34.884
571.49	35.234
571.69	34.862
571.89	34.784
572.10	34.985
572.30	34.543
572.50	34.605
572.71	34.283
572.91	34.121
573.11	34.145
573.32	34.571
573.52	33.792
573.73	34.538
573.93	33.983
574.13	34.084
574.34	34.154
574.54	34.230
574.74	33.812
574.95	34.159
575.15	33.666
575.35	33.956
575.56	33.712
575.76	33.933
575.96	33.886
576.17	33.674
576.37	33.612
576.57	33.556
576.78	33.494
576.98	33.509
577.18	33.299
577.39	33.393
577.59	33.305
577.79	33.349
578.00	33.138
578.20	33.439
578.40	33.129
578.61	32.940
578.81	33.186
579.01	33.396
579.22	32.797
579.42	32.819
579.62	32.889
579.82	32.683
580.03	32.697
580.23	32.859
580.43	32.746
580.64	32.665
580.84	32.688
581.04	32.522
581.25	32.229
581.45	32.550
581.65	32.408
581.86	32.539
582.06	32.099
582.26	32.062
582.46	32.071
582.67	32.522
582.87	32.083
583.07	31.983
583.28	32.044
583.48	32.153
583.68	32.106
583.88	32.180
584.09	31.934
584.29	31.838
584.49	31.720
584.70	31.852
584.90	31.771
585.10	31.624
585.30	31.573
585.51	31.672
585.71	31.501
585.91	31.622
586.11	31.504
586.32	31.383
586.52	31.425
586.72	31.426
586.92	31.320
587.13	31.564
587.33	31.436
587.53	31.401
587.74	31.376
587.94	31.650
588.14	31.435
588.34	31.590
588.55	31.464
588.75	31.190
588.95	31.106
589.15	31.285
589.36	31.294
589.56	31.327
589.76	31.059
589.96	31.259
590.16	31.307
590.37	31.139
590.57	31.337
590.77	31.047
590.97	31.452
591.18	30.968
591.38	31.269
591.58	30.027
591.78	31.160
591.99	30.668
592.19	30.935
592.39	30.680
592.59	30.552
592.79	30.900
593.00	30.617
593.20	30.646
593.40	30.648
593.60	30.892
593.81	31.272
594.01	30.437
594.21	30.784
594.41	30.950
594.61	30.714
594.82	30.384
595.02	30.610
595.22	30.525
595.42	30.680
595.62	30.759
595.83	30.536
596.03	30.702
596.23	30.593
596.43	30.768
596.63	30.451
596.84	30.464
597.04	30.373
597.24	30.253
597.44	30.369
597.64	30.382
597.84	30.460
598.05	30.433
598.25	30.359
598.45	30.597
598.65	30.488
598.85	30.429
599.06	30.320
599.26	30.276
599.46	30.241
599.66	30.168
599.86	30.624
600.06	30.520
600.27	30.570
600.47	30.322
600.67	30.448
600.87	30.372
601.07	30.625
601.27	30.256
601.48	30.540
601.68	30.195
601.88	30.302
602.08	30.317
602.28	30.296
602.48	30.497
602.68	30.146
602.89	30.492
603.09	30.461
603.29	30.019
603.49	30.333
603.69	30.473
603.89	29.973
604.09	30.391
604.30	30.154
604.50	30.152
604.70	30.112
604.90	30.283
605.10	30.258
605.30	30.156
605.50	29.957
605.71	30.342
605.91	30.326
606.11	30.083
606.31	30.576
606.51	30.504
606.71	30.144
606.91	30.104
607.11	30.041
607.32	29.865
607.52	29.973
607.72	30.068
607.92	29.997
608.12	30.222
608.32	30.110
608.52	30.102
608.72	29.847
608.92	30.039
609.12	30.119
609.33	29.883
609.53	29.961
609.73	29.885
609.93	30.119
610.13	30.233
610.33	30.071
610.53	30.059
610.73	29.900
610.93	29.843
611.13	29.764
611.34	29.799
611.54	29.843
611.74	29.987
611.94	29.989
612.14	30.151
612.34	29.795
612.54	29.773
612.74	30.035
612.94	29.935
613.14	30.228
613.34	29.797
613.54	29.807
613.74	29.837
613.95	29.615
614.15	29.738
614.35	29.881
614.55	29.446
614.75	29.828
614.95	29.722
615.15	29.760
615.35	29.385
615.55	29.568
615.75	29.543
615.95	29.765
616.15	29.643
616.35	29.578
616.55	29.482
616.75	29.744
616.95	29.658
617.15	29.743
617.35	29.230
617.56	29.534
617.76	29.533
617.96	29.491
618.16	29.515
618.36	29.409
618.56	29.274
618.76	29.615
618.96	29.316
619.16	29.517
619.36	29.194
619.56	29.507
619.76	29.506
619.96	29.329
620.16	29.339
620.36	29.265
620.56	29.497
620.76	29.747
620.96	29.299
621.16	29.311
621.36	29.262
621.56	29.537
621.76	29.246
621.96	29.381
622.16	29.233
622.36	28.845
622.56	29.342
622.76	29.164
622.96	29.064
623.16	29.126
623.36	29.160
623.56	29.117
623.76	28.904
623.96	29.138
624.16	29.389
624.36	29.386
624.56	29.405
624.76	29.152
624.96	29.190
625.16	29.154
625.36	29.095
625.56	29.068
625.76	29.125
625.96	28.942
626.16	29.138
626.36	29.223
626.56	28.977
626.76	29.281
626.96	29.232
627.16	29.202
627.36	28.943
627.56	28.918
627.76	28.923
627.96	28.908
628.16	29.105
628.36	29.113
628.56	29.091
628.75	29.000
628.95	28.745
629.15	29.139
629.35	29.212
629.55	28.869
629.75	29.216
629.95	28.969
630.15	28.936
630.35	29.164
630.55	28.812
630.75	29.095
630.95	28.787
631.15	28.607
631.35	28.963
631.55	29.154
631.75	29.002
631.95	29.009
632.15	29.081
632.34	28.900
632.54	28.762
632.74	28.993
632.94	28.903
633.14	28.975
633.34	28.788
633.54	28.494
633.74	28.860
633.94	28.837
634.14	28.800
634.34	29.017
634.54	28.842
634.74	28.873
634.93	28.908
635.13	28.997
635.33	29.010
635.53	28.981
635.73	28.788
635.93	28.819
636.13	28.608
636.33	28.722
636.53	28.859
636.73	28.871
636.93	28.792
637.12	28.493
637.32	28.726
637.52	28.724
637.72	28.668
637.92	28.603
638.12	28.665
638.32	28.610
638.52	28.597
638.72	28.518
638.91	28.480
639.11	28.532
639.31	28.477
639.51	28.365
639.71	28.385
639.91	28.518
640.11	28.384
640.31	28.274
640.50	28.525
640.70	28.369
640.90	28.794
641.10	28.441
641.30	28.144
641.50	28.447
641.70	28.222
641.89	28.129
642.09	28.327
642.29	28.017
642.49	28.180
642.69	28.109
642.89	28.049
643.09	28.155
643.28	28.052
643.48	27.910
643.68	28.113
643.88	27.959
644.08	27.865
644.28	27.850
644.48	27.805
644.67	27.750
644.87	27.918
645.07	27.988
645.27	27.719
645.47	27.765
645.67	28.113
645.86	27.932
646.06	27.782
646.26	27.739
646.46	28.078
646.66	27.787
646.85	27.674
647.05	27.561
647.25	27.876
647.45	27.613
647.65	27.800
647.85	27.560
648.04	27.768
648.24	27.491
648.44	27.507
648.64	27.790
648.84	27.586
649.03	27.532
649.23	27.658
649.43	27.583
649.63	27.351
649.83	27.448
650.02	27.480
650.22	27.520
650.42	27.606
650.62	27.514
650.82	27.407
651.01	27.575
651.21	27.451
651.41	27.328
651.61	27.549
651.81	27.383
652.00	27.367
652.20	27.355
652.40	27.235
652.60	27.247
652.79	27.066
652.99	27.354
653.19	27.293
653.39	27.398
653.59	27.223
653.78	27.277
653.98	27.339
654.18	27.420
654.38	27.345
654.57	27.313
654.77	27.287
654.97	27.159
655.17	27.300
655.36	27.235
655.56	27.268
655.76	27.342
655.96	27.139
656.15	27.436
656.35	27.031
656.55	27.057
656.75	27.224
656.94	26.763
657.14	27.182
657.34	27.224
657.54	27.317
657.73	27.109
657.93	27.112
658.13	27.260
658.33	27.133
658.52	27.284
658.72	27.358
658.92	27.351
659.11	27.355
659.31	27.483
659.51	27.324
659.71	27.146
659.90	26.896
660.10	27.193
660.30	27.405
660.50	27.211
660.69	27.346
660.89	27.087
661.09	26.915
661.28	27.269
661.48	27.016
661.68	27.087
661.87	27.100
662.07	27.057
662.27	26.746
662.47	27.024
662.66	27.276
662.86	26.997
663.06	27.035
663.25	27.228
663.45	26.861
663.65	26.952
663.84	27.112
664.04	27.176
664.24	26.790
664.44	26.968
664.63	27.094
664.83	27.067
665.03	27.208
665.22	27.276
665.42	27.075
665.62	26.971
665.81	27.211
666.01	27.139
666.21	26.996
666.40	27.370
666.60	26.857
666.80	26.928
666.99	27.214
667.19	27.157
667.39	27.118
667.58	27.023
667.78	26.877
667.98	27.061
668.17	27.066
668.37	27.156
668.57	27.039
668.76	26.988
668.96	27.348
669.16	27.112
669.35	27.418
669.55	26.954
669.74	26.972
669.94	27.014
670.14	27.153
670.33	27.188
670.53	27.155
670.73	27.254
670.92	27.275
671.12	27.000
671.32	27.404
671.51	27.347
671.71	27.181
671.90	27.329
672.10	27.215
672.30	27.058
672.49	27.287
672.69	27.310
672.89	27.225
673.08	27.323
673.28	27.110
673.47	27.282
673.67	27.220
673.87	27.418
674.06	27.420
674.26	27.392
674.45	27.513
674.65	27.531
674.85	27.253
675.04	27.507
675.24	27.380
675.43	27.660
675.63	27.796
675.83	27.514
676.02	27.413
676.22	27.640
676.41	27.721
676.61	27.247
676.81	27.573
677.00	27.509
677.20	27.489
677.39	27.320
677.59	27.515
677.79	27.662
677.98	27.460
678.18	27.420
678.37	27.617
678.57	27.679
678.76	27.671
678.96	27.775
679.16	27.902
679.35	27.842
679.55	27.932
679.74	27.628
679.94	27.778
680.13	27.777
680.33	27.905
680.53	27.684
680.72	27.783
680.92	27.934
681.11	27.900
681.31	27.888
681.50	28.060
681.70	27.924
681.89	28.006
682.09	27.873
682.28	27.641
682.48	27.989
682.68	28.003
682.87	27.779
683.07	27.889
683.26	28.088
683.46	27.949
683.65	27.911
683.85	28.018
684.04	27.957
684.24	28.336
684.43	27.896
684.63	28.257
684.82	28.233
685.02	28.052
685.21	28.413
685.41	28.438
685.60	28.444
685.80	28.195
686.00	28.505
686.19	28.346
686.39	28.558
686.58	28.447
686.78	28.431
686.97	28.596
687.17	28.734
687.36	28.499
687.56	28.560
687.75	28.667
687.95	28.473
688.14	28.689
688.34	28.525
688.53	28.554
688.73	28.771
688.92	28.439
689.12	28.524
689.31	28.583
689.51	28.650
689.70	28.909
689.89	28.798
690.09	28.620
690.28	28.796
690.48	29.162
690.67	28.801
690.87	28.951
691.06	28.991
691.26	28.805
691.45	29.024
691.65	29.000
691.84	29.197
692.04	29.494
692.23	29.564
692.43	29.305
692.62	29.699
692.82	29.526
693.01	29.556
693.20	29.698
693.40	29.747
693.59	29.829
693.79	30.075
693.98	29.875
694.18	30.226
694.37	30.095
694.57	30.447
694.76	30.242
694.95	30.346
695.15	30.963
695.34	30.867
695.54	30.823
695.73	30.983
695.93	31.123
696.12	31.395
696.32	31.375
696.51	31.574
696.70	31.780
696.90	31.767
697.09	32.096
697.29	32.057
697.48	33.135
697.67	32.756
697.87	33.171
698.06	33.268
698.26	33.589
698.45	33.368
698.65	33.688
698.84	33.880
699.03	34.264
699.23	34.303
699.42	34.757
699.62	34.854
699.81	35.110
700.00	35.403
700.20	35.374
700.39	35.736
700.59	36.411
700.78	36.374
700.97	36.561
701.17	36.924
701.36	36.889
701.56	37.094
701.75	37.405
701.94	37.887
702.14	38.060
702.33	38.205
702.52	38.297
702.72	38.888
702.91	39.006
703.11	39.094
703.30	39.481
703.49	39.867
703.69	39.895
703.88	40.276
704.07	40.614
704.27	40.858
704.46	41.219
704.66	41.284
704.85	41.759
705.04	41.890
705.24	42.287
705.43	42.489
705.62	42.722
705.82	42.952
706.01	43.209
706.20	43.720
706.40	43.767
706.59	43.993
706.78	44.575
706.98	44.803
707.17	44.986
707.36	44.915
707.56	45.281
707.75	45.398
707.94	45.884
708.14	46.107
708.33	46.395
708.52	46.798
708.72	46.933
708.91	47.592
709.10	47.430
709.30	47.489
709.49	47.689
709.68	48.094
709.88	48.202
710.07	48.529
710.26	48.828
710.46	48.861
710.65	49.009
710.84	49.441
711.04	49.684
711.23	49.866
711.42	50.499
711.61	50.396
711.81	50.607
712.00	51.263
712.19	51.056
712.39	51.505
712.58	51.791
712.77	51.626
712.97	52.101
713.16	52.367
713.35	52.543
713.54	52.769
713.74	52.977
713.93	52.884
714.12	53.456
714.32	53.590
714.51	53.726
714.70	54.068
714.89	54.569
715.09	54.593
715.28	54.879
715.47	54.658
715.66	54.833
715.86	55.265
716.05	55.527
716.24	55.456
716.44	55.795
716.63	56.125
716.82	56.540
717.01	56.753
717.21	56.620
717.40	57.128
717.59	57.548
717.78	57.312
717.98	57.705
718.17	57.585
718.36	57.907
718.55	58.647
718.75	58.277
718.94	58.706
719.13	58.947
719.32	59.208
719.52	59.235
719.71	59.417
719.90	59.895
720.09	59.786
720.28	60.078
720.48	60.287
720.67	60.496
720.86	60.855
721.05	61.626
721.25	61.417
721.44	61.293
721.63	61.654
721.82	61.596
722.01	62.205
722.21	62.335
722.40	62.474
722.59	62.427
722.78	62.332
722.98	62.891
723.17	62.915
723.36	63.176
723.55	63.216
723.74	63.867
723.94	63.851
724.13	63.992
724.32	63.893
724.51	64.048
724.70	64.281
724.89	64.804
725.09	64.956
725.28	65.450
725.47	65.386
725.66	65.440
725.85	65.248
726.05	65.731
726.24	66.103
726.43	66.207
726.62	66.425
726.81	66.567
727.00	66.844
727.20	66.625
727.39	67.358
727.58	66.903
727.77	67.444
727.96	67.510
728.15	67.650
728.35	67.411
728.54	67.729
728.73	68.125
728.92	68.430
729.11	68.657
729.30	68.589
729.50	68.545
729.69	68.826
729.88	68.916
730.07	69.282
730.26	69.497
730.45	69.307
730.64	69.545
730.84	69.638
731.03	69.902
731.22	70.364
731.41	69.726
731.60	70.096
731.79	70.556
731.98	70.218
732.18	70.828
732.37	70.651
732.56	71.081
732.75	70.584
732.94	70.925
733.13	71.893
733.32	70.930
733.51	71.349
733.71	71.982
733.90	72.388
734.09	72.204
734.28	71.724
734.47	72.057
734.66	72.671
734.85	72.720
735.04	72.119
735.23	72.483
735.42	72.932
735.62	72.540
735.81	73.273
736.00	73.265
736.19	73.233
736.38	73.422
736.57	73.634
736.76	73.888
736.95	73.919
737.14	73.536
737.33	73.625
737.52	73.839
737.72	73.990
737.91	74.276
738.10	74.279
738.29	74.483
738.48	74.413
738.67	74.196
738.86	73.970
739.05	74.396
739.24	74.616
739.43	74.798
739.62	75.074
739.81	75.198
740.00	75.026
740.19	75.085
740.39	74.942
740.58	75.304
740.77	75.315
740.96	75.896
741.15	75.612
741.34	75.883
741.53	75.765
741.72	75.753
741.91	75.534
742.10	75.930
742.29	75.312
742.48	76.103
742.67	76.207
742.86	76.476
743.05	76.764
743.24	76.151
743.43	75.965
743.62	76.428
743.81	76.865
744.00	76.060
744.19	76.438
744.38	76.861
744.57	76.415
744.76	76.598
744.95	76.795
745.14	76.785
745.33	77.169
745.52	77.077
745.71	77.031
745.90	77.156
746.09	77.150
746.28	77.328
746.47	76.752
746.66	77.174
746.85	77.238
747.04	77.455
747.23	77.587
747.42	77.075
747.61	77.602
747.80	77.997
747.99	77.093
748.18	77.635
748.37	77.731
748.56	77.287
748.75	77.861
748.94	77.459
749.13	77.761
749.32	77.990
749.51	77.767
749.70	77.725
749.89	77.426
750.08	77.952
750.27	78.277
750.46	77.644
750.65	78.193
750.84	77.774
751.03	77.699
751.22	78.402
751.41	78.037
751.60	77.877
751.79	77.823
751.98	77.955
752.17	77.700
752.36	78.408
752.55	77.881
752.74	78.432
752.93	78.516
753.12	78.459
753.30	78.002
753.49	78.616
753.68	78.137
753.87	78.418
754.06	77.861
754.25	78.260
754.44	78.572
754.63	78.569
754.82	78.369
755.01	78.408
755.20	78.118
755.39	78.923
755.58	78.392
755.77	78.581
755.96	78.541
756.14	78.380
756.33	78.402
756.52	78.899
756.71	78.593
756.90	78.622
757.09	78.600
757.28	78.857
757.47	78.428
757.66	78.711
757.85	78.555
758.04	78.806
758.22	79.400
758.41	79.449
758.60	78.464
758.79	78.888
758.98	78.957
759.17	78.489
759.36	78.993
759.55	78.647
759.74	78.245
759.92	78.759
760.11	78.667
760.30	78.181
760.49	77.906
760.68	78.222
760.87	77.877
761.06	78.906
761.25	78.590
761.43	78.716
761.62	78.759
761.81	78.881
762.00	79.122
762.19	78.823
762.38	78.838
762.57	78.706
762.76	78.442
762.94	78.795
763.13	79.139
763.32	79.194
763.51	78.562
763.70	78.891
763.89	79.151
764.07	78.546
764.26	78.190
764.45	79.028
764.64	78.517
764.83	78.571
765.02	78.551
765.21	78.266
765.39	78.742
765.58	78.972
765.77	78.658
765.96	78.915
766.15	78.938
766.34	79.013
766.52	79.316
766.71	78.906
766.90	78.822
767.09	78.872
767.28	79.071
767.46	78.571
767.65	78.413
767.84	78.936
768.03	79.014
768.22	78.753
768.40	78.304
768.59	78.776
768.78	79.105
768.97	79.168
769.16	78.503
769.34	78.317
769.53	78.734
769.72	78.842
769.91	78.668
770.10	78.828
770.28	78.333
770.47	78.841
770.66	79.133
770.85	78.892
771.04	79.302
771.22	78.562
771.41	78.800
771.60	78.242
771.79	78.740
771.98	78.595
772.16	78.434
772.35	78.864
772.54	78.142
772.73	78.455
772.91	78.733
773.10	78.866
773.29	78.744
773.48	79.194
773.66	78.736
773.85	78.484
774.04	77.780
774.23	78.150
774.41	78.288
774.60	79.437
774.79	78.907
774.98	79.132
775.16	78.890
775.35	78.744
775.54	78.629
775.73	78.423
775.91	78.459
776.10	78.696
776.29	78.913
776.48	78.807
776.66	79.325
776.85	79.517
777.04	78.274
777.23	79.081
777.41	78.160
777.60	78.628
777.79	78.832
777.97	78.724
778.16	78.663
778.35	78.518
778.54	78.717
778.72	78.777
778.91	78.791
779.10	78.449
779.28	78.094
779.47	78.942
779.66	78.371
779.85	78.520
780.03	78.479
780.22	78.941
780.41	78.256
780.59	78.657
780.78	78.698
780.97	78.983
781.15	79.373
781.34	78.277
781.53	78.526
781.71	78.381
781.90	78.308
782.09	78.764
782.27	78.869
782.46	79.078
782.65	78.842
782.84	78.184
783.02	78.830
783.21	78.503
783.40	78.360
783.58	78.426
783.77	78.046
783.96	78.881
784.14	79.253
784.33	78.993
784.52	78.783
784.70	77.986
784.89	78.193
785.07	79.427
785.26	78.804
785.45	78.448
785.63	78.377
785.82	78.724
786.01	78.941
786.19	78.698
786.38	78.831
786.57	78.715
786.75	78.317
786.94	79.122
787.13	79.373
787.31	78.360
787.50	78.795
787.68	78.388
787.87	78.615
788.06	78.749
788.24	78.756
788.43	78.817
788.62	79.266
788.80	79.366
788.99	78.744
789.17	78.337
789.36	78.583
789.55	78.937
789.73	78.170
789.92	78.546
790.10	78.932
790.29	78.143
790.48	78.427
790.66	78.725
790.85	78.773
791.03	78.805
791.22	79.262
791.41	78.469
791.59	78.614
791.78	78.459
791.96	78.465
792.15	78.418
792.34	78.788
792.52	78.623
792.71	78.364
792.89	78.327
793.08	78.083
793.27	78.206
793.45	78.706
793.64	78.296
793.82	78.669
794.01	78.419
794.19	78.636
794.38	78.544
794.57	78.408
794.75	78.485
794.94	78.579
795.12	78.384
795.31	78.460
795.49	78.537
795.68	77.924
795.86	79.093
796.05	78.813
796.24	78.994
796.42	78.832
796.61	78.372
796.79	78.702
796.98	79.073
797.16	78.196
797.35	77.877
797.53	78.266
797.72	78.416
797.90	78.649
798.09	78.750
798.27	78.801
798.46	78.319
798.65	78.664
798.83	78.664
799.02	78.047
799.20	78.918
799.39	78.480
799.57	78.357
799.76	77.997
799.94	78.982
800.13	78.593
800.31	78.507
800.50	78.864
800.68	79.047
800.87	78.122
801.05	78.503
801.24	78.409
801.42	78.250
801.61	78.526
801.79	78.404
801.98	78.330
802.16	78.764
802.35	78.484
802.53	78.749
802.72	78.218
802.90	78.752
803.09	78.464
803.27	78.426
803.46	78.624
803.64	77.964
803.83	78.793
804.01	79.186
804.20	78.186
804.38	78.988
804.56	78.397
804.75	78.564
804.93	78.647
805.12	78.880
805.30	78.775
805.49	78.564
805.67	78.891
805.86	78.549
806.04	78.191
806.23	79.093
806.41	78.984
806.59	78.775
806.78	78.138
806.96	78.417
807.15	78.712
807.33	78.972
807.52	78.465
807.70	78.331
807.89	78.550
808.07	78.438
808.25	78.296
808.44	78.878
808.62	78.780
808.81	78.612
808.99	78.735
809.18	78.697
809.36	78.360
809.54	78.424
809.73	78.973
809.91	79.245
810.10	78.428
810.28	79.099
810.47	78.931
810.65	78.605
810.83	78.780
811.02	78.721
811.20	79.037
811.39	78.893
811.57	79.024
811.75	79.074
811.94	78.432
812.12	78.994
812.31	78.377
812.49	78.542
812.67	78.297
812.86	78.667
813.04	78.904
813.23	78.347
813.41	79.047
813.59	78.938
813.78	78.386
813.96	78.647
814.14	79.224
814.33	78.229
814.51	78.261
814.70	78.624
814.88	79.101
815.06	78.911
815.25	78.411
815.43	79.049
815.61	78.707
815.80	78.200
815.98	79.008
816.16	78.513
816.35	78.312
816.53	78.792
816.72	78.542
816.90	77.909
817.08	78.224
817.27	78.383
817.45	78.307
817.63	78.256
817.82	78.546
818.00	77.536
818.18	78.018
818.37	79.196
818.55	78.962
818.73	78.164
818.92	78.326
819.10	78.919
819.28	78.401
819.47	78.186
819.65	78.528
819.83	78.142
820.02	78.344
820.20	78.644
820.38	78.691
820.57	78.283
820.75	79.080
820.93	78.685
821.11	77.722
821.30	79.059
821.48	78.675
821.66	78.480
821.85	78.843
822.03	78.691
822.21	78.944
822.40	78.596
822.58	78.296
822.76	79.089
822.94	78.894
823.13	78.470
823.31	78.889
823.49	78.041
823.68	78.392
823.86	78.117
824.04	78.602
824.22	78.526
824.41	78.537
824.59	79.302
824.77	79.209
824.96	78.550
825.14	77.803
825.32	79.214
825.50	79.323
825.69	78.623
825.87	78.359
826.05	78.091
826.23	78.302
826.42	78.407
826.60	78.855
826.78	78.003
826.96	78.342
827.15	78.576
827.33	78.207
827.51	78.821
827.69	78.794
827.88	78.086
828.06	78.488
828.24	78.240
828.42	78.931
828.61	78.782
828.79	78.120
828.97	78.352
829.15	78.735
829.34	78.723
829.52	78.613
829.70	78.804
829.88	78.760
830.06	78.665
830.25	79.235
830.43	78.754
830.61	78.190
830.79	78.266
830.97	78.892
831.16	78.758
831.34	78.872
831.52	79.035
831.70	78.651
831.89	78.796
832.07	78.688
832.25	78.709
832.43	78.484
832.61	78.811
832.80	78.700
832.98	78.435
833.16	78.780
833.34	79.211
833.52	78.610
833.70	78.796
833.89	78.966
834.07	78.547
834.25	79.229
834.43	78.585
834.61	78.678
834.80	78.491
834.98	78.450
835.16	78.436
835.34	78.817
835.52	78.624
835.70	78.444
835.89	79.278
836.07	78.653
836.25	78.811
836.43	79.476
836.61	79.124
836.79	78.519
836.97	78.221
837.16	78.395
837.34	79.326
837.52	79.390
837.70	79.069
837.88	78.562
838.06	78.554
838.24	79.123
838.43	78.540
838.61	79.055
838.79	79.646
838.97	79.002
839.15	78.944
839.33	79.003
839.51	79.398
839.70	79.506
839.88	78.913
840.06	78.541
840.24	79.100
840.42	79.284
840.60	79.401
840.78	78.714
840.96	78.286
841.14	78.848
841.33	79.259
841.51	79.054
841.69	78.390
841.87	78.659
842.05	78.967
842.23	78.865
842.41	78.599
842.59	78.644
842.77	78.683
842.95	78.646
843.14	78.841
843.32	78.496
843.50	78.559
843.68	78.624
843.86	79.034
844.04	78.433
844.22	78.559
844.40	79.352
844.58	78.832
844.76	78.492
844.94	79.355
845.12	78.476
845.30	78.810
845.49	78.969
845.67	78.941
845.85	78.749
846.03	78.656
846.21	78.373
846.39	78.750
846.57	78.361
846.75	79.025
846.93	78.666
847.11	78.624
847.29	78.898
847.47	79.033
847.65	78.378
847.83	78.457
848.01	78.357
848.19	79.124
848.37	78.328
848.55	78.264
848.73	79.229
848.91	78.284
849.09	78.287
849.27	79.365
849.46	78.715
849.64	77.948
849.82	78.805
850.00	78.261
850.18	78.424
850.36	79.100
850.54	79.607
850.72	78.872
850.90	78.730
851.08	79.214
851.26	78.630
851.44	78.807
851.62	78.770
851.80	78.645
851.98	79.237
852.16	79.228
852.34	78.863
852.52	78.939
852.70	78.700
852.88	78.862
853.06	79.009
853.24	78.754
853.42	78.709
853.60	78.548
853.78	78.686
853.96	77.872
854.14	78.808
854.31	79.005
854.49	78.751
854.67	78.605
854.85	78.537
855.03	79.899
855.21	78.088
855.39	78.679
855.57	78.536
855.75	78.439
855.93	78.694
856.11	78.308
856.29	78.840
856.47	78.151
856.65	78.098
856.83	78.980
857.01	79.390
857.19	79.173
857.37	78.947
857.55	78.213
857.73	78.859
857.91	78.228
858.09	79.087
858.26	78.267
858.44	78.537
858.62	79.181
858.80	78.899
858.98	78.657
859.16	79.206
859.34	78.640
859.52	79.201
859.70	78.880
859.88	78.756
860.06	78.902
860.24	78.758
860.42	78.955
860.59	79.205
860.77	79.591
860.95	79.019
861.13	78.992
861.31	78.493
861.49	78.810
861.67	77.865
861.85	79.133
862.03	78.689
862.21	79.247
862.38	79.122
862.56	79.216
862.74	79.042
862.92	79.117
863.10	78.872
863.28	79.120
863.46	78.912
863.64	78.255
863.82	77.846
863.99	78.787
864.17	78.533
864.35	77.626
864.53	78.566
864.71	78.985
864.89	78.949
865.07	78.554
865.24	78.826
865.42	78.557
865.60	78.921
865.78	78.513
865.96	78.904
866.14	78.435
866.32	77.812
866.49	78.986
866.67	78.972
866.85	78.706
867.03	78.779
867.21	79.037
867.39	78.210
867.56	79.034
867.74	79.139
867.92	78.991
868.10	78.292
868.28	77.942
868.46	79.102
868.63	78.810
868.81	79.451
868.99	78.525
869.17	79.383
869.35	79.110
869.53	77.918
869.70	78.844
869.88	79.305
870.06	78.887
870.24	78.454
870.42	77.869
870.59	78.998
870.77	78.218
870.95	78.842
871.13	78.335
871.31	78.529
871.48	78.932
871.66	78.332
871.84	78.684
872.02	78.168
872.20	78.741
872.37	78.319
872.55	78.911
872.73	78.610
872.91	79.167
873.08	78.998
873.26	79.834
873.44	79.148
873.62	78.526
873.80	78.551
873.97	78.784
874.15	79.212
874.33	79.904
874.51	79.331
874.68	79.198
874.86	79.070
875.04	79.374
875.22	78.793
875.39	78.808
875.57	78.951
875.75	78.691
875.93	78.895
876.10	78.922
876.28	79.249
876.46	79.386
876.64	79.106
876.81	78.585
876.99	78.554
877.17	79.003
877.35	78.562
877.52	79.016
877.70	79.656
877.88	78.533
878.06	79.244
878.23	78.832
878.41	78.856
878.59	78.427
878.76	78.639
878.94	78.280
879.12	77.986
879.30	78.350
879.47	78.704
879.65	78.345
879.83	78.414
880.00	78.394
880.18	79.149
880.36	78.212
880.53	78.106
880.71	78.755
880.89	78.174
881.07	78.165
881.24	78.066
881.42	79.184
881.60	78.307
881.77	78.552
881.95	78.788
882.13	78.214
882.30	79.075
882.48	78.999
882.66	79.746
882.83	78.731
883.01	79.017
883.19	79.493
883.36	78.996
883.54	79.129
883.72	79.532
883.89	79.258
884.07	78.094
884.25	79.086
884.42	79.520
884.60	78.634
884.78	77.764
884.95	78.296
885.13	78.868
885.31	78.013
885.48	78.501
885.66	78.632
885.84	78.828
886.01	78.415
886.19	79.057
886.36	78.219
886.54	77.908
886.72	78.024
886.89	78.813
887.07	78.530
887.25	78.838
887.42	79.096
887.60	78.742
887.78	79.098
887.95	78.436
888.13	79.635
888.30	78.936
888.48	78.630
888.66	78.965
888.83	79.251
889.01	78.646
889.18	79.315
889.36	79.862
889.54	77.481
889.71	78.806
889.89	78.404
890.06	78.491
890.24	78.786
890.42	79.307
890.59	78.709
890.77	78.970
890.94	79.192
891.12	78.894
891.30	78.050
891.47	79.166
891.65	78.218
891.82	79.067
892.00	79.082
892.17	78.493
892.35	78.825
892.53	79.286
892.70	78.806
892.88	78.911
893.05	78.340
893.23	77.566
893.40	79.251
893.58	79.211
893.75	78.969
893.93	78.311
894.11	79.555
894.28	78.705
894.46	80.103
894.63	78.960
894.81	79.223
894.98	78.588
895.16	79.198
895.33	78.566
895.51	78.191
895.68	78.280
895.86	78.799
896.04	77.577
896.21	77.852
896.39	78.626
896.56	78.708
896.74	78.722
896.91	79.240
897.09	78.046
897.26	78.737
897.44	78.593
897.61	78.573
897.79	78.546
897.96	78.172
898.14	79.482
898.31	79.404
898.49	78.636
898.66	78.660
898.84	79.247
899.01	78.855
899.19	79.192
899.36	79.315
899.54	79.716
899.71	79.211
899.89	78.566
900.06	79.184
900.24	78.698
900.41	77.721
900.59	79.109
900.76	79.121
900.94	78.876
901.11	79.107
901.29	78.495
901.46	79.615
901.63	79.472
901.81	78.599
901.98	78.426
902.16	78.931
902.33	77.958
902.51	78.027
902.68	78.340
902.86	78.792
903.03	78.889
903.21	79.066
903.38	78.569
903.56	79.373
903.73	78.995
903.90	78.751
904.08	79.394
904.25	79.176
904.43	78.971
904.60	79.240
904.78	79.245
904.95	78.581
905.12	79.443
905.30	79.240
905.47	79.077
905.65	79.311
905.82	78.065
906.00	79.779
906.17	79.051
906.34	78.354
906.52	78.876
906.69	78.023
906.87	80.015
907.04	79.595
907.21	78.137
907.39	79.867
907.56	78.258
907.74	78.882
907.91	78.185
908.08	78.644
908.26	78.786
908.43	78.266
908.61	78.172
908.78	77.955
908.95	78.445
909.13	78.282
909.30	78.006
909.48	78.772
909.65	78.739
909.82	78.395
910.00	78.568
910.17	79.261
910.34	78.490
910.52	77.819
910.69	78.731
910.87	79.404
911.04	79.948
911.21	79.005
911.39	78.445
911.56	79.802
911.73	79.687
911.91	79.087
912.08	78.916
912.25	78.096
912.43	78.947
912.60	78.099
912.77	78.303
912.95	79.164
913.12	79.374
913.29	78.456
913.47	78.582
913.64	78.960
913.81	80.434
913.99	78.804
914.16	78.439
914.33	78.831
914.51	79.494
914.68	79.061
914.85	78.770
915.03	79.026
915.20	79.138
915.37	78.533
915.55	78.624
915.72	79.210
915.89	78.765
916.07	78.695
916.24	78.026
916.41	79.427
916.59	79.022
916.76	79.041
916.93	78.759
917.10	79.089
917.28	79.595
917.45	78.940
917.62	79.196
917.80	78.663
917.97	79.117
918.14	79.794
918.31	78.431
918.49	79.749
918.66	80.172
918.83	78.557
919.01	78.432
919.18	78.710
919.35	78.684
919.52	79.398
919.70	79.032
919.87	79.288
920.04	77.367
920.21	78.644
920.39	80.040
920.56	78.960
920.73	79.105
920.90	79.065
921.08	79.476
921.25	78.662
921.42	79.600
921.59	79.931
921.77	79.772
921.94	79.547
922.11	80.507
922.28	78.743
922.46	79.154
922.63	79.340
922.80	79.601
922.97	79.254
923.15	77.570
923.32	79.217
923.49	78.826
923.66	78.305
923.83	78.879
924.01	79.055
924.18	79.130
924.35	79.074
924.52	79.535
924.69	79.102
924.87	79.670
925.04	79.212
925.21	78.962
925.38	78.344
925.55	80.533
925.73	78.823
925.90	79.589
926.07	78.068
926.24	79.107
926.41	78.104
926.59	78.852
926.76	79.547
926.93	79.395
927.10	78.897
927.27	79.348
927.45	79.140
927.62	79.488
927.79	78.641
927.96	78.540
928.13	79.926
928.30	78.047
928.48	79.146
928.65	79.050
928.82	79.098
928.99	79.618
929.16	79.647
929.33	78.755
929.50	77.572
929.68	78.171
929.85	78.767
930.02	79.565
930.19	78.532
930.36	78.365
930.53	79.740
930.70	78.804
930.88	78.960
931.05	80.134
931.22	80.047
931.39	79.130
931.56	78.577
931.73	79.174
931.90	79.656
932.08	78.837
932.25	79.154
932.42	79.032
932.59	79.297
932.76	79.883
932.93	79.270
933.10	79.248
933.27	78.398
933.44	80.387
933.62	79.894
933.79	78.708
933.96	77.334
934.13	77.923
934.30	79.552
934.47	77.796
934.64	79.391
934.81	79.836
934.98	78.568
935.15	78.875
935.32	79.314
935.50	79.693
935.67	79.256
935.84	80.402
936.01	79.409
936.18	78.785
936.35	78.786
936.52	78.599
936.69	78.612
936.86	79.907
937.03	79.619
937.20	78.582
937.37	80.440
937.54	79.148
937.71	79.087
937.89	78.399
938.06	79.045
938.23	78.624
938.40	79.708
938.57	76.566
938.74	78.546
938.91	78.629
939.08	78.961
939.25	78.617
939.42	78.737
939.59	77.780
939.76	77.801
939.93	79.617
940.10	77.574
940.27	80.781
940.44	76.359
940.61	78.627
940.78	82.051
940.95	80.955
941.12	79.882
941.29	75.555
941.46	78.054
941.63	79.642
941.80	80.978
941.97	80.665
942.14	80.443
942.31	76.967
942.48	75.348
942.65	79.409
942.82	82.444
942.99	77.983
943.16	80.999
943.33	79.006
943.50	79.411
943.67	79.327
943.84	78.368
944.01	82.099
944.18	76.035
944.35	77.456
944.52	74.820
944.69	80.097
944.86	79.095
945.03	80.839
945.20	78.680
945.37	77.831
945.54	75.498
945.71	77.613
945.88	81.595
946.05	76.293
946.22	80.630
946.39	78.307
946.56	77.463
946.73	77.548
946.90	78.044
947.07	78.019
947.23	81.259
947.40	78.199
947.57	78.382
947.74	80.266
947.91	81.352
948.08	80.202
948.25	80.391
948.42	79.266
948.59	78.026
948.76	78.962
948.93	81.410
949.10	77.028
949.27	79.570
949.44	75.835
949.60	78.311
949.77	80.326
949.94	78.098
950.11	80.941
950.28	78.118
950.45	80.159
950.62	80.940
950.79	78.090
950.96	76.746
951.13	80.007
951.30	78.168
951.46	77.772
951.63	76.472
951.80	80.010
951.97	78.142
952.14	78.525
952.31	78.534
952.48	79.078
952.65	78.472
952.81	78.050
952.98	77.943
953.15	76.385
953.32	78.024
953.49	76.313
953.66	77.753
953.83	78.051
954.00	78.459
954.16	77.695
954.33	77.901
954.50	77.076
954.67	78.295
954.84	75.132
955.01	76.313
955.18	77.832
955.34	79.015
955.51	76.936
955.68	78.479
955.85	75.844
956.02	76.789
956.19	78.148
956.35	76.749
956.52	78.206
956.69	80.136
956.86	78.280
957.03	76.838
957.20	75.742
957.36	77.446
957.53	78.402
957.70	78.142
957.87	77.067
958.04	76.591
958.21	78.933
958.37	78.384
958.54	78.849
958.71	77.032
958.88	77.086
959.05	77.723
959.21	75.603
959.38	78.018
959.55	77.695
959.72	79.778
959.89	77.958
960.05	79.477
960.22	77.226
960.39	77.289
960.56	80.481
960.72	76.573
960.89	75.959
961.06	77.022
961.23	78.073
961.40	76.257
961.56	76.507
961.73	79.214
961.90	78.039
962.07	78.441
962.23	78.020
962.40	76.658
962.57	78.766
962.74	76.615
962.90	76.974
963.07	79.167
963.24	82.394
963.41	78.283
963.57	78.226
963.74	78.937
963.91	78.335
964.08	79.553
964.24	76.831
964.41	75.992
964.58	76.920
964.75	77.625
964.91	78.022
965.08	78.866
965.25	78.393
965.42	76.414
965.58	76.344
965.75	76.417
965.92	79.112
966.08	77.450
966.25	78.420
966.42	77.919
966.59	77.389
966.75	78.868
966.92	76.393
967.09	77.503
967.25	79.266
967.42	75.596
967.59	78.502
967.75	77.715
967.92	78.603
968.09	77.161
968.26	76.001
968.42	79.486
968.59	77.637
968.76	79.173
968.92	76.590
969.09	78.453
969.26	78.052
969.42	78.511
969.59	79.264
969.76	79.426
969.92	79.237
970.09	79.759
970.26	78.113
970.42	79.116
970.59	77.941
970.76	76.090
970.92	77.770
971.09	80.447
971.26	80.048
971.42	76.322
971.59	78.937
971.76	77.640
971.92	76.574
972.09	78.684
972.25	78.867
972.42	78.014
972.59	77.757
972.75	77.315
972.92	80.260
973.09	74.843
973.25	77.330
973.42	78.984
973.58	78.628
973.75	79.641
973.92	79.343
974.08	78.046
974.25	79.105
974.42	79.166
974.58	77.522
974.75	76.487
974.91	77.669
975.08	78.442
975.25	78.847
975.41	78.947
975.58	78.829
975.74	78.153
975.91	79.550
976.08	76.326
976.24	79.491
976.41	79.968
976.57	77.884
976.74	77.314
976.91	80.029
977.07	77.904
977.24	76.745
977.40	78.292
977.57	78.987
977.73	76.950
977.90	77.153
978.07	77.465
978.23	78.567
978.40	76.648
978.56	78.468
978.73	78.580
978.89	77.824
979.06	79.863
979.22	79.674
979.39	78.114
979.56	79.159
979.72	77.238
979.89	76.163
980.05	80.986
980.22	79.246
980.38	78.576
980.55	78.623
980.71	79.722
980.88	79.486
981.04	78.517
981.21	77.535
981.37	77.162
981.54	80.309
981.70	77.742
981.87	75.722
982.04	79.381
982.20	80.811
982.37	77.568
982.53	78.597
982.70	77.825
982.86	79.355
983.03	79.190
983.19	78.679
983.36	77.855
983.52	78.758
983.69	77.961
983.85	81.546
984.02	79.640
984.18	78.735
984.35	77.323
984.51	79.750
984.68	78.000
984.84	77.228
985.00	79.072
985.17	80.158
985.33	75.938
985.50	80.412
985.66	78.984
985.83	80.010
985.99	78.358
986.16	78.606
986.32	77.966
986.49	77.789
986.65	77.650
986.82	78.760
986.98	78.111
987.15	79.381
987.31	77.529
987.47	78.500
987.64	77.236
987.80	78.093
987.97	78.041
988.13	79.751
988.30	78.372
988.46	78.352
988.63	79.747
988.79	77.401
988.95	79.689
989.12	79.349
989.28	78.327
989.45	78.189
989.61	79.560
989.77	79.268
989.94	77.343
990.10	77.217
990.27	80.304
990.43	76.766
990.60	79.748
990.76	77.759
990.92	77.937
991.09	77.170
991.25	79.389
991.42	78.378
991.58	77.225
991.74	80.561
991.91	79.311
992.07	75.774
992.24	79.876
992.40	79.346
992.56	76.656
992.73	77.886
992.89	75.125
993.05	80.120
993.22	78.657
993.38	78.284
993.55	76.553
993.71	80.431
993.87	78.210
994.04	78.100
994.20	79.575
994.36	78.530
994.53	79.020
994.69	78.734
994.85	75.166
995.02	78.923
995.18	76.240
995.34	81.105
995.51	78.771
995.67	78.937
995.84	79.126
996.00	77.310
996.16	76.104
996.33	77.866
996.49	80.282
996.65	76.565
996.82	76.870
996.98	80.713
997.14	78.368
997.31	77.727
997.47	81.563
997.63	80.124
997.79	78.807
997.96	78.804
998.12	80.254
998.28	77.124
998.45	77.515
998.61	76.758
998.77	79.278
998.94	77.065
999.10	80.653
999.26	78.652
999.43	79.937
999.59	81.032
999.75	81.823
999.91	77.631
1000.08	79.881
1000.24	78.921
1000.40	81.607
1000.57	81.342
1000.73	84.394
1000.89	78.724
1001.05	80.958
1001.22	80.862
1001.38	79.934
1001.54	81.790
1001.70	78.873
1001.87	78.611
1002.03	79.963
1002.19	81.356
1002.35	79.517
1002.52	81.077
1002.68	80.005
1002.84	76.584
1003.00	80.461
1003.17	82.041
1003.33	78.360
1003.49	76.008
1003.65	78.182
1003.82	77.910
1003.98	77.685
1004.14	80.849
1004.30	76.719
1004.47	80.985
1004.63	76.169
1004.79	81.759
1004.95	75.853
1005.11	76.751
1005.28	78.431
1005.44	76.599
1005.60	78.029
1005.76	77.237
1005.93	75.512
1006.09	82.410
1006.25	82.106
1006.41	77.343
1006.57	75.577
1006.74	78.389
1006.90	77.738
1007.06	78.956
1007.22	80.762
1007.38	78.281
1007.55	80.258
1007.71	74.368
1007.87	78.177
1008.03	79.421
1008.19	80.824
1008.35	78.725
1008.52	75.124
1008.68	78.020
1008.84	77.774
1009.00	82.171
1009.16	80.193
1009.32	73.432
1009.49	78.999
1009.65	83.166
1009.81	77.387
1009.97	78.884
1010.13	78.545
1010.29	79.852
1010.46	77.009
1010.62	79.479
1010.78	81.072
1010.94	76.739
1011.10	80.034
1011.26	80.099
1011.42	79.309
1011.59	79.465
1011.75	82.199
1011.91	79.656
1012.07	81.938
1012.23	78.303
1012.39	77.509
1012.55	77.329
1012.71	76.123
1012.88	73.164
1013.04	80.866
1013.20	79.943
1013.36	78.199
1013.52	78.300
1013.68	73.977
1013.84	78.591
1014.00	80.589
1014.16	83.327
1014.33	74.507
1014.49	82.905
1014.65	80.178
1014.81	82.671
1014.97	78.273
1015.13	80.697
1015.29	74.020
1015.45	80.945
1015.61	81.926
1015.77	80.318
1015.93	77.720
1016.09	80.317
1016.26	79.858
1016.42	79.856
1016.58	79.850
1016.74	77.702
1016.90	75.895
1017.06	84.694
1017.22	77.134
1017.38	81.459
1017.54	79.638
1017.70	79.869
1017.86	78.349
1018.02	77.079
1018.18	74.302
1018.34	78.053
1018.50	80.279
1018.66	83.083
1018.82	78.367
1018.98	78.689
1019.14	81.887
1019.31	82.417
1019.47	79.307
1019.63	80.101
1019.79	78.272
1019.95	82.945
1020.11	79.466
1020.27	75.706
1020.43	77.357
1020.59	81.617
1020.75	75.142
1020.91	84.592
1021.07	77.610
1021.23	80.987
1021.39	81.572
1021.55	77.411
1021.71	75.985
1021.87	82.918
1022.03	76.923
1022.19	77.031
1022.35	80.592
1022.51	73.115
1022.67	82.932
1022.83	78.488
1022.99	73.067
1023.15	77.670
1023.31	75.978
1023.47	75.029
1023.63	82.293
1023.79	78.889
1023.95	77.126
1024.10	76.068
1024.26	75.870
1024.42	78.064
1024.58	78.302
1024.74	75.213
1024.90	72.449
1025.06	75.953
1025.22	79.259
1025.38	78.779
1025.54	86.712
1025.70	76.212
1025.86	78.905
1026.02	79.194
1026.18	75.562
1026.34	76.097
1026.50	76.232
1026.66	75.416
1026.82	79.988
1026.98	83.418
1027.13	76.092
1027.29	78.458
1027.45	80.478
1027.61	76.398
1027.77	79.898
1027.93	83.758
1028.09	79.913
1028.25	80.334
1028.41	80.373
1028.57	86.617
1028.73	81.912
1028.88	83.369
1029.04	77.659
1029.20	81.284
1029.36	84.322
1029.52	75.595
1029.68	77.987
1029.84	75.485
1030.00	73.319
1030.16	79.819
1030.32	78.018
1030.47	87.314
1030.63	80.949
1030.79	89.788
1030.95	74.943
1031.11	77.519
1031.27	86.842
1031.43	73.852
1031.59	73.508
1031.74	84.846
1031.90	80.707
1032.06	77.307
1032.22	71.889
1032.38	74.642
1032.54	78.589
1032.69	88.482
1032.85	71.694
1033.01	81.478
1033.17	85.384
1033.33	76.223
1033.49	80.637
1033.65	85.220
1033.80	80.654
1033.96	87.072
1034.12	85.350
1034.28	80.909
1034.44	80.033
1034.60	72.147
1034.75	71.880
1034.91	74.797
1035.07	89.217
1035.23	85.687
1035.39	84.000
1035.54	79.245
1035.70	83.068
1035.86	78.745
1036.02	72.169
1036.18	75.578
1036.33	75.816
1036.49	75.752
1036.65	77.191
1036.81	70.977
1036.97	79.797
1037.12	67.135
1037.28	86.177
1037.44	75.490
1037.60	79.812
1037.76	71.647
1037.91	75.768
1038.07	65.874
1038.23	93.918
1038.39	73.461
1038.54	68.300
1038.70	81.762
1038.86	65.665
1039.02	85.627
1039.17	73.980
1039.33	76.259
1039.49	73.474
1039.65	73.985
1039.80	69.900
1039.96	82.181
1040.12	64.000
1040.28	76.867
>>>>> Data<<<<< Espectral Procesado Extremo
