Fichero De Datos De SpectraSuite
++++++++++++++++++++++++++++++++++++
Fecha: Mon Jun 29 10:41:04 CST 2026
Usuario: HP
Presente Oscuro Del Espectro: Sí
La Referencia de Presente Del Espectro De: Sí
Muestreados de los componentes de Número de espectros: 1
Espectrómetros: USB4H06056
Tiempo de integración (usec): 300000 (USB4H06056)
Promedio de Espectros Hechos un: 5 (USB4H06056)
El Alisar Del Furgón: 0 (USB4H06056)
Párrafo de de Corregir del la del del de Eléctrica del obscuridad: No (USB4H06056)
Estrobo/Lámpara Permitido: No (USB4H06056)
Correct for Detector Non-linearity: No (USB4H06056)
Párrafo de de Corregir del la del del de Externa del luz: No (USB4H06056)
Procesado del espectro de Número de pixeles en: 3648
>>>>> Comienza Data<<<<< Espectral Procesado Del EL
345.09	181.818
345.30	181.818
345.52	181.818
345.74	214.118
345.95	61.538
346.17	-481.481
346.39	-274.194
346.60	-158.025
346.82	-141.667
347.04	43.023
347.25	-3.125
347.47	-329.412
347.69	-283.333
347.90	-73.333
348.12	332.653
348.34	-539.623
348.56	-1005.882
348.77	-1563.636
348.99	-337.500
349.21	231.429
349.42	263.333
349.64	-433.333
349.86	115.584
350.07	648.980
350.29	-1786.667
350.51	733.333
350.72	250.000
350.94	519.444
351.16	322.785
351.37	1685.714
351.59	250.000
351.81	197.115
352.02	219.167
352.24	250.649
352.46	334.615
352.67	223.077
352.89	130.734
353.10	48.611
353.32	195.789
353.54	193.939
353.75	110.370
353.97	185.185
354.19	244.792
354.40	208.247
354.62	397.297
354.84	142.697
355.05	140.678
355.27	-3566.667
355.49	288.618
355.70	-502.778
355.92	1606.667
356.14	215.000
356.35	172.632
356.57	306.667
356.78	14.545
357.00	184.685
357.22	138.743
357.43	147.429
357.65	182.635
357.87	183.133
358.08	271.875
358.30	176.056
358.51	153.933
358.73	157.923
358.95	377.083
359.16	306.154
359.38	190.411
359.60	447.826
359.81	-1452.632
360.03	308.571
360.24	541.935
360.46	211.034
360.68	346.429
360.89	175.893
361.11	96.350
361.33	150.655
361.54	327.027
361.76	204.902
361.97	157.317
362.19	188.514
362.41	361.111
362.62	845.455
362.84	310.204
363.05	192.045
363.27	206.504
363.49	-37.500
363.70	204.310
363.92	234.091
364.13	208.000
364.35	223.958
364.57	136.364
364.78	301.010
365.00	257.252
365.21	552.083
365.43	157.714
365.65	181.006
365.86	511.321
366.08	210.606
366.29	314.458
366.51	327.692
366.73	324.752
366.94	217.241
367.16	100.508
367.37	176.000
367.59	428.000
367.80	86.782
368.02	228.750
368.24	180.220
368.45	970.000
368.67	274.026
368.88	127.778
369.10	267.969
369.31	263.855
369.53	145.802
369.75	160.510
369.96	129.651
370.18	166.187
370.39	235.802
370.61	530.612
370.82	474.194
371.04	196.429
371.26	244.444
371.47	184.615
371.69	533.333
371.90	8000.000
372.12	159.659
372.33	327.941
372.55	194.167
372.76	-10833.333
372.98	182.301
373.20	677.419
373.41	1169.231
373.63	239.773
373.84	154.878
374.06	275.862
374.27	694.737
374.49	453.659
374.70	98.690
374.92	269.903
375.13	611.364
375.35	480.556
375.57	149.342
375.78	186.364
376.00	357.658
376.21	484.211
376.43	190.141
376.64	248.077
376.86	241.808
377.07	160.000
377.29	136.216
377.50	193.750
377.72	587.755
377.93	334.483
378.15	152.143
378.36	171.875
378.58	205.691
378.80	258.451
379.01	148.428
379.23	224.742
379.44	184.940
379.66	291.379
379.87	175.904
380.09	188.166
380.30	764.000
380.52	353.409
380.73	460.465
380.95	230.303
381.16	177.703
381.38	222.695
381.59	147.196
381.81	232.456
382.02	229.530
382.24	172.789
382.45	140.000
382.67	153.191
382.88	237.410
383.10	188.462
383.31	118.462
383.53	243.363
383.74	1116.667
383.96	268.067
384.17	310.256
384.39	165.438
384.60	126.132
384.82	335.165
385.03	152.736
385.25	227.389
385.46	170.852
385.68	315.556
385.89	415.854
386.11	215.200
386.32	221.324
386.54	290.164
386.75	160.408
386.97	238.849
387.18	241.808
387.40	140.183
387.61	215.607
387.83	178.481
388.04	590.000
388.25	174.890
388.47	136.822
388.68	121.374
388.90	197.073
389.11	188.050
389.33	197.647
389.54	176.712
389.76	4300.000
389.97	292.647
390.19	226.347
390.40	90.164
390.62	267.089
390.83	203.125
391.05	139.073
391.26	293.220
391.47	350.420
391.69	308.219
391.90	210.000
392.12	184.804
392.33	246.114
392.55	176.978
392.76	382.979
392.98	97.449
393.19	257.692
393.41	128.571
393.62	150.628
393.83	143.346
394.05	170.721
394.26	268.902
394.48	137.557
394.69	203.008
394.91	180.909
395.12	197.500
395.34	155.849
395.55	183.784
395.76	174.460
395.98	342.609
396.19	147.080
396.41	118.452
396.62	230.144
396.84	246.073
397.05	161.572
397.26	150.325
397.48	469.444
397.69	227.322
397.91	246.939
398.12	140.784
398.33	116.970
398.55	235.294
398.76	139.773
398.98	148.837
399.19	206.509
399.41	135.072
399.62	149.702
399.83	336.765
400.05	178.409
400.26	133.866
400.48	154.297
400.69	192.373
400.90	256.395
401.12	169.268
401.33	127.841
401.55	155.046
401.76	223.853
401.97	122.055
402.19	118.987
402.40	154.861
402.62	191.288
402.83	157.099
403.04	172.000
403.26	176.357
403.47	146.975
403.69	186.275
403.90	130.027
404.11	131.648
404.33	173.038
404.54	181.963
404.76	125.743
404.97	122.611
405.18	150.142
405.40	142.922
405.61	154.106
405.83	111.809
406.04	203.597
406.25	166.975
406.47	103.896
406.68	98.321
406.89	141.270
407.11	289.401
407.32	117.391
407.54	127.381
407.75	181.870
407.96	144.196
408.18	130.362
408.39	126.818
408.60	286.224
408.82	145.263
409.03	140.827
409.24	126.626
409.46	178.987
409.67	157.022
409.89	115.348
410.10	111.364
410.31	150.909
410.53	123.887
410.74	107.869
410.95	105.357
411.17	137.922
411.38	103.151
411.59	111.027
411.81	114.951
412.02	120.942
412.23	131.818
412.45	106.518
412.66	101.372
412.87	111.300
413.09	91.639
413.30	113.102
413.51	92.056
413.73	96.409
413.94	111.852
414.15	100.702
414.37	108.970
414.58	113.922
414.79	83.373
415.01	104.183
415.22	80.989
415.43	107.109
415.65	89.819
415.86	87.500
416.07	79.845
416.29	88.848
416.50	82.316
416.71	75.000
416.93	79.046
417.14	88.664
417.35	71.841
417.57	71.919
417.78	72.410
417.99	72.264
418.21	78.998
418.42	62.549
418.63	62.476
418.85	356.203
419.06	71.934
419.27	54.715
419.48	65.736
419.70	71.048
419.91	66.730
420.12	66.352
420.34	56.967
420.55	75.427
420.76	55.197
420.98	49.890
421.19	54.192
421.40	62.607
421.61	54.707
421.83	61.086
422.04	55.530
422.25	66.013
422.47	68.413
422.68	42.503
422.89	54.564
423.11	51.035
423.32	57.450
423.53	43.792
423.74	44.538
423.96	41.596
424.17	44.431
424.38	41.357
424.59	40.236
424.81	41.941
425.02	47.412
425.23	42.173
425.45	40.964
425.66	44.090
425.87	46.226
426.08	41.607
426.30	34.724
426.51	40.726
426.72	38.849
426.93	36.796
427.15	33.664
427.36	42.463
427.57	43.933
427.79	38.729
428.00	39.276
428.21	115.941
428.42	42.884
428.64	33.655
428.85	36.553
429.06	35.358
429.27	39.352
429.49	39.644
429.70	35.174
429.91	33.235
430.12	34.166
430.34	30.422
430.55	34.624
430.76	33.795
430.97	35.349
431.19	29.804
431.40	30.061
431.61	32.492
431.82	35.083
432.03	33.134
432.25	29.740
432.46	32.001
432.67	33.963
432.88	27.897
433.10	32.943
433.31	31.877
433.52	31.567
433.73	30.103
433.95	29.867
434.16	35.272
434.37	34.158
434.58	28.762
434.79	26.276
435.01	35.966
435.22	30.579
435.43	30.745
435.64	29.780
435.86	31.310
436.07	30.341
436.28	29.547
436.49	27.156
436.70	30.795
436.92	32.012
437.13	29.207
437.34	28.222
437.55	32.199
437.76	28.062
437.98	28.679
438.19	31.102
438.40	32.296
438.61	31.800
438.82	27.616
439.04	30.112
439.25	29.696
439.46	32.115
439.67	27.075
439.88	27.223
440.10	28.222
440.31	29.014
440.52	29.221
440.73	28.790
440.94	26.658
441.16	29.845
441.37	25.071
441.58	27.816
441.79	30.920
442.00	29.331
442.21	28.786
442.43	25.534
442.64	30.205
442.85	28.431
443.06	27.789
443.27	26.823
443.48	28.149
443.70	27.299
443.91	24.852
444.12	27.265
444.33	29.533
444.54	26.168
444.75	26.700
444.97	27.896
445.18	30.096
445.39	24.941
445.60	27.810
445.81	26.165
446.02	28.917
446.24	29.300
446.45	25.792
446.66	27.226
446.87	29.171
447.08	29.042
447.29	25.765
447.51	26.208
447.72	26.699
447.93	26.955
448.14	26.090
448.35	27.050
448.56	27.038
448.77	27.595
448.99	26.366
449.20	26.971
449.41	27.781
449.62	28.261
449.83	27.111
450.04	26.244
450.25	29.497
450.46	27.886
450.68	27.097
450.89	26.501
451.10	28.154
451.31	27.510
451.52	27.172
451.73	28.457
451.94	28.193
452.15	26.218
452.37	25.320
452.58	25.761
452.79	26.449
453.00	26.874
453.21	27.730
453.42	26.421
453.63	28.844
453.84	28.334
454.06	27.964
454.27	25.984
454.48	30.424
454.69	28.665
454.90	27.410
455.11	29.402
455.32	29.442
455.53	29.131
455.74	26.915
455.95	26.093
456.17	26.692
456.38	28.454
456.59	27.369
456.80	26.961
457.01	27.300
457.22	27.938
457.43	26.956
457.64	26.986
457.85	28.397
458.06	27.763
458.27	27.371
458.49	26.228
458.70	28.445
458.91	28.537
459.12	26.954
459.33	27.426
459.54	26.816
459.75	29.963
459.96	26.854
460.17	28.266
460.38	30.123
460.59	27.581
460.80	27.415
461.01	27.082
461.23	30.729
461.44	30.165
461.65	27.443
461.86	28.897
462.07	30.880
462.28	28.747
462.49	27.530
462.70	28.246
462.91	28.098
463.12	28.495
463.33	26.832
463.54	26.274
463.75	30.655
463.96	27.565
464.17	28.953
464.38	27.403
464.59	28.423
464.81	29.290
465.02	28.584
465.23	26.602
465.44	28.829
465.65	27.887
465.86	26.076
466.07	28.115
466.28	27.951
466.49	29.135
466.70	28.562
466.91	27.612
467.12	28.970
467.33	29.999
467.54	27.942
467.75	28.111
467.96	30.155
468.17	28.491
468.38	28.420
468.59	25.886
468.80	27.053
469.01	27.115
469.22	27.927
469.43	28.588
469.64	26.118
469.85	26.494
470.06	27.667
470.27	27.231
470.48	28.578
470.69	28.566
470.90	26.675
471.11	27.960
471.32	28.705
471.53	28.483
471.74	27.173
471.95	27.844
472.16	29.366
472.37	28.242
472.58	26.800
472.79	27.771
473.00	28.535
473.21	27.991
473.42	27.061
473.63	27.444
473.84	28.769
474.05	29.435
474.26	26.985
474.47	25.960
474.68	27.587
474.89	28.132
475.10	27.916
475.31	28.180
475.52	29.315
475.73	28.763
475.94	27.894
476.15	27.374
476.36	28.525
476.57	28.202
476.78	26.317
476.99	26.963
477.20	28.037
477.41	28.265
477.62	27.500
477.83	26.785
478.04	27.722
478.25	29.042
478.46	26.301
478.67	26.982
478.88	28.929
479.09	29.240
479.30	26.863
479.51	26.686
479.72	27.613
479.93	27.848
480.14	27.068
480.35	27.560
480.56	28.795
480.77	27.455
480.98	26.430
481.18	27.317
481.39	27.608
481.60	27.815
481.81	27.507
482.02	26.762
482.23	27.267
482.44	28.073
482.65	27.586
482.86	27.833
483.07	27.823
483.28	29.069
483.49	27.476
483.70	26.925
483.91	28.277
484.12	27.557
484.33	27.920
484.53	27.072
484.74	28.107
484.95	27.895
485.16	27.429
485.37	26.738
485.58	27.497
485.79	28.929
486.00	27.611
486.21	26.959
486.42	26.867
486.63	27.855
486.84	26.599
487.05	28.092
487.25	28.258
487.46	28.427
487.67	27.943
487.88	27.291
488.09	27.857
488.30	27.554
488.51	31.298
488.72	27.400
488.93	27.339
489.14	28.766
489.35	28.123
489.55	27.339
489.76	26.784
489.97	27.378
490.18	27.340
490.39	27.993
490.60	27.749
490.81	28.926
491.02	28.166
491.23	28.455
491.43	26.925
491.64	27.412
491.85	27.155
492.06	28.247
492.27	28.294
492.48	27.940
492.69	27.451
492.90	27.302
493.11	28.022
493.31	28.468
493.52	26.752
493.73	27.660
493.94	28.565
494.15	27.118
494.36	28.217
494.57	27.776
494.78	27.310
494.98	27.225
495.19	27.104
495.40	27.408
495.61	28.450
495.82	28.074
496.03	26.995
496.24	28.074
496.44	28.687
496.65	28.432
496.86	27.686
497.07	27.826
497.28	27.836
497.49	27.874
497.70	27.220
497.90	27.622
498.11	27.930
498.32	28.305
498.53	27.189
498.74	27.878
498.95	28.427
499.15	27.992
499.36	27.512
499.57	28.490
499.78	28.292
499.99	28.302
500.20	28.061
500.40	28.559
500.61	28.404
500.82	27.806
501.03	27.719
501.24	27.550
501.45	28.589
501.65	28.851
501.86	28.439
502.07	28.280
502.28	27.611
502.49	28.499
502.70	27.594
502.90	27.805
503.11	28.130
503.32	28.185
503.53	27.763
503.74	29.065
503.94	29.034
504.15	28.594
504.36	28.225
504.57	28.144
504.78	28.752
504.98	28.368
505.19	27.842
505.40	28.610
505.61	28.442
505.82	28.820
506.02	28.168
506.23	29.055
506.44	28.799
506.65	29.323
506.86	28.011
507.06	28.552
507.27	29.347
507.48	29.479
507.69	28.369
507.90	28.813
508.10	29.672
508.31	30.150
508.52	29.646
508.73	28.496
508.94	28.782
509.14	28.922
509.35	29.471
509.56	28.917
509.77	29.873
509.97	29.319
510.18	29.139
510.39	29.050
510.60	29.370
510.80	29.977
511.01	29.634
511.22	29.640
511.43	30.109
511.64	30.007
511.84	29.373
512.05	29.888
512.26	30.570
512.47	30.840
512.67	29.793
512.88	29.469
513.09	30.906
513.30	30.747
513.50	29.840
513.71	30.561
513.92	30.200
514.13	31.275
514.33	30.220
514.54	30.179
514.75	30.804
514.96	31.006
515.16	31.049
515.37	31.229
515.58	31.190
515.78	31.003
515.99	31.412
516.20	31.043
516.41	31.042
516.61	31.852
516.82	31.416
517.03	31.825
517.24	32.311
517.44	32.186
517.65	32.398
517.86	32.016
518.07	32.080
518.27	32.809
518.48	32.569
518.69	32.816
518.89	33.258
519.10	32.774
519.31	32.893
519.52	33.365
519.72	33.613
519.93	33.527
520.14	33.188
520.34	33.646
520.55	33.689
520.76	33.934
520.96	34.335
521.17	34.251
521.38	34.388
521.59	34.633
521.79	34.257
522.00	35.013
522.21	35.740
522.41	35.305
522.62	35.134
522.83	35.237
523.03	36.129
523.24	35.999
523.45	35.910
523.66	35.633
523.86	36.058
524.07	36.390
524.28	36.449
524.48	36.214
524.69	36.983
524.90	37.319
525.10	36.898
525.31	37.686
525.52	38.234
525.72	37.797
525.93	37.581
526.14	37.438
526.34	38.077
526.55	38.295
526.76	38.014
526.96	38.453
527.17	38.702
527.38	38.813
527.58	38.830
527.79	39.430
528.00	39.809
528.20	39.547
528.41	39.622
528.62	39.306
528.82	40.213
529.03	40.596
529.24	40.222
529.44	40.371
529.65	41.394
529.85	40.639
530.06	40.656
530.27	41.264
530.47	41.376
530.68	41.369
530.89	41.314
531.09	41.059
531.30	42.708
531.51	42.271
531.71	42.490
531.92	42.108
532.13	42.655
532.33	41.500
532.54	42.863
532.74	42.553
532.95	42.903
533.16	43.250
533.36	43.228
533.57	43.226
533.78	43.821
533.98	43.997
534.19	42.706
534.39	43.035
534.60	43.783
534.81	44.092
535.01	43.761
535.22	43.821
535.42	44.047
535.63	43.971
535.84	44.015
536.04	43.986
536.25	44.110
536.45	45.176
536.66	44.390
536.87	44.188
537.07	44.386
537.28	45.355
537.48	44.913
537.69	44.492
537.90	45.107
538.10	44.937
538.31	44.561
538.51	45.332
538.72	45.605
538.93	46.020
539.13	45.984
539.34	45.533
539.54	45.755
539.75	46.072
539.96	45.349
540.16	45.626
540.37	46.038
540.57	46.015
540.78	46.199
540.98	46.203
541.19	45.636
541.40	46.395
541.60	45.727
541.81	45.971
542.01	46.228
542.22	46.936
542.42	46.818
542.63	45.633
542.83	46.077
543.04	46.812
543.25	46.333
543.45	45.980
543.66	46.721
543.86	47.233
544.07	46.648
544.27	46.661
544.48	47.336
544.68	46.340
544.89	46.750
545.10	46.355
545.30	46.899
545.51	47.767
545.71	46.395
545.92	46.772
546.12	46.483
546.33	47.337
546.53	47.044
546.74	47.168
546.94	46.828
547.15	47.239
547.36	46.682
547.56	47.159
547.77	47.207
547.97	47.529
548.18	46.937
548.38	47.081
548.59	47.137
548.79	46.938
549.00	46.958
549.20	46.749
549.41	47.534
549.61	46.861
549.82	47.327
550.02	47.094
550.23	47.796
550.43	48.072
550.64	46.903
550.84	47.379
551.05	47.259
551.25	47.118
551.46	47.282
551.66	47.595
551.87	47.334
552.07	47.441
552.28	47.643
552.48	47.259
552.69	48.429
552.89	48.103
553.10	47.547
553.30	47.639
553.51	47.685
553.71	48.383
553.92	48.184
554.12	47.327
554.33	48.115
554.53	47.978
554.74	47.246
554.94	47.866
555.15	47.902
555.35	48.610
555.56	47.703
555.76	47.919
555.97	48.153
556.17	48.369
556.38	47.931
556.58	47.893
556.78	48.675
556.99	48.454
557.19	47.747
557.40	48.174
557.60	48.047
557.81	47.902
558.01	48.113
558.22	47.543
558.42	48.409
558.63	48.098
558.83	48.151
559.04	47.942
559.24	48.179
559.44	48.267
559.65	47.691
559.85	48.409
560.06	47.833
560.26	47.785
560.47	48.257
560.67	48.594
560.88	48.073
561.08	47.588
561.28	47.956
561.49	47.914
561.69	48.207
561.90	48.037
562.10	48.001
562.31	47.467
562.51	47.565
562.71	47.957
562.92	47.371
563.12	47.030
563.33	47.889
563.53	47.257
563.74	47.208
563.94	46.972
564.14	47.284
564.35	47.187
564.55	46.994
564.76	46.856
564.96	46.812
565.17	47.308
565.37	46.602
565.57	46.888
565.78	47.053
565.98	46.317
566.19	46.627
566.39	46.250
566.59	46.665
566.80	46.510
567.00	46.183
567.21	46.280
567.41	46.612
567.61	46.575
567.82	45.657
568.02	46.126
568.23	45.894
568.43	46.231
568.63	45.486
568.84	45.334
569.04	45.863
569.24	45.878
569.45	45.260
569.65	45.250
569.86	45.225
570.06	45.622
570.26	45.339
570.47	44.864
570.67	44.620
570.87	44.475
571.08	44.916
571.28	44.869
571.49	44.649
571.69	44.407
571.89	43.934
572.10	43.971
572.30	44.472
572.50	43.830
572.71	43.533
572.91	43.540
573.11	43.477
573.32	43.935
573.52	43.542
573.73	43.101
573.93	43.545
574.13	43.072
574.34	42.490
574.54	42.544
574.74	43.104
574.95	42.570
575.15	42.681
575.35	42.323
575.56	43.277
575.76	42.164
575.96	41.544
576.17	42.049
576.37	42.108
576.57	41.853
576.78	41.554
576.98	41.465
577.18	41.666
577.39	41.778
577.59	41.593
577.79	40.918
578.00	41.293
578.20	41.173
578.40	41.308
578.61	40.895
578.81	41.452
579.01	40.192
579.22	40.753
579.42	40.365
579.62	40.543
579.82	40.533
580.03	39.993
580.23	40.437
580.43	40.015
580.64	40.137
580.84	39.985
581.04	39.285
581.25	39.905
581.45	39.756
581.65	40.017
581.86	39.174
582.06	39.722
582.26	39.147
582.46	39.869
582.67	39.097
582.87	39.168
583.07	39.231
583.28	39.095
583.48	38.800
583.68	38.655
583.88	38.761
584.09	38.202
584.29	38.657
584.49	38.729
584.70	38.702
584.90	38.751
585.10	38.266
585.30	38.494
585.51	38.018
585.71	37.749
585.91	37.886
586.11	38.241
586.32	37.871
586.52	38.015
586.72	38.158
586.92	37.574
587.13	38.086
587.33	37.968
587.53	37.962
587.74	37.765
587.94	37.182
588.14	37.234
588.34	38.510
588.55	37.397
588.75	37.018
588.95	36.985
589.15	37.139
589.36	37.079
589.56	37.453
589.76	37.414
589.96	37.139
590.16	37.404
590.37	37.027
590.57	36.754
590.77	37.017
590.97	37.331
591.18	36.462
591.38	36.645
591.58	35.932
591.78	36.611
591.99	36.367
592.19	36.680
592.39	36.685
592.59	36.672
592.79	37.059
593.00	36.357
593.20	35.861
593.40	36.303
593.60	36.361
593.81	36.039
594.01	35.990
594.21	36.143
594.41	36.389
594.61	36.277
594.82	35.660
595.02	36.161
595.22	35.908
595.42	35.443
595.62	35.634
595.83	35.499
596.03	35.875
596.23	35.607
596.43	36.046
596.63	36.125
596.84	35.498
597.04	35.637
597.24	35.559
597.44	35.664
597.64	35.360
597.84	35.452
598.05	35.799
598.25	35.321
598.45	35.711
598.65	34.940
598.85	35.317
599.06	35.406
599.26	35.810
599.46	35.090
599.66	35.229
599.86	35.512
600.06	35.427
600.27	35.699
600.47	35.114
600.67	35.198
600.87	35.556
601.07	35.020
601.27	34.784
601.48	35.398
601.68	35.299
601.88	34.937
602.08	35.298
602.28	35.042
602.48	35.094
602.68	35.116
602.89	34.722
603.09	35.585
603.29	34.859
603.49	35.146
603.69	34.852
603.89	35.459
604.09	34.741
604.30	34.843
604.50	35.175
604.70	34.869
604.90	34.923
605.10	34.532
605.30	34.757
605.50	34.810
605.71	34.650
605.91	34.581
606.11	34.670
606.31	35.248
606.51	34.867
606.71	34.605
606.91	34.468
607.11	34.684
607.32	34.705
607.52	34.614
607.72	34.314
607.92	34.170
608.12	34.623
608.32	34.127
608.52	34.631
608.72	34.092
608.92	34.245
609.12	34.104
609.33	34.052
609.53	34.545
609.73	34.139
609.93	34.257
610.13	33.837
610.33	34.255
610.53	34.103
610.73	34.063
610.93	34.237
611.13	34.234
611.34	33.727
611.54	33.911
611.74	34.124
611.94	33.993
612.14	33.792
612.34	33.723
612.54	33.434
612.74	33.948
612.94	33.769
613.14	33.641
613.34	33.599
613.54	33.641
613.74	33.608
613.95	33.936
614.15	33.309
614.35	33.502
614.55	33.378
614.75	33.302
614.95	33.380
615.15	33.309
615.35	33.478
615.55	33.159
615.75	33.018
615.95	32.932
616.15	33.684
616.35	33.206
616.55	33.060
616.75	33.154
616.95	33.242
617.15	33.030
617.35	33.030
617.56	33.078
617.76	33.204
617.96	32.668
618.16	32.977
618.36	33.002
618.56	32.528
618.76	32.650
618.96	32.618
619.16	32.461
619.36	33.084
619.56	32.590
619.76	32.912
619.96	32.520
620.16	32.738
620.36	32.645
620.56	32.862
620.76	32.626
620.96	32.846
621.16	32.775
621.36	32.287
621.56	32.447
621.76	32.314
621.96	32.140
622.16	32.409
622.36	31.863
622.56	32.388
622.76	32.212
622.96	32.225
623.16	32.015
623.36	31.720
623.56	31.951
623.76	32.446
623.96	32.109
624.16	32.183
624.36	31.751
624.56	32.124
624.76	32.180
624.96	32.154
625.16	31.882
625.36	32.069
625.56	32.257
625.76	31.644
625.96	31.875
626.16	31.644
626.36	31.891
626.56	32.255
626.76	31.812
626.96	32.148
627.16	31.548
627.36	31.782
627.56	31.990
627.76	31.827
627.96	31.582
628.16	31.828
628.36	31.851
628.56	31.741
628.75	31.666
628.95	31.670
629.15	31.310
629.35	31.355
629.55	31.389
629.75	32.030
629.95	31.442
630.15	31.426
630.35	31.556
630.55	31.323
630.75	31.489
630.95	31.385
631.15	31.409
631.35	31.416
631.55	31.555
631.75	31.467
631.95	31.682
632.15	31.751
632.34	31.109
632.54	30.815
632.74	31.140
632.94	31.301
633.14	31.567
633.34	31.196
633.54	31.242
633.74	31.245
633.94	31.293
634.14	31.227
634.34	31.569
634.54	30.864
634.74	31.027
634.93	30.842
635.13	31.321
635.33	31.279
635.53	30.870
635.73	31.230
635.93	30.962
636.13	31.153
636.33	30.798
636.53	31.201
636.73	30.598
636.93	30.716
637.12	30.297
637.32	30.521
637.52	30.781
637.72	31.146
637.92	30.438
638.12	30.551
638.32	30.666
638.52	30.671
638.72	30.482
638.91	30.492
639.11	30.837
639.31	30.879
639.51	30.474
639.71	30.410
639.91	30.310
640.11	30.368
640.31	30.168
640.50	30.060
640.70	29.891
640.90	30.010
641.10	30.098
641.30	30.109
641.50	30.004
641.70	30.159
641.89	29.990
642.09	29.212
642.29	29.706
642.49	29.946
642.69	29.774
642.89	29.401
643.09	29.614
643.28	29.281
643.48	29.387
643.68	28.986
643.88	29.313
644.08	28.891
644.28	29.309
644.48	29.150
644.67	28.809
644.87	29.285
645.07	28.638
645.27	28.513
645.47	28.678
645.67	29.010
645.86	28.353
646.06	28.398
646.26	28.722
646.46	28.697
646.66	28.518
646.85	28.248
647.05	28.528
647.25	28.596
647.45	28.205
647.65	28.207
647.85	28.132
648.04	28.205
648.24	28.097
648.44	28.268
648.64	28.054
648.84	27.821
649.03	27.941
649.23	27.651
649.43	28.050
649.63	28.024
649.83	27.729
650.02	27.838
650.22	27.624
650.42	27.917
650.62	27.681
650.82	27.698
651.01	27.404
651.21	27.355
651.41	27.694
651.61	27.752
651.81	27.501
652.00	27.583
652.20	27.251
652.40	27.549
652.60	27.732
652.79	27.551
652.99	27.699
653.19	27.515
653.39	27.414
653.59	27.271
653.78	27.596
653.98	27.147
654.18	27.635
654.38	27.475
654.57	26.890
654.77	27.342
654.97	27.092
655.17	27.145
655.36	26.655
655.56	26.993
655.76	26.981
655.96	27.389
656.15	27.070
656.35	27.071
656.55	27.263
656.75	26.986
656.94	27.013
657.14	26.820
657.34	27.100
657.54	26.753
657.73	26.957
657.93	26.724
658.13	26.926
658.33	27.171
658.52	26.921
658.72	27.226
658.92	26.872
659.11	27.161
659.31	26.532
659.51	26.403
659.71	26.963
659.90	26.809
660.10	26.723
660.30	26.558
660.50	26.876
660.69	26.803
660.89	26.346
661.09	26.785
661.28	26.630
661.48	26.906
661.68	26.783
661.87	26.725
662.07	26.662
662.27	26.633
662.47	26.453
662.66	26.367
662.86	26.706
663.06	26.336
663.25	26.561
663.45	26.098
663.65	26.421
663.84	26.316
664.04	26.280
664.24	26.675
664.44	26.099
664.63	26.446
664.83	26.202
665.03	26.251
665.22	26.224
665.42	25.980
665.62	26.396
665.81	26.261
666.01	26.048
666.21	26.394
666.40	25.799
666.60	26.246
666.80	26.047
666.99	26.447
667.19	25.907
667.39	26.062
667.58	26.078
667.78	26.228
667.98	26.031
668.17	25.914
668.37	26.308
668.57	26.147
668.76	25.872
668.96	25.983
669.16	26.138
669.35	26.032
669.55	25.940
669.74	25.710
669.94	25.838
670.14	26.107
670.33	25.788
670.53	26.080
670.73	25.909
670.92	25.973
671.12	25.595
671.32	25.895
671.51	26.006
671.71	25.842
671.90	25.810
672.10	25.950
672.30	25.954
672.49	26.156
672.69	25.911
672.89	25.883
673.08	25.798
673.28	26.109
673.47	25.810
673.67	25.581
673.87	26.024
674.06	26.218
674.26	25.999
674.45	25.765
674.65	25.812
674.85	25.853
675.04	25.937
675.24	25.695
675.43	26.218
675.63	25.646
675.83	25.875
676.02	26.110
676.22	25.716
676.41	25.897
676.61	25.818
676.81	25.856
677.00	25.728
677.20	25.619
677.39	25.820
677.59	25.749
677.79	25.866
677.98	25.479
678.18	25.674
678.37	25.708
678.57	25.846
678.76	25.849
678.96	25.953
679.16	25.719
679.35	25.720
679.55	25.890
679.74	25.314
679.94	25.874
680.13	25.896
680.33	25.853
680.53	25.748
680.72	26.083
680.92	26.111
681.11	26.052
681.31	25.810
681.50	26.122
681.70	26.297
681.89	26.410
682.09	26.064
682.28	26.079
682.48	26.042
682.68	26.423
682.87	26.122
683.07	26.280
683.26	26.078
683.46	25.949
683.65	26.070
683.85	25.910
684.04	26.067
684.24	26.306
684.43	25.900
684.63	26.172
684.82	25.954
685.02	26.145
685.21	26.036
685.41	26.157
685.60	26.213
685.80	26.323
686.00	26.098
686.19	26.377
686.39	26.414
686.58	26.472
686.78	26.179
686.97	26.399
687.17	26.494
687.36	26.848
687.56	26.438
687.75	26.484
687.95	26.804
688.14	26.719
688.34	26.749
688.53	26.679
688.73	26.797
688.92	27.048
689.12	26.916
689.31	26.768
689.51	26.911
689.70	26.769
689.89	26.771
690.09	27.149
690.28	27.123
690.48	27.401
690.67	27.331
690.87	27.687
691.06	27.839
691.26	27.833
691.45	27.749
691.65	27.800
691.84	28.140
692.04	27.986
692.23	28.113
692.43	28.546
692.62	28.725
692.82	28.655
693.01	28.766
693.20	29.381
693.40	29.337
693.59	29.290
693.79	29.398
693.98	29.419
694.18	29.978
694.37	30.266
694.57	30.398
694.76	30.892
694.95	30.864
695.15	31.220
695.34	31.635
695.54	31.367
695.73	32.042
695.93	32.081
696.12	32.377
696.32	32.595
696.51	32.755
696.70	33.621
696.90	33.505
697.09	33.978
697.29	34.545
697.48	34.465
697.67	34.642
697.87	35.114
698.06	35.300
698.26	36.031
698.45	36.289
698.65	36.375
698.84	36.982
699.03	37.208
699.23	37.617
699.42	37.868
699.62	38.642
699.81	38.908
700.00	39.012
700.20	39.790
700.39	39.519
700.59	40.892
700.78	40.848
700.97	41.498
701.17	41.922
701.36	42.456
701.56	42.875
701.75	43.049
701.94	43.762
702.14	43.979
702.33	43.948
702.52	44.256
702.72	45.392
702.91	45.463
703.11	46.107
703.30	46.251
703.49	46.887
703.69	47.456
703.88	47.399
704.07	48.528
704.27	48.136
704.46	49.054
704.66	49.234
704.85	49.343
705.04	50.189
705.24	50.518
705.43	50.963
705.62	51.269
705.82	51.757
706.01	51.745
706.20	52.763
706.40	52.910
706.59	53.462
706.78	53.677
706.98	54.194
707.17	54.789
707.36	55.260
707.56	54.918
707.75	56.048
707.94	56.286
708.14	56.514
708.33	57.004
708.52	57.496
708.72	57.477
708.91	58.366
709.10	58.635
709.30	58.615
709.49	59.182
709.68	60.002
709.88	59.934
710.07	60.246
710.26	61.052
710.46	61.559
710.65	61.873
710.84	62.142
711.04	62.478
711.23	63.194
711.42	63.614
711.61	63.063
711.81	63.499
712.00	64.405
712.19	64.670
712.39	64.388
712.58	65.161
712.77	65.319
712.97	66.134
713.16	66.157
713.35	66.892
713.54	66.550
713.74	67.150
713.93	67.105
714.12	67.786
714.32	68.025
714.51	68.456
714.70	69.332
714.89	69.048
715.09	69.218
715.28	69.410
715.47	70.292
715.66	69.885
715.86	71.117
716.05	71.708
716.24	71.167
716.44	71.908
716.63	72.302
716.82	72.512
717.01	72.851
717.21	73.219
717.40	73.971
717.59	74.388
717.78	74.299
717.98	74.660
718.17	75.180
718.36	75.257
718.55	74.905
718.75	76.220
718.94	75.875
719.13	76.602
719.32	76.583
719.52	76.529
719.71	77.119
719.90	78.441
720.09	77.603
720.28	77.732
720.48	78.947
720.67	79.054
720.86	79.113
721.05	79.404
721.25	79.516
721.44	80.285
721.63	80.010
721.82	80.347
722.01	81.179
722.21	81.120
722.40	81.034
722.59	81.530
722.78	81.612
722.98	83.173
723.17	82.439
723.36	82.983
723.55	82.753
723.74	83.010
723.94	82.966
724.13	83.667
724.32	83.167
724.51	84.559
724.70	85.171
724.89	85.369
725.09	85.361
725.28	85.137
725.47	85.351
725.66	86.255
725.85	86.285
726.05	86.705
726.24	86.351
726.43	87.166
726.62	86.924
726.81	87.212
727.00	87.039
727.20	88.635
727.39	88.400
727.58	88.055
727.77	87.727
727.96	88.395
728.15	89.701
728.35	89.648
728.54	90.127
728.73	89.459
728.92	90.458
729.11	90.100
729.30	90.091
729.50	90.342
729.69	90.581
729.88	91.572
730.07	91.121
730.26	91.893
730.45	92.225
730.64	91.644
730.84	92.358
731.03	91.868
731.22	92.327
731.41	92.606
731.60	93.483
731.79	92.558
731.98	93.247
732.18	93.426
732.37	93.580
732.56	94.192
732.75	94.746
732.94	93.808
733.13	94.659
733.32	94.831
733.51	94.613
733.71	94.224
733.90	95.139
734.09	95.097
734.28	95.651
734.47	95.870
734.66	96.215
734.85	95.709
735.04	95.492
735.23	96.413
735.42	95.911
735.62	96.495
735.81	96.775
736.00	96.672
736.19	96.715
736.38	97.301
736.57	97.445
736.76	98.171
736.95	97.389
737.14	97.054
737.33	96.841
737.52	97.388
737.72	97.690
737.91	98.701
738.10	97.988
738.29	98.540
738.48	98.711
738.67	98.675
738.86	98.766
739.05	98.862
739.24	99.311
739.43	99.310
739.62	98.861
739.81	98.848
740.00	99.454
740.19	99.040
740.39	100.111
740.58	99.426
740.77	99.994
740.96	100.081
741.15	100.195
741.34	100.011
741.53	100.859
741.72	99.685
741.91	100.323
742.10	101.343
742.29	100.857
742.48	101.345
742.67	100.681
742.86	101.335
743.05	100.646
743.24	101.173
743.43	101.366
743.62	101.405
743.81	101.804
744.00	101.957
744.19	102.455
744.38	101.558
744.57	101.784
744.76	102.205
744.95	102.350
745.14	101.619
745.33	102.035
745.52	102.242
745.71	102.859
745.90	101.734
746.09	102.000
746.28	102.473
746.47	102.587
746.66	102.856
746.85	103.369
747.04	102.566
747.23	103.646
747.42	103.282
747.61	103.195
747.80	103.097
747.99	103.699
748.18	102.932
748.37	103.692
748.56	102.504
748.75	102.854
748.94	102.551
749.13	103.363
749.32	103.390
749.51	102.938
749.70	103.702
749.89	103.127
750.08	103.910
750.27	103.515
750.46	103.875
750.65	103.115
750.84	103.232
751.03	103.915
751.22	103.183
751.41	103.516
751.60	104.106
751.79	103.060
751.98	103.948
752.17	103.825
752.36	102.885
752.55	103.783
752.74	103.611
752.93	104.247
753.12	103.792
753.30	104.175
753.49	104.266
753.68	104.478
753.87	104.204
754.06	104.096
754.25	104.425
754.44	104.025
754.63	103.945
754.82	104.250
755.01	104.608
755.20	103.669
755.39	104.084
755.58	104.294
755.77	104.178
755.96	104.821
756.14	105.205
756.33	103.703
756.52	105.024
756.71	104.771
756.90	104.801
757.09	104.483
757.28	104.929
757.47	104.182
757.66	104.693
757.85	105.607
758.04	105.338
758.22	104.681
758.41	104.638
758.60	105.115
758.79	105.615
758.98	104.619
759.17	104.956
759.36	105.519
759.55	104.488
759.74	104.875
759.92	105.436
760.11	104.688
760.30	105.020
760.49	105.159
760.68	104.664
760.87	104.699
761.06	105.323
761.25	105.214
761.43	104.676
761.62	105.697
761.81	105.080
762.00	104.736
762.19	105.265
762.38	104.303
762.57	104.789
762.76	104.965
762.94	105.053
763.13	104.406
763.32	104.578
763.51	105.171
763.70	105.157
763.89	105.082
764.07	104.762
764.26	104.885
764.45	105.045
764.64	104.804
764.83	105.120
765.02	104.743
765.21	104.563
765.39	104.369
765.58	104.989
765.77	104.528
765.96	104.467
766.15	104.333
766.34	104.979
766.52	105.001
766.71	104.243
766.90	104.650
767.09	104.121
767.28	104.478
767.46	104.018
767.65	104.560
767.84	105.032
768.03	104.932
768.22	105.089
768.40	106.231
768.59	104.971
768.78	104.778
768.97	104.876
769.16	104.634
769.34	105.288
769.53	104.748
769.72	104.315
769.91	104.818
770.10	103.976
770.28	104.915
770.47	105.076
770.66	104.729
770.85	104.997
771.04	104.930
771.22	105.113
771.41	105.379
771.60	104.347
771.79	104.494
771.98	105.416
772.16	104.973
772.35	105.618
772.54	104.365
772.73	104.254
772.91	105.439
773.10	105.325
773.29	104.372
773.48	105.278
773.66	104.792
773.85	104.513
774.04	104.652
774.23	104.492
774.41	104.973
774.60	104.478
774.79	104.997
774.98	104.206
775.16	105.113
775.35	104.982
775.54	104.283
775.73	104.983
775.91	103.788
776.10	104.882
776.29	105.427
776.48	104.221
776.66	105.407
776.85	105.006
777.04	104.109
777.23	105.286
777.41	105.192
777.60	105.133
777.79	104.350
777.97	104.869
778.16	104.281
778.35	104.801
778.54	104.439
778.72	104.065
778.91	105.194
779.10	104.644
779.28	105.774
779.47	104.873
779.66	104.894
779.85	105.100
780.03	105.311
780.22	104.769
780.41	104.735
780.59	104.681
780.78	104.874
780.97	104.448
781.15	104.865
781.34	105.022
781.53	105.069
781.71	104.856
781.90	105.045
782.09	104.771
782.27	104.951
782.46	105.459
782.65	105.426
782.84	105.490
783.02	104.881
783.21	104.857
783.40	104.428
783.58	105.026
783.77	105.039
783.96	104.755
784.14	105.375
784.33	104.564
784.52	104.892
784.70	104.170
784.89	104.514
785.07	105.087
785.26	104.839
785.45	104.935
785.63	104.987
785.82	105.531
786.01	104.973
786.19	104.562
786.38	105.060
786.57	105.185
786.75	104.165
786.94	104.500
787.13	104.069
787.31	104.867
787.50	104.314
787.68	104.642
787.87	104.765
788.06	105.231
788.24	103.544
788.43	104.603
788.62	104.258
788.80	104.470
788.99	105.303
789.17	105.191
789.36	105.076
789.55	104.770
789.73	105.247
789.92	104.221
790.10	104.763
790.29	104.924
790.48	104.311
790.66	104.939
790.85	104.992
791.03	105.106
791.22	104.695
791.41	104.656
791.59	105.196
791.78	105.019
791.96	105.193
792.15	104.325
792.34	104.718
792.52	105.015
792.71	104.322
792.89	104.894
793.08	104.621
793.27	105.050
793.45	104.259
793.64	105.064
793.82	104.640
794.01	104.742
794.19	105.025
794.38	104.739
794.57	104.887
794.75	104.529
794.94	104.276
795.12	104.710
795.31	105.713
795.49	104.643
795.68	104.470
795.86	105.029
796.05	104.314
796.24	105.626
796.42	104.442
796.61	104.548
796.79	104.070
796.98	104.374
797.16	104.429
797.35	104.412
797.53	104.371
797.72	104.512
797.90	104.525
798.09	104.501
798.27	104.379
798.46	104.047
798.65	104.292
798.83	104.550
799.02	104.409
799.20	104.713
799.39	104.532
799.57	104.393
799.76	105.633
799.94	105.521
800.13	104.779
800.31	104.435
800.50	104.752
800.68	104.644
800.87	104.536
801.05	103.296
801.24	104.862
801.42	104.906
801.61	104.341
801.79	104.714
801.98	105.976
802.16	104.454
802.35	104.468
802.53	104.476
802.72	104.687
802.90	104.888
803.09	105.206
803.27	104.150
803.46	105.200
803.64	105.843
803.83	104.926
804.01	105.780
804.20	104.261
804.38	105.599
804.56	104.647
804.75	104.924
804.93	104.623
805.12	104.413
805.30	105.589
805.49	104.447
805.67	104.056
805.86	105.006
806.04	105.120
806.23	104.993
806.41	104.889
806.59	105.961
806.78	104.364
806.96	105.351
807.15	106.649
807.33	104.924
807.52	103.542
807.70	105.255
807.89	104.794
808.07	105.248
808.25	104.262
808.44	104.885
808.62	104.390
808.81	104.885
808.99	104.610
809.18	104.791
809.36	105.104
809.54	105.638
809.73	104.581
809.91	105.065
810.10	105.907
810.28	105.762
810.47	104.710
810.65	104.607
810.83	104.836
811.02	104.730
811.20	104.358
811.39	103.997
811.57	104.891
811.75	104.568
811.94	104.863
812.12	103.115
812.31	104.510
812.49	104.159
812.67	104.981
812.86	104.070
813.04	104.844
813.23	105.069
813.41	104.466
813.59	104.533
813.78	104.646
813.96	104.800
814.14	104.505
814.33	104.872
814.51	105.160
814.70	104.231
814.88	105.005
815.06	105.560
815.25	104.427
815.43	104.950
815.61	104.776
815.80	103.643
815.98	103.952
816.16	104.769
816.35	103.919
816.53	104.320
816.72	105.151
816.90	104.615
817.08	104.306
817.27	104.407
817.45	104.602
817.63	105.432
817.82	105.176
818.00	104.845
818.18	104.548
818.37	104.776
818.55	104.639
818.73	104.646
818.92	104.859
819.10	104.854
819.28	104.526
819.47	104.421
819.65	104.907
819.83	104.923
820.02	104.376
820.20	104.866
820.38	104.016
820.57	104.326
820.75	104.441
820.93	104.423
821.11	105.292
821.30	105.356
821.48	104.738
821.66	104.939
821.85	105.039
822.03	104.682
822.21	104.101
822.40	104.120
822.58	103.570
822.76	104.408
822.94	104.027
823.13	105.155
823.31	104.200
823.49	103.622
823.68	104.468
823.86	104.496
824.04	104.587
824.22	103.875
824.41	104.072
824.59	104.179
824.77	103.963
824.96	104.841
825.14	103.907
825.32	104.257
825.50	104.707
825.69	104.635
825.87	105.276
826.05	104.201
826.23	104.677
826.42	105.540
826.60	103.973
826.78	104.281
826.96	104.693
827.15	105.044
827.33	105.096
827.51	105.164
827.69	105.448
827.88	105.004
828.06	104.589
828.24	104.426
828.42	104.868
828.61	105.816
828.79	104.518
828.97	104.627
829.15	105.881
829.34	104.870
829.52	104.912
829.70	104.571
829.88	105.096
830.06	104.484
830.25	105.060
830.43	104.082
830.61	103.833
830.79	105.397
830.97	104.600
831.16	104.021
831.34	104.806
831.52	105.131
831.70	103.571
831.89	104.559
832.07	104.337
832.25	104.996
832.43	105.458
832.61	104.961
832.80	105.215
832.98	105.065
833.16	104.726
833.34	104.698
833.52	105.386
833.70	104.577
833.89	104.923
834.07	104.828
834.25	105.624
834.43	104.352
834.61	104.678
834.80	104.448
834.98	105.103
835.16	104.433
835.34	104.179
835.52	104.035
835.70	105.019
835.89	104.551
836.07	105.125
836.25	104.209
836.43	104.748
836.61	105.590
836.79	104.538
836.97	104.136
837.16	105.816
837.34	105.066
837.52	104.562
837.70	104.853
837.88	104.074
838.06	103.752
838.24	105.665
838.43	104.329
838.61	104.660
838.79	105.068
838.97	105.105
839.15	105.436
839.33	105.240
839.51	105.026
839.70	104.344
839.88	105.277
840.06	104.932
840.24	104.729
840.42	104.421
840.60	103.523
840.78	104.361
840.96	104.967
841.14	104.704
841.33	104.405
841.51	104.365
841.69	105.879
841.87	104.725
842.05	104.577
842.23	104.601
842.41	105.356
842.59	103.941
842.77	104.541
842.95	104.787
843.14	105.003
843.32	104.572
843.50	104.413
843.68	104.816
843.86	106.000
844.04	105.102
844.22	105.112
844.40	104.852
844.58	104.678
844.76	104.027
844.94	105.406
845.12	104.789
845.30	104.543
845.49	104.357
845.67	104.476
845.85	103.887
846.03	104.510
846.21	104.110
846.39	104.341
846.57	104.591
846.75	105.433
846.93	104.198
847.11	104.897
847.29	104.627
847.47	104.179
847.65	104.733
847.83	103.984
848.01	105.640
848.19	105.129
848.37	104.330
848.55	105.093
848.73	103.137
848.91	104.755
849.09	105.085
849.27	104.080
849.46	105.152
849.64	105.422
849.82	104.522
850.00	104.263
850.18	104.034
850.36	104.350
850.54	104.658
850.72	104.864
850.90	104.236
851.08	104.462
851.26	103.945
851.44	103.714
851.62	104.943
851.80	104.735
851.98	105.056
852.16	104.729
852.34	104.020
852.52	104.737
852.70	104.088
852.88	105.323
853.06	103.957
853.24	105.217
853.42	103.276
853.60	104.090
853.78	105.001
853.96	104.065
854.14	105.014
854.31	103.799
854.49	104.992
854.67	104.808
854.85	104.496
855.03	103.447
855.21	105.570
855.39	105.446
855.57	103.821
855.75	104.141
855.93	104.742
856.11	104.627
856.29	104.762
856.47	105.113
856.65	104.998
856.83	104.363
857.01	104.710
857.19	104.407
857.37	104.690
857.55	105.036
857.73	104.876
857.91	104.618
858.09	105.734
858.26	105.339
858.44	104.093
858.62	103.795
858.80	104.349
858.98	105.654
859.16	104.800
859.34	104.738
859.52	104.965
859.70	104.747
859.88	105.481
860.06	105.164
860.24	105.891
860.42	105.514
860.59	105.494
860.77	104.767
860.95	104.818
861.13	104.034
861.31	103.164
861.49	104.023
861.67	105.047
861.85	104.299
862.03	104.980
862.21	105.010
862.38	104.767
862.56	104.703
862.74	104.837
862.92	105.098
863.10	104.916
863.28	104.716
863.46	104.512
863.64	104.508
863.82	105.653
863.99	103.442
864.17	104.419
864.35	104.291
864.53	104.904
864.71	103.941
864.89	104.289
865.07	104.965
865.24	104.339
865.42	106.558
865.60	104.902
865.78	103.853
865.96	104.858
866.14	104.505
866.32	104.232
866.49	104.082
866.67	105.376
866.85	105.709
867.03	104.672
867.21	103.687
867.39	104.881
867.56	104.153
867.74	104.805
867.92	103.712
868.10	104.787
868.28	104.369
868.46	103.626
868.63	104.033
868.81	103.651
868.99	103.889
869.17	104.465
869.35	103.758
869.53	104.538
869.70	104.975
869.88	104.058
870.06	105.004
870.24	105.521
870.42	105.542
870.59	105.290
870.77	104.014
870.95	104.471
871.13	104.303
871.31	104.264
871.48	103.506
871.66	103.732
871.84	106.476
872.02	105.354
872.20	104.151
872.37	104.634
872.55	105.292
872.73	104.633
872.91	105.027
873.08	103.767
873.26	104.285
873.44	105.359
873.62	103.235
873.80	104.149
873.97	104.733
874.15	104.220
874.33	104.635
874.51	104.946
874.68	104.163
874.86	103.054
875.04	104.481
875.22	103.398
875.39	106.175
875.57	104.024
875.75	104.736
875.93	105.387
876.10	105.374
876.28	104.717
876.46	104.693
876.64	105.176
876.81	105.921
876.99	105.058
877.17	104.865
877.35	104.795
877.52	103.962
877.70	104.256
877.88	105.019
878.06	104.402
878.23	105.144
878.41	104.065
878.59	104.542
878.76	105.058
878.94	103.744
879.12	104.842
879.30	103.939
879.47	103.639
879.65	104.297
879.83	103.973
880.00	104.962
880.18	105.028
880.36	104.219
880.53	104.158
880.71	104.334
880.89	104.787
881.07	105.552
881.24	104.060
881.42	103.520
881.60	105.996
881.77	105.098
881.95	103.724
882.13	105.264
882.30	104.503
882.48	105.188
882.66	104.454
882.83	104.482
883.01	105.018
883.19	103.533
883.36	104.655
883.54	104.875
883.72	104.580
883.89	105.066
884.07	104.740
884.25	104.472
884.42	104.828
884.60	105.131
884.78	104.167
884.95	103.934
885.13	104.694
885.31	104.333
885.48	104.607
885.66	104.405
885.84	104.718
886.01	104.527
886.19	103.838
886.36	104.395
886.54	105.480
886.72	104.140
886.89	105.076
887.07	105.682
887.25	104.886
887.42	104.910
887.60	105.065
887.78	105.620
887.95	105.934
888.13	105.330
888.30	104.361
888.48	103.859
888.66	105.121
888.83	105.394
889.01	103.975
889.18	104.207
889.36	104.407
889.54	105.790
889.71	104.892
889.89	104.214
890.06	105.416
890.24	105.114
890.42	104.524
890.59	104.424
890.77	104.447
890.94	103.362
891.12	103.924
891.30	104.443
891.47	103.820
891.65	104.601
891.82	105.518
892.00	105.489
892.17	105.745
892.35	105.578
892.53	104.460
892.70	104.529
892.88	104.988
893.05	105.101
893.23	103.258
893.40	104.102
893.58	103.623
893.75	104.816
893.93	104.881
894.11	104.850
894.28	104.743
894.46	105.487
894.63	106.221
894.81	104.567
894.98	104.227
895.16	104.253
895.33	104.457
895.51	105.025
895.68	105.097
895.86	104.812
896.04	105.533
896.21	103.950
896.39	105.095
896.56	105.182
896.74	104.244
896.91	103.220
897.09	103.948
897.26	103.461
897.44	105.205
897.61	103.196
897.79	104.436
897.96	105.370
898.14	105.399
898.31	105.429
898.49	105.063
898.66	105.277
898.84	105.555
899.01	104.948
899.19	106.225
899.36	104.611
899.54	104.208
899.71	103.529
899.89	104.832
900.06	103.771
900.24	104.080
900.41	105.144
900.59	104.824
900.76	104.707
900.94	106.152
901.11	103.522
901.29	104.633
901.46	104.877
901.63	104.817
901.81	103.523
901.98	104.677
902.16	105.309
902.33	104.245
902.51	103.670
902.68	105.076
902.86	104.470
903.03	104.307
903.21	103.483
903.38	104.545
903.56	103.884
903.73	104.656
903.90	103.930
904.08	105.216
904.25	103.867
904.43	105.126
904.60	104.551
904.78	104.509
904.95	105.258
905.12	105.195
905.30	104.610
905.47	105.096
905.65	105.316
905.82	103.757
906.00	103.701
906.17	103.973
906.34	104.413
906.52	104.435
906.69	103.649
906.87	105.702
907.04	104.815
907.21	104.446
907.39	105.562
907.56	104.702
907.74	104.698
907.91	104.892
908.08	106.061
908.26	105.082
908.43	104.538
908.61	104.970
908.78	105.055
908.95	105.237
909.13	105.594
909.30	104.134
909.48	103.410
909.65	104.001
909.82	105.246
910.00	103.795
910.17	104.806
910.34	105.359
910.52	105.708
910.69	104.287
910.87	105.446
911.04	105.762
911.21	105.708
911.39	105.398
911.56	105.708
911.73	105.167
911.91	106.977
912.08	105.341
912.25	103.905
912.43	103.935
912.60	103.802
912.77	104.403
912.95	105.055
913.12	103.902
913.29	104.821
913.47	104.363
913.64	104.441
913.81	104.884
913.99	105.636
914.16	104.160
914.33	103.491
914.51	105.529
914.68	105.020
914.85	102.859
915.03	105.241
915.20	104.365
915.37	104.662
915.55	104.040
915.72	103.874
915.89	105.251
916.07	104.289
916.24	104.337
916.41	106.110
916.59	104.171
916.76	105.116
916.93	104.180
917.10	104.317
917.28	106.089
917.45	104.645
917.62	104.406
917.80	104.312
917.97	105.752
918.14	105.516
918.31	104.390
918.49	104.399
918.66	102.466
918.83	103.816
919.01	105.719
919.18	105.747
919.35	103.250
919.52	104.714
919.70	103.600
919.87	104.413
920.04	106.223
920.21	104.815
920.39	104.444
920.56	103.433
920.73	104.368
920.90	105.443
921.08	103.172
921.25	105.038
921.42	103.647
921.59	103.430
921.77	103.570
921.94	104.310
922.11	103.635
922.28	103.778
922.46	105.434
922.63	103.002
922.80	104.415
922.97	103.793
923.15	104.904
923.32	103.850
923.49	103.996
923.66	104.325
923.83	104.554
924.01	105.084
924.18	103.418
924.35	105.277
924.52	103.957
924.69	102.672
924.87	104.346
925.04	104.516
925.21	103.726
925.38	103.731
925.55	105.630
925.73	104.059
925.90	104.100
926.07	103.334
926.24	106.337
926.41	104.928
926.59	105.004
926.76	104.609
926.93	103.439
927.10	105.909
927.27	102.449
927.45	104.500
927.62	106.560
927.79	103.011
927.96	105.103
928.13	102.472
928.30	105.175
928.48	104.637
928.65	103.144
928.82	103.758
928.99	106.051
929.16	104.839
929.33	103.524
929.50	103.773
929.68	104.342
929.85	106.695
930.02	103.282
930.19	103.412
930.36	104.325
930.53	106.576
930.70	104.732
930.88	103.545
931.05	104.465
931.22	103.778
931.39	103.422
931.56	103.507
931.73	104.728
931.90	104.423
932.08	103.805
932.25	103.429
932.42	104.809
932.59	103.694
932.76	102.356
932.93	104.003
933.10	104.430
933.27	105.458
933.44	104.870
933.62	103.852
933.79	103.663
933.96	102.844
934.13	105.945
934.30	103.626
934.47	107.688
934.64	105.355
934.81	104.019
934.98	102.931
935.15	105.873
935.32	106.608
935.50	102.390
935.67	105.909
935.84	105.979
936.01	103.787
936.18	106.228
936.35	103.109
936.52	104.908
936.69	107.499
936.86	104.495
937.03	103.384
937.20	105.295
937.37	106.879
937.54	103.053
937.71	106.091
937.89	103.521
938.06	103.493
938.23	102.931
938.40	107.162
938.57	106.833
938.74	106.085
938.91	101.930
939.08	103.716
939.25	105.195
939.42	105.081
939.59	104.685
939.76	107.714
939.93	105.343
940.10	106.859
940.27	106.007
940.44	105.790
940.61	108.190
940.78	107.171
940.95	105.891
941.12	100.531
941.29	103.784
941.46	107.598
941.63	99.109
941.80	105.586
941.97	108.179
942.14	106.749
942.31	106.279
942.48	100.829
942.65	106.484
942.82	105.472
942.99	110.389
943.16	105.110
943.33	105.121
943.50	110.938
943.67	107.333
943.84	101.234
944.01	108.389
944.18	110.119
944.35	109.935
944.52	103.006
944.69	101.290
944.86	108.386
945.03	105.586
945.20	108.932
945.37	100.697
945.54	105.367
945.71	105.746
945.88	103.209
946.05	107.281
946.22	107.338
946.39	104.694
946.56	106.219
946.73	107.103
946.90	106.326
947.07	102.813
947.23	106.569
947.40	113.157
947.57	104.961
947.74	100.248
947.91	104.517
948.08	105.084
948.25	104.665
948.42	103.876
948.59	105.973
948.76	101.976
948.93	104.689
949.10	102.538
949.27	99.749
949.44	107.372
949.60	102.096
949.77	109.704
949.94	105.674
950.11	103.828
950.28	103.484
950.45	105.046
950.62	104.237
950.79	104.789
950.96	106.243
951.13	105.313
951.30	105.997
951.46	103.755
951.63	105.137
951.80	105.489
951.97	103.712
952.14	106.671
952.31	105.827
952.48	104.008
952.65	106.504
952.81	106.383
952.98	105.564
953.15	107.162
953.32	105.880
953.49	106.194
953.66	107.227
953.83	104.330
954.00	103.790
954.16	101.657
954.33	105.444
954.50	106.298
954.67	103.158
954.84	105.842
955.01	103.104
955.18	106.148
955.34	106.435
955.51	103.999
955.68	105.011
955.85	105.659
956.02	105.343
956.19	107.336
956.35	106.298
956.52	104.798
956.69	102.790
956.86	107.679
957.03	106.606
957.20	102.175
957.36	106.466
957.53	104.144
957.70	103.502
957.87	104.976
958.04	104.810
958.21	103.618
958.37	105.890
958.54	105.232
958.71	102.217
958.88	105.093
959.05	106.033
959.21	102.370
959.38	103.216
959.55	104.842
959.72	105.358
959.89	100.864
960.05	104.722
960.22	106.293
960.39	105.113
960.56	102.900
960.72	102.625
960.89	103.508
961.06	106.671
961.23	103.619
961.40	102.728
961.56	104.921
961.73	107.242
961.90	105.129
962.07	102.103
962.23	103.919
962.40	105.755
962.57	103.048
962.74	105.116
962.90	107.172
963.07	106.238
963.24	107.819
963.41	105.630
963.57	108.153
963.74	103.862
963.91	102.224
964.08	102.140
964.24	103.268
964.41	102.723
964.58	103.033
964.75	105.262
964.91	106.129
965.08	104.085
965.25	102.994
965.42	102.402
965.58	105.504
965.75	105.533
965.92	102.979
966.08	107.027
966.25	103.048
966.42	104.031
966.59	103.053
966.75	101.620
966.92	106.919
967.09	104.319
967.25	103.384
967.42	104.683
967.59	103.847
967.75	105.282
967.92	102.229
968.09	105.293
968.26	104.044
968.42	105.513
968.59	106.355
968.76	105.046
968.92	108.104
969.09	101.899
969.26	104.987
969.42	101.785
969.59	105.510
969.76	102.913
969.92	104.122
970.09	103.355
970.26	105.606
970.42	106.135
970.59	102.847
970.76	106.463
970.92	106.853
971.09	101.955
971.26	103.516
971.42	102.630
971.59	106.879
971.76	106.633
971.92	101.766
972.09	101.695
972.25	103.264
972.42	102.017
972.59	103.733
972.75	104.687
972.92	105.433
973.09	105.285
973.25	103.743
973.42	103.629
973.58	106.842
973.75	107.696
973.92	101.209
974.08	103.326
974.25	106.787
974.42	104.239
974.58	105.331
974.75	104.955
974.91	104.656
975.08	105.539
975.25	102.320
975.41	102.258
975.58	104.446
975.74	105.609
975.91	102.724
976.08	102.817
976.24	107.384
976.41	106.191
976.57	105.574
976.74	108.394
976.91	109.739
977.07	104.068
977.24	104.574
977.40	104.910
977.57	107.343
977.73	104.561
977.90	104.462
978.07	102.586
978.23	103.575
978.40	106.215
978.56	105.218
978.73	103.569
978.89	108.762
979.06	103.432
979.22	104.428
979.39	102.685
979.56	105.370
979.72	107.743
979.89	102.991
980.05	105.944
980.22	103.586
980.38	102.015
980.55	107.497
980.71	101.977
980.88	106.310
981.04	105.788
981.21	106.279
981.37	103.047
981.54	106.748
981.70	107.600
981.87	103.986
982.04	103.791
982.20	106.394
982.37	105.762
982.53	107.970
982.70	102.447
982.86	108.878
983.03	106.672
983.19	105.454
983.36	106.772
983.52	104.367
983.69	107.614
983.85	101.580
984.02	102.331
984.18	104.560
984.35	104.154
984.51	106.193
984.68	104.061
984.84	106.918
985.00	110.545
985.17	102.899
985.33	103.752
985.50	106.911
985.66	106.245
985.83	102.129
985.99	104.205
986.16	104.953
986.32	105.892
986.49	104.955
986.65	103.804
986.82	108.769
986.98	102.730
987.15	103.198
987.31	103.313
987.47	104.854
987.64	106.425
987.80	105.086
987.97	100.803
988.13	108.033
988.30	110.176
988.46	104.890
988.63	108.175
988.79	108.749
988.95	106.769
989.12	107.602
989.28	104.773
989.45	105.227
989.61	108.142
989.77	107.069
989.94	103.977
990.10	109.901
990.27	109.346
990.43	108.734
990.60	102.516
990.76	107.971
990.92	103.845
991.09	107.798
991.25	107.389
991.42	105.987
991.58	105.657
991.74	105.266
991.91	107.202
992.07	103.436
992.24	107.150
992.40	107.284
992.56	105.848
992.73	111.027
992.89	106.534
993.05	104.567
993.22	105.576
993.38	108.887
993.55	107.692
993.71	106.859
993.87	107.143
994.04	105.592
994.20	113.243
994.36	104.371
994.53	106.868
994.69	109.091
994.85	110.886
995.02	107.512
995.18	106.566
995.34	104.559
995.51	105.173
995.67	104.588
995.84	112.521
996.00	108.522
996.16	108.717
996.33	109.006
996.49	108.737
996.65	108.333
996.82	107.413
996.98	103.482
997.14	108.268
997.31	113.994
997.47	109.360
997.63	106.135
997.79	107.407
997.96	100.447
998.12	112.466
998.28	107.096
998.45	106.788
998.61	110.029
998.77	105.007
998.94	108.759
999.10	108.742
999.26	110.967
999.43	110.536
999.59	104.589
999.75	110.278
999.91	109.915
1000.08	107.636
1000.24	107.211
1000.40	105.054
1000.57	110.471
1000.73	113.278
1000.89	109.737
1001.05	110.811
1001.22	108.919
1001.38	109.318
1001.54	103.326
1001.70	112.758
1001.87	113.217
1002.03	109.653
1002.19	109.079
1002.35	107.627
1002.52	105.683
1002.68	101.646
1002.84	103.086
1003.00	105.782
1003.17	110.735
1003.33	115.393
1003.49	109.043
1003.65	110.491
1003.82	114.348
1003.98	107.606
1004.14	108.822
1004.30	108.742
1004.47	110.561
1004.63	109.846
1004.79	108.577
1004.95	108.444
1005.11	108.407
1005.28	116.969
1005.44	110.185
1005.60	110.596
1005.76	113.907
1005.93	107.402
1006.09	108.095
1006.25	107.027
1006.41	102.121
1006.57	112.340
1006.74	102.970
1006.90	107.772
1007.06	111.633
1007.22	108.108
1007.38	107.549
1007.55	108.994
1007.71	111.252
1007.87	117.309
1008.03	109.921
1008.19	110.823
1008.35	108.369
1008.52	105.364
1008.68	110.384
1008.84	112.370
1009.00	106.955
1009.16	108.168
1009.32	104.764
1009.49	104.479
1009.65	112.660
1009.81	109.738
1009.97	111.558
1010.13	109.079
1010.29	111.325
1010.46	108.945
1010.62	105.294
1010.78	110.504
1010.94	111.024
1011.10	113.225
1011.26	106.003
1011.42	110.611
1011.59	111.788
1011.75	108.648
1011.91	107.352
1012.07	119.972
1012.23	111.843
1012.39	113.369
1012.55	110.406
1012.71	108.904
1012.88	117.268
1013.04	112.609
1013.20	114.556
1013.36	109.646
1013.52	109.880
1013.68	106.778
1013.84	114.024
1014.00	111.354
1014.16	120.565
1014.33	114.555
1014.49	106.315
1014.65	113.267
1014.81	101.950
1014.97	102.151
1015.13	108.388
1015.29	107.193
1015.45	113.371
1015.61	111.867
1015.77	112.500
1015.93	112.329
1016.09	110.426
1016.26	108.994
1016.42	112.513
1016.58	107.110
1016.74	107.786
1016.90	108.360
1017.06	113.990
1017.22	110.108
1017.38	116.750
1017.54	105.277
1017.70	106.185
1017.86	114.286
1018.02	112.261
1018.18	111.856
1018.34	112.543
1018.50	117.174
1018.66	111.105
1018.82	118.072
1018.98	107.379
1019.14	115.649
1019.31	109.141
1019.47	116.615
1019.63	112.463
1019.79	110.879
1019.95	112.846
1020.11	110.520
1020.27	110.210
1020.43	118.323
1020.59	125.083
1020.75	126.802
1020.91	105.872
1021.07	117.471
1021.23	119.471
1021.39	113.070
1021.55	106.039
1021.71	110.973
1021.87	118.118
1022.03	115.702
1022.19	112.136
1022.35	109.091
1022.51	97.930
1022.67	111.497
1022.83	106.649
1022.99	113.563
1023.15	112.759
1023.31	110.350
1023.47	115.330
1023.63	114.615
1023.79	114.727
1023.95	115.230
1024.10	105.208
1024.26	119.760
1024.42	118.785
1024.58	123.845
1024.74	107.257
1024.90	107.224
1025.06	114.255
1025.22	118.370
1025.38	106.351
1025.54	114.533
1025.70	121.311
1025.86	129.868
1026.02	119.092
1026.18	111.262
1026.34	116.581
1026.50	115.444
1026.66	107.615
1026.82	116.707
1026.98	111.583
1027.13	120.203
1027.29	115.132
1027.45	115.694
1027.61	123.020
1027.77	121.071
1027.93	116.000
1028.09	119.711
1028.25	132.595
1028.41	125.887
1028.57	103.912
1028.73	116.449
1028.88	122.212
1029.04	113.322
1029.20	113.850
1029.36	114.148
1029.52	125.244
1029.68	123.961
1029.84	123.209
1030.00	121.668
1030.16	109.099
1030.32	125.800
1030.47	119.488
1030.63	117.924
1030.79	132.891
1030.95	126.264
1031.11	110.314
1031.27	115.609
1031.43	109.289
1031.59	119.412
1031.74	100.000
1031.90	111.850
1032.06	118.249
1032.22	126.326
1032.38	119.891
1032.54	122.757
1032.69	124.973
1032.85	128.696
1033.01	101.556
1033.17	107.708
1033.33	122.829
1033.49	129.663
1033.65	113.692
1033.80	120.373
1033.96	133.760
1034.12	130.011
1034.28	115.094
1034.44	116.172
1034.60	118.426
1034.75	119.669
1034.91	121.413
1035.07	121.163
1035.23	135.125
1035.39	128.511
1035.54	136.921
1035.70	130.201
1035.86	126.136
1036.02	134.911
1036.18	117.946
1036.33	105.038
1036.49	123.606
1036.65	139.433
1036.81	143.407
1036.97	127.409
1037.12	122.606
1037.28	127.473
1037.44	99.564
1037.60	122.607
1037.76	132.353
1037.91	123.843
1038.07	123.932
1038.23	131.656
1038.39	130.417
1038.54	163.411
1038.70	121.291
1038.86	135.185
1039.02	110.565
1039.17	122.886
1039.33	108.256
1039.49	111.533
1039.65	122.320
1039.80	133.012
1039.96	124.620
1040.12	111.282
1040.28	173.129
>>>>> Data<<<<< Espectral Procesado Extremo
