Fichero De Datos De SpectraSuite
++++++++++++++++++++++++++++++++++++
Fecha: Mon Jun 29 10:40:27 CST 2026
Usuario: HP
Presente Oscuro Del Espectro: Sí
La Referencia de Presente Del Espectro De: Sí
Muestreados de los componentes de Número de espectros: 1
Espectrómetros: USB4H06056
Tiempo de integración (usec): 300000 (USB4H06056)
Promedio de Espectros Hechos un: 5 (USB4H06056)
El Alisar Del Furgón: 0 (USB4H06056)
Párrafo de de Corregir del la del del de Eléctrica del obscuridad: No (USB4H06056)
Estrobo/Lámpara Permitido: No (USB4H06056)
Correct for Detector Non-linearity: No (USB4H06056)
Párrafo de de Corregir del la del del de Externa del luz: No (USB4H06056)
Procesado del espectro de Número de pixeles en: 3648
>>>>> Comienza Data<<<<< Espectral Procesado Del EL
345.09	180.519
345.30	180.519
345.52	180.519
345.74	108.235
345.95	38.462
346.17	-440.741
346.39	-506.452
346.60	-50.617
346.82	-96.212
347.04	2.326
347.25	-103.125
347.47	-155.882
347.69	-355.556
347.90	55.556
348.12	57.143
348.34	-339.623
348.56	-788.235
348.77	-1618.182
348.99	-118.750
349.21	195.429
349.42	225.000
349.64	-250.000
349.86	170.130
350.07	436.735
350.29	-1686.667
350.51	193.333
350.72	61.765
350.94	366.667
351.16	288.608
351.37	685.714
351.59	281.579
351.81	284.615
352.02	247.500
352.24	210.390
352.46	225.000
352.67	195.604
352.89	167.431
353.10	163.889
353.32	282.105
353.54	174.545
353.75	128.148
353.97	154.630
354.19	234.375
354.40	179.381
354.62	220.270
354.84	165.169
355.05	116.384
355.27	-5566.667
355.49	238.211
355.70	-541.667
355.92	893.333
356.14	169.286
356.35	244.211
356.57	160.000
356.78	30.909
357.00	90.090
357.22	83.246
357.43	108.571
357.65	195.808
357.87	149.398
358.08	173.437
358.30	115.493
358.51	240.449
358.73	136.066
358.95	159.375
359.16	193.846
359.38	265.753
359.60	408.696
359.81	-1231.579
360.03	225.714
360.24	229.032
360.46	169.655
360.68	421.429
360.89	115.179
361.11	78.832
361.33	124.891
361.54	300.000
361.76	163.725
361.97	153.659
362.19	141.892
362.41	366.667
362.62	481.818
362.84	436.735
363.05	244.318
363.27	258.537
363.49	4.167
363.70	149.138
363.92	235.227
364.13	107.333
364.35	138.542
364.57	118.831
364.78	248.485
365.00	177.863
365.21	339.583
365.43	137.143
365.65	142.458
365.86	505.660
366.08	171.212
366.29	203.614
366.51	267.692
366.73	267.327
366.94	237.931
367.16	80.203
367.37	93.714
367.59	210.667
367.80	96.552
368.02	178.750
368.24	261.538
368.45	820.000
368.67	303.896
368.88	108.333
369.10	155.469
369.31	218.072
369.53	124.427
369.75	147.771
369.96	131.395
370.18	126.619
370.39	103.704
370.61	328.571
370.82	251.613
371.04	195.238
371.26	193.827
371.47	220.192
371.69	476.190
371.90	5950.000
372.12	175.568
372.33	194.118
372.55	124.167
372.76	-4733.333
372.98	197.345
373.20	445.161
373.41	888.462
373.63	125.000
373.84	258.537
374.06	278.161
374.27	323.684
374.49	156.098
374.70	68.996
374.92	153.398
375.13	472.727
375.35	416.667
375.57	122.368
375.78	103.896
376.00	231.532
376.21	657.895
376.43	267.606
376.64	227.885
376.86	187.006
377.07	189.143
377.29	114.054
377.50	171.528
377.72	471.429
377.93	243.966
378.15	151.429
378.36	129.375
378.58	213.821
378.80	263.380
379.01	156.604
379.23	170.103
379.44	124.096
379.66	381.034
379.87	126.104
380.09	168.639
380.30	580.000
380.52	298.864
380.73	604.651
380.95	223.232
381.16	141.892
381.38	211.348
381.59	120.093
381.81	176.316
382.02	234.228
382.24	278.231
382.45	171.538
382.67	118.085
382.88	230.216
383.10	162.821
383.31	92.308
383.53	146.018
383.74	3100.000
383.96	218.487
384.17	407.692
384.39	117.512
384.60	75.958
384.82	394.505
385.03	136.318
385.25	135.032
385.46	122.422
385.68	288.889
385.89	343.902
386.11	216.800
386.32	209.559
386.54	200.820
386.75	112.245
386.97	194.964
387.18	177.401
387.40	182.192
387.61	128.902
387.83	156.329
388.04	710.000
388.25	121.586
388.47	129.845
388.68	121.756
388.90	184.878
389.11	173.585
389.33	187.647
389.54	133.790
389.76	3225.000
389.97	281.618
390.19	162.874
390.40	110.656
390.62	144.937
390.83	175.000
391.05	113.576
391.26	255.932
391.47	326.050
391.69	220.548
391.90	147.500
392.12	125.000
392.33	167.358
392.55	155.396
392.76	282.979
392.98	114.541
393.19	185.897
393.41	136.327
393.62	135.565
393.83	100.000
394.05	108.108
394.26	202.439
394.48	111.312
394.69	83.459
394.91	159.091
395.12	149.286
395.34	124.528
395.55	191.351
395.76	171.223
395.98	198.261
396.19	133.212
396.41	97.619
396.62	201.435
396.84	217.801
397.05	119.651
397.26	107.468
397.48	426.389
397.69	161.202
397.91	167.347
398.12	150.196
398.33	132.121
398.55	188.235
398.76	85.227
398.98	184.884
399.19	202.959
399.41	119.130
399.62	110.119
399.83	221.324
400.05	141.288
400.26	120.767
400.48	133.594
400.69	152.119
400.90	195.930
401.12	180.000
401.33	119.886
401.55	114.679
401.76	192.202
401.97	113.283
402.19	123.038
402.40	98.264
402.62	104.545
402.83	141.667
403.04	177.818
403.26	131.395
403.47	148.043
403.69	172.157
403.90	95.710
404.11	104.615
404.33	146.416
404.54	121.220
404.76	107.921
404.97	104.895
405.18	121.652
405.40	136.073
405.61	110.145
405.83	69.095
406.04	136.691
406.25	146.605
406.47	109.610
406.68	98.082
406.89	145.635
407.11	228.571
407.32	80.193
407.54	91.667
407.75	144.759
407.96	117.634
408.18	106.407
408.39	89.773
408.60	245.408
408.82	111.053
409.03	109.819
409.24	107.927
409.46	127.342
409.67	149.157
409.89	98.082
410.10	107.273
410.31	150.606
410.53	109.109
410.74	83.493
410.95	96.429
411.17	161.299
411.38	124.370
411.59	77.186
411.81	88.155
412.02	124.869
412.23	97.818
412.45	89.572
412.66	82.676
412.87	83.282
413.09	105.574
413.30	77.264
413.51	65.576
413.73	105.386
413.94	79.556
414.15	103.333
414.37	69.435
414.58	86.471
414.79	79.187
415.01	78.884
415.22	65.224
415.43	76.777
415.65	70.990
415.86	77.941
416.07	71.189
416.29	78.315
416.50	70.992
416.71	53.279
416.93	71.895
417.14	80.837
417.35	64.621
417.57	61.256
417.78	65.090
417.99	51.029
418.21	57.356
418.42	55.196
418.63	57.834
418.85	351.780
419.06	64.420
419.27	39.378
419.48	57.267
419.70	48.621
419.91	60.343
420.12	50.215
420.34	48.279
420.55	67.779
420.76	45.748
420.98	48.271
421.19	40.244
421.40	50.429
421.61	41.142
421.83	43.676
422.04	41.818
422.25	50.157
422.47	50.797
422.68	41.432
422.89	44.808
423.11	42.418
423.32	38.972
423.53	34.006
423.74	34.454
423.96	33.555
424.17	37.124
424.38	30.612
424.59	36.410
424.81	33.313
425.02	39.955
425.23	34.320
425.45	33.790
425.66	32.885
425.87	32.837
426.08	37.843
426.30	36.547
426.51	33.725
426.72	26.324
426.93	33.010
427.15	33.078
427.36	31.812
427.57	32.450
427.79	32.000
428.00	28.771
428.21	104.352
428.42	34.214
428.64	26.479
428.85	31.848
429.06	32.538
429.27	27.991
429.49	35.667
429.70	28.628
429.91	24.863
430.12	28.969
430.34	26.054
430.55	28.195
430.76	28.186
430.97	29.806
431.19	29.459
431.40	23.504
431.61	28.814
431.82	26.171
432.03	24.254
432.25	24.618
432.46	30.090
432.67	28.196
432.88	24.193
433.10	26.693
433.31	27.798
433.52	25.548
433.73	24.553
433.95	22.416
434.16	29.488
434.37	29.148
434.58	23.301
434.79	23.948
435.01	30.066
435.22	25.561
435.43	26.035
435.64	26.633
435.86	23.320
436.07	24.620
436.28	26.015
436.49	20.047
436.70	24.104
436.92	23.514
437.13	26.594
437.34	20.569
437.55	25.534
437.76	24.519
437.98	23.932
438.19	24.727
438.40	25.188
438.61	24.357
438.82	22.574
439.04	24.772
439.25	23.959
439.46	23.626
439.67	22.676
439.88	22.544
440.10	24.732
440.31	21.119
440.52	22.727
440.73	21.100
440.94	25.111
441.16	25.036
441.37	21.038
441.58	22.220
441.79	24.506
442.00	22.527
442.21	24.587
442.43	22.526
442.64	23.453
442.85	23.138
443.06	23.852
443.27	22.881
443.48	24.662
443.70	23.909
443.91	21.658
444.12	21.388
444.33	22.025
444.54	22.958
444.75	21.859
444.97	21.124
445.18	21.034
445.39	22.227
445.60	23.008
445.81	22.953
446.02	25.062
446.24	24.283
446.45	21.351
446.66	22.526
446.87	23.651
447.08	23.787
447.29	22.118
447.51	23.068
447.72	22.142
447.93	22.244
448.14	20.365
448.35	22.181
448.56	22.408
448.77	22.309
448.99	19.957
449.20	21.349
449.41	22.452
449.62	25.100
449.83	22.834
450.04	21.876
450.25	22.963
450.46	25.722
450.68	21.344
450.89	21.620
451.10	23.260
451.31	22.812
451.52	20.716
451.73	22.222
451.94	23.482
452.15	21.471
452.37	21.186
452.58	21.275
452.79	23.282
453.00	22.913
453.21	24.026
453.42	22.514
453.63	26.006
453.84	24.896
454.06	22.731
454.27	22.719
454.48	22.238
454.69	23.829
454.90	23.022
455.11	23.048
455.32	21.545
455.53	23.501
455.74	22.399
455.95	23.161
456.17	22.065
456.38	22.404
456.59	22.059
456.80	22.056
457.01	22.925
457.22	21.451
457.43	23.996
457.64	22.233
457.85	23.332
458.06	23.535
458.27	23.483
458.49	23.526
458.70	24.111
458.91	25.016
459.12	22.744
459.33	22.251
459.54	23.857
459.75	25.218
459.96	22.187
460.17	23.580
460.38	23.453
460.59	21.464
460.80	21.729
461.01	22.008
461.23	22.725
461.44	23.174
461.65	24.884
461.86	23.701
462.07	25.778
462.28	24.881
462.49	21.612
462.70	23.766
462.91	23.000
463.12	23.633
463.33	24.026
463.54	20.958
463.75	24.339
463.96	22.802
464.17	23.549
464.38	23.080
464.59	24.017
464.81	23.378
465.02	24.472
465.23	21.159
465.44	22.680
465.65	23.122
465.86	23.863
466.07	21.247
466.28	24.157
466.49	22.297
466.70	22.678
466.91	23.626
467.12	22.905
467.33	24.320
467.54	22.671
467.75	23.831
467.96	25.193
468.17	23.593
468.38	23.353
468.59	22.497
468.80	23.221
469.01	22.438
469.22	22.910
469.43	22.085
469.64	22.545
469.85	22.672
470.06	21.890
470.27	23.334
470.48	23.672
470.69	23.215
470.90	23.716
471.11	22.956
471.32	25.178
471.53	23.319
471.74	22.436
471.95	23.719
472.16	23.956
472.37	23.333
472.58	22.805
472.79	23.212
473.00	23.713
473.21	23.973
473.42	22.685
473.63	22.769
473.84	23.483
474.05	23.083
474.26	21.502
474.47	22.522
474.68	23.383
474.89	23.563
475.10	23.460
475.31	22.839
475.52	23.093
475.73	22.927
475.94	22.050
476.15	21.104
476.36	23.771
476.57	23.906
476.78	22.383
476.99	21.673
477.20	22.903
477.41	21.395
477.62	22.461
477.83	21.799
478.04	23.295
478.25	23.484
478.46	22.766
478.67	23.216
478.88	23.643
479.09	23.880
479.30	21.681
479.51	22.297
479.72	23.128
479.93	23.392
480.14	22.331
480.35	22.772
480.56	23.060
480.77	22.706
480.98	21.798
481.18	23.530
481.39	22.737
481.60	22.325
481.81	23.396
482.02	21.956
482.23	22.124
482.44	22.345
482.65	22.252
482.86	22.933
483.07	22.979
483.28	23.731
483.49	21.839
483.70	22.615
483.91	22.880
484.12	23.107
484.33	21.988
484.53	22.394
484.74	22.809
484.95	23.360
485.16	23.154
485.37	22.294
485.58	22.489
485.79	22.617
486.00	22.687
486.21	22.085
486.42	22.469
486.63	23.455
486.84	21.403
487.05	23.259
487.25	22.792
487.46	23.326
487.67	22.197
487.88	21.613
488.09	22.761
488.30	22.612
488.51	26.523
488.72	22.587
488.93	22.966
489.14	23.064
489.35	22.490
489.55	22.204
489.76	22.367
489.97	22.947
490.18	22.311
490.39	22.895
490.60	23.443
490.81	22.848
491.02	22.872
491.23	23.535
491.43	22.500
491.64	23.365
491.85	22.546
492.06	22.709
492.27	23.210
492.48	23.176
492.69	22.429
492.90	22.915
493.11	22.273
493.31	23.244
493.52	22.241
493.73	22.432
493.94	23.343
494.15	22.882
494.36	23.052
494.57	22.351
494.78	22.600
494.98	22.709
495.19	22.568
495.40	22.185
495.61	22.600
495.82	23.613
496.03	22.605
496.24	22.869
496.44	23.365
496.65	22.685
496.86	22.598
497.07	22.421
497.28	23.043
497.49	23.337
497.70	23.412
497.90	22.461
498.11	22.727
498.32	23.111
498.53	22.649
498.74	22.418
498.95	22.761
499.15	23.302
499.36	22.327
499.57	23.041
499.78	23.032
499.99	23.402
500.20	22.662
500.40	23.100
500.61	22.905
500.82	22.939
501.03	22.784
501.24	22.579
501.45	23.955
501.65	22.845
501.86	23.414
502.07	23.319
502.28	22.999
502.49	23.240
502.70	22.538
502.90	23.127
503.11	23.248
503.32	22.577
503.53	22.661
503.74	24.009
503.94	23.614
504.15	23.359
504.36	23.661
504.57	23.133
504.78	23.413
504.98	24.184
505.19	22.946
505.40	22.953
505.61	23.580
505.82	23.699
506.02	22.740
506.23	23.580
506.44	24.097
506.65	24.060
506.86	23.244
507.06	23.090
507.27	23.992
507.48	23.755
507.69	23.852
507.90	23.483
508.10	24.171
508.31	24.124
508.52	24.102
508.73	23.526
508.94	24.360
509.14	24.095
509.35	24.227
509.56	23.864
509.77	24.196
509.97	24.278
510.18	23.672
510.39	24.208
510.60	24.976
510.80	24.787
511.01	24.411
511.22	24.485
511.43	24.939
511.64	24.700
511.84	24.373
512.05	25.029
512.26	24.947
512.47	24.661
512.67	25.072
512.88	24.916
513.09	25.116
513.30	25.279
513.50	25.472
513.71	24.736
513.92	25.325
514.13	25.309
514.33	25.535
514.54	25.028
514.75	26.054
514.96	25.287
515.16	25.808
515.37	26.158
515.58	26.045
515.78	25.529
515.99	26.114
516.20	26.240
516.41	25.797
516.61	26.443
516.82	26.076
517.03	26.366
517.24	27.311
517.44	27.253
517.65	26.364
517.86	26.668
518.07	27.492
518.27	27.254
518.48	27.537
518.69	27.287
518.89	27.463
519.10	27.506
519.31	27.563
519.52	28.095
519.72	27.959
519.93	27.285
520.14	28.014
520.34	27.854
520.55	28.965
520.76	28.462
520.96	28.762
521.17	28.354
521.38	28.822
521.59	28.971
521.79	28.981
522.00	29.848
522.21	29.530
522.41	29.329
522.62	29.517
522.83	29.633
523.03	30.132
523.24	30.242
523.45	30.025
523.66	30.632
523.86	30.495
524.07	30.619
524.28	31.169
524.48	30.990
524.69	30.930
524.90	31.285
525.10	31.315
525.31	31.725
525.52	32.218
525.72	31.912
525.93	32.237
526.14	31.726
526.34	32.385
526.55	32.528
526.76	32.824
526.96	32.484
527.17	33.135
527.38	32.424
527.58	33.290
527.79	33.726
528.00	34.132
528.20	33.424
528.41	33.781
528.62	33.528
528.82	34.237
529.03	34.415
529.24	34.569
529.44	34.291
529.65	34.779
529.85	34.826
530.06	34.916
530.27	34.471
530.47	35.126
530.68	35.706
530.89	35.832
531.09	35.335
531.30	35.655
531.51	35.886
531.71	35.623
531.92	36.078
532.13	36.193
532.33	36.236
532.54	36.591
532.74	36.262
532.95	36.748
533.16	37.345
533.36	36.979
533.57	37.108
533.78	37.583
533.98	37.695
534.19	37.053
534.39	37.296
534.60	37.616
534.81	37.826
535.01	37.507
535.22	37.893
535.42	37.989
535.63	37.434
535.84	37.929
536.04	38.008
536.25	38.514
536.45	38.513
536.66	38.188
536.87	37.804
537.07	38.267
537.28	38.321
537.48	38.961
537.69	38.620
537.90	38.810
538.10	39.230
538.31	39.119
538.51	39.390
538.72	39.036
538.93	39.643
539.13	38.987
539.34	39.251
539.54	39.425
539.75	38.991
539.96	39.383
540.16	39.442
540.37	39.396
540.57	39.759
540.78	39.895
540.98	39.897
541.19	39.879
541.40	39.735
541.60	40.017
541.81	39.883
542.01	40.173
542.22	40.418
542.42	40.193
542.63	39.687
542.83	40.261
543.04	40.692
543.25	40.173
543.45	40.338
543.66	40.326
543.86	41.095
544.07	40.276
544.27	40.354
544.48	40.714
544.68	40.104
544.89	40.571
545.10	40.675
545.30	40.613
545.51	40.955
545.71	40.194
545.92	40.138
546.12	40.583
546.33	40.541
546.53	40.793
546.74	40.622
546.94	40.616
547.15	40.918
547.36	40.376
547.56	40.790
547.77	40.557
547.97	41.201
548.18	40.772
548.38	41.070
548.59	40.646
548.79	40.470
549.00	40.748
549.20	40.939
549.41	41.389
549.61	40.548
549.82	41.262
550.02	40.914
550.23	40.843
550.43	41.379
550.64	41.145
550.84	41.730
551.05	41.444
551.25	41.376
551.46	41.035
551.66	41.191
551.87	41.324
552.07	41.959
552.28	41.111
552.48	41.408
552.69	41.576
552.89	41.752
553.10	41.202
553.30	41.778
553.51	41.275
553.71	41.691
553.92	41.793
554.12	41.605
554.33	41.973
554.53	42.025
554.74	40.604
554.94	41.695
555.15	42.078
555.35	41.798
555.56	41.552
555.76	41.900
555.97	41.591
556.17	41.834
556.38	42.145
556.58	41.692
556.78	41.893
556.99	41.909
557.19	41.749
557.40	41.633
557.60	41.715
557.81	42.034
558.01	41.971
558.22	41.501
558.42	42.262
558.63	42.577
558.83	41.549
559.04	41.633
559.24	41.445
559.44	42.092
559.65	41.738
559.85	41.880
560.06	41.778
560.26	41.659
560.47	41.980
560.67	42.268
560.88	42.114
561.08	41.967
561.28	41.620
561.49	41.656
561.69	41.667
561.90	41.774
562.10	41.654
562.31	41.373
562.51	41.733
562.71	41.324
562.92	41.312
563.12	41.446
563.33	41.221
563.53	41.270
563.74	40.664
563.94	40.908
564.14	41.525
564.35	41.308
564.55	40.807
564.76	41.078
564.96	40.807
565.17	40.793
565.37	40.193
565.57	40.766
565.78	40.438
565.98	40.648
566.19	40.605
566.39	40.464
566.59	40.078
566.80	40.406
567.00	40.494
567.21	39.972
567.41	40.491
567.61	40.065
567.82	39.542
568.02	40.080
568.23	39.743
568.43	39.577
568.63	39.159
568.84	39.599
569.04	39.517
569.24	39.763
569.45	39.345
569.65	39.023
569.86	38.842
570.06	39.447
570.26	38.796
570.47	38.445
570.67	38.836
570.87	38.872
571.08	38.369
571.28	38.129
571.49	38.790
571.69	38.622
571.89	37.895
572.10	37.841
572.30	38.654
572.50	37.769
572.71	38.143
572.91	37.643
573.11	37.545
573.32	37.436
573.52	37.427
573.73	37.039
573.93	37.131
574.13	36.873
574.34	36.894
574.54	36.726
574.74	36.978
574.95	36.802
575.15	36.101
575.35	35.828
575.56	36.708
575.76	36.569
575.96	35.805
576.17	35.568
576.37	35.630
576.57	36.384
576.78	35.441
576.98	35.446
577.18	35.918
577.39	35.980
577.59	35.508
577.79	35.490
578.00	35.761
578.20	34.914
578.40	35.128
578.61	35.025
578.81	34.841
579.01	34.290
579.22	34.790
579.42	34.412
579.62	34.971
579.82	34.496
580.03	33.958
580.23	34.223
580.43	33.979
580.64	34.322
580.84	33.981
581.04	33.764
581.25	33.776
581.45	34.459
581.65	33.873
581.86	33.884
582.06	33.443
582.26	33.477
582.46	33.681
582.67	33.329
582.87	33.526
583.07	33.279
583.28	33.081
583.48	33.271
583.68	32.822
583.88	32.935
584.09	33.060
584.29	33.303
584.49	32.923
584.70	32.678
584.90	32.757
585.10	32.520
585.30	32.897
585.51	32.171
585.71	32.507
585.91	32.472
586.11	32.440
586.32	32.123
586.52	32.123
586.72	32.318
586.92	32.101
587.13	32.443
587.33	32.482
587.53	32.250
587.74	31.983
587.94	31.907
588.14	31.831
588.34	32.252
588.55	32.043
588.75	31.530
588.95	31.250
589.15	31.525
589.36	31.562
589.56	31.847
589.76	31.672
589.96	31.190
590.16	31.747
590.37	31.639
590.57	31.434
590.77	31.391
590.97	31.268
591.18	31.367
591.38	30.891
591.58	30.900
591.78	30.667
591.99	31.196
592.19	31.285
592.39	31.157
592.59	31.049
592.79	31.102
593.00	30.959
593.20	30.561
593.40	30.987
593.60	30.870
593.81	30.297
594.01	30.283
594.21	30.660
594.41	30.700
594.61	30.741
594.82	30.201
595.02	30.660
595.22	30.378
595.42	30.384
595.62	30.323
595.83	30.327
596.03	30.224
596.23	30.223
596.43	30.358
596.63	30.349
596.84	30.241
597.04	30.073
597.24	30.306
597.44	29.989
597.64	29.850
597.84	29.858
598.05	30.095
598.25	30.238
598.45	30.045
598.65	29.942
598.85	29.854
599.06	29.761
599.26	30.223
599.46	30.161
599.66	29.785
599.86	29.833
600.06	30.306
600.27	29.622
600.47	29.485
600.67	29.998
600.87	30.164
601.07	29.395
601.27	29.560
601.48	29.861
601.68	29.789
601.88	29.545
602.08	29.760
602.28	29.441
602.48	30.196
602.68	29.533
602.89	29.561
603.09	29.601
603.29	29.540
603.49	29.427
603.69	29.714
603.89	29.707
604.09	29.444
604.30	29.533
604.50	29.439
604.70	29.457
604.90	29.725
605.10	29.304
605.30	29.337
605.50	29.740
605.71	29.183
605.91	28.812
606.11	29.077
606.31	29.235
606.51	29.358
606.71	29.084
606.91	29.239
607.11	28.921
607.32	28.999
607.52	29.437
607.72	29.126
607.92	29.192
608.12	29.295
608.32	28.934
608.52	29.360
608.72	28.894
608.92	28.901
609.12	28.762
609.33	28.485
609.53	28.707
609.73	28.467
609.93	28.700
610.13	28.791
610.33	28.995
610.53	28.618
610.73	28.600
610.93	28.696
611.13	28.950
611.34	28.565
611.54	28.210
611.74	28.620
611.94	28.420
612.14	28.047
612.34	28.550
612.54	28.215
612.74	28.615
612.94	28.528
613.14	28.427
613.34	28.135
613.54	28.124
613.74	28.188
613.95	28.329
614.15	27.882
614.35	27.747
614.55	27.682
614.75	28.218
614.95	28.199
615.15	27.765
615.35	28.254
615.55	27.795
615.75	27.683
615.95	27.703
616.15	27.819
616.35	27.667
616.55	27.647
616.75	27.950
616.95	28.164
617.15	27.842
617.35	27.616
617.56	27.915
617.76	27.363
617.96	27.502
618.16	27.581
618.36	27.730
618.56	27.421
618.76	27.579
618.96	27.362
619.16	27.254
619.36	27.466
619.56	27.094
619.76	27.502
619.96	27.378
620.16	27.342
620.36	27.461
620.56	27.013
620.76	27.201
620.96	27.521
621.16	27.177
621.36	26.953
621.56	27.267
621.76	26.969
621.96	26.942
622.16	27.265
622.36	26.998
622.56	26.983
622.76	26.929
622.96	26.674
623.16	26.735
623.36	26.902
623.56	26.775
623.76	26.931
623.96	26.912
624.16	26.675
624.36	26.722
624.56	26.967
624.76	27.104
624.96	26.591
625.16	26.616
625.36	26.864
625.56	26.851
625.76	26.670
625.96	26.558
626.16	26.464
626.36	26.553
626.56	26.836
626.76	26.552
626.96	26.651
627.16	26.654
627.36	26.312
627.56	26.466
627.76	26.423
627.96	26.175
628.16	26.723
628.36	26.586
628.56	26.547
628.75	26.395
628.95	26.544
629.15	26.403
629.35	26.532
629.55	26.552
629.75	26.143
629.95	26.224
630.15	26.180
630.35	26.073
630.55	26.265
630.75	26.188
630.95	26.294
631.15	26.187
631.35	26.134
631.55	26.011
631.75	26.397
631.95	26.366
632.15	26.401
632.34	26.174
632.54	25.892
632.74	26.070
632.94	26.332
633.14	25.943
633.34	25.881
633.54	26.310
633.74	26.141
633.94	26.054
634.14	25.937
634.34	26.240
634.54	25.797
634.74	25.600
634.93	25.759
635.13	25.737
635.33	26.298
635.53	26.003
635.73	26.058
635.93	25.942
636.13	25.982
636.33	25.979
636.53	25.744
636.73	25.727
636.93	25.492
637.12	25.648
637.32	25.736
637.52	25.588
637.72	25.500
637.92	25.174
638.12	25.359
638.32	25.730
638.52	25.302
638.72	25.594
638.91	25.464
639.11	25.686
639.31	25.368
639.51	25.317
639.71	25.328
639.91	25.405
640.11	25.194
640.31	24.966
640.50	24.934
640.70	24.870
640.90	25.445
641.10	24.987
641.30	24.934
641.50	25.025
641.70	24.803
641.89	24.798
642.09	24.679
642.29	24.695
642.49	24.673
642.69	24.612
642.89	24.251
643.09	24.641
643.28	24.388
643.48	24.362
643.68	24.041
643.88	23.917
644.08	24.442
644.28	24.235
644.48	23.780
644.67	23.713
644.87	23.924
645.07	23.851
645.27	24.005
645.47	23.713
645.67	23.814
645.86	23.561
646.06	23.697
646.26	23.983
646.46	23.829
646.66	23.402
646.85	23.195
647.05	23.303
647.25	23.594
647.45	23.609
647.65	23.114
647.85	23.699
648.04	23.415
648.24	23.179
648.44	23.400
648.64	23.153
648.84	23.214
649.03	23.008
649.23	22.691
649.43	23.268
649.63	23.281
649.83	23.189
650.02	23.150
650.22	23.008
650.42	22.945
650.62	22.894
650.82	22.858
651.01	22.784
651.21	22.688
651.41	22.724
651.61	22.634
651.81	22.862
652.00	22.568
652.20	22.568
652.40	22.180
652.60	22.761
652.79	22.542
652.99	22.632
653.19	22.196
653.39	22.968
653.59	22.557
653.78	22.617
653.98	22.214
654.18	22.388
654.38	22.372
654.57	22.341
654.77	22.279
654.97	22.222
655.17	22.473
655.36	22.425
655.56	22.224
655.76	22.120
655.96	22.258
656.15	22.396
656.35	22.218
656.55	22.197
656.75	22.404
656.94	22.132
657.14	22.381
657.34	22.210
657.54	21.860
657.73	21.989
657.93	21.932
658.13	22.113
658.33	22.300
658.52	22.133
658.72	19.920
658.92	22.138
659.11	21.999
659.31	21.996
659.51	22.051
659.71	21.989
659.90	21.957
660.10	22.026
660.30	21.733
660.50	21.870
660.69	22.028
660.89	21.854
661.09	22.029
661.28	22.068
661.48	22.333
661.68	21.717
661.87	21.593
662.07	21.818
662.27	21.883
662.47	21.863
662.66	21.857
662.86	21.919
663.06	21.701
663.25	21.792
663.45	21.276
663.65	21.866
663.84	21.948
664.04	21.373
664.24	21.644
664.44	21.348
664.63	21.678
664.83	21.489
665.03	21.603
665.22	21.341
665.42	21.217
665.62	21.593
665.81	21.413
666.01	21.387
666.21	21.565
666.40	21.711
666.60	21.024
666.80	21.185
666.99	21.814
667.19	21.415
667.39	21.630
667.58	21.427
667.78	21.321
667.98	21.391
668.17	21.765
668.37	21.520
668.57	21.367
668.76	21.098
668.96	21.152
669.16	21.252
669.35	21.245
669.55	21.434
669.74	21.351
669.94	21.438
670.14	21.169
670.33	21.376
670.53	21.210
670.73	21.331
670.92	21.216
671.12	21.056
671.32	20.806
671.51	21.199
671.71	21.171
671.90	21.173
672.10	21.035
672.30	20.993
672.49	21.570
672.69	21.225
672.89	21.240
673.08	21.354
673.28	21.359
673.47	20.929
673.67	21.048
673.87	21.013
674.06	21.372
674.26	21.245
674.45	21.109
674.65	21.251
674.85	21.220
675.04	21.269
675.24	21.320
675.43	21.411
675.63	21.314
675.83	20.995
676.02	21.125
676.22	21.165
676.41	21.447
676.61	21.214
676.81	21.206
677.00	21.001
677.20	21.110
677.39	20.977
677.59	21.140
677.79	20.887
677.98	21.213
678.18	21.464
678.37	21.068
678.57	21.301
678.76	21.059
678.96	21.183
679.16	21.247
679.35	21.150
679.55	21.067
679.74	21.069
679.94	21.341
680.13	21.483
680.33	21.384
680.53	21.184
680.72	21.369
680.92	21.361
681.11	21.386
681.31	21.113
681.50	21.150
681.70	21.414
681.89	21.560
682.09	21.413
682.28	21.213
682.48	21.501
682.68	21.786
682.87	21.206
683.07	21.489
683.26	21.386
683.46	21.077
683.65	21.121
683.85	21.327
684.04	21.241
684.24	21.632
684.43	21.717
684.63	21.327
684.82	21.307
685.02	21.341
685.21	21.399
685.41	21.638
685.60	21.490
685.80	21.689
686.00	21.667
686.19	21.532
686.39	21.951
686.58	21.801
686.78	21.761
686.97	21.461
687.17	21.787
687.36	21.969
687.56	21.751
687.75	21.778
687.95	21.802
688.14	22.165
688.34	22.073
688.53	21.718
688.73	21.935
688.92	22.184
689.12	21.951
689.31	22.157
689.51	22.289
689.70	22.021
689.89	22.250
690.09	22.388
690.28	22.575
690.48	22.547
690.67	22.649
690.87	22.802
691.06	23.015
691.26	22.593
691.45	23.081
691.65	22.978
691.84	23.038
692.04	23.316
692.23	23.718
692.43	23.670
692.62	23.896
692.82	23.673
693.01	24.219
693.20	23.902
693.40	24.485
693.59	24.592
693.79	24.463
693.98	24.743
694.18	25.250
694.37	25.192
694.57	25.404
694.76	25.562
694.95	25.705
695.15	26.396
695.34	26.166
695.54	26.449
695.73	26.692
695.93	27.245
696.12	27.379
696.32	27.377
696.51	27.832
696.70	28.267
696.90	28.565
697.09	28.472
697.29	29.077
697.48	29.236
697.67	29.656
697.87	30.253
698.06	30.195
698.26	31.114
698.45	30.824
698.65	31.350
698.84	32.016
699.03	32.325
699.23	32.278
699.42	32.703
699.62	33.197
699.81	34.120
700.00	33.763
700.20	34.291
700.39	34.745
700.59	35.243
700.78	35.526
700.97	35.552
701.17	36.415
701.36	36.671
701.56	37.496
701.75	37.714
701.94	38.193
702.14	38.380
702.33	38.771
702.52	39.035
702.72	39.703
702.91	40.183
703.11	40.042
703.30	40.401
703.49	41.162
703.69	41.442
703.88	42.240
704.07	42.736
704.27	43.058
704.46	43.773
704.66	43.503
704.85	44.028
705.04	44.627
705.24	45.145
705.43	45.460
705.62	45.633
705.82	46.251
706.01	46.563
706.20	47.073
706.40	47.278
706.59	48.003
706.78	48.368
706.98	48.550
707.17	48.944
707.36	49.783
707.56	49.722
707.75	50.258
707.94	50.811
708.14	51.054
708.33	51.336
708.52	51.991
708.72	51.940
708.91	52.811
709.10	52.925
709.30	53.419
709.49	53.665
709.68	54.229
709.88	54.172
710.07	54.779
710.26	55.484
710.46	55.548
710.65	56.198
710.84	56.670
711.04	56.570
711.23	57.063
711.42	57.679
711.61	57.655
711.81	57.726
712.00	58.543
712.19	58.891
712.39	58.893
712.58	59.086
712.77	59.924
712.97	60.074
713.16	60.202
713.35	61.137
713.54	61.055
713.74	61.295
713.93	61.852
714.12	61.764
714.32	62.270
714.51	62.831
714.70	63.154
714.89	63.299
715.09	63.815
715.28	64.230
715.47	64.696
715.66	64.407
715.86	65.083
716.05	65.392
716.24	65.487
716.44	66.449
716.63	66.748
716.82	66.945
717.01	67.133
717.21	66.821
717.40	67.656
717.59	67.989
717.78	68.139
717.98	68.705
718.17	68.843
718.36	69.214
718.55	69.675
718.75	70.026
718.94	69.809
719.13	70.844
719.32	70.394
719.52	71.155
719.71	72.059
719.90	72.424
720.09	71.716
720.28	72.240
720.48	72.462
720.67	72.883
720.86	73.083
721.05	73.920
721.25	73.215
721.44	74.236
721.63	74.104
721.82	74.688
722.01	74.393
722.21	75.155
722.40	74.833
722.59	75.821
722.78	75.933
722.98	76.220
723.17	76.411
723.36	77.034
723.55	76.733
723.74	77.487
723.94	77.312
724.13	77.690
724.32	77.661
724.51	78.300
724.70	78.650
724.89	79.346
725.09	79.119
725.28	78.930
725.47	78.986
725.66	80.491
725.85	79.830
726.05	80.776
726.24	80.595
726.43	80.437
726.62	80.981
726.81	80.970
727.00	81.489
727.20	82.463
727.39	82.104
727.58	82.232
727.77	82.008
727.96	83.051
728.15	83.083
728.35	83.383
728.54	83.473
728.73	83.770
728.92	84.322
729.11	84.269
729.30	84.077
729.50	84.193
729.69	84.376
729.88	84.999
730.07	85.429
730.26	86.143
730.45	85.970
730.64	85.855
730.84	86.361
731.03	85.881
731.22	86.464
731.41	86.619
731.60	86.824
731.79	87.114
731.98	87.447
732.18	87.435
732.37	87.906
732.56	88.046
732.75	87.664
732.94	87.811
733.13	88.684
733.32	88.686
733.51	88.774
733.71	88.772
733.90	89.561
734.09	89.202
734.28	89.554
734.47	90.082
734.66	89.853
734.85	90.173
735.04	89.826
735.23	90.044
735.42	89.879
735.62	90.214
735.81	91.300
736.00	91.571
736.19	90.883
736.38	92.116
736.57	91.419
736.76	91.668
736.95	91.623
737.14	90.965
737.33	91.171
737.52	92.267
737.72	91.704
737.91	92.411
738.10	92.295
738.29	92.852
738.48	92.715
738.67	92.877
738.86	92.424
739.05	92.894
739.24	92.828
739.43	93.573
739.62	93.267
739.81	92.733
740.00	93.372
740.19	93.158
740.39	94.076
740.58	93.922
740.77	93.987
740.96	94.113
741.15	94.141
741.34	94.406
741.53	94.605
741.72	93.753
741.91	95.253
742.10	94.825
742.29	95.433
742.48	94.977
742.67	94.690
742.86	95.130
743.05	94.987
743.24	95.122
743.43	95.045
743.62	95.429
743.81	95.669
744.00	95.630
744.19	96.277
744.38	95.847
744.57	95.897
744.76	95.666
744.95	96.136
745.14	95.755
745.33	96.281
745.52	96.309
745.71	96.803
745.90	96.236
746.09	96.009
746.28	96.262
746.47	96.399
746.66	96.515
746.85	96.954
747.04	96.286
747.23	97.049
747.42	96.903
747.61	96.774
747.80	96.685
747.99	97.050
748.18	96.962
748.37	97.388
748.56	96.256
748.75	96.847
748.94	96.690
749.13	97.166
749.32	97.612
749.51	96.942
749.70	97.483
749.89	97.009
750.08	97.472
750.27	97.778
750.46	97.464
750.65	97.129
750.84	97.309
751.03	97.256
751.22	97.380
751.41	97.469
751.60	98.348
751.79	97.106
751.98	98.223
752.17	98.432
752.36	97.385
752.55	98.145
752.74	98.065
752.93	97.963
753.12	97.676
753.30	98.521
753.49	98.773
753.68	97.930
753.87	97.752
754.06	98.041
754.25	98.444
754.44	98.659
754.63	98.173
754.82	98.620
755.01	99.101
755.20	98.823
755.39	98.384
755.58	98.598
755.77	98.785
755.96	98.164
756.14	99.625
756.33	98.370
756.52	98.605
756.71	98.261
756.90	98.271
757.09	99.318
757.28	98.586
757.47	97.676
757.66	98.499
757.85	98.763
758.04	98.320
758.22	98.806
758.41	98.392
758.60	98.758
758.79	99.232
758.98	98.671
759.17	99.672
759.36	99.093
759.55	98.414
759.74	99.088
759.92	99.486
760.11	99.112
760.30	98.984
760.49	99.505
760.68	98.697
760.87	98.199
761.06	99.564
761.25	99.024
761.43	98.772
761.62	99.673
761.81	98.779
762.00	99.190
762.19	98.955
762.38	98.239
762.57	99.286
762.76	99.301
762.94	98.835
763.13	98.988
763.32	98.877
763.51	98.688
763.70	99.191
763.89	98.645
764.07	98.524
764.26	99.174
764.45	99.342
764.64	98.968
764.83	98.812
765.02	98.989
765.21	98.126
765.39	98.790
765.58	99.067
765.77	98.179
765.96	98.749
766.15	98.648
766.34	98.393
766.52	99.269
766.71	98.823
766.90	99.399
767.09	99.198
767.28	99.206
767.46	99.192
767.65	98.644
767.84	99.118
768.03	99.660
768.22	98.411
768.40	99.315
768.59	99.278
768.78	99.099
768.97	98.978
769.16	98.845
769.34	99.055
769.53	98.508
769.72	98.844
769.91	98.769
770.10	98.992
770.28	99.199
770.47	99.206
770.66	99.174
770.85	99.372
771.04	98.941
771.22	98.845
771.41	99.680
771.60	98.521
771.79	98.653
771.98	98.686
772.16	98.862
772.35	99.519
772.54	98.634
772.73	98.664
772.91	98.997
773.10	99.440
773.29	98.478
773.48	99.436
773.66	98.791
773.85	99.260
774.04	98.729
774.23	99.488
774.41	99.471
774.60	99.451
774.79	99.264
774.98	98.968
775.16	99.381
775.35	99.264
775.54	98.788
775.73	99.312
775.91	98.576
776.10	99.042
776.29	98.946
776.48	98.189
776.66	99.798
776.85	98.959
777.04	98.282
777.23	99.706
777.41	98.853
777.60	99.970
777.79	98.696
777.97	98.936
778.16	98.963
778.35	98.460
778.54	98.871
778.72	99.071
778.91	99.141
779.10	98.787
779.28	99.614
779.47	98.833
779.66	98.888
779.85	98.807
780.03	98.918
780.22	98.607
780.41	99.236
780.59	98.935
780.78	99.008
780.97	98.945
781.15	99.275
781.34	98.789
781.53	99.186
781.71	98.877
781.90	98.654
782.09	99.368
782.27	99.345
782.46	99.977
782.65	99.107
782.84	99.234
783.02	98.930
783.21	98.948
783.40	99.206
783.58	98.917
783.77	99.171
783.96	99.295
784.14	99.362
784.33	98.693
784.52	99.298
784.70	98.849
784.89	98.568
785.07	99.119
785.26	98.712
785.45	98.341
785.63	99.639
785.82	99.117
786.01	99.505
786.19	98.331
786.38	99.252
786.57	98.575
786.75	99.304
786.94	98.678
787.13	98.781
787.31	99.430
787.50	98.416
787.68	99.165
787.87	98.841
788.06	99.701
788.24	98.084
788.43	99.298
788.62	98.899
788.80	98.701
788.99	99.600
789.17	98.914
789.36	99.156
789.55	99.130
789.73	99.320
789.92	98.194
790.10	98.410
790.29	99.146
790.48	98.772
790.66	99.390
790.85	99.287
791.03	99.549
791.22	99.033
791.41	98.719
791.59	99.377
791.78	99.133
791.96	98.852
792.15	98.755
792.34	98.883
792.52	99.011
792.71	98.650
792.89	99.369
793.08	99.566
793.27	98.542
793.45	98.864
793.64	98.427
793.82	98.421
794.01	99.028
794.19	98.907
794.38	98.758
794.57	98.462
794.75	99.440
794.94	98.749
795.12	98.990
795.31	99.003
795.49	98.665
795.68	98.582
795.86	98.837
796.05	98.582
796.24	99.559
796.42	98.602
796.61	98.506
796.79	98.242
796.98	98.503
797.16	98.693
797.35	98.680
797.53	99.082
797.72	99.159
797.90	99.089
798.09	98.293
798.27	97.814
798.46	98.271
798.65	98.673
798.83	98.838
799.02	99.076
799.20	98.854
799.39	98.424
799.57	98.459
799.76	98.732
799.94	99.125
800.13	99.071
800.31	98.294
800.50	98.414
800.68	98.443
800.87	98.966
801.05	98.385
801.24	98.721
801.42	98.169
801.61	98.703
801.79	99.198
801.98	99.013
802.16	98.763
802.35	98.969
802.53	99.481
802.72	98.683
802.90	98.788
803.09	99.418
803.27	98.455
803.46	98.914
803.64	99.584
803.83	99.037
804.01	98.746
804.20	98.310
804.38	99.389
804.56	99.159
804.75	99.478
804.93	98.619
805.12	98.296
805.30	99.610
805.49	99.054
805.67	98.613
805.86	98.822
806.04	98.859
806.23	99.860
806.41	99.142
806.59	99.742
806.78	99.244
806.96	99.592
807.15	99.192
807.33	98.597
807.52	98.500
807.70	99.408
807.89	98.680
808.07	98.932
808.25	98.735
808.44	98.691
808.62	98.595
808.81	98.483
808.99	97.933
809.18	99.339
809.36	98.356
809.54	99.507
809.73	98.799
809.91	99.581
810.10	99.430
810.28	99.578
810.47	99.192
810.65	98.557
810.83	98.622
811.02	99.137
811.20	98.436
811.39	98.352
811.57	98.410
811.75	99.009
811.94	98.619
812.12	98.368
812.31	98.696
812.49	98.507
812.67	98.444
812.86	98.706
813.04	99.486
813.23	98.876
813.41	98.968
813.59	98.798
813.78	99.151
813.96	99.118
814.14	99.050
814.33	99.211
814.51	98.456
814.70	98.403
814.88	98.801
815.06	99.677
815.25	98.557
815.43	98.970
815.61	99.027
815.80	97.835
815.98	97.976
816.16	98.609
816.35	98.356
816.53	98.340
816.72	98.586
816.90	99.341
817.08	99.284
817.27	98.859
817.45	98.220
817.63	99.372
817.82	98.212
818.00	98.691
818.18	99.090
818.37	98.357
818.55	98.938
818.73	98.927
818.92	98.323
819.10	98.940
819.28	98.748
819.47	98.392
819.65	98.687
819.83	98.754
820.02	98.958
820.20	98.997
820.38	98.899
820.57	99.108
820.75	99.228
820.93	98.621
821.11	98.429
821.30	99.370
821.48	99.288
821.66	99.170
821.85	99.287
822.03	98.698
822.21	98.939
822.40	98.432
822.58	97.930
822.76	99.134
822.94	98.307
823.13	99.445
823.31	98.760
823.49	98.827
823.68	99.553
823.86	98.673
824.04	98.482
824.22	98.833
824.41	98.103
824.59	98.568
824.77	98.000
824.96	99.381
825.14	98.201
825.32	99.206
825.50	98.740
825.69	99.103
825.87	99.232
826.05	98.574
826.23	98.898
826.42	98.405
826.60	98.527
826.78	98.664
826.96	98.587
827.15	99.369
827.33	99.017
827.51	98.939
827.69	99.592
827.88	99.179
828.06	98.963
828.24	99.548
828.42	99.231
828.61	99.766
828.79	98.147
828.97	98.403
829.15	99.432
829.34	99.649
829.52	99.375
829.70	98.573
829.88	98.889
830.06	99.246
830.25	98.744
830.43	98.131
830.61	98.690
830.79	99.049
830.97	98.678
831.16	98.397
831.34	98.755
831.52	99.126
831.70	98.441
831.89	98.450
832.07	99.279
832.25	99.458
832.43	98.935
832.61	99.278
832.80	99.304
832.98	99.255
833.16	99.319
833.34	98.692
833.52	98.757
833.70	98.550
833.89	98.726
834.07	99.071
834.25	99.659
834.43	99.709
834.61	98.491
834.80	98.662
834.98	99.677
835.16	98.208
835.34	98.584
835.52	98.471
835.70	99.267
835.89	98.927
836.07	99.917
836.25	98.492
836.43	99.245
836.61	99.273
836.79	98.962
836.97	98.593
837.16	99.579
837.34	99.209
837.52	99.091
837.70	98.646
837.88	98.868
838.06	98.463
838.24	98.682
838.43	98.504
838.61	99.032
838.79	100.114
838.97	99.036
839.15	99.976
839.33	98.339
839.51	98.439
839.70	99.220
839.88	99.126
840.06	98.932
840.24	99.663
840.42	98.533
840.60	98.622
840.78	98.194
840.96	99.259
841.14	98.222
841.33	98.284
841.51	98.149
841.69	98.712
841.87	97.991
842.05	99.467
842.23	98.750
842.41	99.536
842.59	98.574
842.77	98.634
842.95	99.279
843.14	100.048
843.32	98.563
843.50	98.575
843.68	98.782
843.86	99.611
844.04	98.503
844.22	99.609
844.40	98.788
844.58	98.896
844.76	98.525
844.94	98.869
845.12	99.236
845.30	98.160
845.49	99.079
845.67	98.932
845.85	98.126
846.03	98.587
846.21	98.546
846.39	97.976
846.57	99.133
846.75	99.187
846.93	98.836
847.11	99.502
847.29	98.596
847.47	98.434
847.65	99.225
847.83	98.981
848.01	99.043
848.19	99.301
848.37	98.281
848.55	98.431
848.73	97.823
848.91	99.453
849.09	98.891
849.27	98.393
849.46	98.701
849.64	99.722
849.82	98.708
850.00	98.436
850.18	98.782
850.36	99.168
850.54	97.422
850.72	98.848
850.90	98.411
851.08	98.060
851.26	98.572
851.44	98.145
851.62	98.942
851.80	98.817
851.98	98.998
852.16	98.832
852.34	98.701
852.52	98.123
852.70	98.624
852.88	99.186
853.06	98.275
853.24	99.422
853.42	98.440
853.60	98.203
853.78	99.479
853.96	97.903
854.14	99.458
854.31	98.076
854.49	98.910
854.67	99.019
854.85	98.846
855.03	98.209
855.21	99.942
855.39	99.738
855.57	98.699
855.75	98.480
855.93	99.198
856.11	99.547
856.29	98.842
856.47	98.487
856.65	99.078
856.83	98.692
857.01	98.700
857.19	99.314
857.37	99.238
857.55	99.071
857.73	99.054
857.91	98.261
858.09	98.941
858.26	100.263
858.44	98.473
858.62	98.070
858.80	98.741
858.98	98.978
859.16	98.907
859.34	99.197
859.52	99.212
859.70	98.798
859.88	99.039
860.06	99.057
860.24	99.717
860.42	99.146
860.59	98.900
860.77	98.734
860.95	98.813
861.13	98.154
861.31	97.732
861.49	98.831
861.67	98.752
861.85	98.154
862.03	99.621
862.21	98.960
862.38	99.120
862.56	99.152
862.74	99.167
862.92	99.633
863.10	99.257
863.28	99.004
863.46	98.999
863.64	99.207
863.82	98.871
863.99	98.005
864.17	99.038
864.35	97.891
864.53	99.288
864.71	98.432
864.89	99.204
865.07	99.671
865.24	99.665
865.42	100.606
865.60	99.647
865.78	98.349
865.96	99.608
866.14	98.470
866.32	98.556
866.49	97.978
866.67	99.087
866.85	99.329
867.03	98.416
867.21	97.971
867.39	98.172
867.56	98.693
867.74	98.935
867.92	98.499
868.10	98.451
868.28	98.255
868.46	98.338
868.63	97.243
868.81	97.350
868.99	99.207
869.17	97.984
869.35	98.161
869.53	98.925
869.70	99.325
869.88	98.698
870.06	99.505
870.24	99.388
870.42	99.128
870.59	99.493
870.77	97.391
870.95	98.776
871.13	98.429
871.31	97.410
871.48	98.359
871.66	97.839
871.84	100.160
872.02	100.502
872.20	98.429
872.37	98.206
872.55	98.842
872.73	99.006
872.91	99.176
873.08	97.503
873.26	99.617
873.44	99.194
873.62	98.339
873.80	98.157
873.97	99.026
874.15	98.311
874.33	98.586
874.51	99.842
874.68	98.396
874.86	97.730
875.04	97.817
875.22	97.852
875.39	99.287
875.57	98.558
875.75	98.648
875.93	99.212
876.10	99.268
876.28	99.070
876.46	99.853
876.64	98.635
876.81	99.797
876.99	99.666
877.17	98.652
877.35	99.195
877.52	98.051
877.70	98.210
877.88	98.742
878.06	98.150
878.23	98.738
878.41	97.500
878.59	99.133
878.76	99.018
878.94	98.839
879.12	99.179
879.30	98.106
879.47	97.541
879.65	98.693
879.83	98.202
880.00	99.968
880.18	99.264
880.36	98.578
880.53	99.115
880.71	98.545
880.89	98.561
881.07	98.874
881.24	98.491
881.42	99.619
881.60	98.943
881.77	99.167
881.95	98.348
882.13	99.480
882.30	99.447
882.48	99.229
882.66	98.029
882.83	98.742
883.01	98.899
883.19	98.043
883.36	98.921
883.54	98.628
883.72	98.955
883.89	100.627
884.07	98.348
884.25	98.494
884.42	99.158
884.60	98.527
884.78	97.925
884.95	97.180
885.13	99.314
885.31	97.201
885.48	98.135
885.66	98.734
885.84	99.264
886.01	97.724
886.19	98.347
886.36	98.698
886.54	99.551
886.72	98.274
886.89	99.415
887.07	98.844
887.25	99.258
887.42	98.422
887.60	99.119
887.78	100.203
887.95	99.740
888.13	98.808
888.30	98.152
888.48	97.959
888.66	98.630
888.83	99.595
889.01	98.692
889.18	98.097
889.36	99.333
889.54	99.996
889.71	98.930
889.89	98.895
890.06	99.727
890.24	98.016
890.42	99.030
890.59	99.463
890.77	99.569
890.94	97.290
891.12	98.246
891.30	97.971
891.47	98.107
891.65	97.797
891.82	99.198
892.00	99.784
892.17	98.985
892.35	98.581
892.53	98.472
892.70	99.004
892.88	99.034
893.05	98.699
893.23	97.656
893.40	99.377
893.58	97.699
893.75	98.962
893.93	99.501
894.11	98.347
894.28	98.418
894.46	99.469
894.63	99.637
894.81	98.932
894.98	98.217
895.16	98.915
895.33	99.440
895.51	98.891
895.68	98.817
895.86	98.138
896.04	99.323
896.21	99.090
896.39	98.590
896.56	98.416
896.74	97.996
896.91	98.050
897.09	97.769
897.26	98.220
897.44	99.006
897.61	98.190
897.79	98.986
897.96	99.018
898.14	97.891
898.31	98.641
898.49	99.025
898.66	98.516
898.84	100.017
899.01	98.717
899.19	99.833
899.36	99.561
899.54	98.609
899.71	98.447
899.89	98.708
900.06	97.763
900.24	98.069
900.41	98.205
900.59	99.016
900.76	98.305
900.94	99.365
901.11	98.844
901.29	98.370
901.46	99.371
901.63	98.543
901.81	97.985
901.98	99.493
902.16	99.957
902.33	99.858
902.51	98.884
902.68	98.340
902.86	98.611
903.03	99.039
903.21	98.029
903.38	97.311
903.56	98.107
903.73	98.770
903.90	98.869
904.08	99.360
904.25	98.852
904.43	98.357
904.60	98.108
904.78	99.618
904.95	99.493
905.12	99.901
905.30	98.783
905.47	98.522
905.65	99.862
905.82	98.506
906.00	97.620
906.17	98.536
906.34	97.916
906.52	98.941
906.69	98.668
906.87	99.116
907.04	99.037
907.21	99.454
907.39	99.347
907.56	98.342
907.74	97.908
907.91	97.981
908.08	99.974
908.26	98.930
908.43	98.499
908.61	98.818
908.78	99.054
908.95	100.569
909.13	99.603
909.30	98.754
909.48	98.494
909.65	98.713
909.82	98.319
910.00	98.631
910.17	99.674
910.34	98.677
910.52	98.117
910.69	98.433
910.87	98.621
911.04	98.435
911.21	100.210
911.39	98.806
911.56	99.217
911.73	99.048
911.91	100.187
912.08	99.052
912.25	98.718
912.43	98.111
912.60	97.977
912.77	98.231
912.95	98.945
913.12	98.536
913.29	99.532
913.47	100.138
913.64	98.490
913.81	98.729
913.99	100.056
914.16	98.159
914.33	98.119
914.51	99.604
914.68	98.167
914.85	98.284
915.03	98.081
915.20	99.459
915.37	98.528
915.55	99.283
915.72	98.998
915.89	98.781
916.07	98.160
916.24	98.882
916.41	98.284
916.59	98.809
916.76	99.378
916.93	98.688
917.10	97.756
917.28	99.162
917.45	99.069
917.62	97.633
917.80	98.268
917.97	99.716
918.14	99.467
918.31	99.236
918.49	97.858
918.66	97.315
918.83	99.383
919.01	99.116
919.18	98.759
919.35	98.024
919.52	98.531
919.70	98.451
919.87	99.356
920.04	99.026
920.21	97.876
920.39	98.498
920.56	96.834
920.73	99.489
920.90	99.973
921.08	98.416
921.25	99.492
921.42	98.530
921.59	99.576
921.77	97.250
921.94	99.567
922.11	97.855
922.28	99.266
922.46	97.327
922.63	98.347
922.80	97.950
922.97	99.432
923.15	99.190
923.32	97.327
923.49	97.812
923.66	97.823
923.83	100.006
924.01	98.981
924.18	97.599
924.35	98.221
924.52	98.582
924.69	98.320
924.87	98.660
925.04	98.725
925.21	98.086
925.38	98.590
925.55	98.590
925.73	98.218
925.90	97.858
926.07	97.983
926.24	98.990
926.41	97.973
926.59	100.229
926.76	97.901
926.93	97.076
927.10	101.182
927.27	97.399
927.45	98.689
927.62	99.018
927.79	98.227
927.96	98.736
928.13	97.899
928.30	98.262
928.48	99.056
928.65	99.718
928.82	96.974
928.99	99.384
929.16	99.646
929.33	98.797
929.50	97.827
929.68	100.277
929.85	101.183
930.02	98.646
930.19	97.261
930.36	99.589
930.53	98.805
930.70	98.233
930.88	97.760
931.05	99.316
931.22	99.243
931.39	98.488
931.56	98.816
931.73	99.175
931.90	98.874
932.08	97.358
932.25	100.056
932.42	99.797
932.59	98.288
932.76	97.359
932.93	98.713
933.10	97.691
933.27	99.413
933.44	99.009
933.62	98.397
933.79	99.156
933.96	98.976
934.13	100.615
934.30	99.524
934.47	100.558
934.64	99.823
934.81	98.697
934.98	96.258
935.15	97.607
935.32	99.837
935.50	97.819
935.67	97.467
935.84	99.756
936.01	98.597
936.18	101.427
936.35	96.356
936.52	99.041
936.69	100.402
936.86	97.995
937.03	97.658
937.20	97.923
937.37	100.410
937.54	98.171
937.71	101.039
937.89	99.012
938.06	100.000
938.23	97.827
938.40	99.947
938.57	99.385
938.74	99.927
938.91	95.471
939.08	96.190
939.25	99.696
939.42	99.303
939.59	98.722
939.76	101.487
939.93	98.162
940.10	104.558
940.27	99.657
940.44	98.758
940.61	107.047
940.78	99.031
940.95	97.965
941.12	95.656
941.29	97.543
941.46	100.610
941.63	94.341
941.80	98.623
941.97	98.253
942.14	104.429
942.31	98.739
942.48	95.516
942.65	100.054
942.82	101.540
942.99	103.279
943.16	97.635
943.33	101.340
943.50	99.805
943.67	103.681
943.84	97.724
944.01	100.861
944.18	100.624
944.35	102.576
944.52	96.256
944.69	98.495
944.86	100.858
945.03	100.218
945.20	99.260
945.37	98.954
945.54	98.157
945.71	100.980
945.88	97.701
946.05	98.220
946.22	102.220
946.39	98.793
946.56	100.605
946.73	100.583
946.90	101.067
947.07	97.494
947.23	101.743
947.40	99.740
947.57	96.953
947.74	97.196
947.91	100.205
948.08	97.148
948.25	100.602
948.42	100.323
948.59	97.076
948.76	94.466
948.93	96.442
949.10	98.543
949.27	97.264
949.44	100.989
949.60	98.633
949.77	99.789
949.94	97.907
950.11	98.130
950.28	97.168
950.45	99.148
950.62	97.816
950.79	97.476
950.96	101.270
951.13	98.590
951.30	98.469
951.46	100.420
951.63	99.467
951.80	98.388
951.97	97.905
952.14	99.104
952.31	101.942
952.48	100.675
952.65	97.055
952.81	96.436
952.98	98.504
953.15	98.175
953.32	98.185
953.49	99.708
953.66	96.593
953.83	97.688
954.00	98.105
954.16	97.200
954.33	97.212
954.50	99.807
954.67	97.143
954.84	101.282
955.01	97.395
955.18	98.454
955.34	99.184
955.51	97.872
955.68	98.379
955.85	97.052
956.02	97.929
956.19	100.324
956.35	99.028
956.52	99.840
956.69	98.105
956.86	101.253
957.03	99.421
957.20	96.305
957.36	101.258
957.53	96.750
957.70	96.344
957.87	99.472
958.04	97.543
958.21	95.469
958.37	101.540
958.54	98.296
958.71	99.244
958.88	97.580
959.05	98.119
959.21	96.369
959.38	99.766
959.55	98.794
959.72	99.227
959.89	96.376
960.05	97.295
960.22	101.239
960.39	100.033
960.56	94.834
960.72	98.679
960.89	97.464
961.06	99.141
961.23	96.397
961.40	95.728
961.56	98.960
961.73	100.853
961.90	98.937
962.07	96.636
962.23	99.486
962.40	97.361
962.57	98.548
962.74	96.196
962.90	101.336
963.07	98.290
963.24	98.343
963.41	100.802
963.57	102.292
963.74	97.645
963.91	96.342
964.08	96.037
964.24	96.732
964.41	98.405
964.58	96.887
964.75	97.964
964.91	97.752
965.08	97.794
965.25	95.891
965.42	95.969
965.58	97.958
965.75	99.175
965.92	97.909
966.08	96.777
966.25	93.905
966.42	98.602
966.59	97.442
966.75	94.347
966.92	97.049
967.09	100.178
967.25	95.882
967.42	98.999
967.59	98.214
967.75	101.950
967.92	98.829
968.09	98.422
968.26	99.250
968.42	96.099
968.59	100.599
968.76	98.182
968.92	99.915
969.09	95.302
969.26	99.869
969.42	96.347
969.59	100.893
969.76	96.700
969.92	97.915
970.09	96.628
970.26	100.773
970.42	99.796
970.59	98.302
970.76	99.442
970.92	99.633
971.09	98.061
971.26	97.450
971.42	98.610
971.59	98.263
971.76	99.516
971.92	94.930
972.09	95.272
972.25	96.552
972.42	97.669
972.59	98.210
972.75	99.949
972.92	97.487
973.09	99.189
973.25	97.188
973.42	96.761
973.58	100.260
973.75	101.398
973.92	95.936
974.08	96.570
974.25	100.418
974.42	98.035
974.58	96.651
974.75	98.325
974.91	97.482
975.08	100.303
975.25	97.560
975.41	101.376
975.58	100.286
975.74	100.513
975.91	97.137
976.08	98.257
976.24	100.072
976.41	101.191
976.57	99.858
976.74	99.235
976.91	102.046
977.07	98.562
977.24	97.953
977.40	97.689
977.57	98.191
977.73	98.946
977.90	99.705
978.07	95.492
978.23	99.347
978.40	98.395
978.56	98.046
978.73	98.252
978.89	103.497
979.06	97.214
979.22	98.383
979.39	97.709
979.56	96.853
979.72	100.468
979.89	95.754
980.05	98.194
980.22	96.396
980.38	95.065
980.55	100.076
980.71	97.741
980.88	99.484
981.04	99.026
981.21	98.159
981.37	97.378
981.54	98.535
981.70	100.140
981.87	98.192
982.04	96.700
982.20	98.872
982.37	97.852
982.53	100.434
982.70	98.315
982.86	100.586
983.03	99.796
983.19	101.752
983.36	99.038
983.52	99.027
983.69	98.655
983.85	99.743
984.02	96.223
984.18	101.630
984.35	99.260
984.51	101.089
984.68	98.116
984.84	99.979
985.00	103.199
985.17	98.466
985.33	98.721
985.50	99.621
985.66	98.760
985.83	97.851
985.99	99.632
986.16	98.279
986.32	100.465
986.49	98.261
986.65	98.202
986.82	101.290
986.98	98.294
987.15	95.340
987.31	100.461
987.47	96.807
987.64	101.826
987.80	99.270
987.97	97.852
988.13	98.911
988.30	99.955
988.46	97.847
988.63	102.946
988.79	100.365
988.95	103.315
989.12	101.363
989.28	97.899
989.45	96.690
989.61	100.234
989.77	100.117
989.94	99.000
990.10	104.914
990.27	102.595
990.43	99.832
990.60	98.960
990.76	102.789
990.92	102.126
991.09	100.168
991.25	102.266
991.42	100.394
991.58	99.789
991.74	96.747
991.91	96.896
992.07	99.165
992.24	102.251
992.40	98.824
992.56	98.067
992.73	102.562
992.89	98.180
993.05	99.754
993.22	96.810
993.38	103.751
993.55	99.119
993.71	102.365
993.87	102.662
994.04	99.320
994.20	98.436
994.36	100.647
994.53	102.944
994.69	101.786
994.85	105.731
995.02	98.842
995.18	100.879
995.34	100.349
995.51	100.406
995.67	98.913
995.84	103.017
996.00	98.503
996.16	100.163
996.33	99.367
996.49	99.917
996.65	100.669
996.82	101.021
996.98	97.004
997.14	102.598
997.31	104.955
997.47	98.809
997.63	101.363
997.79	98.784
997.96	97.291
998.12	105.963
998.28	101.917
998.45	101.711
998.61	100.867
998.77	100.405
998.94	101.148
999.10	102.111
999.26	103.958
999.43	99.067
999.59	100.234
999.75	100.384
999.91	103.315
1000.08	98.814
1000.24	100.644
1000.40	100.800
1000.57	101.147
1000.73	105.076
1000.89	102.699
1001.05	105.309
1001.22	99.359
1001.38	103.739
1001.54	93.756
1001.70	104.383
1001.87	104.179
1002.03	105.653
1002.19	104.472
1002.35	103.847
1002.52	97.411
1002.68	98.935
1002.84	99.470
1003.00	100.578
1003.17	104.845
1003.33	105.882
1003.49	103.061
1003.65	100.896
1003.82	105.891
1003.98	104.396
1004.14	104.462
1004.30	107.668
1004.47	104.506
1004.63	103.387
1004.79	101.624
1004.95	101.121
1005.11	103.002
1005.28	101.774
1005.44	99.468
1005.60	104.777
1005.76	100.699
1005.93	103.028
1006.09	101.336
1006.25	98.534
1006.41	104.462
1006.57	104.191
1006.74	101.087
1006.90	102.258
1007.06	105.249
1007.22	98.941
1007.38	93.873
1007.55	102.249
1007.71	99.404
1007.87	104.594
1008.03	106.378
1008.19	104.621
1008.35	100.039
1008.52	101.121
1008.68	109.758
1008.84	98.005
1009.00	101.033
1009.16	106.653
1009.32	98.599
1009.49	95.198
1009.65	103.558
1009.81	105.810
1009.97	105.546
1010.13	105.110
1010.29	103.547
1010.46	105.907
1010.62	101.991
1010.78	104.320
1010.94	104.360
1011.10	108.788
1011.26	103.480
1011.42	104.226
1011.59	105.603
1011.75	104.461
1011.91	102.706
1012.07	107.106
1012.23	99.735
1012.39	101.852
1012.55	108.259
1012.71	98.389
1012.88	107.116
1013.04	103.359
1013.20	101.040
1013.36	107.136
1013.52	104.530
1013.68	102.912
1013.84	103.133
1014.00	105.416
1014.16	109.173
1014.33	106.616
1014.49	103.016
1014.65	104.356
1014.81	97.562
1014.97	101.613
1015.13	107.634
1015.29	100.752
1015.45	103.201
1015.61	102.830
1015.77	106.383
1015.93	106.266
1016.09	106.717
1016.26	109.047
1016.42	116.267
1016.58	107.676
1016.74	98.498
1016.90	106.243
1017.06	100.933
1017.22	103.189
1017.38	106.468
1017.54	103.325
1017.70	100.260
1017.86	101.008
1018.02	103.397
1018.18	108.476
1018.34	101.646
1018.50	112.607
1018.66	108.039
1018.82	111.098
1018.98	103.661
1019.14	105.177
1019.31	102.216
1019.47	117.109
1019.63	101.529
1019.79	103.407
1019.95	118.640
1020.11	104.682
1020.27	101.201
1020.43	105.963
1020.59	120.106
1020.75	121.554
1020.91	105.569
1021.07	108.149
1021.23	107.246
1021.39	107.507
1021.55	107.013
1021.71	100.499
1021.87	108.137
1022.03	106.612
1022.19	104.272
1022.35	108.897
1022.51	100.362
1022.67	104.966
1022.83	106.649
1022.99	108.570
1023.15	107.214
1023.31	107.060
1023.47	98.864
1023.63	106.224
1023.79	110.870
1023.95	105.611
1024.10	102.917
1024.26	115.644
1024.42	105.168
1024.58	118.399
1024.74	99.467
1024.90	107.833
1025.06	111.819
1025.22	106.380
1025.38	110.939
1025.54	105.497
1025.70	116.003
1025.86	115.154
1026.02	111.932
1026.18	102.116
1026.34	106.574
1026.50	105.946
1026.66	100.538
1026.82	104.380
1026.98	109.112
1027.13	109.666
1027.29	112.089
1027.45	105.998
1027.61	113.036
1027.77	124.698
1027.93	112.000
1028.09	107.143
1028.25	110.619
1028.41	118.528
1028.57	105.379
1028.73	105.135
1028.88	109.124
1029.04	107.660
1029.20	106.101
1029.36	102.812
1029.52	109.477
1029.68	105.659
1029.84	103.717
1030.00	98.067
1030.16	101.137
1030.32	116.295
1030.47	107.228
1030.63	108.717
1030.79	121.655
1030.95	94.675
1031.11	101.375
1031.27	110.675
1031.43	108.033
1031.59	116.471
1031.74	106.306
1031.90	98.651
1032.06	104.424
1032.22	115.029
1032.38	109.617
1032.54	115.098
1032.69	120.720
1032.85	122.283
1033.01	90.175
1033.17	114.583
1033.33	114.143
1033.49	116.404
1033.65	100.304
1033.80	112.298
1033.96	118.044
1034.12	114.777
1034.28	99.901
1034.44	116.502
1034.60	119.622
1034.75	114.079
1034.91	105.850
1035.07	115.116
1035.23	107.250
1035.39	120.225
1035.54	133.924
1035.70	116.416
1035.86	118.523
1036.02	131.124
1036.18	108.352
1036.33	96.605
1036.49	115.302
1036.65	127.062
1036.81	128.148
1036.97	109.887
1037.12	111.693
1037.28	122.527
1037.44	96.838
1037.60	116.366
1037.76	133.473
1037.91	105.694
1038.07	108.120
1038.23	117.881
1038.39	116.250
1038.54	139.901
1038.70	99.176
1038.86	144.907
1039.02	96.929
1039.17	119.679
1039.33	104.794
1039.49	107.471
1039.65	125.257
1039.80	117.469
1039.96	122.340
1040.12	104.103
1040.28	145.578
>>>>> Data<<<<< Espectral Procesado Extremo
