Fichero De Datos De SpectraSuite
++++++++++++++++++++++++++++++++++++
Fecha: Mon Jun 29 11:31:45 CST 2026
Usuario: HP
Presente Oscuro Del Espectro: Sí
La Referencia de Presente Del Espectro De: Sí
Muestreados de los componentes de Número de espectros: 1
Espectrómetros: USB4H06056
Tiempo de integración (usec): 300000 (USB4H06056)
Promedio de Espectros Hechos un: 5 (USB4H06056)
El Alisar Del Furgón: 0 (USB4H06056)
Párrafo de de Corregir del la del del de Eléctrica del obscuridad: No (USB4H06056)
Estrobo/Lámpara Permitido: No (USB4H06056)
Correct for Detector Non-linearity: No (USB4H06056)
Párrafo de de Corregir del la del del de Externa del luz: No (USB4H06056)
Procesado del espectro de Número de pixeles en: 3648
>>>>> Comienza Data<<<<< Espectral Procesado Del EL
345.09	10.345
345.30	10.345
345.52	10.345
345.74	-300.000
345.95	-40.678
346.17	-38.776
346.39	-342.105
346.60	153.488
346.82	-133.898
347.04	15.789
347.25	211.475
347.47	53.846
347.69	-57.377
347.90	-71.053
348.12	-1500.000
348.34	-44.118
348.56	-20.690
348.77	-2.083
348.99	49.219
349.21	-8.081
349.42	56.716
349.64	46.154
349.86	49.457
350.07	78.601
350.29	101.878
350.51	35.176
350.72	-46.774
350.94	-8.696
351.16	33.871
351.37	30.719
351.59	-24.516
351.81	60.714
352.02	43.396
352.24	70.455
352.46	103.077
352.67	42.545
352.89	57.692
353.10	37.168
353.32	116.149
353.54	182.609
353.75	146.667
353.97	51.311
354.19	22.840
354.40	52.294
354.62	65.128
354.84	26.486
355.05	47.287
355.27	101.266
355.49	71.179
355.70	79.503
355.92	38.255
356.14	88.889
356.35	29.496
356.57	44.509
356.78	65.000
357.00	64.444
357.22	100.680
357.43	60.326
357.65	88.050
357.87	17.526
358.08	-193.333
358.30	10.390
358.51	85.567
358.73	12.554
358.95	-45.946
359.16	31.004
359.38	-39.574
359.60	77.311
359.81	40.741
360.03	71.357
360.24	82.178
360.46	-0.000
360.68	87.681
360.89	59.880
361.11	107.308
361.33	77.982
361.54	80.645
361.76	138.961
361.97	55.828
362.19	111.340
362.41	50.735
362.62	127.350
362.84	69.620
363.05	122.321
363.27	90.055
363.49	54.911
363.70	70.283
363.92	70.222
364.13	67.470
364.35	27.551
364.57	29.605
364.78	117.978
365.00	64.286
365.21	40.278
365.43	90.323
365.65	61.635
365.86	75.598
366.08	74.830
366.29	16.568
366.51	83.784
366.73	68.807
366.94	159.664
367.16	15.169
367.37	20.968
367.59	56.383
367.80	11.828
368.02	146.491
368.24	25.606
368.45	51.082
368.67	71.006
368.88	10.476
369.10	75.740
369.31	108.120
369.53	47.232
369.75	78.341
369.96	74.779
370.18	56.015
370.39	-37.736
370.61	65.145
370.82	35.266
371.04	73.109
371.26	50.867
371.47	108.125
371.69	69.298
371.90	54.500
372.12	44.565
372.33	89.908
372.55	-1.961
372.76	71.226
372.98	101.613
373.20	84.043
373.41	103.960
373.63	105.495
373.84	52.778
374.06	56.831
374.27	78.073
374.49	47.291
374.70	47.104
374.92	90.625
375.13	100.714
375.35	57.921
375.57	48.315
375.78	62.882
376.00	120.408
376.21	96.139
376.43	30.769
376.64	69.543
376.86	130.216
377.07	21.739
377.29	52.189
377.50	72.078
377.72	32.308
377.93	108.796
378.15	37.778
378.36	30.488
378.58	71.271
378.80	172.500
379.01	64.372
379.23	81.818
379.44	50.400
379.66	125.191
379.87	45.098
380.09	92.692
380.30	62.245
380.52	47.685
380.73	31.522
380.95	72.274
381.16	43.206
381.38	83.293
381.59	94.479
381.81	61.202
382.02	97.126
382.24	41.743
382.45	68.063
382.67	76.033
382.88	75.484
383.10	72.414
383.31	81.651
383.53	85.630
383.74	46.914
383.96	63.846
384.17	51.323
384.39	67.536
384.60	139.450
384.82	64.504
385.03	61.847
385.25	30.351
385.46	68.681
385.68	80.519
385.89	84.320
386.11	78.105
386.32	90.064
386.54	111.149
386.75	60.511
386.97	95.294
387.18	76.308
387.40	67.480
387.61	62.153
387.83	35.277
388.04	127.572
388.25	25.806
388.47	93.958
388.68	88.515
388.90	105.851
389.11	97.126
389.33	67.898
389.54	71.467
389.76	62.000
389.97	81.848
390.19	102.571
390.40	60.606
390.62	77.913
390.83	66.262
391.05	49.036
391.26	101.235
391.47	39.860
391.69	78.261
391.90	70.880
392.12	78.774
392.33	65.772
392.55	70.000
392.76	59.338
392.98	66.225
393.19	68.435
393.41	81.894
393.62	55.585
393.83	73.843
394.05	69.910
394.26	72.727
394.48	69.575
394.69	64.583
394.91	102.062
395.12	73.660
395.34	77.462
395.55	97.590
395.76	103.980
395.98	82.500
396.19	65.000
396.41	57.082
396.62	95.349
396.84	58.824
397.05	73.187
397.26	67.883
397.48	75.620
397.69	75.798
397.91	83.846
398.12	54.694
398.33	75.698
398.55	70.120
398.76	68.500
398.98	74.741
399.19	53.089
399.41	73.750
399.62	62.749
399.83	68.268
400.05	69.912
400.26	61.081
400.48	69.155
400.69	71.767
400.90	66.871
401.12	64.815
401.33	61.974
401.55	73.077
401.76	83.542
401.97	62.745
402.19	65.764
402.40	75.323
402.62	70.711
402.83	72.806
403.04	62.183
403.26	65.419
403.47	47.706
403.69	66.552
403.90	67.625
404.11	76.490
404.33	69.854
404.54	78.686
404.76	61.813
404.97	62.894
405.18	63.449
405.40	74.706
405.61	58.251
405.83	71.450
406.04	63.793
406.25	75.837
406.47	51.017
406.68	85.414
406.89	45.025
407.11	70.992
407.32	80.305
407.54	61.620
407.75	66.615
407.96	72.632
408.18	53.454
408.39	56.051
408.60	60.345
408.82	54.199
409.03	59.734
409.24	61.637
409.46	64.548
409.67	74.129
409.89	50.352
410.10	54.321
410.31	47.167
410.53	43.952
410.74	66.580
410.95	67.922
411.17	60.123
411.38	45.553
411.59	60.606
411.81	55.020
412.02	53.243
412.23	56.609
412.45	60.363
412.66	55.801
412.87	68.126
413.09	60.436
413.30	48.163
413.51	57.352
413.73	50.129
413.94	50.048
414.15	56.972
414.37	49.127
414.58	48.502
414.79	48.847
415.01	49.634
415.22	45.837
415.43	40.532
415.65	49.346
415.86	45.275
416.07	44.274
416.29	46.429
416.50	43.413
416.71	32.836
416.93	45.942
417.14	42.924
417.35	42.216
417.57	38.508
417.78	36.002
417.99	41.183
418.21	34.676
418.42	33.353
418.63	36.958
418.85	177.522
419.06	40.191
419.27	33.461
419.48	37.330
419.70	32.813
419.91	36.498
420.12	31.732
420.34	34.070
420.55	33.936
420.76	34.150
420.98	27.419
421.19	32.324
421.40	33.831
421.61	34.841
421.83	33.558
422.04	32.711
422.25	28.093
422.47	33.988
422.68	34.774
422.89	29.988
423.11	25.421
423.32	28.779
423.53	27.945
423.74	28.101
423.96	26.849
424.17	25.930
424.38	25.736
424.59	25.594
424.81	28.435
425.02	26.572
425.23	26.052
425.45	24.158
425.66	24.605
425.87	24.297
426.08	23.670
426.30	28.783
426.51	25.649
426.72	23.864
426.93	24.367
427.15	23.450
427.36	25.246
427.57	23.964
427.79	24.847
428.00	20.142
428.21	13.499
428.42	25.372
428.64	23.286
428.85	22.067
429.06	23.512
429.27	23.638
429.49	22.416
429.70	21.148
429.91	15.946
430.12	23.303
430.34	22.656
430.55	21.829
430.76	20.067
430.97	21.336
431.19	24.346
431.40	23.330
431.61	21.095
431.82	21.990
432.03	20.494
432.25	22.003
432.46	22.084
432.67	20.612
432.88	19.738
433.10	22.710
433.31	19.599
433.52	22.179
433.73	22.657
433.95	22.007
434.16	19.712
434.37	21.863
434.58	19.612
434.79	19.440
435.01	21.800
435.22	21.579
435.43	21.974
435.64	21.244
435.86	20.970
436.07	23.429
436.28	20.361
436.49	20.758
436.70	20.026
436.92	19.246
437.13	20.665
437.34	19.682
437.55	21.784
437.76	21.170
437.98	21.624
438.19	21.301
438.40	20.378
438.61	21.987
438.82	19.032
439.04	21.041
439.25	22.001
439.46	21.308
439.67	20.846
439.88	19.313
440.10	21.486
440.31	19.412
440.52	20.490
440.73	20.110
440.94	23.001
441.16	20.075
441.37	19.088
441.58	20.708
441.79	20.440
442.00	19.393
442.21	20.771
442.43	18.596
442.64	21.587
442.85	21.661
443.06	19.499
443.27	19.717
443.48	20.442
443.70	21.985
443.91	21.223
444.12	21.121
444.33	20.924
444.54	20.654
444.75	19.131
444.97	20.317
445.18	20.601
445.39	19.752
445.60	19.838
445.81	18.275
446.02	17.975
446.24	22.072
446.45	20.716
446.66	20.730
446.87	21.855
447.08	20.255
447.29	19.504
447.51	21.772
447.72	20.650
447.93	19.966
448.14	19.952
448.35	20.282
448.56	20.473
448.77	19.525
448.99	20.582
449.20	18.970
449.41	20.000
449.62	21.245
449.83	20.905
450.04	21.103
450.25	20.112
450.46	21.127
450.68	20.594
450.89	19.691
451.10	19.541
451.31	20.116
451.52	20.205
451.73	19.445
451.94	20.288
452.15	20.036
452.37	21.024
452.58	21.537
452.79	20.855
453.00	20.041
453.21	20.180
453.42	19.735
453.63	19.206
453.84	20.683
454.06	21.164
454.27	21.228
454.48	20.628
454.69	20.620
454.90	21.999
455.11	21.190
455.32	20.617
455.53	19.910
455.74	21.721
455.95	20.806
456.17	19.459
456.38	20.734
456.59	21.162
456.80	20.862
457.01	20.018
457.22	22.117
457.43	21.529
457.64	20.522
457.85	20.697
458.06	21.039
458.27	22.216
458.49	20.797
458.70	20.984
458.91	20.899
459.12	21.880
459.33	22.010
459.54	21.476
459.75	21.417
459.96	20.184
460.17	21.278
460.38	20.799
460.59	20.842
460.80	21.298
461.01	21.375
461.23	20.406
461.44	21.644
461.65	21.025
461.86	21.464
462.07	21.331
462.28	19.557
462.49	22.146
462.70	20.305
462.91	21.804
463.12	21.319
463.33	21.826
463.54	21.394
463.75	23.416
463.96	21.085
464.17	22.582
464.38	21.299
464.59	20.410
464.81	22.518
465.02	21.148
465.23	20.916
465.44	21.297
465.65	21.834
465.86	22.562
466.07	21.705
466.28	20.819
466.49	21.749
466.70	22.664
466.91	21.338
467.12	22.253
467.33	21.022
467.54	21.683
467.75	21.514
467.96	22.700
468.17	22.761
468.38	21.702
468.59	20.805
468.80	21.613
469.01	22.097
469.22	22.220
469.43	22.364
469.64	21.426
469.85	22.731
470.06	21.272
470.27	20.988
470.48	21.001
470.69	22.523
470.90	21.678
471.11	22.506
471.32	21.177
471.53	22.079
471.74	22.027
471.95	21.450
472.16	21.772
472.37	22.144
472.58	21.698
472.79	22.452
473.00	22.303
473.21	21.888
473.42	21.897
473.63	22.682
473.84	22.773
474.05	22.676
474.26	22.003
474.47	22.413
474.68	22.439
474.89	21.459
475.10	22.399
475.31	22.061
475.52	22.350
475.73	21.996
475.94	21.834
476.15	21.449
476.36	21.486
476.57	21.963
476.78	22.090
476.99	21.825
477.20	21.697
477.41	22.416
477.62	22.502
477.83	22.693
478.04	22.346
478.25	22.241
478.46	22.475
478.67	23.111
478.88	21.962
479.09	22.516
479.30	22.450
479.51	22.193
479.72	22.461
479.93	22.017
480.14	21.008
480.35	23.082
480.56	22.023
480.77	21.936
480.98	22.608
481.18	22.241
481.39	22.830
481.60	22.283
481.81	22.039
482.02	22.300
482.23	22.198
482.44	21.903
482.65	22.488
482.86	21.801
483.07	22.413
483.28	21.560
483.49	23.140
483.70	22.503
483.91	22.716
484.12	22.857
484.33	22.472
484.53	22.362
484.74	22.149
484.95	23.402
485.16	22.717
485.37	22.910
485.58	22.763
485.79	22.730
486.00	22.638
486.21	23.016
486.42	23.199
486.63	23.030
486.84	22.382
487.05	23.616
487.25	22.737
487.46	22.035
487.67	23.085
487.88	23.242
488.09	22.383
488.30	22.894
488.51	15.551
488.72	22.467
488.93	23.035
489.14	22.350
489.35	23.058
489.55	23.311
489.76	22.237
489.97	22.254
490.18	22.861
490.39	22.530
490.60	22.412
490.81	22.724
491.02	22.584
491.23	23.088
491.43	23.264
491.64	23.256
491.85	22.889
492.06	23.237
492.27	23.176
492.48	23.197
492.69	23.535
492.90	22.482
493.11	23.055
493.31	22.878
493.52	23.045
493.73	23.333
493.94	22.782
494.15	22.865
494.36	22.846
494.57	23.157
494.78	23.285
494.98	23.462
495.19	23.174
495.40	23.707
495.61	23.386
495.82	23.462
496.03	22.996
496.24	23.076
496.44	23.176
496.65	23.654
496.86	23.110
497.07	23.149
497.28	23.890
497.49	23.006
497.70	23.692
497.90	23.487
498.11	23.628
498.32	23.429
498.53	23.458
498.74	23.099
498.95	22.886
499.15	23.302
499.36	23.197
499.57	23.588
499.78	23.225
499.99	23.874
500.20	23.548
500.40	23.544
500.61	23.865
500.82	23.748
501.03	23.703
501.24	23.090
501.45	23.815
501.65	23.615
501.86	23.817
502.07	23.912
502.28	23.739
502.49	23.833
502.70	23.923
502.90	23.156
503.11	23.800
503.32	23.547
503.53	23.636
503.74	23.729
503.94	24.165
504.15	23.752
504.36	23.776
504.57	23.391
504.78	24.055
504.98	23.499
505.19	23.685
505.40	23.506
505.61	23.764
505.82	23.627
506.02	24.072
506.23	23.626
506.44	23.643
506.65	23.874
506.86	23.542
507.06	24.077
507.27	23.886
507.48	24.128
507.69	24.048
507.90	24.053
508.10	24.550
508.31	24.703
508.52	23.755
508.73	24.210
508.94	24.460
509.14	24.398
509.35	23.866
509.56	24.139
509.77	24.650
509.97	24.245
510.18	24.558
510.39	24.370
510.60	24.743
510.80	24.441
511.01	24.474
511.22	24.350
511.43	24.806
511.64	24.234
511.84	24.530
512.05	24.749
512.26	24.682
512.47	24.562
512.67	24.665
512.88	25.032
513.09	25.334
513.30	24.734
513.50	24.629
513.71	25.283
513.92	24.833
514.13	24.088
514.33	24.789
514.54	24.773
514.75	24.536
514.96	24.937
515.16	25.379
515.37	25.215
515.58	25.273
515.78	25.164
515.99	25.438
516.20	25.518
516.41	25.238
516.61	25.628
516.82	25.360
517.03	25.514
517.24	25.957
517.44	25.721
517.65	25.807
517.86	25.745
518.07	25.646
518.27	25.934
518.48	25.691
518.69	26.267
518.89	25.716
519.10	26.880
519.31	25.989
519.52	26.055
519.72	26.175
519.93	26.061
520.14	26.676
520.34	26.513
520.55	26.720
520.76	26.146
520.96	26.971
521.17	26.820
521.38	27.014
521.59	27.237
521.79	26.841
522.00	27.136
522.21	26.913
522.41	27.284
522.62	27.190
522.83	27.055
523.03	27.622
523.24	27.620
523.45	27.598
523.66	27.221
523.86	27.356
524.07	27.747
524.28	27.459
524.48	27.667
524.69	27.768
524.90	28.465
525.10	27.827
525.31	28.216
525.52	28.122
525.72	28.387
525.93	28.194
526.14	28.508
526.34	28.942
526.55	28.458
526.76	28.457
526.96	28.547
527.17	28.780
527.38	28.783
527.58	28.510
527.79	29.039
528.00	28.561
528.20	28.962
528.41	28.954
528.62	29.291
528.82	29.452
529.03	29.707
529.24	29.721
529.44	29.513
529.65	29.983
529.85	29.872
530.06	29.948
530.27	29.863
530.47	29.723
530.68	29.500
530.89	29.648
531.09	29.987
531.30	30.080
531.51	30.188
531.71	30.357
531.92	30.472
532.13	30.076
532.33	30.382
532.54	30.192
532.74	30.414
532.95	30.187
533.16	30.322
533.36	30.763
533.57	30.502
533.78	31.073
533.98	30.732
534.19	30.706
534.39	31.157
534.60	30.942
534.81	30.977
535.01	30.894
535.22	30.782
535.42	30.926
535.63	31.017
535.84	30.989
536.04	30.729
536.25	31.164
536.45	31.051
536.66	31.138
536.87	31.246
537.07	31.502
537.28	31.249
537.48	31.224
537.69	31.460
537.90	31.769
538.10	31.493
538.31	31.503
538.51	31.296
538.72	31.632
538.93	31.434
539.13	31.514
539.34	31.628
539.54	31.512
539.75	31.778
539.96	32.179
540.16	31.632
540.37	31.981
540.57	31.528
540.78	31.741
540.98	31.709
541.19	31.847
541.40	32.153
541.60	31.756
541.81	31.764
542.01	31.464
542.22	31.733
542.42	31.786
542.63	31.828
542.83	32.074
543.04	32.072
543.25	31.673
543.45	32.237
543.66	31.923
543.86	32.411
544.07	31.868
544.27	31.883
544.48	32.185
544.68	32.312
544.89	32.165
545.10	32.102
545.30	32.383
545.51	31.846
545.71	32.084
545.92	31.912
546.12	31.846
546.33	32.327
546.53	31.898
546.74	32.252
546.94	32.270
547.15	32.110
547.36	32.205
547.56	32.355
547.77	32.423
547.97	32.364
548.18	32.582
548.38	32.255
548.59	32.680
548.79	32.430
549.00	32.268
549.20	32.512
549.41	32.316
549.61	32.119
549.82	32.712
550.02	32.286
550.23	32.346
550.43	32.619
550.64	32.481
550.84	32.362
551.05	32.484
551.25	32.083
551.46	32.501
551.66	32.242
551.87	32.415
552.07	32.879
552.28	32.648
552.48	32.365
552.69	33.064
552.89	32.117
553.10	32.523
553.30	32.620
553.51	32.276
553.71	32.970
553.92	32.629
554.12	32.456
554.33	32.835
554.53	33.009
554.74	32.567
554.94	32.745
555.15	32.456
555.35	32.859
555.56	32.847
555.76	32.470
555.97	33.085
556.17	32.807
556.38	33.121
556.58	32.853
556.78	32.611
556.99	32.921
557.19	32.705
557.40	32.822
557.60	33.222
557.81	33.386
558.01	33.275
558.22	32.678
558.42	33.080
558.63	32.804
558.83	32.717
559.04	32.884
559.24	32.750
559.44	32.985
559.65	32.482
559.85	33.611
560.06	33.131
560.26	32.881
560.47	32.633
560.67	33.019
560.88	32.912
561.08	32.700
561.28	33.113
561.49	32.890
561.69	33.184
561.90	32.870
562.10	32.568
562.31	32.597
562.51	32.544
562.71	32.797
562.92	32.629
563.12	32.514
563.33	32.468
563.53	32.753
563.74	32.580
563.94	32.831
564.14	32.722
564.35	32.581
564.55	32.399
564.76	32.607
564.96	32.759
565.17	32.715
565.37	32.436
565.57	32.908
565.78	32.822
565.98	32.568
566.19	32.851
566.39	32.344
566.59	32.441
566.80	32.322
567.00	31.982
567.21	32.660
567.41	32.307
567.61	32.505
567.82	32.503
568.02	31.987
568.23	32.062
568.43	31.878
568.63	31.777
568.84	32.224
569.04	32.305
569.24	32.318
569.45	31.740
569.65	31.743
569.86	31.819
570.06	31.774
570.26	31.813
570.47	31.879
570.67	31.729
570.87	31.528
571.08	31.559
571.28	31.545
571.49	31.779
571.69	31.585
571.89	31.376
572.10	31.730
572.30	31.546
572.50	32.075
572.71	31.173
572.91	31.352
573.11	31.181
573.32	31.144
573.52	31.113
573.73	31.271
573.93	31.228
574.13	31.046
574.34	31.266
574.54	30.694
574.74	31.119
574.95	31.055
575.15	31.015
575.35	31.280
575.56	31.042
575.76	30.669
575.96	30.534
576.17	30.929
576.37	30.684
576.57	30.437
576.78	30.559
576.98	30.611
577.18	30.385
577.39	30.488
577.59	30.385
577.79	30.452
578.00	30.523
578.20	30.175
578.40	30.217
578.61	30.591
578.81	30.231
579.01	30.027
579.22	30.181
579.42	30.199
579.62	30.279
579.82	30.000
580.03	30.302
580.23	29.893
580.43	29.958
580.64	30.019
580.84	29.916
581.04	29.793
581.25	29.741
581.45	29.908
581.65	29.767
581.86	29.884
582.06	29.479
582.26	29.996
582.46	30.142
582.67	29.836
582.87	29.507
583.07	29.753
583.28	29.900
583.48	29.726
583.68	29.625
583.88	29.434
584.09	29.656
584.29	29.802
584.49	29.556
584.70	29.477
584.90	29.291
585.10	29.508
585.30	29.425
585.51	29.468
585.71	29.371
585.91	29.591
586.11	29.145
586.32	29.696
586.52	29.330
586.72	29.440
586.92	29.185
587.13	29.339
587.33	29.183
587.53	29.027
587.74	29.303
587.94	29.362
588.14	29.288
588.34	29.134
588.55	29.243
588.75	29.022
588.95	29.345
589.15	29.027
589.36	28.950
589.56	29.066
589.76	28.944
589.96	29.260
590.16	28.913
590.37	29.224
590.57	29.289
590.77	28.839
590.97	29.192
591.18	28.899
591.38	28.949
591.58	30.562
591.78	28.652
591.99	28.760
592.19	28.521
592.39	28.950
592.59	28.613
592.79	28.782
593.00	28.897
593.20	29.056
593.40	28.813
593.60	28.635
593.81	28.701
594.01	28.993
594.21	28.954
594.41	28.911
594.61	28.506
594.82	28.679
595.02	28.714
595.22	28.846
595.42	28.595
595.62	28.813
595.83	28.718
596.03	28.938
596.23	28.563
596.43	28.760
596.63	28.733
596.84	28.847
597.04	28.656
597.24	28.691
597.44	28.612
597.64	28.885
597.84	28.657
598.05	28.471
598.25	28.503
598.45	28.852
598.65	28.584
598.85	28.754
599.06	28.801
599.26	28.721
599.46	28.681
599.66	28.253
599.86	28.740
600.06	28.747
600.27	28.550
600.47	28.545
600.67	28.362
600.87	28.610
601.07	28.674
601.27	28.557
601.48	28.387
601.68	28.907
601.88	28.597
602.08	28.515
602.28	28.407
602.48	28.708
602.68	28.595
602.89	28.826
603.09	29.002
603.29	28.705
603.49	28.778
603.69	28.635
603.89	28.630
604.09	28.488
604.30	28.956
604.50	28.487
604.70	28.462
604.90	28.758
605.10	28.578
605.30	28.557
605.50	28.604
605.71	28.490
605.91	28.594
606.11	28.476
606.31	28.759
606.51	28.995
606.71	28.662
606.91	28.396
607.11	28.379
607.32	28.671
607.52	28.951
607.72	28.420
607.92	28.521
608.12	28.802
608.32	28.418
608.52	28.489
608.72	28.691
608.92	28.613
609.12	28.456
609.33	28.796
609.53	28.426
609.73	28.311
609.93	28.470
610.13	28.604
610.33	28.296
610.53	28.449
610.73	28.485
610.93	28.585
611.13	28.610
611.34	28.687
611.54	28.495
611.74	28.504
611.94	28.639
612.14	28.663
612.34	28.375
612.54	28.229
612.74	28.374
612.94	28.487
613.14	28.337
613.34	28.540
613.54	28.401
613.74	28.760
613.95	28.635
614.15	28.079
614.35	28.619
614.55	28.119
614.75	28.372
614.95	28.174
615.15	28.521
615.35	28.361
615.55	28.179
615.75	28.377
615.95	28.430
616.15	28.270
616.35	28.240
616.55	28.271
616.75	28.202
616.95	28.638
617.15	28.103
617.35	28.353
617.56	28.488
617.76	28.364
617.96	28.261
618.16	28.325
618.36	28.032
618.56	28.302
618.76	28.140
618.96	28.097
619.16	28.351
619.36	28.500
619.56	28.319
619.76	28.552
619.96	28.423
620.16	28.296
620.36	28.215
620.56	28.148
620.76	28.233
620.96	28.183
621.16	28.131
621.36	27.977
621.56	28.047
621.76	28.272
621.96	28.350
622.16	28.183
622.36	28.032
622.56	28.219
622.76	28.271
622.96	28.147
623.16	28.377
623.36	28.175
623.56	28.011
623.76	28.409
623.96	28.052
624.16	28.195
624.36	28.178
624.56	28.113
624.76	28.208
624.96	28.308
625.16	28.208
625.36	28.147
625.56	28.333
625.76	28.351
625.96	28.490
626.16	27.872
626.36	28.149
626.56	28.294
626.76	28.358
626.96	28.249
627.16	28.194
627.36	27.827
627.56	27.964
627.76	28.091
627.96	28.266
628.16	28.022
628.36	28.249
628.56	28.117
628.75	28.489
628.95	27.969
629.15	28.031
629.35	28.187
629.55	28.249
629.75	28.258
629.95	28.103
630.15	28.342
630.35	28.213
630.55	28.202
630.75	28.168
630.95	28.110
631.15	28.151
631.35	27.803
631.55	28.163
631.75	28.302
631.95	28.400
632.15	28.132
632.34	28.376
632.54	28.129
632.74	28.275
632.94	28.282
633.14	28.269
633.34	28.308
633.54	28.113
633.74	28.090
633.94	28.098
634.14	28.033
634.34	28.129
634.54	28.019
634.74	27.926
634.93	28.006
635.13	27.894
635.33	28.222
635.53	28.149
635.73	27.893
635.93	28.014
636.13	28.061
636.33	28.118
636.53	28.250
636.73	28.159
636.93	28.041
637.12	27.848
637.32	28.059
637.52	27.974
637.72	27.820
637.92	27.841
638.12	28.022
638.32	27.933
638.52	27.977
638.72	28.002
638.91	27.890
639.11	28.218
639.31	27.834
639.51	27.722
639.71	28.048
639.91	27.873
640.11	27.757
640.31	27.843
640.50	27.631
640.70	27.773
640.90	27.664
641.10	27.794
641.30	27.851
641.50	27.973
641.70	27.808
641.89	27.757
642.09	27.720
642.29	27.576
642.49	27.698
642.69	27.540
642.89	27.497
643.09	27.472
643.28	27.654
643.48	27.944
643.68	27.682
643.88	27.599
644.08	27.603
644.28	27.630
644.48	27.443
644.67	27.716
644.87	27.561
645.07	27.443
645.27	27.657
645.47	27.382
645.67	27.731
645.86	27.482
646.06	27.900
646.26	27.548
646.46	27.383
646.66	27.464
646.85	27.578
647.05	27.572
647.25	27.579
647.45	27.583
647.65	27.416
647.85	27.370
648.04	27.475
648.24	27.326
648.44	27.137
648.64	27.279
648.84	27.417
649.03	27.409
649.23	27.129
649.43	27.313
649.63	27.231
649.83	27.521
650.02	27.514
650.22	27.437
650.42	27.407
650.62	27.441
650.82	27.356
651.01	27.327
651.21	27.119
651.41	27.140
651.61	27.326
651.81	27.355
652.00	27.390
652.20	27.451
652.40	27.451
652.60	27.113
652.79	27.247
652.99	27.206
653.19	27.449
653.39	27.126
653.59	27.424
653.78	27.222
653.98	27.302
654.18	27.379
654.38	27.133
654.57	27.201
654.77	27.320
654.97	27.424
655.17	26.913
655.36	27.059
655.56	27.229
655.76	27.227
655.96	27.231
656.15	27.357
656.35	27.257
656.55	27.284
656.75	27.287
656.94	27.021
657.14	27.036
657.34	27.313
657.54	27.269
657.73	27.387
657.93	27.449
658.13	27.570
658.33	27.300
658.52	27.422
658.72	25.630
658.92	27.162
659.11	27.199
659.31	27.341
659.51	27.173
659.71	27.117
659.90	27.236
660.10	27.009
660.30	27.430
660.50	27.142
660.69	27.561
660.89	27.220
661.09	27.251
661.28	27.251
661.48	26.930
661.68	27.152
661.87	27.596
662.07	27.196
662.27	27.296
662.47	27.424
662.66	27.485
662.86	27.270
663.06	27.172
663.25	27.235
663.45	27.128
663.65	27.208
663.84	27.337
664.04	27.379
664.24	27.308
664.44	27.159
664.63	26.935
664.83	27.262
665.03	27.496
665.22	27.493
665.42	27.404
665.62	27.352
665.81	27.407
666.01	27.222
666.21	27.376
666.40	27.262
666.60	27.458
666.80	27.317
666.99	27.443
667.19	27.039
667.39	27.364
667.58	27.391
667.78	27.379
667.98	27.379
668.17	27.366
668.37	27.434
668.57	27.190
668.76	27.299
668.96	27.229
669.16	27.497
669.35	27.553
669.55	27.491
669.74	27.400
669.94	27.085
670.14	27.505
670.33	27.700
670.53	27.312
670.73	27.490
670.92	27.154
671.12	27.679
671.32	27.663
671.51	27.617
671.71	27.635
671.90	27.292
672.10	27.554
672.30	27.361
672.49	27.498
672.69	27.453
672.89	27.331
673.08	27.299
673.28	27.492
673.47	27.547
673.67	27.359
673.87	27.779
674.06	27.721
674.26	27.386
674.45	27.381
674.65	27.320
674.85	27.632
675.04	27.567
675.24	27.314
675.43	27.453
675.63	27.601
675.83	27.330
676.02	27.375
676.22	27.538
676.41	27.599
676.61	27.508
676.81	27.513
677.00	27.675
677.20	27.636
677.39	27.573
677.59	27.691
677.79	27.391
677.98	27.768
678.18	27.627
678.37	27.646
678.57	27.495
678.76	27.504
678.96	27.749
679.16	27.904
679.35	27.898
679.55	27.771
679.74	27.814
679.94	27.550
680.13	27.888
680.33	28.034
680.53	27.712
680.72	27.906
680.92	27.709
681.11	28.113
681.31	27.692
681.50	27.637
681.70	27.829
681.89	27.598
682.09	28.043
682.28	28.042
682.48	27.786
682.68	27.995
682.87	27.931
683.07	27.905
683.26	28.141
683.46	27.821
683.65	27.865
683.85	27.866
684.04	28.086
684.24	28.154
684.43	28.080
684.63	28.234
684.82	28.140
685.02	28.077
685.21	28.007
685.41	28.122
685.60	28.129
685.80	28.268
686.00	28.243
686.19	28.084
686.39	28.549
686.58	28.258
686.78	28.004
686.97	28.297
687.17	28.451
687.36	28.335
687.56	28.127
687.75	28.103
687.95	28.281
688.14	28.144
688.34	28.309
688.53	28.175
688.73	28.343
688.92	28.426
689.12	28.385
689.31	28.487
689.51	28.616
689.70	28.547
689.89	28.200
690.09	28.400
690.28	28.665
690.48	28.716
690.67	28.657
690.87	28.753
691.06	28.559
691.26	28.701
691.45	28.871
691.65	28.984
691.84	28.880
692.04	28.951
692.23	28.981
692.43	28.976
692.62	29.177
692.82	29.058
693.01	29.019
693.20	29.055
693.40	29.027
693.59	29.456
693.79	29.312
693.98	29.117
694.18	29.533
694.37	29.558
694.57	29.759
694.76	29.526
694.95	29.811
695.15	29.812
695.34	30.182
695.54	29.931
695.73	30.202
695.93	30.048
696.12	30.459
696.32	30.475
696.51	30.652
696.70	30.623
696.90	30.840
697.09	31.091
697.29	31.326
697.48	31.214
697.67	31.213
697.87	31.544
698.06	31.808
698.26	31.647
698.45	31.863
698.65	31.986
698.84	32.035
699.03	32.296
699.23	32.361
699.42	32.774
699.62	33.078
699.81	33.063
700.00	33.152
700.20	33.384
700.39	33.803
700.59	33.736
700.78	33.923
700.97	34.385
701.17	34.445
701.36	34.820
701.56	34.618
701.75	34.773
701.94	34.919
702.14	35.230
702.33	35.461
702.52	35.642
702.72	35.802
702.91	36.117
703.11	36.120
703.30	36.616
703.49	36.937
703.69	36.670
703.88	37.132
704.07	37.297
704.27	37.544
704.46	37.508
704.66	38.057
704.85	38.351
705.04	38.525
705.24	38.837
705.43	38.732
705.62	39.203
705.82	39.473
706.01	39.497
706.20	39.595
706.40	40.100
706.59	40.059
706.78	40.314
706.98	40.661
707.17	40.983
707.36	41.227
707.56	41.465
707.75	41.582
707.94	41.859
708.14	42.086
708.33	41.874
708.52	42.119
708.72	42.299
708.91	42.590
709.10	42.936
709.30	43.022
709.49	43.366
709.68	43.725
709.88	43.886
710.07	44.004
710.26	44.513
710.46	44.359
710.65	44.411
710.84	45.173
711.04	45.147
711.23	45.594
711.42	45.879
711.61	45.733
711.81	45.857
712.00	46.053
712.19	46.166
712.39	46.447
712.58	46.875
712.77	46.846
712.97	47.600
713.16	46.981
713.35	47.378
713.54	48.039
713.74	48.184
713.93	48.230
714.12	48.559
714.32	48.897
714.51	49.200
714.70	49.291
714.89	48.925
715.09	49.584
715.28	49.681
715.47	49.818
715.66	49.944
715.86	50.194
716.05	50.278
716.24	50.662
716.44	51.161
716.63	50.969
716.82	51.366
717.01	51.439
717.21	51.581
717.40	51.951
717.59	52.101
717.78	52.483
717.98	52.799
718.17	53.032
718.36	52.874
718.55	53.227
718.75	53.129
718.94	53.638
719.13	54.070
719.32	54.029
719.52	53.992
719.71	54.423
719.90	54.730
720.09	54.608
720.28	54.943
720.48	55.135
720.67	55.301
720.86	55.871
721.05	55.798
721.25	56.121
721.44	56.018
721.63	56.089
721.82	56.465
722.01	56.394
722.21	56.720
722.40	57.122
722.59	56.508
722.78	57.509
722.98	57.521
723.17	57.699
723.36	57.916
723.55	57.923
723.74	58.088
723.94	58.307
724.13	58.761
724.32	59.003
724.51	59.269
724.70	59.413
724.89	59.379
725.09	59.759
725.28	59.864
725.47	60.322
725.66	60.356
725.85	60.203
726.05	60.629
726.24	60.323
726.43	61.065
726.62	61.058
726.81	61.265
727.00	61.657
727.20	62.029
727.39	62.165
727.58	62.275
727.77	61.788
727.96	62.155
728.15	62.527
728.35	62.549
728.54	62.930
728.73	62.995
728.92	62.678
729.11	62.947
729.30	63.830
729.50	63.694
729.69	63.974
729.88	64.385
730.07	64.173
730.26	64.301
730.45	64.454
730.64	64.810
730.84	64.513
731.03	64.990
731.22	65.056
731.41	65.448
731.60	65.310
731.79	65.277
731.98	65.323
732.18	66.067
732.37	65.810
732.56	66.144
732.75	65.802
732.94	66.499
733.13	67.105
733.32	66.774
733.51	66.671
733.71	67.033
733.90	67.103
734.09	67.477
734.28	67.631
734.47	67.547
734.66	67.793
734.85	68.486
735.04	67.878
735.23	68.424
735.42	68.105
735.62	68.322
735.81	68.483
736.00	68.200
736.19	68.451
736.38	68.795
736.57	69.497
736.76	69.020
736.95	68.904
737.14	69.136
737.33	69.175
737.52	69.469
737.72	69.541
737.91	69.731
738.10	69.681
738.29	69.851
738.48	70.038
738.67	69.756
738.86	69.996
739.05	70.048
739.24	70.101
739.43	70.253
739.62	70.861
739.81	71.143
740.00	70.550
740.19	71.422
740.39	71.285
740.58	71.360
740.77	71.284
740.96	71.223
741.15	71.292
741.34	70.976
741.53	71.557
741.72	71.389
741.91	70.883
742.10	71.600
742.29	71.312
742.48	71.641
742.67	72.389
742.86	72.135
743.05	71.650
743.24	72.312
743.43	72.514
743.62	71.949
743.81	72.626
744.00	72.486
744.19	72.775
744.38	72.970
744.57	72.772
744.76	72.522
744.95	72.816
745.14	73.033
745.33	73.030
745.52	73.035
745.71	73.009
745.90	73.066
746.09	73.038
746.28	73.337
746.47	73.265
746.66	73.509
746.85	73.565
747.04	72.953
747.23	73.616
747.42	73.534
747.61	73.700
747.80	73.951
747.99	73.967
748.18	73.982
748.37	73.549
748.56	74.036
748.75	73.953
748.94	74.129
749.13	74.248
749.32	73.598
749.51	74.199
749.70	74.163
749.89	74.511
750.08	74.994
750.27	74.184
750.46	75.017
750.65	74.491
750.84	74.050
751.03	74.653
751.22	74.840
751.41	74.319
751.60	74.391
751.79	74.643
751.98	74.422
752.17	74.913
752.36	74.412
752.55	74.792
752.74	74.832
752.93	75.313
753.12	75.082
753.30	74.691
753.49	74.635
753.68	74.476
753.87	74.553
754.06	75.018
754.25	74.868
754.44	74.712
754.63	74.850
754.82	74.959
755.01	75.540
755.20	75.540
755.39	75.495
755.58	75.304
755.77	75.434
755.96	75.384
756.14	75.582
756.33	75.383
756.52	75.829
756.71	75.685
756.90	75.605
757.09	75.507
757.28	75.951
757.47	75.449
757.66	75.398
757.85	75.579
758.04	75.435
758.22	75.886
758.41	75.455
758.60	75.659
758.79	75.510
758.98	75.634
759.17	75.523
759.36	75.289
759.55	75.427
759.74	75.705
759.92	75.906
760.11	75.880
760.30	75.863
760.49	75.792
760.68	75.492
760.87	75.889
761.06	76.256
761.25	76.314
761.43	76.159
761.62	76.010
761.81	76.340
762.00	76.085
762.19	76.649
762.38	75.776
762.57	75.949
762.76	76.226
762.94	76.341
763.13	75.742
763.32	76.400
763.51	75.625
763.70	75.805
763.89	75.676
764.07	75.376
764.26	76.423
764.45	76.046
764.64	76.145
764.83	76.121
765.02	75.783
765.21	75.880
765.39	76.271
765.58	76.473
765.77	76.074
765.96	76.589
766.15	76.016
766.34	76.288
766.52	76.449
766.71	76.617
766.90	75.879
767.09	75.875
767.28	76.125
767.46	76.157
767.65	76.135
767.84	75.898
768.03	76.662
768.22	76.199
768.40	76.258
768.59	76.088
768.78	76.144
768.97	76.096
769.16	75.569
769.34	76.380
769.53	75.928
769.72	76.008
769.91	75.940
770.10	76.222
770.28	76.033
770.47	76.895
770.66	76.469
770.85	76.393
771.04	76.022
771.22	75.942
771.41	76.054
771.60	76.335
771.79	75.975
771.98	76.171
772.16	76.230
772.35	76.422
772.54	76.458
772.73	76.167
772.91	76.411
773.10	76.194
773.29	76.309
773.48	76.366
773.66	76.620
773.85	76.353
774.04	76.304
774.23	76.334
774.41	76.626
774.60	76.329
774.79	76.216
774.98	76.707
775.16	76.121
775.35	75.688
775.54	76.258
775.73	76.081
775.91	75.806
776.10	76.078
776.29	76.749
776.48	76.036
776.66	76.383
776.85	76.412
777.04	76.244
777.23	75.897
777.41	76.116
777.60	76.921
777.79	76.178
777.97	75.846
778.16	75.967
778.35	76.337
778.54	76.302
778.72	76.423
778.91	76.137
779.10	76.538
779.28	76.457
779.47	76.801
779.66	76.513
779.85	76.419
780.03	76.639
780.22	76.111
780.41	76.033
780.59	76.273
780.78	76.225
780.97	76.346
781.15	76.679
781.34	75.822
781.53	76.670
781.71	76.473
781.90	76.358
782.09	75.707
782.27	76.280
782.46	76.292
782.65	76.591
782.84	76.585
783.02	76.583
783.21	76.913
783.40	76.410
783.58	76.506
783.77	76.794
783.96	76.379
784.14	76.453
784.33	76.635
784.52	76.099
784.70	76.237
784.89	76.089
785.07	76.317
785.26	76.035
785.45	76.672
785.63	76.188
785.82	76.424
786.01	76.058
786.19	76.180
786.38	76.446
786.57	76.781
786.75	76.414
786.94	76.297
787.13	76.298
787.31	75.898
787.50	75.904
787.68	76.063
787.87	76.270
788.06	76.661
788.24	76.702
788.43	76.772
788.62	76.553
788.80	76.653
788.99	76.409
789.17	76.070
789.36	76.802
789.55	76.232
789.73	76.368
789.92	76.526
790.10	75.872
790.29	76.693
790.48	76.756
790.66	76.160
790.85	76.731
791.03	76.812
791.22	76.299
791.41	75.975
791.59	76.511
791.78	76.951
791.96	76.002
792.15	76.618
792.34	76.231
792.52	76.478
792.71	76.522
792.89	76.566
793.08	76.285
793.27	76.625
793.45	76.154
793.64	76.074
793.82	76.428
794.01	77.055
794.19	75.997
794.38	76.310
794.57	76.370
794.75	76.648
794.94	76.172
795.12	76.874
795.31	76.454
795.49	76.552
795.68	76.969
795.86	76.640
796.05	77.139
796.24	76.258
796.42	76.639
796.61	76.504
796.79	76.819
796.98	76.753
797.16	76.536
797.35	76.662
797.53	76.410
797.72	76.395
797.90	76.573
798.09	76.580
798.27	75.879
798.46	76.224
798.65	76.227
798.83	76.291
799.02	76.891
799.20	76.732
799.39	76.450
799.57	76.482
799.76	76.393
799.94	76.376
800.13	76.789
800.31	76.720
800.50	76.612
800.68	76.691
800.87	77.192
801.05	76.402
801.24	77.070
801.42	76.632
801.61	76.572
801.79	76.844
801.98	76.344
802.16	76.777
802.35	76.518
802.53	76.786
802.72	76.155
802.90	76.070
803.09	76.518
803.27	76.190
803.46	76.876
803.64	76.965
803.83	77.180
804.01	77.028
804.20	76.978
804.38	76.915
804.56	76.619
804.75	76.123
804.93	76.588
805.12	76.987
805.30	76.664
805.49	76.443
805.67	77.157
805.86	77.399
806.04	76.664
806.23	76.601
806.41	77.110
806.59	77.452
806.78	76.689
806.96	76.988
807.15	77.554
807.33	76.645
807.52	76.278
807.70	76.384
807.89	76.376
808.07	76.216
808.25	76.201
808.44	77.189
808.62	76.437
808.81	76.648
808.99	76.334
809.18	77.148
809.36	76.896
809.54	77.505
809.73	77.050
809.91	76.263
810.10	76.841
810.28	76.904
810.47	77.372
810.65	76.847
810.83	76.502
811.02	77.217
811.20	76.960
811.39	76.866
811.57	76.765
811.75	76.899
811.94	76.366
812.12	76.699
812.31	77.138
812.49	76.549
812.67	76.829
812.86	76.673
813.04	77.170
813.23	75.929
813.41	76.559
813.59	77.371
813.78	76.735
813.96	76.887
814.14	77.323
814.33	77.023
814.51	77.089
814.70	76.657
814.88	76.402
815.06	76.926
815.25	76.570
815.43	76.545
815.61	76.729
815.80	76.611
815.98	77.222
816.16	76.560
816.35	76.651
816.53	77.401
816.72	76.829
816.90	77.065
817.08	76.501
817.27	77.305
817.45	76.818
817.63	77.006
817.82	76.703
818.00	76.747
818.18	76.007
818.37	77.459
818.55	76.514
818.73	76.847
818.92	76.810
819.10	76.962
819.28	76.954
819.47	77.185
819.65	76.760
819.83	76.617
820.02	76.836
820.20	76.759
820.38	76.562
820.57	77.774
820.75	76.782
820.93	76.688
821.11	77.363
821.30	76.576
821.48	76.778
821.66	76.491
821.85	76.686
822.03	76.924
822.21	76.790
822.40	77.270
822.58	76.613
822.76	76.258
822.94	77.351
823.13	76.732
823.31	77.009
823.49	77.146
823.68	76.754
823.86	77.020
824.04	76.765
824.22	76.365
824.41	76.383
824.59	77.220
824.77	76.844
824.96	77.216
825.14	77.095
825.32	76.678
825.50	76.976
825.69	76.679
825.87	77.299
826.05	76.825
826.23	77.498
826.42	77.138
826.60	76.915
826.78	77.212
826.96	77.165
827.15	76.965
827.33	77.479
827.51	77.149
827.69	77.118
827.88	76.749
828.06	77.108
828.24	77.406
828.42	77.137
828.61	75.855
828.79	77.037
828.97	77.352
829.15	76.075
829.34	77.176
829.52	77.090
829.70	77.532
829.88	77.399
830.06	77.323
830.25	77.015
830.43	76.769
830.61	76.752
830.79	76.924
830.97	76.729
831.16	77.168
831.34	77.655
831.52	76.948
831.70	77.066
831.89	76.538
832.07	77.150
832.25	76.958
832.43	77.037
832.61	76.453
832.80	77.525
832.98	76.892
833.16	77.043
833.34	77.150
833.52	77.091
833.70	77.244
833.89	77.100
834.07	77.665
834.25	76.596
834.43	76.886
834.61	76.836
834.80	77.073
834.98	77.302
835.16	77.371
835.34	76.921
835.52	76.938
835.70	77.471
835.89	76.692
836.07	78.035
836.25	77.394
836.43	77.425
836.61	77.467
836.79	77.149
836.97	77.029
837.16	76.868
837.34	76.893
837.52	76.862
837.70	77.401
837.88	77.196
838.06	76.677
838.24	77.470
838.43	77.095
838.61	76.874
838.79	76.850
838.97	76.735
839.15	77.411
839.33	76.653
839.51	76.659
839.70	76.844
839.88	76.321
840.06	76.838
840.24	76.894
840.42	77.883
840.60	77.477
840.78	76.796
840.96	77.828
841.14	76.668
841.33	76.980
841.51	77.228
841.69	76.890
841.87	77.223
842.05	77.334
842.23	77.167
842.41	77.475
842.59	77.355
842.77	76.998
842.95	77.056
843.14	76.471
843.32	76.999
843.50	76.951
843.68	77.143
843.86	77.426
844.04	77.021
844.22	76.635
844.40	77.306
844.58	77.577
844.76	77.901
844.94	77.345
845.12	77.475
845.30	77.263
845.49	77.142
845.67	77.193
845.85	77.455
846.03	76.996
846.21	77.675
846.39	78.103
846.57	77.427
846.75	78.002
846.93	77.311
847.11	77.520
847.29	77.315
847.47	77.049
847.65	77.306
847.83	77.487
848.01	76.940
848.19	77.300
848.37	77.182
848.55	77.263
848.73	77.619
848.91	77.472
849.09	77.592
849.27	76.926
849.46	76.816
849.64	77.479
849.82	76.902
850.00	77.350
850.18	77.331
850.36	77.763
850.54	78.094
850.72	77.764
850.90	77.411
851.08	77.590
851.26	77.953
851.44	77.171
851.62	77.605
851.80	77.192
851.98	77.456
852.16	77.010
852.34	77.308
852.52	77.375
852.70	77.718
852.88	77.322
853.06	77.433
853.24	77.602
853.42	77.585
853.60	77.366
853.78	77.347
853.96	77.196
854.14	77.016
854.31	77.177
854.49	77.637
854.67	77.318
854.85	77.150
855.03	78.292
855.21	77.227
855.39	77.138
855.57	77.144
855.75	77.322
855.93	77.756
856.11	77.526
856.29	77.586
856.47	77.581
856.65	77.503
856.83	77.050
857.01	77.884
857.19	77.439
857.37	77.086
857.55	77.349
857.73	78.150
857.91	77.802
858.09	77.922
858.26	77.243
858.44	77.928
858.62	77.703
858.80	77.164
858.98	77.764
859.16	77.546
859.34	77.476
859.52	77.387
859.70	77.680
859.88	76.917
860.06	77.296
860.24	78.246
860.42	77.537
860.59	77.507
860.77	76.789
860.95	77.456
861.13	77.551
861.31	77.874
861.49	78.033
861.67	77.124
861.85	77.478
862.03	77.583
862.21	77.196
862.38	77.825
862.56	77.515
862.74	77.215
862.92	78.097
863.10	77.392
863.28	78.098
863.46	77.937
863.64	77.402
863.82	77.094
863.99	77.303
864.17	77.617
864.35	77.286
864.53	77.252
864.71	78.531
864.89	78.044
865.07	77.530
865.24	77.508
865.42	77.677
865.60	77.735
865.78	77.338
865.96	77.549
866.14	77.686
866.32	77.895
866.49	77.583
866.67	78.333
866.85	77.544
867.03	78.204
867.21	77.705
867.39	77.860
867.56	77.979
867.74	78.341
867.92	78.250
868.10	78.043
868.28	78.239
868.46	77.851
868.63	78.633
868.81	77.922
868.99	78.430
869.17	77.671
869.35	78.186
869.53	78.533
869.70	77.820
869.88	77.638
870.06	77.563
870.24	77.684
870.42	77.642
870.59	77.367
870.77	78.075
870.95	76.950
871.13	77.380
871.31	77.344
871.48	77.481
871.66	77.759
871.84	77.562
872.02	77.592
872.20	77.949
872.37	77.817
872.55	78.248
872.73	77.812
872.91	78.255
873.08	78.350
873.26	77.915
873.44	77.256
873.62	77.621
873.80	78.117
873.97	78.089
874.15	77.530
874.33	78.027
874.51	78.306
874.68	77.519
874.86	77.689
875.04	77.637
875.22	77.329
875.39	78.058
875.57	78.281
875.75	77.670
875.93	78.536
876.10	77.739
876.28	77.315
876.46	77.594
876.64	77.753
876.81	76.962
876.99	77.759
877.17	77.758
877.35	77.327
877.52	77.428
877.70	78.323
877.88	78.195
878.06	78.463
878.23	78.103
878.41	78.049
878.59	78.296
878.76	78.159
878.94	77.389
879.12	78.066
879.30	77.315
879.47	77.868
879.65	78.782
879.83	78.035
880.00	77.889
880.18	77.773
880.36	77.837
880.53	77.994
880.71	77.571
880.89	77.923
881.07	78.024
881.24	78.786
881.42	77.449
881.60	79.207
881.77	78.236
881.95	77.363
882.13	78.284
882.30	78.472
882.48	78.256
882.66	77.820
882.83	78.157
883.01	77.873
883.19	77.940
883.36	78.538
883.54	79.250
883.72	78.353
883.89	77.747
884.07	78.131
884.25	77.343
884.42	77.935
884.60	77.688
884.78	77.953
884.95	77.736
885.13	78.010
885.31	78.286
885.48	78.476
885.66	78.501
885.84	77.908
886.01	77.814
886.19	77.671
886.36	77.669
886.54	77.895
886.72	78.306
886.89	79.603
887.07	79.066
887.25	78.656
887.42	78.215
887.60	77.833
887.78	78.561
887.95	78.049
888.13	78.210
888.30	76.486
888.48	77.793
888.66	77.968
888.83	78.848
889.01	78.007
889.18	77.586
889.36	78.268
889.54	78.527
889.71	78.623
889.89	77.385
890.06	78.583
890.24	78.639
890.42	78.793
890.59	78.061
890.77	77.752
890.94	78.627
891.12	77.867
891.30	78.219
891.47	77.627
891.65	77.336
891.82	78.218
892.00	78.779
892.17	77.931
892.35	78.832
892.53	78.222
892.70	78.362
892.88	78.286
893.05	78.286
893.23	78.309
893.40	77.505
893.58	78.659
893.75	78.548
893.93	78.609
894.11	77.840
894.28	78.649
894.46	78.264
894.63	77.898
894.81	77.736
894.98	78.470
895.16	78.388
895.33	77.519
895.51	78.912
895.68	78.884
895.86	78.686
896.04	78.581
896.21	78.290
896.39	78.151
896.56	77.879
896.74	79.104
896.91	77.315
897.09	78.256
897.26	79.324
897.44	79.276
897.61	77.479
897.79	78.989
897.96	79.452
898.14	77.939
898.31	77.543
898.49	77.416
898.66	78.793
898.84	78.146
899.01	77.528
899.19	78.715
899.36	78.333
899.54	78.286
899.71	78.469
899.89	77.905
900.06	79.076
900.24	78.062
900.41	78.366
900.59	78.566
900.76	78.243
900.94	78.114
901.11	77.936
901.29	77.616
901.46	77.451
901.63	77.522
901.81	79.050
901.98	78.545
902.16	78.821
902.33	78.249
902.51	78.176
902.68	79.218
902.86	78.777
903.03	78.913
903.21	78.376
903.38	79.177
903.56	78.529
903.73	78.913
903.90	79.059
904.08	80.216
904.25	78.426
904.43	79.586
904.60	78.667
904.78	78.880
904.95	78.466
905.12	78.836
905.30	78.285
905.47	77.749
905.65	78.801
905.82	78.153
906.00	79.340
906.17	78.073
906.34	78.646
906.52	78.316
906.69	78.234
906.87	78.240
907.04	78.440
907.21	78.883
907.39	79.268
907.56	78.252
907.74	78.015
907.91	78.872
908.08	78.560
908.26	78.931
908.43	79.274
908.61	78.832
908.78	79.463
908.95	78.405
909.13	78.801
909.30	79.184
909.48	78.708
909.65	79.353
909.82	78.982
910.00	79.592
910.17	78.697
910.34	79.438
910.52	78.440
910.69	78.061
910.87	78.874
911.04	78.320
911.21	78.713
911.39	78.397
911.56	78.999
911.73	80.007
911.91	76.310
912.08	79.292
912.25	78.633
912.43	78.678
912.60	78.815
912.77	78.838
912.95	79.594
913.12	78.395
913.29	78.618
913.47	78.900
913.64	79.593
913.81	78.902
913.99	79.274
914.16	78.844
914.33	79.289
914.51	79.353
914.68	78.831
914.85	78.754
915.03	78.674
915.20	79.528
915.37	79.220
915.55	78.907
915.72	78.370
915.89	78.561
916.07	79.005
916.24	78.160
916.41	78.151
916.59	78.713
916.76	78.576
916.93	78.668
917.10	78.932
917.28	79.789
917.45	78.907
917.62	79.435
917.80	79.380
917.97	80.013
918.14	78.504
918.31	80.162
918.49	77.872
918.66	79.095
918.83	79.371
919.01	78.186
919.18	78.668
919.35	79.369
919.52	78.172
919.70	79.076
919.87	78.600
920.04	78.961
920.21	78.173
920.39	78.253
920.56	78.379
920.73	79.111
920.90	79.172
921.08	79.400
921.25	78.830
921.42	79.171
921.59	79.612
921.77	79.017
921.94	79.507
922.11	79.466
922.28	79.590
922.46	80.020
922.63	79.749
922.80	79.703
922.97	78.560
923.15	79.243
923.32	79.248
923.49	79.282
923.66	79.227
923.83	78.581
924.01	78.904
924.18	78.242
924.35	78.808
924.52	77.835
924.69	78.756
924.87	77.927
925.04	79.721
925.21	78.959
925.38	78.611
925.55	78.089
925.73	79.387
925.90	78.089
926.07	79.145
926.24	79.114
926.41	79.687
926.59	80.182
926.76	78.747
926.93	79.539
927.10	80.510
927.27	78.578
927.45	77.937
927.62	79.328
927.79	78.697
927.96	78.835
928.13	79.405
928.30	79.707
928.48	79.316
928.65	78.594
928.82	78.564
928.99	80.433
929.16	78.662
929.33	78.809
929.50	77.951
929.68	78.377
929.85	79.358
930.02	79.453
930.19	79.026
930.36	78.812
930.53	78.358
930.70	80.063
930.88	78.600
931.05	79.090
931.22	78.472
931.39	79.479
931.56	79.463
931.73	78.161
931.90	79.335
932.08	79.647
932.25	80.073
932.42	78.730
932.59	79.233
932.76	79.026
932.93	79.516
933.10	78.745
933.27	79.268
933.44	79.059
933.62	79.754
933.79	78.020
933.96	78.693
934.13	80.566
934.30	79.669
934.47	80.016
934.64	78.029
934.81	79.074
934.98	77.952
935.15	81.165
935.32	78.179
935.50	78.498
935.67	79.652
935.84	77.838
936.01	78.467
936.18	79.589
936.35	78.536
936.52	78.346
936.69	78.873
936.86	79.129
937.03	78.569
937.20	79.428
937.37	78.526
937.54	81.414
937.71	79.998
937.89	79.324
938.06	78.600
938.23	77.714
938.40	78.316
938.57	78.244
938.74	78.732
938.91	78.744
939.08	80.916
939.25	80.438
939.42	79.344
939.59	79.493
939.76	80.073
939.93	77.973
940.10	79.872
940.27	78.317
940.44	78.066
940.61	77.091
940.78	81.281
940.95	79.760
941.12	78.852
941.29	78.801
941.46	80.251
941.63	78.650
941.80	81.213
941.97	81.732
942.14	80.678
942.31	81.434
942.48	77.807
942.65	80.661
942.82	79.972
942.99	79.446
943.16	81.895
943.33	80.806
943.50	82.956
943.67	79.536
943.84	79.375
944.01	80.852
944.18	78.916
944.35	85.311
944.52	79.021
944.69	78.377
944.86	79.614
945.03	78.675
945.20	80.220
945.37	79.108
945.54	82.172
945.71	81.231
945.88	80.880
946.05	80.594
946.22	78.837
946.39	78.407
946.56	75.703
946.73	79.565
946.90	78.343
947.07	79.466
947.23	79.689
947.40	80.566
947.57	78.482
947.74	80.971
947.91	78.218
948.08	80.550
948.25	77.371
948.42	80.505
948.59	79.799
948.76	80.359
948.93	79.204
949.10	76.690
949.27	77.101
949.44	79.045
949.60	81.770
949.77	80.971
949.94	81.434
950.11	80.197
950.28	82.083
950.45	80.119
950.62	77.869
950.79	81.788
950.96	80.695
951.13	80.149
951.30	80.082
951.46	81.399
951.63	77.827
951.80	78.181
951.97	78.349
952.14	80.616
952.31	77.187
952.48	78.447
952.65	80.866
952.81	79.666
952.98	78.576
953.15	79.607
953.32	79.129
953.49	79.094
953.66	79.302
953.83	80.847
954.00	79.356
954.16	78.767
954.33	79.694
954.50	77.548
954.67	78.998
954.84	79.027
955.01	78.201
955.18	76.908
955.34	81.267
955.51	78.995
955.68	78.472
955.85	78.225
956.02	80.868
956.19	80.016
956.35	79.659
956.52	78.171
956.69	79.769
956.86	76.562
957.03	80.230
957.20	81.039
957.36	79.341
957.53	78.631
957.70	77.720
957.87	79.196
958.04	78.984
958.21	79.044
958.37	80.246
958.54	79.696
958.71	80.212
958.88	80.110
959.05	79.171
959.21	77.083
959.38	77.606
959.55	78.422
959.72	80.129
959.89	79.700
960.05	77.283
960.22	78.527
960.39	80.722
960.56	79.273
960.72	78.478
960.89	79.670
961.06	78.461
961.23	77.913
961.40	78.332
961.56	80.256
961.73	78.953
961.90	79.366
962.07	76.869
962.23	77.870
962.40	78.964
962.57	79.354
962.74	78.849
962.90	79.787
963.07	78.734
963.24	79.426
963.41	78.901
963.57	80.263
963.74	79.799
963.91	79.107
964.08	79.254
964.24	79.232
964.41	78.899
964.58	78.119
964.75	76.066
964.91	79.978
965.08	79.545
965.25	79.763
965.42	78.550
965.58	78.291
965.75	77.769
965.92	78.599
966.08	78.317
966.25	76.094
966.42	78.314
966.59	79.395
966.75	78.232
966.92	79.382
967.09	78.749
967.25	80.800
967.42	78.488
967.59	80.186
967.75	79.556
967.92	79.673
968.09	79.045
968.26	78.222
968.42	79.014
968.59	80.180
968.76	79.418
968.92	78.634
969.09	79.066
969.26	78.068
969.42	79.237
969.59	78.386
969.76	78.910
969.92	78.210
970.09	77.386
970.26	80.089
970.42	78.925
970.59	80.646
970.76	78.377
970.92	79.914
971.09	78.703
971.26	79.201
971.42	79.135
971.59	79.528
971.76	79.160
971.92	78.341
972.09	79.390
972.25	79.723
972.42	78.982
972.59	80.827
972.75	78.540
972.92	80.543
973.09	80.035
973.25	77.607
973.42	79.241
973.58	79.645
973.75	77.746
973.92	78.547
974.08	79.185
974.25	79.317
974.42	78.709
974.58	78.601
974.75	80.410
974.91	77.092
975.08	80.528
975.25	79.403
975.41	79.157
975.58	77.266
975.74	78.283
975.91	79.743
976.08	79.184
976.24	79.551
976.41	78.137
976.57	79.258
976.74	77.976
976.91	78.898
977.07	77.635
977.24	77.702
977.40	78.570
977.57	79.153
977.73	78.889
977.90	75.798
978.07	78.959
978.23	78.646
978.40	80.662
978.56	80.344
978.73	80.169
978.89	80.419
979.06	78.266
979.22	81.243
979.39	79.356
979.56	79.516
979.72	80.296
979.89	81.261
980.05	78.498
980.22	84.137
980.38	79.340
980.55	78.130
980.71	81.003
980.88	78.540
981.04	81.984
981.21	79.483
981.37	80.110
981.54	80.038
981.70	80.015
981.87	80.756
982.04	80.072
982.20	79.065
982.37	78.761
982.53	79.637
982.70	79.039
982.86	79.152
983.03	80.042
983.19	79.474
983.36	78.548
983.52	79.576
983.69	80.051
983.85	79.280
984.02	79.297
984.18	81.425
984.35	79.371
984.51	79.495
984.68	79.900
984.84	80.440
985.00	77.608
985.17	80.044
985.33	79.389
985.50	79.275
985.66	80.103
985.83	79.639
985.99	78.496
986.16	78.823
986.32	78.622
986.49	80.032
986.65	78.311
986.82	80.830
986.98	79.191
987.15	81.431
987.31	77.970
987.47	78.936
987.64	79.314
987.80	78.501
987.97	80.141
988.13	80.772
988.30	80.180
988.46	81.062
988.63	81.708
988.79	81.641
988.95	79.069
989.12	78.904
989.28	79.813
989.45	77.191
989.61	77.914
989.77	80.244
989.94	79.797
990.10	78.738
990.27	82.947
990.43	78.518
990.60	78.544
990.76	82.776
990.92	80.390
991.09	79.513
991.25	79.932
991.42	76.993
991.58	78.280
991.74	80.177
991.91	79.858
992.07	79.356
992.24	76.753
992.40	78.452
992.56	80.771
992.73	82.308
992.89	80.081
993.05	79.989
993.22	78.017
993.38	79.644
993.55	77.448
993.71	78.829
993.87	78.567
994.04	81.310
994.20	79.460
994.36	82.670
994.53	78.582
994.69	79.250
994.85	80.525
995.02	76.599
995.18	82.249
995.34	82.078
995.51	80.231
995.67	79.031
995.84	76.409
996.00	78.466
996.16	77.157
996.33	79.459
996.49	76.422
996.65	82.542
996.82	78.301
996.98	81.747
997.14	81.006
997.31	80.794
997.47	79.484
997.63	81.462
997.79	80.300
997.96	79.063
998.12	81.236
998.28	80.154
998.45	82.732
998.61	79.821
998.77	83.137
998.94	78.814
999.10	84.000
999.26	82.353
999.43	81.962
999.59	81.404
999.75	81.077
999.91	77.482
1000.08	78.057
1000.24	80.000
1000.40	80.392
1000.57	80.201
1000.73	79.438
1000.89	81.410
1001.05	79.155
1001.22	78.611
1001.38	77.587
1001.54	81.586
1001.70	79.296
1001.87	78.712
1002.03	77.021
1002.19	82.248
1002.35	78.434
1002.52	78.186
1002.68	79.965
1002.84	82.399
1003.00	83.970
1003.17	77.924
1003.33	78.835
1003.49	76.532
1003.65	78.888
1003.82	80.500
1003.98	80.950
1004.14	82.114
1004.30	82.501
1004.47	80.865
1004.63	77.224
1004.79	81.077
1004.95	80.697
1005.11	78.448
1005.28	81.162
1005.44	79.638
1005.60	80.790
1005.76	80.764
1005.93	83.812
1006.09	80.600
1006.25	79.864
1006.41	80.412
1006.57	80.355
1006.74	77.436
1006.90	79.893
1007.06	79.492
1007.22	79.865
1007.38	83.071
1007.55	77.813
1007.71	76.676
1007.87	82.818
1008.03	79.449
1008.19	79.519
1008.35	76.365
1008.52	80.657
1008.68	82.682
1008.84	79.798
1009.00	79.385
1009.16	79.854
1009.32	77.693
1009.49	82.327
1009.65	82.827
1009.81	76.968
1009.97	79.442
1010.13	81.344
1010.29	82.505
1010.46	77.688
1010.62	78.474
1010.78	81.851
1010.94	79.178
1011.10	82.825
1011.26	78.768
1011.42	80.827
1011.59	78.351
1011.75	80.402
1011.91	81.459
1012.07	80.356
1012.23	81.577
1012.39	86.254
1012.55	76.078
1012.71	78.065
1012.88	78.050
1013.04	77.840
1013.20	82.517
1013.36	78.995
1013.52	75.207
1013.68	79.605
1013.84	83.299
1014.00	79.978
1014.16	80.187
1014.33	81.144
1014.49	84.612
1014.65	76.708
1014.81	78.187
1014.97	83.284
1015.13	82.135
1015.29	85.088
1015.45	76.869
1015.61	84.926
1015.77	75.149
1015.93	75.130
1016.09	78.796
1016.26	84.694
1016.42	83.806
1016.58	77.015
1016.74	84.153
1016.90	85.369
1017.06	83.910
1017.22	85.091
1017.38	75.533
1017.54	78.727
1017.70	77.004
1017.86	84.445
1018.02	78.507
1018.18	73.578
1018.34	84.220
1018.50	82.180
1018.66	78.805
1018.82	79.035
1018.98	84.169
1019.14	75.850
1019.31	77.816
1019.47	80.812
1019.63	85.382
1019.79	80.144
1019.95	82.214
1020.11	87.038
1020.27	82.306
1020.43	84.289
1020.59	80.514
1020.75	78.641
1020.91	79.097
1021.07	81.402
1021.23	81.845
1021.39	86.293
1021.55	81.686
1021.71	78.676
1021.87	73.162
1022.03	77.341
1022.19	75.313
1022.35	77.816
1022.51	77.558
1022.67	78.228
1022.83	85.069
1022.99	80.765
1023.15	78.458
1023.31	80.689
1023.47	80.289
1023.63	90.127
1023.79	78.885
1023.95	81.788
1024.10	80.112
1024.26	77.360
1024.42	75.652
1024.58	79.022
1024.74	78.240
1024.90	81.084
1025.06	78.436
1025.22	86.217
1025.38	80.701
1025.54	86.139
1025.70	88.023
1025.86	79.454
1026.02	79.603
1026.18	85.165
1026.34	83.333
1026.50	78.626
1026.66	83.183
1026.82	81.415
1026.98	77.010
1027.13	77.805
1027.29	81.643
1027.45	81.479
1027.61	82.577
1027.77	75.015
1027.93	81.321
1028.09	81.538
1028.25	80.860
1028.41	87.750
1028.57	81.078
1028.73	83.775
1028.88	91.710
1029.04	86.418
1029.20	78.207
1029.36	77.820
1029.52	84.923
1029.68	72.393
1029.84	81.843
1030.00	91.249
1030.16	78.373
1030.32	82.642
1030.47	79.888
1030.63	81.928
1030.79	78.512
1030.95	76.979
1031.11	82.081
1031.27	82.254
1031.43	89.321
1031.59	79.271
1031.74	85.573
1031.90	80.402
1032.06	67.961
1032.22	81.832
1032.38	83.029
1032.54	83.010
1032.69	72.654
1032.85	74.685
1033.01	84.343
1033.17	85.647
1033.33	81.344
1033.49	86.184
1033.65	71.463
1033.80	82.480
1033.96	72.089
1034.12	74.014
1034.28	77.572
1034.44	84.355
1034.60	88.342
1034.75	78.876
1034.91	81.126
1035.07	81.317
1035.23	80.981
1035.39	89.408
1035.54	90.557
1035.70	76.800
1035.86	80.939
1036.02	84.798
1036.18	72.537
1036.33	79.541
1036.49	87.984
1036.65	74.281
1036.81	69.154
1036.97	77.110
1037.12	87.418
1037.28	72.727
1037.44	76.389
1037.60	85.354
1037.76	81.212
1037.91	78.405
1038.07	73.004
1038.23	77.875
1038.39	92.197
1038.54	70.027
1038.70	76.273
1038.86	82.022
1039.02	77.075
1039.17	80.888
1039.33	100.340
1039.49	70.296
1039.65	82.387
1039.80	79.003
1039.96	85.142
1040.12	79.548
1040.28	78.107
>>>>> Data<<<<< Espectral Procesado Extremo
