Fichero De Datos De SpectraSuite
++++++++++++++++++++++++++++++++++++
Fecha: Mon Jun 29 11:35:10 CST 2026
Usuario: HP
Presente Oscuro Del Espectro: Sí
La Referencia de Presente Del Espectro De: Sí
Muestreados de los componentes de Número de espectros: 1
Espectrómetros: USB4H06056
Tiempo de integración (usec): 300000 (USB4H06056)
Promedio de Espectros Hechos un: 5 (USB4H06056)
El Alisar Del Furgón: 0 (USB4H06056)
Párrafo de de Corregir del la del del de Eléctrica del obscuridad: No (USB4H06056)
Estrobo/Lámpara Permitido: No (USB4H06056)
Correct for Detector Non-linearity: No (USB4H06056)
Párrafo de de Corregir del la del del de Externa del luz: No (USB4H06056)
Procesado del espectro de Número de pixeles en: 3648
>>>>> Comienza Data<<<<< Espectral Procesado Del EL
345.09	-101.724
345.30	-101.724
345.52	-101.724
345.74	-166.667
345.95	-15.254
346.17	206.122
346.39	-884.211
346.60	147.674
346.82	-61.017
347.04	-128.947
347.25	247.541
347.47	133.846
347.69	-40.984
347.90	-27.632
348.12	-333.333
348.34	-167.647
348.56	-3.448
348.77	-60.417
348.99	100.000
349.21	54.545
349.42	76.866
349.64	9.615
349.86	59.783
350.07	111.523
350.29	89.202
350.51	74.372
350.72	58.065
350.94	78.261
351.16	100.000
351.37	11.111
351.59	-40.645
351.81	9.821
352.02	40.566
352.24	40.152
352.46	87.692
352.67	65.455
352.89	193.077
353.10	33.186
353.32	39.130
353.54	252.174
353.75	187.500
353.97	74.532
354.19	51.852
354.40	61.009
354.62	74.872
354.84	22.162
355.05	21.318
355.27	132.911
355.49	86.900
355.70	86.957
355.92	63.087
356.14	97.917
356.35	102.158
356.57	107.514
356.78	54.500
357.00	107.556
357.22	165.986
357.43	34.783
357.65	114.465
357.87	44.330
358.08	166.667
358.30	53.896
358.51	87.113
358.73	70.996
358.95	127.027
359.16	73.362
359.38	54.043
359.60	53.782
359.81	80.000
360.03	100.503
360.24	63.861
360.46	188.235
360.68	42.754
360.89	92.814
361.11	48.462
361.33	62.385
361.54	109.217
361.76	144.156
361.97	69.939
362.19	168.041
362.41	83.088
362.62	95.726
362.84	56.329
363.05	41.071
363.27	59.669
363.49	66.518
363.70	129.245
363.92	100.000
364.13	76.305
364.35	21.939
364.57	68.421
364.78	125.843
365.00	71.429
365.21	70.139
365.43	93.548
365.65	42.138
365.86	58.852
366.08	56.463
366.29	68.047
366.51	72.523
366.73	103.211
366.94	221.008
367.16	79.775
367.37	125.806
367.59	67.021
367.80	-7.527
368.02	145.614
368.24	92.042
368.45	70.996
368.67	127.811
368.88	70.000
369.10	43.787
369.31	63.675
369.53	111.439
369.75	96.313
369.96	114.159
370.18	107.895
370.39	100.000
370.61	46.473
370.82	104.831
371.04	163.025
371.26	105.780
371.47	66.875
371.69	114.912
371.90	74.000
372.12	62.228
372.33	52.294
372.55	83.333
372.76	78.302
372.98	117.742
373.20	153.723
373.41	128.713
373.63	170.330
373.84	86.667
374.06	107.104
374.27	111.960
374.49	86.700
374.70	58.301
374.92	35.547
375.13	100.357
375.35	117.327
375.57	78.277
375.78	95.197
376.00	116.327
376.21	105.792
376.43	88.645
376.64	84.772
376.86	221.583
377.07	74.275
377.29	68.013
377.50	96.104
377.72	58.462
377.93	93.056
378.15	50.370
378.36	78.862
378.58	98.895
378.80	232.500
379.01	104.858
379.23	98.396
379.44	110.400
379.66	145.802
379.87	56.471
380.09	121.154
380.30	84.354
380.52	130.093
380.73	84.783
380.95	68.536
381.16	96.864
381.38	90.557
381.59	95.706
381.81	98.907
382.02	162.644
382.24	105.963
382.45	58.115
382.67	119.835
382.88	101.613
383.10	77.719
383.31	105.505
383.53	76.540
383.74	75.556
383.96	140.000
384.17	63.492
384.39	91.304
384.60	90.367
384.82	91.603
385.03	87.952
385.25	79.233
385.46	138.462
385.68	118.182
385.89	90.237
386.11	120.915
386.32	76.282
386.54	122.635
386.75	67.330
386.97	112.157
387.18	74.769
387.40	104.065
387.61	115.972
387.83	78.426
388.04	117.284
388.25	82.991
388.47	97.281
388.68	109.804
388.90	106.117
389.11	108.046
389.33	86.364
389.54	83.967
389.76	105.667
389.97	104.290
390.19	87.143
390.40	110.774
390.62	105.097
390.83	109.466
391.05	82.094
391.26	99.074
391.47	116.434
391.69	112.788
391.90	99.097
392.12	106.604
392.33	64.653
392.55	81.364
392.76	65.248
392.98	115.232
393.19	84.350
393.41	113.649
393.62	88.298
393.83	85.880
394.05	94.570
394.26	95.455
394.48	117.217
394.69	94.444
394.91	98.969
395.12	88.345
395.34	76.368
395.55	90.361
395.76	100.498
395.98	104.444
396.19	96.176
396.41	98.498
396.62	85.530
396.84	102.059
397.05	96.264
397.26	92.944
397.48	93.388
397.69	100.532
397.91	96.154
398.12	88.163
398.33	88.827
398.55	89.157
398.76	92.000
398.98	86.335
399.19	117.391
399.41	106.000
399.62	96.614
399.83	79.074
400.05	109.440
400.26	89.550
400.48	90.766
400.69	87.432
400.90	78.067
401.12	89.120
401.33	65.082
401.55	91.855
401.76	80.000
401.97	109.608
402.19	101.354
402.40	87.903
402.62	96.444
402.83	102.754
403.04	78.947
403.26	88.772
403.47	76.758
403.69	75.000
403.90	86.384
404.11	106.602
404.33	73.258
404.54	95.560
404.76	91.828
404.97	78.367
405.18	96.835
405.40	84.118
405.61	75.035
405.83	82.290
406.04	78.370
406.25	79.185
406.47	76.369
406.68	73.492
406.89	83.209
407.11	91.756
407.32	89.875
407.54	71.580
407.75	83.153
407.96	90.409
408.18	59.343
408.39	79.108
408.60	64.409
408.82	88.583
409.03	78.839
409.24	76.215
409.46	74.939
409.67	76.139
409.89	67.606
410.10	67.677
410.31	87.615
410.53	69.820
410.74	76.813
410.95	73.390
411.17	71.358
411.38	72.236
411.59	72.294
411.81	64.469
412.02	73.572
412.23	71.140
412.45	67.094
412.66	69.415
412.87	65.886
413.09	75.499
413.30	60.714
413.51	71.969
413.73	68.045
413.94	67.150
414.15	65.098
414.37	60.646
414.58	65.641
414.79	52.092
415.01	59.789
415.22	52.973
415.43	52.739
415.65	63.202
415.86	49.451
416.07	56.188
416.29	60.058
416.50	49.532
416.71	43.216
416.93	53.776
417.14	46.546
417.35	49.626
417.57	48.454
417.78	43.133
417.99	49.478
418.21	50.132
418.42	45.695
418.63	52.993
418.85	187.108
419.06	47.780
419.27	44.377
419.48	47.511
419.70	41.671
419.91	44.761
420.12	40.180
420.34	41.777
420.55	44.729
420.76	43.747
420.98	40.133
421.19	40.099
421.40	41.344
421.61	38.513
421.83	38.695
422.04	42.702
422.25	34.407
422.47	40.092
422.68	37.452
422.89	41.937
423.11	31.845
423.32	34.773
423.53	31.322
423.74	35.579
423.96	38.658
424.17	34.761
424.38	36.935
424.59	35.868
424.81	32.502
425.02	31.202
425.23	33.446
425.45	29.604
425.66	31.847
425.87	30.563
426.08	31.957
426.30	31.242
426.51	31.254
426.72	30.830
426.93	30.626
427.15	28.945
427.36	30.243
427.57	29.276
427.79	29.600
428.00	27.139
428.21	36.096
428.42	31.378
428.64	28.501
428.85	26.794
429.06	30.301
429.27	27.314
429.49	27.789
429.70	27.813
429.91	28.718
430.12	28.906
430.34	29.574
430.55	26.488
430.76	27.162
430.97	28.842
431.19	27.905
431.40	27.070
431.61	28.327
431.82	27.505
432.03	26.109
432.25	27.406
432.46	27.283
432.67	28.934
432.88	24.390
433.10	26.923
433.31	27.439
433.52	26.370
433.73	27.093
433.95	28.256
434.16	24.113
434.37	25.812
434.58	26.219
434.79	25.961
435.01	28.577
435.22	27.921
435.43	26.649
435.64	27.711
435.86	24.406
436.07	26.629
436.28	26.956
436.49	23.468
436.70	25.286
436.92	24.954
437.13	25.285
437.34	25.009
437.55	26.636
437.76	26.485
437.98	25.569
438.19	26.328
438.40	22.583
438.61	25.767
438.82	21.894
439.04	24.956
439.25	25.783
439.46	26.219
439.67	27.081
439.88	23.104
440.10	26.344
440.31	24.693
440.52	24.075
440.73	24.879
440.94	25.722
441.16	24.696
441.37	24.516
441.58	26.112
441.79	26.186
442.00	24.293
442.21	24.813
442.43	23.435
442.64	25.646
442.85	24.241
443.06	25.011
443.27	25.077
443.48	25.321
443.70	25.891
443.91	26.626
444.12	24.626
444.33	25.201
444.54	26.493
444.75	25.377
444.97	26.300
445.18	24.427
445.39	23.209
445.60	25.029
445.81	23.667
446.02	24.414
446.24	25.370
446.45	24.801
446.66	25.386
446.87	25.525
447.08	25.919
447.29	23.766
447.51	26.561
447.72	24.453
447.93	23.492
448.14	24.694
448.35	23.623
448.56	25.398
448.77	25.867
448.99	24.430
449.20	25.055
449.41	24.569
449.62	23.695
449.83	25.641
450.04	25.511
450.25	25.175
450.46	23.566
450.68	24.307
450.89	23.828
451.10	24.909
451.31	24.518
451.52	26.598
451.73	26.088
451.94	24.881
452.15	25.634
452.37	24.485
452.58	26.582
452.79	24.602
453.00	24.619
453.21	26.073
453.42	25.530
453.63	24.864
453.84	25.656
454.06	24.976
454.27	25.390
454.48	25.962
454.69	24.472
454.90	26.191
455.11	25.995
455.32	24.654
455.53	24.974
455.74	28.150
455.95	25.092
456.17	25.342
456.38	25.228
456.59	25.785
456.80	24.774
457.01	26.302
457.22	25.036
457.43	25.623
457.64	24.997
457.85	26.387
458.06	26.616
458.27	26.142
458.49	26.252
458.70	25.423
458.91	26.471
459.12	25.956
459.33	25.896
459.54	25.636
459.75	24.550
459.96	24.770
460.17	25.513
460.38	26.543
460.59	26.763
460.80	26.307
461.01	25.414
461.23	25.359
461.44	25.738
461.65	26.266
461.86	27.092
462.07	25.840
462.28	23.966
462.49	26.831
462.70	26.680
462.91	27.369
463.12	26.968
463.33	26.335
463.54	26.308
463.75	27.188
463.96	27.047
464.17	25.767
464.38	27.004
464.59	25.548
464.81	26.965
465.02	27.567
465.23	25.610
465.44	25.045
465.65	27.249
465.86	27.207
466.07	26.415
466.28	26.986
466.49	27.788
466.70	26.160
466.91	25.635
467.12	26.596
467.33	26.862
467.54	26.285
467.75	26.574
467.96	28.015
468.17	26.647
468.38	27.267
468.59	26.753
468.80	27.083
469.01	27.115
469.22	25.840
469.43	27.085
469.64	26.725
469.85	27.517
470.06	26.460
470.27	26.407
470.48	26.787
470.69	28.300
470.90	25.622
471.11	26.732
471.32	26.128
471.53	26.961
471.74	26.469
471.95	26.626
472.16	26.768
472.37	26.403
472.58	26.638
472.79	26.376
473.00	26.246
473.21	27.395
473.42	26.100
473.63	27.824
473.84	27.850
474.05	26.385
474.26	27.300
474.47	26.827
474.68	28.077
474.89	25.912
475.10	27.320
475.31	25.720
475.52	26.439
475.73	27.085
475.94	26.207
476.15	26.843
476.36	27.033
476.57	27.174
476.78	27.443
476.99	27.092
477.20	26.250
477.41	27.413
477.62	27.063
477.83	27.539
478.04	27.132
478.25	26.667
478.46	27.153
478.67	26.815
478.88	28.013
479.09	26.807
479.30	27.357
479.51	26.026
479.72	27.405
479.93	26.933
480.14	26.978
480.35	26.694
480.56	26.839
480.77	27.801
480.98	27.282
481.18	27.157
481.39	27.146
481.60	27.035
481.81	27.034
482.02	26.986
482.23	27.767
482.44	26.922
482.65	27.246
482.86	27.365
483.07	26.395
483.28	27.631
483.49	26.923
483.70	27.057
483.91	27.637
484.12	27.545
484.33	27.181
484.53	27.316
484.74	26.713
484.95	28.086
485.16	27.877
485.37	27.483
485.58	26.822
485.79	27.449
486.00	27.617
486.21	26.792
486.42	27.659
486.63	26.995
486.84	27.047
487.05	27.396
487.25	27.393
487.46	27.246
487.67	27.009
487.88	28.063
488.09	28.053
488.30	27.736
488.51	20.094
488.72	26.257
488.93	27.640
489.14	26.620
489.35	27.564
489.55	27.489
489.76	27.558
489.97	27.506
490.18	27.519
490.39	27.136
490.60	28.156
490.81	27.242
491.02	27.606
491.23	27.397
491.43	28.066
491.64	27.507
491.85	27.461
492.06	27.800
492.27	27.692
492.48	27.425
492.69	27.696
492.90	27.720
493.11	27.591
493.31	27.341
493.52	27.498
493.73	27.364
493.94	27.864
494.15	26.842
494.36	27.724
494.57	27.942
494.78	28.392
494.98	28.042
495.19	28.032
495.40	28.344
495.61	27.583
495.82	27.610
496.03	27.795
496.24	27.734
496.44	28.310
496.65	28.234
496.86	27.627
497.07	27.981
497.28	28.440
497.49	27.713
497.70	28.005
497.90	28.416
498.11	28.017
498.32	27.993
498.53	28.525
498.74	27.706
498.95	27.759
499.15	27.885
499.36	28.328
499.57	27.936
499.78	27.980
499.99	28.184
500.20	27.953
500.40	28.487
500.61	27.661
500.82	27.654
501.03	28.369
501.24	27.969
501.45	28.059
501.65	27.849
501.86	28.252
502.07	28.306
502.28	28.450
502.49	28.373
502.70	27.963
502.90	27.843
503.11	27.591
503.32	28.109
503.53	28.376
503.74	28.418
503.94	28.249
504.15	27.731
504.36	28.476
504.57	28.069
504.78	28.507
504.98	27.850
505.19	27.874
505.40	28.272
505.61	27.781
505.82	28.101
506.02	28.587
506.23	28.113
506.44	28.315
506.65	28.527
506.86	28.227
507.06	28.107
507.27	28.510
507.48	28.265
507.69	28.149
507.90	28.385
508.10	29.058
508.31	28.488
508.52	28.573
508.73	28.831
508.94	28.652
509.14	28.622
509.35	28.517
509.56	28.533
509.77	29.119
509.97	28.930
510.18	28.016
510.39	28.690
510.60	28.918
510.80	29.091
511.01	28.503
511.22	28.577
511.43	28.631
511.64	28.473
511.84	28.422
512.05	28.609
512.26	28.508
512.47	28.502
512.67	28.380
512.88	28.944
513.09	29.195
513.30	29.178
513.50	28.925
513.71	29.140
513.92	29.078
514.13	28.846
514.33	28.805
514.54	29.267
514.75	28.990
514.96	28.883
515.16	29.494
515.37	29.024
515.58	29.061
515.78	29.087
515.99	29.736
516.20	29.417
516.41	29.370
516.61	29.733
516.82	29.659
517.03	29.468
517.24	29.367
517.44	29.696
517.65	29.611
517.86	29.281
518.07	30.176
518.27	29.338
518.48	29.739
518.69	29.559
518.89	29.464
519.10	30.041
519.31	29.927
519.52	30.119
519.72	30.471
519.93	29.847
520.14	30.475
520.34	30.255
520.55	30.163
520.76	30.348
520.96	30.449
521.17	30.246
521.38	30.598
521.59	30.704
521.79	30.214
522.00	30.836
522.21	30.529
522.41	30.868
522.62	30.959
522.83	31.000
523.03	31.208
523.24	31.124
523.45	30.711
523.66	31.164
523.86	31.064
524.07	31.285
524.28	30.967
524.48	31.315
524.69	31.236
524.90	31.377
525.10	31.437
525.31	31.389
525.52	31.660
525.72	31.413
525.93	31.517
526.14	31.660
526.34	31.991
526.55	32.384
526.76	31.630
526.96	32.080
527.17	31.909
527.38	32.101
527.58	31.967
527.79	31.982
528.00	32.087
528.20	32.799
528.41	32.177
528.62	32.447
528.82	32.475
529.03	33.078
529.24	33.036
529.44	32.572
529.65	32.955
529.85	33.066
530.06	32.834
530.27	32.717
530.47	32.710
530.68	32.461
530.89	33.072
531.09	32.902
531.30	33.257
531.51	32.933
531.71	33.360
531.92	33.799
532.13	33.344
532.33	33.386
532.54	33.244
532.74	33.404
532.95	33.166
533.16	33.173
533.36	33.366
533.57	33.454
533.78	33.956
533.98	34.492
534.19	33.935
534.39	34.240
534.60	34.056
534.81	33.694
535.01	33.399
535.22	33.413
535.42	34.089
535.63	34.262
535.84	34.124
536.04	33.561
536.25	33.835
536.45	33.894
536.66	34.075
536.87	34.480
537.07	34.447
537.28	33.850
537.48	33.965
537.69	34.157
537.90	34.645
538.10	34.188
538.31	33.788
538.51	34.279
538.72	34.674
538.93	34.096
539.13	34.473
539.34	34.751
539.54	34.229
539.75	34.693
539.96	34.503
540.16	34.547
540.37	34.584
540.57	34.469
540.78	34.671
540.98	34.672
541.19	34.814
541.40	34.300
541.60	34.332
541.81	34.497
542.01	34.569
542.22	34.552
542.42	34.767
542.63	34.539
542.83	34.330
543.04	34.616
543.25	34.705
543.45	34.191
543.66	34.342
543.86	34.833
544.07	34.764
544.27	34.480
544.48	34.702
544.68	34.626
544.89	34.611
545.10	34.427
545.30	35.101
545.51	34.776
545.71	34.393
545.92	34.404
546.12	34.840
546.33	34.871
546.53	34.220
546.74	35.462
546.94	35.043
547.15	34.549
547.36	34.849
547.56	34.696
547.77	34.916
547.97	34.394
548.18	34.669
548.38	34.849
548.59	35.260
548.79	34.684
549.00	34.648
549.20	34.690
549.41	34.820
549.61	34.562
549.82	34.876
550.02	34.934
550.23	34.880
550.43	34.916
550.64	35.082
550.84	34.986
551.05	34.881
551.25	34.873
551.46	34.879
551.66	35.085
551.87	34.980
552.07	35.106
552.28	35.283
552.48	34.795
552.69	35.151
552.89	34.988
553.10	34.471
553.30	35.437
553.51	35.184
553.71	35.422
553.92	34.878
554.12	34.951
554.33	35.001
554.53	34.904
554.74	35.035
554.94	35.478
555.15	34.845
555.35	35.242
555.56	35.166
555.76	35.224
555.97	35.394
556.17	35.043
556.38	35.366
556.58	35.141
556.78	35.519
556.99	35.228
557.19	35.287
557.40	35.078
557.60	35.127
557.81	35.604
558.01	35.327
558.22	35.009
558.42	34.927
558.63	35.187
558.83	35.117
559.04	35.409
559.24	35.156
559.44	35.073
559.65	35.159
559.85	35.832
560.06	35.075
560.26	35.243
560.47	34.922
560.67	31.377
560.88	35.437
561.08	35.200
561.28	35.178
561.49	35.045
561.69	35.344
561.90	34.973
562.10	34.992
562.31	35.184
562.51	35.041
562.71	34.858
562.92	34.807
563.12	34.822
563.33	34.853
563.53	34.729
563.74	35.127
563.94	34.709
564.14	34.945
564.35	35.008
564.55	34.708
564.76	34.874
564.96	34.940
565.17	34.826
565.37	34.757
565.57	34.386
565.78	34.929
565.98	34.907
566.19	34.650
566.39	34.508
566.59	34.458
566.80	34.852
567.00	34.322
567.21	34.525
567.41	34.813
567.61	34.692
567.82	34.499
568.02	34.260
568.23	34.442
568.43	34.480
568.63	34.382
568.84	34.257
569.04	34.102
569.24	34.702
569.45	34.192
569.65	34.025
569.86	34.208
570.06	34.370
570.26	34.158
570.47	34.150
570.67	34.288
570.87	34.279
571.08	34.058
571.28	33.899
571.49	33.878
571.69	33.655
571.89	33.881
572.10	33.998
572.30	33.679
572.50	33.887
572.71	33.805
572.91	33.729
573.11	33.593
573.32	33.894
573.52	33.736
573.73	33.619
573.93	33.545
574.13	33.512
574.34	33.392
574.54	33.301
574.74	33.477
574.95	33.132
575.15	33.467
575.35	33.226
575.56	33.283
575.76	33.265
575.96	33.120
576.17	33.267
576.37	33.413
576.57	32.750
576.78	32.994
576.98	32.844
577.18	33.069
577.39	33.180
577.59	33.002
577.79	32.944
578.00	32.585
578.20	32.708
578.40	32.610
578.61	32.516
578.81	32.561
579.01	32.566
579.22	32.511
579.42	32.445
579.62	32.768
579.82	32.517
580.03	32.926
580.23	32.399
580.43	32.133
580.64	32.607
580.84	32.334
581.04	32.141
581.25	32.366
581.45	32.478
581.65	32.318
581.86	32.275
582.06	32.216
582.26	32.018
582.46	32.776
582.67	31.973
582.87	32.224
583.07	32.183
583.28	32.395
583.48	31.884
583.68	32.150
583.88	31.980
584.09	32.097
584.29	31.909
584.49	31.936
584.70	32.221
584.90	31.925
585.10	32.065
585.30	31.961
585.51	32.023
585.71	31.604
585.91	31.795
586.11	31.548
586.32	31.626
586.52	31.907
586.72	31.776
586.92	31.424
587.13	31.768
587.33	32.044
587.53	31.570
587.74	31.524
587.94	31.685
588.14	31.253
588.34	31.780
588.55	31.459
588.75	31.541
588.95	31.439
589.15	31.146
589.36	31.491
589.56	31.559
589.76	31.575
589.96	31.713
590.16	31.809
590.37	31.390
590.57	31.521
590.77	31.409
590.97	31.413
591.18	31.436
591.38	31.273
591.58	31.424
591.78	31.135
591.99	31.191
592.19	31.357
592.39	31.097
592.59	31.230
592.79	31.287
593.00	31.118
593.20	31.218
593.40	31.198
593.60	31.271
593.81	31.143
594.01	31.307
594.21	30.729
594.41	31.208
594.61	30.880
594.82	30.971
595.02	31.110
595.22	30.885
595.42	30.813
595.62	30.944
595.83	30.716
596.03	31.097
596.23	30.826
596.43	31.095
596.63	31.093
596.84	31.048
597.04	30.769
597.24	30.952
597.44	31.030
597.64	30.766
597.84	30.644
598.05	30.700
598.25	30.585
598.45	30.871
598.65	30.908
598.85	31.205
599.06	30.935
599.26	30.840
599.46	30.706
599.66	30.404
599.86	30.844
600.06	30.622
600.27	30.535
600.47	30.764
600.67	30.603
600.87	30.829
601.07	30.821
601.27	31.116
601.48	30.449
601.68	30.525
601.88	30.574
602.08	30.756
602.28	30.866
602.48	30.648
602.68	30.726
602.89	30.906
603.09	30.843
603.29	30.704
603.49	30.637
603.69	30.563
603.89	31.157
604.09	30.902
604.30	31.021
604.50	30.685
604.70	30.796
604.90	30.784
605.10	30.695
605.30	30.654
605.50	30.582
605.71	30.730
605.91	30.907
606.11	30.697
606.31	30.735
606.51	30.924
606.71	30.648
606.91	30.743
607.11	30.569
607.32	30.480
607.52	30.797
607.72	30.526
607.92	30.694
608.12	30.501
608.32	30.497
608.52	30.831
608.72	30.878
608.92	30.672
609.12	30.454
609.33	30.452
609.53	30.710
609.73	30.757
609.93	30.822
610.13	30.524
610.33	30.592
610.53	30.617
610.73	30.353
610.93	30.896
611.13	30.795
611.34	30.588
611.54	30.532
611.74	30.393
611.94	30.633
612.14	30.447
612.34	30.675
612.54	30.356
612.74	30.540
612.94	30.897
613.14	30.510
613.34	30.633
613.54	30.710
613.74	30.770
613.95	30.499
614.15	30.438
614.35	30.538
614.55	30.184
614.75	30.470
614.95	30.234
615.15	30.566
615.35	30.612
615.55	30.390
615.75	30.508
615.95	30.413
616.15	30.333
616.35	30.193
616.55	30.372
616.75	30.181
616.95	30.390
617.15	30.332
617.35	30.317
617.56	30.267
617.76	30.627
617.96	30.371
618.16	30.506
618.36	30.138
618.56	30.443
618.76	30.092
618.96	30.310
619.16	30.278
619.36	30.472
619.56	30.247
619.76	30.482
619.96	30.256
620.16	30.431
620.36	30.274
620.56	30.210
620.76	30.207
620.96	30.043
621.16	30.222
621.36	29.861
621.56	30.308
621.76	30.354
621.96	30.319
622.16	30.252
622.36	30.246
622.56	30.410
622.76	30.205
622.96	30.019
623.16	30.308
623.36	30.134
623.56	30.159
623.76	30.222
623.96	30.287
624.16	30.108
624.36	30.118
624.56	30.121
624.76	30.169
624.96	30.092
625.16	30.279
625.36	30.060
625.56	30.241
625.76	30.231
625.96	30.043
626.16	29.917
626.36	30.123
626.56	30.068
626.76	30.271
626.96	30.202
627.16	29.893
627.36	29.941
627.56	30.109
627.76	30.118
627.96	30.166
628.16	30.121
628.36	29.886
628.56	29.830
628.75	29.848
628.95	29.935
629.15	29.918
629.35	29.967
629.55	30.079
629.75	30.202
629.95	30.145
630.15	29.860
630.35	30.086
630.55	30.056
630.75	29.781
630.95	29.857
631.15	29.546
631.35	29.879
631.55	29.691
631.75	29.832
631.95	30.080
632.15	29.726
632.34	29.890
632.54	30.156
632.74	30.080
632.94	30.215
633.14	30.035
633.34	29.857
633.54	29.923
633.74	30.020
633.94	30.011
634.14	30.068
634.34	29.993
634.54	30.057
634.74	29.832
634.93	29.870
635.13	29.980
635.33	29.969
635.53	29.766
635.73	29.718
635.93	29.912
636.13	29.938
636.33	29.708
636.53	29.779
636.73	30.055
636.93	29.536
637.12	29.602
637.32	29.802
637.52	29.729
637.72	29.755
637.92	29.773
638.12	29.990
638.32	29.594
638.52	29.772
638.72	29.912
638.91	29.421
639.11	29.793
639.31	29.674
639.51	29.676
639.71	29.479
639.91	29.397
640.11	29.567
640.31	29.554
640.50	29.356
640.70	29.745
640.90	29.386
641.10	29.651
641.30	29.635
641.50	29.667
641.70	29.534
641.89	29.288
642.09	29.301
642.29	29.303
642.49	29.370
642.69	29.337
642.89	29.270
643.09	29.490
643.28	29.614
643.48	29.581
643.68	29.207
643.88	29.310
644.08	29.367
644.28	29.444
644.48	29.439
644.67	29.795
644.87	29.360
645.07	29.374
645.27	29.398
645.47	29.294
645.67	29.521
645.86	29.192
646.06	29.242
646.26	29.158
646.46	29.361
646.66	29.109
646.85	29.069
647.05	29.042
647.25	29.471
647.45	28.995
647.65	29.228
647.85	29.240
648.04	29.162
648.24	29.384
648.44	28.982
648.64	29.088
648.84	29.055
649.03	29.191
649.23	28.875
649.43	29.001
649.63	29.070
649.83	29.011
650.02	29.195
650.22	29.188
650.42	29.327
650.62	29.074
650.82	28.828
651.01	29.106
651.21	28.906
651.41	28.924
651.61	28.938
651.81	29.068
652.00	29.396
652.20	29.092
652.40	28.951
652.60	28.891
652.79	28.938
652.99	28.937
653.19	29.208
653.39	28.946
653.59	28.883
653.78	28.934
653.98	28.799
654.18	28.791
654.38	28.990
654.57	28.771
654.77	28.745
654.97	29.269
655.17	28.940
655.36	28.960
655.56	28.609
655.76	29.010
655.96	28.708
656.15	28.609
656.35	28.750
656.55	28.692
656.75	29.035
656.94	28.801
657.14	29.098
657.34	28.990
657.54	28.923
657.73	28.973
657.93	28.886
658.13	28.632
658.33	28.875
658.52	28.825
658.72	29.295
658.92	28.936
659.11	28.893
659.31	28.752
659.51	28.946
659.71	28.840
659.90	28.861
660.10	28.669
660.30	29.008
660.50	29.034
660.69	28.795
660.89	28.772
661.09	28.872
661.28	28.723
661.48	28.477
661.68	28.696
661.87	28.955
662.07	28.797
662.27	28.879
662.47	28.716
662.66	28.659
662.86	29.096
663.06	28.778
663.25	28.912
663.45	28.714
663.65	29.005
663.84	28.700
664.04	28.844
664.24	28.852
664.44	28.331
664.63	28.506
664.83	29.038
665.03	28.699
665.22	28.918
665.42	28.826
665.62	28.801
665.81	28.708
666.01	28.699
666.21	28.780
666.40	28.755
666.60	29.057
666.80	29.053
666.99	28.798
667.19	28.541
667.39	28.944
667.58	29.000
667.78	28.835
667.98	28.880
668.17	28.961
668.37	28.690
668.57	28.780
668.76	28.877
668.96	28.775
669.16	28.967
669.35	29.041
669.55	29.210
669.74	28.825
669.94	28.819
670.14	28.837
670.33	28.887
670.53	28.580
670.73	28.758
670.92	28.587
671.12	28.838
671.32	28.660
671.51	28.933
671.71	28.913
671.90	29.044
672.10	28.724
672.30	28.955
672.49	28.822
672.69	28.793
672.89	28.724
673.08	28.625
673.28	28.641
673.47	28.799
673.67	28.624
673.87	28.931
674.06	28.713
674.26	28.549
674.45	28.694
674.65	28.958
674.85	28.915
675.04	28.998
675.24	28.838
675.43	29.032
675.63	29.026
675.83	28.841
676.02	29.088
676.22	28.869
676.41	28.964
676.61	28.832
676.81	29.012
677.00	28.808
677.20	28.948
677.39	28.697
677.59	29.004
677.79	28.856
677.98	29.143
678.18	28.891
678.37	28.920
678.57	29.064
678.76	29.261
678.96	28.800
679.16	28.994
679.35	28.951
679.55	28.883
679.74	29.168
679.94	28.773
680.13	29.007
680.33	29.154
680.53	29.084
680.72	29.206
680.92	29.127
681.11	29.176
681.31	28.936
681.50	28.945
681.70	29.171
681.89	29.136
682.09	29.197
682.28	29.390
682.48	29.197
682.68	29.260
682.87	29.370
683.07	29.363
683.26	29.378
683.46	28.921
683.65	29.207
683.85	29.084
684.04	28.964
684.24	29.115
684.43	29.198
684.63	28.803
684.82	29.454
685.02	29.317
685.21	29.297
685.41	29.011
685.60	29.277
685.80	29.624
686.00	29.037
686.19	29.282
686.39	29.325
686.58	29.630
686.78	29.228
686.97	28.948
687.17	29.095
687.36	29.615
687.56	29.425
687.75	29.197
687.95	29.443
688.14	29.629
688.34	29.517
688.53	29.320
688.73	29.600
688.92	29.840
689.12	29.502
689.31	29.398
689.51	29.574
689.70	29.310
689.89	29.210
690.09	29.490
690.28	29.280
690.48	29.391
690.67	29.452
690.87	29.658
691.06	29.422
691.26	29.648
691.45	29.656
691.65	29.493
691.84	29.719
692.04	29.816
692.23	29.845
692.43	29.749
692.62	29.983
692.82	29.707
693.01	29.791
693.20	29.692
693.40	30.214
693.59	30.050
693.79	30.206
693.98	30.035
694.18	30.091
694.37	30.257
694.57	30.308
694.76	30.293
694.95	30.718
695.15	30.656
695.34	30.525
695.54	30.560
695.73	30.606
695.93	30.581
696.12	30.900
696.32	30.905
696.51	31.272
696.70	31.561
696.90	31.044
697.09	31.566
697.29	31.390
697.48	31.644
697.67	31.692
697.87	31.646
698.06	32.092
698.26	32.179
698.45	32.118
698.65	32.022
698.84	32.105
699.03	32.392
699.23	32.619
699.42	33.026
699.62	33.030
699.81	33.138
700.00	32.984
700.20	33.512
700.39	33.653
700.59	33.865
700.78	33.817
700.97	33.920
701.17	34.104
701.36	34.157
701.56	34.491
701.75	34.611
701.94	34.443
702.14	35.106
702.33	35.247
702.52	35.478
702.72	35.708
702.91	35.984
703.11	35.785
703.30	36.007
703.49	36.315
703.69	36.321
703.88	36.308
704.07	36.587
704.27	36.614
704.46	37.302
704.66	37.216
704.85	37.340
705.04	37.545
705.24	37.681
705.43	38.201
705.62	38.246
705.82	38.423
706.01	38.500
706.20	38.924
706.40	38.950
706.59	39.072
706.78	39.362
706.98	39.595
707.17	39.965
707.36	40.111
707.56	40.350
707.75	40.292
707.94	40.882
708.14	40.604
708.33	40.845
708.52	41.214
708.72	40.928
708.91	41.619
709.10	41.697
709.30	41.674
709.49	42.017
709.68	42.560
709.88	42.751
710.07	42.862
710.26	43.010
710.46	43.003
710.65	43.087
710.84	43.428
711.04	43.414
711.23	44.144
711.42	44.423
711.61	43.914
711.81	44.139
712.00	44.811
712.19	44.538
712.39	45.191
712.58	45.452
712.77	45.571
712.97	45.725
713.16	45.678
713.35	45.957
713.54	46.071
713.74	46.498
713.93	46.627
714.12	46.685
714.32	46.845
714.51	47.505
714.70	47.275
714.89	47.548
715.09	47.777
715.28	47.762
715.47	48.072
715.66	48.084
715.86	48.130
716.05	48.477
716.24	49.121
716.44	48.927
716.63	49.503
716.82	49.327
717.01	49.516
717.21	49.705
717.40	49.911
717.59	50.042
717.78	50.116
717.98	50.405
718.17	50.620
718.36	50.811
718.55	51.198
718.75	51.216
718.94	51.577
719.13	51.803
719.32	51.969
719.52	51.969
719.71	52.227
719.90	52.448
720.09	52.330
720.28	52.243
720.48	52.578
720.67	52.823
720.86	53.218
721.05	53.461
721.25	53.709
721.44	53.675
721.63	54.121
721.82	54.093
722.01	54.262
722.21	54.103
722.40	54.642
722.59	54.395
722.78	55.242
722.98	54.889
723.17	55.447
723.36	55.457
723.55	55.580
723.74	56.186
723.94	55.814
724.13	56.392
724.32	56.570
724.51	56.771
724.70	57.091
724.89	56.936
725.09	57.674
725.28	57.163
725.47	57.482
725.66	57.953
725.85	57.500
726.05	57.983
726.24	57.999
726.43	58.392
726.62	58.566
726.81	58.745
727.00	58.879
727.20	59.306
727.39	59.370
727.58	59.650
727.77	60.023
727.96	59.992
728.15	59.894
728.35	60.174
728.54	60.241
728.73	60.100
728.92	60.430
729.11	60.315
729.30	60.346
729.50	60.811
729.69	61.349
729.88	61.391
730.07	61.481
730.26	61.262
730.45	61.752
730.64	61.891
730.84	62.154
731.03	62.094
731.22	62.081
731.41	62.637
731.60	62.782
731.79	62.695
731.98	62.633
732.18	63.808
732.37	63.148
732.56	63.129
732.75	63.140
732.94	63.940
733.13	64.277
733.32	63.922
733.51	63.778
733.71	63.786
733.90	64.019
734.09	64.809
734.28	64.921
734.47	64.519
734.66	64.673
734.85	65.214
735.04	64.812
735.23	65.015
735.42	65.351
735.62	65.904
735.81	65.401
736.00	65.436
736.19	65.870
736.38	66.095
736.57	65.827
736.76	65.975
736.95	66.145
737.14	65.981
737.33	66.084
737.52	66.378
737.72	66.269
737.91	66.284
738.10	66.717
738.29	66.927
738.48	67.294
738.67	67.006
738.86	67.303
739.05	67.668
739.24	67.629
739.43	67.488
739.62	68.109
739.81	67.893
740.00	68.079
740.19	68.293
740.39	68.599
740.58	68.267
740.77	67.930
740.96	68.133
741.15	67.680
741.34	68.097
741.53	68.404
741.72	68.630
741.91	68.639
742.10	68.865
742.29	68.597
742.48	68.472
742.67	69.037
742.86	68.794
743.05	68.452
743.24	68.849
743.43	69.194
743.62	68.959
743.81	69.117
744.00	69.747
744.19	69.706
744.38	69.742
744.57	69.917
744.76	69.310
744.95	70.054
745.14	69.763
745.33	69.699
745.52	70.125
745.71	69.800
745.90	70.052
746.09	69.629
746.28	70.128
746.47	69.955
746.66	70.577
746.85	70.379
747.04	70.373
747.23	70.711
747.42	70.336
747.61	70.626
747.80	70.527
747.99	70.569
748.18	70.821
748.37	70.550
748.56	70.615
748.75	70.527
748.94	71.085
749.13	70.546
749.32	70.993
749.51	71.253
749.70	71.359
749.89	70.565
750.08	71.112
750.27	71.038
750.46	71.550
750.65	70.899
750.84	71.133
751.03	71.101
751.22	71.653
751.41	71.466
751.60	71.538
751.79	71.441
751.98	71.240
752.17	71.474
752.36	71.354
752.55	71.599
752.74	71.468
752.93	71.566
753.12	72.018
753.30	71.430
753.49	71.706
753.68	71.619
753.87	71.532
754.06	72.166
754.25	71.639
754.44	71.598
754.63	72.009
754.82	71.887
755.01	72.024
755.20	71.786
755.39	72.465
755.58	72.003
755.77	72.127
755.96	71.949
756.14	72.172
756.33	72.480
756.52	72.567
756.71	72.354
756.90	72.079
757.09	71.916
757.28	71.685
757.47	71.786
757.66	72.451
757.85	72.132
758.04	72.212
758.22	72.249
758.41	72.278
758.60	72.551
758.79	71.907
758.98	72.823
759.17	72.631
759.36	72.149
759.55	72.885
759.74	72.429
759.92	72.787
760.11	72.975
760.30	72.701
760.49	72.456
760.68	72.549
760.87	72.449
761.06	72.610
761.25	72.848
761.43	72.096
761.62	72.708
761.81	72.605
762.00	72.489
762.19	73.038
762.38	72.872
762.57	72.753
762.76	72.778
762.94	73.073
763.13	72.834
763.32	72.761
763.51	72.639
763.70	71.990
763.89	72.438
764.07	72.382
764.26	72.666
764.45	72.319
764.64	72.635
764.83	72.468
765.02	72.580
765.21	73.120
765.39	72.722
765.58	73.032
765.77	72.537
765.96	72.336
766.15	72.564
766.34	73.071
766.52	72.669
766.71	72.996
766.90	72.325
767.09	72.760
767.28	72.757
767.46	72.648
767.65	72.442
767.84	72.642
768.03	73.121
768.22	73.061
768.40	72.437
768.59	72.668
768.78	72.840
768.97	72.732
769.16	73.056
769.34	73.388
769.53	72.865
769.72	72.623
769.91	72.839
770.10	72.696
770.28	72.211
770.47	72.960
770.66	72.909
770.85	72.982
771.04	72.990
771.22	73.167
771.41	72.696
771.60	71.773
771.79	72.849
771.98	72.329
772.16	72.890
772.35	72.823
772.54	73.137
772.73	72.824
772.91	72.911
773.10	72.694
773.29	72.530
773.48	72.433
773.66	72.938
773.85	73.226
774.04	72.192
774.23	73.281
774.41	73.089
774.60	72.821
774.79	72.901
774.98	73.053
775.16	72.548
775.35	72.939
775.54	72.493
775.73	72.739
775.91	72.731
776.10	72.623
776.29	73.356
776.48	73.148
776.66	73.357
776.85	73.116
777.04	72.383
777.23	72.204
777.41	72.562
777.60	72.995
777.79	72.839
777.97	72.594
778.16	72.756
778.35	72.843
778.54	72.624
778.72	73.256
778.91	72.701
779.10	72.874
779.28	72.849
779.47	73.500
779.66	73.642
779.85	73.218
780.03	73.835
780.22	72.725
780.41	72.632
780.59	72.803
780.78	72.923
780.97	72.808
781.15	72.911
781.34	72.705
781.53	72.894
781.71	72.890
781.90	73.196
782.09	72.980
782.27	72.950
782.46	73.210
782.65	73.148
782.84	72.959
783.02	72.728
783.21	73.435
783.40	73.137
783.58	72.958
783.77	73.114
783.96	72.255
784.14	72.936
784.33	73.033
784.52	73.152
784.70	73.057
784.89	72.741
785.07	72.724
785.26	72.697
785.45	73.113
785.63	73.089
785.82	73.377
786.01	72.536
786.19	73.275
786.38	73.396
786.57	73.029
786.75	73.138
786.94	72.941
787.13	72.753
787.31	72.700
787.50	72.965
787.68	72.611
787.87	72.905
788.06	73.068
788.24	73.163
788.43	73.101
788.62	73.041
788.80	73.401
788.99	72.803
789.17	72.821
789.36	73.228
789.55	73.229
789.73	72.887
789.92	72.663
790.10	73.126
790.29	72.928
790.48	73.350
790.66	72.863
790.85	72.932
791.03	73.362
791.22	72.770
791.41	72.726
791.59	72.994
791.78	73.086
791.96	72.773
792.15	73.090
792.34	73.616
792.52	73.359
792.71	73.477
792.89	72.925
793.08	72.905
793.27	73.034
793.45	73.102
793.64	72.462
793.82	72.938
794.01	73.121
794.19	72.752
794.38	72.722
794.57	73.180
794.75	73.042
794.94	72.574
795.12	72.743
795.31	72.963
795.49	72.990
795.68	73.181
795.86	73.210
796.05	73.118
796.24	72.823
796.42	72.891
796.61	73.160
796.79	73.178
796.98	73.303
797.16	72.998
797.35	73.493
797.53	72.830
797.72	73.464
797.90	72.993
798.09	72.756
798.27	72.731
798.46	73.103
798.65	73.331
798.83	72.680
799.02	73.059
799.20	73.111
799.39	72.565
799.57	73.016
799.76	73.042
799.94	73.391
800.13	72.936
800.31	73.084
800.50	73.146
800.68	73.450
800.87	73.286
801.05	72.811
801.24	73.125
801.42	72.662
801.61	72.676
801.79	72.880
801.98	72.793
802.16	73.041
802.35	72.522
802.53	73.176
802.72	73.214
802.90	72.879
803.09	73.283
803.27	73.475
803.46	73.584
803.64	73.286
803.83	73.439
804.01	73.553
804.20	73.316
804.38	73.109
804.56	73.207
804.75	72.200
804.93	72.822
805.12	73.227
805.30	73.318
805.49	73.050
805.67	73.142
805.86	73.186
806.04	72.688
806.23	73.174
806.41	73.228
806.59	73.551
806.78	73.056
806.96	73.119
807.15	73.316
807.33	72.955
807.52	72.715
807.70	72.885
807.89	72.742
808.07	73.292
808.25	73.067
808.44	73.187
808.62	72.986
808.81	73.129
808.99	72.830
809.18	72.540
809.36	72.429
809.54	73.383
809.73	72.704
809.91	72.571
810.10	73.529
810.28	73.030
810.47	73.175
810.65	72.871
810.83	73.495
811.02	73.257
811.20	73.138
811.39	72.806
811.57	72.662
811.75	73.052
811.94	72.921
812.12	72.931
812.31	73.340
812.49	73.637
812.67	73.220
812.86	73.358
813.04	73.285
813.23	73.149
813.41	73.413
813.59	73.466
813.78	73.634
813.96	73.542
814.14	73.465
814.33	73.207
814.51	73.285
814.70	72.832
814.88	72.987
815.06	73.412
815.25	73.770
815.43	73.113
815.61	72.769
815.80	73.545
815.98	73.068
816.16	73.010
816.35	72.624
816.53	72.860
816.72	73.234
816.90	73.190
817.08	72.964
817.27	73.627
817.45	73.371
817.63	73.052
817.82	72.887
818.00	73.168
818.18	73.284
818.37	72.977
818.55	72.835
818.73	72.826
818.92	72.724
819.10	72.543
819.28	72.481
819.47	73.256
819.65	73.290
819.83	73.328
820.02	72.952
820.20	73.007
820.38	73.001
820.57	72.605
820.75	73.033
820.93	73.150
821.11	72.985
821.30	72.403
821.48	72.914
821.66	73.061
821.85	72.975
822.03	73.163
822.21	73.010
822.40	73.282
822.58	72.713
822.76	73.148
822.94	73.276
823.13	72.679
823.31	73.673
823.49	73.046
823.68	73.448
823.86	72.810
824.04	72.708
824.22	72.820
824.41	72.724
824.59	73.747
824.77	73.385
824.96	73.193
825.14	73.162
825.32	73.011
825.50	73.241
825.69	72.879
825.87	73.126
826.05	73.488
826.23	73.643
826.42	72.849
826.60	72.189
826.78	73.660
826.96	72.829
827.15	72.966
827.33	73.812
827.51	72.424
827.69	73.560
827.88	72.549
828.06	73.126
828.24	73.214
828.42	72.961
828.61	72.677
828.79	73.394
828.97	73.147
829.15	72.328
829.34	73.272
829.52	73.166
829.70	72.894
829.88	73.608
830.06	73.107
830.25	72.668
830.43	73.217
830.61	73.076
830.79	73.236
830.97	73.392
831.16	73.126
831.34	73.568
831.52	73.346
831.70	73.400
831.89	73.016
832.07	73.045
832.25	73.287
832.43	73.105
832.61	72.769
832.80	73.291
832.98	73.747
833.16	73.301
833.34	73.735
833.52	73.625
833.70	73.401
833.89	72.939
834.07	73.341
834.25	72.612
834.43	73.249
834.61	73.402
834.80	73.360
834.98	72.550
835.16	73.123
835.34	72.826
835.52	73.849
835.70	73.821
835.89	73.339
836.07	73.282
836.25	73.440
836.43	73.176
836.61	73.272
836.79	73.287
836.97	73.366
837.16	73.068
837.34	72.650
837.52	73.052
837.70	73.245
837.88	73.396
838.06	72.759
838.24	73.122
838.43	73.341
838.61	73.555
838.79	72.870
838.97	73.074
839.15	72.803
839.33	73.051
839.51	73.328
839.70	72.797
839.88	72.484
840.06	72.273
840.24	73.250
840.42	73.451
840.60	73.455
840.78	72.791
840.96	73.242
841.14	72.994
841.33	72.999
841.51	73.159
841.69	73.340
841.87	73.374
842.05	73.266
842.23	73.284
842.41	73.544
842.59	73.093
842.77	73.102
842.95	73.849
843.14	72.620
843.32	73.406
843.50	73.194
843.68	73.741
843.86	73.328
844.04	73.492
844.22	73.201
844.40	73.297
844.58	73.304
844.76	73.357
844.94	73.370
845.12	73.658
845.30	73.169
845.49	73.199
845.67	73.299
845.85	73.049
846.03	72.895
846.21	73.339
846.39	73.777
846.57	73.567
846.75	73.006
846.93	73.597
847.11	73.425
847.29	73.367
847.47	72.983
847.65	73.350
847.83	72.942
848.01	73.277
848.19	73.316
848.37	73.584
848.55	73.180
848.73	73.555
848.91	73.230
849.09	73.414
849.27	72.468
849.46	73.357
849.64	73.253
849.82	73.010
850.00	73.054
850.18	73.564
850.36	73.545
850.54	73.882
850.72	73.474
850.90	73.479
851.08	73.389
851.26	73.431
851.44	73.312
851.62	73.338
851.80	73.258
851.98	72.668
852.16	73.533
852.34	73.111
852.52	73.049
852.70	73.716
852.88	73.020
853.06	73.562
853.24	73.622
853.42	73.322
853.60	73.363
853.78	72.707
853.96	73.217
854.14	72.985
854.31	73.617
854.49	72.882
854.67	73.159
854.85	72.416
855.03	73.800
855.21	72.722
855.39	73.311
855.57	72.784
855.75	72.993
855.93	72.778
856.11	72.754
856.29	73.337
856.47	73.285
856.65	73.420
856.83	73.121
857.01	73.160
857.19	73.242
857.37	73.287
857.55	72.912
857.73	73.607
857.91	73.904
858.09	73.847
858.26	73.015
858.44	73.499
858.62	73.719
858.80	73.308
858.98	73.546
859.16	72.901
859.34	73.024
859.52	73.166
859.70	73.352
859.88	73.227
860.06	73.280
860.24	73.844
860.42	73.466
860.59	73.137
860.77	72.976
860.95	72.899
861.13	73.211
861.31	73.706
861.49	72.993
861.67	73.046
861.85	72.797
862.03	73.213
862.21	72.728
862.38	73.558
862.56	73.174
862.74	73.762
862.92	73.888
863.10	74.051
863.28	73.348
863.46	72.755
863.64	72.425
863.82	73.150
863.99	72.975
864.17	73.214
864.35	73.396
864.53	73.973
864.71	73.948
864.89	73.082
865.07	72.849
865.24	73.452
865.42	73.323
865.60	73.728
865.78	73.589
865.96	73.969
866.14	73.386
866.32	74.239
866.49	74.054
866.67	73.706
866.85	73.309
867.03	74.087
867.21	73.119
867.39	73.227
867.56	73.883
867.74	73.685
867.92	73.247
868.10	73.779
868.28	73.377
868.46	74.278
868.63	73.811
868.81	73.145
868.99	74.047
869.17	72.817
869.35	73.656
869.53	74.266
869.70	72.836
869.88	73.247
870.06	73.526
870.24	73.486
870.42	72.708
870.59	72.695
870.77	73.191
870.95	73.516
871.13	72.822
871.31	73.139
871.48	73.181
871.66	73.507
871.84	72.950
872.02	73.283
872.20	72.968
872.37	72.952
872.55	73.812
872.73	73.610
872.91	73.471
873.08	73.382
873.26	73.015
873.44	72.779
873.62	73.269
873.80	73.752
873.97	73.648
874.15	72.761
874.33	73.050
874.51	73.217
874.68	73.293
874.86	73.412
875.04	73.641
875.22	72.817
875.39	73.237
875.57	73.686
875.75	72.671
875.93	73.977
876.10	73.218
876.28	72.830
876.46	72.810
876.64	73.816
876.81	73.563
876.99	73.317
877.17	74.183
877.35	72.915
877.52	73.193
877.70	73.435
877.88	73.516
878.06	74.047
878.23	73.239
878.41	72.788
878.59	73.399
878.76	73.181
878.94	73.754
879.12	73.173
879.30	72.724
879.47	73.952
879.65	73.792
879.83	74.144
880.00	73.201
880.18	72.881
880.36	72.887
880.53	73.611
880.71	72.890
880.89	73.012
881.07	73.794
881.24	73.238
881.42	71.946
881.60	72.734
881.77	73.302
881.95	73.234
882.13	73.646
882.30	73.558
882.48	73.242
882.66	73.664
882.83	72.888
883.01	72.881
883.19	72.892
883.36	72.989
883.54	73.781
883.72	73.736
883.89	73.029
884.07	72.307
884.25	73.610
884.42	72.864
884.60	73.121
884.78	73.055
884.95	73.077
885.13	73.696
885.31	73.629
885.48	74.018
885.66	73.341
885.84	72.527
886.01	72.684
886.19	72.632
886.36	73.294
886.54	73.084
886.72	72.673
886.89	73.990
887.07	73.723
887.25	74.545
887.42	73.794
887.60	73.064
887.78	73.850
887.95	73.394
888.13	73.433
888.30	72.214
888.48	73.549
888.66	73.655
888.83	73.523
889.01	73.265
889.18	73.619
889.36	73.195
889.54	73.555
889.71	73.655
889.89	72.927
890.06	73.312
890.24	73.700
890.42	73.776
890.59	73.476
890.77	73.110
890.94	74.490
891.12	72.492
891.30	73.502
891.47	72.883
891.65	72.497
891.82	72.751
892.00	73.658
892.17	72.456
892.35	74.274
892.53	73.398
892.70	74.023
892.88	74.166
893.05	73.115
893.23	73.495
893.40	73.451
893.58	73.039
893.75	73.224
893.93	73.037
894.11	72.811
894.28	73.374
894.46	73.120
894.63	73.143
894.81	73.123
894.98	73.561
895.16	72.950
895.33	73.004
895.51	73.332
895.68	73.319
895.86	73.683
896.04	72.831
896.21	73.887
896.39	72.754
896.56	73.501
896.74	73.664
896.91	73.091
897.09	73.559
897.26	73.781
897.44	74.533
897.61	72.960
897.79	73.450
897.96	73.541
898.14	73.349
898.31	72.977
898.49	73.160
898.66	73.734
898.84	72.952
899.01	73.072
899.19	73.848
899.36	73.163
899.54	73.314
899.71	73.650
899.89	73.062
900.06	73.857
900.24	73.601
900.41	73.623
900.59	72.990
900.76	72.737
900.94	72.490
901.11	72.817
901.29	73.111
901.46	73.165
901.63	72.713
901.81	73.070
901.98	73.024
902.16	73.398
902.33	73.985
902.51	73.575
902.68	73.716
902.86	73.174
903.03	73.969
903.21	73.583
903.38	73.558
903.56	73.097
903.73	73.235
903.90	73.452
904.08	74.665
904.25	73.039
904.43	73.901
904.60	73.235
904.78	73.868
904.95	73.306
905.12	74.001
905.30	73.597
905.47	72.946
905.65	73.460
905.82	73.092
906.00	74.044
906.17	73.159
906.34	73.731
906.52	73.694
906.69	73.634
906.87	73.201
907.04	73.351
907.21	73.304
907.39	73.576
907.56	73.171
907.74	73.285
907.91	74.394
908.08	73.489
908.26	74.122
908.43	73.707
908.61	74.014
908.78	74.355
908.95	73.987
909.13	73.159
909.30	74.176
909.48	73.618
909.65	73.965
909.82	73.290
910.00	74.304
910.17	74.331
910.34	72.325
910.52	74.659
910.69	73.683
910.87	73.552
911.04	74.233
911.21	73.668
911.39	73.795
911.56	74.102
911.73	74.252
911.91	72.084
912.08	73.672
912.25	73.626
912.43	73.794
912.60	73.912
912.77	73.434
912.95	73.247
913.12	73.600
913.29	73.169
913.47	73.381
913.64	73.720
913.81	74.025
913.99	74.016
914.16	73.533
914.33	73.881
914.51	74.216
914.68	73.671
914.85	73.662
915.03	73.269
915.20	73.966
915.37	73.984
915.55	72.985
915.72	73.750
915.89	74.234
916.07	73.425
916.24	73.024
916.41	73.377
916.59	73.123
916.76	73.962
916.93	73.526
917.10	73.074
917.28	74.308
917.45	73.637
917.62	73.652
917.80	74.269
917.97	73.972
918.14	73.178
918.31	73.588
918.49	73.390
918.66	73.373
918.83	73.843
919.01	73.207
919.18	73.091
919.35	73.440
919.52	73.672
919.70	74.067
919.87	73.430
920.04	73.032
920.21	72.522
920.39	73.330
920.56	74.107
920.73	74.172
920.90	74.189
921.08	73.470
921.25	74.314
921.42	73.550
921.59	73.909
921.77	73.694
921.94	74.169
922.11	74.413
922.28	73.628
922.46	73.718
922.63	74.117
922.80	73.916
922.97	72.905
923.15	73.198
923.32	73.185
923.49	73.300
923.66	73.591
923.83	73.061
924.01	73.518
924.18	73.643
924.35	73.500
924.52	73.608
924.69	73.254
924.87	73.271
925.04	73.866
925.21	74.113
925.38	72.683
925.55	72.623
925.73	74.289
925.90	72.673
926.07	73.216
926.24	74.735
926.41	73.494
926.59	73.880
926.76	73.913
926.93	73.578
927.10	74.688
927.27	72.752
927.45	73.204
927.62	73.806
927.79	74.128
927.96	73.403
928.13	72.876
928.30	73.779
928.48	73.813
928.65	74.170
928.82	73.729
928.99	74.200
929.16	72.838
929.33	73.866
929.50	73.123
929.68	72.770
929.85	74.718
930.02	74.111
930.19	74.630
930.36	73.944
930.53	73.101
930.70	74.105
930.88	72.812
931.05	74.852
931.22	74.104
931.39	73.384
931.56	73.707
931.73	73.758
931.90	74.501
932.08	73.604
932.25	73.868
932.42	73.069
932.59	72.616
932.76	73.881
932.93	74.130
933.10	74.013
933.27	74.144
933.44	74.927
933.62	72.569
933.79	74.363
933.96	72.628
934.13	73.651
934.30	74.056
934.47	73.886
934.64	72.328
934.81	73.217
934.98	72.059
935.15	74.435
935.32	74.521
935.50	72.003
935.67	73.789
935.84	72.119
936.01	73.202
936.18	75.037
936.35	74.625
936.52	73.251
936.69	73.524
936.86	74.112
937.03	72.659
937.20	73.959
937.37	74.992
937.54	74.571
937.71	74.587
937.89	73.182
938.06	74.862
938.23	73.930
938.40	74.811
938.57	73.034
938.74	73.394
938.91	72.576
939.08	75.133
939.25	75.448
939.42	74.780
939.59	75.962
939.76	73.072
939.93	74.134
940.10	74.239
940.27	72.884
940.44	73.905
940.61	75.471
940.78	74.246
940.95	75.281
941.12	73.523
941.29	74.195
941.46	77.121
941.63	74.326
941.80	77.084
941.97	74.105
942.14	76.585
942.31	74.954
942.48	72.183
942.65	73.624
942.82	73.133
942.99	71.770
943.16	73.621
943.33	75.021
943.50	75.524
943.67	74.731
943.84	75.083
944.01	74.626
944.18	74.365
944.35	73.443
944.52	74.061
944.69	69.906
944.86	74.942
945.03	71.016
945.20	76.616
945.37	74.854
945.54	72.764
945.71	74.501
945.88	74.590
946.05	74.537
946.22	74.400
946.39	74.141
946.56	73.052
946.73	74.026
946.90	71.175
947.07	73.311
947.23	73.923
947.40	74.375
947.57	73.949
947.74	73.758
947.91	71.046
948.08	73.858
948.25	74.991
948.42	74.068
948.59	72.131
948.76	72.466
948.93	77.573
949.10	72.918
949.27	75.194
949.44	73.053
949.60	73.027
949.77	73.799
949.94	74.703
950.11	72.737
950.28	72.987
950.45	73.282
950.62	74.005
950.79	73.513
950.96	74.737
951.13	75.322
951.30	73.110
951.46	74.992
951.63	73.170
951.80	74.952
951.97	72.559
952.14	75.020
952.31	73.109
952.48	74.408
952.65	74.790
952.81	73.746
952.98	73.903
953.15	72.670
953.32	74.062
953.49	72.654
953.66	73.649
953.83	72.040
954.00	73.739
954.16	73.063
954.33	72.315
954.50	71.623
954.67	73.943
954.84	73.376
955.01	72.724
955.18	72.418
955.34	75.772
955.51	72.589
955.68	73.852
955.85	71.742
956.02	72.490
956.19	75.119
956.35	72.289
956.52	72.183
956.69	74.376
956.86	72.602
957.03	74.279
957.20	73.361
957.36	72.403
957.53	74.517
957.70	72.130
957.87	72.252
958.04	73.543
958.21	72.541
958.37	73.209
958.54	71.718
958.71	74.254
958.88	74.608
959.05	73.149
959.21	72.338
959.38	72.501
959.55	74.687
959.72	73.133
959.89	74.154
960.05	72.817
960.22	73.147
960.39	74.411
960.56	73.979
960.72	73.051
960.89	73.227
961.06	74.001
961.23	75.436
961.40	74.409
961.56	72.759
961.73	74.428
961.90	73.317
962.07	73.408
962.23	71.469
962.40	73.514
962.57	74.217
962.74	75.159
962.90	73.466
963.07	73.381
963.24	73.970
963.41	73.318
963.57	72.577
963.74	74.098
963.91	73.529
964.08	73.590
964.24	72.341
964.41	74.023
964.58	72.979
964.75	71.850
964.91	73.679
965.08	72.525
965.25	72.293
965.42	74.141
965.58	74.289
965.75	71.084
965.92	73.056
966.08	72.832
966.25	71.422
966.42	73.762
966.59	72.899
966.75	72.841
966.92	72.774
967.09	72.889
967.25	73.507
967.42	72.915
967.59	74.069
967.75	72.570
967.92	73.606
968.09	71.555
968.26	75.239
968.42	72.577
968.59	72.555
968.76	71.405
968.92	72.064
969.09	72.120
969.26	72.814
969.42	73.547
969.59	70.891
969.76	73.362
969.92	72.111
970.09	72.234
970.26	73.444
970.42	73.016
970.59	73.976
970.76	72.857
970.92	75.319
971.09	73.327
971.26	74.324
971.42	72.519
971.59	72.486
971.76	73.585
971.92	73.434
972.09	74.655
972.25	73.984
972.42	73.075
972.59	74.029
972.75	74.847
972.92	72.464
973.09	74.613
973.25	72.730
973.42	75.946
973.58	73.263
973.75	72.229
973.92	74.040
974.08	72.029
974.25	73.805
974.42	72.626
974.58	73.147
974.75	75.291
974.91	73.960
975.08	74.275
975.25	74.431
975.41	73.754
975.58	73.720
975.74	72.298
975.91	73.985
976.08	73.724
976.24	73.688
976.41	72.839
976.57	72.538
976.74	71.399
976.91	73.084
977.07	72.794
977.24	72.358
977.40	71.893
977.57	73.250
977.73	75.677
977.90	71.591
978.07	72.513
978.23	72.334
978.40	75.681
978.56	73.944
978.73	72.727
978.89	73.268
979.06	73.980
979.22	75.556
979.39	74.070
979.56	74.533
979.72	74.954
979.89	70.980
980.05	73.175
980.22	74.961
980.38	73.716
980.55	73.031
980.71	73.334
980.88	74.419
981.04	74.344
981.21	75.033
981.37	74.241
981.54	74.495
981.70	75.707
981.87	74.059
982.04	75.313
982.20	74.078
982.37	73.958
982.53	74.424
982.70	73.821
982.86	74.147
983.03	73.933
983.19	71.923
983.36	74.873
983.52	72.236
983.69	71.722
983.85	74.887
984.02	71.452
984.18	74.236
984.35	73.889
984.51	73.833
984.68	72.640
984.84	74.710
985.00	73.217
985.17	74.648
985.33	72.618
985.50	78.274
985.66	74.250
985.83	77.057
985.99	75.609
986.16	72.826
986.32	74.044
986.49	75.618
986.65	72.599
986.82	74.329
986.98	74.144
987.15	73.211
987.31	73.140
987.47	73.795
987.64	75.345
987.80	74.943
987.97	73.264
988.13	73.808
988.30	74.146
988.46	75.803
988.63	73.303
988.79	77.446
988.95	74.131
989.12	74.774
989.28	75.230
989.45	73.299
989.61	74.104
989.77	75.982
989.94	73.104
990.10	72.904
990.27	76.181
990.43	72.030
990.60	74.705
990.76	74.550
990.92	72.636
991.09	73.413
991.25	71.794
991.42	72.713
991.58	75.445
991.74	75.469
991.91	72.286
992.07	76.750
992.24	72.735
992.40	74.313
992.56	74.491
992.73	76.347
992.89	72.014
993.05	74.078
993.22	73.163
993.38	72.929
993.55	73.602
993.71	74.819
993.87	73.915
994.04	75.424
994.20	74.388
994.36	74.530
994.53	73.761
994.69	73.712
994.85	72.375
995.02	72.786
995.18	74.705
995.34	75.467
995.51	75.552
995.67	72.502
995.84	74.698
996.00	74.672
996.16	72.099
996.33	73.327
996.49	73.887
996.65	78.941
996.82	72.577
996.98	73.823
997.14	74.283
997.31	74.734
997.47	74.780
997.63	77.543
997.79	74.630
997.96	72.386
998.12	74.534
998.28	74.653
998.45	72.928
998.61	71.792
998.77	73.436
998.94	69.571
999.10	76.891
999.26	76.561
999.43	73.152
999.59	73.076
999.75	77.541
999.91	73.782
1000.08	75.881
1000.24	72.355
1000.40	71.326
1000.57	75.565
1000.73	71.756
1000.89	77.540
1001.05	75.783
1001.22	76.025
1001.38	75.006
1001.54	75.512
1001.70	77.011
1001.87	75.560
1002.03	75.698
1002.19	77.747
1002.35	75.256
1002.52	75.855
1002.68	76.988
1002.84	76.014
1003.00	77.866
1003.17	73.662
1003.33	75.477
1003.49	73.962
1003.65	73.629
1003.82	77.018
1003.98	74.397
1004.14	74.237
1004.30	74.934
1004.47	73.933
1004.63	73.671
1004.79	76.460
1004.95	75.912
1005.11	72.414
1005.28	77.713
1005.44	74.019
1005.60	75.341
1005.76	73.209
1005.93	75.496
1006.09	74.953
1006.25	75.198
1006.41	76.237
1006.57	73.926
1006.74	73.145
1006.90	77.394
1007.06	72.847
1007.22	73.124
1007.38	77.557
1007.55	73.908
1007.71	72.905
1007.87	77.501
1008.03	78.161
1008.19	74.199
1008.35	73.578
1008.52	77.734
1008.68	75.638
1008.84	77.154
1009.00	72.524
1009.16	71.899
1009.32	70.482
1009.49	77.166
1009.65	74.021
1009.81	75.023
1009.97	74.397
1010.13	77.967
1010.29	75.507
1010.46	73.750
1010.62	74.853
1010.78	76.461
1010.94	72.311
1011.10	77.960
1011.26	73.188
1011.42	77.214
1011.59	75.000
1011.75	73.735
1011.91	80.266
1012.07	75.975
1012.23	74.933
1012.39	74.876
1012.55	74.096
1012.71	70.610
1012.88	73.760
1013.04	73.150
1013.20	73.493
1013.36	70.028
1013.52	71.568
1013.68	73.197
1013.84	69.043
1014.00	74.734
1014.16	73.703
1014.33	73.353
1014.49	79.884
1014.65	74.026
1014.81	73.987
1014.97	76.061
1015.13	74.178
1015.29	70.824
1015.45	74.056
1015.61	76.962
1015.77	71.936
1015.93	73.532
1016.09	76.879
1016.26	75.942
1016.42	78.340
1016.58	77.853
1016.74	82.235
1016.90	82.659
1017.06	82.688
1017.22	79.104
1017.38	72.237
1017.54	75.682
1017.70	72.632
1017.86	76.413
1018.02	71.370
1018.18	71.641
1018.34	76.973
1018.50	78.417
1018.66	78.232
1018.82	80.175
1018.98	75.198
1019.14	76.722
1019.31	73.310
1019.47	76.059
1019.63	75.458
1019.79	79.713
1019.95	78.568
1020.11	79.142
1020.27	76.376
1020.43	82.797
1020.59	77.290
1020.75	68.239
1020.91	70.831
1021.07	78.392
1021.23	76.379
1021.39	79.290
1021.55	72.553
1021.71	75.139
1021.87	71.989
1022.03	69.572
1022.19	72.917
1022.35	72.767
1022.51	71.911
1022.67	73.624
1022.83	73.719
1022.99	70.918
1023.15	74.551
1023.31	75.875
1023.47	73.487
1023.63	77.606
1023.79	74.118
1023.95	76.227
1024.10	76.543
1024.26	76.869
1024.42	69.022
1024.58	75.272
1024.74	71.360
1024.90	74.743
1025.06	71.809
1025.22	74.337
1025.38	87.585
1025.54	73.008
1025.70	81.777
1025.86	80.876
1026.02	85.138
1026.18	79.279
1026.34	77.284
1026.50	78.626
1026.66	82.402
1026.82	79.796
1026.98	69.932
1027.13	79.100
1027.29	81.207
1027.45	80.346
1027.61	72.163
1027.77	72.933
1027.93	78.208
1028.09	68.718
1028.25	73.472
1028.41	75.693
1028.57	75.150
1028.73	73.775
1028.88	80.089
1029.04	79.451
1029.20	76.276
1029.36	72.212
1029.52	80.799
1029.68	72.259
1029.84	76.646
1030.00	82.569
1030.16	73.356
1030.32	70.696
1030.47	76.816
1030.63	77.334
1030.79	72.934
1030.95	66.013
1031.11	72.013
1031.27	80.274
1031.43	79.024
1031.59	79.342
1031.74	79.043
1031.90	71.788
1032.06	73.936
1032.22	71.282
1032.38	76.527
1032.54	82.933
1032.69	70.890
1032.85	78.090
1033.01	73.356
1033.17	82.137
1033.33	76.601
1033.49	87.447
1033.65	72.734
1033.80	77.877
1033.96	72.244
1034.12	67.015
1034.28	73.714
1034.44	76.694
1034.60	81.199
1034.75	80.870
1034.91	78.271
1035.07	83.986
1035.23	80.304
1035.39	92.190
1035.54	74.289
1035.70	80.000
1035.86	77.164
1036.02	87.167
1036.18	73.932
1036.33	85.282
1036.49	75.662
1036.65	73.471
1036.81	62.693
1036.97	79.146
1037.12	79.497
1037.28	67.309
1037.44	75.214
1037.60	80.698
1037.76	71.919
1037.91	78.016
1038.07	76.806
1038.23	74.074
1038.39	86.345
1038.54	65.395
1038.70	65.802
1038.86	87.303
1039.02	77.668
1039.17	79.923
1039.33	87.302
1039.49	73.830
1039.65	83.170
1039.80	82.821
1039.96	74.816
1040.12	71.159
1040.28	84.835
>>>>> Data<<<<< Espectral Procesado Extremo
