Fichero De Datos De SpectraSuite
++++++++++++++++++++++++++++++++++++
Fecha: Mon Jun 29 11:56:08 CST 2026
Usuario: Deodanes
Presente Oscuro Del Espectro: Sí
La Referencia de Presente Del Espectro De: Sí
Muestreados de los componentes de Número de espectros: 1
Espectrómetros: USB4H06056
Tiempo de integración (usec): 300000 (USB4H06056)
Promedio de Espectros Hechos un: 5 (USB4H06056)
El Alisar Del Furgón: 0 (USB4H06056)
Párrafo de de Corregir del la del del de Eléctrica del obscuridad: No (USB4H06056)
Estrobo/Lámpara Permitido: No (USB4H06056)
Correct for Detector Non-linearity: No (USB4H06056)
Párrafo de de Corregir del la del del de Externa del luz: No (USB4H06056)
Procesado del espectro de Número de pixeles en: 3648
>>>>> Comienza Data<<<<< Espectral Procesado Del EL
345.09	-55.263
345.30	-55.263
345.52	-55.263
345.74	-11.765
345.95	-385.714
346.17	-200.000
346.39	-50.000
346.60	-2.198
346.82	53.125
347.04	88.136
347.25	-5.882
347.47	162.500
347.69	-1.724
347.90	1062.500
348.12	9.524
348.34	71.053
348.56	-281.818
348.77	1614.286
348.99	-34.483
349.21	44.240
349.42	78.238
349.64	-19.444
349.86	87.500
350.07	-386.667
350.29	20.253
350.51	27.632
350.72	29.341
350.94	0.000
351.16	62.222
351.37	-23.256
351.59	14.354
351.81	57.635
352.02	13.043
352.24	23.750
352.46	68.952
352.67	67.797
352.89	-3.681
353.10	-22.018
353.32	-5.941
353.54	-103.750
353.75	-85.714
353.97	-47.423
354.19	105.217
354.40	-83.036
354.62	30.070
354.84	50.262
355.05	53.947
355.27	23.404
355.49	23.529
355.70	26.316
355.92	40.686
356.14	69.065
356.35	96.894
356.57	7.042
356.78	39.437
357.00	-91.346
357.22	6.952
357.43	-23.889
357.65	52.000
357.87	-32.632
358.08	49.342
358.30	17.593
358.51	65.306
358.73	87.255
358.95	44.324
359.16	8.462
359.38	883.333
359.60	18.935
359.81	-52.874
360.03	-34.868
360.24	4.403
360.46	35.798
360.68	-16.592
360.89	96.183
361.11	18.894
361.33	16.549
361.54	57.803
361.76	45.714
361.97	42.446
362.19	36.456
362.41	6.863
362.62	-25.592
362.84	-36.129
363.05	66.802
363.27	43.827
363.49	-5.976
363.70	-17.300
363.92	49.367
364.13	29.949
364.35	30.201
364.57	64.925
364.78	-54.286
365.00	-16.981
365.21	-9.845
365.43	34.247
365.65	39.056
365.86	-17.241
366.08	40.132
366.29	25.410
366.51	2.551
366.73	60.153
366.94	5.590
367.16	33.121
367.37	61.333
367.59	16.988
367.80	92.105
368.02	-4.369
368.24	66.298
368.45	-42.177
368.67	33.754
368.88	49.545
369.10	73.178
369.31	46.026
369.53	-12.621
369.75	-24.303
369.96	18.987
370.18	-259.524
370.39	-1.449
370.61	10.050
370.82	-43.478
371.04	0.000
371.26	-15.544
371.47	26.022
371.69	25.926
371.90	31.970
372.12	-24.204
372.33	10.286
372.55	-19.529
372.76	30.435
372.98	17.470
373.20	-8.491
373.41	110.577
373.63	-41.546
373.84	-21.656
374.06	21.053
374.27	40.248
374.49	-51.064
374.70	33.468
374.92	48.328
375.13	51.515
375.35	9.302
375.57	17.329
375.78	66.667
376.00	7.798
376.21	45.566
376.43	20.779
376.64	20.767
376.86	28.804
377.07	19.070
377.29	34.877
377.50	2.459
377.72	8.560
377.93	2.198
378.15	24.691
378.36	37.124
378.58	45.638
378.80	-93.636
379.01	43.402
379.23	29.314
379.44	-18.400
379.66	32.831
379.87	7.466
380.09	23.853
380.30	-3.784
380.52	-8.520
380.73	32.270
380.95	13.220
381.16	53.061
381.38	5.137
381.59	17.940
381.81	42.085
382.02	-46.890
382.24	38.065
382.45	-13.333
382.67	16.216
382.88	-0.639
383.10	22.156
383.31	6.475
383.53	25.749
383.74	23.305
383.96	53.597
384.17	5.405
384.39	21.189
384.60	8.992
384.82	12.796
385.03	-7.273
385.25	39.860
385.46	-3.963
385.68	1.333
385.89	4.128
386.11	-25.000
386.32	23.958
386.54	-1.812
386.75	16.822
386.97	-31.429
387.18	-6.395
387.40	-10.891
387.61	13.462
387.83	16.053
388.04	39.068
388.25	21.070
388.47	13.182
388.68	31.889
388.90	9.785
389.11	10.909
389.33	-0.683
389.54	-5.956
389.76	14.878
389.97	57.967
390.19	17.026
390.40	5.366
390.62	10.697
390.83	11.282
391.05	19.212
391.26	24.079
391.47	41.849
391.69	22.742
391.90	13.176
392.12	-8.563
392.33	22.701
392.55	17.778
392.76	21.622
392.98	21.508
393.19	7.958
393.41	3.438
393.62	30.567
393.83	5.641
394.05	11.765
394.26	37.464
394.48	18.473
394.69	9.208
394.91	19.114
395.12	-2.432
395.34	21.951
395.55	8.853
395.76	16.356
395.98	7.658
396.19	18.534
396.41	28.253
396.62	10.090
396.84	30.833
397.05	13.963
397.26	24.624
397.48	13.142
397.69	-12.918
397.91	-23.077
398.12	2.721
398.33	5.761
398.55	10.429
398.76	-2.929
398.98	-11.677
399.19	0.601
399.41	-1.397
399.62	6.748
399.83	-6.818
400.05	14.063
400.26	-21.973
400.48	21.887
400.69	2.066
400.90	4.158
401.12	19.224
401.33	5.611
401.55	26.058
401.76	0.885
401.97	-9.736
402.19	13.950
402.40	8.721
402.62	24.000
402.83	22.379
403.04	8.775
403.26	4.647
403.47	14.566
403.69	12.214
403.90	1.515
404.11	19.136
404.33	2.491
404.54	-11.304
404.76	1.813
404.97	7.908
405.18	-10.407
405.40	3.316
405.61	0.155
405.83	11.569
406.04	5.745
406.25	-5.471
406.47	8.774
406.68	1.569
406.89	15.267
407.11	10.884
407.32	9.434
407.54	6.051
407.75	11.509
407.96	10.273
408.18	11.808
408.39	8.817
408.60	9.379
408.82	1.432
409.03	7.028
409.24	-1.253
409.46	9.300
409.67	7.863
409.89	4.972
410.10	8.884
410.31	10.673
410.53	12.438
410.74	13.441
410.95	4.555
411.17	6.705
411.38	3.927
411.59	10.145
411.81	16.091
412.02	16.293
412.23	1.777
412.45	-4.034
412.66	12.734
412.87	5.433
413.09	-8.000
413.30	2.828
413.51	-0.806
413.73	7.239
413.94	-1.364
414.15	-2.093
414.37	2.377
414.58	7.270
414.79	10.463
415.01	7.071
415.22	9.579
415.43	11.307
415.65	8.309
415.86	8.162
416.07	8.714
416.29	6.996
416.50	5.795
416.71	6.696
416.93	5.605
417.14	5.163
417.35	2.827
417.57	1.325
417.78	1.718
417.99	13.176
418.21	6.995
418.42	2.305
418.63	5.681
418.85	5.421
419.06	3.546
419.27	2.340
419.48	9.815
419.70	4.348
419.91	6.579
420.12	1.661
420.34	1.029
420.55	5.900
420.76	4.298
420.98	5.802
421.19	3.349
421.40	3.777
421.61	5.696
421.83	6.642
422.04	4.286
422.25	0.798
422.47	4.237
422.68	4.474
422.89	7.406
423.11	4.980
423.32	3.187
423.53	3.571
423.74	0.035
423.96	2.854
424.17	1.559
424.38	3.563
424.59	1.308
424.81	2.704
425.02	1.355
425.23	2.627
425.45	0.919
425.66	5.108
425.87	0.775
426.08	2.700
426.30	3.010
426.51	6.034
426.72	1.921
426.93	3.161
427.15	5.017
427.36	3.095
427.57	2.965
427.79	0.503
428.00	5.320
428.21	0.942
428.42	4.168
428.64	1.361
428.85	1.322
429.06	2.188
429.27	0.583
429.49	3.786
429.70	1.130
429.91	-1.757
430.12	0.520
430.34	4.045
430.55	2.492
430.76	0.544
430.97	3.316
431.19	0.750
431.40	4.135
431.61	6.008
431.82	0.700
432.03	4.873
432.25	4.135
432.46	3.655
432.67	3.963
432.88	3.735
433.10	0.281
433.31	1.375
433.52	2.026
433.73	2.117
433.95	0.646
434.16	2.509
434.37	2.602
434.58	1.688
434.79	1.733
435.01	2.623
435.22	1.225
435.43	4.016
435.64	2.426
435.86	4.076
436.07	4.607
436.28	3.220
436.49	2.049
436.70	2.156
436.92	2.218
437.13	-0.964
437.34	3.109
437.55	1.476
437.76	2.154
437.98	2.188
438.19	-0.108
438.40	0.779
438.61	3.254
438.82	3.193
439.04	3.867
439.25	3.332
439.46	2.544
439.67	2.328
439.88	0.515
440.10	1.184
440.31	1.641
440.52	3.493
440.73	4.204
440.94	2.291
441.16	2.402
441.37	3.009
441.58	1.988
441.79	1.967
442.00	1.871
442.21	4.104
442.43	1.854
442.64	2.246
442.85	2.083
443.06	3.541
443.27	2.681
443.48	1.823
443.70	2.276
443.91	2.488
444.12	1.741
444.33	4.530
444.54	2.812
444.75	3.636
444.97	1.036
445.18	1.701
445.39	1.295
445.60	2.246
445.81	2.552
446.02	2.084
446.24	2.069
446.45	1.352
446.66	2.540
446.87	2.368
447.08	2.063
447.29	2.078
447.51	1.992
447.72	2.176
447.93	2.874
448.14	2.046
448.35	2.705
448.56	3.723
448.77	2.682
448.99	2.413
449.20	2.971
449.41	1.091
449.62	2.789
449.83	4.086
450.04	1.964
450.25	2.753
450.46	3.208
450.68	1.030
450.89	2.255
451.10	1.896
451.31	2.342
451.52	2.331
451.73	0.886
451.94	1.622
452.15	3.159
452.37	2.382
452.58	2.390
452.79	2.714
453.00	2.448
453.21	1.660
453.42	1.670
453.63	1.665
453.84	1.952
454.06	1.359
454.27	1.649
454.48	2.092
454.69	1.917
454.90	1.806
455.11	2.720
455.32	1.259
455.53	1.359
455.74	1.804
455.95	2.777
456.17	3.276
456.38	1.981
456.59	1.149
456.80	2.457
457.01	2.665
457.22	2.146
457.43	2.390
457.64	2.969
457.85	2.316
458.06	1.793
458.27	1.890
458.49	2.172
458.70	3.531
458.91	2.342
459.12	3.085
459.33	2.433
459.54	2.589
459.75	0.739
459.96	1.416
460.17	2.312
460.38	0.715
460.59	1.018
460.80	2.713
461.01	1.913
461.23	3.046
461.44	2.277
461.65	2.644
461.86	3.212
462.07	2.734
462.28	2.877
462.49	3.371
462.70	2.504
462.91	2.063
463.12	1.700
463.33	2.407
463.54	2.066
463.75	3.795
463.96	2.789
464.17	2.078
464.38	2.704
464.59	0.931
464.81	2.167
465.02	1.738
465.23	1.827
465.44	1.904
465.65	2.267
465.86	2.308
466.07	1.911
466.28	2.063
466.49	1.718
466.70	1.756
466.91	2.886
467.12	1.272
467.33	1.705
467.54	1.252
467.75	2.502
467.96	3.235
468.17	1.979
468.38	1.902
468.59	2.921
468.80	2.112
469.01	2.376
469.22	2.537
469.43	2.435
469.64	2.467
469.85	2.979
470.06	2.921
470.27	2.264
470.48	2.430
470.69	1.421
470.90	2.587
471.11	2.048
471.32	1.901
471.53	1.812
471.74	3.196
471.95	2.108
472.16	1.989
472.37	2.645
472.58	1.630
472.79	2.754
473.00	1.888
473.21	1.401
473.42	2.442
473.63	2.816
473.84	2.153
474.05	2.625
474.26	2.273
474.47	2.812
474.68	1.579
474.89	1.321
475.10	2.164
475.31	2.098
475.52	1.793
475.73	1.667
475.94	2.287
476.15	2.334
476.36	2.022
476.57	1.127
476.78	1.856
476.99	1.394
477.20	2.337
477.41	2.381
477.62	1.659
477.83	2.366
478.04	2.241
478.25	2.692
478.46	1.698
478.67	2.527
478.88	2.661
479.09	2.428
479.30	2.923
479.51	1.903
479.72	2.249
479.93	2.257
480.14	2.056
480.35	2.396
480.56	2.207
480.77	1.791
480.98	2.534
481.18	2.280
481.39	2.158
481.60	2.122
481.81	2.195
482.02	1.483
482.23	2.486
482.44	2.400
482.65	2.372
482.86	2.072
483.07	1.816
483.28	2.624
483.49	1.715
483.70	1.942
483.91	1.910
484.12	1.965
484.33	1.971
484.53	2.680
484.74	2.322
484.95	2.334
485.16	1.566
485.37	2.256
485.58	1.829
485.79	1.846
486.00	1.759
486.21	2.313
486.42	1.774
486.63	1.959
486.84	1.744
487.05	1.894
487.25	2.057
487.46	2.628
487.67	2.580
487.88	2.003
488.09	2.265
488.30	2.046
488.51	6.677
488.72	1.823
488.93	1.879
489.14	1.940
489.35	1.693
489.55	2.418
489.76	2.174
489.97	2.200
490.18	2.403
490.39	1.963
490.60	2.569
490.81	1.927
491.02	1.920
491.23	1.877
491.43	1.863
491.64	2.007
491.85	2.492
492.06	2.094
492.27	1.644
492.48	2.396
492.69	2.092
492.90	1.913
493.11	2.339
493.31	2.219
493.52	2.205
493.73	1.743
493.94	1.673
494.15	2.034
494.36	2.108
494.57	2.247
494.78	2.394
494.98	2.173
495.19	2.338
495.40	2.102
495.61	2.291
495.82	1.818
496.03	2.560
496.24	2.625
496.44	2.382
496.65	2.287
496.86	2.453
497.07	2.085
497.28	2.053
497.49	2.091
497.70	2.212
497.90	2.634
498.11	2.354
498.32	2.509
498.53	1.933
498.74	2.085
498.95	2.334
499.15	2.436
499.36	2.364
499.57	1.947
499.78	1.921
499.99	1.991
500.20	2.156
500.40	2.267
500.61	2.450
500.82	2.357
501.03	2.153
501.24	2.377
501.45	2.073
501.65	1.948
501.86	2.394
502.07	2.459
502.28	2.117
502.49	2.389
502.70	2.176
502.90	2.437
503.11	2.456
503.32	2.495
503.53	2.333
503.74	2.363
503.94	2.303
504.15	2.337
504.36	2.411
504.57	2.224
504.78	2.442
504.98	2.349
505.19	2.406
505.40	2.198
505.61	2.610
505.82	2.374
506.02	2.383
506.23	2.419
506.44	2.584
506.65	2.538
506.86	2.324
507.06	2.227
507.27	2.538
507.48	2.559
507.69	2.087
507.90	2.692
508.10	2.389
508.31	2.199
508.52	2.602
508.73	2.424
508.94	2.301
509.14	2.486
509.35	2.241
509.56	2.079
509.77	2.540
509.97	2.520
510.18	2.369
510.39	2.280
510.60	2.323
510.80	2.167
511.01	2.186
511.22	2.456
511.43	2.390
511.64	2.639
511.84	2.007
512.05	2.433
512.26	2.373
512.47	2.451
512.67	2.387
512.88	2.495
513.09	2.406
513.30	2.328
513.50	2.441
513.71	2.388
513.92	2.464
514.13	2.503
514.33	2.422
514.54	2.830
514.75	2.413
514.96	2.756
515.16	2.580
515.37	2.851
515.58	2.482
515.78	2.693
515.99	2.852
516.20	2.764
516.41	2.772
516.61	2.740
516.82	2.626
517.03	2.960
517.24	2.914
517.44	2.855
517.65	2.621
517.86	2.796
518.07	3.008
518.27	2.742
518.48	2.851
518.69	2.768
518.89	2.786
519.10	2.675
519.31	2.880
519.52	3.059
519.72	2.874
519.93	3.417
520.14	3.098
520.34	2.968
520.55	3.199
520.76	3.132
520.96	3.247
521.17	3.266
521.38	3.289
521.59	3.301
521.79	3.180
522.00	3.352
522.21	3.491
522.41	3.477
522.62	3.451
522.83	3.838
523.03	3.611
523.24	3.725
523.45	3.623
523.66	3.573
523.86	3.591
524.07	3.704
524.28	3.549
524.48	3.830
524.69	3.810
524.90	3.808
525.10	3.256
525.31	4.011
525.52	3.726
525.72	4.103
525.93	4.127
526.14	4.011
526.34	4.254
526.55	4.246
526.76	4.216
526.96	4.505
527.17	4.469
527.38	4.382
527.58	4.473
527.79	4.803
528.00	4.362
528.20	4.404
528.41	4.850
528.62	4.411
528.82	4.582
529.03	4.563
529.24	4.656
529.44	4.537
529.65	4.921
529.85	4.829
530.06	4.781
530.27	4.998
530.47	5.089
530.68	4.764
530.89	5.069
531.09	5.146
531.30	5.089
531.51	5.264
531.71	5.236
531.92	5.475
532.13	5.591
532.33	5.334
532.54	5.305
532.74	5.643
532.95	5.101
533.16	5.499
533.36	5.576
533.57	5.690
533.78	5.372
533.98	5.671
534.19	5.665
534.39	5.805
534.60	5.492
534.81	5.947
535.01	5.739
535.22	5.925
535.42	5.805
535.63	5.825
535.84	5.942
536.04	5.780
536.25	6.135
536.45	6.155
536.66	6.110
536.87	6.261
537.07	6.340
537.28	6.338
537.48	6.214
537.69	6.338
537.90	6.243
538.10	6.433
538.31	6.384
538.51	6.579
538.72	6.258
538.93	6.181
539.13	6.498
539.34	6.528
539.54	6.591
539.75	6.658
539.96	6.430
540.16	6.536
540.37	6.713
540.57	6.458
540.78	6.545
540.98	6.565
541.19	6.615
541.40	6.689
541.60	6.817
541.81	6.707
542.01	6.509
542.22	6.639
542.42	6.859
542.63	6.721
542.83	6.650
543.04	6.836
543.25	6.803
543.45	6.515
543.66	6.707
543.86	6.934
544.07	6.930
544.27	6.581
544.48	7.001
544.68	6.766
544.89	7.068
545.10	6.914
545.30	6.714
545.51	6.929
545.71	6.922
545.92	6.759
546.12	6.926
546.33	6.983
546.53	7.204
546.74	6.787
546.94	7.046
547.15	7.010
547.36	7.096
547.56	6.923
547.77	6.918
547.97	7.152
548.18	7.024
548.38	7.121
548.59	7.106
548.79	7.063
549.00	7.111
549.20	7.083
549.41	6.921
549.61	7.206
549.82	7.106
550.02	7.136
550.23	7.214
550.43	7.080
550.64	7.184
550.84	7.072
551.05	7.209
551.25	7.201
551.46	6.905
551.66	7.210
551.87	7.068
552.07	7.337
552.28	7.030
552.48	7.368
552.69	7.226
552.89	7.201
553.10	7.096
553.30	7.212
553.51	6.960
553.71	7.272
553.92	7.262
554.12	7.231
554.33	7.272
554.53	7.143
554.74	7.212
554.94	7.214
555.15	7.366
555.35	7.408
555.56	7.152
555.76	7.223
555.97	7.361
556.17	7.480
556.38	7.158
556.58	7.230
556.78	7.226
556.99	7.255
557.19	7.298
557.40	7.254
557.60	7.106
557.81	7.414
558.01	7.197
558.22	7.338
558.42	7.273
558.63	7.094
558.83	7.203
559.04	7.336
559.24	7.292
559.44	7.300
559.65	7.129
559.85	7.119
560.06	7.277
560.26	7.350
560.47	7.302
560.67	7.618
560.88	7.075
561.08	7.043
561.28	7.073
561.49	7.165
561.69	7.237
561.90	7.046
562.10	7.168
562.31	7.259
562.51	7.044
562.71	6.917
562.92	6.924
563.12	7.055
563.33	6.965
563.53	7.156
563.74	6.976
563.94	6.762
564.14	7.085
564.35	6.969
564.55	6.850
564.76	7.051
564.96	6.648
565.17	6.742
565.37	6.835
565.57	6.671
565.78	6.675
565.98	6.507
566.19	6.468
566.39	6.561
566.59	6.694
566.80	6.375
567.00	6.508
567.21	6.743
567.41	6.685
567.61	6.381
567.82	6.764
568.02	6.340
568.23	6.243
568.43	6.190
568.63	6.179
568.84	6.142
569.04	6.325
569.24	6.237
569.45	6.147
569.65	6.202
569.86	6.015
570.06	6.170
570.26	5.930
570.47	6.000
570.67	5.955
570.87	5.885
571.08	5.857
571.28	5.772
571.49	5.871
571.69	5.607
571.89	5.716
572.10	5.638
572.30	5.580
572.50	5.595
572.71	5.524
572.91	5.519
573.11	5.705
573.32	5.497
573.52	5.692
573.73	5.481
573.93	5.371
574.13	5.600
574.34	5.348
574.54	5.367
574.74	5.310
574.95	5.237
575.15	5.271
575.35	5.044
575.56	5.146
575.76	5.245
575.96	5.220
576.17	4.978
576.37	4.995
576.57	4.887
576.78	5.031
576.98	4.888
577.18	4.957
577.39	4.839
577.59	4.732
577.79	4.721
578.00	4.905
578.20	4.822
578.40	4.843
578.61	4.703
578.81	4.973
579.01	4.575
579.22	4.532
579.42	4.483
579.62	4.654
579.82	4.673
580.03	4.535
580.23	4.570
580.43	4.432
580.64	4.385
580.84	4.455
581.04	4.378
581.25	4.469
581.45	4.433
581.65	4.414
581.86	4.306
582.06	3.957
582.26	4.203
582.46	4.215
582.67	4.390
582.87	4.295
583.07	4.157
583.28	4.139
583.48	4.258
583.68	4.051
583.88	4.115
584.09	4.100
584.29	4.164
584.49	4.146
584.70	4.049
584.90	4.049
585.10	4.071
585.30	3.989
585.51	3.893
585.71	4.030
585.91	4.004
586.11	4.019
586.32	3.746
586.52	4.053
586.72	3.916
586.92	4.057
587.13	3.939
587.33	3.929
587.53	3.755
587.74	3.876
587.94	3.908
588.14	3.753
588.34	4.081
588.55	3.677
588.75	3.906
588.95	3.828
589.15	3.826
589.36	3.802
589.56	3.720
589.76	3.664
589.96	3.685
590.16	3.734
590.37	3.906
590.57	3.601
590.77	3.565
590.97	3.792
591.18	3.685
591.38	3.519
591.58	3.725
591.78	3.714
591.99	3.496
592.19	3.543
592.39	3.493
592.59	3.477
592.79	3.634
593.00	3.491
593.20	3.678
593.40	3.391
593.60	3.521
593.81	3.360
594.01	3.603
594.21	3.531
594.41	3.466
594.61	3.549
594.82	3.542
595.02	3.485
595.22	3.506
595.42	3.566
595.62	3.471
595.83	3.421
596.03	3.321
596.23	3.496
596.43	3.405
596.63	3.359
596.84	3.269
597.04	3.518
597.24	3.321
597.44	3.477
597.64	3.282
597.84	3.430
598.05	3.441
598.25	3.543
598.45	3.468
598.65	3.448
598.85	3.256
599.06	3.405
599.26	3.447
599.46	3.452
599.66	3.381
599.86	3.332
600.06	3.503
600.27	3.434
600.47	3.325
600.67	3.360
600.87	3.313
601.07	3.341
601.27	3.370
601.48	3.240
601.68	3.263
601.88	3.260
602.08	3.372
602.28	3.438
602.48	3.370
602.68	3.293
602.89	3.239
603.09	3.379
603.29	3.295
603.49	3.386
603.69	3.311
603.89	3.164
604.09	3.242
604.30	3.252
604.50	3.254
604.70	3.302
604.90	3.392
605.10	3.173
605.30	3.266
605.50	3.216
605.71	3.164
605.91	3.253
606.11	3.225
606.31	3.360
606.51	3.353
606.71	3.134
606.91	3.139
607.11	3.276
607.32	3.240
607.52	3.235
607.72	3.254
607.92	3.240
608.12	3.242
608.32	3.305
608.52	3.161
608.72	3.151
608.92	3.136
609.12	3.123
609.33	2.996
609.53	3.183
609.73	3.199
609.93	3.101
610.13	3.148
610.33	3.161
610.53	3.087
610.73	3.018
610.93	3.093
611.13	3.033
611.34	3.070
611.54	3.023
611.74	2.997
611.94	3.006
612.14	2.994
612.34	2.994
612.54	3.111
612.74	2.965
612.94	3.131
613.14	3.105
613.34	3.031
613.54	2.840
613.74	3.183
613.95	3.000
614.15	2.964
614.35	2.828
614.55	3.060
614.75	2.915
614.95	2.972
615.15	2.820
615.35	2.898
615.55	2.872
615.75	2.844
615.95	3.032
616.15	2.858
616.35	2.792
616.55	2.820
616.75	3.016
616.95	2.900
617.15	2.632
617.35	2.902
617.56	2.754
617.76	2.947
617.96	2.859
618.16	2.868
618.36	2.706
618.56	2.730
618.76	2.871
618.96	2.673
619.16	2.700
619.36	2.564
619.56	2.774
619.76	2.822
619.96	2.719
620.16	2.811
620.36	2.728
620.56	2.781
620.76	2.719
620.96	2.712
621.16	2.695
621.36	2.657
621.56	2.585
621.76	2.780
621.96	2.614
622.16	2.767
622.36	2.649
622.56	2.715
622.76	2.763
622.96	2.670
623.16	2.658
623.36	2.666
623.56	2.558
623.76	2.594
623.96	2.778
624.16	2.656
624.36	2.675
624.56	2.583
624.76	2.561
624.96	2.540
625.16	2.646
625.36	2.662
625.56	2.606
625.76	2.658
625.96	2.616
626.16	2.659
626.36	2.557
626.56	2.725
626.76	2.732
626.96	2.664
627.16	2.585
627.36	2.579
627.56	2.409
627.76	2.665
627.96	2.519
628.16	2.533
628.36	2.673
628.56	2.596
628.75	2.626
628.95	2.754
629.15	2.658
629.35	2.421
629.55	2.514
629.75	2.568
629.95	2.466
630.15	2.487
630.35	2.494
630.55	2.563
630.75	2.537
630.95	2.615
631.15	2.650
631.35	2.555
631.55	2.536
631.75	2.489
631.95	2.516
632.15	2.573
632.34	2.671
632.54	2.503
632.74	2.647
632.94	2.472
633.14	2.472
633.34	2.531
633.54	2.436
633.74	2.525
633.94	2.402
634.14	2.530
634.34	2.598
634.54	2.489
634.74	2.508
634.93	2.435
635.13	2.462
635.33	2.658
635.53	2.518
635.73	2.541
635.93	2.471
636.13	2.568
636.33	2.460
636.53	2.552
636.73	2.605
636.93	2.569
637.12	2.486
637.32	2.370
637.52	2.585
637.72	2.438
637.92	2.614
638.12	2.482
638.32	2.449
638.52	2.421
638.72	2.556
638.91	2.404
639.11	2.467
639.31	2.293
639.51	2.559
639.71	2.447
639.91	2.397
640.11	2.484
640.31	2.384
640.50	2.335
640.70	2.363
640.90	2.502
641.10	2.299
641.30	2.355
641.50	2.214
641.70	2.377
641.89	2.222
642.09	2.385
642.29	2.463
642.49	2.267
642.69	2.208
642.89	2.152
643.09	2.281
643.28	2.500
643.48	2.270
643.68	2.241
643.88	2.330
644.08	2.401
644.28	2.250
644.48	2.248
644.67	2.322
644.87	2.184
645.07	2.240
645.27	2.213
645.47	2.249
645.67	2.199
645.86	2.225
646.06	2.208
646.26	2.106
646.46	2.165
646.66	2.112
646.85	2.296
647.05	2.243
647.25	2.177
647.45	2.254
647.65	2.159
647.85	2.159
648.04	2.231
648.24	2.090
648.44	2.116
648.64	2.079
648.84	2.233
649.03	2.154
649.23	2.041
649.43	2.083
649.63	2.259
649.83	2.108
650.02	2.111
650.22	2.294
650.42	2.101
650.62	2.127
650.82	2.122
651.01	2.058
651.21	2.132
651.41	2.094
651.61	2.101
651.81	2.277
652.00	2.086
652.20	2.110
652.40	2.001
652.60	2.105
652.79	2.051
652.99	1.986
653.19	2.084
653.39	2.022
653.59	1.991
653.78	2.123
653.98	2.041
654.18	2.084
654.38	1.989
654.57	1.902
654.77	2.084
654.97	1.956
655.17	2.073
655.36	2.032
655.56	2.062
655.76	2.008
655.96	1.926
656.15	2.046
656.35	2.081
656.55	2.024
656.75	2.030
656.94	2.088
657.14	1.989
657.34	2.010
657.54	2.113
657.73	2.109
657.93	2.043
658.13	1.974
658.33	1.985
658.52	1.931
658.72	0.458
658.92	2.039
659.11	2.050
659.31	1.989
659.51	2.027
659.71	1.939
659.90	1.966
660.10	2.007
660.30	2.035
660.50	2.108
660.69	1.976
660.89	1.999
661.09	2.066
661.28	2.002
661.48	2.035
661.68	1.915
661.87	1.998
662.07	1.934
662.27	1.912
662.47	1.845
662.66	2.024
662.86	2.050
663.06	1.983
663.25	1.984
663.45	1.966
663.65	1.940
663.84	1.958
664.04	1.865
664.24	2.068
664.44	2.043
664.63	1.944
664.83	1.959
665.03	2.000
665.22	2.022
665.42	1.833
665.62	1.963
665.81	1.909
666.01	1.978
666.21	1.941
666.40	1.798
666.60	2.041
666.80	1.861
666.99	1.834
667.19	1.968
667.39	1.872
667.58	1.957
667.78	2.025
667.98	1.981
668.17	1.925
668.37	2.022
668.57	1.996
668.76	1.902
668.96	1.891
669.16	2.049
669.35	1.982
669.55	1.992
669.74	1.911
669.94	1.850
670.14	2.023
670.33	2.036
670.53	1.979
670.73	1.960
670.92	1.895
671.12	2.023
671.32	1.972
671.51	1.892
671.71	1.807
671.90	1.931
672.10	2.008
672.30	1.957
672.49	1.874
672.69	2.077
672.89	1.997
673.08	1.979
673.28	1.948
673.47	2.100
673.67	1.960
673.87	1.915
674.06	1.893
674.26	1.975
674.45	1.962
674.65	1.900
674.85	2.002
675.04	2.111
675.24	1.900
675.43	1.993
675.63	2.097
675.83	2.022
676.02	2.018
676.22	1.867
676.41	2.190
676.61	2.023
676.81	1.993
677.00	2.115
677.20	1.956
677.39	2.041
677.59	1.886
677.79	2.060
677.98	2.117
678.18	2.133
678.37	2.187
678.57	2.008
678.76	1.965
678.96	2.117
679.16	1.949
679.35	2.071
679.55	2.021
679.74	2.159
679.94	2.216
680.13	1.987
680.33	2.172
680.53	2.136
680.72	2.082
680.92	2.135
681.11	2.064
681.31	2.128
681.50	2.148
681.70	2.068
681.89	2.111
682.09	2.238
682.28	2.360
682.48	2.196
682.68	2.243
682.87	2.220
683.07	2.222
683.26	2.260
683.46	2.199
683.65	2.284
683.85	2.222
684.04	2.271
684.24	2.201
684.43	2.205
684.63	2.155
684.82	2.289
685.02	2.292
685.21	2.248
685.41	2.215
685.60	2.156
685.80	2.282
686.00	2.247
686.19	2.376
686.39	2.311
686.58	2.222
686.78	2.291
686.97	2.374
687.17	2.261
687.36	2.389
687.56	2.359
687.75	2.414
687.95	2.414
688.14	2.492
688.34	2.431
688.53	2.283
688.73	2.416
688.92	2.233
689.12	2.419
689.31	2.322
689.51	2.336
689.70	2.352
689.89	2.409
690.09	2.488
690.28	2.404
690.48	2.550
690.67	2.441
690.87	2.531
691.06	2.541
691.26	2.487
691.45	2.560
691.65	2.495
691.84	2.441
692.04	2.565
692.23	2.560
692.43	2.584
692.62	2.649
692.82	2.758
693.01	2.790
693.20	2.643
693.40	2.734
693.59	2.739
693.79	2.819
693.98	2.772
694.18	2.752
694.37	2.838
694.57	2.813
694.76	2.740
694.95	3.002
695.15	3.018
695.34	3.038
695.54	3.042
695.73	3.107
695.93	3.164
696.12	3.238
696.32	3.283
696.51	3.425
696.70	3.453
696.90	3.459
697.09	3.481
697.29	3.777
697.48	3.718
697.67	3.840
697.87	3.887
698.06	4.031
698.26	4.068
698.45	4.174
698.65	4.344
698.84	4.403
699.03	4.479
699.23	4.410
699.42	4.709
699.62	4.735
699.81	4.931
700.00	5.122
700.20	5.043
700.39	5.361
700.59	5.368
700.78	5.465
700.97	5.512
701.17	5.880
701.36	5.884
701.56	6.054
701.75	6.139
701.94	6.368
702.14	6.524
702.33	6.832
702.52	6.802
702.72	7.065
702.91	7.295
703.11	7.439
703.30	7.504
703.49	7.683
703.69	7.934
703.88	8.052
704.07	8.263
704.27	8.496
704.46	8.542
704.66	8.841
704.85	8.954
705.04	9.302
705.24	9.263
705.43	9.522
705.62	9.633
705.82	9.978
706.01	10.083
706.20	10.328
706.40	10.533
706.59	10.696
706.78	10.819
706.98	11.156
707.17	11.259
707.36	11.526
707.56	11.606
707.75	11.903
707.94	12.073
708.14	12.275
708.33	12.468
708.52	12.735
708.72	12.749
708.91	13.060
709.10	13.324
709.30	13.530
709.49	13.751
709.68	14.052
709.88	14.141
710.07	14.265
710.26	14.567
710.46	14.830
710.65	14.951
710.84	15.126
711.04	15.318
711.23	15.561
711.42	15.941
711.61	16.040
711.81	16.037
712.00	16.329
712.19	16.390
712.39	16.862
712.58	17.009
712.77	17.227
712.97	17.291
713.16	17.521
713.35	17.945
713.54	18.114
713.74	18.125
713.93	18.492
714.12	18.711
714.32	18.870
714.51	19.478
714.70	19.347
714.89	19.641
715.09	19.745
715.28	20.005
715.47	20.234
715.66	20.496
715.86	20.769
716.05	21.080
716.24	20.898
716.44	21.152
716.63	21.519
716.82	21.655
717.01	21.878
717.21	21.908
717.40	22.303
717.59	22.424
717.78	22.829
717.98	23.115
718.17	23.214
718.36	23.395
718.55	23.665
718.75	23.666
718.94	24.264
719.13	24.185
719.32	24.644
719.52	24.756
719.71	24.932
719.90	25.083
720.09	25.396
720.28	25.679
720.48	25.596
720.67	25.972
720.86	26.015
721.05	26.350
721.25	26.399
721.44	26.526
721.63	26.925
721.82	27.351
722.01	27.515
722.21	27.523
722.40	27.801
722.59	27.886
722.78	28.003
722.98	28.280
723.17	28.555
723.36	28.936
723.55	29.160
723.74	29.012
723.94	29.214
724.13	29.722
724.32	29.945
724.51	30.259
724.70	30.264
724.89	30.622
725.09	30.924
725.28	30.850
725.47	31.162
725.66	31.416
725.85	31.732
726.05	31.598
726.24	31.857
726.43	32.160
726.62	32.125
726.81	32.675
727.00	32.717
727.20	33.067
727.39	33.053
727.58	33.450
727.77	33.389
727.96	33.852
728.15	33.595
728.35	33.808
728.54	33.886
728.73	34.252
728.92	34.575
729.11	34.720
729.30	35.062
729.50	34.908
729.69	35.379
729.88	35.432
730.07	35.766
730.26	35.866
730.45	35.746
730.64	35.991
730.84	36.083
731.03	36.736
731.22	36.546
731.41	36.599
731.60	37.109
731.79	37.134
731.98	37.772
732.18	37.661
732.37	37.594
732.56	37.687
732.75	37.974
732.94	38.078
733.13	38.042
733.32	38.652
733.51	38.894
733.71	38.689
733.90	39.405
734.09	39.410
734.28	38.966
734.47	39.220
734.66	39.441
734.85	39.873
735.04	39.930
735.23	39.930
735.42	40.203
735.62	40.384
735.81	40.383
736.00	40.712
736.19	41.049
736.38	40.880
736.57	41.116
736.76	41.291
736.95	40.954
737.14	41.138
737.33	41.834
737.52	41.288
737.72	41.624
737.91	41.849
738.10	42.008
738.29	41.958
738.48	42.639
738.67	42.526
738.86	42.128
739.05	42.388
739.24	42.843
739.43	42.630
739.62	42.977
739.81	43.073
740.00	42.874
740.19	43.282
740.39	43.359
740.58	43.440
740.77	43.204
740.96	43.747
741.15	43.700
741.34	43.969
741.53	44.020
741.72	43.793
741.91	44.240
742.10	44.279
742.29	44.185
742.48	44.350
742.67	44.770
742.86	44.692
743.05	44.915
743.24	44.723
743.43	44.943
743.62	45.370
743.81	45.388
744.00	44.805
744.19	45.648
744.38	45.271
744.57	45.103
744.76	45.471
744.95	45.678
745.14	45.455
745.33	45.576
745.52	46.098
745.71	46.071
745.90	45.824
746.09	45.996
746.28	45.752
746.47	46.582
746.66	45.842
746.85	46.386
747.04	46.080
747.23	46.547
747.42	46.308
747.61	46.279
747.80	46.373
747.99	46.647
748.18	46.921
748.37	46.969
748.56	47.196
748.75	47.005
748.94	46.774
749.13	47.120
749.32	47.158
749.51	46.835
749.70	47.155
749.89	47.109
750.08	47.251
750.27	47.511
750.46	47.204
750.65	47.679
750.84	47.520
751.03	47.681
751.22	47.548
751.41	47.588
751.60	47.789
751.79	47.470
751.98	47.386
752.17	47.882
752.36	48.025
752.55	47.724
752.74	47.930
752.93	47.994
753.12	47.937
753.30	48.147
753.49	48.076
753.68	48.154
753.87	48.093
754.06	48.304
754.25	48.291
754.44	48.055
754.63	48.357
754.82	47.796
755.01	48.465
755.20	48.462
755.39	48.117
755.58	48.101
755.77	48.491
755.96	48.481
756.14	48.357
756.33	48.687
756.52	48.762
756.71	48.163
756.90	48.228
757.09	48.576
757.28	48.334
757.47	48.502
757.66	48.417
757.85	48.804
758.04	48.681
758.22	48.767
758.41	48.675
758.60	48.245
758.79	48.963
758.98	48.857
759.17	48.984
759.36	48.650
759.55	48.617
759.74	48.723
759.92	49.223
760.11	49.124
760.30	49.138
760.49	48.914
760.68	48.945
760.87	48.815
761.06	48.908
761.25	48.649
761.43	49.072
761.62	49.220
761.81	48.895
762.00	49.140
762.19	48.980
762.38	49.118
762.57	49.106
762.76	49.389
762.94	49.015
763.13	49.241
763.32	48.928
763.51	49.027
763.70	49.116
763.89	49.021
764.07	49.195
764.26	48.557
764.45	49.448
764.64	48.968
764.83	49.498
765.02	49.230
765.21	49.631
765.39	49.204
765.58	49.285
765.77	49.246
765.96	49.362
766.15	49.426
766.34	49.196
766.52	49.228
766.71	49.110
766.90	49.210
767.09	49.315
767.28	49.724
767.46	49.531
767.65	49.231
767.84	49.180
768.03	49.387
768.22	49.130
768.40	49.436
768.59	49.388
768.78	49.548
768.97	49.313
769.16	49.149
769.34	49.363
769.53	49.373
769.72	49.103
769.91	49.447
770.10	49.252
770.28	49.368
770.47	49.010
770.66	49.265
770.85	49.302
771.04	49.435
771.22	49.145
771.41	49.451
771.60	49.780
771.79	49.464
771.98	49.385
772.16	49.594
772.35	49.510
772.54	49.324
772.73	49.281
772.91	49.094
773.10	49.616
773.29	49.517
773.48	49.125
773.66	49.477
773.85	49.590
774.04	49.211
774.23	49.270
774.41	49.140
774.60	49.669
774.79	49.298
774.98	49.523
775.16	49.422
775.35	49.156
775.54	49.365
775.73	49.495
775.91	49.566
776.10	49.749
776.29	49.363
776.48	49.091
776.66	49.271
776.85	49.117
777.04	49.002
777.23	49.194
777.41	49.234
777.60	49.591
777.79	49.021
777.97	49.710
778.16	49.379
778.35	48.994
778.54	49.835
778.72	49.556
778.91	49.353
779.10	49.760
779.28	49.660
779.47	49.565
779.66	49.396
779.85	49.125
780.03	49.156
780.22	49.397
780.41	49.427
780.59	49.804
780.78	49.230
780.97	49.093
781.15	49.381
781.34	49.996
781.53	49.411
781.71	49.868
781.90	49.525
782.09	49.257
782.27	49.124
782.46	49.226
782.65	49.467
782.84	49.012
783.02	49.448
783.21	49.223
783.40	49.380
783.58	49.573
783.77	49.554
783.96	49.139
784.14	49.441
784.33	49.422
784.52	49.091
784.70	49.564
784.89	49.162
785.07	49.162
785.26	49.145
785.45	49.178
785.63	49.473
785.82	49.341
786.01	49.464
786.19	49.485
786.38	49.303
786.57	49.486
786.75	49.748
786.94	49.308
787.13	49.437
787.31	49.223
787.50	49.590
787.68	49.441
787.87	49.416
788.06	49.518
788.24	49.608
788.43	49.759
788.62	49.437
788.80	49.591
788.99	49.388
789.17	49.672
789.36	49.354
789.55	49.117
789.73	49.207
789.92	49.545
790.10	49.310
790.29	49.632
790.48	49.638
790.66	49.064
790.85	49.435
791.03	49.197
791.22	49.354
791.41	49.008
791.59	49.760
791.78	49.472
791.96	50.106
792.15	49.364
792.34	49.676
792.52	49.221
792.71	49.089
792.89	49.125
793.08	49.198
793.27	48.998
793.45	49.202
793.64	49.298
793.82	49.350
794.01	49.647
794.19	49.428
794.38	49.669
794.57	48.928
794.75	49.592
794.94	49.543
795.12	49.148
795.31	49.529
795.49	49.111
795.68	49.392
795.86	49.493
796.05	49.173
796.24	49.680
796.42	49.279
796.61	49.276
796.79	49.205
796.98	49.351
797.16	49.179
797.35	49.144
797.53	49.359
797.72	49.195
797.90	49.449
798.09	49.314
798.27	49.708
798.46	49.348
798.65	49.343
798.83	49.377
799.02	49.333
799.20	49.376
799.39	49.511
799.57	49.610
799.76	48.950
799.94	49.957
800.13	49.398
800.31	49.829
800.50	49.278
800.68	49.624
800.87	49.416
801.05	49.296
801.24	49.577
801.42	49.282
801.61	49.707
801.79	49.615
801.98	49.247
802.16	49.129
802.35	49.246
802.53	49.447
802.72	49.525
802.90	49.551
803.09	49.643
803.27	49.606
803.46	49.900
803.64	49.549
803.83	49.109
804.01	49.490
804.20	49.844
804.38	49.405
804.56	49.944
804.75	49.280
804.93	49.131
805.12	49.813
805.30	49.491
805.49	49.702
805.67	49.152
805.86	49.550
806.04	49.478
806.23	49.548
806.41	49.544
806.59	49.756
806.78	49.338
806.96	49.584
807.15	49.073
807.33	49.418
807.52	49.245
807.70	49.616
807.89	49.302
808.07	49.492
808.25	49.008
808.44	49.442
808.62	49.208
808.81	49.181
808.99	49.828
809.18	49.542
809.36	49.927
809.54	49.506
809.73	49.043
809.91	49.439
810.10	49.370
810.28	49.354
810.47	49.359
810.65	49.024
810.83	49.897
811.02	49.242
811.20	49.177
811.39	49.581
811.57	49.246
811.75	49.003
811.94	49.645
812.12	49.712
812.31	49.058
812.49	49.124
812.67	48.906
812.86	49.529
813.04	49.275
813.23	49.637
813.41	49.255
813.59	49.185
813.78	49.607
813.96	49.624
814.14	49.463
814.33	49.409
814.51	49.366
814.70	49.450
814.88	49.236
815.06	49.477
815.25	49.805
815.43	49.316
815.61	49.138
815.80	49.611
815.98	49.128
816.16	49.846
816.35	49.198
816.53	49.273
816.72	49.430
816.90	49.499
817.08	49.158
817.27	48.756
817.45	49.880
817.63	49.414
817.82	49.280
818.00	49.479
818.18	49.190
818.37	49.294
818.55	49.340
818.73	49.223
818.92	49.436
819.10	49.363
819.28	49.343
819.47	49.198
819.65	49.240
819.83	49.852
820.02	49.313
820.20	49.788
820.38	49.432
820.57	49.444
820.75	49.487
820.93	49.003
821.11	49.388
821.30	49.903
821.48	49.604
821.66	49.125
821.85	49.300
822.03	49.575
822.21	48.985
822.40	48.915
822.58	49.297
822.76	49.282
822.94	49.168
823.13	48.941
823.31	49.712
823.49	49.537
823.68	49.022
823.86	49.420
824.04	49.396
824.22	49.096
824.41	49.339
824.59	49.023
824.77	49.377
824.96	49.566
825.14	49.231
825.32	49.321
825.50	49.294
825.69	48.993
825.87	49.526
826.05	49.583
826.23	49.173
826.42	49.388
826.60	49.232
826.78	48.920
826.96	49.423
827.15	49.190
827.33	49.354
827.51	49.364
827.69	49.239
827.88	48.913
828.06	49.245
828.24	49.317
828.42	49.442
828.61	49.671
828.79	49.064
828.97	49.585
829.15	49.617
829.34	49.828
829.52	49.590
829.70	49.570
829.88	49.655
830.06	49.342
830.25	49.509
830.43	49.571
830.61	49.056
830.79	49.272
830.97	49.397
831.16	49.618
831.34	49.499
831.52	49.016
831.70	49.615
831.89	49.110
832.07	49.351
832.25	49.622
832.43	49.523
832.61	49.546
832.80	49.470
832.98	49.584
833.16	49.444
833.34	49.307
833.52	49.835
833.70	49.542
833.89	49.897
834.07	49.543
834.25	49.382
834.43	48.986
834.61	49.214
834.80	49.318
834.98	49.420
835.16	49.523
835.34	49.128
835.52	49.330
835.70	49.471
835.89	49.145
836.07	49.420
836.25	49.515
836.43	49.579
836.61	49.543
836.79	49.521
836.97	49.678
837.16	49.390
837.34	49.610
837.52	49.356
837.70	49.601
837.88	49.275
838.06	48.903
838.24	48.806
838.43	49.153
838.61	49.336
838.79	49.593
838.97	49.181
839.15	49.000
839.33	49.400
839.51	49.669
839.70	49.371
839.88	49.235
840.06	49.782
840.24	49.717
840.42	49.262
840.60	48.905
840.78	49.335
840.96	49.101
841.14	49.460
841.33	49.010
841.51	49.216
841.69	49.241
841.87	49.293
842.05	49.710
842.23	49.797
842.41	49.281
842.59	49.226
842.77	48.951
842.95	49.503
843.14	49.320
843.32	49.575
843.50	49.692
843.68	49.429
843.86	49.664
844.04	49.341
844.22	49.302
844.40	49.787
844.58	49.004
844.76	49.067
844.94	49.510
845.12	49.817
845.30	48.954
845.49	49.041
845.67	49.481
845.85	49.296
846.03	49.487
846.21	49.099
846.39	49.075
846.57	49.130
846.75	49.576
846.93	49.630
847.11	49.467
847.29	49.469
847.47	49.464
847.65	48.942
847.83	49.750
848.01	49.453
848.19	49.080
848.37	50.121
848.55	49.762
848.73	49.540
848.91	49.297
849.09	49.394
849.27	49.420
849.46	49.151
849.64	49.661
849.82	49.337
850.00	49.597
850.18	49.755
850.36	49.298
850.54	49.362
850.72	49.144
850.90	48.701
851.08	49.209
851.26	49.493
851.44	49.857
851.62	49.168
851.80	49.074
851.98	49.555
852.16	49.367
852.34	49.187
852.52	49.358
852.70	49.272
852.88	49.490
853.06	48.719
853.24	49.462
853.42	49.386
853.60	48.939
853.78	48.877
853.96	48.887
854.14	49.065
854.31	48.988
854.49	49.424
854.67	49.162
854.85	49.548
855.03	48.943
855.21	49.524
855.39	49.244
855.57	49.820
855.75	49.157
855.93	49.267
856.11	49.686
856.29	49.503
856.47	49.612
856.65	49.280
856.83	49.387
857.01	48.941
857.19	48.431
857.37	49.097
857.55	49.220
857.73	49.196
857.91	48.809
858.09	49.307
858.26	48.920
858.44	48.915
858.62	49.022
858.80	49.009
858.98	49.130
859.16	49.218
859.34	49.357
859.52	49.602
859.70	49.191
859.88	49.382
860.06	49.239
860.24	49.453
860.42	49.521
860.59	49.358
860.77	49.043
860.95	49.429
861.13	49.757
861.31	49.440
861.49	49.323
861.67	49.325
861.85	49.210
862.03	48.872
862.21	48.978
862.38	49.237
862.56	48.832
862.74	49.312
862.92	49.162
863.10	49.505
863.28	48.818
863.46	48.922
863.64	49.502
863.82	49.613
863.99	49.387
864.17	48.779
864.35	49.615
864.53	49.343
864.71	49.604
864.89	49.303
865.07	49.379
865.24	49.283
865.42	49.045
865.60	49.912
865.78	49.273
865.96	49.625
866.14	49.690
866.32	48.870
866.49	49.349
866.67	49.336
866.85	49.144
867.03	49.241
867.21	50.460
867.39	49.062
867.56	49.761
867.74	49.212
867.92	49.396
868.10	49.108
868.28	49.311
868.46	49.026
868.63	49.329
868.81	49.429
868.99	49.176
869.17	49.534
869.35	49.396
869.53	49.794
869.70	49.796
869.88	48.998
870.06	49.201
870.24	49.451
870.42	49.237
870.59	49.283
870.77	49.086
870.95	49.174
871.13	49.139
871.31	49.587
871.48	49.091
871.66	49.468
871.84	49.913
872.02	49.344
872.20	49.438
872.37	48.885
872.55	48.973
872.73	48.848
872.91	49.451
873.08	49.269
873.26	49.506
873.44	48.989
873.62	49.206
873.80	49.394
873.97	49.202
874.15	49.685
874.33	49.002
874.51	49.375
874.68	49.714
874.86	49.097
875.04	49.152
875.22	49.720
875.39	48.755
875.57	49.320
875.75	49.548
875.93	48.772
876.10	49.561
876.28	49.380
876.46	49.601
876.64	49.886
876.81	48.725
876.99	48.819
877.17	49.200
877.35	49.032
877.52	49.508
877.70	49.200
877.88	48.964
878.06	49.485
878.23	50.043
878.41	49.094
878.59	49.381
878.76	49.543
878.94	49.129
879.12	49.229
879.30	49.939
879.47	49.024
879.65	48.463
879.83	49.388
880.00	48.964
880.18	48.801
880.36	49.458
880.53	49.074
880.71	49.260
880.89	49.497
881.07	49.343
881.24	49.382
881.42	49.392
881.60	49.145
881.77	49.645
881.95	49.509
882.13	49.481
882.30	49.125
882.48	49.236
882.66	49.465
882.83	48.966
883.01	49.320
883.19	48.955
883.36	48.613
883.54	49.439
883.72	49.339
883.89	49.272
884.07	49.466
884.25	49.365
884.42	49.431
884.60	48.857
884.78	49.278
884.95	48.711
885.13	48.785
885.31	49.350
885.48	48.891
885.66	48.666
885.84	49.064
886.01	49.104
886.19	49.205
886.36	49.452
886.54	49.402
886.72	49.371
886.89	49.311
887.07	48.838
887.25	49.530
887.42	48.793
887.60	49.491
887.78	48.868
887.95	48.647
888.13	49.878
888.30	49.237
888.48	49.787
888.66	49.952
888.83	49.575
889.01	49.058
889.18	48.706
889.36	49.586
889.54	49.351
889.71	49.488
889.89	49.487
890.06	49.422
890.24	48.692
890.42	49.281
890.59	49.401
890.77	48.953
890.94	49.369
891.12	49.111
891.30	48.594
891.47	48.905
891.65	49.716
891.82	49.762
892.00	49.380
892.17	48.892
892.35	49.290
892.53	49.084
892.70	49.058
892.88	48.864
893.05	49.141
893.23	49.305
893.40	48.767
893.58	49.974
893.75	48.858
893.93	49.366
894.11	49.284
894.28	49.321
894.46	49.450
894.63	49.334
894.81	49.193
894.98	49.158
895.16	48.947
895.33	48.483
895.51	48.757
895.68	49.096
895.86	49.114
896.04	48.691
896.21	49.418
896.39	49.497
896.56	49.928
896.74	48.894
896.91	49.439
897.09	48.925
897.26	49.196
897.44	49.032
897.61	49.470
897.79	49.374
897.96	49.322
898.14	49.395
898.31	49.721
898.49	49.615
898.66	48.977
898.84	49.024
899.01	49.685
899.19	48.938
899.36	49.137
899.54	49.215
899.71	49.223
899.89	49.062
900.06	49.814
900.24	49.342
900.41	49.777
900.59	49.894
900.76	49.353
900.94	49.384
901.11	49.320
901.29	48.939
901.46	49.115
901.63	49.296
901.81	49.518
901.98	48.580
902.16	48.820
902.33	48.816
902.51	48.909
902.68	48.796
902.86	48.816
903.03	49.197
903.21	49.043
903.38	49.556
903.56	48.818
903.73	49.285
903.90	49.401
904.08	49.314
904.25	49.223
904.43	49.733
904.60	49.525
904.78	48.810
904.95	49.476
905.12	48.852
905.30	49.145
905.47	49.213
905.65	49.255
905.82	49.220
906.00	49.123
906.17	48.199
906.34	49.401
906.52	49.007
906.69	48.403
906.87	48.877
907.04	49.605
907.21	49.064
907.39	49.553
907.56	49.335
907.74	49.228
907.91	49.223
908.08	49.025
908.26	49.012
908.43	49.536
908.61	49.268
908.78	49.038
908.95	49.060
909.13	49.155
909.30	49.102
909.48	48.762
909.65	49.284
909.82	49.122
910.00	49.611
910.17	49.151
910.34	48.956
910.52	49.236
910.69	48.993
910.87	48.991
911.04	49.468
911.21	49.392
911.39	48.694
911.56	48.913
911.73	49.110
911.91	50.091
912.08	48.991
912.25	48.906
912.43	49.436
912.60	50.032
912.77	49.086
912.95	49.106
913.12	49.486
913.29	48.828
913.47	49.280
913.64	48.661
913.81	48.950
913.99	49.169
914.16	49.049
914.33	48.654
914.51	49.084
914.68	48.765
914.85	48.862
915.03	49.151
915.20	49.562
915.37	49.044
915.55	49.645
915.72	49.248
915.89	48.682
916.07	49.044
916.24	49.192
916.41	48.973
916.59	49.689
916.76	48.704
916.93	49.664
917.10	48.842
917.28	49.239
917.45	49.651
917.62	49.917
917.80	49.506
917.97	49.289
918.14	48.636
918.31	49.173
918.49	49.270
918.66	49.139
918.83	49.288
919.01	48.183
919.18	49.413
919.35	49.085
919.52	49.188
919.70	49.131
919.87	49.026
920.04	48.957
920.21	48.652
920.39	49.779
920.56	49.054
920.73	49.557
920.90	48.912
921.08	49.574
921.25	49.537
921.42	49.294
921.59	49.310
921.77	48.798
921.94	49.560
922.11	49.093
922.28	49.354
922.46	49.868
922.63	49.670
922.80	48.962
922.97	49.521
923.15	49.104
923.32	49.029
923.49	48.570
923.66	48.101
923.83	49.162
924.01	49.320
924.18	49.175
924.35	48.066
924.52	49.101
924.69	48.435
924.87	48.945
925.04	49.439
925.21	49.070
925.38	49.074
925.55	49.607
925.73	48.891
925.90	49.112
926.07	48.693
926.24	49.642
926.41	49.627
926.59	48.603
926.76	49.700
926.93	49.199
927.10	49.060
927.27	49.549
927.45	48.882
927.62	47.998
927.79	48.462
927.96	48.508
928.13	49.905
928.30	49.709
928.48	48.933
928.65	49.306
928.82	49.247
928.99	49.073
929.16	48.842
929.33	49.224
929.50	48.963
929.68	49.316
929.85	49.347
930.02	49.692
930.19	49.305
930.36	49.135
930.53	49.057
930.70	47.687
930.88	49.310
931.05	48.762
931.22	48.730
931.39	49.147
931.56	49.983
931.73	49.868
931.90	49.080
932.08	49.908
932.25	49.493
932.42	49.068
932.59	48.142
932.76	48.453
932.93	47.633
933.10	48.629
933.27	49.151
933.44	48.697
933.62	48.605
933.79	49.531
933.96	50.282
934.13	49.585
934.30	49.000
934.47	49.956
934.64	49.278
934.81	48.563
934.98	49.352
935.15	49.105
935.32	48.627
935.50	47.994
935.67	48.327
935.84	50.314
936.01	49.089
936.18	50.673
936.35	50.267
936.52	50.397
936.69	48.720
936.86	48.960
937.03	50.101
937.20	49.615
937.37	49.542
937.54	50.170
937.71	49.893
937.89	51.491
938.06	48.686
938.23	47.860
938.40	50.470
938.57	49.389
938.74	51.744
938.91	49.914
939.08	47.657
939.25	49.558
939.42	49.041
939.59	49.875
939.76	50.008
939.93	50.523
940.10	49.701
940.27	49.905
940.44	50.053
940.61	49.012
940.78	48.714
940.95	48.853
941.12	47.848
941.29	50.920
941.46	49.762
941.63	47.884
941.80	49.768
941.97	51.009
942.14	49.341
942.31	46.847
942.48	48.385
942.65	48.968
942.82	49.210
942.99	48.350
943.16	48.768
943.33	51.196
943.50	47.540
943.67	49.612
943.84	49.438
944.01	46.827
944.18	49.198
944.35	50.298
944.52	51.023
944.69	49.064
944.86	48.034
945.03	49.915
945.20	49.938
945.37	48.121
945.54	48.373
945.71	49.622
945.88	49.768
946.05	50.538
946.22	48.049
946.39	49.341
946.56	45.719
946.73	48.692
946.90	49.961
947.07	49.164
947.23	48.985
947.40	48.196
947.57	49.236
947.74	49.087
947.91	48.038
948.08	46.013
948.25	47.507
948.42	47.542
948.59	47.086
948.76	46.388
948.93	48.015
949.10	49.063
949.27	47.935
949.44	49.046
949.60	46.445
949.77	46.142
949.94	49.546
950.11	49.462
950.28	51.525
950.45	48.652
950.62	47.369
950.79	48.808
950.96	47.825
951.13	48.255
951.30	48.730
951.46	48.795
951.63	48.925
951.80	49.566
951.97	48.003
952.14	48.561
952.31	49.293
952.48	49.223
952.65	48.040
952.81	49.630
952.98	46.048
953.15	47.290
953.32	50.087
953.49	48.839
953.66	48.906
953.83	49.363
954.00	48.569
954.16	46.759
954.33	46.947
954.50	47.409
954.67	47.693
954.84	49.598
955.01	48.365
955.18	48.237
955.34	47.676
955.51	49.610
955.68	48.859
955.85	48.618
956.02	47.380
956.19	47.752
956.35	48.474
956.52	48.388
956.69	50.954
956.86	46.911
957.03	48.991
957.20	47.439
957.36	47.949
957.53	49.874
957.70	47.664
957.87	48.147
958.04	49.608
958.21	47.979
958.37	48.359
958.54	49.440
958.71	48.361
958.88	48.299
959.05	47.248
959.21	47.826
959.38	47.353
959.55	46.745
959.72	48.887
959.89	47.555
960.05	48.545
960.22	48.127
960.39	47.089
960.56	49.522
960.72	46.813
960.89	50.025
961.06	48.681
961.23	47.911
961.40	47.724
961.56	47.817
961.73	48.089
961.90	48.386
962.07	47.700
962.23	49.163
962.40	47.585
962.57	48.656
962.74	49.117
962.90	47.698
963.07	47.739
963.24	48.274
963.41	48.373
963.57	49.675
963.74	47.547
963.91	49.843
964.08	48.186
964.24	48.140
964.41	48.897
964.58	46.643
964.75	48.107
964.91	48.890
965.08	48.819
965.25	47.804
965.42	48.904
965.58	48.142
965.75	49.464
965.92	49.015
966.08	48.881
966.25	49.306
966.42	47.607
966.59	47.898
966.75	48.899
966.92	47.847
967.09	48.506
967.25	48.106
967.42	48.181
967.59	47.239
967.75	47.176
967.92	48.744
968.09	45.858
968.26	46.859
968.42	49.304
968.59	49.272
968.76	49.059
968.92	48.748
969.09	47.187
969.26	48.386
969.42	49.495
969.59	47.210
969.76	48.389
969.92	47.978
970.09	47.653
970.26	47.612
970.42	48.447
970.59	46.429
970.76	48.249
970.92	47.414
971.09	49.480
971.26	47.113
971.42	47.010
971.59	48.287
971.76	48.042
971.92	49.575
972.09	49.645
972.25	49.098
972.42	48.212
972.59	49.114
972.75	48.588
972.92	47.659
973.09	47.132
973.25	46.490
973.42	48.936
973.58	48.538
973.75	49.083
973.92	47.128
974.08	47.857
974.25	48.873
974.42	47.576
974.58	47.444
974.75	46.470
974.91	48.731
975.08	49.061
975.25	48.573
975.41	47.766
975.58	47.567
975.74	48.648
975.91	47.947
976.08	49.176
976.24	47.114
976.41	49.112
976.57	49.057
976.74	49.183
976.91	48.813
977.07	48.028
977.24	47.301
977.40	48.491
977.57	47.988
977.73	48.493
977.90	48.567
978.07	49.043
978.23	48.745
978.40	47.154
978.56	47.318
978.73	48.617
978.89	48.804
979.06	48.697
979.22	47.378
979.39	47.975
979.56	45.010
979.72	50.595
979.89	48.524
980.05	48.228
980.22	48.681
980.38	47.273
980.55	50.595
980.71	48.516
980.88	49.179
981.04	48.031
981.21	48.391
981.37	48.152
981.54	50.133
981.70	47.040
981.87	49.082
982.04	48.593
982.20	48.797
982.37	49.066
982.53	48.372
982.70	48.231
982.86	46.405
983.03	48.931
983.19	49.137
983.36	49.579
983.52	48.278
983.69	46.492
983.85	47.251
984.02	48.557
984.18	46.743
984.35	46.646
984.51	47.440
984.68	50.810
984.84	46.597
985.00	48.448
985.17	48.481
985.33	47.569
985.50	48.668
985.66	46.893
985.83	46.408
985.99	47.825
986.16	47.675
986.32	48.943
986.49	50.425
986.65	49.014
986.82	48.227
986.98	47.032
987.15	48.460
987.31	49.134
987.47	49.793
987.64	50.312
987.80	49.464
987.97	47.948
988.13	49.068
988.30	49.397
988.46	48.204
988.63	49.792
988.79	47.752
988.95	48.610
989.12	49.820
989.28	48.932
989.45	48.493
989.61	48.168
989.77	47.608
989.94	48.480
990.10	48.499
990.27	48.394
990.43	49.010
990.60	49.274
990.76	47.946
990.92	47.399
991.09	50.448
991.25	50.199
991.42	46.811
991.58	49.046
991.74	49.288
991.91	49.497
992.07	47.350
992.24	48.292
992.40	49.807
992.56	47.845
992.73	47.629
992.89	50.824
993.05	48.452
993.22	46.778
993.38	47.898
993.55	48.920
993.71	48.430
993.87	46.616
994.04	47.231
994.20	48.304
994.36	49.384
994.53	48.598
994.69	48.836
994.85	48.481
995.02	49.336
995.18	49.433
995.34	49.414
995.51	49.193
995.67	49.179
995.84	48.850
996.00	47.002
996.16	45.619
996.33	44.972
996.49	48.460
996.65	50.103
996.82	48.771
996.98	49.111
997.14	47.510
997.31	47.213
997.47	48.421
997.63	50.508
997.79	50.884
997.96	47.358
998.12	47.069
998.28	46.341
998.45	49.042
998.61	49.071
998.77	50.823
998.94	48.904
999.10	50.055
999.26	49.363
999.43	47.495
999.59	48.566
999.75	49.503
999.91	47.780
1000.08	48.571
1000.24	51.367
1000.40	49.849
1000.57	49.887
1000.73	47.322
1000.89	46.829
1001.05	47.243
1001.22	47.284
1001.38	46.290
1001.54	49.027
1001.70	48.518
1001.87	48.241
1002.03	48.288
1002.19	49.697
1002.35	50.287
1002.52	48.252
1002.68	48.154
1002.84	49.367
1003.00	49.585
1003.17	48.566
1003.33	47.697
1003.49	49.283
1003.65	49.643
1003.82	49.659
1003.98	47.961
1004.14	48.304
1004.30	51.906
1004.47	49.560
1004.63	47.876
1004.79	48.500
1004.95	48.665
1005.11	48.998
1005.28	49.740
1005.44	47.351
1005.60	49.239
1005.76	49.156
1005.93	49.634
1006.09	49.515
1006.25	48.854
1006.41	50.480
1006.57	49.276
1006.74	46.631
1006.90	49.776
1007.06	49.115
1007.22	51.386
1007.38	47.418
1007.55	46.730
1007.71	49.561
1007.87	50.073
1008.03	48.275
1008.19	50.478
1008.35	49.926
1008.52	48.866
1008.68	50.059
1008.84	49.198
1009.00	48.803
1009.16	46.626
1009.32	49.178
1009.49	50.623
1009.65	49.601
1009.81	48.988
1009.97	49.771
1010.13	52.902
1010.29	49.196
1010.46	51.490
1010.62	48.640
1010.78	48.121
1010.94	48.723
1011.10	49.557
1011.26	51.289
1011.42	48.574
1011.59	50.516
1011.75	48.906
1011.91	47.051
1012.07	50.934
1012.23	47.455
1012.39	51.778
1012.55	50.085
1012.71	49.194
1012.88	52.577
1013.04	46.622
1013.20	52.962
1013.36	51.434
1013.52	48.594
1013.68	49.019
1013.84	49.184
1014.00	47.205
1014.16	47.941
1014.33	52.388
1014.49	49.342
1014.65	49.480
1014.81	48.745
1014.97	48.472
1015.13	47.003
1015.29	44.870
1015.45	44.393
1015.61	48.337
1015.77	47.490
1015.93	50.271
1016.09	49.940
1016.26	50.613
1016.42	46.638
1016.58	45.887
1016.74	52.770
1016.90	47.585
1017.06	48.436
1017.22	47.591
1017.38	53.221
1017.54	52.641
1017.70	51.736
1017.86	51.148
1018.02	51.740
1018.18	50.866
1018.34	48.409
1018.50	50.234
1018.66	45.997
1018.82	47.562
1018.98	50.453
1019.14	48.102
1019.31	48.483
1019.47	45.705
1019.63	46.917
1019.79	51.344
1019.95	47.452
1020.11	46.294
1020.27	51.840
1020.43	51.660
1020.59	52.321
1020.75	48.584
1020.91	48.217
1021.07	50.000
1021.23	48.099
1021.39	53.359
1021.55	50.122
1021.71	45.604
1021.87	45.413
1022.03	50.391
1022.19	47.679
1022.35	52.547
1022.51	64.368
1022.67	49.280
1022.83	49.078
1022.99	45.469
1023.15	48.582
1023.31	46.788
1023.47	53.297
1023.63	50.728
1023.79	51.372
1023.95	49.388
1024.10	47.914
1024.26	52.295
1024.42	44.740
1024.58	45.445
1024.74	43.603
1024.90	49.016
1025.06	50.187
1025.22	47.889
1025.38	49.072
1025.54	54.323
1025.70	42.260
1025.86	50.930
1026.02	45.096
1026.18	45.067
1026.34	49.542
1026.50	47.028
1026.66	42.943
1026.82	45.524
1026.98	46.940
1027.13	52.789
1027.29	53.194
1027.45	48.308
1027.61	48.155
1027.77	53.967
1027.93	47.561
1028.09	45.574
1028.25	49.283
1028.41	48.611
1028.57	48.453
1028.73	54.273
1028.88	60.896
1029.04	51.331
1029.20	44.658
1029.36	49.609
1029.52	54.708
1029.68	48.381
1029.84	53.894
1030.00	50.865
1030.16	55.642
1030.32	49.501
1030.47	42.078
1030.63	51.380
1030.79	54.814
1030.95	52.919
1031.11	41.486
1031.27	45.741
1031.43	51.971
1031.59	49.074
1031.74	51.433
1031.90	47.350
1032.06	47.938
1032.22	42.078
1032.38	47.839
1032.54	51.603
1032.69	47.211
1032.85	52.154
1033.01	52.148
1033.17	51.450
1033.33	49.066
1033.49	52.266
1033.65	47.871
1033.80	45.538
1033.96	52.228
1034.12	45.278
1034.28	41.114
1034.44	49.278
1034.60	41.036
1034.75	46.655
1034.91	56.838
1035.07	45.324
1035.23	51.526
1035.39	42.049
1035.54	53.860
1035.70	46.429
1035.86	51.774
1036.02	53.638
1036.18	48.887
1036.33	43.227
1036.49	46.827
1036.65	50.859
1036.81	66.264
1036.97	50.049
1037.12	45.822
1037.28	48.476
1037.44	38.010
1037.60	47.766
1037.76	41.410
1037.91	51.762
1038.07	42.773
1038.23	46.667
1038.39	38.058
1038.54	55.748
1038.70	51.631
1038.86	42.857
1039.02	46.865
1039.17	60.488
1039.33	44.775
1039.49	54.787
1039.65	41.995
1039.80	57.381
1039.96	48.854
1040.12	55.763
1040.28	46.285
>>>>> Data<<<<< Espectral Procesado Extremo
