Fichero De Datos De SpectraSuite
++++++++++++++++++++++++++++++++++++
Fecha: Mon Jun 29 11:57:42 CST 2026
Usuario: Deodanes
Presente Oscuro Del Espectro: Sí
La Referencia de Presente Del Espectro De: Sí
Muestreados de los componentes de Número de espectros: 1
Espectrómetros: USB4H06056
Tiempo de integración (usec): 300000 (USB4H06056)
Promedio de Espectros Hechos un: 5 (USB4H06056)
El Alisar Del Furgón: 0 (USB4H06056)
Párrafo de de Corregir del la del del de Eléctrica del obscuridad: No (USB4H06056)
Estrobo/Lámpara Permitido: No (USB4H06056)
Correct for Detector Non-linearity: No (USB4H06056)
Párrafo de de Corregir del la del del de Externa del luz: No (USB4H06056)
Procesado del espectro de Número de pixeles en: 3648
>>>>> Comienza Data<<<<< Espectral Procesado Del EL
345.09	-59.211
345.30	-59.211
345.52	-59.211
345.74	617.647
345.95	-71.429
346.17	233.333
346.39	36.364
346.60	126.374
346.82	-118.750
347.04	74.576
347.25	116.667
347.47	-1162.500
347.69	44.828
347.90	137.500
348.12	82.540
348.34	257.895
348.56	227.273
348.77	-1457.143
348.99	24.828
349.21	69.585
349.42	81.347
349.64	-14.815
349.86	78.125
350.07	80.000
350.29	72.152
350.51	68.421
350.72	76.048
350.94	112.500
351.16	85.778
351.37	100.000
351.59	45.933
351.81	47.783
352.02	36.232
352.24	30.000
352.46	35.887
352.67	61.582
352.89	53.988
353.10	84.404
353.32	0.660
353.54	-35.000
353.75	-158.929
353.97	16.495
354.19	82.609
354.40	52.679
354.62	83.916
354.84	14.660
355.05	69.737
355.27	57.021
355.49	134.314
355.70	31.579
355.92	45.098
356.14	36.691
356.35	47.826
356.57	74.648
356.78	50.704
357.00	62.500
357.22	102.139
357.43	56.111
357.65	20.000
357.87	25.263
358.08	81.579
358.30	61.574
358.51	100.000
358.73	56.863
358.95	75.135
359.16	56.154
359.38	1216.667
359.60	15.976
359.81	48.276
360.03	51.316
360.24	69.811
360.46	54.475
360.68	59.641
360.89	109.924
361.11	59.447
361.33	80.282
361.54	60.694
361.76	125.714
361.97	46.763
362.19	42.025
362.41	63.235
362.62	52.607
362.84	26.452
363.05	71.255
363.27	78.395
363.49	5.578
363.70	65.823
363.92	150.633
364.13	14.721
364.35	63.423
364.57	71.269
364.78	129.524
365.00	58.491
365.21	66.321
365.43	37.671
365.65	30.901
365.86	62.069
366.08	19.737
366.29	32.377
366.51	62.245
366.73	52.107
366.94	1.242
367.16	27.070
367.37	122.667
367.59	69.884
367.80	90.789
368.02	64.078
368.24	116.575
368.45	-12.245
368.67	53.943
368.88	68.636
369.10	103.499
369.31	44.040
369.53	-9.709
369.75	11.554
369.96	46.835
370.18	138.095
370.39	161.594
370.61	59.296
370.82	125.217
371.04	44.922
371.26	2.591
371.47	34.201
371.69	111.111
371.90	44.610
372.12	36.943
372.33	57.714
372.55	19.865
372.76	36.232
372.98	92.771
373.20	178.302
373.41	119.231
373.63	18.357
373.84	28.662
374.06	19.298
374.27	60.062
374.49	47.518
374.70	85.887
374.92	81.459
375.13	83.838
375.35	54.485
375.57	75.090
375.78	82.390
376.00	47.706
376.21	74.312
376.43	88.745
376.64	67.412
376.86	38.587
377.07	66.047
377.29	73.765
377.50	66.393
377.72	69.261
377.93	92.308
378.15	58.848
378.36	94.983
378.58	63.423
378.80	151.818
379.01	37.830
379.23	46.809
379.44	38.400
379.66	74.398
379.87	49.774
380.09	58.257
380.30	54.324
380.52	73.543
380.73	47.163
380.95	68.814
381.16	95.102
381.38	75.342
381.59	26.578
381.81	74.903
382.02	51.196
382.24	20.968
382.45	51.481
382.67	61.776
382.88	43.770
383.10	65.269
383.31	53.957
383.53	79.940
383.74	77.119
383.96	55.755
384.17	52.510
384.39	47.545
384.60	60.218
384.82	36.493
385.03	51.818
385.25	56.993
385.46	71.341
385.68	53.000
385.89	57.339
386.11	72.778
386.32	65.972
386.54	72.101
386.75	82.710
386.97	24.898
387.18	37.209
387.40	39.274
387.61	65.659
387.83	88.947
388.04	101.792
388.25	44.816
388.47	84.545
388.68	83.901
388.90	41.050
389.11	59.091
389.33	72.014
389.54	43.574
389.76	58.945
389.97	103.022
390.19	61.871
390.40	60.244
390.62	67.910
390.83	58.974
391.05	69.458
391.26	57.002
391.47	110.219
391.69	107.358
391.90	41.882
392.12	61.468
392.33	86.494
392.55	94.444
392.76	43.784
392.98	42.794
393.19	54.642
393.41	65.903
393.62	83.603
393.83	66.667
394.05	66.496
394.26	71.758
394.48	63.793
394.69	63.720
394.91	59.674
395.12	60.790
395.34	45.122
395.55	41.851
395.76	69.979
395.98	64.640
396.19	56.681
396.41	45.911
396.62	82.287
396.84	79.792
397.05	48.460
397.26	71.805
397.48	57.290
397.69	43.653
397.91	57.143
398.12	55.782
398.33	61.728
398.55	65.440
398.76	41.004
398.98	76.008
399.19	34.269
399.41	63.673
399.62	50.153
399.83	64.463
400.05	39.583
400.26	76.906
400.48	86.038
400.69	69.628
400.90	47.129
401.12	56.085
401.33	57.096
401.55	62.606
401.76	67.965
401.97	52.535
402.19	57.597
402.40	70.543
402.62	66.720
402.83	51.119
403.04	63.245
403.26	48.077
403.47	56.465
403.69	70.076
403.90	60.455
404.11	56.636
404.33	67.260
404.54	66.435
404.76	39.577
404.97	53.213
405.18	60.650
405.40	50.960
405.61	56.056
405.83	52.932
406.04	57.143
406.25	50.304
406.47	50.696
406.68	58.562
406.89	54.835
407.11	67.483
407.32	45.822
407.54	54.463
407.75	45.101
407.96	58.257
408.18	49.446
408.39	56.696
408.60	54.982
408.82	55.078
409.03	47.226
409.24	51.128
409.46	46.498
409.67	58.029
409.89	45.989
410.10	36.105
410.31	51.044
410.53	46.269
410.74	50.000
410.95	54.555
411.17	50.289
411.38	48.858
411.59	49.896
411.81	47.384
412.02	39.512
412.23	37.907
412.45	35.929
412.66	43.539
412.87	31.324
413.09	43.163
413.30	45.859
413.51	46.147
413.73	51.028
413.94	41.006
414.15	36.488
414.37	36.639
414.58	36.636
414.79	40.732
415.01	35.929
415.22	50.871
415.43	43.251
415.65	38.338
415.86	32.576
416.07	23.963
416.29	37.311
416.50	37.608
416.71	38.673
416.93	33.822
417.14	31.242
417.35	33.354
417.57	33.494
417.78	25.659
417.99	33.890
418.21	29.891
418.42	35.132
418.63	30.773
418.85	33.441
419.06	36.002
419.27	27.465
419.48	34.001
419.70	28.336
419.91	26.128
420.12	26.771
420.34	26.654
420.55	27.741
420.76	29.847
420.98	28.167
421.19	27.055
421.40	25.428
421.61	28.707
421.83	28.601
422.04	27.429
422.25	21.229
422.47	31.655
422.68	24.952
422.89	23.187
423.11	25.558
423.32	26.016
423.53	21.964
423.74	25.726
423.96	24.635
424.17	19.058
424.38	22.478
424.59	23.400
424.81	23.452
425.02	21.774
425.23	23.999
425.45	18.231
425.66	24.151
425.87	21.770
426.08	21.260
426.30	23.898
426.51	24.138
426.72	17.412
426.93	20.839
427.15	21.405
427.36	21.689
427.57	20.615
427.79	18.888
428.00	22.409
428.21	-21.119
428.42	21.129
428.64	18.158
428.85	20.544
429.06	19.152
429.27	16.565
429.49	20.545
429.70	19.211
429.91	15.689
430.12	19.941
430.34	20.814
430.55	18.646
430.76	17.135
430.97	19.640
431.19	15.812
431.40	22.114
431.61	22.074
431.82	19.657
432.03	19.806
432.25	20.353
432.46	17.696
432.67	20.507
432.88	19.991
433.10	18.886
433.31	17.766
433.52	17.749
433.73	18.502
433.95	19.037
434.16	20.362
434.37	20.173
434.58	17.813
434.79	17.636
435.01	20.178
435.22	17.818
435.43	18.413
435.64	19.132
435.86	20.261
436.07	20.379
436.28	19.375
436.49	19.276
436.70	16.934
436.92	18.636
437.13	17.041
437.34	17.833
437.55	18.804
437.76	16.646
437.98	18.822
438.19	15.050
438.40	18.086
438.61	18.426
438.82	18.215
439.04	17.438
439.25	17.538
439.46	18.635
439.67	16.139
439.88	16.261
440.10	17.692
440.31	18.756
440.52	17.576
440.73	17.829
440.94	17.359
441.16	17.651
441.37	18.119
441.58	18.380
441.79	18.489
442.00	19.034
442.21	18.199
442.43	16.813
442.64	17.803
442.85	18.559
443.06	17.126
443.27	16.428
443.48	16.010
443.70	18.571
443.91	17.971
444.12	16.870
444.33	19.845
444.54	17.739
444.75	18.604
444.97	17.281
445.18	17.236
445.39	18.443
445.60	17.968
445.81	16.657
446.02	17.163
446.24	17.520
446.45	17.414
446.66	17.823
446.87	18.396
447.08	17.824
447.29	17.804
447.51	17.123
447.72	18.613
447.93	17.576
448.14	16.392
448.35	17.707
448.56	19.758
448.77	17.637
448.99	17.034
449.20	16.598
449.41	16.487
449.62	18.834
449.83	18.312
450.04	17.315
450.25	18.077
450.46	17.520
450.68	16.893
450.89	18.295
451.10	16.755
451.31	18.876
451.52	18.366
451.73	16.867
451.94	19.140
452.15	18.653
452.37	18.016
452.58	18.621
452.79	15.672
453.00	18.611
453.21	17.103
453.42	18.657
453.63	16.586
453.84	17.917
454.06	18.147
454.27	16.559
454.48	17.853
454.69	18.291
454.90	18.145
455.11	16.667
455.32	17.075
455.53	17.230
455.74	18.454
455.95	18.926
456.17	17.905
456.38	17.540
456.59	18.134
456.80	18.437
457.01	18.619
457.22	18.077
457.43	17.882
457.64	18.548
457.85	17.601
458.06	18.715
458.27	18.757
458.49	17.937
458.70	19.526
458.91	17.413
459.12	18.708
459.33	17.991
459.54	18.470
459.75	16.878
459.96	17.881
460.17	18.679
460.38	16.877
460.59	17.914
460.80	18.672
461.01	17.472
461.23	19.905
461.44	18.781
461.65	18.771
461.86	17.818
462.07	18.216
462.28	18.843
462.49	18.254
462.70	18.804
462.91	18.109
463.12	17.298
463.33	18.468
463.54	18.752
463.75	20.040
463.96	19.245
464.17	18.728
464.38	18.623
464.59	18.065
464.81	18.034
465.02	18.201
465.23	18.604
465.44	18.157
465.65	18.803
465.86	18.578
466.07	19.128
466.28	18.226
466.49	17.519
466.70	18.481
466.91	18.634
467.12	18.002
467.33	18.926
467.54	18.092
467.75	18.093
467.96	18.619
468.17	19.199
468.38	18.450
468.59	19.519
468.80	18.820
469.01	18.984
469.22	18.845
469.43	18.497
469.64	18.641
469.85	19.665
470.06	17.853
470.27	18.335
470.48	18.149
470.69	18.638
470.90	18.484
471.11	18.504
471.32	19.147
471.53	17.238
471.74	19.359
471.95	19.141
472.16	18.641
472.37	18.579
472.58	18.367
472.79	19.108
473.00	19.318
473.21	19.175
473.42	18.651
473.63	19.044
473.84	18.710
474.05	18.810
474.26	18.934
474.47	19.080
474.68	18.953
474.89	17.714
475.10	18.601
475.31	18.230
475.52	18.606
475.73	18.727
475.94	19.240
476.15	18.788
476.36	18.001
476.57	18.372
476.78	19.038
476.99	18.877
477.20	19.556
477.41	19.493
477.62	18.550
477.83	19.112
478.04	19.191
478.25	19.378
478.46	18.748
478.67	19.004
478.88	19.649
479.09	19.719
479.30	19.377
479.51	18.941
479.72	19.354
479.93	18.082
480.14	19.062
480.35	19.521
480.56	19.070
480.77	18.700
480.98	19.213
481.18	19.085
481.39	17.969
481.60	19.579
481.81	19.050
482.02	18.582
482.23	19.348
482.44	18.629
482.65	18.667
482.86	19.016
483.07	18.644
483.28	18.869
483.49	18.688
483.70	19.459
483.91	18.136
484.12	18.591
484.33	19.493
484.53	19.413
484.74	19.360
484.95	19.324
485.16	18.860
485.37	19.239
485.58	19.266
485.79	18.181
486.00	18.947
486.21	19.409
486.42	18.781
486.63	19.337
486.84	19.182
487.05	19.002
487.25	19.378
487.46	19.112
487.67	19.714
487.88	18.980
488.09	19.365
488.30	19.286
488.51	24.961
488.72	19.349
488.93	19.480
489.14	18.801
489.35	19.011
489.55	19.515
489.76	18.999
489.97	19.487
490.18	19.969
490.39	19.159
490.60	18.963
490.81	19.286
491.02	19.326
491.23	19.689
491.43	19.005
491.64	18.784
491.85	19.334
492.06	19.360
492.27	18.723
492.48	19.313
492.69	19.431
492.90	18.920
493.11	19.320
493.31	19.554
493.52	19.386
493.73	19.017
493.94	19.024
494.15	19.325
494.36	19.129
494.57	18.969
494.78	18.830
494.98	19.257
495.19	19.513
495.40	19.110
495.61	19.490
495.82	19.578
496.03	19.243
496.24	20.004
496.44	19.529
496.65	19.271
496.86	19.840
497.07	19.405
497.28	20.167
497.49	19.314
497.70	19.494
497.90	19.847
498.11	19.892
498.32	19.987
498.53	19.345
498.74	19.743
498.95	19.230
499.15	19.295
499.36	19.503
499.57	19.304
499.78	19.858
499.99	19.351
500.20	19.328
500.40	19.342
500.61	19.095
500.82	19.275
501.03	19.361
501.24	19.595
501.45	19.391
501.65	19.252
501.86	20.135
502.07	19.656
502.28	19.257
502.49	20.062
502.70	19.450
502.90	19.310
503.11	19.881
503.32	19.569
503.53	19.515
503.74	19.849
503.94	19.850
504.15	19.652
504.36	20.192
504.57	19.724
504.78	20.115
504.98	19.243
505.19	20.141
505.40	19.562
505.61	20.156
505.82	19.872
506.02	20.080
506.23	19.967
506.44	19.624
506.65	19.982
506.86	19.941
507.06	19.640
507.27	20.179
507.48	19.837
507.69	19.481
507.90	20.182
508.10	20.284
508.31	19.774
508.52	20.059
508.73	20.265
508.94	20.090
509.14	19.908
509.35	19.786
509.56	19.687
509.77	19.763
509.97	19.981
510.18	19.908
510.39	19.727
510.60	19.920
510.80	20.054
511.01	19.887
511.22	19.980
511.43	19.787
511.64	20.386
511.84	20.020
512.05	20.216
512.26	19.937
512.47	20.179
512.67	20.396
512.88	20.044
513.09	20.430
513.30	20.115
513.50	20.271
513.71	20.137
513.92	20.656
514.13	19.780
514.33	20.266
514.54	20.161
514.75	20.135
514.96	20.574
515.16	20.452
515.37	20.577
515.58	20.579
515.78	20.517
515.99	20.455
516.20	20.654
516.41	20.621
516.61	20.328
516.82	20.309
517.03	20.514
517.24	20.575
517.44	20.516
517.65	20.774
517.86	20.267
518.07	21.105
518.27	20.561
518.48	20.513
518.69	20.366
518.89	20.389
519.10	21.163
519.31	21.054
519.52	20.981
519.72	21.174
519.93	20.855
520.14	21.096
520.34	21.072
520.55	21.061
520.76	21.194
520.96	20.797
521.17	20.752
521.38	20.979
521.59	21.343
521.79	21.139
522.00	21.420
522.21	21.588
522.41	21.351
522.62	21.696
522.83	21.685
523.03	21.374
523.24	21.422
523.45	21.832
523.66	21.659
523.86	21.409
524.07	21.496
524.28	21.759
524.48	21.736
524.69	22.129
524.90	22.043
525.10	21.478
525.31	21.880
525.52	21.958
525.72	22.199
525.93	21.789
526.14	21.805
526.34	22.500
526.55	22.323
526.76	22.114
526.96	22.133
527.17	21.938
527.38	21.938
527.58	22.482
527.79	22.785
528.00	22.373
528.20	22.320
528.41	22.297
528.62	22.719
528.82	22.894
529.03	22.510
529.24	22.740
529.44	22.724
529.65	22.867
529.85	23.493
530.06	22.908
530.27	22.597
530.47	23.000
530.68	23.234
530.89	23.287
531.09	23.175
531.30	23.145
531.51	23.249
531.71	23.582
531.92	23.473
532.13	23.663
532.33	23.551
532.54	23.434
532.74	23.587
532.95	23.860
533.16	23.615
533.36	23.554
533.57	23.876
533.78	23.436
533.98	24.027
534.19	24.104
534.39	24.144
534.60	23.907
534.81	23.858
535.01	23.640
535.22	24.395
535.42	24.098
535.63	24.221
535.84	24.284
536.04	23.558
536.25	24.139
536.45	24.074
536.66	24.305
536.87	23.775
537.07	24.553
537.28	24.334
537.48	24.829
537.69	24.518
537.90	24.425
538.10	24.684
538.31	24.482
538.51	24.596
538.72	24.681
538.93	24.566
539.13	24.802
539.34	24.739
539.54	24.638
539.75	24.661
539.96	24.514
540.16	24.524
540.37	24.995
540.57	24.525
540.78	24.930
540.98	24.874
541.19	25.120
541.40	24.966
541.60	24.724
541.81	25.088
542.01	24.962
542.22	25.203
542.42	24.963
542.63	24.875
542.83	25.097
543.04	25.026
543.25	25.443
543.45	24.979
543.66	24.894
543.86	25.004
544.07	25.298
544.27	25.040
544.48	25.128
544.68	25.079
544.89	25.346
545.10	25.112
545.30	25.264
545.51	25.252
545.71	25.200
545.92	25.177
546.12	24.976
546.33	25.381
546.53	25.589
546.74	25.293
546.94	25.907
547.15	25.506
547.36	25.215
547.56	25.138
547.77	25.294
547.97	25.825
548.18	25.326
548.38	25.264
548.59	25.560
548.79	25.520
549.00	25.511
549.20	25.457
549.41	25.528
549.61	25.712
549.82	25.265
550.02	25.276
550.23	25.743
550.43	25.811
550.64	25.481
550.84	25.343
551.05	25.442
551.25	25.260
551.46	25.468
551.66	25.679
551.87	25.743
552.07	25.574
552.28	25.559
552.48	25.591
552.69	25.515
552.89	26.137
553.10	25.281
553.30	25.330
553.51	25.436
553.71	25.621
553.92	25.653
554.12	25.583
554.33	25.867
554.53	25.614
554.74	26.005
554.94	25.549
555.15	25.781
555.35	25.695
555.56	25.593
555.76	25.748
555.97	25.731
556.17	25.854
556.38	25.991
556.58	25.723
556.78	25.898
556.99	25.738
557.19	25.455
557.40	25.691
557.60	25.777
557.81	25.842
558.01	25.659
558.22	25.541
558.42	25.646
558.63	25.346
558.83	25.724
559.04	25.675
559.24	25.529
559.44	25.789
559.65	25.570
559.85	25.636
560.06	25.792
560.26	25.438
560.47	25.486
560.67	23.374
560.88	25.713
561.08	25.566
561.28	25.581
561.49	25.651
561.69	25.583
561.90	25.696
562.10	25.631
562.31	25.871
562.51	25.801
562.71	25.540
562.92	25.538
563.12	25.689
563.33	25.259
563.53	25.163
563.74	25.313
563.94	25.557
564.14	25.621
564.35	25.673
564.55	25.626
564.76	25.825
564.96	25.318
565.17	25.558
565.37	25.412
565.57	25.314
565.78	25.212
565.98	25.360
566.19	25.135
566.39	25.415
566.59	25.332
566.80	25.298
567.00	25.043
567.21	25.115
567.41	25.039
567.61	25.115
567.82	25.228
568.02	25.157
568.23	24.868
568.43	24.849
568.63	24.851
568.84	24.625
569.04	25.033
569.24	25.038
569.45	24.945
569.65	24.505
569.86	24.494
570.06	25.100
570.26	24.799
570.47	24.763
570.67	24.633
570.87	24.381
571.08	24.424
571.28	24.512
571.49	24.502
571.69	24.552
571.89	24.364
572.10	24.152
572.30	24.222
572.50	24.175
572.71	24.061
572.91	24.101
573.11	24.487
573.32	23.878
573.52	24.434
573.73	24.016
573.93	24.138
574.13	24.369
574.34	23.782
574.54	23.985
574.74	23.813
574.95	24.134
575.15	23.741
575.35	23.739
575.56	23.533
575.76	24.135
575.96	23.726
576.17	23.666
576.37	23.723
576.57	23.525
576.78	23.669
576.98	23.424
577.18	23.393
577.39	23.692
577.59	23.409
577.79	23.436
578.00	23.635
578.20	23.573
578.40	23.548
578.61	23.321
578.81	23.522
579.01	23.111
579.22	23.371
579.42	23.158
579.62	23.709
579.82	23.146
580.03	23.357
580.23	23.210
580.43	23.133
580.64	23.012
580.84	23.100
581.04	22.866
581.25	23.000
581.45	22.881
581.65	22.827
581.86	22.951
582.06	23.049
582.26	23.027
582.46	22.638
582.67	23.065
582.87	22.937
583.07	22.859
583.28	22.409
583.48	22.929
583.68	22.624
583.88	22.470
584.09	22.667
584.29	22.712
584.49	22.605
584.70	22.824
584.90	22.810
585.10	22.827
585.30	22.410
585.51	22.501
585.71	22.583
585.91	22.392
586.11	22.496
586.32	22.425
586.52	22.565
586.72	22.439
586.92	22.673
587.13	22.334
587.33	22.415
587.53	22.408
587.74	22.156
587.94	22.413
588.14	22.339
588.34	22.464
588.55	22.494
588.75	22.154
588.95	22.004
589.15	22.139
589.36	22.245
589.56	22.186
589.76	22.291
589.96	22.170
590.16	22.206
590.37	22.202
590.57	21.911
590.77	22.132
590.97	22.160
591.18	21.984
591.38	21.930
591.58	23.132
591.78	22.100
591.99	21.762
592.19	22.102
592.39	22.032
592.59	22.213
592.79	22.034
593.00	21.964
593.20	22.304
593.40	21.932
593.60	22.068
593.81	21.756
594.01	22.116
594.21	22.042
594.41	21.818
594.61	22.099
594.82	21.984
595.02	21.784
595.22	21.709
595.42	22.030
595.62	21.954
595.83	21.952
596.03	22.046
596.23	21.989
596.43	21.748
596.63	21.985
596.84	21.746
597.04	21.614
597.24	21.656
597.44	21.920
597.64	21.966
597.84	21.796
598.05	21.824
598.25	21.734
598.45	21.819
598.65	22.239
598.85	21.676
599.06	21.725
599.26	21.705
599.46	22.171
599.66	21.935
599.86	21.836
600.06	21.750
600.27	21.801
600.47	21.825
600.67	21.831
600.87	21.729
601.07	21.717
601.27	21.849
601.48	21.885
601.68	21.558
601.88	21.740
602.08	21.652
602.28	21.479
602.48	21.649
602.68	21.708
602.89	21.632
603.09	21.901
603.29	21.765
603.49	21.656
603.69	21.732
603.89	21.859
604.09	21.745
604.30	21.670
604.50	21.530
604.70	21.720
604.90	21.829
605.10	21.600
605.30	21.730
605.50	21.730
605.71	21.444
605.91	21.748
606.11	21.726
606.31	21.898
606.51	21.768
606.71	21.705
606.91	21.574
607.11	21.716
607.32	21.770
607.52	21.659
607.72	21.734
607.92	21.878
608.12	21.730
608.32	21.681
608.52	21.425
608.72	21.582
608.92	21.404
609.12	21.735
609.33	21.592
609.53	21.573
609.73	21.653
609.93	21.566
610.13	21.864
610.33	21.870
610.53	21.546
610.73	21.456
610.93	21.326
611.13	21.606
611.34	21.658
611.54	21.683
611.74	21.376
611.94	21.689
612.14	21.597
612.34	21.400
612.54	21.511
612.74	21.701
612.94	21.508
613.14	21.544
613.34	21.364
613.54	21.514
613.74	21.413
613.95	21.496
614.15	21.811
614.35	21.531
614.55	21.537
614.75	21.571
614.95	21.545
615.15	21.459
615.35	21.275
615.55	21.339
615.75	21.290
615.95	21.744
616.15	21.372
616.35	21.302
616.55	21.349
616.75	21.395
616.95	21.511
617.15	21.413
617.35	21.342
617.56	21.276
617.76	21.450
617.96	21.258
618.16	21.581
618.36	21.500
618.56	21.328
618.76	21.320
618.96	21.215
619.16	21.254
619.36	21.324
619.56	21.287
619.76	21.453
619.96	21.260
620.16	21.257
620.36	21.238
620.56	21.112
620.76	21.246
620.96	21.450
621.16	21.244
621.36	21.220
621.56	21.292
621.76	21.283
621.96	21.327
622.16	21.103
622.36	21.115
622.56	21.098
622.76	21.268
622.96	21.388
623.16	21.263
623.36	21.090
623.56	21.189
623.76	21.238
623.96	21.160
624.16	21.407
624.36	21.281
624.56	21.378
624.76	20.988
624.96	20.905
625.16	21.138
625.36	21.256
625.56	21.002
625.76	21.380
625.96	21.030
626.16	20.973
626.36	20.995
626.56	21.262
626.76	21.236
626.96	21.305
627.16	21.245
627.36	21.207
627.56	20.971
627.76	21.358
627.96	21.000
628.16	21.338
628.36	21.122
628.56	21.071
628.75	20.880
628.95	21.253
629.15	21.241
629.35	21.185
629.55	21.070
629.75	21.233
629.95	21.132
630.15	21.041
630.35	21.080
630.55	21.210
630.75	21.244
630.95	21.081
631.15	21.156
631.35	21.165
631.55	20.958
631.75	21.061
631.95	21.267
632.15	20.764
632.34	21.122
632.54	21.217
632.74	21.166
632.94	21.067
633.14	20.952
633.34	20.864
633.54	20.858
633.74	21.292
633.94	21.038
634.14	21.088
634.34	21.117
634.54	21.066
634.74	20.763
634.93	21.185
635.13	21.108
635.33	21.088
635.53	21.293
635.73	21.252
635.93	21.155
636.13	21.136
636.33	21.095
636.53	21.183
636.73	21.326
636.93	20.961
637.12	20.898
637.32	20.906
637.52	21.007
637.72	20.881
637.92	20.953
638.12	21.139
638.32	20.832
638.52	20.743
638.72	21.028
638.91	20.848
639.11	21.097
639.31	20.799
639.51	20.845
639.71	20.887
639.91	20.875
640.11	20.699
640.31	20.601
640.50	20.778
640.70	20.787
640.90	20.916
641.10	20.749
641.30	20.750
641.50	20.625
641.70	20.680
641.89	20.661
642.09	20.776
642.29	20.802
642.49	20.870
642.69	20.704
642.89	20.715
643.09	20.770
643.28	20.924
643.48	20.644
643.68	20.611
643.88	20.400
644.08	20.827
644.28	20.844
644.48	20.650
644.67	20.667
644.87	20.471
645.07	20.282
645.27	20.634
645.47	20.711
645.67	20.485
645.86	20.571
646.06	20.711
646.26	20.313
646.46	20.743
646.66	20.584
646.85	20.778
647.05	20.678
647.25	20.427
647.45	20.722
647.65	20.561
647.85	20.419
648.04	20.688
648.24	20.728
648.44	20.657
648.64	20.398
648.84	20.442
649.03	20.647
649.23	20.502
649.43	20.365
649.63	20.594
649.83	20.837
650.02	20.658
650.22	20.502
650.42	20.360
650.62	20.310
650.82	20.228
651.01	20.358
651.21	20.734
651.41	20.228
651.61	20.190
651.81	20.498
652.00	20.335
652.20	20.345
652.40	20.424
652.60	20.437
652.79	20.247
652.99	20.191
653.19	20.278
653.39	20.372
653.59	20.362
653.78	20.375
653.98	20.242
654.18	20.210
654.38	20.180
654.57	20.240
654.77	20.319
654.97	20.150
655.17	19.977
655.36	20.275
655.56	20.392
655.76	20.101
655.96	20.214
656.15	20.554
656.35	20.149
656.55	20.493
656.75	20.229
656.94	20.151
657.14	20.467
657.34	20.102
657.54	20.487
657.73	20.427
657.93	20.308
658.13	20.194
658.33	20.356
658.52	20.216
658.72	20.769
658.92	20.220
659.11	20.300
659.31	20.341
659.51	20.264
659.71	20.183
659.90	20.108
660.10	20.440
660.30	20.086
660.50	20.188
660.69	20.363
660.89	20.255
661.09	20.051
661.28	20.019
661.48	20.226
661.68	20.243
661.87	20.159
662.07	20.087
662.27	20.318
662.47	20.090
662.66	20.152
662.86	20.251
663.06	20.221
663.25	20.166
663.45	20.322
663.65	20.113
663.84	20.308
664.04	20.262
664.24	20.075
664.44	20.193
664.63	20.491
664.83	20.082
665.03	20.380
665.22	20.283
665.42	20.218
665.62	20.215
665.81	20.234
666.01	20.058
666.21	20.286
666.40	20.330
666.60	20.397
666.80	20.162
666.99	20.277
667.19	20.092
667.39	20.172
667.58	20.073
667.78	20.500
667.98	20.191
668.17	20.063
668.37	20.353
668.57	20.311
668.76	20.367
668.96	20.023
669.16	20.153
669.35	20.262
669.55	19.947
669.74	20.023
669.94	20.271
670.14	20.225
670.33	20.483
670.53	20.066
670.73	20.251
670.92	20.181
671.12	20.122
671.32	20.203
671.51	20.176
671.71	20.090
671.90	20.184
672.10	20.247
672.30	20.323
672.49	20.112
672.69	20.269
672.89	20.008
673.08	20.338
673.28	20.224
673.47	20.286
673.67	20.187
673.87	20.120
674.06	20.176
674.26	20.166
674.45	20.307
674.65	20.285
674.85	20.019
675.04	20.563
675.24	20.135
675.43	20.582
675.63	20.199
675.83	20.284
676.02	20.209
676.22	20.280
676.41	20.237
676.61	20.390
676.81	20.117
677.00	20.367
677.20	20.315
677.39	20.144
677.59	20.091
677.79	20.278
677.98	20.541
678.18	20.460
678.37	20.441
678.57	20.371
678.76	20.313
678.96	20.270
679.16	20.272
679.35	20.348
679.55	20.291
679.74	20.469
679.94	20.470
680.13	20.290
680.33	20.686
680.53	20.386
680.72	20.533
680.92	20.243
681.11	20.404
681.31	20.352
681.50	20.462
681.70	20.536
681.89	20.222
682.09	20.384
682.28	20.522
682.48	20.659
682.68	20.652
682.87	20.508
683.07	20.387
683.26	20.421
683.46	20.553
683.65	20.394
683.85	20.627
684.04	20.581
684.24	20.639
684.43	20.427
684.63	20.602
684.82	20.533
685.02	20.630
685.21	20.466
685.41	20.636
685.60	20.711
685.80	20.462
686.00	20.670
686.19	20.823
686.39	20.713
686.58	20.479
686.78	20.687
686.97	20.587
687.17	20.657
687.36	20.736
687.56	20.726
687.75	20.445
687.95	20.724
688.14	20.748
688.34	20.717
688.53	20.678
688.73	20.843
688.92	20.566
689.12	20.723
689.31	20.526
689.51	20.817
689.70	20.812
689.89	20.791
690.09	20.623
690.28	20.807
690.48	20.653
690.67	20.932
690.87	20.806
691.06	20.612
691.26	21.018
691.45	20.914
691.65	20.924
691.84	20.911
692.04	20.878
692.23	20.801
692.43	21.115
692.62	21.032
692.82	21.057
693.01	20.812
693.20	21.152
693.40	21.042
693.59	21.248
693.79	21.317
693.98	20.983
694.18	21.357
694.37	21.168
694.57	21.294
694.76	21.429
694.95	21.590
695.15	21.691
695.34	21.447
695.54	21.394
695.73	21.731
695.93	21.814
696.12	21.749
696.32	21.893
696.51	21.689
696.70	22.114
696.90	21.908
697.09	21.951
697.29	22.379
697.48	22.626
697.67	22.357
697.87	22.680
698.06	22.804
698.26	23.004
698.45	22.838
698.65	22.968
698.84	23.142
699.03	23.127
699.23	23.307
699.42	23.513
699.62	23.663
699.81	23.910
700.00	23.865
700.20	24.181
700.39	24.017
700.59	24.363
700.78	24.612
700.97	24.672
701.17	24.720
701.36	24.860
701.56	25.263
701.75	25.138
701.94	25.413
702.14	25.390
702.33	25.877
702.52	25.947
702.72	26.122
702.91	26.525
703.11	26.781
703.30	26.582
703.49	26.600
703.69	27.060
703.88	27.590
704.07	27.601
704.27	27.945
704.46	27.909
704.66	27.846
704.85	28.431
705.04	28.659
705.24	28.851
705.43	28.962
705.62	29.414
705.82	29.382
706.01	29.374
706.20	29.755
706.40	30.045
706.59	30.468
706.78	30.421
706.98	30.916
707.17	30.857
707.36	31.520
707.56	31.548
707.75	31.749
707.94	32.068
708.14	32.221
708.33	32.359
708.52	32.814
708.72	32.850
708.91	32.951
709.10	33.181
709.30	33.438
709.49	33.375
709.68	34.146
709.88	34.599
710.07	34.251
710.26	34.477
710.46	34.842
710.65	35.110
710.84	35.307
711.04	35.925
711.23	35.962
711.42	36.249
711.61	36.038
711.81	36.258
712.00	36.718
712.19	37.063
712.39	37.346
712.58	37.510
712.77	37.511
712.97	38.285
713.16	38.076
713.35	38.316
713.54	38.622
713.74	38.813
713.93	39.275
714.12	39.254
714.32	39.599
714.51	40.132
714.70	40.287
714.89	40.314
715.09	40.323
715.28	40.620
715.47	40.822
715.66	41.290
715.86	41.339
716.05	41.634
716.24	41.936
716.44	42.233
716.63	42.355
716.82	42.454
717.01	42.917
717.21	42.850
717.40	43.391
717.59	43.699
717.78	43.921
717.98	44.313
718.17	44.309
718.36	44.536
718.55	44.635
718.75	45.140
718.94	45.538
719.13	45.798
719.32	45.908
719.52	46.171
719.71	46.505
719.90	46.687
720.09	47.030
720.28	47.048
720.48	47.152
720.67	47.881
720.86	47.793
721.05	47.748
721.25	48.137
721.44	48.910
721.63	48.355
721.82	48.689
722.01	49.120
722.21	49.686
722.40	49.664
722.59	49.899
722.78	50.007
722.98	50.079
723.17	50.930
723.36	51.232
723.55	51.249
723.74	51.312
723.94	51.508
724.13	51.935
724.32	52.135
724.51	52.295
724.70	52.938
724.89	53.131
725.09	52.883
725.28	53.336
725.47	53.596
725.66	53.891
725.85	54.135
726.05	53.755
726.24	54.454
726.43	54.870
726.62	54.704
726.81	55.242
727.00	55.992
727.20	55.688
727.39	55.711
727.58	55.993
727.77	56.521
727.96	56.631
728.15	57.024
728.35	57.167
728.54	57.019
728.73	57.515
728.92	57.963
729.11	58.041
729.30	58.359
729.50	58.225
729.69	58.896
729.88	58.786
730.07	58.768
730.26	59.119
730.45	59.319
730.64	59.476
730.84	59.925
731.03	60.216
731.22	60.483
731.41	60.307
731.60	60.756
731.79	60.701
731.98	61.256
732.18	61.482
732.37	61.080
732.56	61.780
732.75	61.788
732.94	61.716
733.13	62.390
733.32	62.593
733.51	62.699
733.71	62.685
733.90	63.317
734.09	63.228
734.28	63.537
734.47	63.631
734.66	63.697
734.85	64.392
735.04	63.989
735.23	64.969
735.42	64.523
735.62	64.533
735.81	64.776
736.00	64.508
736.19	65.412
736.38	65.311
736.57	65.459
736.76	65.515
736.95	65.907
737.14	65.408
737.33	65.863
737.52	66.371
737.72	66.701
737.91	66.827
738.10	67.009
738.29	66.575
738.48	67.187
738.67	67.037
738.86	67.060
739.05	67.415
739.24	67.577
739.43	67.752
739.62	68.042
739.81	67.916
740.00	67.814
740.19	68.251
740.39	68.533
740.58	68.473
740.77	68.646
740.96	68.678
741.15	68.703
741.34	68.935
741.53	69.088
741.72	69.022
741.91	69.045
742.10	69.698
742.29	69.646
742.48	69.644
742.67	70.285
742.86	69.971
743.05	70.475
743.24	69.901
743.43	70.371
743.62	70.052
743.81	70.579
744.00	70.783
744.19	70.593
744.38	71.026
744.57	70.996
744.76	70.555
744.95	71.411
745.14	71.554
745.33	70.872
745.52	71.096
745.71	71.977
745.90	71.317
746.09	71.670
746.28	71.456
746.47	71.759
746.66	72.331
746.85	72.220
747.04	72.141
747.23	72.204
747.42	72.193
747.61	71.873
747.80	72.586
747.99	72.412
748.18	73.064
748.37	72.768
748.56	72.904
748.75	72.686
748.94	72.867
749.13	73.399
749.32	72.963
749.51	72.974
749.70	73.164
749.89	72.830
750.08	72.931
750.27	73.207
750.46	72.876
750.65	73.759
750.84	73.891
751.03	73.506
751.22	74.034
751.41	73.564
751.60	73.673
751.79	73.554
751.98	73.355
752.17	74.242
752.36	74.408
752.55	73.833
752.74	74.413
752.93	74.144
753.12	74.400
753.30	74.441
753.49	74.840
753.68	74.298
753.87	74.405
754.06	74.613
754.25	74.384
754.44	73.902
754.63	74.493
754.82	74.454
755.01	74.882
755.20	75.348
755.39	75.009
755.58	74.955
755.77	75.107
755.96	74.933
756.14	74.598
756.33	75.040
756.52	75.234
756.71	74.910
756.90	74.810
757.09	75.524
757.28	74.767
757.47	75.324
757.66	75.083
757.85	75.247
758.04	74.993
758.22	75.007
758.41	75.095
758.60	75.171
758.79	75.190
758.98	75.981
759.17	75.341
759.36	75.317
759.55	75.946
759.74	75.394
759.92	75.364
760.11	75.685
760.30	75.739
760.49	75.408
760.68	75.757
760.87	75.557
761.06	75.256
761.25	75.348
761.43	75.809
761.62	75.459
761.81	75.629
762.00	75.590
762.19	75.872
762.38	75.751
762.57	75.807
762.76	75.865
762.94	75.734
763.13	76.194
763.32	76.082
763.51	75.825
763.70	75.649
763.89	75.812
764.07	75.843
764.26	75.793
764.45	75.948
764.64	75.995
764.83	76.670
765.02	76.078
765.21	76.516
765.39	76.145
765.58	76.151
765.77	75.913
765.96	75.885
766.15	75.815
766.34	76.254
766.52	76.553
766.71	75.595
766.90	76.344
767.09	75.453
767.28	76.468
767.46	75.946
767.65	76.532
767.84	76.016
768.03	75.947
768.22	76.107
768.40	76.392
768.59	76.116
768.78	76.246
768.97	76.201
769.16	75.872
769.34	76.109
769.53	76.670
769.72	76.348
769.91	76.338
770.10	76.227
770.28	76.601
770.47	75.969
770.66	75.993
770.85	76.445
771.04	76.430
771.22	75.923
771.41	76.190
771.60	76.938
771.79	76.221
771.98	76.595
772.16	76.529
772.35	76.763
772.54	76.505
772.73	76.295
772.91	75.953
773.10	76.871
773.29	76.360
773.48	76.314
773.66	76.726
773.85	76.553
774.04	76.135
774.23	76.480
774.41	76.114
774.60	76.655
774.79	76.339
774.98	76.385
775.16	76.583
775.35	75.863
775.54	76.662
775.73	76.731
775.91	76.614
776.10	76.988
776.29	76.500
776.48	75.638
776.66	76.254
776.85	75.962
777.04	75.954
777.23	76.267
777.41	76.285
777.60	76.574
777.79	76.823
777.97	76.824
778.16	76.176
778.35	76.487
778.54	76.880
778.72	76.753
778.91	76.427
779.10	76.842
779.28	76.736
779.47	76.549
779.66	76.550
779.85	76.401
780.03	76.386
780.22	76.485
780.41	76.280
780.59	76.955
780.78	76.126
780.97	76.714
781.15	76.635
781.34	76.782
781.53	77.081
781.71	77.279
781.90	76.264
782.09	76.565
782.27	76.804
782.46	76.944
782.65	76.970
782.84	76.356
783.02	76.320
783.21	76.441
783.40	76.323
783.58	76.602
783.77	77.004
783.96	75.953
784.14	76.517
784.33	76.862
784.52	76.594
784.70	76.999
784.89	76.431
785.07	76.946
785.26	76.133
785.45	76.028
785.63	76.100
785.82	76.219
786.01	76.804
786.19	76.820
786.38	76.542
786.57	76.954
786.75	77.032
786.94	76.667
787.13	76.589
787.31	76.671
787.50	76.730
787.68	76.465
787.87	76.426
788.06	76.343
788.24	76.728
788.43	76.942
788.62	76.752
788.80	76.481
788.99	76.525
789.17	77.010
789.36	76.607
789.55	76.520
789.73	76.444
789.92	76.732
790.10	76.524
790.29	76.886
790.48	76.894
790.66	76.320
790.85	76.706
791.03	76.211
791.22	76.985
791.41	76.173
791.59	77.098
791.78	76.908
791.96	77.490
792.15	76.774
792.34	77.021
792.52	76.552
792.71	76.571
792.89	76.727
793.08	76.451
793.27	76.544
793.45	76.912
793.64	76.874
793.82	76.791
794.01	76.527
794.19	76.678
794.38	77.140
794.57	76.824
794.75	76.808
794.94	76.902
795.12	76.866
795.31	76.376
795.49	76.598
795.68	76.471
795.86	77.010
796.05	77.414
796.24	77.373
796.42	76.501
796.61	77.169
796.79	76.267
796.98	76.664
797.16	76.464
797.35	76.838
797.53	76.863
797.72	77.010
797.90	77.247
798.09	76.776
798.27	77.297
798.46	76.753
798.65	76.914
798.83	76.700
799.02	76.444
799.20	76.897
799.39	77.285
799.57	76.734
799.76	77.082
799.94	76.970
800.13	77.462
800.31	77.394
800.50	77.038
800.68	77.026
800.87	77.086
801.05	76.810
801.24	77.121
801.42	76.921
801.61	76.679
801.79	77.151
801.98	76.948
802.16	77.183
802.35	77.038
802.53	77.143
802.72	77.025
802.90	76.959
803.09	76.670
803.27	77.141
803.46	77.844
803.64	77.166
803.83	76.950
804.01	77.126
804.20	76.831
804.38	76.760
804.56	77.285
804.75	76.657
804.93	76.979
805.12	77.234
805.30	77.187
805.49	77.358
805.67	76.902
805.86	76.733
806.04	77.531
806.23	77.331
806.41	76.812
806.59	77.659
806.78	77.179
806.96	77.247
807.15	76.818
807.33	77.614
807.52	77.214
807.70	76.826
807.89	76.731
808.07	76.276
808.25	77.268
808.44	76.861
808.62	76.699
808.81	76.868
808.99	76.848
809.18	77.303
809.36	76.963
809.54	77.412
809.73	76.975
809.91	76.648
810.10	76.988
810.28	77.228
810.47	76.840
810.65	76.720
810.83	77.439
811.02	77.634
811.20	76.990
811.39	76.993
811.57	77.259
811.75	76.763
811.94	77.074
812.12	77.004
812.31	76.835
812.49	76.990
812.67	76.633
812.86	77.226
813.04	76.853
813.23	77.148
813.41	77.214
813.59	76.509
813.78	77.230
813.96	77.697
814.14	76.608
814.33	77.279
814.51	77.318
814.70	77.207
814.88	77.060
815.06	77.500
815.25	77.166
815.43	76.974
815.61	76.573
815.80	76.986
815.98	76.793
816.16	77.455
816.35	76.660
816.53	77.541
816.72	76.925
816.90	77.418
817.08	76.887
817.27	77.597
817.45	77.383
817.63	76.931
817.82	77.146
818.00	76.694
818.18	76.980
818.37	77.045
818.55	76.558
818.73	77.561
818.92	77.315
819.10	76.865
819.28	77.431
819.47	76.717
819.65	77.101
819.83	77.194
820.02	77.156
820.20	77.133
820.38	76.595
820.57	77.085
820.75	77.449
820.93	77.197
821.11	76.890
821.30	77.549
821.48	77.426
821.66	76.980
821.85	77.069
822.03	77.439
822.21	76.812
822.40	76.674
822.58	76.755
822.76	77.295
822.94	76.827
823.13	77.194
823.31	77.898
823.49	76.806
823.68	77.429
823.86	76.537
824.04	77.255
824.22	76.555
824.41	77.257
824.59	77.020
824.77	77.140
824.96	77.110
825.14	76.675
825.32	76.975
825.50	77.585
825.69	77.286
825.87	76.964
826.05	77.619
826.23	77.116
826.42	76.794
826.60	76.989
826.78	77.388
826.96	77.025
827.15	77.418
827.33	76.820
827.51	76.656
827.69	77.598
827.88	77.236
828.06	77.571
828.24	76.903
828.42	76.530
828.61	77.435
828.79	77.473
828.97	77.657
829.15	76.930
829.34	77.277
829.52	77.129
829.70	77.319
829.88	77.610
830.06	76.943
830.25	77.247
830.43	76.967
830.61	77.586
830.79	77.431
830.97	77.514
831.16	76.726
831.34	77.303
831.52	77.543
831.70	77.525
831.89	77.059
832.07	76.938
832.25	77.456
832.43	77.785
832.61	77.172
832.80	78.106
832.98	77.455
833.16	77.377
833.34	77.371
833.52	77.715
833.70	77.321
833.89	77.875
834.07	77.193
834.25	77.362
834.43	77.288
834.61	77.610
834.80	76.886
834.98	77.268
835.16	77.070
835.34	76.862
835.52	77.767
835.70	77.365
835.89	77.357
836.07	77.390
836.25	77.411
836.43	77.252
836.61	77.755
836.79	77.213
836.97	77.611
837.16	77.263
837.34	77.826
837.52	77.169
837.70	77.455
837.88	76.797
838.06	77.151
838.24	76.916
838.43	77.077
838.61	77.364
838.79	77.401
838.97	76.782
839.15	77.047
839.33	77.235
839.51	77.491
839.70	77.411
839.88	77.036
840.06	77.532
840.24	77.281
840.42	77.547
840.60	77.337
840.78	76.982
840.96	76.871
841.14	78.354
841.33	77.437
841.51	77.057
841.69	77.505
841.87	76.877
842.05	77.260
842.23	77.531
842.41	77.722
842.59	77.659
842.77	76.964
842.95	77.481
843.14	77.963
843.32	77.552
843.50	77.935
843.68	77.174
843.86	77.925
844.04	77.411
844.22	77.593
844.40	77.514
844.58	77.247
844.76	77.371
844.94	77.883
845.12	77.623
845.30	77.695
845.49	77.801
845.67	77.772
845.85	77.534
846.03	77.636
846.21	77.680
846.39	77.636
846.57	77.996
846.75	77.542
846.93	77.882
847.11	78.060
847.29	77.845
847.47	77.412
847.65	77.178
847.83	77.995
848.01	77.316
848.19	77.741
848.37	77.658
848.55	77.174
848.73	78.112
848.91	77.811
849.09	77.566
849.27	78.780
849.46	78.042
849.64	77.883
849.82	77.713
850.00	77.606
850.18	78.203
850.36	78.393
850.54	78.096
850.72	77.138
850.90	77.742
851.08	77.448
851.26	77.341
851.44	77.877
851.62	77.843
851.80	77.334
851.98	77.681
852.16	77.717
852.34	77.541
852.52	77.639
852.70	77.975
852.88	77.389
853.06	77.432
853.24	77.494
853.42	77.425
853.60	77.998
853.78	77.557
853.96	77.620
854.14	77.489
854.31	78.190
854.49	77.541
854.67	77.460
854.85	78.263
855.03	78.106
855.21	77.887
855.39	77.690
855.57	77.336
855.75	77.459
855.93	77.635
856.11	77.882
856.29	78.455
856.47	77.405
856.65	77.509
856.83	77.547
857.01	77.261
857.19	76.929
857.37	77.633
857.55	77.826
857.73	77.336
857.91	77.687
858.09	77.749
858.26	77.462
858.44	77.450
858.62	77.278
858.80	77.903
858.98	77.118
859.16	77.823
859.34	77.622
859.52	78.125
859.70	78.142
859.88	77.462
860.06	77.570
860.24	78.465
860.42	77.646
860.59	77.505
860.77	77.450
860.95	78.046
861.13	78.049
861.31	77.999
861.49	77.523
861.67	77.694
861.85	77.990
862.03	76.897
862.21	77.578
862.38	78.041
862.56	77.502
862.74	78.332
862.92	77.772
863.10	77.712
863.28	77.403
863.46	78.129
863.64	78.467
863.82	77.913
863.99	77.644
864.17	77.478
864.35	78.310
864.53	76.592
864.71	78.210
864.89	78.191
865.07	78.019
865.24	77.552
865.42	77.627
865.60	78.168
865.78	78.137
865.96	78.642
866.14	77.994
866.32	77.854
866.49	77.773
866.67	78.478
866.85	77.494
867.03	77.721
867.21	78.499
867.39	77.605
867.56	78.365
867.74	77.858
867.92	77.620
868.10	77.647
868.28	77.925
868.46	77.207
868.63	78.033
868.81	77.623
868.99	78.202
869.17	77.804
869.35	77.962
869.53	78.709
869.70	78.048
869.88	77.414
870.06	77.503
870.24	78.906
870.42	77.542
870.59	77.670
870.77	77.991
870.95	77.561
871.13	77.175
871.31	77.478
871.48	77.830
871.66	78.247
871.84	77.999
872.02	77.338
872.20	77.585
872.37	77.360
872.55	77.805
872.73	77.500
872.91	77.863
873.08	77.732
873.26	77.589
873.44	77.823
873.62	77.672
873.80	77.173
873.97	77.646
874.15	78.382
874.33	77.656
874.51	77.906
874.68	77.370
874.86	77.115
875.04	78.067
875.22	78.198
875.39	76.504
875.57	78.096
875.75	76.946
875.93	76.875
876.10	78.855
876.28	77.921
876.46	78.145
876.64	77.402
876.81	77.578
876.99	77.807
877.17	77.810
877.35	77.005
877.52	78.061
877.70	77.130
877.88	77.612
878.06	79.138
878.23	78.722
878.41	78.373
878.59	77.905
878.76	78.609
878.94	77.815
879.12	77.979
879.30	78.270
879.47	77.711
879.65	77.573
879.83	77.911
880.00	77.193
880.18	78.172
880.36	77.696
880.53	76.783
880.71	77.866
880.89	78.517
881.07	77.724
881.24	78.457
881.42	78.597
881.60	78.054
881.77	78.768
881.95	77.767
882.13	78.186
882.30	78.031
882.48	78.117
882.66	78.142
882.83	77.483
883.01	78.601
883.19	77.180
883.36	77.613
883.54	78.753
883.72	78.503
883.89	78.068
884.07	78.462
884.25	77.911
884.42	78.464
884.60	77.708
884.78	78.486
884.95	77.784
885.13	77.170
885.31	77.392
885.48	77.483
885.66	77.808
885.84	77.878
886.01	78.463
886.19	78.896
886.36	77.757
886.54	77.546
886.72	78.167
886.89	78.110
887.07	77.673
887.25	78.220
887.42	78.303
887.60	77.867
887.78	78.239
887.95	77.808
888.13	78.474
888.30	77.814
888.48	77.882
888.66	79.416
888.83	77.961
889.01	77.849
889.18	78.248
889.36	78.972
889.54	78.551
889.71	78.723
889.89	78.542
890.06	78.656
890.24	77.926
890.42	78.035
890.59	79.055
890.77	77.696
890.94	78.676
891.12	77.820
891.30	78.219
891.47	78.472
891.65	77.714
891.82	78.020
892.00	77.373
892.17	78.026
892.35	78.998
892.53	78.358
892.70	77.840
892.88	78.052
893.05	77.882
893.23	78.409
893.40	78.182
893.58	78.579
893.75	77.389
893.93	78.132
894.11	78.122
894.28	78.490
894.46	78.017
894.63	78.385
894.81	78.879
894.98	77.665
895.16	78.462
895.33	77.998
895.51	77.889
895.68	77.530
895.86	79.477
896.04	78.208
896.21	78.458
896.39	78.410
896.56	78.702
896.74	78.184
896.91	78.177
897.09	78.184
897.26	79.086
897.44	77.668
897.61	78.005
897.79	77.571
897.96	78.717
898.14	79.115
898.31	78.815
898.49	78.468
898.66	78.728
898.84	78.265
899.01	79.112
899.19	78.259
899.36	77.981
899.54	78.065
899.71	78.060
899.89	78.555
900.06	79.270
900.24	78.751
900.41	79.144
900.59	78.263
900.76	78.768
900.94	78.405
901.11	78.420
901.29	78.336
901.46	78.829
901.63	78.269
901.81	78.404
901.98	77.559
902.16	78.235
902.33	78.861
902.51	78.093
902.68	77.801
902.86	78.157
903.03	78.537
903.21	78.213
903.38	78.289
903.56	77.994
903.73	78.413
903.90	77.917
904.08	77.929
904.25	78.022
904.43	78.002
904.60	78.339
904.78	77.983
904.95	78.485
905.12	78.717
905.30	78.179
905.47	77.950
905.65	78.543
905.82	78.648
906.00	78.362
906.17	76.951
906.34	77.791
906.52	78.226
906.69	77.783
906.87	77.499
907.04	79.447
907.21	78.708
907.39	78.439
907.56	78.873
907.74	77.994
907.91	77.812
908.08	78.226
908.26	78.484
908.43	78.464
908.61	77.953
908.78	77.697
908.95	78.829
909.13	78.938
909.30	78.220
909.48	77.205
909.65	78.286
909.82	78.107
910.00	79.196
910.17	79.424
910.34	78.397
910.52	78.913
910.69	77.783
910.87	78.812
911.04	78.750
911.21	78.871
911.39	77.925
911.56	78.586
911.73	78.081
911.91	78.827
912.08	78.203
912.25	77.345
912.43	78.383
912.60	78.263
912.77	78.498
912.95	77.427
913.12	78.033
913.29	79.205
913.47	79.076
913.64	78.267
913.81	78.410
913.99	78.756
914.16	78.394
914.33	78.322
914.51	78.269
914.68	78.898
914.85	78.629
915.03	78.450
915.20	78.421
915.37	78.342
915.55	78.108
915.72	79.397
915.89	78.559
916.07	78.327
916.24	78.145
916.41	78.607
916.59	78.448
916.76	77.878
916.93	79.466
917.10	78.456
917.28	78.374
917.45	79.295
917.62	78.055
917.80	78.376
917.97	79.722
918.14	77.662
918.31	78.278
918.49	78.463
918.66	78.668
918.83	78.915
919.01	77.640
919.18	79.308
919.35	78.334
919.52	78.644
919.70	78.497
919.87	79.227
920.04	78.866
920.21	78.491
920.39	78.844
920.56	77.775
920.73	78.319
920.90	78.039
921.08	78.726
921.25	79.733
921.42	78.662
921.59	78.423
921.77	78.731
921.94	77.881
922.11	78.243
922.28	79.106
922.46	79.196
922.63	79.198
922.80	79.509
922.97	79.584
923.15	78.265
923.32	77.635
923.49	78.533
923.66	77.673
923.83	79.528
924.01	77.946
924.18	77.511
924.35	77.557
924.52	79.946
924.69	77.584
924.87	78.145
925.04	78.473
925.21	78.899
925.38	79.438
925.55	78.299
925.73	78.684
925.90	78.781
926.07	77.507
926.24	78.605
926.41	78.799
926.59	77.940
926.76	78.619
926.93	78.165
927.10	77.963
927.27	78.489
927.45	78.509
927.62	77.532
927.79	78.373
927.96	77.711
928.13	78.845
928.30	79.054
928.48	78.796
928.65	78.406
928.82	78.205
928.99	78.146
929.16	79.540
929.33	78.133
929.50	79.120
929.68	78.956
929.85	78.059
930.02	78.657
930.19	79.369
930.36	79.264
930.53	78.471
930.70	78.404
930.88	79.051
931.05	78.859
931.22	78.270
931.39	78.364
931.56	79.665
931.73	78.226
931.90	78.204
932.08	78.690
932.25	78.384
932.42	78.769
932.59	78.336
932.76	78.224
932.93	78.220
933.10	78.840
933.27	79.416
933.44	77.818
933.62	78.342
933.79	77.622
933.96	79.018
934.13	78.224
934.30	77.532
934.47	78.147
934.64	78.193
934.81	77.671
934.98	78.759
935.15	77.555
935.32	78.096
935.50	77.662
935.67	79.030
935.84	79.372
936.01	78.130
936.18	80.175
936.35	79.478
936.52	80.035
936.69	76.906
936.86	78.852
937.03	79.702
937.20	80.249
937.37	78.538
937.54	78.006
937.71	79.517
937.89	79.455
938.06	78.026
938.23	78.003
938.40	80.005
938.57	78.498
938.74	79.339
938.91	77.509
939.08	76.729
939.25	78.874
939.42	76.424
939.59	78.947
939.76	81.072
939.93	79.752
940.10	79.641
940.27	77.497
940.44	79.283
940.61	79.692
940.78	78.107
940.95	79.016
941.12	78.515
941.29	79.916
941.46	79.669
941.63	79.184
941.80	78.257
941.97	77.405
942.14	81.637
942.31	80.053
942.48	80.925
942.65	80.306
942.82	78.655
942.99	78.066
943.16	77.310
943.33	77.013
943.50	76.479
943.67	78.843
943.84	79.056
944.01	77.005
944.18	77.840
944.35	79.248
944.52	78.631
944.69	78.435
944.86	79.667
945.03	79.149
945.20	78.113
945.37	80.793
945.54	76.888
945.71	77.887
945.88	76.741
946.05	77.990
946.22	80.163
946.39	77.660
946.56	77.889
946.73	80.250
946.90	79.013
947.07	80.035
947.23	80.322
947.40	73.668
947.57	78.951
947.74	78.686
947.91	75.444
948.08	75.563
948.25	79.096
948.42	77.125
948.59	78.348
948.76	78.092
948.93	79.162
949.10	78.414
949.27	78.474
949.44	77.658
949.60	75.882
949.77	78.003
949.94	79.490
950.11	77.413
950.28	80.975
950.45	78.895
950.62	77.296
950.79	77.290
950.96	78.286
951.13	76.893
951.30	78.158
951.46	77.995
951.63	77.118
951.80	77.687
951.97	78.227
952.14	78.706
952.31	81.474
952.48	79.194
952.65	76.512
952.81	78.723
952.98	77.769
953.15	79.057
953.32	76.684
953.49	79.663
953.66	78.490
953.83	76.865
954.00	78.398
954.16	78.108
954.33	78.545
954.50	79.328
954.67	76.557
954.84	78.921
955.01	77.159
955.18	79.970
955.34	77.317
955.51	78.366
955.68	76.657
955.85	75.959
956.02	77.671
956.19	77.245
956.35	77.640
956.52	77.595
956.69	81.112
956.86	77.740
957.03	78.847
957.20	77.847
957.36	77.740
957.53	76.227
957.70	77.766
957.87	78.699
958.04	78.949
958.21	79.184
958.37	76.407
958.54	79.470
958.71	79.556
958.88	77.563
959.05	76.414
959.21	79.440
959.38	76.593
959.55	77.841
959.72	76.794
959.89	78.774
960.05	80.612
960.22	77.109
960.39	78.433
960.56	80.043
960.72	76.114
960.89	79.087
961.06	77.987
961.23	77.221
961.40	78.663
961.56	77.028
961.73	77.133
961.90	76.869
962.07	78.055
962.23	76.202
962.40	79.631
962.57	77.952
962.74	79.124
962.90	77.902
963.07	78.421
963.24	79.986
963.41	77.520
963.57	75.608
963.74	76.014
963.91	77.787
964.08	79.587
964.24	75.948
964.41	79.444
964.58	78.559
964.75	78.809
964.91	79.180
965.08	79.408
965.25	77.419
965.42	76.108
965.58	76.977
965.75	78.788
965.92	77.432
966.08	76.482
966.25	77.807
966.42	78.151
966.59	78.738
966.75	77.633
966.92	78.133
967.09	78.344
967.25	77.032
967.42	77.434
967.59	78.115
967.75	79.303
967.92	78.428
968.09	78.187
968.26	78.065
968.42	79.243
968.59	79.791
968.76	76.174
968.92	78.101
969.09	75.205
969.26	76.764
969.42	78.188
969.59	77.814
969.76	77.568
969.92	77.767
970.09	79.405
970.26	77.598
970.42	79.801
970.59	77.601
970.76	79.045
970.92	78.257
971.09	79.216
971.26	76.625
971.42	77.164
971.59	76.009
971.76	77.725
971.92	76.527
972.09	77.980
972.25	79.684
972.42	76.315
972.59	76.965
972.75	77.559
972.92	77.769
973.09	74.935
973.25	76.030
973.42	76.552
973.58	76.626
973.75	77.553
973.92	77.191
974.08	78.227
974.25	78.691
974.42	76.928
974.58	78.601
974.75	76.525
974.91	78.412
975.08	75.987
975.25	77.398
975.41	76.529
975.58	77.417
975.74	78.236
975.91	78.164
976.08	78.095
976.24	77.282
976.41	78.234
976.57	77.494
976.74	78.210
976.91	79.886
977.07	77.997
977.24	76.014
977.40	77.944
977.57	75.798
977.73	77.903
977.90	77.097
978.07	77.998
978.23	78.144
978.40	77.628
978.56	76.679
978.73	79.466
978.89	78.011
979.06	77.908
979.22	77.455
979.39	77.464
979.56	78.632
979.72	79.824
979.89	77.193
980.05	76.727
980.22	79.819
980.38	75.032
980.55	78.207
980.71	80.360
980.88	76.729
981.04	78.186
981.21	79.632
981.37	77.047
981.54	80.089
981.70	78.281
981.87	78.338
982.04	79.147
982.20	77.834
982.37	77.423
982.53	77.795
982.70	76.138
982.86	79.381
983.03	80.027
983.19	78.474
983.36	79.010
983.52	79.577
983.69	77.423
983.85	78.641
984.02	79.524
984.18	77.025
984.35	78.051
984.51	78.304
984.68	81.089
984.84	76.872
985.00	78.941
985.17	78.174
985.33	79.391
985.50	79.187
985.66	75.317
985.83	75.371
985.99	76.571
986.16	75.696
986.32	76.602
986.49	79.567
986.65	78.299
986.82	79.059
986.98	76.715
987.15	79.466
987.31	77.097
987.47	79.145
987.64	78.669
987.80	78.678
987.97	77.661
988.13	76.665
988.30	79.619
988.46	78.443
988.63	76.817
988.79	75.932
988.95	78.763
989.12	76.520
989.28	76.842
989.45	79.508
989.61	80.326
989.77	76.885
989.94	78.933
990.10	80.749
990.27	77.452
990.43	78.741
990.60	79.199
990.76	79.196
990.92	75.597
991.09	81.148
991.25	77.512
991.42	78.095
991.58	79.348
991.74	80.274
991.91	79.286
992.07	77.517
992.24	76.978
992.40	81.115
992.56	77.632
992.73	79.004
992.89	80.489
993.05	79.038
993.22	78.217
993.38	78.403
993.55	78.838
993.71	78.301
993.87	78.055
994.04	78.463
994.20	76.564
994.36	79.215
994.53	77.789
994.69	78.989
994.85	78.928
995.02	78.287
995.18	80.092
995.34	80.429
995.51	76.738
995.67	77.852
995.84	80.373
996.00	77.481
996.16	78.892
996.33	78.971
996.49	76.655
996.65	78.913
996.82	78.458
996.98	79.715
997.14	73.661
997.31	78.521
997.47	75.851
997.63	78.019
997.79	79.530
997.96	76.874
998.12	78.367
998.28	78.092
998.45	77.655
998.61	77.740
998.77	76.635
998.94	78.265
999.10	79.850
999.26	79.040
999.43	79.254
999.59	78.607
999.75	78.533
999.91	77.872
1000.08	79.840
1000.24	80.269
1000.40	79.726
1000.57	76.638
1000.73	76.384
1000.89	80.335
1001.05	79.790
1001.22	74.948
1001.38	75.204
1001.54	77.060
1001.70	79.015
1001.87	78.096
1002.03	78.823
1002.19	76.121
1002.35	76.805
1002.52	77.039
1002.68	78.630
1002.84	77.664
1003.00	78.703
1003.17	80.833
1003.33	77.663
1003.49	77.983
1003.65	75.708
1003.82	81.365
1003.98	78.797
1004.14	75.783
1004.30	78.225
1004.47	75.710
1004.63	77.176
1004.79	76.816
1004.95	84.120
1005.11	74.551
1005.28	81.128
1005.44	78.212
1005.60	76.726
1005.76	78.218
1005.93	79.707
1006.09	79.481
1006.25	77.632
1006.41	77.833
1006.57	83.053
1006.74	80.154
1006.90	80.191
1007.06	76.559
1007.22	78.717
1007.38	76.148
1007.55	81.469
1007.71	78.860
1007.87	80.163
1008.03	77.028
1008.19	80.257
1008.35	78.667
1008.52	76.599
1008.68	78.563
1008.84	77.603
1009.00	79.981
1009.16	81.479
1009.32	81.063
1009.49	79.507
1009.65	82.648
1009.81	81.395
1009.97	76.320
1010.13	81.605
1010.29	83.612
1010.46	78.212
1010.62	82.942
1010.78	80.139
1010.94	80.375
1011.10	80.368
1011.26	78.176
1011.42	80.135
1011.59	82.318
1011.75	81.117
1011.91	78.203
1012.07	79.234
1012.23	79.638
1012.39	84.653
1012.55	78.705
1012.71	76.071
1012.88	79.614
1013.04	85.171
1013.20	82.511
1013.36	80.829
1013.52	78.960
1013.68	82.086
1013.84	78.688
1014.00	78.110
1014.16	77.312
1014.33	80.246
1014.49	81.785
1014.65	78.736
1014.81	77.232
1014.97	78.074
1015.13	76.462
1015.29	82.006
1015.45	79.853
1015.61	78.004
1015.77	78.566
1015.93	74.130
1016.09	78.540
1016.26	80.153
1016.42	79.509
1016.58	76.250
1016.74	85.094
1016.90	81.517
1017.06	80.494
1017.22	79.411
1017.38	86.063
1017.54	83.290
1017.70	81.964
1017.86	81.066
1018.02	82.935
1018.18	79.868
1018.34	79.853
1018.50	84.870
1018.66	75.457
1018.82	72.107
1018.98	84.678
1019.14	80.725
1019.31	79.839
1019.47	80.108
1019.63	75.884
1019.79	78.703
1019.95	78.261
1020.11	79.068
1020.27	78.860
1020.43	76.812
1020.59	83.966
1020.75	78.995
1020.91	81.670
1021.07	81.867
1021.23	78.655
1021.39	82.262
1021.55	75.693
1021.71	80.386
1021.87	81.236
1022.03	82.890
1022.19	79.768
1022.35	78.114
1022.51	99.105
1022.67	73.002
1022.83	77.715
1022.99	77.947
1023.15	76.494
1023.31	78.961
1023.47	85.495
1023.63	82.830
1023.79	77.936
1023.95	84.760
1024.10	83.636
1024.26	81.475
1024.42	79.012
1024.58	80.043
1024.74	87.318
1024.90	81.871
1025.06	80.640
1025.22	82.000
1025.38	73.472
1025.54	81.797
1025.70	81.017
1025.86	79.606
1026.02	77.026
1026.18	76.552
1026.34	81.271
1026.50	80.594
1026.66	82.462
1026.82	76.302
1026.98	79.263
1027.13	84.934
1027.29	84.146
1027.45	71.995
1027.61	78.244
1027.77	81.297
1027.93	78.415
1028.09	80.913
1028.25	75.806
1028.41	81.818
1028.57	85.149
1028.73	86.562
1028.88	84.080
1029.04	77.376
1029.20	78.832
1029.36	80.881
1029.52	79.377
1029.68	77.800
1029.84	78.567
1030.00	80.692
1030.16	88.249
1030.32	79.315
1030.47	74.290
1030.63	75.099
1030.79	79.397
1030.95	88.018
1031.11	70.077
1031.27	82.248
1031.43	74.839
1031.59	78.134
1031.74	80.503
1031.90	74.499
1032.06	82.257
1032.22	73.397
1032.38	77.875
1032.54	83.893
1032.69	84.918
1032.85	79.846
1033.01	83.993
1033.17	76.580
1033.33	80.134
1033.49	76.608
1033.65	75.789
1033.80	82.609
1033.96	88.779
1034.12	81.356
1034.28	76.923
1034.44	87.681
1034.60	78.825
1034.75	80.961
1034.91	71.197
1035.07	79.317
1035.23	71.752
1035.39	68.960
1035.54	87.792
1035.70	75.871
1035.86	90.173
1036.02	82.369
1036.18	84.061
1036.33	87.052
1036.49	75.232
1036.65	85.019
1036.81	87.513
1036.97	76.293
1037.12	69.697
1037.28	86.726
1037.44	73.134
1037.60	76.167
1037.76	83.416
1037.91	77.687
1038.07	78.223
1038.23	85.625
1038.39	75.437
1038.54	76.551
1038.70	82.054
1038.86	71.319
1039.02	85.972
1039.17	76.804
1039.33	81.660
1039.49	87.543
1039.65	87.069
1039.80	91.565
1039.96	82.812
1040.12	88.058
1040.28	75.518
>>>>> Data<<<<< Espectral Procesado Extremo
