Fichero De Datos De SpectraSuite
++++++++++++++++++++++++++++++++++++
Fecha: Mon Jun 29 11:26:40 CST 2026
Usuario: HP
Presente Oscuro Del Espectro: Sí
La Referencia de Presente Del Espectro De: Sí
Muestreados de los componentes de Número de espectros: 1
Espectrómetros: USB4H06056
Tiempo de integración (usec): 300000 (USB4H06056)
Promedio de Espectros Hechos un: 5 (USB4H06056)
El Alisar Del Furgón: 0 (USB4H06056)
Párrafo de de Corregir del la del del de Eléctrica del obscuridad: No (USB4H06056)
Estrobo/Lámpara Permitido: No (USB4H06056)
Correct for Detector Non-linearity: No (USB4H06056)
Párrafo de de Corregir del la del del de Externa del luz: No (USB4H06056)
Procesado del espectro de Número de pixeles en: 3648
>>>>> Comienza Data<<<<< Espectral Procesado Del EL
345.09	45.263
345.30	45.263
345.52	45.263
345.74	600.000
345.95	77.586
346.17	62.687
346.39	-43.243
346.60	44.156
346.82	18.792
347.04	132.308
347.25	60.163
347.47	72.789
347.69	107.692
347.90	-196.296
348.12	32.632
348.34	5.618
348.56	38.947
348.77	109.091
348.99	-16.667
349.21	36.429
349.42	77.885
349.64	58.296
349.86	14.167
350.07	10.460
350.29	108.108
350.51	15.972
350.72	-40.789
350.94	-22.368
351.16	40.909
351.37	49.787
351.59	-303.738
351.81	59.756
352.02	38.129
352.24	8.844
352.46	1.351
352.67	11.628
352.89	33.000
353.10	-10.417
353.32	3.165
353.54	26.946
353.75	-11.111
353.97	117.610
354.19	11.962
354.40	36.869
354.62	-23.077
354.84	65.778
355.05	-12.871
355.27	68.571
355.49	-16.667
355.70	39.189
355.92	34.694
356.14	57.416
356.35	8.989
356.57	60.000
356.78	-27.273
357.00	-22.396
357.22	-18.803
357.43	-42.105
357.65	2.632
357.87	38.732
358.08	-57.303
358.30	3.049
358.51	-17.544
358.73	-32.000
358.95	45.783
359.16	92.481
359.38	15.238
359.60	-3.960
359.81	74.648
360.03	-64.000
360.24	43.111
360.46	66.092
360.68	38.728
360.89	-103.922
361.11	-4.959
361.33	32.353
361.54	-28.931
361.76	24.783
361.97	48.780
362.19	-360.000
362.41	-173.077
362.62	55.838
362.84	54.859
363.05	31.086
363.27	-39.216
363.49	-94.595
363.70	44.286
363.92	-69.231
364.13	-140.789
364.35	28.926
364.57	38.577
364.78	-53.975
365.00	-92.982
365.21	2.062
365.43	-60.694
365.65	4.580
365.86	-38.060
366.08	-47.059
366.29	42.857
366.51	24.800
366.73	9.694
366.94	-16.216
367.16	48.760
367.37	1.170
367.59	59.843
367.80	21.717
368.02	82.692
368.24	-60.606
368.45	38.636
368.67	29.167
368.88	20.942
369.10	-7.950
369.31	36.808
369.53	35.937
369.75	-3.571
369.96	-6.965
370.18	-1.064
370.39	2.439
370.61	38.136
370.82	22.034
371.04	-10.497
371.26	-1.695
371.47	-5.435
371.69	21.839
371.90	20.115
372.12	1.660
372.33	-379.310
372.55	3.390
372.76	25.442
372.98	44.674
373.20	3.846
373.41	745.455
373.63	1.307
373.84	68.085
374.06	6.573
374.27	7.500
374.49	15.441
374.70	-10.448
374.92	-1.626
375.13	-51.250
375.35	28.743
375.57	-10.619
375.78	48.120
376.00	3.065
376.21	33.725
376.43	59.504
376.64	2.174
376.86	36.923
377.07	50.370
377.29	-116.279
377.50	29.518
377.72	8.187
377.93	-163.158
378.15	12.274
378.36	23.602
378.58	24.571
378.80	19.466
379.01	19.195
379.23	34.028
379.44	25.641
379.66	27.757
379.87	55.794
380.09	30.864
380.30	37.452
380.52	-10.407
380.73	-12.821
380.95	18.857
381.16	40.500
381.38	39.336
381.59	48.571
381.81	18.471
382.02	-8.333
382.24	-9.774
382.45	43.599
382.67	-16.142
382.88	-2.422
383.10	-4.418
383.31	-29.474
383.53	-12.687
383.74	27.381
383.96	44.981
384.17	7.143
384.39	28.000
384.60	36.820
384.82	25.561
385.03	-11.074
385.25	31.535
385.46	38.095
385.68	34.981
385.89	39.057
386.11	20.879
386.32	-10.442
386.54	45.385
386.75	27.500
386.97	-15.649
387.18	-9.009
387.40	22.260
387.61	41.038
387.83	6.376
388.04	-23.308
388.25	-3.529
388.47	17.358
388.68	31.835
388.90	-25.362
389.11	8.427
389.33	29.066
389.54	-11.785
389.76	16.828
389.97	19.619
390.19	54.867
390.40	-51.596
390.62	29.655
390.83	-6.103
391.05	55.725
391.26	26.525
391.47	0.940
391.69	25.792
391.90	26.873
392.12	19.403
392.33	3.667
392.55	14.671
392.76	8.621
392.98	38.095
393.19	21.127
393.41	19.373
393.62	21.348
393.83	18.827
394.05	6.410
394.26	9.281
394.48	22.917
394.69	0.510
394.91	7.266
395.12	3.261
395.34	19.747
395.55	15.157
395.76	12.903
395.98	22.158
396.19	27.753
396.41	39.850
396.62	25.564
396.84	29.492
397.05	38.412
397.26	9.816
397.48	21.083
397.69	22.338
397.91	0.498
398.12	-2.262
398.33	23.868
398.55	27.020
398.76	2.642
398.98	2.828
399.19	-0.685
399.41	19.154
399.62	7.031
399.83	1.515
400.05	6.225
400.26	-2.778
400.48	-0.806
400.69	4.038
400.90	16.068
401.12	-14.199
401.33	11.064
401.55	29.012
401.76	34.768
401.97	12.039
402.19	7.581
402.40	30.515
402.62	22.971
402.83	23.622
403.04	32.047
403.26	11.433
403.47	17.258
403.69	6.835
403.90	28.333
404.11	26.884
404.33	12.825
404.54	15.221
404.76	22.241
404.97	17.729
405.18	16.110
405.40	27.318
405.61	15.453
405.83	18.618
406.04	3.226
406.25	-6.143
406.47	18.825
406.68	15.000
406.89	2.773
407.11	3.025
407.32	11.200
407.54	15.337
407.75	18.809
407.96	2.329
408.18	-1.383
408.39	14.511
408.60	16.143
408.82	14.327
409.03	7.578
409.24	12.924
409.46	5.990
409.67	17.526
409.89	14.055
410.10	20.942
410.31	9.445
410.53	22.462
410.74	16.798
410.95	-0.372
411.17	5.158
411.38	19.441
411.59	15.761
411.81	1.889
412.02	9.701
412.23	13.494
412.45	17.466
412.66	5.128
412.87	7.032
413.09	7.890
413.30	9.277
413.51	9.154
413.73	20.207
413.94	10.020
414.15	5.179
414.37	7.765
414.58	12.389
414.79	2.684
415.01	13.490
415.22	14.930
415.43	21.662
415.65	8.509
415.86	6.944
416.07	7.825
416.29	17.375
416.50	8.455
416.71	9.167
416.93	4.490
417.14	7.994
417.35	5.392
417.57	7.913
417.78	4.156
417.99	-2.699
418.21	5.786
418.42	7.724
418.63	9.010
418.85	9.948
419.06	9.091
419.27	3.925
419.48	7.926
419.70	-0.572
419.91	3.710
420.12	7.537
420.34	10.723
420.55	7.158
420.76	5.793
420.98	0.687
421.19	6.182
421.40	4.924
421.61	5.278
421.83	5.699
422.04	6.887
422.25	5.112
422.47	1.560
422.68	6.203
422.89	4.096
423.11	4.334
423.32	3.131
423.53	8.193
423.74	4.473
423.96	0.273
424.17	-1.578
424.38	0.602
424.59	4.867
424.81	4.536
425.02	5.605
425.23	3.368
425.45	1.826
425.66	6.686
425.87	3.300
426.08	1.194
426.30	2.742
426.51	4.777
426.72	4.408
426.93	2.360
427.15	4.221
427.36	2.353
427.57	2.438
427.79	4.809
428.00	6.154
428.21	54.420
428.42	4.340
428.64	2.955
428.85	5.377
429.06	3.006
429.27	1.409
429.49	3.848
429.70	1.504
429.91	6.836
430.12	6.534
430.34	2.900
430.55	3.155
430.76	3.589
430.97	5.136
431.19	3.870
431.40	3.196
431.61	3.428
431.82	4.361
432.03	4.224
432.25	1.306
432.46	0.700
432.67	2.488
432.88	4.251
433.10	5.490
433.31	4.950
433.52	2.102
433.73	3.073
433.95	3.295
434.16	2.078
434.37	0.642
434.58	1.452
434.79	4.143
435.01	2.697
435.22	1.898
435.43	2.505
435.64	3.613
435.86	4.666
436.07	2.176
436.28	4.079
436.49	2.593
436.70	1.796
436.92	2.748
437.13	2.072
437.34	2.721
437.55	2.124
437.76	0.956
437.98	4.328
438.19	5.254
438.40	3.503
438.61	2.225
438.82	3.640
439.04	3.048
439.25	4.273
439.46	1.347
439.67	3.048
439.88	2.922
440.10	2.101
440.31	2.835
440.52	2.068
440.73	3.145
440.94	4.497
441.16	3.690
441.37	3.265
441.58	1.913
441.79	3.386
442.00	3.844
442.21	2.055
442.43	4.388
442.64	3.007
442.85	1.674
443.06	4.249
443.27	3.923
443.48	4.142
443.70	2.567
443.91	3.791
444.12	3.005
444.33	1.720
444.54	2.515
444.75	3.859
444.97	4.093
445.18	1.417
445.39	4.313
445.60	3.606
445.81	2.134
446.02	3.869
446.24	3.561
446.45	1.715
446.66	3.874
446.87	2.089
447.08	3.946
447.29	2.586
447.51	3.108
447.72	2.977
447.93	2.810
448.14	2.464
448.35	1.580
448.56	2.187
448.77	2.899
448.99	2.713
449.20	2.532
449.41	2.920
449.62	2.532
449.83	2.616
450.04	3.063
450.25	3.741
450.46	3.760
450.68	2.327
450.89	2.099
451.10	1.755
451.31	3.800
451.52	3.672
451.73	3.160
451.94	2.671
452.15	3.255
452.37	3.436
452.58	2.920
452.79	3.531
453.00	2.680
453.21	2.718
453.42	3.548
453.63	4.071
453.84	3.695
454.06	2.094
454.27	3.152
454.48	4.142
454.69	2.617
454.90	4.130
455.11	3.558
455.32	2.094
455.53	3.734
455.74	3.486
455.95	3.679
456.17	3.111
456.38	2.112
456.59	3.646
456.80	2.219
457.01	1.429
457.22	2.816
457.43	3.056
457.64	2.981
457.85	3.516
458.06	4.788
458.27	2.208
458.49	3.108
458.70	3.677
458.91	2.988
459.12	3.588
459.33	2.813
459.54	2.755
459.75	2.599
459.96	3.719
460.17	2.499
460.38	2.775
460.59	3.286
460.80	4.009
461.01	3.579
461.23	2.419
461.44	1.857
461.65	3.495
461.86	4.000
462.07	1.952
462.28	4.171
462.49	3.402
462.70	2.806
462.91	3.646
463.12	1.863
463.33	2.611
463.54	3.890
463.75	2.783
463.96	2.601
464.17	3.377
464.38	2.890
464.59	3.401
464.81	3.795
465.02	2.841
465.23	2.743
465.44	3.278
465.65	3.415
465.86	3.277
466.07	3.830
466.28	3.337
466.49	3.293
466.70	2.759
466.91	3.622
467.12	3.077
467.33	3.903
467.54	2.983
467.75	3.037
467.96	2.915
468.17	3.029
468.38	3.582
468.59	3.081
468.80	3.648
469.01	2.500
469.22	3.210
469.43	3.428
469.64	3.319
469.85	2.736
470.06	2.542
470.27	3.098
470.48	1.989
470.69	2.373
470.90	3.201
471.11	2.223
471.32	3.912
471.53	3.042
471.74	3.311
471.95	3.146
472.16	2.557
472.37	4.914
472.58	3.185
472.79	3.183
473.00	2.676
473.21	3.969
473.42	3.687
473.63	2.481
473.84	2.276
474.05	3.000
474.26	2.576
474.47	2.886
474.68	3.229
474.89	3.279
475.10	2.511
475.31	2.578
475.52	2.684
475.73	2.971
475.94	3.035
476.15	3.061
476.36	2.939
476.57	3.541
476.78	2.845
476.99	3.247
477.20	2.621
477.41	2.878
477.62	3.369
477.83	2.723
478.04	3.629
478.25	2.804
478.46	2.817
478.67	3.540
478.88	3.053
479.09	3.182
479.30	3.215
479.51	3.372
479.72	3.434
479.93	2.067
480.14	2.895
480.35	2.520
480.56	3.330
480.77	3.393
480.98	2.811
481.18	3.078
481.39	2.949
481.60	3.074
481.81	3.396
482.02	2.874
482.23	2.643
482.44	3.718
482.65	2.410
482.86	3.461
483.07	2.801
483.28	2.638
483.49	2.578
483.70	3.058
483.91	2.550
484.12	2.869
484.33	2.929
484.53	2.668
484.74	3.168
484.95	3.136
485.16	2.510
485.37	2.428
485.58	3.283
485.79	3.183
486.00	3.215
486.21	3.041
486.42	2.845
486.63	2.421
486.84	2.937
487.05	3.319
487.25	2.928
487.46	2.819
487.67	3.406
487.88	3.001
488.09	3.059
488.30	2.715
488.51	3.069
488.72	2.962
488.93	3.258
489.14	3.142
489.35	2.834
489.55	2.898
489.76	3.073
489.97	2.930
490.18	3.601
490.39	3.359
490.60	3.475
490.81	3.257
491.02	3.143
491.23	2.696
491.43	3.434
491.64	2.995
491.85	2.750
492.06	3.139
492.27	2.643
492.48	2.821
492.69	2.955
492.90	2.998
493.11	2.894
493.31	3.047
493.52	2.781
493.73	2.839
493.94	3.257
494.15	2.762
494.36	2.822
494.57	3.385
494.78	3.085
494.98	3.305
495.19	3.608
495.40	3.182
495.61	2.588
495.82	3.006
496.03	3.532
496.24	3.047
496.44	3.126
496.65	3.304
496.86	2.991
497.07	3.128
497.28	2.814
497.49	3.235
497.70	3.166
497.90	2.884
498.11	3.206
498.32	3.015
498.53	3.317
498.74	3.058
498.95	3.242
499.15	3.348
499.36	2.995
499.57	2.965
499.78	2.845
499.99	2.580
500.20	2.961
500.40	3.334
500.61	2.989
500.82	3.334
501.03	3.507
501.24	3.025
501.45	3.285
501.65	3.100
501.86	2.722
502.07	3.464
502.28	2.725
502.49	3.171
502.70	3.192
502.90	3.225
503.11	3.130
503.32	3.159
503.53	3.281
503.74	3.158
503.94	3.563
504.15	2.981
504.36	3.360
504.57	3.385
504.78	3.242
504.98	3.313
505.19	3.350
505.40	3.223
505.61	3.268
505.82	3.338
506.02	3.429
506.23	3.504
506.44	3.404
506.65	3.789
506.86	3.555
507.06	3.477
507.27	3.766
507.48	3.503
507.69	3.144
507.90	3.344
508.10	3.512
508.31	3.552
508.52	3.549
508.73	3.487
508.94	3.260
509.14	3.333
509.35	3.359
509.56	3.285
509.77	3.444
509.97	3.577
510.18	3.811
510.39	3.432
510.60	3.622
510.80	3.670
511.01	3.642
511.22	3.717
511.43	3.448
511.64	3.741
511.84	3.804
512.05	3.700
512.26	3.572
512.47	3.927
512.67	3.543
512.88	3.962
513.09	3.941
513.30	4.159
513.50	4.049
513.71	4.189
513.92	4.203
514.13	3.903
514.33	3.989
514.54	3.919
514.75	4.137
514.96	3.844
515.16	3.992
515.37	4.299
515.58	4.318
515.78	4.410
515.99	4.734
516.20	4.336
516.41	4.550
516.61	4.450
516.82	4.411
517.03	4.786
517.24	4.500
517.44	4.497
517.65	4.640
517.86	4.726
518.07	4.665
518.27	5.047
518.48	5.086
518.69	5.147
518.89	5.134
519.10	5.153
519.31	5.268
519.52	5.058
519.72	5.045
519.93	5.284
520.14	5.695
520.34	5.295
520.55	5.740
520.76	5.334
520.96	5.789
521.17	5.571
521.38	5.853
521.59	5.631
521.79	5.789
522.00	5.818
522.21	6.133
522.41	5.992
522.62	6.193
522.83	6.144
523.03	6.353
523.24	6.621
523.45	6.565
523.66	6.723
523.86	6.698
524.07	7.018
524.28	6.741
524.48	6.775
524.69	7.027
524.90	6.766
525.10	7.050
525.31	7.119
525.52	7.242
525.72	7.065
525.93	7.442
526.14	7.564
526.34	7.565
526.55	7.518
526.76	7.745
526.96	7.987
527.17	7.727
527.38	7.809
527.58	7.811
527.79	8.067
528.00	8.324
528.20	8.088
528.41	8.576
528.62	8.159
528.82	8.788
529.03	8.464
529.24	8.579
529.44	8.609
529.65	8.580
529.85	8.764
530.06	8.745
530.27	8.846
530.47	8.893
530.68	8.898
530.89	9.077
531.09	9.182
531.30	9.282
531.51	9.345
531.71	9.647
531.92	9.526
532.13	9.548
532.33	9.444
532.54	9.489
532.74	9.651
532.95	9.640
533.16	10.054
533.36	9.894
533.57	9.488
533.78	9.650
533.98	9.892
534.19	9.995
534.39	10.318
534.60	10.744
534.81	10.221
535.01	10.582
535.22	10.296
535.42	10.278
535.63	10.175
535.84	10.502
536.04	10.356
536.25	10.551
536.45	10.521
536.66	10.629
536.87	10.667
537.07	10.582
537.28	11.030
537.48	10.372
537.69	10.608
537.90	10.677
538.10	10.791
538.31	10.671
538.51	11.002
538.72	10.811
538.93	10.856
539.13	10.959
539.34	10.858
539.54	10.917
539.75	10.943
539.96	10.986
540.16	11.116
540.37	10.983
540.57	11.315
540.78	10.937
540.98	11.188
541.19	11.374
541.40	11.133
541.60	11.256
541.81	11.274
542.01	11.066
542.22	11.352
542.42	11.343
542.63	11.312
542.83	11.512
543.04	11.380
543.25	11.359
543.45	11.370
543.66	11.188
543.86	11.457
544.07	11.388
544.27	11.170
544.48	11.823
544.68	11.350
544.89	11.347
545.10	11.554
545.30	11.573
545.51	11.523
545.71	11.373
545.92	11.423
546.12	11.666
546.33	11.485
546.53	11.436
546.74	11.545
546.94	11.760
547.15	11.507
547.36	11.511
547.56	11.600
547.77	11.643
547.97	11.492
548.18	11.452
548.38	11.777
548.59	11.376
548.79	11.498
549.00	11.602
549.20	11.843
549.41	11.943
549.61	11.631
549.82	11.765
550.02	11.643
550.23	11.799
550.43	11.715
550.64	11.688
550.84	11.486
551.05	11.630
551.25	11.748
551.46	11.685
551.66	11.605
551.87	11.968
552.07	11.697
552.28	11.638
552.48	11.897
552.69	11.486
552.89	11.484
553.10	11.755
553.30	11.671
553.51	11.744
553.71	11.763
553.92	11.745
554.12	11.983
554.33	11.629
554.53	12.172
554.74	11.862
554.94	12.219
555.15	11.785
555.35	11.657
555.56	11.819
555.76	12.022
555.97	11.882
556.17	11.904
556.38	12.038
556.58	11.869
556.78	11.972
556.99	12.028
557.19	11.846
557.40	11.793
557.60	11.817
557.81	11.757
558.01	11.930
558.22	11.577
558.42	11.927
558.63	11.818
558.83	11.692
559.04	11.585
559.24	11.614
559.44	11.727
559.65	11.890
559.85	11.871
560.06	11.980
560.26	11.855
560.47	11.713
560.67	11.705
560.88	11.775
561.08	11.713
561.28	11.555
561.49	11.663
561.69	11.596
561.90	11.621
562.10	11.576
562.31	11.557
562.51	11.253
562.71	11.581
562.92	11.495
563.12	11.504
563.33	11.285
563.53	11.452
563.74	11.451
563.94	11.074
564.14	11.587
564.35	11.475
564.55	11.326
564.76	11.141
564.96	10.998
565.17	11.349
565.37	11.094
565.57	10.862
565.78	10.981
565.98	10.965
566.19	10.981
566.39	10.842
566.59	10.557
566.80	10.851
567.00	10.767
567.21	10.658
567.41	10.560
567.61	10.670
567.82	10.657
568.02	10.500
568.23	10.456
568.43	10.366
568.63	10.283
568.84	10.173
569.04	10.264
569.24	10.248
569.45	10.101
569.65	10.097
569.86	9.957
570.06	9.901
570.26	10.056
570.47	9.666
570.67	9.969
570.87	9.764
571.08	9.989
571.28	9.743
571.49	9.589
571.69	9.660
571.89	9.701
572.10	9.575
572.30	9.497
572.50	9.397
572.71	9.195
572.91	9.292
573.11	9.170
573.32	9.229
573.52	9.370
573.73	9.097
573.93	9.166
574.13	9.008
574.34	8.762
574.54	8.931
574.74	8.609
574.95	8.644
575.15	8.547
575.35	8.638
575.56	8.408
575.76	8.509
575.96	8.460
576.17	8.368
576.37	8.095
576.57	8.371
576.78	8.480
576.98	8.279
577.18	8.153
577.39	8.351
577.59	8.102
577.79	7.855
578.00	8.130
578.20	7.842
578.40	8.142
578.61	7.840
578.81	8.058
579.01	7.584
579.22	7.705
579.42	7.742
579.62	7.519
579.82	7.540
580.03	7.603
580.23	7.629
580.43	7.528
580.64	7.387
580.84	7.435
581.04	7.431
581.25	7.366
581.45	7.291
581.65	7.313
581.86	7.156
582.06	7.145
582.26	7.313
582.46	6.891
582.67	7.374
582.87	7.300
583.07	6.752
583.28	6.951
583.48	7.026
583.68	6.909
583.88	6.975
584.09	6.950
584.29	6.948
584.49	6.930
584.70	6.843
584.90	6.713
585.10	6.626
585.30	6.824
585.51	6.735
585.71	6.543
585.91	6.730
586.11	6.677
586.32	6.648
586.52	6.643
586.72	6.612
586.92	6.717
587.13	6.462
587.33	6.499
587.53	6.324
587.74	6.609
587.94	6.612
588.14	6.331
588.34	6.513
588.55	6.341
588.75	6.381
588.95	6.365
589.15	6.359
589.36	6.419
589.56	6.214
589.76	6.297
589.96	6.378
590.16	6.229
590.37	6.148
590.57	6.194
590.77	6.068
590.97	6.081
591.18	6.119
591.38	6.095
591.58	4.361
591.78	6.126
591.99	6.012
592.19	6.129
592.39	6.032
592.59	6.081
592.79	5.856
593.00	6.057
593.20	5.954
593.40	5.922
593.60	5.859
593.81	5.767
594.01	5.998
594.21	5.751
594.41	5.780
594.61	5.929
594.82	5.916
595.02	5.665
595.22	5.664
595.42	5.731
595.62	5.664
595.83	5.891
596.03	5.636
596.23	5.839
596.43	5.606
596.63	5.554
596.84	5.742
597.04	5.624
597.24	5.538
597.44	5.733
597.64	5.607
597.84	5.582
598.05	5.729
598.25	5.608
598.45	5.587
598.65	5.774
598.85	5.605
599.06	5.471
599.26	5.423
599.46	5.625
599.66	5.567
599.86	5.701
600.06	5.527
600.27	5.457
600.47	5.449
600.67	5.588
600.87	5.483
601.07	5.514
601.27	5.496
601.48	5.551
601.68	5.507
601.88	5.471
602.08	5.636
602.28	5.577
602.48	5.486
602.68	5.677
602.89	5.512
603.09	5.401
603.29	5.424
603.49	5.483
603.69	5.416
603.89	5.394
604.09	5.450
604.30	5.338
604.50	5.211
604.70	5.296
604.90	5.372
605.10	5.488
605.30	5.603
605.50	5.391
605.71	5.315
605.91	5.353
606.11	5.398
606.31	5.428
606.51	5.379
606.71	5.451
606.91	5.423
607.11	5.183
607.32	5.221
607.52	5.247
607.72	5.285
607.92	5.106
608.12	5.214
608.32	5.158
608.52	5.273
608.72	5.234
608.92	4.948
609.12	5.173
609.33	5.135
609.53	4.991
609.73	5.120
609.93	5.105
610.13	5.164
610.33	4.994
610.53	4.906
610.73	5.067
610.93	4.947
611.13	5.156
611.34	5.056
611.54	4.900
611.74	4.975
611.94	5.099
612.14	4.956
612.34	4.920
612.54	4.868
612.74	5.056
612.94	4.932
613.14	4.829
613.34	4.934
613.54	4.768
613.74	4.853
613.95	4.743
614.15	5.068
614.35	4.665
614.55	4.775
614.75	4.931
614.95	4.818
615.15	4.906
615.35	4.744
615.55	4.672
615.75	4.788
615.95	4.747
616.15	4.870
616.35	4.736
616.55	4.654
616.75	4.577
616.95	4.646
617.15	4.676
617.35	4.568
617.56	4.727
617.76	4.579
617.96	4.619
618.16	4.652
618.36	4.628
618.56	4.456
618.76	4.408
618.96	4.506
619.16	4.389
619.36	4.351
619.56	4.511
619.76	4.337
619.96	4.369
620.16	4.364
620.36	4.419
620.56	4.324
620.76	4.430
620.96	4.393
621.16	4.375
621.36	4.392
621.56	4.372
621.76	4.249
621.96	4.446
622.16	4.334
622.36	4.453
622.56	4.236
622.76	4.205
622.96	4.307
623.16	4.224
623.36	4.295
623.56	4.211
623.76	4.212
623.96	4.237
624.16	4.247
624.36	4.272
624.56	4.372
624.76	4.290
624.96	4.156
625.16	4.223
625.36	4.022
625.56	4.036
625.76	4.064
625.96	4.128
626.16	4.217
626.36	4.318
626.56	4.402
626.76	4.210
626.96	4.156
627.16	4.096
627.36	4.230
627.56	4.105
627.76	3.966
627.96	4.026
628.16	4.125
628.36	4.024
628.56	4.099
628.75	4.014
628.95	4.096
629.15	4.188
629.35	4.237
629.55	4.159
629.75	3.985
629.95	3.994
630.15	3.977
630.35	3.954
630.55	3.976
630.75	4.030
630.95	4.194
631.15	3.969
631.35	4.100
631.55	4.075
631.75	3.977
631.95	4.032
632.15	4.062
632.34	3.985
632.54	4.041
632.74	4.142
632.94	4.023
633.14	4.188
633.34	4.091
633.54	4.063
633.74	4.068
633.94	3.974
634.14	3.983
634.34	3.895
634.54	4.017
634.74	3.953
634.93	3.948
635.13	4.089
635.33	3.871
635.53	3.974
635.73	4.025
635.93	3.829
636.13	4.005
636.33	3.892
636.53	3.988
636.73	4.026
636.93	3.772
637.12	3.998
637.32	4.002
637.52	3.936
637.72	3.996
637.92	3.806
638.12	3.956
638.32	3.795
638.52	3.839
638.72	3.806
638.91	3.967
639.11	3.667
639.31	3.861
639.51	3.795
639.71	3.868
639.91	3.964
640.11	3.708
640.31	3.710
640.50	3.789
640.70	3.633
640.90	3.597
641.10	3.663
641.30	3.723
641.50	3.617
641.70	3.667
641.89	3.574
642.09	3.651
642.29	3.626
642.49	3.583
642.69	3.528
642.89	3.488
643.09	3.657
643.28	3.534
643.48	3.361
643.68	3.400
643.88	3.387
644.08	3.458
644.28	3.467
644.48	3.357
644.67	3.460
644.87	3.490
645.07	3.433
645.27	3.339
645.47	3.460
645.67	3.330
645.86	3.297
646.06	3.230
646.26	3.294
646.46	3.296
646.66	3.321
646.85	3.289
647.05	3.202
647.25	3.276
647.45	3.335
647.65	3.224
647.85	3.168
648.04	3.314
648.24	3.002
648.44	3.133
648.64	3.094
648.84	3.218
649.03	3.201
649.23	3.214
649.43	3.133
649.63	3.177
649.83	3.295
650.02	3.120
650.22	3.158
650.42	3.021
650.62	2.925
650.82	3.059
651.01	3.033
651.21	3.054
651.41	3.044
651.61	3.217
651.81	3.125
652.00	3.124
652.20	2.971
652.40	2.982
652.60	3.016
652.79	3.089
652.99	3.064
653.19	2.992
653.39	3.228
653.59	3.034
653.78	2.989
653.98	3.157
654.18	3.204
654.38	2.878
654.57	2.921
654.77	3.047
654.97	2.906
655.17	3.042
655.36	3.101
655.56	3.005
655.76	3.013
655.96	2.995
656.15	2.927
656.35	2.953
656.55	2.936
656.75	3.059
656.94	2.916
657.14	3.085
657.34	2.894
657.54	3.014
657.73	3.007
657.93	3.102
658.13	3.000
658.33	2.951
658.52	2.837
658.72	2.928
658.92	2.993
659.11	3.109
659.31	2.951
659.51	2.914
659.71	3.046
659.90	3.110
660.10	2.912
660.30	3.006
660.50	2.960
660.69	2.917
660.89	2.993
661.09	2.832
661.28	3.039
661.48	3.231
661.68	2.973
661.87	2.948
662.07	2.913
662.27	2.894
662.47	2.940
662.66	2.985
662.86	2.872
663.06	2.815
663.25	2.800
663.45	2.912
663.65	2.877
663.84	2.843
664.04	2.844
664.24	2.995
664.44	2.895
664.63	2.835
664.83	3.014
665.03	2.907
665.22	2.741
665.42	2.913
665.62	2.782
665.81	2.887
666.01	2.820
666.21	2.850
666.40	2.902
666.60	2.941
666.80	2.944
666.99	3.026
667.19	2.907
667.39	2.972
667.58	2.931
667.78	2.959
667.98	2.931
668.17	2.948
668.37	2.853
668.57	2.742
668.76	2.847
668.96	2.941
669.16	2.891
669.35	2.703
669.55	2.951
669.74	2.935
669.94	2.991
670.14	2.827
670.33	3.085
670.53	2.947
670.73	2.904
670.92	2.854
671.12	2.931
671.32	2.873
671.51	2.939
671.71	2.893
671.90	2.878
672.10	2.899
672.30	2.954
672.49	2.919
672.69	3.035
672.89	3.057
673.08	2.950
673.28	3.039
673.47	3.006
673.67	3.044
673.87	3.064
674.06	3.025
674.26	3.033
674.45	3.004
674.65	3.035
674.85	3.064
675.04	2.996
675.24	2.900
675.43	2.965
675.63	3.019
675.83	3.029
676.02	3.144
676.22	3.024
676.41	3.084
676.61	3.012
676.81	3.020
677.00	3.199
677.20	3.093
677.39	3.147
677.59	3.055
677.79	3.207
677.98	3.146
678.18	3.229
678.37	3.182
678.57	3.118
678.76	3.199
678.96	3.254
679.16	3.192
679.35	3.207
679.55	3.123
679.74	3.212
679.94	3.205
680.13	3.154
680.33	3.209
680.53	3.342
680.72	3.209
680.92	3.404
681.11	3.248
681.31	3.308
681.50	3.214
681.70	3.330
681.89	3.248
682.09	3.394
682.28	3.181
682.48	3.324
682.68	3.301
682.87	3.440
683.07	3.277
683.26	3.587
683.46	3.376
683.65	3.395
683.85	3.390
684.04	3.453
684.24	3.496
684.43	3.432
684.63	3.319
684.82	3.354
685.02	3.406
685.21	3.525
685.41	3.440
685.60	3.465
685.80	3.407
686.00	3.567
686.19	3.520
686.39	3.590
686.58	3.584
686.78	3.574
686.97	3.503
687.17	3.476
687.36	3.667
687.56	3.610
687.75	3.685
687.95	3.690
688.14	3.569
688.34	3.646
688.53	3.708
688.73	3.683
688.92	3.559
689.12	3.662
689.31	3.728
689.51	3.561
689.70	3.632
689.89	3.762
690.09	3.670
690.28	3.774
690.48	3.837
690.67	3.764
690.87	3.789
691.06	3.825
691.26	3.867
691.45	3.941
691.65	4.058
691.84	3.921
692.04	4.091
692.23	4.008
692.43	4.067
692.62	3.917
692.82	4.309
693.01	4.332
693.20	4.304
693.40	4.436
693.59	4.465
693.79	4.695
693.98	4.597
694.18	4.725
694.37	4.690
694.57	4.866
694.76	4.923
694.95	5.023
695.15	4.934
695.34	5.180
695.54	5.316
695.73	5.341
695.93	5.539
696.12	5.698
696.32	5.846
696.51	5.759
696.70	5.931
696.90	6.233
697.09	6.397
697.29	6.349
697.48	6.441
697.67	6.829
697.87	6.832
698.06	7.057
698.26	7.253
698.45	7.338
698.65	7.364
698.84	7.705
699.03	7.871
699.23	7.920
699.42	8.265
699.62	8.533
699.81	8.466
700.00	8.678
700.20	8.901
700.39	9.162
700.59	9.304
700.78	9.605
700.97	9.715
701.17	9.920
701.36	10.197
701.56	10.417
701.75	10.717
701.94	10.759
702.14	11.135
702.33	11.143
702.52	11.603
702.72	11.728
702.91	12.164
703.11	12.024
703.30	12.639
703.49	12.612
703.69	12.873
703.88	13.178
704.07	13.293
704.27	13.487
704.46	13.968
704.66	14.226
704.85	14.267
705.04	14.438
705.24	14.855
705.43	14.939
705.62	15.322
705.82	15.606
706.01	15.780
706.20	15.859
706.40	16.179
706.59	16.501
706.78	16.844
706.98	16.917
707.17	17.000
707.36	17.335
707.56	17.625
707.75	17.885
707.94	18.105
708.14	18.156
708.33	18.604
708.52	18.781
708.72	19.111
708.91	19.197
709.10	19.482
709.30	19.721
709.49	19.743
709.68	20.137
709.88	20.233
710.07	20.310
710.26	20.607
710.46	21.413
710.65	21.155
710.84	21.440
711.04	21.429
711.23	22.042
711.42	22.412
711.61	22.422
711.81	22.501
712.00	22.660
712.19	22.764
712.39	23.380
712.58	23.376
712.77	23.671
712.97	23.870
713.16	24.065
713.35	24.380
713.54	24.679
713.74	24.795
713.93	24.839
714.12	25.328
714.32	25.266
714.51	25.503
714.70	25.675
714.89	25.869
715.09	26.460
715.28	26.267
715.47	26.386
715.66	27.121
715.86	27.074
716.05	27.398
716.24	27.035
716.44	27.477
716.63	27.893
716.82	27.792
717.01	28.268
717.21	28.196
717.40	28.776
717.59	28.568
717.78	29.048
717.98	29.190
718.17	29.554
718.36	29.525
718.55	30.066
718.75	30.510
718.94	30.421
719.13	30.601
719.32	30.462
719.52	31.041
719.71	31.063
719.90	31.030
720.09	31.571
720.28	31.779
720.48	32.202
720.67	32.207
720.86	32.258
721.05	32.698
721.25	32.728
721.44	32.880
721.63	33.347
721.82	33.423
722.01	33.398
722.21	33.625
722.40	33.940
722.59	33.974
722.78	34.300
722.98	34.551
723.17	34.823
723.36	34.882
723.55	35.186
723.74	35.471
723.94	35.523
724.13	35.535
724.32	35.753
724.51	35.950
724.70	36.210
724.89	36.629
725.09	36.738
725.28	36.479
725.47	36.599
725.66	36.944
725.85	37.456
726.05	37.569
726.24	37.811
726.43	38.010
726.62	37.863
726.81	38.136
727.00	38.174
727.20	38.580
727.39	38.326
727.58	38.927
727.77	38.899
727.96	38.872
728.15	39.282
728.35	39.664
728.54	39.630
728.73	39.833
728.92	39.783
729.11	40.080
729.30	40.056
729.50	40.711
729.69	40.456
729.88	40.636
730.07	41.140
730.26	41.286
730.45	41.170
730.64	41.296
730.84	41.261
731.03	41.425
731.22	41.631
731.41	41.860
731.60	41.989
731.79	42.505
731.98	42.234
732.18	42.456
732.37	42.342
732.56	42.581
732.75	42.766
732.94	43.245
733.13	43.225
733.32	43.307
733.51	43.375
733.71	43.492
733.90	43.146
734.09	43.878
734.28	44.026
734.47	44.269
734.66	43.988
734.85	44.856
735.04	44.398
735.23	44.882
735.42	44.624
735.62	44.947
735.81	44.695
736.00	45.179
736.19	45.347
736.38	45.430
736.57	45.871
736.76	45.510
736.95	45.597
737.14	45.791
737.33	45.510
737.52	45.913
737.72	45.973
737.91	46.442
738.10	45.902
738.29	46.241
738.48	46.357
738.67	46.382
738.86	46.727
739.05	46.395
739.24	46.701
739.43	46.443
739.62	46.626
739.81	46.925
740.00	47.185
740.19	46.962
740.39	47.262
740.58	47.993
740.77	47.588
740.96	47.454
741.15	47.586
741.34	47.937
741.53	48.127
741.72	47.642
741.91	48.051
742.10	47.603
742.29	47.787
742.48	47.924
742.67	47.851
742.86	48.361
743.05	48.076
743.24	48.540
743.43	48.807
743.62	48.711
743.81	48.709
744.00	48.794
744.19	48.748
744.38	48.167
744.57	48.701
744.76	49.057
744.95	48.939
745.14	48.683
745.33	49.010
745.52	48.724
745.71	49.048
745.90	49.150
746.09	49.415
746.28	49.268
746.47	49.416
746.66	49.415
746.85	49.651
747.04	49.324
747.23	49.799
747.42	49.573
747.61	49.878
747.80	49.668
747.99	49.935
748.18	49.638
748.37	49.736
748.56	50.032
748.75	50.317
748.94	49.936
749.13	49.836
749.32	50.535
749.51	50.452
749.70	49.800
749.89	50.148
750.08	50.348
750.27	50.629
750.46	50.095
750.65	50.354
750.84	50.443
751.03	50.894
751.22	50.796
751.41	50.434
751.60	50.544
751.79	50.641
751.98	51.345
752.17	50.342
752.36	50.338
752.55	50.817
752.74	50.734
752.93	50.849
753.12	50.814
753.30	50.685
753.49	50.775
753.68	51.058
753.87	50.337
754.06	51.111
754.25	50.720
754.44	51.138
754.63	50.861
754.82	50.771
755.01	50.681
755.20	50.934
755.39	50.972
755.58	50.913
755.77	50.887
755.96	50.949
756.14	51.414
756.33	50.884
756.52	51.048
756.71	51.196
756.90	51.018
757.09	50.588
757.28	51.272
757.47	51.250
757.66	51.084
757.85	50.987
758.04	51.025
758.22	51.494
758.41	51.398
758.60	51.594
758.79	51.290
758.98	51.188
759.17	51.179
759.36	51.319
759.55	51.230
759.74	51.354
759.92	51.063
760.11	51.466
760.30	51.328
760.49	50.980
760.68	51.197
760.87	51.602
761.06	51.389
761.25	51.498
761.43	51.416
761.62	51.706
761.81	51.705
762.00	51.444
762.19	51.633
762.38	51.442
762.57	51.766
762.76	51.255
762.94	51.898
763.13	51.564
763.32	51.648
763.51	51.447
763.70	51.820
763.89	51.279
764.07	51.565
764.26	51.346
764.45	51.540
764.64	51.377
764.83	51.559
765.02	51.252
765.21	51.301
765.39	51.790
765.58	51.703
765.77	51.512
765.96	51.562
766.15	51.565
766.34	51.610
766.52	51.748
766.71	51.690
766.90	51.605
767.09	51.495
767.28	51.150
767.46	51.930
767.65	51.754
767.84	51.413
768.03	51.595
768.22	51.169
768.40	51.821
768.59	51.681
768.78	51.405
768.97	51.418
769.16	51.542
769.34	51.251
769.53	51.393
769.72	51.564
769.91	51.796
770.10	51.195
770.28	52.164
770.47	51.795
770.66	52.084
770.85	51.324
771.04	51.656
771.22	51.481
771.41	51.173
771.60	52.240
771.79	51.511
771.98	51.514
772.16	51.525
772.35	51.836
772.54	51.429
772.73	52.330
772.91	51.860
773.10	51.801
773.29	51.074
773.48	51.341
773.66	51.242
773.85	51.735
774.04	51.224
774.23	51.627
774.41	51.296
774.60	51.896
774.79	51.290
774.98	51.853
775.16	51.350
775.35	51.661
775.54	51.432
775.73	50.932
775.91	51.958
776.10	51.646
776.29	51.014
776.48	51.480
776.66	51.440
776.85	51.814
777.04	51.190
777.23	51.272
777.41	51.697
777.60	51.911
777.79	51.370
777.97	51.274
778.16	51.153
778.35	51.681
778.54	50.943
778.72	51.301
778.91	51.129
779.10	51.328
779.28	51.863
779.47	51.234
779.66	51.913
779.85	51.558
780.03	51.781
780.22	51.606
780.41	51.658
780.59	51.130
780.78	51.579
780.97	51.230
781.15	51.207
781.34	51.335
781.53	51.296
781.71	51.545
781.90	51.771
782.09	51.424
782.27	51.480
782.46	51.300
782.65	51.445
782.84	51.517
783.02	51.520
783.21	51.565
783.40	51.047
783.58	51.437
783.77	51.681
783.96	51.318
784.14	51.242
784.33	51.298
784.52	51.699
784.70	51.309
784.89	51.377
785.07	51.361
785.26	51.050
785.45	51.468
785.63	51.338
785.82	51.327
786.01	51.630
786.19	51.234
786.38	51.434
786.57	51.348
786.75	51.630
786.94	51.658
787.13	51.088
787.31	51.747
787.50	51.279
787.68	51.210
787.87	51.629
788.06	51.610
788.24	51.535
788.43	51.598
788.62	52.112
788.80	51.500
788.99	51.431
789.17	51.129
789.36	51.439
789.55	51.234
789.73	51.500
789.92	51.399
790.10	51.648
790.29	51.117
790.48	51.319
790.66	51.380
790.85	51.340
791.03	51.383
791.22	51.560
791.41	51.629
791.59	51.701
791.78	51.520
791.96	51.313
792.15	51.686
792.34	51.140
792.52	51.717
792.71	51.322
792.89	51.481
793.08	51.327
793.27	51.131
793.45	50.932
793.64	51.493
793.82	51.964
794.01	51.591
794.19	51.673
794.38	50.963
794.57	51.763
794.75	51.393
794.94	51.258
795.12	51.365
795.31	51.093
795.49	51.809
795.68	51.611
795.86	50.938
796.05	51.456
796.24	51.006
796.42	51.167
796.61	50.817
796.79	51.619
796.98	51.115
797.16	51.306
797.35	50.855
797.53	51.251
797.72	50.764
797.90	51.129
798.09	51.580
798.27	51.525
798.46	50.821
798.65	51.538
798.83	51.629
799.02	51.225
799.20	51.374
799.39	51.628
799.57	51.756
799.76	51.501
799.94	51.579
800.13	51.193
800.31	51.516
800.50	51.274
800.68	51.274
800.87	51.736
801.05	51.330
801.24	50.939
801.42	51.491
801.61	51.283
801.79	51.225
801.98	51.587
802.16	51.483
802.35	51.501
802.53	51.354
802.72	51.282
802.90	51.301
803.09	51.716
803.27	51.145
803.46	51.191
803.64	50.992
803.83	51.197
804.01	51.247
804.20	51.092
804.38	51.529
804.56	51.280
804.75	51.284
804.93	51.606
805.12	51.441
805.30	51.260
805.49	51.334
805.67	51.168
805.86	51.357
806.04	51.133
806.23	51.240
806.41	51.502
806.59	51.536
806.78	50.706
806.96	51.071
807.15	51.261
807.33	51.225
807.52	50.884
807.70	51.243
807.89	51.008
808.07	51.419
808.25	51.001
808.44	51.411
808.62	50.813
808.81	51.316
808.99	51.284
809.18	51.133
809.36	50.910
809.54	51.468
809.73	51.262
809.91	50.974
810.10	51.549
810.28	51.452
810.47	51.303
810.65	51.036
810.83	51.753
811.02	51.175
811.20	51.477
811.39	51.370
811.57	51.058
811.75	51.322
811.94	51.092
812.12	51.048
812.31	51.236
812.49	50.836
812.67	51.465
812.86	51.187
813.04	51.059
813.23	51.441
813.41	51.446
813.59	51.472
813.78	51.185
813.96	51.530
814.14	51.024
814.33	51.232
814.51	51.582
814.70	51.614
814.88	50.957
815.06	51.290
815.25	50.962
815.43	50.862
815.61	51.066
815.80	51.029
815.98	51.042
816.16	51.279
816.35	51.167
816.53	50.957
816.72	51.113
816.90	51.613
817.08	51.060
817.27	51.220
817.45	51.117
817.63	50.867
817.82	50.747
818.00	50.995
818.18	51.118
818.37	51.057
818.55	51.401
818.73	50.905
818.92	50.931
819.10	51.300
819.28	51.244
819.47	50.738
819.65	51.513
819.83	51.820
820.02	51.399
820.20	51.289
820.38	51.548
820.57	51.016
820.75	51.130
820.93	51.174
821.11	50.840
821.30	50.499
821.48	51.686
821.66	50.951
821.85	50.759
822.03	51.159
822.21	51.519
822.40	51.031
822.58	51.225
822.76	51.504
822.94	51.028
823.13	51.041
823.31	51.038
823.49	51.187
823.68	51.188
823.86	51.249
824.04	51.215
824.22	51.275
824.41	50.975
824.59	51.479
824.77	51.412
824.96	51.079
825.14	51.065
825.32	51.352
825.50	51.188
825.69	50.824
825.87	51.647
826.05	51.376
826.23	50.852
826.42	51.555
826.60	51.127
826.78	51.419
826.96	51.293
827.15	51.592
827.33	51.201
827.51	50.680
827.69	51.245
827.88	50.905
828.06	51.121
828.24	51.046
828.42	50.847
828.61	51.538
828.79	51.379
828.97	50.877
829.15	51.092
829.34	51.306
829.52	50.836
829.70	51.101
829.88	51.059
830.06	51.485
830.25	50.759
830.43	50.999
830.61	51.057
830.79	51.398
830.97	51.001
831.16	51.462
831.34	51.173
831.52	51.209
831.70	51.225
831.89	50.916
832.07	51.175
832.25	50.764
832.43	51.502
832.61	50.840
832.80	50.684
832.98	50.972
833.16	51.064
833.34	51.293
833.52	50.910
833.70	50.719
833.89	51.116
834.07	50.711
834.25	50.940
834.43	51.158
834.61	51.207
834.80	51.246
834.98	51.442
835.16	51.005
835.34	50.992
835.52	51.359
835.70	51.254
835.89	50.684
836.07	50.995
836.25	50.845
836.43	50.753
836.61	50.891
836.79	50.750
836.97	50.974
837.16	51.277
837.34	50.801
837.52	51.058
837.70	51.097
837.88	50.934
838.06	50.610
838.24	51.124
838.43	51.039
838.61	50.792
838.79	50.990
838.97	50.953
839.15	51.377
839.33	51.461
839.51	50.425
839.70	51.279
839.88	51.129
840.06	51.100
840.24	50.842
840.42	51.392
840.60	51.433
840.78	51.616
840.96	51.086
841.14	51.488
841.33	51.280
841.51	50.987
841.69	50.879
841.87	51.241
842.05	51.143
842.23	51.400
842.41	50.843
842.59	51.518
842.77	51.060
842.95	50.844
843.14	51.093
843.32	50.539
843.50	50.880
843.68	51.073
843.86	51.186
844.04	51.084
844.22	50.765
844.40	51.130
844.58	51.181
844.76	50.780
844.94	51.424
845.12	51.030
845.30	50.957
845.49	51.215
845.67	51.245
845.85	50.669
846.03	51.250
846.21	51.282
846.39	50.886
846.57	50.731
846.75	51.083
846.93	50.902
847.11	50.957
847.29	51.018
847.47	50.821
847.65	50.764
847.83	51.262
848.01	51.057
848.19	50.917
848.37	51.177
848.55	51.317
848.73	51.170
848.91	50.956
849.09	50.878
849.27	51.375
849.46	50.931
849.64	51.341
849.82	51.095
850.00	51.351
850.18	51.311
850.36	51.106
850.54	50.778
850.72	51.179
850.90	51.235
851.08	51.305
851.26	51.052
851.44	51.573
851.62	50.876
851.80	50.880
851.98	50.796
852.16	51.737
852.34	51.390
852.52	50.887
852.70	51.277
852.88	50.775
853.06	50.367
853.24	50.752
853.42	50.779
853.60	50.740
853.78	50.903
853.96	50.871
854.14	50.864
854.31	50.986
854.49	50.794
854.67	51.024
854.85	50.953
855.03	51.048
855.21	50.738
855.39	51.148
855.57	51.462
855.75	51.323
855.93	51.504
856.11	51.049
856.29	50.817
856.47	51.271
856.65	51.137
856.83	50.587
857.01	50.895
857.19	50.431
857.37	50.963
857.55	50.682
857.73	50.737
857.91	51.358
858.09	51.348
858.26	50.846
858.44	51.141
858.62	51.179
858.80	50.933
858.98	51.475
859.16	51.943
859.34	51.321
859.52	50.988
859.70	51.299
859.88	51.118
860.06	50.734
860.24	51.088
860.42	50.661
860.59	51.229
860.77	51.189
860.95	51.436
861.13	51.095
861.31	51.126
861.49	51.193
861.67	50.849
861.85	51.238
862.03	51.263
862.21	50.998
862.38	51.071
862.56	51.473
862.74	51.171
862.92	50.253
863.10	50.879
863.28	51.356
863.46	51.539
863.64	51.037
863.82	51.251
863.99	51.031
864.17	51.195
864.35	51.311
864.53	51.043
864.71	51.095
864.89	51.067
865.07	51.587
865.24	51.078
865.42	50.666
865.60	51.316
865.78	50.278
865.96	50.701
866.14	51.454
866.32	51.491
866.49	51.323
866.67	50.888
866.85	50.739
867.03	50.852
867.21	50.964
867.39	50.761
867.56	51.129
867.74	50.972
867.92	51.474
868.10	51.558
868.28	51.323
868.46	50.776
868.63	50.749
868.81	50.825
868.99	50.837
869.17	51.401
869.35	50.766
869.53	51.081
869.70	50.316
869.88	51.174
870.06	51.196
870.24	51.265
870.42	51.402
870.59	50.947
870.77	50.647
870.95	51.071
871.13	51.712
871.31	50.231
871.48	51.537
871.66	50.985
871.84	50.852
872.02	51.396
872.20	50.737
872.37	50.863
872.55	50.793
872.73	50.403
872.91	51.633
873.08	50.784
873.26	51.071
873.44	51.351
873.62	49.907
873.80	50.884
873.97	50.581
874.15	50.868
874.33	50.579
874.51	50.850
874.68	51.084
874.86	50.765
875.04	50.807
875.22	51.353
875.39	50.496
875.57	50.960
875.75	50.725
875.93	50.115
876.10	50.777
876.28	50.534
876.46	50.824
876.64	50.995
876.81	51.272
876.99	50.799
877.17	50.844
877.35	51.309
877.52	51.237
877.70	51.263
877.88	50.405
878.06	51.028
878.23	50.679
878.41	51.065
878.59	51.056
878.76	51.149
878.94	51.412
879.12	50.760
879.30	50.917
879.47	51.152
879.65	50.878
879.83	50.448
880.00	51.192
880.18	50.853
880.36	50.968
880.53	51.382
880.71	51.211
880.89	50.769
881.07	50.376
881.24	51.266
881.42	51.142
881.60	51.140
881.77	50.378
881.95	51.107
882.13	50.900
882.30	50.580
882.48	50.399
882.66	50.931
882.83	50.938
883.01	50.429
883.19	50.799
883.36	51.131
883.54	50.659
883.72	50.588
883.89	51.268
884.07	50.486
884.25	51.121
884.42	50.727
884.60	50.933
884.78	50.359
884.95	50.801
885.13	50.706
885.31	50.801
885.48	50.890
885.66	50.998
885.84	50.957
886.01	50.680
886.19	50.466
886.36	50.701
886.54	50.861
886.72	50.637
886.89	50.471
887.07	50.403
887.25	50.564
887.42	51.056
887.60	51.561
887.78	50.129
887.95	50.751
888.13	50.961
888.30	50.578
888.48	50.808
888.66	50.850
888.83	50.814
889.01	50.251
889.18	50.761
889.36	51.201
889.54	50.504
889.71	50.577
889.89	50.066
890.06	50.068
890.24	50.663
890.42	50.887
890.59	50.480
890.77	50.898
890.94	51.059
891.12	51.334
891.30	51.141
891.47	50.759
891.65	51.433
891.82	51.408
892.00	49.444
892.17	50.455
892.35	50.643
892.53	51.074
892.70	50.812
892.88	50.819
893.05	51.160
893.23	50.862
893.40	50.500
893.58	50.869
893.75	51.092
893.93	50.890
894.11	51.375
894.28	51.241
894.46	50.944
894.63	50.467
894.81	51.098
894.98	51.081
895.16	50.826
895.33	51.477
895.51	51.046
895.68	50.784
895.86	50.648
896.04	51.889
896.21	51.052
896.39	50.518
896.56	50.721
896.74	50.861
896.91	50.113
897.09	51.273
897.26	50.418
897.44	50.756
897.61	50.747
897.79	50.708
897.96	50.243
898.14	51.010
898.31	50.427
898.49	50.306
898.66	50.527
898.84	50.330
899.01	50.941
899.19	49.952
899.36	50.634
899.54	50.903
899.71	50.396
899.89	51.076
900.06	50.488
900.24	51.058
900.41	50.935
900.59	50.880
900.76	49.449
900.94	50.050
901.11	50.832
901.29	50.631
901.46	50.829
901.63	50.333
901.81	51.062
901.98	50.923
902.16	51.443
902.33	50.579
902.51	50.007
902.68	50.470
902.86	50.452
903.03	50.618
903.21	50.976
903.38	50.913
903.56	50.038
903.73	50.583
903.90	50.590
904.08	50.717
904.25	50.512
904.43	50.499
904.60	50.675
904.78	50.817
904.95	50.991
905.12	50.678
905.30	50.506
905.47	50.732
905.65	50.039
905.82	50.970
906.00	50.708
906.17	50.696
906.34	50.862
906.52	50.771
906.69	51.018
906.87	51.067
907.04	51.073
907.21	50.979
907.39	50.114
907.56	50.826
907.74	50.708
907.91	50.754
908.08	50.385
908.26	49.986
908.43	51.360
908.61	51.616
908.78	50.845
908.95	51.100
909.13	51.121
909.30	50.481
909.48	50.573
909.65	49.974
909.82	50.197
910.00	50.392
910.17	51.128
910.34	50.586
910.52	50.665
910.69	50.620
910.87	50.840
911.04	50.028
911.21	50.828
911.39	49.801
911.56	50.833
911.73	50.421
911.91	50.727
912.08	49.884
912.25	49.883
912.43	50.554
912.60	49.706
912.77	51.083
912.95	50.307
913.12	50.269
913.29	50.467
913.47	51.528
913.64	51.342
913.81	50.547
913.99	50.600
914.16	50.470
914.33	50.603
914.51	50.571
914.68	51.487
914.85	49.911
915.03	50.675
915.20	50.109
915.37	51.140
915.55	51.250
915.72	51.037
915.89	49.967
916.07	50.700
916.24	50.822
916.41	50.618
916.59	51.110
916.76	50.646
916.93	50.856
917.10	50.442
917.28	50.733
917.45	50.660
917.62	51.801
917.80	50.025
917.97	50.576
918.14	50.779
918.31	50.101
918.49	51.414
918.66	50.044
918.83	50.549
919.01	50.048
919.18	51.139
919.35	50.143
919.52	51.044
919.70	50.686
919.87	50.751
920.04	50.674
920.21	50.393
920.39	50.142
920.56	50.862
920.73	50.672
920.90	51.143
921.08	50.672
921.25	50.504
921.42	51.280
921.59	50.913
921.77	51.318
921.94	50.814
922.11	49.704
922.28	51.120
922.46	51.197
922.63	50.106
922.80	50.593
922.97	50.983
923.15	50.311
923.32	50.484
923.49	50.352
923.66	50.002
923.83	50.712
924.01	50.296
924.18	51.262
924.35	50.629
924.52	51.091
924.69	51.039
924.87	50.661
925.04	51.086
925.21	51.184
925.38	50.394
925.55	50.306
925.73	50.356
925.90	50.839
926.07	51.238
926.24	50.409
926.41	51.183
926.59	49.691
926.76	49.922
926.93	51.040
927.10	50.351
927.27	51.878
927.45	49.939
927.62	50.160
927.79	51.483
927.96	50.767
928.13	50.279
928.30	50.387
928.48	49.080
928.65	49.906
928.82	50.166
928.99	50.795
929.16	49.643
929.33	50.923
929.50	51.743
929.68	50.232
929.85	50.277
930.02	50.860
930.19	50.942
930.36	49.128
930.53	51.310
930.70	50.560
930.88	50.449
931.05	50.441
931.22	51.777
931.39	49.771
931.56	50.048
931.73	51.565
931.90	50.286
932.08	49.975
932.25	51.146
932.42	51.153
932.59	51.105
932.76	50.657
932.93	51.937
933.10	50.537
933.27	51.452
933.44	51.490
933.62	50.674
933.79	51.215
933.96	50.451
934.13	51.092
934.30	50.891
934.47	52.366
934.64	51.251
934.81	50.966
934.98	49.333
935.15	50.601
935.32	51.228
935.50	50.715
935.67	50.884
935.84	50.372
936.01	50.136
936.18	50.388
936.35	49.523
936.52	49.818
936.69	49.616
936.86	51.772
937.03	50.557
937.20	51.441
937.37	50.818
937.54	51.411
937.71	50.623
937.89	50.288
938.06	47.617
938.23	51.207
938.40	52.590
938.57	51.889
938.74	51.347
938.91	50.476
939.08	48.853
939.25	51.199
939.42	50.793
939.59	50.609
939.76	49.586
939.93	49.741
940.10	51.995
940.27	49.901
940.44	49.296
940.61	47.986
940.78	51.307
940.95	50.773
941.12	49.889
941.29	49.013
941.46	47.894
941.63	49.700
941.80	49.474
941.97	47.531
942.14	51.678
942.31	50.670
942.48	49.712
942.65	50.894
942.82	48.942
942.99	51.928
943.16	52.435
943.33	50.032
943.50	50.872
943.67	51.119
943.84	50.958
944.01	50.625
944.18	50.034
944.35	49.704
944.52	52.683
944.69	50.857
944.86	49.253
945.03	49.888
945.20	49.946
945.37	52.337
945.54	52.795
945.71	51.456
945.88	50.098
946.05	50.422
946.22	49.690
946.39	49.509
946.56	49.408
946.73	47.830
946.90	53.864
947.07	50.161
947.23	49.400
947.40	50.382
947.57	51.864
947.74	51.036
947.91	49.452
948.08	50.424
948.25	49.131
948.42	49.193
948.59	50.580
948.76	50.551
948.93	50.292
949.10	52.707
949.27	47.839
949.44	49.910
949.60	48.202
949.77	49.731
949.94	51.858
950.11	49.621
950.28	49.280
950.45	50.580
950.62	48.500
950.79	49.300
950.96	49.366
951.13	51.611
951.30	49.635
951.46	50.555
951.63	50.244
951.80	50.293
951.97	50.765
952.14	50.089
952.31	51.051
952.48	49.458
952.65	50.471
952.81	50.380
952.98	50.751
953.15	51.095
953.32	49.045
953.49	49.619
953.66	50.251
953.83	48.987
954.00	49.276
954.16	51.047
954.33	49.835
954.50	50.955
954.67	50.230
954.84	49.403
955.01	48.750
955.18	49.772
955.34	51.700
955.51	48.806
955.68	50.216
955.85	50.028
956.02	49.286
956.19	50.587
956.35	49.615
956.52	49.533
956.69	50.549
956.86	49.069
957.03	48.563
957.20	49.097
957.36	50.166
957.53	48.207
957.70	47.309
957.87	49.021
958.04	48.952
958.21	49.780
958.37	48.638
958.54	49.327
958.71	49.483
958.88	49.646
959.05	49.191
959.21	49.871
959.38	48.958
959.55	49.186
959.72	48.289
959.89	50.445
960.05	50.232
960.22	47.925
960.39	48.146
960.56	50.269
960.72	50.306
960.89	47.767
961.06	49.840
961.23	49.588
961.40	48.336
961.56	50.561
961.73	51.511
961.90	50.258
962.07	50.529
962.23	50.065
962.40	48.773
962.57	50.595
962.74	50.202
962.90	49.386
963.07	49.577
963.24	49.808
963.41	46.772
963.57	51.193
963.74	49.396
963.91	49.600
964.08	48.539
964.24	49.527
964.41	49.619
964.58	49.530
964.75	49.731
964.91	50.712
965.08	48.405
965.25	50.380
965.42	48.591
965.58	49.178
965.75	50.354
965.92	49.950
966.08	48.095
966.25	50.356
966.42	49.435
966.59	49.898
966.75	49.968
966.92	50.867
967.09	49.856
967.25	49.968
967.42	49.640
967.59	47.911
967.75	49.897
967.92	49.384
968.09	50.155
968.26	48.467
968.42	48.748
968.59	51.012
968.76	50.428
968.92	48.678
969.09	50.139
969.26	50.540
969.42	49.631
969.59	50.597
969.76	50.766
969.92	49.062
970.09	50.289
970.26	49.352
970.42	51.455
970.59	49.570
970.76	50.460
970.92	49.801
971.09	50.860
971.26	50.140
971.42	49.156
971.59	48.702
971.76	48.989
971.92	52.195
972.09	50.279
972.25	50.355
972.42	48.619
972.59	50.447
972.75	50.007
972.92	50.858
973.09	50.368
973.25	51.005
973.42	49.271
973.58	50.810
973.75	48.830
973.92	49.601
974.08	49.706
974.25	48.941
974.42	50.552
974.58	47.698
974.75	49.441
974.91	48.755
975.08	50.750
975.25	50.103
975.41	49.623
975.58	49.193
975.74	49.815
975.91	48.959
976.08	48.533
976.24	50.205
976.41	48.550
976.57	49.354
976.74	49.069
976.91	49.499
977.07	49.782
977.24	48.766
977.40	49.235
977.57	47.679
977.73	51.519
977.90	51.140
978.07	49.891
978.23	49.113
978.40	50.383
978.56	50.214
978.73	50.000
978.89	51.523
979.06	50.534
979.22	49.584
979.39	49.919
979.56	50.400
979.72	49.556
979.89	47.610
980.05	50.582
980.22	50.232
980.38	48.212
980.55	49.402
980.71	48.434
980.88	49.076
981.04	48.391
981.21	48.128
981.37	51.880
981.54	49.028
981.70	47.532
981.87	50.319
982.04	49.904
982.20	50.197
982.37	49.653
982.53	51.107
982.70	49.130
982.86	50.109
983.03	46.643
983.19	51.248
983.36	47.286
983.52	50.862
983.69	51.467
983.85	51.456
984.02	50.229
984.18	48.036
984.35	50.318
984.51	48.486
984.68	51.118
984.84	50.926
985.00	49.548
985.17	50.932
985.33	50.033
985.50	51.573
985.66	48.734
985.83	49.749
985.99	49.749
986.16	48.286
986.32	49.823
986.49	49.950
986.65	48.533
986.82	50.199
986.98	49.001
987.15	50.802
987.31	50.026
987.47	50.930
987.64	50.296
987.80	50.330
987.97	50.096
988.13	49.827
988.30	51.049
988.46	52.432
988.63	49.202
988.79	47.550
988.95	50.532
989.12	48.570
989.28	49.846
989.45	49.255
989.61	49.649
989.77	50.340
989.94	48.990
990.10	49.242
990.27	49.521
990.43	50.267
990.60	50.754
990.76	50.113
990.92	48.456
991.09	48.114
991.25	47.384
991.42	47.044
991.58	51.723
991.74	50.255
991.91	48.216
992.07	47.872
992.24	48.702
992.40	50.194
992.56	48.002
992.73	49.691
992.89	49.249
993.05	49.871
993.22	50.468
993.38	48.728
993.55	51.865
993.71	49.032
993.87	49.588
994.04	49.181
994.20	48.386
994.36	50.283
994.53	49.555
994.69	49.721
994.85	46.287
995.02	48.287
995.18	49.677
995.34	51.159
995.51	48.061
995.67	50.498
995.84	48.041
996.00	50.757
996.16	49.206
996.33	50.930
996.49	51.968
996.65	48.949
996.82	47.641
996.98	49.844
997.14	49.725
997.31	50.441
997.47	49.673
997.63	49.716
997.79	49.887
997.96	50.271
998.12	50.657
998.28	51.632
998.45	49.002
998.61	50.411
998.77	53.433
998.94	50.431
999.10	51.783
999.26	49.062
999.43	50.070
999.59	51.151
999.75	49.653
999.91	51.608
1000.08	48.840
1000.24	51.717
1000.40	48.986
1000.57	49.392
1000.73	49.873
1000.89	50.113
1001.05	51.849
1001.22	46.817
1001.38	50.702
1001.54	52.544
1001.70	48.423
1001.87	45.801
1002.03	51.572
1002.19	49.727
1002.35	50.460
1002.52	48.734
1002.68	50.479
1002.84	48.319
1003.00	52.972
1003.17	50.094
1003.33	50.472
1003.49	50.219
1003.65	49.607
1003.82	52.410
1003.98	52.100
1004.14	51.958
1004.30	49.915
1004.47	48.934
1004.63	52.630
1004.79	50.249
1004.95	48.395
1005.11	49.075
1005.28	50.494
1005.44	49.808
1005.60	47.812
1005.76	50.099
1005.93	48.522
1006.09	50.320
1006.25	49.289
1006.41	50.000
1006.57	47.407
1006.74	52.083
1006.90	49.764
1007.06	48.052
1007.22	50.693
1007.38	50.763
1007.55	50.552
1007.71	52.388
1007.87	50.926
1008.03	49.086
1008.19	52.396
1008.35	51.229
1008.52	47.860
1008.68	50.874
1008.84	53.241
1009.00	51.430
1009.16	49.122
1009.32	48.626
1009.49	53.188
1009.65	44.907
1009.81	48.436
1009.97	50.147
1010.13	51.870
1010.29	55.400
1010.46	50.569
1010.62	51.391
1010.78	49.170
1010.94	51.212
1011.10	49.619
1011.26	47.874
1011.42	52.202
1011.59	49.723
1011.75	49.311
1011.91	50.453
1012.07	49.930
1012.23	53.543
1012.39	50.426
1012.55	48.062
1012.71	46.924
1012.88	47.455
1013.04	47.769
1013.20	48.670
1013.36	49.439
1013.52	49.261
1013.68	49.808
1013.84	52.991
1014.00	49.087
1014.16	55.163
1014.33	52.831
1014.49	52.176
1014.65	48.718
1014.81	45.688
1014.97	48.907
1015.13	47.562
1015.29	48.070
1015.45	47.481
1015.61	55.012
1015.77	46.532
1015.93	50.789
1016.09	49.884
1016.26	52.896
1016.42	48.415
1016.58	49.323
1016.74	50.723
1016.90	50.255
1017.06	49.606
1017.22	48.283
1017.38	48.102
1017.54	50.791
1017.70	50.626
1017.86	49.143
1018.02	50.436
1018.18	50.828
1018.34	47.911
1018.50	49.890
1018.66	51.998
1018.82	47.919
1018.98	50.305
1019.14	49.885
1019.31	47.179
1019.47	50.855
1019.63	50.023
1019.79	53.064
1019.95	48.861
1020.11	48.800
1020.27	46.425
1020.43	48.772
1020.59	51.204
1020.75	46.727
1020.91	52.469
1021.07	52.947
1021.23	49.710
1021.39	55.396
1021.55	45.540
1021.71	50.712
1021.87	49.874
1022.03	45.134
1022.19	43.579
1022.35	50.424
1022.51	53.385
1022.67	49.494
1022.83	48.407
1022.99	49.075
1023.15	49.256
1023.31	49.623
1023.47	55.451
1023.63	50.323
1023.79	50.888
1023.95	50.738
1024.10	44.471
1024.26	42.002
1024.42	54.300
1024.58	48.144
1024.74	50.467
1024.90	47.237
1025.06	49.856
1025.22	49.969
1025.38	50.234
1025.54	48.197
1025.70	44.042
1025.86	48.397
1026.02	58.339
1026.18	48.985
1026.34	53.333
1026.50	46.803
1026.66	50.651
1026.82	50.439
1026.98	51.346
1027.13	44.994
1027.29	43.311
1027.45	50.968
1027.61	47.039
1027.77	51.355
1027.93	53.284
1028.09	48.398
1028.25	49.965
1028.41	52.157
1028.57	48.822
1028.73	55.372
1028.88	47.287
1029.04	54.819
1029.20	53.946
1029.36	49.137
1029.52	50.980
1029.68	52.500
1029.84	44.668
1030.00	51.310
1030.16	47.612
1030.32	50.821
1030.47	46.728
1030.63	52.170
1030.79	44.246
1030.95	49.919
1031.11	51.866
1031.27	46.897
1031.43	52.608
1031.59	55.431
1031.74	56.678
1031.90	53.440
1032.06	55.170
1032.22	52.640
1032.38	53.106
1032.54	53.005
1032.69	47.526
1032.85	51.890
1033.01	52.598
1033.17	49.060
1033.33	49.222
1033.49	54.859
1033.65	49.139
1033.80	49.170
1033.96	47.142
1034.12	56.327
1034.28	55.441
1034.44	40.291
1034.60	51.709
1034.75	47.592
1034.91	51.977
1035.07	46.350
1035.23	48.004
1035.39	57.715
1035.54	41.479
1035.70	53.659
1035.86	44.424
1036.02	49.822
1036.18	48.018
1036.33	54.153
1036.49	40.747
1036.65	50.413
1036.81	52.218
1036.97	51.856
1037.12	48.807
1037.28	39.450
1037.44	43.151
1037.60	57.055
1037.76	51.163
1037.91	49.002
1038.07	41.170
1038.23	53.269
1038.39	64.444
1038.54	45.868
1038.70	53.927
1038.86	32.474
1039.02	48.929
1039.17	43.698
1039.33	45.622
1039.49	44.875
1039.65	58.604
1039.80	46.163
1039.96	64.691
1040.12	52.148
1040.28	47.527
>>>>> Data<<<<< Espectral Procesado Extremo
