Fichero De Datos De SpectraSuite
++++++++++++++++++++++++++++++++++++
Fecha: Mon Jun 29 11:40:01 CST 2026
Usuario: HP
Presente Oscuro Del Espectro: Sí
La Referencia de Presente Del Espectro De: Sí
Muestreados de los componentes de Número de espectros: 1
Espectrómetros: USB4H06056
Tiempo de integración (usec): 300000 (USB4H06056)
Promedio de Espectros Hechos un: 5 (USB4H06056)
El Alisar Del Furgón: 0 (USB4H06056)
Párrafo de de Corregir del la del del de Eléctrica del obscuridad: No (USB4H06056)
Estrobo/Lámpara Permitido: No (USB4H06056)
Correct for Detector Non-linearity: No (USB4H06056)
Párrafo de de Corregir del la del del de Externa del luz: No (USB4H06056)
Procesado del espectro de Número de pixeles en: 3648
>>>>> Comienza Data<<<<< Espectral Procesado Del EL
345.09	105.376
345.30	105.376
345.52	105.376
345.74	164.286
345.95	74.138
346.17	51.852
346.39	34.375
346.60	-32.394
346.82	-307.692
347.04	142.105
347.25	150.000
347.47	91.304
347.69	47.541
347.90	-40.000
348.12	65.116
348.34	101.504
348.56	25.157
348.77	80.198
348.99	57.396
349.21	84.980
349.42	-40.816
349.64	66.434
349.86	57.672
350.07	-41.667
350.29	50.000
350.51	32.000
350.72	34.459
350.94	90.244
351.16	101.527
351.37	52.247
351.59	38.889
351.81	112.146
352.02	74.118
352.24	21.081
352.46	132.558
352.67	20.652
352.89	139.286
353.10	60.185
353.32	59.259
353.54	8.333
353.75	87.500
353.97	38.793
354.19	28.736
354.40	64.444
354.62	89.404
354.84	31.818
355.05	147.945
355.27	105.063
355.49	35.628
355.70	37.037
355.92	26.804
356.14	109.524
356.35	99.578
356.57	127.848
356.78	36.111
357.00	39.695
357.22	3.333
357.43	-19.328
357.65	95.378
357.87	131.217
358.08	29.000
358.30	48.649
358.51	193.333
358.73	45.775
358.95	126.087
359.16	96.327
359.38	-109.730
359.60	79.070
359.81	58.696
360.03	94.949
360.24	87.952
360.46	92.571
360.68	90.286
360.89	110.674
361.11	30.516
361.33	104.848
361.54	57.812
361.76	84.259
361.97	86.747
362.19	76.793
362.41	67.805
362.62	57.423
362.84	53.333
363.05	49.223
363.27	166.667
363.49	80.952
363.70	69.858
363.92	69.697
364.13	102.905
364.35	129.775
364.57	300.000
364.78	47.465
365.00	53.472
365.21	33.333
365.43	93.671
365.65	58.523
365.86	85.882
366.08	8.081
366.29	128.689
366.51	60.550
366.73	75.839
366.94	92.258
367.16	-19.565
367.37	79.211
367.59	130.588
367.80	31.847
368.02	76.695
368.24	78.523
368.45	80.597
368.67	63.725
368.88	124.675
369.10	126.816
369.31	137.209
369.53	79.851
369.75	146.739
369.96	42.541
370.18	93.782
370.39	-32.773
370.61	118.261
370.82	65.399
371.04	79.528
371.26	27.600
371.47	88.430
371.69	78.125
371.90	61.538
372.12	75.234
372.33	97.516
372.55	148.295
372.76	92.188
372.98	67.380
373.20	167.826
373.41	72.241
373.63	67.296
373.84	87.069
374.06	53.933
374.27	126.715
374.49	117.160
374.70	83.824
374.92	91.892
375.13	83.548
375.35	46.073
375.57	115.830
375.78	95.588
376.00	92.667
376.21	95.304
376.43	73.011
376.64	78.814
376.86	57.955
377.07	39.384
377.29	95.431
377.50	74.528
377.72	82.609
377.93	81.673
378.15	152.632
378.36	114.620
378.58	59.548
378.80	172.414
379.01	109.091
379.23	98.246
379.44	106.701
379.66	50.519
379.87	80.751
380.09	107.258
380.30	122.785
380.52	126.455
380.73	107.317
380.95	44.724
381.16	84.946
381.38	77.717
381.59	84.545
381.81	56.793
382.02	96.457
382.24	72.664
382.45	88.824
382.67	106.977
382.88	54.444
383.10	111.404
383.31	112.766
383.53	72.460
383.74	110.769
383.96	266.667
384.17	105.882
384.39	120.377
384.60	113.000
384.82	92.913
385.03	90.840
385.25	86.667
385.46	85.604
385.68	78.125
385.89	136.667
386.11	68.016
386.32	159.890
386.54	177.637
386.75	110.553
386.97	93.985
387.18	159.043
387.40	102.113
387.61	114.474
387.83	107.074
388.04	89.547
388.25	105.731
388.47	123.891
388.68	91.089
388.90	116.236
389.11	106.887
389.33	87.755
389.54	93.882
389.76	97.680
389.97	83.709
390.19	81.447
390.40	78.228
390.62	76.781
390.83	134.766
391.05	82.709
391.26	74.532
391.47	97.967
391.69	100.950
391.90	83.726
392.12	103.275
392.33	100.257
392.55	90.784
392.76	71.636
392.98	82.749
393.19	80.539
393.41	89.163
393.62	94.034
393.83	91.647
394.05	104.416
394.26	109.809
394.48	95.726
394.69	84.143
394.91	133.333
395.12	121.578
395.34	89.732
395.55	120.630
395.76	107.990
395.98	84.653
396.19	104.298
396.41	82.322
396.62	75.787
396.84	75.810
397.05	80.088
397.26	80.350
397.48	103.987
397.69	91.423
397.91	89.307
398.12	80.470
398.33	100.680
398.55	111.085
398.76	94.104
398.98	92.562
399.19	85.607
399.41	94.068
399.62	99.781
399.83	71.685
400.05	93.772
400.26	85.389
400.48	81.754
400.69	82.125
400.90	113.203
401.12	102.988
401.33	91.164
401.55	94.521
401.76	81.007
401.97	76.680
402.19	75.120
402.40	100.000
402.62	76.923
402.83	70.619
403.04	89.975
403.26	85.048
403.47	98.545
403.69	80.523
403.90	94.575
404.11	79.945
404.33	88.235
404.54	100.295
404.76	97.557
404.97	89.557
405.18	87.662
405.40	99.419
405.61	80.469
405.83	70.063
406.04	101.902
406.25	94.540
406.47	107.666
406.68	91.206
406.89	88.624
407.11	80.164
407.32	78.818
407.54	80.314
407.75	86.934
407.96	75.676
408.18	73.892
408.39	73.491
408.60	88.268
408.82	79.513
409.03	80.218
409.24	81.890
409.46	79.559
409.67	74.011
409.89	80.370
410.10	82.833
410.31	74.263
410.53	75.783
410.74	75.579
410.95	74.775
411.17	72.121
411.38	80.247
411.59	73.257
411.81	67.736
412.02	64.803
412.23	77.148
412.45	71.132
412.66	67.310
412.87	77.832
413.09	64.267
413.30	69.505
413.51	66.506
413.73	69.903
413.94	67.698
414.15	67.548
414.37	67.831
414.58	61.878
414.79	63.901
415.01	52.960
415.22	60.946
415.43	54.613
415.65	52.210
415.86	62.903
416.07	57.123
416.29	60.127
416.50	48.697
416.71	62.166
416.93	57.272
417.14	58.261
417.35	54.972
417.57	48.609
417.78	51.965
417.99	47.222
418.21	50.527
418.42	50.029
418.63	46.463
418.85	45.087
419.06	51.838
419.27	46.504
419.48	52.051
419.70	44.010
419.91	48.217
420.12	42.614
420.34	44.291
420.55	42.118
420.76	40.056
420.98	39.006
421.19	39.297
421.40	39.912
421.61	39.233
421.83	41.388
422.04	40.879
422.25	42.238
422.47	34.582
422.68	37.886
422.89	39.388
423.11	34.138
423.32	35.989
423.53	37.890
423.74	32.136
423.96	38.241
424.17	30.727
424.38	34.145
424.59	33.792
424.81	31.319
425.02	28.735
425.23	36.980
425.45	33.205
425.66	34.264
425.87	35.083
426.08	32.356
426.30	33.645
426.51	31.573
426.72	30.541
426.93	30.398
427.15	27.270
427.36	27.364
427.57	34.802
427.79	29.377
428.00	32.779
428.21	39.754
428.42	30.807
428.64	28.855
428.85	30.415
429.06	27.372
429.27	26.223
429.49	30.779
429.70	29.534
429.91	32.062
430.12	30.415
430.34	27.757
430.55	29.955
430.76	28.523
430.97	29.739
431.19	29.106
431.40	29.048
431.61	29.573
431.82	28.046
432.03	27.953
432.25	27.671
432.46	28.199
432.67	27.411
432.88	29.524
433.10	27.497
433.31	29.456
433.52	28.175
433.73	28.292
433.95	28.115
434.16	26.953
434.37	28.607
434.58	25.924
434.79	27.836
435.01	28.461
435.22	28.231
435.43	26.580
435.64	24.159
435.86	27.486
436.07	24.888
436.28	26.371
436.49	28.341
436.70	25.513
436.92	26.125
437.13	27.794
437.34	27.286
437.55	26.421
437.76	27.278
437.98	25.430
438.19	26.906
438.40	31.012
438.61	25.230
438.82	25.827
439.04	28.163
439.25	25.843
439.46	24.707
439.67	26.419
439.88	28.342
440.10	27.350
440.31	26.427
440.52	26.315
440.73	26.664
440.94	27.473
441.16	26.261
441.37	27.183
441.58	27.791
441.79	25.957
442.00	28.767
442.21	27.179
442.43	26.901
442.64	25.646
442.85	25.121
443.06	26.349
443.27	25.915
443.48	27.720
443.70	23.950
443.91	25.708
444.12	24.955
444.33	25.774
444.54	25.908
444.75	26.110
444.97	26.075
445.18	25.195
445.39	26.998
445.60	25.972
445.81	26.230
446.02	27.103
446.24	27.169
446.45	26.634
446.66	25.894
446.87	26.640
447.08	27.161
447.29	25.557
447.51	27.341
447.72	26.347
447.93	27.170
448.14	26.027
448.35	26.342
448.56	26.017
448.77	27.411
448.99	27.147
449.20	26.027
449.41	25.319
449.62	25.678
449.83	25.793
450.04	25.446
450.25	26.735
450.46	25.808
450.68	26.330
450.89	26.485
451.10	26.320
451.31	24.991
451.52	27.431
451.73	27.572
451.94	27.521
452.15	26.597
452.37	25.794
452.58	27.171
452.79	27.448
453.00	25.674
453.21	26.587
453.42	25.243
453.63	25.730
453.84	27.230
454.06	26.887
454.27	27.970
454.48	27.846
454.69	25.455
454.90	27.414
455.11	26.343
455.32	26.861
455.53	26.309
455.74	26.919
455.95	27.728
456.17	27.594
456.38	26.474
456.59	26.025
456.80	27.807
457.01	26.609
457.22	26.596
457.43	26.104
457.64	26.904
457.85	26.087
458.06	26.850
458.27	27.665
458.49	28.113
458.70	27.792
458.91	26.902
459.12	26.847
459.33	27.231
459.54	27.123
459.75	27.754
459.96	27.146
460.17	28.048
460.38	27.383
460.59	27.900
460.80	27.831
461.01	27.002
461.23	27.402
461.44	26.146
461.65	28.134
461.86	27.178
462.07	27.201
462.28	28.450
462.49	26.780
462.70	26.865
462.91	26.445
463.12	27.722
463.33	27.815
463.54	27.402
463.75	27.363
463.96	26.539
464.17	27.227
464.38	27.081
464.59	26.662
464.81	28.146
465.02	26.704
465.23	28.986
465.44	28.174
465.65	27.174
465.86	28.643
466.07	28.017
466.28	27.933
466.49	27.795
466.70	27.707
466.91	28.059
467.12	27.035
467.33	28.370
467.54	26.831
467.75	28.753
467.96	27.198
468.17	27.521
468.38	28.685
468.59	26.794
468.80	27.540
469.01	28.163
469.22	26.572
469.43	27.403
469.64	27.905
469.85	28.404
470.06	29.186
470.27	26.845
470.48	28.232
470.69	26.909
470.90	28.618
471.11	27.744
471.32	27.707
471.53	27.142
471.74	28.121
471.95	27.406
472.16	26.803
472.37	27.699
472.58	28.063
472.79	27.813
473.00	27.422
473.21	27.338
473.42	27.120
473.63	27.786
473.84	28.291
474.05	27.952
474.26	27.556
474.47	27.268
474.68	26.955
474.89	27.976
475.10	27.145
475.31	27.256
475.52	27.034
475.73	26.859
475.94	26.613
476.15	27.632
476.36	28.803
476.57	27.851
476.78	28.027
476.99	26.937
477.20	27.778
477.41	27.771
477.62	27.871
477.83	28.546
478.04	27.451
478.25	26.928
478.46	28.326
478.67	27.569
478.88	27.757
479.09	27.285
479.30	27.989
479.51	28.962
479.72	28.228
479.93	27.699
480.14	28.046
480.35	27.891
480.56	28.552
480.77	27.630
480.98	27.763
481.18	28.533
481.39	28.252
481.60	27.643
481.81	28.087
482.02	28.455
482.23	28.384
482.44	28.292
482.65	27.341
482.86	28.141
483.07	28.011
483.28	27.963
483.49	28.099
483.70	28.725
483.91	28.205
484.12	27.859
484.33	27.822
484.53	27.978
484.74	28.039
484.95	27.441
485.16	28.662
485.37	27.765
485.58	27.984
485.79	28.326
486.00	28.123
486.21	27.793
486.42	27.656
486.63	27.845
486.84	28.082
487.05	27.522
487.25	27.460
487.46	28.311
487.67	28.147
487.88	28.242
488.09	27.547
488.30	27.658
488.51	27.964
488.72	27.392
488.93	28.411
489.14	27.995
489.35	28.125
489.55	29.205
489.76	28.242
489.97	27.977
490.18	28.301
490.39	28.118
490.60	28.217
490.81	27.808
491.02	28.607
491.23	28.720
491.43	28.577
491.64	27.994
491.85	28.431
492.06	28.165
492.27	28.391
492.48	28.793
492.69	28.998
492.90	27.812
493.11	28.330
493.31	28.568
493.52	27.968
493.73	28.865
493.94	28.053
494.15	28.824
494.36	27.953
494.57	28.795
494.78	28.111
494.98	28.787
495.19	28.574
495.40	28.511
495.61	29.141
495.82	28.710
496.03	28.670
496.24	28.488
496.44	28.429
496.65	28.645
496.86	28.815
497.07	28.706
497.28	28.685
497.49	28.551
497.70	28.555
497.90	28.707
498.11	28.098
498.32	28.372
498.53	28.467
498.74	28.781
498.95	28.643
499.15	28.532
499.36	28.833
499.57	28.875
499.78	28.988
499.99	28.470
500.20	28.360
500.40	28.582
500.61	29.082
500.82	28.719
501.03	28.704
501.24	28.587
501.45	28.608
501.65	28.469
501.86	28.964
502.07	29.334
502.28	28.945
502.49	29.317
502.70	28.480
502.90	28.518
503.11	29.448
503.32	29.476
503.53	29.353
503.74	29.732
503.94	28.875
504.15	29.395
504.36	29.151
504.57	28.843
504.78	29.500
504.98	28.904
505.19	28.808
505.40	28.718
505.61	29.617
505.82	28.891
506.02	29.119
506.23	28.556
506.44	29.212
506.65	29.256
506.86	29.325
507.06	29.167
507.27	29.468
507.48	29.076
507.69	29.490
507.90	29.199
508.10	29.660
508.31	28.964
508.52	29.570
508.73	29.235
508.94	29.700
509.14	29.467
509.35	30.035
509.56	29.659
509.77	29.300
509.97	29.124
510.18	29.541
510.39	29.729
510.60	29.408
510.80	30.081
511.01	29.713
511.22	29.999
511.43	29.656
511.64	30.074
511.84	29.992
512.05	30.203
512.26	30.147
512.47	29.820
512.67	30.199
512.88	30.227
513.09	30.003
513.30	30.148
513.50	30.163
513.71	30.125
513.92	30.032
514.13	30.427
514.33	30.091
514.54	30.190
514.75	30.319
514.96	30.449
515.16	30.347
515.37	30.347
515.58	31.214
515.78	30.521
515.99	30.633
516.20	31.084
516.41	30.935
516.61	31.486
516.82	31.034
517.03	30.905
517.24	31.308
517.44	30.757
517.65	31.026
517.86	31.151
518.07	31.381
518.27	31.520
518.48	31.843
518.69	31.453
518.89	32.278
519.10	31.214
519.31	31.942
519.52	31.645
519.72	31.735
519.93	32.088
520.14	31.834
520.34	32.295
520.55	32.514
520.76	32.392
520.96	32.376
521.17	32.324
521.38	32.619
521.59	32.350
521.79	32.555
522.00	33.141
522.21	33.070
522.41	32.745
522.62	32.849
522.83	32.670
523.03	33.163
523.24	34.041
523.45	33.178
523.66	32.983
523.86	33.446
524.07	33.635
524.28	33.947
524.48	33.825
524.69	34.425
524.90	34.313
525.10	34.208
525.31	33.903
525.52	34.070
525.72	34.236
525.93	34.869
526.14	34.696
526.34	34.866
526.55	34.407
526.76	35.026
526.96	34.775
527.17	34.897
527.38	35.140
527.58	35.514
527.79	35.613
528.00	35.420
528.20	35.542
528.41	35.283
528.62	35.879
528.82	35.611
529.03	35.930
529.24	36.127
529.44	36.072
529.65	36.513
529.85	36.293
530.06	36.405
530.27	36.509
530.47	36.910
530.68	36.398
530.89	36.793
531.09	36.937
531.30	36.852
531.51	36.924
531.71	36.974
531.92	37.293
532.13	37.365
532.33	37.294
532.54	37.622
532.74	37.405
532.95	37.383
533.16	37.432
533.36	37.205
533.57	37.451
533.78	37.766
533.98	37.918
534.19	37.708
534.39	37.990
534.60	37.898
534.81	38.090
535.01	38.336
535.22	38.065
535.42	37.867
535.63	38.554
535.84	38.748
536.04	38.465
536.25	38.476
536.45	38.377
536.66	38.521
536.87	38.333
537.07	38.642
537.28	38.978
537.48	38.286
537.69	39.130
537.90	38.448
538.10	38.676
538.31	38.437
538.51	38.797
538.72	38.713
538.93	38.970
539.13	38.421
539.34	38.800
539.54	39.143
539.75	38.893
539.96	39.420
540.16	38.758
540.37	39.032
540.57	39.311
540.78	39.285
540.98	39.132
541.19	39.345
541.40	39.562
541.60	39.539
541.81	39.316
542.01	39.510
542.22	39.238
542.42	39.370
542.63	39.204
542.83	39.604
543.04	39.853
543.25	39.577
543.45	39.379
543.66	39.432
543.86	39.417
544.07	39.786
544.27	39.684
544.48	39.480
544.68	39.685
544.89	39.583
545.10	40.019
545.30	39.665
545.51	39.622
545.71	40.082
545.92	39.779
546.12	40.110
546.33	40.373
546.53	40.013
546.74	40.240
546.94	40.025
547.15	39.534
547.36	39.834
547.56	40.224
547.77	39.681
547.97	39.898
548.18	39.827
548.38	39.927
548.59	39.859
548.79	39.807
549.00	39.955
549.20	40.131
549.41	40.159
549.61	40.306
549.82	39.855
550.02	40.114
550.23	40.308
550.43	40.763
550.64	40.296
550.84	40.014
551.05	39.900
551.25	39.910
551.46	40.346
551.66	40.060
551.87	40.293
552.07	40.254
552.28	40.263
552.48	39.810
552.69	40.465
552.89	40.017
553.10	40.318
553.30	40.563
553.51	40.229
553.71	39.897
553.92	39.744
554.12	40.321
554.33	40.293
554.53	39.968
554.74	40.132
554.94	40.637
555.15	40.660
555.35	40.421
555.56	40.181
555.76	40.587
555.97	40.346
556.17	40.577
556.38	40.409
556.58	40.671
556.78	40.601
556.99	40.243
557.19	40.265
557.40	40.436
557.60	40.367
557.81	40.539
558.01	40.487
558.22	40.520
558.42	40.072
558.63	40.419
558.83	40.402
559.04	40.243
559.24	40.379
559.44	40.293
559.65	40.565
559.85	40.596
560.06	40.130
560.26	40.116
560.47	40.425
560.67	40.195
560.88	40.087
561.08	40.033
561.28	40.318
561.49	40.004
561.69	40.276
561.90	40.546
562.10	39.764
562.31	40.049
562.51	40.712
562.71	40.273
562.92	39.960
563.12	40.185
563.33	39.726
563.53	40.058
563.74	39.916
563.94	39.897
564.14	39.742
564.35	39.685
564.55	39.931
564.76	39.373
564.96	39.829
565.17	39.846
565.37	39.580
565.57	39.717
565.78	39.134
565.98	39.207
566.19	39.221
566.39	39.095
566.59	39.308
566.80	39.782
567.00	39.148
567.21	39.438
567.41	39.382
567.61	39.053
567.82	39.044
568.02	39.519
568.23	38.811
568.43	38.960
568.63	38.829
568.84	39.287
569.04	39.077
569.24	38.543
569.45	38.889
569.65	38.682
569.86	38.446
570.06	38.290
570.26	38.089
570.47	38.460
570.67	38.655
570.87	38.186
571.08	37.859
571.28	38.077
571.49	38.054
571.69	38.063
571.89	37.992
572.10	38.070
572.30	37.980
572.50	37.816
572.71	37.805
572.91	37.605
573.11	37.669
573.32	37.655
573.52	37.515
573.73	37.603
573.93	37.214
574.13	37.311
574.34	37.281
574.54	36.826
574.74	36.972
574.95	37.108
575.15	36.864
575.35	37.026
575.56	36.887
575.76	36.980
575.96	36.572
576.17	36.522
576.37	36.581
576.57	36.772
576.78	36.876
576.98	36.370
577.18	36.325
577.39	36.339
577.59	36.578
577.79	36.109
578.00	36.389
578.20	36.295
578.40	36.303
578.61	35.694
578.81	36.456
579.01	35.875
579.22	36.035
579.42	35.841
579.62	35.862
579.82	35.730
580.03	35.522
580.23	35.764
580.43	35.763
580.64	35.286
580.84	35.475
581.04	35.384
581.25	35.508
581.45	35.330
581.65	35.357
581.86	35.197
582.06	35.397
582.26	35.623
582.46	35.708
582.67	35.001
582.87	35.168
583.07	35.117
583.28	35.058
583.48	34.938
583.68	35.057
583.88	34.939
584.09	34.955
584.29	34.814
584.49	34.900
584.70	34.474
584.90	34.641
585.10	34.609
585.30	34.480
585.51	34.410
585.71	34.529
585.91	34.502
586.11	34.457
586.32	34.191
586.52	34.538
586.72	34.382
586.92	34.384
587.13	34.071
587.33	34.214
587.53	34.432
587.74	34.293
587.94	34.212
588.14	34.087
588.34	34.439
588.55	34.264
588.75	34.228
588.95	34.129
589.15	34.339
589.36	34.177
589.56	34.013
589.76	34.050
589.96	33.906
590.16	33.796
590.37	33.901
590.57	33.896
590.77	33.995
590.97	33.631
591.18	33.796
591.38	33.754
591.58	35.062
591.78	33.675
591.99	33.681
592.19	33.992
592.39	33.726
592.59	33.674
592.79	33.518
593.00	33.458
593.20	33.675
593.40	33.199
593.60	33.783
593.81	33.341
594.01	33.584
594.21	33.531
594.41	33.486
594.61	33.514
594.82	33.462
595.02	33.165
595.22	33.497
595.42	33.465
595.62	33.159
595.83	33.265
596.03	33.172
596.23	33.158
596.43	32.841
596.63	33.399
596.84	32.850
597.04	33.316
597.24	33.286
597.44	33.223
597.64	33.057
597.84	33.297
598.05	33.254
598.25	33.182
598.45	33.385
598.65	33.391
598.85	33.043
599.06	33.299
599.26	33.124
599.46	33.268
599.66	32.838
599.86	33.038
600.06	33.083
600.27	33.055
600.47	33.060
600.67	33.095
600.87	33.108
601.07	33.070
601.27	32.763
601.48	33.274
601.68	32.875
601.88	33.016
602.08	33.130
602.28	32.870
602.48	32.967
602.68	33.016
602.89	33.182
603.09	32.956
603.29	32.651
603.49	32.934
603.69	32.544
603.89	32.848
604.09	32.669
604.30	32.674
604.50	32.870
604.70	32.743
604.90	32.529
605.10	32.725
605.30	32.766
605.50	32.874
605.71	32.850
605.91	32.700
606.11	32.681
606.31	32.746
606.51	32.976
606.71	32.783
606.91	32.696
607.11	32.862
607.32	32.800
607.52	32.536
607.72	32.537
607.92	32.671
608.12	32.697
608.32	32.834
608.52	32.786
608.72	32.599
608.92	32.443
609.12	32.813
609.33	32.413
609.53	32.615
609.73	32.666
609.93	32.593
610.13	32.623
610.33	32.713
610.53	32.711
610.73	32.414
610.93	32.128
611.13	32.360
611.34	32.417
611.54	32.328
611.74	32.429
611.94	32.350
612.14	32.468
612.34	32.205
612.54	32.101
612.74	32.200
612.94	32.264
613.14	32.431
613.34	32.028
613.54	32.081
613.74	32.417
613.95	32.162
614.15	32.126
614.35	32.072
614.55	32.192
614.75	32.350
614.95	32.336
615.15	32.326
615.35	32.252
615.55	32.051
615.75	32.135
615.95	32.066
616.15	32.367
616.35	31.788
616.55	32.403
616.75	32.068
616.95	31.901
617.15	31.944
617.35	31.996
617.56	31.748
617.76	31.708
617.96	31.834
618.16	31.845
618.36	31.799
618.56	31.813
618.76	31.803
618.96	31.871
619.16	31.723
619.36	31.650
619.56	31.784
619.76	31.941
619.96	31.556
620.16	31.837
620.36	31.569
620.56	31.509
620.76	31.464
620.96	31.770
621.16	31.547
621.36	31.373
621.56	31.679
621.76	31.762
621.96	31.466
622.16	31.412
622.36	31.627
622.56	31.380
622.76	31.447
622.96	31.472
623.16	31.066
623.36	31.403
623.56	31.863
623.76	31.660
623.96	31.275
624.16	31.466
624.36	31.664
624.56	31.414
624.76	31.289
624.96	31.383
625.16	31.481
625.36	31.446
625.56	31.452
625.76	31.142
625.96	30.990
626.16	31.333
626.36	31.241
626.56	31.355
626.76	31.224
626.96	31.133
627.16	31.255
627.36	31.273
627.56	31.040
627.76	31.050
627.96	31.009
628.16	31.214
628.36	31.245
628.56	31.475
628.75	31.229
628.95	31.255
629.15	31.009
629.35	31.250
629.55	30.741
629.75	30.997
629.95	31.299
630.15	30.689
630.35	31.286
630.55	31.213
630.75	30.849
630.95	31.130
631.15	31.204
631.35	31.168
631.55	30.848
631.75	31.312
631.95	31.295
632.15	31.325
632.34	31.232
632.54	31.134
632.74	30.922
632.94	31.198
633.14	30.937
633.34	31.132
633.54	31.197
633.74	30.803
633.94	31.287
634.14	30.953
634.34	31.109
634.54	31.215
634.74	30.964
634.93	30.847
635.13	30.923
635.33	31.219
635.53	30.777
635.73	30.914
635.93	31.097
636.13	30.842
636.33	30.757
636.53	31.105
636.73	30.481
636.93	30.834
637.12	30.762
637.32	30.850
637.52	31.012
637.72	30.662
637.92	30.735
638.12	30.761
638.32	30.734
638.52	30.501
638.72	30.727
638.91	30.738
639.11	30.606
639.31	30.719
639.51	30.712
639.71	30.711
639.91	30.403
640.11	30.619
640.31	30.620
640.50	30.600
640.70	30.451
640.90	30.472
641.10	30.465
641.30	30.305
641.50	30.327
641.70	30.357
641.89	30.629
642.09	30.125
642.29	30.500
642.49	30.414
642.69	30.432
642.89	29.986
643.09	30.355
643.28	30.564
643.48	30.186
643.68	30.180
643.88	30.002
644.08	29.804
644.28	30.069
644.48	30.021
644.67	29.831
644.87	29.911
645.07	29.995
645.27	30.039
645.47	29.778
645.67	29.796
645.86	30.040
646.06	29.966
646.26	29.976
646.46	29.611
646.66	29.589
646.85	29.715
647.05	29.825
647.25	29.717
647.45	29.632
647.65	29.509
647.85	29.488
648.04	29.712
648.24	29.574
648.44	29.360
648.64	29.499
648.84	29.414
649.03	29.356
649.23	29.338
649.43	29.334
649.63	29.352
649.83	29.323
650.02	29.404
650.22	29.412
650.42	29.252
650.62	29.465
650.82	29.059
651.01	29.487
651.21	29.351
651.41	29.237
651.61	29.158
651.81	29.235
652.00	28.965
652.20	29.067
652.40	29.098
652.60	29.265
652.79	28.856
652.99	29.123
653.19	29.110
653.39	29.294
653.59	28.955
653.78	29.034
653.98	29.150
654.18	29.257
654.38	29.188
654.57	29.051
654.77	28.847
654.97	28.970
655.17	29.008
655.36	28.914
655.56	29.105
655.76	28.881
655.96	29.055
656.15	29.022
656.35	28.978
656.55	28.876
656.75	29.155
656.94	28.984
657.14	28.894
657.34	29.022
657.54	28.959
657.73	29.186
657.93	29.128
658.13	29.239
658.33	28.955
658.52	28.829
658.72	29.080
658.92	29.034
659.11	29.056
659.31	28.935
659.51	28.894
659.71	28.924
659.90	29.186
660.10	28.732
660.30	29.033
660.50	28.635
660.69	28.888
660.89	29.052
661.09	28.737
661.28	28.820
661.48	29.123
661.68	29.024
661.87	29.071
662.07	28.895
662.27	28.732
662.47	28.827
662.66	29.083
662.86	29.074
663.06	28.782
663.25	28.937
663.45	28.539
663.65	28.548
663.84	28.744
664.04	28.580
664.24	28.617
664.44	28.660
664.63	28.750
664.83	28.798
665.03	28.779
665.22	28.843
665.42	28.542
665.62	28.754
665.81	28.459
666.01	28.602
666.21	28.885
666.40	28.765
666.60	28.807
666.80	28.615
666.99	28.574
667.19	28.473
667.39	28.601
667.58	28.759
667.78	28.837
667.98	28.587
668.17	28.759
668.37	28.737
668.57	28.639
668.76	28.620
668.96	28.718
669.16	28.455
669.35	28.707
669.55	28.558
669.74	28.801
669.94	28.568
670.14	28.213
670.33	28.683
670.53	28.749
670.73	28.607
670.92	28.808
671.12	28.729
671.32	28.795
671.51	28.933
671.71	29.023
671.90	28.669
672.10	28.635
672.30	28.858
672.49	29.024
672.69	28.721
672.89	28.560
673.08	28.807
673.28	28.920
673.47	28.712
673.67	28.800
673.87	29.027
674.06	28.910
674.26	28.559
674.45	28.604
674.65	28.821
674.85	28.702
675.04	28.709
675.24	28.520
675.43	28.643
675.63	28.856
675.83	28.763
676.02	28.843
676.22	28.960
676.41	28.803
676.61	28.883
676.81	28.819
677.00	28.930
677.20	28.840
677.39	28.776
677.59	28.871
677.79	28.840
677.98	28.788
678.18	28.772
678.37	28.690
678.57	28.835
678.76	28.766
678.96	28.697
679.16	28.612
679.35	28.525
679.55	28.840
679.74	28.960
679.94	28.804
680.13	28.984
680.33	29.132
680.53	28.890
680.72	28.952
680.92	29.034
681.11	29.145
681.31	29.112
681.50	28.902
681.70	28.892
681.89	29.125
682.09	29.174
682.28	29.095
682.48	28.912
682.68	29.123
682.87	29.019
683.07	28.852
683.26	28.977
683.46	29.032
683.65	29.397
683.85	29.101
684.04	29.003
684.24	29.099
684.43	29.069
684.63	29.082
684.82	29.192
685.02	29.374
685.21	29.187
685.41	28.864
685.60	29.263
685.80	29.277
686.00	29.331
686.19	29.236
686.39	29.328
686.58	29.298
686.78	29.502
686.97	29.299
687.17	29.400
687.36	29.355
687.56	29.607
687.75	29.450
687.95	29.624
688.14	29.289
688.34	29.453
688.53	29.201
688.73	29.391
688.92	29.543
689.12	29.448
689.31	29.326
689.51	29.682
689.70	29.479
689.89	29.366
690.09	29.481
690.28	29.626
690.48	29.748
690.67	29.781
690.87	29.753
691.06	29.864
691.26	29.692
691.45	30.039
691.65	29.571
691.84	30.117
692.04	29.959
692.23	29.991
692.43	30.398
692.62	30.219
692.82	30.459
693.01	30.295
693.20	30.514
693.40	30.595
693.59	30.559
693.79	30.752
693.98	30.783
694.18	30.979
694.37	31.022
694.57	31.080
694.76	30.991
694.95	31.680
695.15	31.589
695.34	31.578
695.54	31.665
695.73	32.129
695.93	32.159
696.12	32.457
696.32	32.353
696.51	32.781
696.70	32.639
696.90	32.793
697.09	33.076
697.29	33.550
697.48	33.759
697.67	33.506
697.87	33.957
698.06	34.250
698.26	34.265
698.45	34.330
698.65	34.276
698.84	34.844
699.03	35.297
699.23	35.280
699.42	35.687
699.62	35.998
699.81	36.104
700.00	36.381
700.20	36.313
700.39	36.738
700.59	37.037
700.78	37.361
700.97	37.643
701.17	37.557
701.36	37.939
701.56	38.229
701.75	38.620
701.94	38.953
702.14	38.872
702.33	39.288
702.52	39.579
702.72	39.774
702.91	40.292
703.11	40.096
703.30	40.586
703.49	40.819
703.69	40.934
703.88	41.659
704.07	41.599
704.27	42.040
704.46	41.911
704.66	42.023
704.85	42.557
705.04	42.399
705.24	43.375
705.43	43.658
705.62	43.618
705.82	44.051
706.01	44.360
706.20	44.659
706.40	44.674
706.59	44.838
706.78	45.618
706.98	45.960
707.17	45.835
707.36	46.127
707.56	46.713
707.75	46.571
707.94	47.005
708.14	47.101
708.33	47.453
708.52	47.502
708.72	47.883
708.91	48.457
709.10	48.524
709.30	48.880
709.49	48.924
709.68	49.139
709.88	49.732
710.07	49.394
710.26	49.749
710.46	50.135
710.65	50.274
710.84	50.843
711.04	51.038
711.23	50.928
711.42	51.375
711.61	51.544
711.81	52.026
712.00	52.138
712.19	51.907
712.39	52.389
712.58	52.944
712.77	53.202
712.97	53.452
713.16	53.690
713.35	53.997
713.54	54.404
713.74	54.165
713.93	54.507
714.12	54.883
714.32	55.096
714.51	55.558
714.70	55.203
714.89	55.543
715.09	56.270
715.28	55.927
715.47	57.045
715.66	56.959
715.86	56.854
716.05	56.855
716.24	57.357
716.44	57.531
716.63	57.838
716.82	58.016
717.01	58.178
717.21	58.461
717.40	58.384
717.59	58.777
717.78	59.321
717.98	59.317
718.17	59.864
718.36	59.526
718.55	59.848
718.75	60.327
718.94	60.610
719.13	60.770
719.32	60.968
719.52	61.190
719.71	61.297
719.90	61.534
720.09	62.142
720.28	62.325
720.48	62.287
720.67	62.520
720.86	62.968
721.05	62.854
721.25	63.469
721.44	63.162
721.63	63.486
721.82	64.102
722.01	64.101
722.21	64.441
722.40	64.665
722.59	64.878
722.78	65.141
722.98	65.354
723.17	65.289
723.36	65.475
723.55	65.915
723.74	65.914
723.94	66.081
724.13	66.664
724.32	66.414
724.51	66.803
724.70	67.429
724.89	67.246
725.09	68.051
725.28	67.874
725.47	67.855
725.66	67.849
725.85	67.799
726.05	68.620
726.24	68.835
726.43	68.711
726.62	68.864
726.81	69.362
727.00	69.263
727.20	69.964
727.39	70.242
727.58	70.377
727.77	69.731
727.96	70.698
728.15	70.713
728.35	70.856
728.54	71.098
728.73	71.235
728.92	71.312
729.11	72.085
729.30	71.521
729.50	71.689
729.69	71.918
729.88	72.117
730.07	72.068
730.26	72.514
730.45	72.539
730.64	72.832
730.84	73.030
731.03	73.395
731.22	72.986
731.41	73.401
731.60	73.834
731.79	73.834
731.98	74.333
732.18	74.198
732.37	74.550
732.56	74.439
732.75	74.391
732.94	74.924
733.13	74.801
733.32	75.021
733.51	75.460
733.71	74.980
733.90	75.306
734.09	76.118
734.28	75.610
734.47	75.952
734.66	75.709
734.85	75.644
735.04	76.283
735.23	76.012
735.42	76.418
735.62	76.462
735.81	76.620
736.00	76.452
736.19	77.152
736.38	77.247
736.57	77.894
736.76	77.589
736.95	77.681
737.14	78.003
737.33	78.169
737.52	78.697
737.72	78.336
737.91	77.921
738.10	78.567
738.29	78.698
738.48	78.306
738.67	78.820
738.86	79.036
739.05	78.993
739.24	78.967
739.43	78.932
739.62	79.577
739.81	78.568
740.00	79.553
740.19	79.508
740.39	79.620
740.58	79.909
740.77	79.600
740.96	79.973
741.15	80.412
741.34	79.571
741.53	80.619
741.72	80.697
741.91	80.483
742.10	80.728
742.29	80.480
742.48	81.145
742.67	80.761
742.86	80.713
743.05	80.722
743.24	80.857
743.43	81.170
743.62	81.078
743.81	81.015
744.00	81.327
744.19	81.805
744.38	81.569
744.57	81.613
744.76	81.210
744.95	81.895
745.14	81.659
745.33	81.379
745.52	82.065
745.71	82.241
745.90	82.512
746.09	82.453
746.28	82.510
746.47	82.272
746.66	82.347
746.85	82.406
747.04	82.369
747.23	82.067
747.42	82.275
747.61	82.715
747.80	82.711
747.99	82.448
748.18	82.498
748.37	82.477
748.56	82.739
748.75	83.079
748.94	82.837
749.13	83.347
749.32	82.696
749.51	83.348
749.70	82.990
749.89	82.759
750.08	83.370
750.27	83.626
750.46	83.533
750.65	83.740
750.84	83.097
751.03	83.029
751.22	83.890
751.41	84.132
751.60	83.335
751.79	83.573
751.98	83.576
752.17	83.831
752.36	83.627
752.55	84.489
752.74	83.908
752.93	84.245
753.12	84.109
753.30	83.829
753.49	83.889
753.68	84.037
753.87	83.869
754.06	84.213
754.25	84.301
754.44	84.110
754.63	83.850
754.82	84.482
755.01	84.430
755.20	84.005
755.39	83.916
755.58	84.043
755.77	83.895
755.96	84.003
756.14	83.657
756.33	84.308
756.52	83.906
756.71	84.226
756.90	84.053
757.09	84.004
757.28	83.776
757.47	84.986
757.66	84.174
757.85	84.578
758.04	83.890
758.22	84.030
758.41	84.105
758.60	84.219
758.79	84.886
758.98	84.811
759.17	84.400
759.36	84.266
759.55	84.882
759.74	84.450
759.92	84.683
760.11	84.371
760.30	84.085
760.49	84.490
760.68	84.726
760.87	84.732
761.06	84.407
761.25	84.559
761.43	84.516
761.62	84.228
761.81	84.278
762.00	84.290
762.19	84.978
762.38	84.844
762.57	85.135
762.76	84.921
762.94	84.731
763.13	84.746
763.32	84.147
763.51	84.548
763.70	84.436
763.89	84.655
764.07	84.780
764.26	84.303
764.45	85.018
764.64	85.131
764.83	84.859
765.02	84.753
765.21	84.166
765.39	84.704
765.58	84.904
765.77	85.032
765.96	84.450
766.15	84.506
766.34	84.660
766.52	84.619
766.71	84.297
766.90	84.881
767.09	84.496
767.28	85.006
767.46	84.984
767.65	84.882
767.84	84.863
768.03	85.427
768.22	84.530
768.40	85.360
768.59	85.204
768.78	85.062
768.97	85.028
769.16	85.643
769.34	85.157
769.53	84.804
769.72	85.091
769.91	84.408
770.10	84.792
770.28	84.476
770.47	84.984
770.66	85.262
770.85	84.172
771.04	84.606
771.22	84.087
771.41	85.299
771.60	84.746
771.79	85.289
771.98	85.718
772.16	84.694
772.35	85.247
772.54	85.101
772.73	85.080
772.91	85.440
773.10	85.149
773.29	84.228
773.48	84.494
773.66	84.714
773.85	84.270
774.04	84.670
774.23	84.752
774.41	85.056
774.60	84.916
774.79	84.965
774.98	84.202
775.16	84.755
775.35	84.192
775.54	84.506
775.73	84.481
775.91	84.937
776.10	84.275
776.29	84.626
776.48	84.439
776.66	85.053
776.85	85.161
777.04	84.722
777.23	84.152
777.41	84.186
777.60	84.665
777.79	84.336
777.97	85.187
778.16	84.795
778.35	84.831
778.54	84.814
778.72	85.299
778.91	84.361
779.10	84.427
779.28	84.553
779.47	84.166
779.66	84.631
779.85	84.990
780.03	85.215
780.22	84.712
780.41	84.451
780.59	84.460
780.78	84.701
780.97	85.082
781.15	85.484
781.34	84.665
781.53	84.418
781.71	85.031
781.90	84.334
782.09	84.448
782.27	84.759
782.46	85.082
782.65	84.904
782.84	84.927
783.02	85.079
783.21	84.328
783.40	84.624
783.58	84.921
783.77	84.881
783.96	84.808
784.14	84.292
784.33	84.437
784.52	84.669
784.70	84.841
784.89	84.509
785.07	85.029
785.26	85.134
785.45	84.466
785.63	85.387
785.82	84.550
786.01	84.706
786.19	84.619
786.38	84.425
786.57	85.262
786.75	84.593
786.94	84.940
787.13	84.699
787.31	85.322
787.50	84.301
787.68	84.734
787.87	84.592
788.06	84.837
788.24	84.619
788.43	85.093
788.62	84.575
788.80	85.164
788.99	85.310
789.17	84.585
789.36	84.555
789.55	84.958
789.73	85.496
789.92	85.260
790.10	84.518
790.29	85.183
790.48	84.918
790.66	84.560
790.85	84.404
791.03	84.670
791.22	84.929
791.41	85.054
791.59	84.216
791.78	84.444
791.96	84.730
792.15	85.044
792.34	84.818
792.52	84.932
792.71	84.505
792.89	84.869
793.08	84.231
793.27	84.498
793.45	84.782
793.64	84.621
793.82	84.449
794.01	84.353
794.19	85.116
794.38	84.772
794.57	84.951
794.75	84.185
794.94	84.349
795.12	84.653
795.31	84.750
795.49	84.141
795.68	85.122
795.86	84.565
796.05	84.799
796.24	84.601
796.42	84.495
796.61	84.576
796.79	84.988
796.98	84.896
797.16	84.429
797.35	84.499
797.53	85.220
797.72	84.510
797.90	85.126
798.09	85.231
798.27	84.793
798.46	84.265
798.65	84.252
798.83	85.066
799.02	84.877
799.20	84.297
799.39	84.996
799.57	84.677
799.76	84.656
799.94	84.366
800.13	84.565
800.31	85.100
800.50	84.551
800.68	84.482
800.87	84.457
801.05	84.344
801.24	85.072
801.42	84.969
801.61	84.785
801.79	84.977
801.98	84.615
802.16	85.074
802.35	84.455
802.53	84.694
802.72	84.482
802.90	84.870
803.09	84.628
803.27	84.658
803.46	84.517
803.64	85.246
803.83	85.245
804.01	84.524
804.20	84.658
804.38	84.617
804.56	83.997
804.75	85.058
804.93	84.406
805.12	84.993
805.30	84.970
805.49	84.775
805.67	84.717
805.86	84.726
806.04	84.557
806.23	84.304
806.41	84.568
806.59	85.132
806.78	84.858
806.96	84.675
807.15	84.390
807.33	84.649
807.52	84.846
807.70	84.146
807.89	84.845
808.07	84.124
808.25	84.763
808.44	84.686
808.62	84.747
808.81	85.218
808.99	84.668
809.18	84.263
809.36	84.818
809.54	84.401
809.73	84.502
809.91	84.967
810.10	84.671
810.28	84.467
810.47	84.372
810.65	84.236
810.83	84.609
811.02	84.922
811.20	84.759
811.39	83.948
811.57	84.092
811.75	84.198
811.94	84.917
812.12	84.328
812.31	84.979
812.49	84.894
812.67	84.968
812.86	84.048
813.04	84.844
813.23	84.412
813.41	84.585
813.59	84.467
813.78	85.100
813.96	83.969
814.14	84.579
814.33	84.124
814.51	84.563
814.70	84.100
814.88	84.237
815.06	84.163
815.25	84.305
815.43	84.608
815.61	84.598
815.80	84.068
815.98	84.896
816.16	84.746
816.35	83.934
816.53	84.815
816.72	84.589
816.90	84.659
817.08	84.858
817.27	84.192
817.45	84.304
817.63	84.653
817.82	84.625
818.00	84.784
818.18	84.044
818.37	84.111
818.55	84.227
818.73	84.922
818.92	84.254
819.10	85.230
819.28	83.910
819.47	84.962
819.65	84.472
819.83	83.898
820.02	84.496
820.20	85.005
820.38	84.559
820.57	84.250
820.75	84.648
820.93	84.427
821.11	84.218
821.30	84.912
821.48	84.393
821.66	83.800
821.85	85.096
822.03	85.135
822.21	84.372
822.40	84.108
822.58	84.792
822.76	84.064
822.94	84.519
823.13	84.575
823.31	84.416
823.49	84.895
823.68	84.533
823.86	85.549
824.04	85.081
824.22	84.759
824.41	84.240
824.59	83.744
824.77	84.316
824.96	84.469
825.14	84.168
825.32	84.305
825.50	84.362
825.69	84.259
825.87	84.053
826.05	83.987
826.23	83.706
826.42	84.692
826.60	84.622
826.78	84.274
826.96	84.228
827.15	84.536
827.33	84.089
827.51	83.978
827.69	84.566
827.88	84.321
828.06	84.787
828.24	85.049
828.42	83.765
828.61	84.326
828.79	84.240
828.97	84.947
829.15	83.825
829.34	83.832
829.52	83.938
829.70	84.843
829.88	84.257
830.06	84.136
830.25	84.352
830.43	84.695
830.61	84.022
830.79	84.735
830.97	84.195
831.16	84.405
831.34	84.361
831.52	84.930
831.70	83.906
831.89	84.371
832.07	84.069
832.25	83.839
832.43	84.182
832.61	83.876
832.80	84.031
832.98	84.190
833.16	83.957
833.34	83.953
833.52	84.266
833.70	84.870
833.89	84.159
834.07	84.035
834.25	84.572
834.43	83.755
834.61	84.694
834.80	84.670
834.98	84.363
835.16	84.453
835.34	84.106
835.52	84.542
835.70	84.312
835.89	84.427
836.07	83.587
836.25	84.634
836.43	84.088
836.61	83.810
836.79	84.457
836.97	84.897
837.16	84.272
837.34	85.147
837.52	84.308
837.70	84.920
837.88	83.745
838.06	84.300
838.24	84.282
838.43	84.828
838.61	84.599
838.79	84.311
838.97	84.365
839.15	84.489
839.33	83.804
839.51	84.342
839.70	84.292
839.88	84.094
840.06	84.169
840.24	84.025
840.42	83.466
840.60	84.485
840.78	84.402
840.96	83.444
841.14	83.616
841.33	84.202
841.51	84.180
841.69	83.816
841.87	83.806
842.05	84.419
842.23	83.867
842.41	83.718
842.59	84.793
842.77	85.022
842.95	84.550
843.14	84.407
843.32	84.223
843.50	84.526
843.68	84.220
843.86	84.403
844.04	84.507
844.22	84.340
844.40	84.647
844.58	83.726
844.76	84.045
844.94	83.569
845.12	83.917
845.30	84.258
845.49	83.944
845.67	83.479
845.85	83.603
846.03	83.853
846.21	84.401
846.39	83.953
846.57	83.551
846.75	84.070
846.93	84.211
847.11	83.851
847.29	83.941
847.47	84.162
847.65	84.761
847.83	83.750
848.01	83.713
848.19	84.003
848.37	83.554
848.55	83.860
848.73	84.248
848.91	84.302
849.09	84.281
849.27	84.316
849.46	84.346
849.64	83.900
849.82	84.263
850.00	83.730
850.18	84.522
850.36	83.875
850.54	83.934
850.72	84.679
850.90	83.964
851.08	83.973
851.26	83.837
851.44	84.290
851.62	84.524
851.80	83.867
851.98	84.039
852.16	84.673
852.34	83.622
852.52	83.928
852.70	83.616
852.88	84.010
853.06	84.676
853.24	84.266
853.42	84.043
853.60	84.307
853.78	83.466
853.96	84.432
854.14	84.084
854.31	84.563
854.49	84.314
854.67	84.479
854.85	83.919
855.03	84.157
855.21	83.764
855.39	83.642
855.57	84.178
855.75	84.562
855.93	84.091
856.11	83.638
856.29	83.843
856.47	83.940
856.65	83.786
856.83	83.479
857.01	84.539
857.19	83.718
857.37	84.529
857.55	84.149
857.73	83.751
857.91	84.070
858.09	84.001
858.26	84.028
858.44	83.918
858.62	84.053
858.80	83.853
858.98	84.711
859.16	84.107
859.34	84.119
859.52	84.456
859.70	84.248
859.88	84.309
860.06	84.211
860.24	82.965
860.42	83.699
860.59	83.702
860.77	83.490
860.95	83.067
861.13	84.019
861.31	84.155
861.49	83.841
861.67	84.758
861.85	84.032
862.03	84.465
862.21	83.936
862.38	84.290
862.56	83.639
862.74	84.111
862.92	83.913
863.10	83.701
863.28	83.788
863.46	84.007
863.64	83.360
863.82	83.695
863.99	83.731
864.17	83.886
864.35	83.818
864.53	84.523
864.71	83.522
864.89	83.532
865.07	83.371
865.24	84.299
865.42	84.507
865.60	84.320
865.78	83.244
865.96	84.722
866.14	83.655
866.32	84.041
866.49	83.897
866.67	83.438
866.85	84.290
867.03	83.608
867.21	83.789
867.39	83.795
867.56	83.359
867.74	82.942
867.92	84.671
868.10	83.806
868.28	83.847
868.46	84.059
868.63	83.824
868.81	83.557
868.99	83.740
869.17	83.574
869.35	83.350
869.53	83.987
869.70	84.032
869.88	84.205
870.06	83.768
870.24	84.065
870.42	84.046
870.59	83.900
870.77	83.961
870.95	84.011
871.13	83.961
871.31	84.893
871.48	83.924
871.66	83.038
871.84	83.387
872.02	84.107
872.20	83.386
872.37	83.515
872.55	83.675
872.73	83.560
872.91	83.639
873.08	84.166
873.26	83.721
873.44	83.847
873.62	83.759
873.80	83.795
873.97	84.577
874.15	84.226
874.33	83.804
874.51	84.274
874.68	83.920
874.86	83.933
875.04	84.143
875.22	83.123
875.39	84.073
875.57	83.493
875.75	84.358
875.93	84.116
876.10	82.822
876.28	83.410
876.46	83.376
876.64	83.991
876.81	84.196
876.99	83.180
877.17	83.891
877.35	83.377
877.52	84.357
877.70	83.754
877.88	83.737
878.06	83.396
878.23	83.498
878.41	83.881
878.59	83.347
878.76	83.385
878.94	83.993
879.12	83.963
879.30	83.472
879.47	84.685
879.65	84.444
879.83	83.827
880.00	83.490
880.18	83.947
880.36	84.952
880.53	84.314
880.71	84.011
880.89	83.245
881.07	84.830
881.24	84.028
881.42	84.335
881.60	83.563
881.77	83.367
881.95	84.532
882.13	84.096
882.30	84.477
882.48	83.364
882.66	83.430
882.83	83.541
883.01	83.579
883.19	83.678
883.36	83.043
883.54	83.693
883.72	84.039
883.89	83.572
884.07	83.961
884.25	83.429
884.42	82.506
884.60	82.943
884.78	83.229
884.95	84.080
885.13	83.985
885.31	83.392
885.48	82.689
885.66	83.031
885.84	83.416
886.01	83.150
886.19	83.533
886.36	82.906
886.54	82.217
886.72	82.778
886.89	83.558
887.07	83.631
887.25	84.325
887.42	83.198
887.60	83.431
887.78	82.882
887.95	83.037
888.13	83.581
888.30	83.189
888.48	84.014
888.66	82.985
888.83	84.319
889.01	83.131
889.18	83.120
889.36	83.734
889.54	83.810
889.71	83.574
889.89	83.812
890.06	82.886
890.24	84.283
890.42	84.189
890.59	83.951
890.77	83.863
890.94	84.007
891.12	82.991
891.30	83.766
891.47	83.895
891.65	83.797
891.82	82.696
892.00	83.410
892.17	83.473
892.35	84.315
892.53	83.395
892.70	82.761
892.88	84.001
893.05	83.518
893.23	82.765
893.40	83.564
893.58	83.439
893.75	83.501
893.93	83.432
894.11	83.992
894.28	83.399
894.46	82.676
894.63	83.911
894.81	83.209
894.98	83.440
895.16	83.370
895.33	84.234
895.51	83.808
895.68	83.025
895.86	83.845
896.04	82.158
896.21	82.998
896.39	82.780
896.56	82.839
896.74	83.345
896.91	84.054
897.09	83.813
897.26	84.668
897.44	83.038
897.61	83.422
897.79	83.834
897.96	83.699
898.14	83.062
898.31	83.904
898.49	83.584
898.66	83.933
898.84	83.036
899.01	83.716
899.19	83.840
899.36	84.030
899.54	83.389
899.71	83.860
899.89	84.152
900.06	83.398
900.24	83.769
900.41	83.750
900.59	83.685
900.76	82.946
900.94	82.484
901.11	83.223
901.29	83.696
901.46	83.392
901.63	83.175
901.81	83.408
901.98	82.209
902.16	84.342
902.33	82.226
902.51	83.824
902.68	83.084
902.86	82.957
903.03	83.292
903.21	83.203
903.38	83.555
903.56	83.582
903.73	82.564
903.90	84.169
904.08	83.701
904.25	82.979
904.43	83.105
904.60	83.434
904.78	83.053
904.95	84.046
905.12	83.588
905.30	83.361
905.47	83.148
905.65	83.060
905.82	83.702
906.00	83.474
906.17	82.973
906.34	83.246
906.52	82.878
906.69	82.927
906.87	83.195
907.04	83.332
907.21	84.911
907.39	82.392
907.56	83.684
907.74	83.522
907.91	83.130
908.08	83.177
908.26	83.376
908.43	82.554
908.61	83.038
908.78	83.549
908.95	83.103
909.13	83.629
909.30	82.936
909.48	83.521
909.65	83.776
909.82	83.928
910.00	83.501
910.17	82.767
910.34	82.868
910.52	83.216
910.69	83.555
910.87	83.342
911.04	83.051
911.21	83.242
911.39	83.095
911.56	82.345
911.73	83.401
911.91	82.843
912.08	83.422
912.25	83.341
912.43	83.669
912.60	83.333
912.77	83.099
912.95	83.802
913.12	82.700
913.29	84.076
913.47	83.575
913.64	83.250
913.81	83.027
913.99	83.766
914.16	83.298
914.33	83.721
914.51	83.598
914.68	84.082
914.85	82.879
915.03	83.110
915.20	82.946
915.37	84.154
915.55	82.875
915.72	83.540
915.89	82.668
916.07	81.923
916.24	82.504
916.41	82.692
916.59	83.028
916.76	83.293
916.93	83.598
917.10	83.258
917.28	82.545
917.45	83.283
917.62	83.283
917.80	83.566
917.97	83.617
918.14	82.156
918.31	83.745
918.49	83.434
918.66	84.053
918.83	83.398
919.01	81.771
919.18	83.504
919.35	83.094
919.52	83.710
919.70	83.542
919.87	83.533
920.04	84.112
920.21	82.606
920.39	83.395
920.56	83.454
920.73	82.851
920.90	82.912
921.08	83.323
921.25	83.508
921.42	83.637
921.59	83.204
921.77	82.936
921.94	84.381
922.11	81.991
922.28	82.110
922.46	82.279
922.63	83.636
922.80	83.723
922.97	83.112
923.15	83.071
923.32	83.492
923.49	82.518
923.66	83.706
923.83	83.617
924.01	83.455
924.18	82.929
924.35	82.598
924.52	82.333
924.69	82.992
924.87	83.810
925.04	81.948
925.21	82.510
925.38	84.342
925.55	84.917
925.73	83.828
925.90	83.443
926.07	83.247
926.24	84.152
926.41	83.319
926.59	83.459
926.76	83.494
926.93	83.139
927.10	83.388
927.27	83.140
927.45	83.552
927.62	82.753
927.79	83.064
927.96	83.926
928.13	83.955
928.30	83.358
928.48	83.058
928.65	83.157
928.82	83.140
928.99	83.269
929.16	83.330
929.33	84.260
929.50	83.549
929.68	83.047
929.85	83.310
930.02	83.759
930.19	84.243
930.36	84.895
930.53	83.979
930.70	83.290
930.88	82.361
931.05	82.907
931.22	83.812
931.39	84.240
931.56	83.372
931.73	84.021
931.90	82.531
932.08	82.325
932.25	83.321
932.42	83.688
932.59	83.051
932.76	83.841
932.93	83.406
933.10	84.142
933.27	81.586
933.44	82.809
933.62	81.999
933.79	83.192
933.96	82.429
934.13	84.774
934.30	83.981
934.47	83.795
934.64	81.233
934.81	82.523
934.98	83.084
935.15	82.021
935.32	82.854
935.50	82.012
935.67	81.885
935.84	82.414
936.01	80.618
936.18	82.979
936.35	81.528
936.52	85.255
936.69	81.018
936.86	83.089
937.03	83.371
937.20	82.333
937.37	80.797
937.54	83.300
937.71	82.743
937.89	84.336
938.06	83.064
938.23	84.324
938.40	83.168
938.57	82.730
938.74	84.180
938.91	80.827
939.08	83.792
939.25	81.307
939.42	81.609
939.59	83.152
939.76	82.505
939.93	82.404
940.10	83.721
940.27	81.762
940.44	84.080
940.61	80.634
940.78	81.154
940.95	82.797
941.12	84.487
941.29	82.549
941.46	81.441
941.63	82.108
941.80	85.507
941.97	81.368
942.14	81.211
942.31	84.556
942.48	83.466
942.65	80.513
942.82	82.064
942.99	88.335
943.16	79.384
943.33	80.260
943.50	82.239
943.67	80.072
943.84	81.941
944.01	83.790
944.18	82.536
944.35	85.217
944.52	83.154
944.69	81.729
944.86	82.014
945.03	80.116
945.20	86.171
945.37	83.312
945.54	83.831
945.71	83.469
945.88	82.752
946.05	80.160
946.22	82.783
946.39	84.541
946.56	79.185
946.73	81.984
946.90	78.744
947.07	80.937
947.23	81.193
947.40	81.324
947.57	82.037
947.74	80.092
947.91	82.495
948.08	82.222
948.25	83.254
948.42	82.956
948.59	81.143
948.76	82.198
948.93	82.480
949.10	79.990
949.27	83.370
949.44	80.490
949.60	84.464
949.77	81.320
949.94	81.646
950.11	80.617
950.28	80.494
950.45	81.731
950.62	84.528
950.79	82.874
950.96	80.195
951.13	81.128
951.30	83.607
951.46	80.947
951.63	81.496
951.80	78.531
951.97	81.561
952.14	82.586
952.31	80.997
952.48	81.696
952.65	82.033
952.81	79.949
952.98	79.382
953.15	82.817
953.32	80.024
953.49	80.496
953.66	83.162
953.83	82.330
954.00	80.229
954.16	83.575
954.33	82.742
954.50	79.133
954.67	81.860
954.84	81.407
955.01	80.593
955.18	81.129
955.34	81.560
955.51	80.889
955.68	80.548
955.85	81.965
956.02	82.486
956.19	83.519
956.35	79.610
956.52	81.664
956.69	80.381
956.86	83.161
957.03	80.100
957.20	81.100
957.36	80.922
957.53	83.144
957.70	82.078
957.87	82.184
958.04	82.060
958.21	81.766
958.37	78.890
958.54	81.361
958.71	84.284
958.88	80.946
959.05	81.914
959.21	83.026
959.38	81.470
959.55	80.262
959.72	81.879
959.89	79.730
960.05	81.938
960.22	81.469
960.39	82.779
960.56	81.114
960.72	80.732
960.89	80.578
961.06	81.016
961.23	80.280
961.40	81.736
961.56	81.306
961.73	81.171
961.90	79.773
962.07	80.718
962.23	81.329
962.40	81.588
962.57	81.664
962.74	78.191
962.90	81.410
963.07	80.757
963.24	83.181
963.41	82.039
963.57	80.744
963.74	81.870
963.91	79.612
964.08	79.305
964.24	80.893
964.41	81.555
964.58	78.780
964.75	83.615
964.91	81.601
965.08	80.443
965.25	81.025
965.42	80.205
965.58	78.712
965.75	79.990
965.92	80.210
966.08	81.686
966.25	80.515
966.42	82.379
966.59	81.150
966.75	80.521
966.92	79.793
967.09	79.951
967.25	82.813
967.42	79.716
967.59	79.538
967.75	81.745
967.92	81.774
968.09	80.337
968.26	81.154
968.42	80.957
968.59	80.895
968.76	78.984
968.92	82.687
969.09	79.159
969.26	81.386
969.42	81.187
969.59	82.018
969.76	81.542
969.92	81.250
970.09	81.493
970.26	82.146
970.42	79.988
970.59	82.306
970.76	81.075
970.92	82.548
971.09	80.925
971.26	81.668
971.42	78.661
971.59	81.715
971.76	81.824
971.92	81.440
972.09	79.476
972.25	81.071
972.42	81.373
972.59	81.664
972.75	81.190
972.92	80.763
973.09	81.804
973.25	77.700
973.42	81.492
973.58	82.755
973.75	80.632
973.92	80.523
974.08	80.588
974.25	82.246
974.42	81.631
974.58	82.411
974.75	81.731
974.91	81.008
975.08	81.325
975.25	80.563
975.41	81.276
975.58	81.171
975.74	83.877
975.91	81.885
976.08	82.105
976.24	83.468
976.41	80.374
976.57	79.968
976.74	80.737
976.91	81.909
977.07	81.427
977.24	79.383
977.40	80.893
977.57	80.401
977.73	78.253
977.90	81.542
978.07	79.869
978.23	82.332
978.40	79.947
978.56	80.882
978.73	79.672
978.89	82.249
979.06	82.122
979.22	80.598
979.39	79.539
979.56	74.970
979.72	81.277
979.89	79.942
980.05	79.868
980.22	79.388
980.38	81.664
980.55	80.061
980.71	81.730
980.88	82.412
981.04	82.429
981.21	82.798
981.37	82.397
981.54	83.424
981.70	81.021
981.87	80.228
982.04	82.241
982.20	79.426
982.37	82.003
982.53	83.769
982.70	79.612
982.86	81.251
983.03	80.539
983.19	79.599
983.36	80.479
983.52	79.585
983.69	82.313
983.85	81.509
984.02	81.397
984.18	79.979
984.35	80.523
984.51	82.516
984.68	79.649
984.84	80.243
985.00	82.212
985.17	81.119
985.33	83.276
985.50	80.518
985.66	80.943
985.83	83.843
985.99	79.961
986.16	80.552
986.32	81.107
986.49	79.984
986.65	79.261
986.82	80.619
986.98	79.047
987.15	83.127
987.31	79.897
987.47	78.766
987.64	80.849
987.80	80.525
987.97	81.418
988.13	79.089
988.30	83.674
988.46	81.814
988.63	82.559
988.79	82.474
988.95	79.171
989.12	82.920
989.28	82.617
989.45	79.843
989.61	78.596
989.77	81.321
989.94	81.383
990.10	78.095
990.27	82.316
990.43	79.219
990.60	79.986
990.76	81.267
990.92	82.371
991.09	81.261
991.25	82.818
991.42	81.153
991.58	82.819
991.74	81.382
991.91	80.931
992.07	82.480
992.24	82.694
992.40	80.946
992.56	79.928
992.73	81.558
992.89	81.089
993.05	81.336
993.22	79.950
993.38	82.826
993.55	80.862
993.71	80.058
993.87	82.926
994.04	80.407
994.20	81.260
994.36	82.107
994.53	83.783
994.69	78.864
994.85	80.275
995.02	80.535
995.18	79.804
995.34	82.492
995.51	81.281
995.67	81.625
995.84	79.685
996.00	78.701
996.16	82.491
996.33	81.131
996.49	80.792
996.65	81.694
996.82	83.960
996.98	80.671
997.14	79.098
997.31	78.787
997.47	83.367
997.63	78.270
997.79	83.184
997.96	82.477
998.12	78.494
998.28	80.919
998.45	82.795
998.61	79.570
998.77	81.240
998.94	80.646
999.10	80.527
999.26	79.982
999.43	80.836
999.59	80.255
999.75	82.184
999.91	82.708
1000.08	82.249
1000.24	81.406
1000.40	81.729
1000.57	81.624
1000.73	79.265
1000.89	80.699
1001.05	81.962
1001.22	83.618
1001.38	82.119
1001.54	84.256
1001.70	81.633
1001.87	82.076
1002.03	78.846
1002.19	80.739
1002.35	80.592
1002.52	85.078
1002.68	81.965
1002.84	79.355
1003.00	79.248
1003.17	80.359
1003.33	79.205
1003.49	79.719
1003.65	78.402
1003.82	79.763
1003.98	83.016
1004.14	81.809
1004.30	83.096
1004.47	78.306
1004.63	78.363
1004.79	82.080
1004.95	81.437
1005.11	80.391
1005.28	81.474
1005.44	79.436
1005.60	85.037
1005.76	82.988
1005.93	80.166
1006.09	78.714
1006.25	79.962
1006.41	84.943
1006.57	83.306
1006.74	81.747
1006.90	83.802
1007.06	82.250
1007.22	81.348
1007.38	83.854
1007.55	84.255
1007.71	81.111
1007.87	81.105
1008.03	80.095
1008.19	83.499
1008.35	79.688
1008.52	82.509
1008.68	79.322
1008.84	84.459
1009.00	89.246
1009.16	81.084
1009.32	81.329
1009.49	82.670
1009.65	80.852
1009.81	80.442
1009.97	81.911
1010.13	79.238
1010.29	82.792
1010.46	80.415
1010.62	79.877
1010.78	81.728
1010.94	78.912
1011.10	81.905
1011.26	84.130
1011.42	80.865
1011.59	82.619
1011.75	76.810
1011.91	79.483
1012.07	81.309
1012.23	84.426
1012.39	83.064
1012.55	80.251
1012.71	83.261
1012.88	82.856
1013.04	82.922
1013.20	83.554
1013.36	81.074
1013.52	80.601
1013.68	82.351
1013.84	82.902
1014.00	79.898
1014.16	79.648
1014.33	82.405
1014.49	80.050
1014.65	77.037
1014.81	84.395
1014.97	81.623
1015.13	82.545
1015.29	85.481
1015.45	83.905
1015.61	84.321
1015.77	80.918
1015.93	82.901
1016.09	82.911
1016.26	80.948
1016.42	80.124
1016.58	81.490
1016.74	75.962
1016.90	86.811
1017.06	79.131
1017.22	79.905
1017.38	82.607
1017.54	80.345
1017.70	80.581
1017.86	87.331
1018.02	85.487
1018.18	77.631
1018.34	82.737
1018.50	84.612
1018.66	84.015
1018.82	90.005
1018.98	79.417
1019.14	80.651
1019.31	81.305
1019.47	83.989
1019.63	84.732
1019.79	77.635
1019.95	76.182
1020.11	83.707
1020.27	80.060
1020.43	82.244
1020.59	77.165
1020.75	79.429
1020.91	83.466
1021.07	80.747
1021.23	84.226
1021.39	82.028
1021.55	85.629
1021.71	79.032
1021.87	77.772
1022.03	77.212
1022.19	86.900
1022.35	77.253
1022.51	74.230
1022.67	78.568
1022.83	83.607
1022.99	86.380
1023.15	82.665
1023.31	81.868
1023.47	81.278
1023.63	84.267
1023.79	77.735
1023.95	88.131
1024.10	80.473
1024.26	79.376
1024.42	78.047
1024.58	82.740
1024.74	78.721
1024.90	81.260
1025.06	84.670
1025.22	76.936
1025.38	84.693
1025.54	82.388
1025.70	78.287
1025.86	79.291
1026.02	79.480
1026.18	85.009
1026.34	81.279
1026.50	91.131
1026.66	83.920
1026.82	78.500
1026.98	81.012
1027.13	83.784
1027.29	81.802
1027.45	83.165
1027.61	89.444
1027.77	84.715
1027.93	83.580
1028.09	86.835
1028.25	78.256
1028.41	74.612
1028.57	84.548
1028.73	90.412
1028.88	86.676
1029.04	77.756
1029.20	85.639
1029.36	77.224
1029.52	84.736
1029.68	87.664
1029.84	82.270
1030.00	89.158
1030.16	88.602
1030.32	87.360
1030.47	78.398
1030.63	85.600
1030.79	81.831
1030.95	83.333
1031.11	84.571
1031.27	86.080
1031.43	83.987
1031.59	79.393
1031.74	77.332
1031.90	81.172
1032.06	82.229
1032.22	81.383
1032.38	73.165
1032.54	82.767
1032.69	83.399
1032.85	84.276
1033.01	89.577
1033.17	80.715
1033.33	73.419
1033.49	78.498
1033.65	79.620
1033.80	78.257
1033.96	75.488
1034.12	80.104
1034.28	79.805
1034.44	87.679
1034.60	78.265
1034.75	89.464
1034.91	87.433
1035.07	74.275
1035.23	83.533
1035.39	96.362
1035.54	80.732
1035.70	77.150
1035.86	88.041
1036.02	81.961
1036.18	82.415
1036.33	81.938
1036.49	75.892
1036.65	83.808
1036.81	83.318
1036.97	82.320
1037.12	78.014
1037.28	87.953
1037.44	86.200
1037.60	81.359
1037.76	88.646
1037.91	71.982
1038.07	75.516
1038.23	80.589
1038.39	85.859
1038.54	92.134
1038.70	76.293
1038.86	81.745
1039.02	85.233
1039.17	74.508
1039.33	89.607
1039.49	82.609
1039.65	83.931
1039.80	88.000
1039.96	90.714
1040.12	88.395
1040.28	94.558
>>>>> Data<<<<< Espectral Procesado Extremo
