Fichero De Datos De SpectraSuite
++++++++++++++++++++++++++++++++++++
Fecha: Mon Jul 06 11:16:21 CST 2026
Usuario: HP
Presente Oscuro Del Espectro: Sí
La Referencia de Presente Del Espectro De: Sí
Muestreados de los componentes de Número de espectros: 1
Espectrómetros: USB4H06056
Tiempo de integración (usec): 300000 (USB4H06056)
Promedio de Espectros Hechos un: 5 (USB4H06056)
El Alisar Del Furgón: 0 (USB4H06056)
Párrafo de de Corregir del la del del de Eléctrica del obscuridad: No (USB4H06056)
Estrobo/Lámpara Permitido: No (USB4H06056)
Correct for Detector Non-linearity: No (USB4H06056)
Párrafo de de Corregir del la del del de Externa del luz: No (USB4H06056)
Procesado del espectro de Número de pixeles en: 3648
>>>>> Comienza Data<<<<< Espectral Procesado Del EL
345.09	24.000
345.30	24.000
345.52	24.000
345.74	37.500
345.95	-82.813
346.17	282.609
346.39	-98.507
346.60	927.778
346.82	156.780
347.04	760.000
347.25	-136.538
347.47	13.793
347.69	1076.471
347.90	-78.808
348.12	265.517
348.34	-611.111
348.56	89.130
348.77	1207.143
348.99	171.429
349.21	103.125
349.42	-506.250
349.64	55.497
349.86	109.434
350.07	69.620
350.29	112.025
350.51	216.981
350.72	61.157
350.94	155.372
351.16	347.727
351.37	421.875
351.59	140.909
351.81	213.187
352.02	86.466
352.24	41.748
352.46	196.512
352.67	126.596
352.89	243.038
353.10	-121.429
353.32	535.897
353.54	123.881
353.75	209.091
353.97	568.182
354.19	169.903
354.40	-133.028
354.62	291.304
354.84	92.308
355.05	38.400
355.27	107.471
355.49	-720.000
355.70	136.364
355.92	28.070
356.14	310.909
356.35	123.871
356.57	183.942
356.78	99.320
357.00	128.926
357.22	122.378
357.43	91.954
357.65	160.000
357.87	110.092
358.08	25.000
358.30	125.564
358.51	83.648
358.73	166.234
358.95	386.207
359.16	-11.864
359.38	272.308
359.60	138.333
359.81	-154.000
360.03	129.286
360.24	81.407
360.46	870.370
360.68	130.539
360.89	81.019
361.11	48.980
361.33	131.250
361.54	204.225
361.76	123.596
361.97	-1500.000
362.19	109.615
362.41	207.018
362.62	105.376
362.84	87.879
363.05	243.373
363.27	-558.065
363.49	90.728
363.70	67.633
363.92	113.187
364.13	940.000
364.35	172.881
364.57	205.319
364.78	51.961
365.00	134.028
365.21	148.052
365.43	148.872
365.65	251.190
365.86	256.322
366.08	259.574
366.29	-2.597
366.51	68.000
366.73	192.481
366.94	114.286
367.16	125.758
367.37	431.707
367.59	119.205
367.80	372.727
368.02	99.333
368.24	307.407
368.45	201.754
368.67	96.479
368.88	449.333
369.10	64.286
369.31	122.464
369.53	74.118
369.75	123.333
369.96	287.879
370.18	226.087
370.39	83.432
370.61	79.825
370.82	82.759
371.04	124.359
371.26	179.762
371.47	44.737
371.69	130.380
371.90	310.976
372.12	622.857
372.33	192.500
372.55	166.272
372.76	509.091
372.98	390.909
373.20	69.194
373.41	194.017
373.63	179.130
373.84	117.241
374.06	160.526
374.27	91.525
374.49	-217.647
374.70	306.494
374.92	66.438
375.13	98.995
375.35	230.952
375.57	96.983
375.78	193.056
376.00	112.222
376.21	192.553
376.43	63.636
376.64	124.107
376.86	138.261
377.07	135.417
377.29	59.559
377.50	117.172
377.72	134.266
377.93	86.916
378.15	24.074
378.36	110.526
378.58	2471.429
378.80	114.831
379.01	92.763
379.23	85.366
379.44	107.438
379.66	107.843
379.87	85.714
380.09	46.970
380.30	146.552
380.52	133.523
380.73	64.583
380.95	125.434
381.16	95.495
381.38	202.198
381.59	47.799
381.81	79.130
382.02	104.478
382.24	53.097
382.45	161.333
382.67	271.698
382.88	102.703
383.10	43.636
383.31	88.938
383.53	67.730
383.74	112.575
383.96	110.860
384.17	142.308
384.39	117.722
384.60	223.762
384.82	100.613
385.03	60.145
385.25	139.865
385.46	63.136
385.68	483.051
385.89	116.738
386.11	154.167
386.32	189.655
386.54	73.611
386.75	-47.500
386.97	67.308
387.18	187.591
387.40	84.733
387.61	57.143
387.83	113.000
388.04	102.094
388.25	61.233
388.47	55.000
388.68	90.206
388.90	125.862
389.11	104.348
389.33	220.270
389.54	83.708
389.76	127.650
389.97	77.387
390.19	60.976
390.40	7.692
390.62	96.181
390.83	97.753
391.05	57.143
391.26	83.240
391.47	127.928
391.69	96.296
391.90	89.179
392.12	137.288
392.33	61.159
392.55	98.795
392.76	98.598
392.98	126.705
393.19	93.117
393.41	37.097
393.62	132.258
393.83	126.641
394.05	149.020
394.26	123.270
394.48	-32.857
394.69	97.987
394.91	82.451
395.12	91.270
395.34	93.574
395.55	60.542
395.76	123.077
395.98	81.593
396.19	112.121
396.41	117.391
396.62	66.667
396.84	95.000
397.05	114.762
397.26	109.408
397.48	88.153
397.69	88.215
397.91	77.500
398.12	90.079
398.33	72.862
398.55	69.421
398.76	50.183
398.98	68.201
399.19	84.653
399.41	89.105
399.62	97.173
399.83	107.083
400.05	106.226
400.26	71.429
400.48	80.417
400.69	84.074
400.90	88.235
401.12	68.546
401.33	59.259
401.55	56.357
401.76	85.022
401.97	71.324
402.19	60.797
402.40	70.172
402.62	69.024
402.83	152.299
403.04	24.646
403.26	79.310
403.47	82.175
403.69	77.500
403.90	58.311
404.11	43.077
404.33	69.180
404.54	120.930
404.76	71.815
404.97	73.854
405.18	73.433
405.40	62.500
405.61	63.772
405.83	64.706
406.04	49.052
406.25	43.523
406.47	50.314
406.68	60.047
406.89	68.050
407.11	68.223
407.32	53.704
407.54	65.820
407.75	59.062
407.96	59.884
408.18	65.583
408.39	62.774
408.60	51.134
408.82	68.822
409.03	47.390
409.24	60.235
409.46	53.663
409.67	82.090
409.89	72.208
410.10	62.014
410.31	55.598
410.53	55.133
410.74	52.830
410.95	53.629
411.17	61.131
411.38	53.831
411.59	55.076
411.81	41.961
412.02	75.540
412.23	65.247
412.45	52.397
412.66	41.812
412.87	55.372
413.09	50.248
413.30	50.204
413.51	35.366
413.73	45.687
413.94	57.211
414.15	59.480
414.37	32.167
414.58	46.053
414.79	47.847
415.01	46.509
415.22	36.771
415.43	42.951
415.65	37.608
415.86	16.243
416.07	26.702
416.29	43.305
416.50	47.350
416.71	27.595
416.93	38.423
417.14	37.845
417.35	28.788
417.57	31.295
417.78	36.651
417.99	41.939
418.21	40.243
418.42	32.520
418.63	27.805
418.85	17.234
419.06	18.756
419.27	25.598
419.48	20.914
419.70	34.019
419.91	30.334
420.12	36.439
420.34	29.082
420.55	44.366
420.76	31.490
420.98	24.402
421.19	21.423
421.40	25.197
421.61	28.467
421.83	29.923
422.04	27.340
422.25	25.437
422.47	27.354
422.68	25.324
422.89	25.752
423.11	22.476
423.32	28.571
423.53	25.445
423.74	24.935
423.96	22.122
424.17	24.851
424.38	21.481
424.59	23.818
424.81	24.142
425.02	19.134
425.23	19.444
425.45	23.162
425.66	22.031
425.87	16.239
426.08	21.595
426.30	21.798
426.51	25.013
426.72	18.397
426.93	21.733
427.15	21.819
427.36	16.365
427.57	22.150
427.79	17.656
428.00	14.466
428.21	32.813
428.42	15.889
428.64	15.980
428.85	19.746
429.06	20.688
429.27	20.125
429.49	13.407
429.70	18.486
429.91	18.193
430.12	26.069
430.34	18.029
430.55	18.624
430.76	21.005
430.97	17.405
431.19	20.798
431.40	16.489
431.61	15.517
431.82	19.066
432.03	16.418
432.25	15.779
432.46	17.283
432.67	14.837
432.88	15.059
433.10	13.865
433.31	18.794
433.52	17.048
433.73	14.019
433.95	14.994
434.16	14.427
434.37	15.440
434.58	15.140
434.79	10.491
435.01	17.865
435.22	18.357
435.43	14.127
435.64	15.068
435.86	14.814
436.07	14.619
436.28	16.985
436.49	12.837
436.70	14.215
436.92	17.680
437.13	17.568
437.34	10.315
437.55	13.037
437.76	14.818
437.98	11.055
438.19	13.848
438.40	15.809
438.61	15.470
438.82	13.964
439.04	12.633
439.25	16.019
439.46	13.820
439.67	11.400
439.88	13.219
440.10	15.686
440.31	15.382
440.52	17.595
440.73	13.174
440.94	16.288
441.16	12.017
441.37	14.751
441.58	14.025
441.79	14.952
442.00	16.136
442.21	12.325
442.43	15.901
442.64	12.160
442.85	15.370
443.06	17.118
443.27	13.986
443.48	14.592
443.70	17.204
443.91	14.082
444.12	12.199
444.33	12.435
444.54	14.583
444.75	15.892
444.97	14.481
445.18	13.119
445.39	11.665
445.60	12.473
445.81	15.241
446.02	10.701
446.24	14.572
446.45	14.677
446.66	13.507
446.87	15.786
447.08	14.578
447.29	15.873
447.51	14.292
447.72	14.634
447.93	12.057
448.14	13.599
448.35	14.587
448.56	13.554
448.77	12.995
448.99	12.483
449.20	14.337
449.41	12.968
449.62	13.658
449.83	16.437
450.04	15.939
450.25	15.590
450.46	10.146
450.68	14.768
450.89	13.783
451.10	14.601
451.31	15.761
451.52	12.754
451.73	14.321
451.94	12.340
452.15	14.493
452.37	14.365
452.58	14.009
452.79	13.475
453.00	13.242
453.21	11.725
453.42	13.408
453.63	15.536
453.84	16.977
454.06	14.791
454.27	17.029
454.48	13.087
454.69	14.328
454.90	13.194
455.11	13.604
455.32	14.312
455.53	14.226
455.74	13.765
455.95	14.086
456.17	12.742
456.38	15.659
456.59	12.743
456.80	12.514
457.01	13.806
457.22	12.479
457.43	12.490
457.64	13.378
457.85	14.136
458.06	13.983
458.27	12.758
458.49	15.300
458.70	14.908
458.91	15.508
459.12	14.446
459.33	15.265
459.54	13.592
459.75	13.697
459.96	12.132
460.17	11.943
460.38	14.117
460.59	14.732
460.80	13.824
461.01	14.465
461.23	13.632
461.44	12.332
461.65	13.983
461.86	16.605
462.07	14.398
462.28	15.581
462.49	13.578
462.70	12.737
462.91	10.801
463.12	13.434
463.33	14.327
463.54	12.908
463.75	11.331
463.96	14.410
464.17	10.889
464.38	13.383
464.59	15.269
464.81	13.763
465.02	13.216
465.23	11.010
465.44	14.881
465.65	15.158
465.86	15.217
466.07	14.034
466.28	14.698
466.49	14.261
466.70	13.445
466.91	12.295
467.12	14.308
467.33	15.348
467.54	12.866
467.75	14.565
467.96	15.086
468.17	14.486
468.38	13.046
468.59	14.545
468.80	14.026
469.01	13.804
469.22	12.694
469.43	12.532
469.64	14.589
469.85	14.156
470.06	12.264
470.27	12.761
470.48	13.514
470.69	13.657
470.90	14.000
471.11	13.760
471.32	13.338
471.53	13.613
471.74	12.142
471.95	12.259
472.16	15.215
472.37	13.093
472.58	12.283
472.79	14.340
473.00	14.444
473.21	14.139
473.42	13.082
473.63	12.406
473.84	12.730
474.05	14.452
474.26	13.563
474.47	13.239
474.68	13.700
474.89	13.528
475.10	13.725
475.31	12.752
475.52	14.407
475.73	14.641
475.94	13.617
476.15	12.475
476.36	14.802
476.57	13.420
476.78	12.177
476.99	13.517
477.20	12.726
477.41	13.531
477.62	13.510
477.83	15.211
478.04	12.886
478.25	14.202
478.46	11.370
478.67	13.227
478.88	13.908
479.09	13.427
479.30	13.031
479.51	11.964
479.72	12.763
479.93	15.007
480.14	12.552
480.35	13.025
480.56	13.000
480.77	13.312
480.98	12.988
481.18	13.356
481.39	14.664
481.60	14.438
481.81	12.899
482.02	13.120
482.23	12.588
482.44	12.764
482.65	13.768
482.86	13.716
483.07	14.687
483.28	14.393
483.49	11.616
483.70	13.090
483.91	13.037
484.12	14.165
484.33	13.194
484.53	13.176
484.74	14.250
484.95	13.307
485.16	12.869
485.37	13.651
485.58	13.692
485.79	14.088
486.00	13.614
486.21	13.231
486.42	13.437
486.63	13.253
486.84	12.964
487.05	13.428
487.25	14.074
487.46	12.846
487.67	14.014
487.88	12.572
488.09	13.543
488.30	13.434
488.51	13.921
488.72	13.352
488.93	13.361
489.14	13.353
489.35	13.003
489.55	13.897
489.76	13.868
489.97	13.344
490.18	12.861
490.39	13.038
490.60	14.113
490.81	13.585
491.02	13.675
491.23	13.317
491.43	13.563
491.64	13.299
491.85	13.079
492.06	13.867
492.27	12.588
492.48	12.876
492.69	13.111
492.90	13.204
493.11	13.824
493.31	13.275
493.52	13.347
493.73	13.229
493.94	13.255
494.15	14.084
494.36	13.224
494.57	14.173
494.78	13.359
494.98	13.698
495.19	13.097
495.40	14.166
495.61	13.500
495.82	12.970
496.03	13.462
496.24	12.835
496.44	12.881
496.65	13.432
496.86	13.419
497.07	13.455
497.28	13.572
497.49	13.370
497.70	13.355
497.90	12.950
498.11	13.204
498.32	13.888
498.53	13.662
498.74	12.549
498.95	13.625
499.15	13.759
499.36	14.269
499.57	13.751
499.78	13.555
499.99	13.976
500.20	13.648
500.40	13.598
500.61	13.565
500.82	13.629
501.03	13.036
501.24	13.422
501.45	13.920
501.65	13.764
501.86	13.122
502.07	13.726
502.28	13.466
502.49	13.461
502.70	13.276
502.90	13.607
503.11	13.128
503.32	13.528
503.53	13.154
503.74	13.454
503.94	14.251
504.15	13.428
504.36	13.255
504.57	13.454
504.78	13.366
504.98	13.252
505.19	13.874
505.40	13.566
505.61	13.890
505.82	13.935
506.02	12.971
506.23	13.609
506.44	14.585
506.65	13.784
506.86	13.512
507.06	12.870
507.27	13.251
507.48	13.319
507.69	13.634
507.90	14.123
508.10	14.094
508.31	14.086
508.52	13.956
508.73	13.565
508.94	13.475
509.14	13.189
509.35	13.565
509.56	14.446
509.77	13.773
509.97	14.427
510.18	13.824
510.39	13.987
510.60	14.364
510.80	13.758
511.01	13.979
511.22	13.729
511.43	14.540
511.64	14.656
511.84	13.806
512.05	14.696
512.26	14.012
512.47	14.493
512.67	14.728
512.88	13.917
513.09	14.698
513.30	14.304
513.50	14.086
513.71	14.076
513.92	14.159
514.13	14.681
514.33	14.380
514.54	14.501
514.75	14.671
514.96	14.388
515.16	14.321
515.37	15.107
515.58	15.221
515.78	14.337
515.99	14.342
516.20	14.846
516.41	15.080
516.61	14.926
516.82	15.185
517.03	14.687
517.24	14.825
517.44	15.385
517.65	14.671
517.86	15.058
518.07	15.550
518.27	15.714
518.48	15.458
518.69	15.421
518.89	14.805
519.10	15.357
519.31	15.605
519.52	14.871
519.72	15.972
519.93	15.787
520.14	15.969
520.34	15.573
520.55	15.607
520.76	15.771
520.96	15.952
521.17	16.022
521.38	16.360
521.59	15.831
521.79	16.127
522.00	16.404
522.21	17.268
522.41	16.218
522.62	16.583
522.83	16.171
523.03	15.947
523.24	17.457
523.45	16.655
523.66	16.715
523.86	16.820
524.07	17.973
524.28	16.979
524.48	16.851
524.69	17.837
524.90	18.149
525.10	17.617
525.31	17.317
525.52	17.701
525.72	17.492
525.93	17.571
526.14	17.441
526.34	17.108
526.55	18.280
526.76	17.912
526.96	18.382
527.17	18.434
527.38	18.176
527.58	18.322
527.79	17.955
528.00	18.213
528.20	18.268
528.41	18.590
528.62	18.481
528.82	18.546
529.03	19.231
529.24	19.293
529.44	18.622
529.65	19.261
529.85	19.378
530.06	19.749
530.27	19.350
530.47	19.944
530.68	18.836
530.89	19.084
531.09	19.450
531.30	19.301
531.51	19.477
531.71	19.708
531.92	19.539
532.13	19.285
532.33	19.269
532.54	20.816
532.74	19.280
532.95	19.599
533.16	20.233
533.36	19.999
533.57	19.548
533.78	20.260
533.98	20.388
534.19	19.684
534.39	20.088
534.60	20.345
534.81	20.259
535.01	20.186
535.22	20.578
535.42	20.330
535.63	20.767
535.84	20.701
536.04	20.198
536.25	20.987
536.45	20.387
536.66	20.920
536.87	21.189
537.07	21.053
537.28	20.308
537.48	20.982
537.69	20.176
537.90	21.111
538.10	20.955
538.31	20.578
538.51	20.999
538.72	21.271
538.93	20.772
539.13	21.218
539.34	20.703
539.54	21.403
539.75	21.611
539.96	21.150
540.16	20.614
540.37	21.344
540.57	21.187
540.78	20.866
540.98	21.150
541.19	21.196
541.40	21.389
541.60	21.335
541.81	21.471
542.01	21.162
542.22	21.287
542.42	20.816
542.63	21.364
542.83	20.930
543.04	21.497
543.25	20.799
543.45	21.602
543.66	21.414
543.86	21.315
544.07	21.129
544.27	21.724
544.48	20.824
544.68	21.238
544.89	21.168
545.10	21.362
545.30	21.350
545.51	21.378
545.71	21.430
545.92	21.045
546.12	21.248
546.33	21.857
546.53	21.197
546.74	21.434
546.94	21.502
547.15	21.396
547.36	21.830
547.56	21.586
547.77	21.466
547.97	21.532
548.18	21.754
548.38	21.482
548.59	21.315
548.79	21.425
549.00	21.215
549.20	21.501
549.41	21.504
549.61	21.507
549.82	21.757
550.02	21.521
550.23	21.603
550.43	21.991
550.64	21.216
550.84	21.905
551.05	21.626
551.25	21.772
551.46	21.520
551.66	21.543
551.87	21.311
552.07	21.976
552.28	21.707
552.48	21.463
552.69	21.084
552.89	21.667
553.10	21.675
553.30	21.563
553.51	21.326
553.71	21.894
553.92	22.061
554.12	21.364
554.33	21.803
554.53	21.602
554.74	21.502
554.94	21.550
555.15	22.150
555.35	21.959
555.56	21.691
555.76	22.091
555.97	21.998
556.17	21.811
556.38	22.100
556.58	22.015
556.78	21.846
556.99	22.522
557.19	21.651
557.40	21.979
557.60	21.379
557.81	21.473
558.01	21.870
558.22	21.596
558.42	22.304
558.63	21.494
558.83	21.984
559.04	21.908
559.24	22.382
559.44	21.629
559.65	21.396
559.85	21.857
560.06	21.630
560.26	21.936
560.47	21.493
560.67	21.969
560.88	21.328
561.08	21.649
561.28	21.668
561.49	21.251
561.69	21.533
561.90	20.926
562.10	20.944
562.31	21.233
562.51	21.575
562.71	21.072
562.92	21.293
563.12	21.223
563.33	21.258
563.53	21.155
563.74	21.107
563.94	21.161
564.14	21.148
564.35	20.805
564.55	20.857
564.76	21.117
564.96	20.790
565.17	20.989
565.37	20.872
565.57	20.752
565.78	21.285
565.98	20.545
566.19	20.770
566.39	20.942
566.59	21.027
566.80	20.936
567.00	20.693
567.21	20.399
567.41	20.799
567.61	20.329
567.82	20.646
568.02	20.502
568.23	20.439
568.43	20.454
568.63	20.464
568.84	19.884
569.04	19.900
569.24	20.167
569.45	19.796
569.65	19.846
569.86	20.111
570.06	19.998
570.26	19.980
570.47	19.407
570.67	19.435
570.87	19.931
571.08	19.718
571.28	19.503
571.49	19.535
571.69	19.231
571.89	19.421
572.10	19.660
572.30	19.057
572.50	19.312
572.71	18.956
572.91	18.838
573.11	19.288
573.32	19.273
573.52	19.465
573.73	18.891
573.93	19.068
574.13	18.804
574.34	18.584
574.54	18.417
574.74	18.772
574.95	18.981
575.15	18.726
575.35	18.470
575.56	18.851
575.76	18.585
575.96	18.019
576.17	18.383
576.37	18.392
576.57	18.375
576.78	17.882
576.98	17.806
577.18	18.350
577.39	18.179
577.59	17.700
577.79	18.099
578.00	17.782
578.20	17.859
578.40	17.596
578.61	17.687
578.81	18.130
579.01	18.162
579.22	17.919
579.42	17.869
579.62	17.489
579.82	17.703
580.03	17.890
580.23	17.177
580.43	17.432
580.64	17.224
580.84	17.507
581.04	17.427
581.25	17.428
581.45	17.150
581.65	17.068
581.86	17.325
582.06	16.953
582.26	17.287
582.46	16.795
582.67	17.159
582.87	16.854
583.07	17.136
583.28	16.781
583.48	16.996
583.68	16.511
583.88	16.693
584.09	16.674
584.29	16.828
584.49	16.461
584.70	17.108
584.90	16.695
585.10	16.771
585.30	16.804
585.51	16.385
585.71	16.655
585.91	16.445
586.11	16.725
586.32	16.188
586.52	16.435
586.72	16.720
586.92	16.442
587.13	16.360
587.33	16.372
587.53	16.590
587.74	16.298
587.94	16.036
588.14	16.166
588.34	16.719
588.55	16.323
588.75	16.064
588.95	16.513
589.15	16.131
589.36	16.221
589.56	15.975
589.76	16.134
589.96	16.164
590.16	16.036
590.37	15.989
590.57	15.928
590.77	16.008
590.97	16.381
591.18	16.186
591.38	16.224
591.58	18.508
591.78	16.012
591.99	15.953
592.19	15.764
592.39	15.807
592.59	15.869
592.79	16.070
593.00	15.653
593.20	15.645
593.40	15.741
593.60	15.608
593.81	15.677
594.01	15.677
594.21	15.529
594.41	16.000
594.61	15.482
594.82	15.750
595.02	15.755
595.22	15.931
595.42	15.658
595.62	15.901
595.83	15.773
596.03	15.495
596.23	15.849
596.43	15.515
596.63	15.884
596.84	15.630
597.04	15.375
597.24	15.734
597.44	15.574
597.64	15.419
597.84	15.588
598.05	15.772
598.25	15.494
598.45	15.901
598.65	15.478
598.85	15.495
599.06	15.619
599.26	16.192
599.46	15.617
599.66	15.310
599.86	15.737
600.06	15.857
600.27	15.546
600.47	15.413
600.67	15.579
600.87	15.573
601.07	15.285
601.27	15.374
601.48	15.530
601.68	15.092
601.88	15.450
602.08	15.276
602.28	15.748
602.48	14.863
602.68	15.105
602.89	15.372
603.09	15.423
603.29	15.333
603.49	15.369
603.69	15.038
603.89	15.478
604.09	15.391
604.30	15.316
604.50	15.279
604.70	15.447
604.90	15.220
605.10	15.346
605.30	15.231
605.50	15.142
605.71	15.125
605.91	15.477
606.11	15.135
606.31	14.981
606.51	15.423
606.71	15.277
606.91	14.799
607.11	15.398
607.32	15.183
607.52	15.305
607.72	15.266
607.92	15.276
608.12	15.434
608.32	14.817
608.52	15.152
608.72	15.021
608.92	15.152
609.12	15.390
609.33	14.863
609.53	14.723
609.73	15.076
609.93	14.974
610.13	14.841
610.33	15.122
610.53	15.155
610.73	15.279
610.93	14.901
611.13	14.746
611.34	14.910
611.54	14.891
611.74	14.679
611.94	14.910
612.14	14.679
612.34	14.859
612.54	14.801
612.74	15.197
612.94	14.671
613.14	14.733
613.34	14.676
613.54	14.831
613.74	14.951
613.95	14.932
614.15	14.975
614.35	14.760
614.55	14.759
614.75	14.747
614.95	14.998
615.15	14.681
615.35	14.741
615.55	14.881
615.75	14.860
615.95	14.632
616.15	14.969
616.35	14.761
616.55	14.746
616.75	14.916
616.95	14.605
617.15	14.933
617.35	14.522
617.56	14.308
617.76	14.557
617.96	14.488
618.16	14.683
618.36	14.518
618.56	14.586
618.76	14.594
618.96	14.535
619.16	14.473
619.36	14.494
619.56	14.553
619.76	14.348
619.96	14.438
620.16	14.770
620.36	14.346
620.56	14.556
620.76	14.355
620.96	14.189
621.16	14.212
621.36	14.247
621.56	14.278
621.76	14.519
621.96	14.400
622.16	14.670
622.36	14.505
622.56	14.223
622.76	14.492
622.96	14.256
623.16	14.374
623.36	14.278
623.56	14.487
623.76	13.943
623.96	14.245
624.16	14.149
624.36	14.518
624.56	14.501
624.76	14.354
624.96	14.024
625.16	14.324
625.36	14.272
625.56	14.187
625.76	14.410
625.96	14.259
626.16	14.293
626.36	14.258
626.56	14.202
626.76	14.391
626.96	14.244
627.16	14.461
627.36	13.946
627.56	13.965
627.76	14.348
627.96	14.539
628.16	14.458
628.36	13.976
628.56	14.038
628.75	14.337
628.95	14.156
629.15	13.865
629.35	13.956
629.55	14.196
629.75	14.331
629.95	14.039
630.15	14.281
630.35	14.123
630.55	14.386
630.75	14.278
630.95	13.898
631.15	14.362
631.35	13.843
631.55	13.807
631.75	14.148
631.95	14.173
632.15	14.319
632.34	14.013
632.54	14.254
632.74	13.971
632.94	14.404
633.14	14.028
633.34	14.438
633.54	14.253
633.74	14.014
633.94	13.968
634.14	14.117
634.34	13.976
634.54	14.236
634.74	13.868
634.93	13.695
635.13	13.708
635.33	13.988
635.53	13.872
635.73	14.099
635.93	14.199
636.13	13.739
636.33	14.160
636.53	14.169
636.73	14.142
636.93	13.970
637.12	14.112
637.32	13.911
637.52	14.134
637.72	13.644
637.92	14.014
638.12	14.072
638.32	14.041
638.52	13.713
638.72	13.628
638.91	13.728
639.11	13.770
639.31	13.735
639.51	13.926
639.71	13.821
639.91	13.838
640.11	13.528
640.31	13.559
640.50	13.531
640.70	13.852
640.90	13.671
641.10	13.729
641.30	13.448
641.50	13.722
641.70	13.434
641.89	13.472
642.09	13.482
642.29	13.843
642.49	13.493
642.69	13.783
642.89	13.842
643.09	13.685
643.28	13.528
643.48	13.187
643.68	13.525
643.88	13.548
644.08	13.399
644.28	13.676
644.48	13.325
644.67	13.614
644.87	13.926
645.07	13.490
645.27	13.352
645.47	13.457
645.67	13.344
645.86	13.427
646.06	13.466
646.26	13.473
646.46	13.809
646.66	13.243
646.85	13.213
647.05	13.343
647.25	13.305
647.45	13.039
647.65	13.303
647.85	13.385
648.04	13.097
648.24	13.186
648.44	13.127
648.64	13.480
648.84	13.314
649.03	13.231
649.23	13.116
649.43	13.183
649.63	13.179
649.83	13.053
650.02	13.265
650.22	13.409
650.42	13.334
650.62	13.150
650.82	13.133
651.01	13.063
651.21	13.322
651.41	13.399
651.61	12.968
651.81	13.118
652.00	13.271
652.20	13.012
652.40	13.179
652.60	12.914
652.79	13.298
652.99	12.921
653.19	13.131
653.39	13.240
653.59	13.324
653.78	12.876
653.98	13.110
654.18	13.208
654.38	13.074
654.57	12.728
654.77	13.003
654.97	13.105
655.17	13.070
655.36	13.155
655.56	12.907
655.76	12.875
655.96	12.960
656.15	13.408
656.35	13.002
656.55	12.877
656.75	12.893
656.94	12.808
657.14	12.661
657.34	13.067
657.54	12.669
657.73	13.022
657.93	13.052
658.13	12.981
658.33	12.839
658.52	12.969
658.72	14.899
658.92	13.174
659.11	13.165
659.31	12.845
659.51	12.897
659.71	12.957
659.90	13.063
660.10	13.049
660.30	13.054
660.50	12.843
660.69	12.756
660.89	13.007
661.09	13.032
661.28	12.696
661.48	12.992
661.68	12.766
661.87	12.920
662.07	12.964
662.27	12.784
662.47	13.049
662.66	13.212
662.86	12.707
663.06	13.119
663.25	13.096
663.45	12.970
663.65	12.821
663.84	12.825
664.04	13.027
664.24	13.033
664.44	12.959
664.63	12.877
664.83	12.907
665.03	12.805
665.22	13.071
665.42	13.036
665.62	12.893
665.81	13.104
666.01	13.183
666.21	13.013
666.40	12.751
666.60	13.038
666.80	13.167
666.99	13.136
667.19	12.819
667.39	12.934
667.58	12.594
667.78	12.922
667.98	12.889
668.17	12.755
668.37	13.199
668.57	12.965
668.76	12.740
668.96	12.925
669.16	12.757
669.35	12.904
669.55	12.816
669.74	12.935
669.94	12.737
670.14	13.016
670.33	12.964
670.53	12.938
670.73	12.990
670.92	13.149
671.12	13.058
671.32	12.888
671.51	13.066
671.71	12.868
671.90	12.896
672.10	13.266
672.30	13.123
672.49	12.774
672.69	13.074
672.89	13.006
673.08	13.017
673.28	13.149
673.47	13.098
673.67	13.078
673.87	13.143
674.06	13.086
674.26	13.096
674.45	13.038
674.65	13.228
674.85	13.091
675.04	12.545
675.24	13.055
675.43	13.079
675.63	13.182
675.83	12.888
676.02	12.869
676.22	12.833
676.41	13.406
676.61	13.103
676.81	13.152
677.00	13.131
677.20	13.049
677.39	12.906
677.59	13.131
677.79	13.204
677.98	13.232
678.18	12.971
678.37	13.467
678.57	13.368
678.76	13.117
678.96	13.441
679.16	13.241
679.35	13.494
679.55	13.155
679.74	13.028
679.94	13.022
680.13	13.332
680.33	13.217
680.53	13.259
680.72	13.633
680.92	13.112
681.11	13.539
681.31	13.484
681.50	13.400
681.70	13.291
681.89	13.768
682.09	13.450
682.28	13.427
682.48	13.427
682.68	13.654
682.87	13.478
683.07	13.680
683.26	13.553
683.46	13.516
683.65	13.652
683.85	13.510
684.04	13.600
684.24	13.957
684.43	13.433
684.63	13.510
684.82	13.803
685.02	13.540
685.21	13.496
685.41	13.511
685.60	13.495
685.80	13.673
686.00	13.883
686.19	13.793
686.39	13.863
686.58	13.679
686.78	13.836
686.97	13.661
687.17	13.594
687.36	13.863
687.56	13.772
687.75	13.614
687.95	14.071
688.14	13.747
688.34	13.704
688.53	13.708
688.73	13.729
688.92	13.894
689.12	13.733
689.31	14.014
689.51	14.249
689.70	14.213
689.89	13.791
690.09	13.873
690.28	14.245
690.48	14.304
690.67	14.026
690.87	14.205
691.06	13.983
691.26	13.945
691.45	13.755
691.65	13.915
691.84	14.223
692.04	14.465
692.23	13.905
692.43	13.969
692.62	14.190
692.82	14.405
693.01	14.352
693.20	14.323
693.40	14.696
693.59	14.783
693.79	14.404
693.98	14.788
694.18	14.947
694.37	15.032
694.57	14.733
694.76	15.103
694.95	14.942
695.15	14.931
695.34	15.300
695.54	15.407
695.73	15.397
695.93	15.482
696.12	15.747
696.32	15.590
696.51	16.346
696.70	15.930
696.90	16.128
697.09	16.362
697.29	16.587
697.48	16.755
697.67	16.353
697.87	16.753
698.06	16.753
698.26	16.979
698.45	17.364
698.65	17.257
698.84	17.524
699.03	17.805
699.23	17.766
699.42	17.823
699.62	18.292
699.81	18.407
700.00	18.671
700.20	18.987
700.39	19.074
700.59	19.673
700.78	19.402
700.97	19.820
701.17	20.298
701.36	20.453
701.56	20.440
701.75	20.711
701.94	20.937
702.14	21.153
702.33	21.751
702.52	21.490
702.72	21.788
702.91	22.457
703.11	22.568
703.30	22.376
703.49	23.177
703.69	23.182
703.88	23.085
704.07	23.582
704.27	23.982
704.46	24.286
704.66	24.576
704.85	24.769
705.04	25.082
705.24	25.059
705.43	25.545
705.62	25.991
705.82	26.354
706.01	26.252
706.20	26.617
706.40	27.239
706.59	27.409
706.78	27.729
706.98	28.124
707.17	28.047
707.36	28.011
707.56	28.917
707.75	28.765
707.94	28.952
708.14	29.278
708.33	29.565
708.52	29.759
708.72	29.937
708.91	30.568
709.10	30.617
709.30	31.345
709.49	31.304
709.68	31.504
709.88	31.757
710.07	32.364
710.26	32.281
710.46	32.417
710.65	32.715
710.84	32.967
711.04	33.106
711.23	33.399
711.42	33.643
711.61	34.029
711.81	34.175
712.00	34.915
712.19	35.046
712.39	35.002
712.58	35.244
712.77	35.788
712.97	36.054
713.16	36.451
713.35	36.551
713.54	36.907
713.74	37.080
713.93	37.118
714.12	37.614
714.32	37.964
714.51	38.597
714.70	38.604
714.89	38.582
715.09	39.173
715.28	39.652
715.47	39.700
715.66	39.969
715.86	40.416
716.05	40.227
716.24	40.288
716.44	40.419
716.63	41.495
716.82	41.871
717.01	41.836
717.21	41.895
717.40	42.704
717.59	42.448
717.78	43.072
717.98	42.972
718.17	43.183
718.36	43.407
718.55	43.849
718.75	44.243
718.94	44.444
719.13	44.206
719.32	45.159
719.52	45.098
719.71	45.527
719.90	45.544
720.09	46.117
720.28	46.377
720.48	46.648
720.67	46.880
720.86	47.209
721.05	47.137
721.25	47.424
721.44	48.238
721.63	48.415
721.82	48.792
722.01	49.115
722.21	49.270
722.40	49.069
722.59	49.595
722.78	50.013
722.98	50.110
723.17	50.515
723.36	50.993
723.55	51.000
723.74	51.794
723.94	50.809
724.13	52.170
724.32	52.505
724.51	52.410
724.70	52.044
724.89	53.279
725.09	53.506
725.28	52.871
725.47	53.423
725.66	54.017
725.85	54.195
726.05	54.402
726.24	54.964
726.43	54.395
726.62	55.062
726.81	55.692
727.00	55.552
727.20	56.421
727.39	55.967
727.58	56.505
727.77	57.105
727.96	56.955
728.15	57.549
728.35	57.177
728.54	57.691
728.73	58.258
728.92	58.100
729.11	58.700
729.30	58.387
729.50	59.075
729.69	59.682
729.88	58.799
730.07	59.755
730.26	59.460
730.45	60.244
730.64	60.486
730.84	59.231
731.03	60.709
731.22	60.658
731.41	61.690
731.60	61.342
731.79	61.868
731.98	61.824
732.18	62.410
732.37	62.787
732.56	62.348
732.75	62.369
732.94	63.386
733.13	63.028
733.32	63.112
733.51	63.230
733.71	63.859
733.90	63.690
734.09	63.957
734.28	64.392
734.47	65.600
734.66	64.826
734.85	64.495
735.04	65.151
735.23	65.426
735.42	65.561
735.62	65.405
735.81	66.335
736.00	65.942
736.19	66.194
736.38	66.503
736.57	66.732
736.76	66.709
736.95	66.544
737.14	67.049
737.33	67.465
737.52	67.128
737.72	67.701
737.91	67.952
738.10	67.767
738.29	68.153
738.48	67.534
738.67	68.317
738.86	68.989
739.05	68.911
739.24	69.377
739.43	69.306
739.62	68.413
739.81	70.069
740.00	70.102
740.19	69.535
740.39	69.631
740.58	69.769
740.77	69.705
740.96	70.458
741.15	70.478
741.34	69.955
741.53	70.652
741.72	71.154
741.91	71.063
742.10	70.628
742.29	71.504
742.48	71.868
742.67	71.864
742.86	71.704
743.05	71.404
743.24	71.864
743.43	72.616
743.62	72.336
743.81	72.338
744.00	72.009
744.19	72.603
744.38	72.327
744.57	72.537
744.76	72.895
744.95	73.018
745.14	72.885
745.33	72.987
745.52	73.390
745.71	73.127
745.90	73.879
746.09	73.112
746.28	73.182
746.47	73.818
746.66	73.757
746.85	73.944
747.04	74.078
747.23	73.496
747.42	73.977
747.61	73.497
747.80	73.893
747.99	74.071
748.18	74.317
748.37	74.078
748.56	74.646
748.75	74.793
748.94	74.309
749.13	74.167
749.32	74.601
749.51	74.826
749.70	74.543
749.89	74.526
750.08	75.114
750.27	74.224
750.46	75.136
750.65	75.255
750.84	75.580
751.03	75.290
751.22	75.574
751.41	75.498
751.60	75.148
751.79	75.992
751.98	74.842
752.17	76.083
752.36	75.133
752.55	75.979
752.74	75.863
752.93	75.830
753.12	75.488
753.30	75.620
753.49	76.112
753.68	76.591
753.87	76.079
754.06	76.129
754.25	76.552
754.44	75.674
754.63	76.522
754.82	77.203
755.01	76.524
755.20	76.591
755.39	76.426
755.58	76.145
755.77	76.853
755.96	77.094
756.14	76.664
756.33	76.226
756.52	76.406
756.71	76.748
756.90	76.492
757.09	77.655
757.28	77.245
757.47	77.074
757.66	78.005
757.85	76.507
758.04	76.961
758.22	77.380
758.41	77.509
758.60	76.886
758.79	76.855
758.98	77.774
759.17	76.905
759.36	77.155
759.55	76.699
759.74	77.414
759.92	76.934
760.11	77.445
760.30	77.303
760.49	77.334
760.68	77.108
760.87	77.591
761.06	77.832
761.25	77.492
761.43	76.840
761.62	78.033
761.81	77.427
762.00	77.391
762.19	76.577
762.38	77.049
762.57	77.664
762.76	77.160
762.94	77.501
763.13	77.107
763.32	78.052
763.51	76.741
763.70	77.242
763.89	77.749
764.07	77.529
764.26	77.262
764.45	78.027
764.64	76.950
764.83	78.630
765.02	77.799
765.21	77.332
765.39	77.648
765.58	78.057
765.77	77.968
765.96	77.813
766.15	78.014
766.34	78.412
766.52	77.966
766.71	77.571
766.90	78.078
767.09	77.728
767.28	77.128
767.46	77.566
767.65	77.305
767.84	77.892
768.03	77.980
768.22	77.474
768.40	77.964
768.59	77.450
768.78	78.067
768.97	77.899
769.16	77.740
769.34	78.654
769.53	78.130
769.72	77.595
769.91	77.866
770.10	78.148
770.28	78.318
770.47	77.628
770.66	78.134
770.85	77.873
771.04	78.622
771.22	78.193
771.41	77.541
771.60	78.330
771.79	77.584
771.98	77.553
772.16	77.449
772.35	78.211
772.54	78.105
772.73	78.211
772.91	77.470
773.10	77.432
773.29	77.781
773.48	78.147
773.66	78.192
773.85	77.944
774.04	78.022
774.23	77.870
774.41	77.610
774.60	78.445
774.79	78.508
774.98	77.345
775.16	78.168
775.35	78.633
775.54	78.768
775.73	78.017
775.91	78.595
776.10	77.509
776.29	78.367
776.48	77.686
776.66	77.064
776.85	78.154
777.04	77.416
777.23	78.377
777.41	78.801
777.60	78.941
777.79	78.198
777.97	77.796
778.16	78.105
778.35	78.152
778.54	77.824
778.72	77.528
778.91	79.035
779.10	77.571
779.28	77.131
779.47	78.062
779.66	77.796
779.85	77.947
780.03	77.833
780.22	77.922
780.41	78.640
780.59	78.372
780.78	77.768
780.97	77.697
781.15	78.065
781.34	78.602
781.53	77.962
781.71	77.581
781.90	78.696
782.09	77.825
782.27	77.696
782.46	77.916
782.65	77.983
782.84	78.790
783.02	77.831
783.21	77.827
783.40	78.238
783.58	77.801
783.77	78.045
783.96	78.861
784.14	78.331
784.33	77.580
784.52	77.952
784.70	78.657
784.89	77.669
785.07	78.304
785.26	78.866
785.45	77.715
785.63	78.370
785.82	78.006
786.01	78.374
786.19	77.853
786.38	78.668
786.57	78.075
786.75	78.184
786.94	78.110
787.13	78.274
787.31	78.230
787.50	78.084
787.68	77.449
787.87	78.492
788.06	78.311
788.24	78.054
788.43	78.074
788.62	78.415
788.80	77.937
788.99	77.891
789.17	77.919
789.36	78.160
789.55	78.331
789.73	77.550
789.92	78.263
790.10	78.081
790.29	77.693
790.48	77.790
790.66	77.592
790.85	77.787
791.03	78.064
791.22	78.022
791.41	78.119
791.59	78.985
791.78	78.628
791.96	78.172
792.15	77.874
792.34	78.105
792.52	78.273
792.71	78.484
792.89	78.229
793.08	78.331
793.27	78.640
793.45	77.723
793.64	77.226
793.82	78.074
794.01	77.986
794.19	77.821
794.38	78.237
794.57	77.754
794.75	78.352
794.94	77.756
795.12	77.533
795.31	78.403
795.49	77.319
795.68	78.131
795.86	77.605
796.05	77.996
796.24	78.428
796.42	78.381
796.61	77.972
796.79	78.225
796.98	77.888
797.16	78.668
797.35	77.615
797.53	78.120
797.72	77.713
797.90	78.404
798.09	77.996
798.27	77.968
798.46	77.850
798.65	78.054
798.83	78.396
799.02	77.253
799.20	78.102
799.39	78.092
799.57	77.606
799.76	77.383
799.94	78.755
800.13	78.290
800.31	77.862
800.50	78.240
800.68	78.208
800.87	77.470
801.05	78.798
801.24	78.362
801.42	78.647
801.61	78.400
801.79	78.548
801.98	78.406
802.16	77.696
802.35	78.517
802.53	78.211
802.72	77.846
802.90	77.945
803.09	77.843
803.27	78.764
803.46	77.541
803.64	78.182
803.83	77.876
804.01	78.004
804.20	77.959
804.38	78.499
804.56	78.312
804.75	78.127
804.93	78.052
805.12	78.070
805.30	78.244
805.49	77.683
805.67	77.591
805.86	77.569
806.04	77.648
806.23	77.935
806.41	77.453
806.59	77.974
806.78	77.913
806.96	78.197
807.15	78.893
807.33	77.395
807.52	77.488
807.70	77.953
807.89	78.217
808.07	78.004
808.25	78.155
808.44	77.543
808.62	77.737
808.81	78.371
808.99	78.227
809.18	78.274
809.36	77.227
809.54	77.433
809.73	77.524
809.91	78.024
810.10	77.780
810.28	78.413
810.47	77.933
810.65	78.039
810.83	78.280
811.02	78.032
811.20	77.722
811.39	78.047
811.57	78.514
811.75	78.391
811.94	77.780
812.12	79.211
812.31	78.247
812.49	77.930
812.67	78.111
812.86	78.259
813.04	77.579
813.23	78.139
813.41	77.103
813.59	78.266
813.78	78.565
813.96	78.197
814.14	77.844
814.33	77.642
814.51	77.443
814.70	77.947
814.88	77.208
815.06	78.010
815.25	78.128
815.43	77.893
815.61	77.618
815.80	77.642
815.98	78.257
816.16	78.299
816.35	77.772
816.53	77.891
816.72	78.190
816.90	77.797
817.08	77.729
817.27	78.799
817.45	78.399
817.63	77.890
817.82	78.409
818.00	77.910
818.18	78.316
818.37	77.938
818.55	77.876
818.73	78.087
818.92	77.693
819.10	78.780
819.28	78.267
819.47	77.784
819.65	78.486
819.83	78.109
820.02	77.993
820.20	77.689
820.38	77.923
820.57	77.953
820.75	77.248
820.93	78.884
821.11	77.427
821.30	78.075
821.48	78.347
821.66	77.546
821.85	78.898
822.03	78.164
822.21	77.551
822.40	78.117
822.58	77.049
822.76	77.352
822.94	78.480
823.13	77.636
823.31	78.164
823.49	78.282
823.68	78.697
823.86	79.218
824.04	77.712
824.22	78.037
824.41	78.416
824.59	78.229
824.77	78.032
824.96	78.006
825.14	77.684
825.32	78.003
825.50	77.690
825.69	77.220
825.87	77.609
826.05	78.430
826.23	78.074
826.42	78.449
826.60	77.881
826.78	77.829
826.96	78.474
827.15	78.582
827.33	77.975
827.51	78.295
827.69	78.114
827.88	78.547
828.06	78.463
828.24	77.639
828.42	78.720
828.61	78.175
828.79	77.708
828.97	79.080
829.15	79.040
829.34	77.787
829.52	79.041
829.70	77.591
829.88	77.643
830.06	78.339
830.25	78.669
830.43	78.179
830.61	78.229
830.79	78.354
830.97	77.738
831.16	78.079
831.34	78.220
831.52	78.480
831.70	78.720
831.89	77.245
832.07	78.422
832.25	77.742
832.43	78.585
832.61	78.211
832.80	78.370
832.98	78.399
833.16	79.159
833.34	78.367
833.52	79.329
833.70	79.089
833.89	78.872
834.07	77.982
834.25	78.536
834.43	78.016
834.61	78.513
834.80	78.318
834.98	77.843
835.16	77.329
835.34	77.792
835.52	78.392
835.70	77.959
835.89	77.962
836.07	78.283
836.25	78.712
836.43	77.997
836.61	78.047
836.79	77.567
836.97	78.262
837.16	78.260
837.34	78.414
837.52	78.146
837.70	77.875
837.88	77.887
838.06	77.909
838.24	78.888
838.43	78.204
838.61	77.691
838.79	78.276
838.97	78.504
839.15	79.217
839.33	78.661
839.51	78.378
839.70	78.896
839.88	78.499
840.06	78.331
840.24	77.683
840.42	77.438
840.60	78.335
840.78	76.888
840.96	78.589
841.14	77.615
841.33	78.449
841.51	77.652
841.69	77.918
841.87	78.616
842.05	78.134
842.23	77.820
842.41	78.441
842.59	78.662
842.77	77.280
842.95	79.152
843.14	79.313
843.32	78.307
843.50	77.011
843.68	78.096
843.86	78.687
844.04	77.310
844.22	78.493
844.40	77.672
844.58	78.496
844.76	77.953
844.94	77.748
845.12	78.144
845.30	77.280
845.49	78.310
845.67	78.171
845.85	78.447
846.03	78.246
846.21	77.802
846.39	77.708
846.57	78.538
846.75	78.305
846.93	77.084
847.11	77.958
847.29	78.340
847.47	78.021
847.65	78.370
847.83	78.173
848.01	78.018
848.19	78.013
848.37	78.419
848.55	78.112
848.73	78.844
848.91	78.472
849.09	78.340
849.27	78.217
849.46	79.019
849.64	78.916
849.82	78.794
850.00	78.577
850.18	79.095
850.36	78.840
850.54	78.302
850.72	78.180
850.90	78.046
851.08	78.305
851.26	78.052
851.44	78.358
851.62	79.550
851.80	77.780
851.98	78.152
852.16	78.322
852.34	77.803
852.52	78.774
852.70	78.204
852.88	78.294
853.06	78.176
853.24	78.315
853.42	78.838
853.60	77.471
853.78	77.451
853.96	79.003
854.14	77.074
854.31	78.225
854.49	78.176
854.67	78.329
854.85	78.070
855.03	77.810
855.21	78.628
855.39	78.619
855.57	78.327
855.75	78.338
855.93	78.709
856.11	77.832
856.29	78.471
856.47	78.643
856.65	78.268
856.83	78.057
857.01	78.243
857.19	78.519
857.37	78.843
857.55	77.854
857.73	78.599
857.91	78.295
858.09	78.638
858.26	78.930
858.44	78.772
858.62	77.557
858.80	78.792
858.98	78.741
859.16	78.140
859.34	78.547
859.52	78.280
859.70	78.504
859.88	78.359
860.06	77.572
860.24	77.767
860.42	79.138
860.59	78.678
860.77	78.707
860.95	78.515
861.13	77.816
861.31	78.453
861.49	78.274
861.67	78.798
861.85	78.966
862.03	77.919
862.21	78.732
862.38	79.170
862.56	79.284
862.74	77.730
862.92	77.921
863.10	78.412
863.28	78.581
863.46	78.649
863.64	79.028
863.82	78.538
863.99	79.210
864.17	78.176
864.35	79.286
864.53	78.052
864.71	78.718
864.89	78.864
865.07	78.517
865.24	79.330
865.42	78.540
865.60	78.500
865.78	78.616
865.96	78.614
866.14	78.087
866.32	77.950
866.49	79.057
866.67	78.299
866.85	78.037
867.03	78.952
867.21	78.407
867.39	78.243
867.56	78.801
867.74	79.274
867.92	78.154
868.10	78.497
868.28	78.607
868.46	78.088
868.63	77.954
868.81	77.522
868.99	78.681
869.17	78.870
869.35	78.742
869.53	78.159
869.70	78.937
869.88	78.739
870.06	79.142
870.24	78.585
870.42	77.993
870.59	78.299
870.77	77.964
870.95	79.167
871.13	78.290
871.31	77.827
871.48	78.526
871.66	79.257
871.84	78.252
872.02	78.600
872.20	77.188
872.37	78.848
872.55	78.582
872.73	78.455
872.91	78.530
873.08	79.302
873.26	78.597
873.44	78.176
873.62	78.443
873.80	78.580
873.97	77.906
874.15	77.399
874.33	78.786
874.51	78.895
874.68	78.972
874.86	78.184
875.04	78.667
875.22	78.870
875.39	78.161
875.57	78.165
875.75	78.377
875.93	78.505
876.10	78.287
876.28	78.646
876.46	77.969
876.64	79.022
876.81	78.304
876.99	77.227
877.17	78.702
877.35	79.250
877.52	79.653
877.70	78.040
877.88	79.072
878.06	78.565
878.23	77.793
878.41	77.371
878.59	79.413
878.76	78.893
878.94	78.899
879.12	79.328
879.30	79.271
879.47	79.581
879.65	78.630
879.83	78.104
880.00	78.538
880.18	77.284
880.36	79.774
880.53	78.853
880.71	78.113
880.89	78.350
881.07	78.227
881.24	79.085
881.42	78.930
881.60	78.983
881.77	79.208
881.95	76.723
882.13	79.162
882.30	78.474
882.48	78.361
882.66	78.229
882.83	79.238
883.01	78.474
883.19	79.068
883.36	79.042
883.54	78.069
883.72	79.957
883.89	78.755
884.07	78.580
884.25	78.434
884.42	79.749
884.60	78.032
884.78	78.475
884.95	79.524
885.13	78.666
885.31	78.751
885.48	78.270
885.66	78.581
885.84	77.780
886.01	78.285
886.19	77.400
886.36	79.552
886.54	78.919
886.72	79.324
886.89	78.270
887.07	79.141
887.25	77.768
887.42	79.064
887.60	77.852
887.78	77.956
887.95	78.589
888.13	79.188
888.30	78.898
888.48	79.249
888.66	79.808
888.83	80.095
889.01	79.936
889.18	78.636
889.36	78.882
889.54	76.726
889.71	78.384
889.89	80.815
890.06	78.525
890.24	79.037
890.42	79.587
890.59	79.917
890.77	78.744
890.94	77.786
891.12	79.243
891.30	78.440
891.47	79.210
891.65	78.707
891.82	78.046
892.00	79.004
892.17	79.356
892.35	78.044
892.53	79.582
892.70	79.236
892.88	78.692
893.05	79.324
893.23	78.585
893.40	79.361
893.58	79.634
893.75	79.808
893.93	79.062
894.11	79.634
894.28	78.216
894.46	78.065
894.63	79.353
894.81	78.873
894.98	77.768
895.16	78.406
895.33	77.850
895.51	77.396
895.68	78.673
895.86	77.974
896.04	79.461
896.21	77.854
896.39	79.944
896.56	78.898
896.74	79.002
896.91	80.355
897.09	78.768
897.26	79.169
897.44	79.010
897.61	77.878
897.79	79.121
897.96	80.003
898.14	77.344
898.31	78.834
898.49	78.026
898.66	78.987
898.84	78.106
899.01	77.200
899.19	79.931
899.36	78.512
899.54	77.572
899.71	78.995
899.89	78.365
900.06	78.609
900.24	78.286
900.41	79.109
900.59	78.765
900.76	78.384
900.94	79.260
901.11	78.119
901.29	79.611
901.46	79.908
901.63	80.263
901.81	78.929
901.98	78.838
902.16	77.531
902.33	79.033
902.51	78.785
902.68	79.647
902.86	79.210
903.03	78.962
903.21	78.949
903.38	79.518
903.56	79.057
903.73	79.329
903.90	77.993
904.08	79.268
904.25	78.764
904.43	78.311
904.60	78.993
904.78	78.973
904.95	78.705
905.12	79.169
905.30	79.730
905.47	78.480
905.65	78.540
905.82	78.793
906.00	79.081
906.17	78.531
906.34	79.724
906.52	78.008
906.69	78.669
906.87	80.020
907.04	79.685
907.21	79.144
907.39	78.990
907.56	78.906
907.74	77.373
907.91	78.991
908.08	79.302
908.26	78.028
908.43	77.656
908.61	78.262
908.78	79.749
908.95	79.591
909.13	78.083
909.30	78.472
909.48	78.732
909.65	79.950
909.82	76.913
910.00	79.295
910.17	79.506
910.34	80.689
910.52	79.099
910.69	79.575
910.87	79.200
911.04	79.101
911.21	78.702
911.39	79.022
911.56	79.042
911.73	78.844
911.91	78.806
912.08	77.808
912.25	78.912
912.43	79.151
912.60	80.570
912.77	79.576
912.95	79.000
913.12	78.535
913.29	79.588
913.47	79.986
913.64	79.203
913.81	78.769
913.99	78.179
914.16	78.468
914.33	78.794
914.51	78.262
914.68	78.441
914.85	78.297
915.03	79.340
915.20	79.921
915.37	78.975
915.55	79.063
915.72	79.555
915.89	79.612
916.07	79.437
916.24	78.490
916.41	78.630
916.59	78.476
916.76	79.528
916.93	79.465
917.10	79.389
917.28	78.999
917.45	79.506
917.62	78.788
917.80	79.031
917.97	79.736
918.14	79.678
918.31	79.617
918.49	80.219
918.66	78.979
918.83	78.430
919.01	79.573
919.18	78.579
919.35	78.624
919.52	79.916
919.70	79.737
919.87	79.212
920.04	78.144
920.21	78.494
920.39	77.963
920.56	77.835
920.73	79.238
920.90	77.981
921.08	78.605
921.25	78.788
921.42	80.397
921.59	79.060
921.77	80.203
921.94	80.424
922.11	79.437
922.28	78.554
922.46	80.543
922.63	79.936
922.80	79.568
922.97	79.976
923.15	79.712
923.32	78.020
923.49	78.023
923.66	78.614
923.83	78.381
924.01	78.712
924.18	78.997
924.35	78.298
924.52	78.073
924.69	77.791
924.87	78.303
925.04	78.634
925.21	77.833
925.38	79.576
925.55	78.115
925.73	77.736
925.90	79.460
926.07	77.918
926.24	81.093
926.41	80.664
926.59	80.518
926.76	80.606
926.93	79.237
927.10	79.436
927.27	78.003
927.45	80.503
927.62	78.414
927.79	78.975
927.96	79.294
928.13	78.226
928.30	78.021
928.48	77.370
928.65	79.725
928.82	79.895
928.99	78.748
929.16	80.614
929.33	79.305
929.50	79.121
929.68	78.198
929.85	80.732
930.02	77.658
930.19	79.351
930.36	79.786
930.53	79.801
930.70	78.893
930.88	78.359
931.05	81.222
931.22	79.242
931.39	79.746
931.56	79.949
931.73	81.869
931.90	78.327
932.08	77.509
932.25	79.400
932.42	79.704
932.59	79.524
932.76	78.506
932.93	77.742
933.10	79.101
933.27	79.711
933.44	79.465
933.62	79.356
933.79	78.314
933.96	79.491
934.13	78.928
934.30	81.761
934.47	82.371
934.64	77.116
934.81	80.674
934.98	78.173
935.15	82.603
935.32	78.735
935.50	77.567
935.67	80.684
935.84	79.602
936.01	77.995
936.18	79.047
936.35	78.786
936.52	78.646
936.69	82.947
936.86	81.769
937.03	80.412
937.20	81.255
937.37	79.795
937.54	80.968
937.71	81.011
937.89	79.948
938.06	83.311
938.23	76.318
938.40	78.898
938.57	85.065
938.74	80.181
938.91	77.783
939.08	83.483
939.25	81.072
939.42	82.382
939.59	77.778
939.76	81.043
939.93	76.954
940.10	82.670
940.27	78.991
940.44	80.975
940.61	81.033
940.78	81.839
940.95	80.343
941.12	77.778
941.29	81.776
941.46	82.610
941.63	77.396
941.80	80.826
941.97	80.653
942.14	84.207
942.31	76.359
942.48	83.709
942.65	82.909
942.82	91.255
942.99	78.401
943.16	81.005
943.33	80.443
943.50	80.007
943.67	82.229
943.84	76.903
944.01	81.104
944.18	77.527
944.35	83.413
944.52	81.982
944.69	77.765
944.86	77.625
945.03	77.086
945.20	83.760
945.37	86.118
945.54	81.315
945.71	80.986
945.88	84.220
946.05	85.124
946.22	85.034
946.39	81.259
946.56	76.010
946.73	83.345
946.90	82.632
947.07	80.654
947.23	80.000
947.40	79.257
947.57	80.305
947.74	78.951
947.91	78.411
948.08	80.629
948.25	80.449
948.42	79.849
948.59	83.211
948.76	79.057
948.93	86.324
949.10	81.710
949.27	82.195
949.44	81.325
949.60	82.549
949.77	83.397
949.94	79.541
950.11	81.771
950.28	78.846
950.45	76.862
950.62	77.288
950.79	82.155
950.96	82.913
951.13	78.624
951.30	81.890
951.46	77.498
951.63	80.876
951.80	79.592
951.97	80.409
952.14	82.225
952.31	80.066
952.48	78.846
952.65	78.990
952.81	81.282
952.98	80.608
953.15	78.747
953.32	75.401
953.49	88.270
953.66	79.826
953.83	78.455
954.00	78.582
954.16	78.790
954.33	80.197
954.50	79.629
954.67	79.009
954.84	79.314
955.01	80.334
955.18	80.301
955.34	80.283
955.51	75.876
955.68	80.506
955.85	81.908
956.02	81.364
956.19	79.011
956.35	77.508
956.52	81.984
956.69	78.807
956.86	78.055
957.03	81.652
957.20	82.664
957.36	79.739
957.53	81.174
957.70	77.410
957.87	77.527
958.04	79.096
958.21	78.646
958.37	81.766
958.54	79.292
958.71	78.258
958.88	77.443
959.05	81.380
959.21	77.814
959.38	80.735
959.55	78.012
959.72	77.523
959.89	79.756
960.05	78.530
960.22	78.831
960.39	79.298
960.56	77.832
960.72	78.210
960.89	78.668
961.06	79.400
961.23	78.620
961.40	82.084
961.56	77.266
961.73	79.533
961.90	79.568
962.07	80.675
962.23	75.785
962.40	80.711
962.57	80.975
962.74	82.825
962.90	80.137
963.07	78.806
963.24	81.583
963.41	80.961
963.57	80.026
963.74	76.665
963.91	78.868
964.08	80.468
964.24	76.575
964.41	79.807
964.58	77.417
964.75	78.577
964.91	79.192
965.08	80.303
965.25	76.925
965.42	77.617
965.58	80.977
965.75	78.785
965.92	79.480
966.08	79.640
966.25	80.954
966.42	80.594
966.59	79.816
966.75	75.771
966.92	80.164
967.09	80.593
967.25	78.111
967.42	81.291
967.59	80.498
967.75	78.561
967.92	80.168
968.09	77.596
968.26	79.706
968.42	84.820
968.59	80.880
968.76	80.333
968.92	79.606
969.09	79.304
969.26	77.454
969.42	79.483
969.59	82.984
969.76	79.374
969.92	79.879
970.09	80.449
970.26	81.349
970.42	76.261
970.59	76.791
970.76	79.905
970.92	81.141
971.09	81.074
971.26	76.294
971.42	80.650
971.59	78.017
971.76	81.444
971.92	77.524
972.09	81.940
972.25	80.548
972.42	77.189
972.59	76.458
972.75	79.247
972.92	79.830
973.09	81.592
973.25	79.942
973.42	79.502
973.58	80.536
973.75	81.345
973.92	79.334
974.08	77.639
974.25	79.836
974.42	80.886
974.58	78.653
974.75	79.853
974.91	77.312
975.08	76.708
975.25	80.504
975.41	77.193
975.58	82.390
975.74	79.904
975.91	78.079
976.08	76.455
976.24	81.689
976.41	80.304
976.57	79.047
976.74	76.148
976.91	81.286
977.07	77.545
977.24	80.244
977.40	80.631
977.57	77.366
977.73	81.464
977.90	78.857
978.07	74.408
978.23	78.391
978.40	79.185
978.56	81.537
978.73	75.098
978.89	78.998
979.06	77.599
979.22	80.810
979.39	79.315
979.56	78.516
979.72	81.051
979.89	80.833
980.05	76.997
980.22	83.102
980.38	80.010
980.55	82.298
980.71	77.960
980.88	79.949
981.04	76.966
981.21	80.574
981.37	78.638
981.54	79.686
981.70	81.221
981.87	81.187
982.04	83.866
982.20	80.311
982.37	77.404
982.53	80.635
982.70	80.170
982.86	78.166
983.03	81.162
983.19	76.824
983.36	76.183
983.52	78.426
983.69	81.110
983.85	78.671
984.02	77.537
984.18	80.135
984.35	79.052
984.51	82.246
984.68	81.793
984.84	76.829
985.00	80.618
985.17	81.477
985.33	80.313
985.50	80.841
985.66	83.314
985.83	78.223
985.99	78.810
986.16	78.611
986.32	81.100
986.49	76.769
986.65	73.453
986.82	80.607
986.98	84.119
987.15	80.652
987.31	80.513
987.47	82.005
987.64	79.901
987.80	78.037
987.97	77.944
988.13	80.656
988.30	80.371
988.46	82.889
988.63	80.504
988.79	81.314
988.95	83.601
989.12	75.843
989.28	78.781
989.45	82.235
989.61	84.808
989.77	78.591
989.94	79.665
990.10	84.362
990.27	80.683
990.43	76.499
990.60	78.661
990.76	79.628
990.92	85.155
991.09	83.966
991.25	80.386
991.42	82.082
991.58	75.966
991.74	81.945
991.91	79.759
992.07	77.413
992.24	78.176
992.40	82.587
992.56	79.180
992.73	81.420
992.89	80.047
993.05	83.921
993.22	83.779
993.38	81.604
993.55	84.022
993.71	82.808
993.87	80.326
994.04	80.007
994.20	83.447
994.36	80.352
994.53	83.130
994.69	81.284
994.85	83.154
995.02	76.200
995.18	77.285
995.34	84.031
995.51	78.476
995.67	80.786
995.84	79.085
996.00	80.734
996.16	78.559
996.33	81.916
996.49	83.870
996.65	83.405
996.82	77.163
996.98	83.246
997.14	83.158
997.31	81.944
997.47	80.440
997.63	88.612
997.79	81.440
997.96	79.492
998.12	83.327
998.28	81.006
998.45	79.917
998.61	82.179
998.77	79.351
998.94	78.685
999.10	81.481
999.26	81.675
999.43	79.812
999.59	81.454
999.75	78.907
999.91	80.900
1000.08	85.485
1000.24	85.046
1000.40	83.649
1000.57	77.848
1000.73	85.474
1000.89	82.675
1001.05	85.646
1001.22	81.540
1001.38	85.812
1001.54	83.997
1001.70	78.014
1001.87	85.341
1002.03	80.199
1002.19	78.919
1002.35	85.210
1002.52	79.681
1002.68	82.915
1002.84	84.176
1003.00	80.277
1003.17	82.173
1003.33	78.480
1003.49	79.396
1003.65	78.337
1003.82	80.365
1003.98	81.329
1004.14	79.518
1004.30	84.276
1004.47	83.761
1004.63	86.975
1004.79	81.015
1004.95	79.900
1005.11	84.743
1005.28	81.406
1005.44	82.723
1005.60	80.566
1005.76	76.592
1005.93	85.497
1006.09	86.700
1006.25	87.137
1006.41	82.092
1006.57	81.107
1006.74	83.005
1006.90	81.854
1007.06	78.500
1007.22	90.422
1007.38	80.592
1007.55	77.895
1007.71	87.420
1007.87	82.157
1008.03	83.020
1008.19	82.762
1008.35	77.655
1008.52	81.181
1008.68	80.288
1008.84	81.706
1009.00	80.587
1009.16	79.160
1009.32	79.219
1009.49	79.539
1009.65	85.554
1009.81	85.565
1009.97	79.966
1010.13	75.966
1010.29	85.874
1010.46	91.779
1010.62	82.183
1010.78	83.066
1010.94	89.162
1011.10	86.694
1011.26	86.386
1011.42	83.233
1011.59	85.204
1011.75	82.477
1011.91	89.111
1012.07	92.428
1012.23	82.948
1012.39	92.332
1012.55	89.900
1012.71	84.236
1012.88	83.035
1013.04	85.394
1013.20	80.974
1013.36	79.443
1013.52	91.222
1013.68	82.091
1013.84	83.142
1014.00	85.010
1014.16	92.666
1014.33	79.249
1014.49	87.500
1014.65	87.360
1014.81	81.669
1014.97	85.561
1015.13	81.645
1015.29	82.022
1015.45	77.666
1015.61	86.054
1015.77	81.400
1015.93	79.438
1016.09	83.711
1016.26	84.895
1016.42	79.985
1016.58	84.751
1016.74	80.933
1016.90	94.219
1017.06	90.224
1017.22	83.603
1017.38	99.621
1017.54	86.427
1017.70	87.968
1017.86	83.608
1018.02	86.774
1018.18	83.416
1018.34	93.795
1018.50	89.436
1018.66	84.103
1018.82	86.926
1018.98	84.268
1019.14	85.403
1019.31	83.449
1019.47	83.196
1019.63	85.759
1019.79	85.146
1019.95	84.375
1020.11	76.271
1020.27	82.993
1020.43	89.414
1020.59	96.163
1020.75	86.612
1020.91	99.748
1021.07	91.149
1021.23	80.218
1021.39	94.921
1021.55	84.753
1021.71	88.159
1021.87	75.898
1022.03	91.971
1022.19	80.450
1022.35	83.501
1022.51	121.998
1022.67	82.909
1022.83	80.679
1022.99	87.407
1023.15	88.061
1023.31	87.140
1023.47	96.368
1023.63	87.234
1023.79	99.637
1023.95	83.522
1024.10	71.038
1024.26	87.187
1024.42	97.657
1024.58	94.118
1024.74	92.483
1024.90	78.615
1025.06	83.837
1025.22	93.161
1025.38	79.221
1025.54	81.500
1025.70	92.412
1025.86	87.850
1026.02	84.858
1026.18	81.081
1026.34	80.957
1026.50	85.797
1026.66	96.493
1026.82	74.750
1026.98	90.825
1027.13	95.469
1027.29	92.600
1027.45	81.170
1027.61	94.386
1027.77	89.686
1027.93	92.468
1028.09	78.261
1028.25	81.236
1028.41	87.653
1028.57	88.597
1028.73	83.801
1028.88	87.745
1029.04	100.000
1029.20	91.677
1029.36	89.888
1029.52	77.336
1029.68	86.910
1029.84	99.760
1030.00	87.453
1030.16	92.972
1030.32	99.150
1030.47	93.487
1030.63	92.486
1030.79	112.914
1030.95	87.049
1031.11	87.456
1031.27	101.136
1031.43	107.298
1031.59	109.299
1031.74	107.810
1031.90	90.476
1032.06	96.774
1032.22	92.308
1032.38	83.206
1032.54	103.487
1032.69	92.991
1032.85	82.533
1033.01	90.603
1033.17	98.961
1033.33	102.119
1033.49	94.789
1033.65	101.730
1033.80	87.568
1033.96	106.016
1034.12	86.047
1034.28	97.010
1034.44	96.345
1034.60	99.839
1034.75	105.263
1034.91	92.706
1035.07	88.687
1035.23	99.179
1035.39	93.656
1035.54	93.109
1035.70	92.484
1035.86	98.491
1036.02	97.246
1036.18	102.288
1036.33	98.513
1036.49	97.814
1036.65	96.296
1036.81	95.114
1036.97	92.599
1037.12	109.915
1037.28	80.578
1037.44	80.421
1037.60	75.000
1037.76	123.222
1037.91	80.845
1038.07	91.121
1038.23	86.557
1038.39	98.957
1038.54	89.676
1038.70	81.672
1038.86	97.891
1039.02	101.812
1039.17	89.122
1039.33	88.119
1039.49	85.988
1039.65	87.822
1039.80	84.942
1039.96	89.855
1040.12	86.162
1040.28	89.542
>>>>> Data<<<<< Espectral Procesado Extremo
