Fichero De Datos De SpectraSuite
++++++++++++++++++++++++++++++++++++
Fecha: Mon Jul 06 11:08:39 CST 2026
Usuario: HP
Presente Oscuro Del Espectro: Sí
La Referencia de Presente Del Espectro De: Sí
Muestreados de los componentes de Número de espectros: 1
Espectrómetros: USB4H06056
Tiempo de integración (usec): 300000 (USB4H06056)
Promedio de Espectros Hechos un: 5 (USB4H06056)
El Alisar Del Furgón: 0 (USB4H06056)
Párrafo de de Corregir del la del del de Eléctrica del obscuridad: No (USB4H06056)
Estrobo/Lámpara Permitido: No (USB4H06056)
Correct for Detector Non-linearity: No (USB4H06056)
Párrafo de de Corregir del la del del de Externa del luz: No (USB4H06056)
Procesado del espectro de Número de pixeles en: 3648
>>>>> Comienza Data<<<<< Espectral Procesado Del EL
345.09	5.294
345.30	5.294
345.52	5.294
345.74	426.667
345.95	0.000
346.17	102.880
346.39	111.149
346.60	113.689
346.82	110.743
347.04	120.405
347.25	119.339
347.47	118.992
347.69	195.405
347.90	91.690
348.12	130.864
348.34	119.706
348.56	133.084
348.77	107.751
348.99	116.556
349.21	129.738
349.42	109.641
349.64	98.841
349.86	111.678
350.07	100.538
350.29	133.702
350.51	103.626
350.72	98.481
350.94	134.746
351.16	103.593
351.37	101.182
351.59	96.340
351.81	132.406
352.02	128.175
352.24	94.386
352.46	104.115
352.67	98.678
352.89	101.736
353.10	100.000
353.32	100.905
353.54	122.328
353.75	103.936
353.97	97.669
354.19	101.724
354.40	114.088
354.62	128.933
354.84	125.632
355.05	115.000
355.27	103.188
355.49	113.242
355.70	122.247
355.92	114.083
356.14	99.375
356.35	145.926
356.57	100.367
356.78	156.538
357.00	104.121
357.22	108.075
357.43	104.947
357.65	112.617
357.87	125.207
358.08	114.494
358.30	124.857
358.51	118.439
358.73	115.000
358.95	114.576
359.16	103.974
359.38	111.389
359.60	132.706
359.81	125.484
360.03	92.124
360.24	91.981
360.46	93.333
360.68	112.809
360.89	147.919
361.11	99.912
361.33	113.590
361.54	103.719
361.76	117.490
361.97	112.222
362.19	131.834
362.41	120.000
362.62	137.516
362.84	121.065
363.05	116.723
363.27	111.841
363.49	100.541
363.70	90.187
363.92	144.835
364.13	123.704
364.35	104.699
364.57	99.886
364.78	105.648
365.00	134.159
365.21	108.844
365.43	113.068
365.65	109.158
365.86	103.196
366.08	100.471
366.29	100.227
366.51	110.514
366.73	101.622
366.94	136.329
367.16	95.362
367.37	115.900
367.59	141.887
367.80	118.060
368.02	96.898
368.24	112.814
368.45	112.333
368.67	111.268
368.88	137.250
369.10	104.878
369.31	121.198
369.53	132.269
369.75	135.628
369.96	101.527
370.18	121.818
370.39	116.163
370.61	111.083
370.82	98.413
371.04	105.838
371.26	117.778
371.47	110.000
371.69	123.025
371.90	117.709
372.12	109.589
372.33	95.135
372.55	101.463
372.76	115.673
372.98	104.024
373.20	107.065
373.41	94.071
373.63	106.864
373.84	93.706
374.06	114.941
374.27	115.846
374.49	127.907
374.70	120.325
374.92	98.721
375.13	115.652
375.35	101.914
375.57	81.829
375.78	122.754
376.00	114.350
376.21	100.818
376.43	118.509
376.64	95.607
376.86	101.834
377.07	103.774
377.29	110.839
377.50	87.810
377.72	117.949
377.93	110.909
378.15	103.727
378.36	124.024
378.58	108.043
378.80	99.355
379.01	174.762
379.23	116.552
379.44	104.156
379.66	122.703
379.87	133.433
380.09	130.946
380.30	111.494
380.52	100.148
380.73	137.846
380.95	129.932
381.16	109.502
381.38	110.136
381.59	105.371
381.81	100.353
382.02	109.754
382.24	149.533
382.45	100.581
382.67	105.865
382.88	125.897
383.10	123.982
383.31	92.061
383.53	140.153
383.74	112.549
383.96	103.786
384.17	116.667
384.39	130.256
384.60	116.108
384.82	108.973
385.03	83.051
385.25	131.376
385.46	114.545
385.68	109.274
385.89	98.281
386.11	102.616
386.32	104.145
386.54	127.356
386.75	119.470
386.97	129.600
387.18	114.457
387.40	110.168
387.61	142.381
387.83	100.263
388.04	105.526
388.25	126.667
388.47	97.740
388.68	93.032
388.90	119.029
389.11	123.206
389.33	106.364
389.54	127.853
389.76	104.197
389.97	115.525
390.19	122.405
390.40	100.565
390.62	100.857
390.83	111.366
391.05	118.866
391.26	127.059
391.47	107.698
391.69	138.247
391.90	97.576
392.12	105.560
392.33	110.133
392.55	109.825
392.76	100.173
392.98	96.095
393.19	113.557
393.41	113.469
393.62	114.286
393.83	113.107
394.05	104.057
394.26	96.046
394.48	128.300
394.69	115.196
394.91	101.466
395.12	103.775
395.34	101.461
395.55	103.333
395.76	98.879
395.98	110.460
396.19	125.189
396.41	119.784
396.62	109.327
396.84	91.419
397.05	98.476
397.26	106.636
397.48	114.435
397.69	140.103
397.91	113.663
398.12	109.398
398.33	89.482
398.55	103.004
398.76	130.488
398.98	91.250
399.19	101.196
399.41	97.285
399.62	106.321
399.83	93.311
400.05	127.429
400.26	97.118
400.48	95.524
400.69	101.104
400.90	103.236
401.12	87.176
401.33	104.000
401.55	106.567
401.76	159.084
401.97	103.984
402.19	99.592
402.40	114.189
402.62	104.534
402.83	101.296
403.04	98.333
403.26	104.964
403.47	115.047
403.69	114.444
403.90	89.281
404.11	108.927
404.33	101.356
404.54	108.839
404.76	89.703
404.97	90.783
405.18	89.310
405.40	120.128
405.61	99.716
405.83	107.810
406.04	120.220
406.25	97.500
406.47	101.794
406.68	130.259
406.89	112.346
407.11	110.574
407.32	97.093
407.54	102.176
407.75	101.127
407.96	108.185
408.18	99.829
408.39	130.458
408.60	106.842
408.82	97.656
409.03	88.063
409.24	92.906
409.46	85.057
409.67	90.526
409.89	94.296
410.10	91.957
410.31	96.618
410.53	86.242
410.74	95.590
410.95	85.691
411.17	106.475
411.38	87.461
411.59	75.956
411.81	94.846
412.02	94.568
412.23	97.009
412.45	86.489
412.66	95.060
412.87	87.036
413.09	86.221
413.30	100.000
413.51	91.447
413.73	82.741
413.94	84.278
414.15	86.014
414.37	84.088
414.58	93.650
414.79	91.160
415.01	85.417
415.22	94.411
415.43	81.205
415.65	92.346
415.86	83.042
416.07	82.895
416.29	77.665
416.50	87.097
416.71	71.195
416.93	85.164
417.14	92.299
417.35	83.094
417.57	73.310
417.78	69.322
417.99	73.996
418.21	76.193
418.42	71.429
418.63	67.486
418.85	38.969
419.06	67.916
419.27	74.407
419.48	70.343
419.70	87.307
419.91	76.512
420.12	58.884
420.34	75.739
420.55	66.261
420.76	67.221
420.98	69.522
421.19	69.947
421.40	69.376
421.61	66.619
421.83	64.948
422.04	67.225
422.25	70.541
422.47	67.724
422.68	58.060
422.89	62.911
423.11	63.242
423.32	62.072
423.53	67.473
423.74	53.482
423.96	56.822
424.17	69.432
424.38	59.850
424.59	58.900
424.81	59.797
425.02	52.863
425.23	55.901
425.45	46.298
425.66	60.145
425.87	50.551
426.08	51.308
426.30	56.029
426.51	63.580
426.72	58.935
426.93	49.777
427.15	52.993
427.36	54.767
427.57	51.544
427.79	50.221
428.00	43.918
428.21	90.577
428.42	51.733
428.64	47.041
428.85	45.667
429.06	52.739
429.27	49.083
429.49	48.701
429.70	48.311
429.91	50.347
430.12	56.248
430.34	45.408
430.55	45.132
430.76	42.903
430.97	47.928
431.19	43.242
431.40	49.887
431.61	36.231
431.82	44.467
432.03	36.281
432.25	47.466
432.46	42.412
432.67	48.655
432.88	42.396
433.10	39.235
433.31	41.788
433.52	39.611
433.73	41.461
433.95	40.693
434.16	43.407
434.37	48.377
434.58	45.511
434.79	38.816
435.01	46.264
435.22	40.562
435.43	46.382
435.64	47.926
435.86	43.554
436.07	37.797
436.28	41.830
436.49	38.567
436.70	39.558
436.92	42.649
437.13	41.835
437.34	36.376
437.55	40.635
437.76	38.480
437.98	37.561
438.19	39.733
438.40	43.045
438.61	39.767
438.82	33.076
439.04	36.579
439.25	43.715
439.46	37.531
439.67	37.905
439.88	39.568
440.10	43.030
440.31	42.522
440.52	38.055
440.73	39.363
440.94	40.342
441.16	40.606
441.37	34.300
441.58	38.072
441.79	39.395
442.00	41.445
442.21	38.143
442.43	35.115
442.64	37.054
442.85	39.954
443.06	37.305
443.27	34.955
443.48	38.357
443.70	39.370
443.91	38.149
444.12	33.612
444.33	36.865
444.54	40.798
444.75	42.951
444.97	37.481
445.18	37.360
445.39	36.752
445.60	34.979
445.81	34.903
446.02	35.667
446.24	42.924
446.45	35.430
446.66	33.803
446.87	39.486
447.08	34.358
447.29	31.838
447.51	39.724
447.72	33.606
447.93	36.971
448.14	37.674
448.35	32.646
448.56	39.764
448.77	37.985
448.99	33.894
449.20	36.946
449.41	39.388
449.62	34.130
449.83	36.726
450.04	35.851
450.25	41.412
450.46	33.775
450.68	29.757
450.89	33.424
451.10	35.783
451.31	39.103
451.52	31.222
451.73	30.610
451.94	31.971
452.15	33.601
452.37	31.869
452.58	32.716
452.79	36.735
453.00	31.733
453.21	33.556
453.42	32.318
453.63	38.875
453.84	34.437
454.06	35.141
454.27	34.764
454.48	34.660
454.69	33.323
454.90	32.176
455.11	34.410
455.32	35.184
455.53	36.922
455.74	31.397
455.95	35.308
456.17	32.736
456.38	35.969
456.59	32.106
456.80	32.336
457.01	31.528
457.22	33.745
457.43	34.116
457.64	32.105
457.85	33.009
458.06	32.898
458.27	30.766
458.49	32.962
458.70	38.035
458.91	35.211
459.12	33.606
459.33	34.182
459.54	34.052
459.75	34.763
459.96	32.131
460.17	32.081
460.38	34.405
460.59	38.033
460.80	33.565
461.01	32.233
461.23	35.932
461.44	33.763
461.65	31.455
461.86	35.300
462.07	33.191
462.28	39.560
462.49	34.255
462.70	30.837
462.91	33.561
463.12	31.597
463.33	32.489
463.54	30.926
463.75	38.097
463.96	35.882
464.17	31.465
464.38	31.918
464.59	33.477
464.81	35.125
465.02	36.424
465.23	31.066
465.44	35.554
465.65	36.491
465.86	35.952
466.07	30.337
466.28	35.835
466.49	35.839
466.70	30.479
466.91	31.828
467.12	33.489
467.33	36.413
467.54	29.081
467.75	31.764
467.96	33.882
468.17	33.005
468.38	28.836
468.59	32.864
468.80	33.298
469.01	29.577
469.22	30.973
469.43	31.450
469.64	34.878
469.85	32.794
470.06	29.730
470.27	30.313
470.48	40.100
470.69	32.315
470.90	32.166
471.11	31.206
471.32	34.144
471.53	33.365
471.74	27.765
471.95	32.362
472.16	36.466
472.37	29.213
472.58	30.576
472.79	34.223
473.00	32.778
473.21	31.784
473.42	30.167
473.63	31.436
473.84	31.640
474.05	30.705
474.26	31.526
474.47	30.006
474.68	33.918
474.89	33.131
475.10	31.228
475.31	31.790
475.52	32.257
475.73	34.846
475.94	30.621
476.15	29.542
476.36	35.017
476.57	30.828
476.78	28.734
476.99	30.651
477.20	31.505
477.41	31.637
477.62	29.564
477.83	30.911
478.04	28.786
478.25	33.253
478.46	27.943
478.67	29.869
478.88	32.892
479.09	30.721
479.30	28.453
479.51	26.775
479.72	28.141
479.93	34.368
480.14	28.323
480.35	29.079
480.56	30.536
480.77	31.218
480.98	28.685
481.18	29.872
481.39	29.956
481.60	28.840
481.81	27.058
482.02	29.732
482.23	32.294
482.44	30.234
482.65	28.844
482.86	29.278
483.07	32.602
483.28	30.962
483.49	27.916
483.70	29.934
483.91	30.918
484.12	29.306
484.33	28.172
484.53	28.619
484.74	31.478
484.95	28.353
485.16	29.378
485.37	29.485
485.58	32.994
485.79	30.348
486.00	27.902
486.21	25.734
486.42	29.637
486.63	30.463
486.84	29.296
487.05	28.680
487.25	28.368
487.46	30.237
487.67	28.652
487.88	29.187
488.09	29.518
488.30	29.741
488.51	24.589
488.72	28.310
488.93	30.349
489.14	28.695
489.35	27.023
489.55	27.269
489.76	28.732
489.97	30.187
490.18	27.812
490.39	28.649
490.60	29.282
490.81	29.387
491.02	27.614
491.23	28.732
491.43	28.824
491.64	28.876
491.85	27.308
492.06	29.690
492.27	28.189
492.48	28.957
492.69	26.949
492.90	27.369
493.11	26.648
493.31	32.118
493.52	28.228
493.73	29.301
493.94	27.555
494.15	28.511
494.36	27.446
494.57	29.027
494.78	27.244
494.98	28.142
495.19	28.977
495.40	28.064
495.61	30.622
495.82	28.702
496.03	27.284
496.24	26.985
496.44	28.381
496.65	28.269
496.86	26.646
497.07	28.766
497.28	32.072
497.49	28.571
497.70	27.425
497.90	27.924
498.11	29.258
498.32	29.640
498.53	27.108
498.74	27.842
498.95	29.712
499.15	30.555
499.36	28.337
499.57	28.460
499.78	29.151
499.99	28.610
500.20	26.531
500.40	26.966
500.61	26.702
500.82	28.286
501.03	26.933
501.24	28.113
501.45	29.120
501.65	28.648
501.86	26.699
502.07	27.979
502.28	27.818
502.49	28.347
502.70	27.526
502.90	26.920
503.11	27.380
503.32	27.676
503.53	27.468
503.74	27.217
503.94	28.714
504.15	29.031
504.36	27.872
504.57	28.419
504.78	27.565
504.98	27.275
505.19	27.394
505.40	28.951
505.61	28.493
505.82	27.620
506.02	27.794
506.23	26.694
506.44	27.830
506.65	28.748
506.86	28.068
507.06	26.157
507.27	27.875
507.48	28.591
507.69	28.068
507.90	28.438
508.10	29.080
508.31	30.976
508.52	28.198
508.73	28.568
508.94	28.302
509.14	28.410
509.35	27.843
509.56	27.283
509.77	28.366
509.97	28.283
510.18	26.404
510.39	27.958
510.60	28.920
510.80	28.817
511.01	27.801
511.22	27.982
511.43	28.652
511.64	30.303
511.84	27.208
512.05	28.426
512.26	28.444
512.47	28.972
512.67	28.857
512.88	27.864
513.09	29.882
513.30	29.273
513.50	27.371
513.71	28.028
513.92	29.344
514.13	30.230
514.33	27.831
514.54	28.009
514.75	27.963
514.96	29.008
515.16	28.023
515.37	28.697
515.58	28.124
515.78	29.263
515.99	28.414
516.20	29.747
516.41	29.415
516.61	29.793
516.82	29.670
517.03	28.488
517.24	29.936
517.44	29.089
517.65	28.717
517.86	29.199
518.07	29.843
518.27	30.766
518.48	30.008
518.69	29.567
518.89	30.772
519.10	31.616
519.31	29.846
519.52	29.412
519.72	31.236
519.93	29.794
520.14	29.224
520.34	29.600
520.55	31.011
520.76	30.713
520.96	30.415
521.17	29.953
521.38	31.006
521.59	31.010
521.79	30.489
522.00	29.919
522.21	31.460
522.41	31.619
522.62	30.542
522.83	31.037
523.03	32.530
523.24	34.503
523.45	32.303
523.66	31.786
523.86	32.565
524.07	31.974
524.28	31.262
524.48	31.813
524.69	37.076
524.90	33.843
525.10	32.535
525.31	31.819
525.52	33.137
525.72	33.486
525.93	32.178
526.14	32.356
526.34	34.283
526.55	33.188
526.76	33.149
526.96	33.196
527.17	33.193
527.38	33.546
527.58	32.397
527.79	33.715
528.00	33.111
528.20	33.823
528.41	34.830
528.62	34.013
528.82	34.538
529.03	33.890
529.24	34.101
529.44	33.952
529.65	34.945
529.85	34.145
530.06	34.856
530.27	35.379
530.47	34.660
530.68	36.009
530.89	34.541
531.09	34.798
531.30	35.102
531.51	36.016
531.71	36.530
531.92	34.829
532.13	34.821
532.33	35.789
532.54	37.142
532.74	36.479
532.95	36.759
533.16	35.989
533.36	35.108
533.57	35.299
533.78	36.317
533.98	35.704
534.19	35.122
534.39	36.795
534.60	36.893
534.81	36.405
535.01	35.587
535.22	35.906
535.42	36.617
535.63	36.336
535.84	36.385
536.04	36.828
536.25	37.742
536.45	37.044
536.66	35.776
536.87	36.397
537.07	35.956
537.28	35.886
537.48	38.154
537.69	36.540
537.90	37.505
538.10	37.592
538.31	36.712
538.51	36.614
538.72	36.994
538.93	36.933
539.13	36.653
539.34	38.123
539.54	37.817
539.75	38.373
539.96	38.469
540.16	38.235
540.37	38.336
540.57	38.020
540.78	36.926
540.98	37.691
541.19	38.174
541.40	38.572
541.60	37.073
541.81	38.103
542.01	37.734
542.22	38.749
542.42	37.940
542.63	36.923
542.83	37.200
543.04	39.580
543.25	37.098
543.45	37.638
543.66	39.837
543.86	39.142
544.07	37.889
544.27	37.365
544.48	38.871
544.68	37.413
544.89	37.464
545.10	38.086
545.30	38.724
545.51	39.487
545.71	38.116
545.92	38.256
546.12	38.766
546.33	39.626
546.53	37.689
546.74	38.816
546.94	38.103
547.15	37.901
547.36	37.515
547.56	38.305
547.77	37.704
547.97	39.187
548.18	36.927
548.38	38.659
548.59	38.074
548.79	38.316
549.00	38.331
549.20	38.445
549.41	38.229
549.61	37.802
549.82	38.663
550.02	37.894
550.23	38.408
550.43	38.969
550.64	38.214
550.84	38.229
551.05	38.528
551.25	37.869
551.46	37.675
551.66	36.948
551.87	38.226
552.07	39.243
552.28	38.398
552.48	37.977
552.69	38.498
552.89	38.844
553.10	37.743
553.30	38.216
553.51	38.885
553.71	39.449
553.92	37.872
554.12	37.599
554.33	40.043
554.53	38.343
554.74	37.647
554.94	38.212
555.15	38.715
555.35	38.538
555.56	38.774
555.76	38.316
555.97	38.118
556.17	38.140
556.38	38.581
556.58	39.012
556.78	39.286
556.99	38.944
557.19	37.879
557.40	38.173
557.60	38.363
557.81	38.021
558.01	38.327
558.22	38.117
558.42	39.325
558.63	39.269
558.83	38.376
559.04	37.448
559.24	38.830
559.44	38.683
559.65	37.782
559.85	37.658
560.06	37.421
560.26	38.921
560.47	37.908
560.67	40.525
560.88	38.621
561.08	38.710
561.28	37.686
561.49	37.444
561.69	37.910
561.90	37.930
562.10	38.195
562.31	37.785
562.51	39.366
562.71	37.993
562.92	38.420
563.12	37.404
563.33	38.719
563.53	38.127
563.74	37.766
563.94	37.638
564.14	38.347
564.35	37.714
564.55	36.881
564.76	36.768
564.96	38.412
565.17	37.586
565.37	38.278
565.57	36.769
565.78	38.087
565.98	36.850
566.19	36.678
566.39	36.737
566.59	37.563
566.80	36.910
567.00	37.281
567.21	37.120
567.41	38.326
567.61	37.483
567.82	36.520
568.02	36.462
568.23	37.717
568.43	36.662
568.63	36.876
568.84	37.273
569.04	36.268
569.24	36.750
569.45	35.558
569.65	35.676
569.86	36.810
570.06	36.708
570.26	36.779
570.47	35.138
570.67	35.480
570.87	35.157
571.08	35.897
571.28	35.608
571.49	36.652
571.69	35.001
571.89	34.885
572.10	35.379
572.30	35.378
572.50	35.478
572.71	35.342
572.91	35.429
573.11	35.208
573.32	37.152
573.52	34.935
573.73	34.747
573.93	34.946
574.13	34.694
574.34	34.997
574.54	33.975
574.74	34.248
574.95	37.414
575.15	34.652
575.35	33.459
575.56	34.928
575.76	35.044
575.96	34.224
576.17	33.950
576.37	35.034
576.57	33.786
576.78	33.638
576.98	33.942
577.18	34.445
577.39	35.179
577.59	33.164
577.79	33.794
578.00	34.328
578.20	34.424
578.40	33.526
578.61	32.637
578.81	34.248
579.01	33.041
579.22	33.504
579.42	32.559
579.62	32.861
579.82	33.100
580.03	33.059
580.23	32.383
580.43	32.762
580.64	33.071
580.84	32.068
581.04	32.843
581.25	33.580
581.45	32.350
581.65	32.212
581.86	32.725
582.06	32.794
582.26	31.775
582.46	31.528
582.67	31.610
582.87	32.979
583.07	32.659
583.28	32.099
583.48	32.196
583.68	32.535
583.88	32.527
584.09	32.115
584.29	32.320
584.49	32.159
584.70	31.936
584.90	31.016
585.10	31.981
585.30	31.560
585.51	31.650
585.71	31.434
585.91	31.175
586.11	31.164
586.32	31.628
586.52	31.033
586.72	31.081
586.92	31.726
587.13	31.232
587.33	30.608
587.53	30.638
587.74	31.581
587.94	31.075
588.14	30.891
588.34	34.387
588.55	31.203
588.75	30.915
588.95	30.515
589.15	31.181
589.36	30.341
589.56	30.941
589.76	30.397
589.96	30.322
590.16	31.367
590.37	30.987
590.57	30.073
590.77	30.466
590.97	30.113
591.18	29.878
591.38	30.447
591.58	37.877
591.78	30.483
591.99	30.748
592.19	29.943
592.39	30.336
592.59	30.859
592.79	30.991
593.00	30.150
593.20	29.923
593.40	30.354
593.60	31.458
593.81	29.699
594.01	30.846
594.21	29.568
594.41	30.498
594.61	29.825
594.82	30.236
595.02	30.511
595.22	29.671
595.42	30.093
595.62	29.297
595.83	29.980
596.03	30.226
596.23	29.897
596.43	29.548
596.63	30.203
596.84	29.877
597.04	29.562
597.24	29.666
597.44	29.608
597.64	29.809
597.84	29.358
598.05	29.876
598.25	29.916
598.45	29.785
598.65	29.822
598.85	29.454
599.06	30.091
599.26	29.916
599.46	29.329
599.66	29.767
599.86	30.060
600.06	30.505
600.27	29.342
600.47	29.377
600.67	29.118
600.87	29.051
601.07	29.326
601.27	29.729
601.48	29.250
601.68	30.318
601.88	29.554
602.08	29.733
602.28	28.982
602.48	29.951
602.68	29.974
602.89	29.370
603.09	30.278
603.29	30.089
603.49	28.953
603.69	29.251
603.89	29.464
604.09	29.499
604.30	29.511
604.50	29.005
604.70	29.078
604.90	28.821
605.10	28.400
605.30	28.556
605.50	29.478
605.71	29.437
605.91	28.767
606.11	28.999
606.31	29.718
606.51	31.192
606.71	29.309
606.91	28.696
607.11	28.251
607.32	29.543
607.52	29.334
607.72	29.250
607.92	29.410
608.12	29.398
608.32	28.392
608.52	28.688
608.72	29.478
608.92	30.191
609.12	28.082
609.33	29.195
609.53	28.942
609.73	29.082
609.93	28.214
610.13	28.590
610.33	28.881
610.53	29.257
610.73	29.426
610.93	28.799
611.13	28.779
611.34	29.216
611.54	28.435
611.74	28.372
611.94	28.323
612.14	28.321
612.34	28.551
612.54	28.818
612.74	29.236
612.94	28.432
613.14	28.315
613.34	28.557
613.54	28.497
613.74	28.390
613.95	28.287
614.15	28.316
614.35	28.887
614.55	28.392
614.75	28.086
614.95	28.374
615.15	28.225
615.35	28.182
615.55	28.027
615.75	28.159
615.95	28.700
616.15	28.419
616.35	28.156
616.55	28.407
616.75	27.736
616.95	29.053
617.15	27.501
617.35	28.062
617.56	28.437
617.76	28.621
617.96	28.130
618.16	28.097
618.36	27.724
618.56	28.177
618.76	27.526
618.96	27.978
619.16	27.747
619.36	28.241
619.56	27.701
619.76	27.820
619.96	27.819
620.16	27.908
620.36	27.617
620.56	27.860
620.76	28.264
620.96	27.444
621.16	27.686
621.36	27.455
621.56	28.412
621.76	28.542
621.96	27.104
622.16	27.610
622.36	27.301
622.56	27.891
622.76	27.142
622.96	27.071
623.16	27.450
623.36	27.005
623.56	27.522
623.76	26.635
623.96	27.911
624.16	27.286
624.36	27.207
624.56	27.199
624.76	28.412
624.96	27.376
625.16	27.441
625.36	26.942
625.56	27.818
625.76	27.824
625.96	27.170
626.16	27.302
626.36	27.117
626.56	28.000
626.76	27.342
626.96	27.271
627.16	27.429
627.36	27.134
627.56	27.006
627.76	27.245
627.96	27.577
628.16	28.024
628.36	26.793
628.56	26.892
628.75	27.711
628.95	27.538
629.15	27.262
629.35	27.267
629.55	26.860
629.75	27.990
629.95	26.505
630.15	27.260
630.35	27.726
630.55	27.424
630.75	27.203
630.95	26.729
631.15	27.353
631.35	26.580
631.55	26.606
631.75	27.171
631.95	27.644
632.15	27.461
632.34	26.815
632.54	27.262
632.74	26.961
632.94	27.411
633.14	26.935
633.34	26.959
633.54	26.611
633.74	26.728
633.94	26.949
634.14	26.545
634.34	26.896
634.54	27.945
634.74	26.376
634.93	26.858
635.13	26.492
635.33	27.935
635.53	27.044
635.73	27.424
635.93	27.719
636.13	26.497
636.33	26.988
636.53	27.124
636.73	27.753
636.93	27.134
637.12	26.668
637.32	26.744
637.52	27.141
637.72	27.081
637.92	26.516
638.12	27.021
638.32	27.815
638.52	26.442
638.72	26.365
638.91	26.915
639.11	26.459
639.31	26.760
639.51	26.696
639.71	25.531
639.91	26.319
640.11	27.206
640.31	26.022
640.50	27.011
640.70	26.372
640.90	26.556
641.10	26.090
641.30	26.707
641.50	26.752
641.70	26.684
641.89	25.684
642.09	26.152
642.29	26.649
642.49	25.916
642.69	25.817
642.89	25.343
643.09	25.961
643.28	26.241
643.48	25.751
643.68	25.474
643.88	25.779
644.08	25.544
644.28	25.910
644.48	25.389
644.67	25.868
644.87	25.511
645.07	25.578
645.27	25.261
645.47	25.452
645.67	25.802
645.86	25.164
646.06	25.940
646.26	25.876
646.46	25.638
646.66	25.139
646.85	25.546
647.05	26.176
647.25	25.377
647.45	25.217
647.65	25.468
647.85	25.808
648.04	25.849
648.24	25.412
648.44	25.615
648.64	26.084
648.84	25.366
649.03	24.992
649.23	25.045
649.43	25.586
649.63	25.601
649.83	25.660
650.02	25.466
650.22	24.986
650.42	25.680
650.62	25.086
650.82	25.174
651.01	25.672
651.21	25.332
651.41	25.247
651.61	24.944
651.81	25.407
652.00	25.374
652.20	24.629
652.40	24.857
652.60	24.855
652.79	25.665
652.99	24.237
653.19	24.378
653.39	25.269
653.59	25.586
653.78	24.848
653.98	24.864
654.18	26.388
654.38	25.816
654.57	24.985
654.77	25.638
654.97	25.037
655.17	25.151
655.36	25.138
655.56	25.229
655.76	24.689
655.96	25.333
656.15	24.743
656.35	24.686
656.55	25.204
656.75	24.836
656.94	24.091
657.14	25.102
657.34	25.242
657.54	24.968
657.73	24.729
657.93	24.549
658.13	24.947
658.33	24.177
658.52	24.230
658.72	26.756
658.92	24.190
659.11	26.482
659.31	25.010
659.51	24.492
659.71	24.473
659.90	25.326
660.10	24.937
660.30	24.831
660.50	24.701
660.69	24.791
660.89	24.623
661.09	24.073
661.28	24.420
661.48	25.130
661.68	24.656
661.87	24.394
662.07	24.725
662.27	25.204
662.47	24.251
662.66	24.497
662.86	24.958
663.06	24.701
663.25	24.085
663.45	24.276
663.65	24.643
663.84	24.788
664.04	24.429
664.24	24.352
664.44	24.564
664.63	24.776
664.83	24.208
665.03	24.475
665.22	24.590
665.42	23.811
665.62	24.175
665.81	24.333
666.01	24.859
666.21	25.628
666.40	24.610
666.60	24.755
666.80	24.602
666.99	26.134
667.19	24.142
667.39	24.899
667.58	25.067
667.78	25.297
667.98	24.299
668.17	24.299
668.37	24.992
668.57	24.965
668.76	24.392
668.96	24.451
669.16	24.312
669.35	24.548
669.55	24.665
669.74	24.475
669.94	24.146
670.14	25.089
670.33	25.084
670.53	24.432
670.73	24.466
670.92	25.135
671.12	23.651
671.32	24.229
671.51	25.200
671.71	24.958
671.90	24.688
672.10	24.653
672.30	25.193
672.49	24.227
672.69	24.528
672.89	24.588
673.08	24.182
673.28	24.820
673.47	24.259
673.67	24.352
673.87	24.709
674.06	24.511
674.26	24.299
674.45	24.643
674.65	24.213
674.85	24.145
675.04	24.472
675.24	24.171
675.43	24.632
675.63	25.556
675.83	24.332
676.02	24.240
676.22	24.814
676.41	24.636
676.61	24.221
676.81	24.564
677.00	25.110
677.20	25.066
677.39	24.564
677.59	24.069
677.79	25.197
677.98	24.757
678.18	24.555
678.37	24.471
678.57	24.358
678.76	25.027
678.96	24.869
679.16	24.994
679.35	24.643
679.55	24.995
679.74	24.870
679.94	24.850
680.13	25.434
680.33	24.990
680.53	24.510
680.72	24.992
680.92	24.732
681.11	24.552
681.31	24.955
681.50	24.945
681.70	24.798
681.89	24.940
682.09	24.460
682.28	24.378
682.48	25.554
682.68	25.359
682.87	24.780
683.07	24.838
683.26	25.302
683.46	24.756
683.65	25.205
683.85	24.683
684.04	25.022
684.24	24.654
684.43	24.951
684.63	24.775
684.82	24.938
685.02	24.832
685.21	24.761
685.41	24.402
685.60	24.723
685.80	25.415
686.00	24.839
686.19	24.772
686.39	25.197
686.58	25.114
686.78	24.487
686.97	23.970
687.17	25.466
687.36	25.693
687.56	24.547
687.75	24.950
687.95	25.440
688.14	25.463
688.34	25.188
688.53	24.823
688.73	25.416
688.92	25.110
689.12	25.593
689.31	25.056
689.51	24.829
689.70	25.413
689.89	25.428
690.09	25.143
690.28	25.470
690.48	25.433
690.67	24.977
690.87	25.471
691.06	25.470
691.26	25.193
691.45	26.169
691.65	25.110
691.84	26.218
692.04	26.427
692.23	25.629
692.43	25.305
692.62	26.759
692.82	26.292
693.01	25.953
693.20	25.779
693.40	27.099
693.59	26.630
693.79	25.852
693.98	26.308
694.18	26.898
694.37	27.035
694.57	26.692
694.76	26.916
694.95	26.860
695.15	27.190
695.34	27.183
695.54	27.224
695.73	27.681
695.93	27.831
696.12	28.304
696.32	28.038
696.51	28.264
696.70	28.451
696.90	27.867
697.09	28.658
697.29	29.007
697.48	29.921
697.67	28.785
697.87	29.794
698.06	30.250
698.26	30.556
698.45	29.485
698.65	30.171
698.84	30.771
699.03	30.988
699.23	31.083
699.42	31.505
699.62	31.354
699.81	31.341
700.00	31.635
700.20	31.989
700.39	32.560
700.59	33.015
700.78	33.134
700.97	32.787
701.17	33.332
701.36	34.021
701.56	33.928
701.75	34.259
701.94	34.842
702.14	34.076
702.33	34.536
702.52	35.673
702.72	36.046
702.91	36.688
703.11	36.353
703.30	36.797
703.49	36.672
703.69	37.151
703.88	37.396
704.07	37.290
704.27	38.040
704.46	38.914
704.66	38.607
704.85	38.199
705.04	38.847
705.24	39.174
705.43	39.224
705.62	39.114
705.82	40.011
706.01	40.210
706.20	40.307
706.40	40.999
706.59	41.230
706.78	41.876
706.98	40.986
707.17	41.379
707.36	41.381
707.56	43.039
707.75	43.553
707.94	43.120
708.14	43.701
708.33	43.591
708.52	43.708
708.72	44.176
708.91	44.636
709.10	45.481
709.30	45.024
709.49	45.788
709.68	46.106
709.88	45.508
710.07	46.609
710.26	45.454
710.46	46.754
710.65	47.421
710.84	47.029
711.04	47.057
711.23	47.556
711.42	48.113
711.61	49.152
711.81	48.544
712.00	48.788
712.19	48.630
712.39	48.465
712.58	49.069
712.77	50.581
712.97	50.329
713.16	49.912
713.35	50.767
713.54	49.796
713.74	51.218
713.93	50.905
714.12	51.845
714.32	52.040
714.51	51.356
714.70	51.835
714.89	52.842
715.09	52.334
715.28	53.082
715.47	53.963
715.66	53.316
715.86	54.465
716.05	54.102
716.24	54.036
716.44	55.605
716.63	54.480
716.82	54.653
717.01	54.949
717.21	55.539
717.40	55.567
717.59	55.277
717.78	55.445
717.98	55.342
718.17	56.657
718.36	56.618
718.55	56.045
718.75	57.213
718.94	57.541
719.13	58.921
719.32	57.549
719.52	57.597
719.71	59.560
719.90	58.157
720.09	58.765
720.28	58.492
720.48	60.150
720.67	59.137
720.86	59.832
721.05	60.108
721.25	60.555
721.44	60.069
721.63	60.717
721.82	60.584
722.01	61.571
722.21	61.447
722.40	61.538
722.59	61.885
722.78	61.713
722.98	62.019
723.17	61.813
723.36	62.400
723.55	61.903
723.74	62.985
723.94	63.245
724.13	63.435
724.32	63.569
724.51	63.764
724.70	63.790
724.89	63.356
725.09	65.218
725.28	65.489
725.47	64.580
725.66	65.350
725.85	65.420
726.05	65.483
726.24	65.594
726.43	65.648
726.62	67.224
726.81	66.464
727.00	66.483
727.20	66.689
727.39	67.464
727.58	66.937
727.77	66.866
727.96	66.581
728.15	66.770
728.35	67.366
728.54	67.263
728.73	68.318
728.92	68.700
729.11	68.401
729.30	68.964
729.50	68.969
729.69	70.112
729.88	69.022
730.07	69.114
730.26	68.847
730.45	70.296
730.64	71.047
730.84	70.649
731.03	70.186
731.22	69.858
731.41	69.530
731.60	70.449
731.79	70.945
731.98	71.640
732.18	72.170
732.37	72.030
732.56	71.297
732.75	72.254
732.94	71.728
733.13	72.307
733.32	72.394
733.51	73.218
733.71	71.631
733.90	72.045
734.09	73.363
734.28	72.425
734.47	73.321
734.66	73.074
734.85	73.942
735.04	72.422
735.23	73.371
735.42	72.891
735.62	74.465
735.81	73.980
736.00	73.992
736.19	74.370
736.38	74.719
736.57	75.035
736.76	74.366
736.95	74.062
737.14	74.745
737.33	74.187
737.52	76.029
737.72	75.128
737.91	74.070
738.10	75.379
738.29	75.932
738.48	75.362
738.67	75.936
738.86	74.824
739.05	75.094
739.24	75.433
739.43	75.156
739.62	76.229
739.81	76.403
740.00	74.943
740.19	76.171
740.39	77.361
740.58	76.683
740.77	76.774
740.96	76.210
741.15	77.186
741.34	76.714
741.53	76.120
741.72	77.452
741.91	77.327
742.10	77.185
742.29	75.677
742.48	76.610
742.67	77.118
742.86	76.461
743.05	78.843
743.24	76.667
743.43	78.713
743.62	78.545
743.81	78.204
744.00	77.797
744.19	78.218
744.38	78.942
744.57	77.694
744.76	78.455
744.95	78.837
745.14	77.603
745.33	79.407
745.52	78.107
745.71	79.899
745.90	78.788
746.09	77.960
746.28	78.455
746.47	79.439
746.66	79.807
746.85	78.484
747.04	79.318
747.23	79.005
747.42	78.046
747.61	78.621
747.80	78.844
747.99	79.707
748.18	79.268
748.37	79.486
748.56	79.339
748.75	79.216
748.94	78.956
749.13	79.652
749.32	80.265
749.51	79.268
749.70	80.158
749.89	79.191
750.08	78.977
750.27	79.072
750.46	79.882
750.65	80.698
750.84	80.740
751.03	79.304
751.22	80.307
751.41	80.262
751.60	79.897
751.79	78.835
751.98	80.196
752.17	80.420
752.36	80.025
752.55	80.025
752.74	78.867
752.93	80.165
753.12	80.139
753.30	79.643
753.49	80.388
753.68	80.348
753.87	81.086
754.06	80.767
754.25	80.215
754.44	79.658
754.63	80.419
754.82	80.489
755.01	80.258
755.20	80.069
755.39	80.198
755.58	81.598
755.77	79.033
755.96	80.357
756.14	79.785
756.33	80.760
756.52	79.676
756.71	80.463
756.90	80.342
757.09	80.048
757.28	81.734
757.47	81.046
757.66	79.752
757.85	81.682
758.04	80.025
758.22	81.832
758.41	80.370
758.60	81.671
758.79	80.591
758.98	79.850
759.17	80.406
759.36	81.125
759.55	81.441
759.74	80.386
759.92	81.357
760.11	81.914
760.30	80.930
760.49	80.651
760.68	80.482
760.87	81.363
761.06	79.786
761.25	80.570
761.43	80.455
761.62	79.595
761.81	81.451
762.00	80.127
762.19	80.015
762.38	81.360
762.57	80.555
762.76	80.518
762.94	81.322
763.13	80.141
763.32	81.221
763.51	80.398
763.70	80.911
763.89	79.595
764.07	81.948
764.26	80.032
764.45	81.965
764.64	79.475
764.83	79.923
765.02	80.326
765.21	80.919
765.39	79.985
765.58	80.132
765.77	80.055
765.96	80.895
766.15	80.832
766.34	80.785
766.52	80.975
766.71	80.689
766.90	80.856
767.09	81.208
767.28	80.634
767.46	81.307
767.65	81.976
767.84	80.702
768.03	81.012
768.22	80.502
768.40	82.187
768.59	82.235
768.78	81.707
768.97	80.921
769.16	81.449
769.34	80.506
769.53	80.371
769.72	80.817
769.91	81.528
770.10	80.464
770.28	80.149
770.47	81.788
770.66	82.531
770.85	81.385
771.04	82.364
771.22	79.765
771.41	80.074
771.60	80.482
771.79	79.849
771.98	79.682
772.16	81.853
772.35	81.035
772.54	81.690
772.73	81.030
772.91	81.354
773.10	82.059
773.29	81.696
773.48	82.126
773.66	80.982
773.85	80.957
774.04	79.686
774.23	81.543
774.41	81.111
774.60	81.570
774.79	81.376
774.98	81.303
775.16	82.334
775.35	81.181
775.54	81.951
775.73	80.665
775.91	81.560
776.10	81.557
776.29	80.444
776.48	81.298
776.66	81.497
776.85	82.465
777.04	81.256
777.23	81.548
777.41	80.874
777.60	81.690
777.79	80.893
777.97	81.344
778.16	81.973
778.35	81.269
778.54	80.726
778.72	79.547
778.91	81.059
779.10	81.361
779.28	79.986
779.47	79.566
779.66	81.385
779.85	80.744
780.03	82.045
780.22	80.479
780.41	82.045
780.59	81.491
780.78	81.627
780.97	80.069
781.15	81.862
781.34	82.489
781.53	81.014
781.71	79.776
781.90	82.082
782.09	80.602
782.27	80.355
782.46	80.337
782.65	81.775
782.84	80.609
783.02	80.495
783.21	79.963
783.40	82.069
783.58	81.533
783.77	81.972
783.96	81.368
784.14	80.609
784.33	81.227
784.52	80.616
784.70	81.638
784.89	82.696
785.07	80.081
785.26	80.685
785.45	81.404
785.63	81.466
785.82	80.635
786.01	81.273
786.19	81.232
786.38	81.276
786.57	81.939
786.75	82.146
786.94	81.112
787.13	80.051
787.31	79.894
787.50	80.597
787.68	81.258
787.87	80.807
788.06	80.710
788.24	80.565
788.43	81.343
788.62	81.259
788.80	81.330
788.99	80.708
789.17	81.739
789.36	81.232
789.55	80.971
789.73	81.008
789.92	80.822
790.10	81.268
790.29	81.377
790.48	81.128
790.66	82.766
790.85	81.245
791.03	82.158
791.22	81.177
791.41	80.644
791.59	80.266
791.78	82.001
791.96	81.288
792.15	80.695
792.34	82.301
792.52	79.795
792.71	82.154
792.89	80.729
793.08	81.209
793.27	80.494
793.45	80.576
793.64	78.764
793.82	80.808
794.01	81.806
794.19	80.274
794.38	80.269
794.57	81.430
794.75	81.645
794.94	80.325
795.12	81.560
795.31	80.383
795.49	80.186
795.68	80.977
795.86	81.645
796.05	80.446
796.24	81.541
796.42	80.905
796.61	80.742
796.79	81.328
796.98	81.317
797.16	81.597
797.35	80.885
797.53	80.333
797.72	82.008
797.90	80.537
798.09	81.507
798.27	81.003
798.46	80.268
798.65	80.765
798.83	80.689
799.02	81.769
799.20	82.182
799.39	79.893
799.57	81.376
799.76	80.900
799.94	80.639
800.13	81.028
800.31	80.336
800.50	82.299
800.68	81.337
800.87	80.448
801.05	80.845
801.24	81.456
801.42	79.689
801.61	80.988
801.79	81.798
801.98	79.493
802.16	80.917
802.35	81.259
802.53	81.695
802.72	80.235
802.90	80.102
803.09	80.036
803.27	80.872
803.46	81.472
803.64	80.940
803.83	81.363
804.01	81.457
804.20	80.831
804.38	80.818
804.56	80.636
804.75	80.122
804.93	82.826
805.12	80.827
805.30	79.017
805.49	82.038
805.67	81.827
805.86	81.390
806.04	80.689
806.23	80.513
806.41	80.590
806.59	80.975
806.78	81.289
806.96	81.545
807.15	81.299
807.33	80.950
807.52	81.611
807.70	81.930
807.89	80.933
808.07	81.403
808.25	81.740
808.44	81.116
808.62	80.227
808.81	81.708
808.99	79.202
809.18	80.679
809.36	80.285
809.54	79.985
809.73	79.973
809.91	79.135
810.10	79.216
810.28	80.548
810.47	81.048
810.65	81.260
810.83	80.482
811.02	79.954
811.20	80.578
811.39	79.780
811.57	81.204
811.75	80.864
811.94	79.141
812.12	82.039
812.31	80.592
812.49	81.870
812.67	80.826
812.86	80.197
813.04	80.128
813.23	80.277
813.41	80.521
813.59	79.995
813.78	81.108
813.96	81.307
814.14	80.365
814.33	81.244
814.51	80.252
814.70	82.138
814.88	80.715
815.06	81.437
815.25	80.921
815.43	80.460
815.61	81.523
815.80	80.836
815.98	79.918
816.16	82.317
816.35	81.358
816.53	80.352
816.72	81.407
816.90	81.995
817.08	81.255
817.27	80.510
817.45	80.708
817.63	81.317
817.82	80.934
818.00	80.945
818.18	80.900
818.37	82.174
818.55	80.716
818.73	81.039
818.92	79.122
819.10	82.216
819.28	81.510
819.47	81.209
819.65	81.227
819.83	81.784
820.02	83.122
820.20	81.499
820.38	81.411
820.57	80.208
820.75	79.493
820.93	80.398
821.11	80.792
821.30	81.106
821.48	81.307
821.66	79.954
821.85	80.786
822.03	81.144
822.21	80.375
822.40	80.962
822.58	81.459
822.76	80.730
822.94	80.074
823.13	80.899
823.31	80.404
823.49	80.064
823.68	81.130
823.86	79.912
824.04	81.656
824.22	80.260
824.41	79.712
824.59	81.417
824.77	81.085
824.96	81.498
825.14	81.761
825.32	79.635
825.50	80.155
825.69	79.622
825.87	81.132
826.05	81.123
826.23	80.017
826.42	81.120
826.60	81.178
826.78	81.154
826.96	80.642
827.15	80.886
827.33	80.972
827.51	80.073
827.69	81.487
827.88	81.243
828.06	79.720
828.24	80.717
828.42	80.193
828.61	81.127
828.79	81.396
828.97	80.625
829.15	82.423
829.34	80.889
829.52	80.089
829.70	81.241
829.88	81.080
830.06	79.450
830.25	81.774
830.43	80.254
830.61	81.958
830.79	81.984
830.97	80.219
831.16	81.527
831.34	80.352
831.52	80.310
831.70	80.721
831.89	80.170
832.07	80.944
832.25	82.285
832.43	83.297
832.61	82.219
832.80	81.140
832.98	80.459
833.16	80.482
833.34	81.195
833.52	80.838
833.70	81.383
833.89	81.338
834.07	81.629
834.25	80.927
834.43	80.451
834.61	82.525
834.80	81.071
834.98	81.509
835.16	81.300
835.34	81.287
835.52	80.984
835.70	80.331
835.89	80.920
836.07	80.462
836.25	81.181
836.43	80.024
836.61	82.811
836.79	80.592
836.97	79.166
837.16	80.365
837.34	80.396
837.52	81.075
837.70	80.552
837.88	81.463
838.06	81.308
838.24	80.562
838.43	81.104
838.61	81.788
838.79	82.117
838.97	80.789
839.15	81.746
839.33	80.589
839.51	80.851
839.70	81.258
839.88	82.480
840.06	81.974
840.24	81.751
840.42	80.802
840.60	79.629
840.78	81.412
840.96	81.482
841.14	81.439
841.33	80.535
841.51	81.483
841.69	80.472
841.87	79.914
842.05	80.556
842.23	81.632
842.41	81.678
842.59	81.165
842.77	80.308
842.95	80.123
843.14	80.381
843.32	80.985
843.50	81.647
843.68	80.609
843.86	82.228
844.04	81.459
844.22	79.701
844.40	81.377
844.58	80.855
844.76	80.890
844.94	80.704
845.12	80.343
845.30	81.236
845.49	80.510
845.67	81.595
845.85	80.464
846.03	81.859
846.21	83.032
846.39	81.866
846.57	80.302
846.75	80.328
846.93	80.901
847.11	81.785
847.29	80.774
847.47	80.851
847.65	81.924
847.83	81.043
848.01	81.417
848.19	80.166
848.37	80.221
848.55	81.167
848.73	81.541
848.91	80.705
849.09	80.977
849.27	82.198
849.46	82.511
849.64	80.288
849.82	79.599
850.00	80.105
850.18	80.187
850.36	80.425
850.54	80.816
850.72	78.651
850.90	80.058
851.08	81.548
851.26	79.935
851.44	79.789
851.62	81.489
851.80	80.597
851.98	80.703
852.16	81.819
852.34	81.690
852.52	80.296
852.70	81.183
852.88	81.002
853.06	80.119
853.24	80.069
853.42	81.054
853.60	81.719
853.78	82.608
853.96	80.272
854.14	81.384
854.31	80.673
854.49	81.866
854.67	80.511
854.85	80.451
855.03	80.832
855.21	80.711
855.39	80.548
855.57	80.570
855.75	81.321
855.93	83.595
856.11	80.097
856.29	79.478
856.47	81.273
856.65	80.856
856.83	80.458
857.01	80.818
857.19	80.221
857.37	81.529
857.55	81.227
857.73	81.033
857.91	79.906
858.09	80.946
858.26	81.843
858.44	81.387
858.62	81.409
858.80	81.709
858.98	81.688
859.16	81.685
859.34	81.010
859.52	81.578
859.70	80.254
859.88	80.745
860.06	80.852
860.24	83.071
860.42	81.800
860.59	80.961
860.77	81.115
860.95	80.797
861.13	82.372
861.31	79.205
861.49	82.286
861.67	80.472
861.85	80.907
862.03	81.412
862.21	80.543
862.38	81.935
862.56	80.582
862.74	82.890
862.92	79.733
863.10	81.149
863.28	81.359
863.46	78.970
863.64	81.406
863.82	82.126
863.99	80.250
864.17	81.907
864.35	78.856
864.53	81.436
864.71	80.408
864.89	79.517
865.07	81.549
865.24	82.243
865.42	80.578
865.60	81.332
865.78	82.468
865.96	81.952
866.14	79.452
866.32	82.379
866.49	80.837
866.67	81.362
866.85	82.356
867.03	80.822
867.21	79.804
867.39	79.824
867.56	81.770
867.74	80.136
867.92	80.764
868.10	81.975
868.28	81.842
868.46	82.876
868.63	80.911
868.81	81.277
868.99	81.809
869.17	80.183
869.35	79.224
869.53	81.784
869.70	82.362
869.88	81.703
870.06	80.944
870.24	82.132
870.42	80.226
870.59	80.875
870.77	80.774
870.95	80.214
871.13	80.139
871.31	81.395
871.48	81.074
871.66	81.233
871.84	82.491
872.02	82.052
872.20	81.988
872.37	82.768
872.55	80.255
872.73	82.824
872.91	81.194
873.08	81.303
873.26	81.366
873.44	80.562
873.62	82.100
873.80	82.410
873.97	80.943
874.15	81.333
874.33	80.547
874.51	80.756
874.68	81.916
874.86	81.326
875.04	80.248
875.22	78.261
875.39	83.296
875.57	80.772
875.75	80.516
875.93	81.328
876.10	83.070
876.28	81.723
876.46	81.290
876.64	81.683
876.81	83.667
876.99	81.131
877.17	79.545
877.35	81.273
877.52	80.925
877.70	81.333
877.88	80.785
878.06	81.426
878.23	82.326
878.41	82.027
878.59	80.933
878.76	82.421
878.94	81.933
879.12	79.995
879.30	79.638
879.47	81.635
879.65	80.498
879.83	82.152
880.00	82.726
880.18	82.052
880.36	82.166
880.53	81.429
880.71	79.737
880.89	82.778
881.07	82.911
881.24	82.515
881.42	80.122
881.60	81.704
881.77	82.343
881.95	82.538
882.13	80.259
882.30	81.843
882.48	82.932
882.66	81.557
882.83	81.630
883.01	81.294
883.19	80.746
883.36	82.183
883.54	79.846
883.72	81.272
883.89	82.887
884.07	82.486
884.25	83.174
884.42	82.844
884.60	80.219
884.78	81.956
884.95	83.639
885.13	81.771
885.31	82.254
885.48	80.348
885.66	82.191
885.84	80.608
886.01	79.837
886.19	79.768
886.36	83.661
886.54	80.761
886.72	82.153
886.89	81.631
887.07	81.281
887.25	82.165
887.42	82.019
887.60	82.261
887.78	84.413
887.95	82.770
888.13	80.838
888.30	81.455
888.48	81.070
888.66	81.352
888.83	82.941
889.01	79.600
889.18	81.882
889.36	82.767
889.54	82.585
889.71	79.858
889.89	80.809
890.06	81.449
890.24	80.951
890.42	81.281
890.59	83.021
890.77	81.183
890.94	81.861
891.12	80.542
891.30	80.330
891.47	83.316
891.65	80.065
891.82	83.286
892.00	81.941
892.17	82.047
892.35	80.995
892.53	81.598
892.70	82.558
892.88	84.092
893.05	82.697
893.23	84.121
893.40	81.554
893.58	82.470
893.75	81.430
893.93	81.877
894.11	81.502
894.28	80.467
894.46	82.583
894.63	83.330
894.81	80.198
894.98	81.672
895.16	79.989
895.33	81.329
895.51	79.172
895.68	82.593
895.86	80.957
896.04	80.648
896.21	81.683
896.39	81.430
896.56	81.268
896.74	81.140
896.91	80.329
897.09	83.077
897.26	79.839
897.44	81.157
897.61	82.287
897.79	82.605
897.96	82.874
898.14	82.934
898.31	79.989
898.49	81.301
898.66	80.942
898.84	80.296
899.01	81.814
899.19	80.622
899.36	82.703
899.54	81.115
899.71	81.818
899.89	82.670
900.06	80.885
900.24	80.838
900.41	82.689
900.59	81.339
900.76	82.652
900.94	83.244
901.11	81.560
901.29	81.856
901.46	80.267
901.63	81.331
901.81	81.966
901.98	81.986
902.16	83.690
902.33	81.200
902.51	82.972
902.68	81.078
902.86	81.759
903.03	80.593
903.21	80.252
903.38	83.521
903.56	79.897
903.73	81.037
903.90	81.535
904.08	82.280
904.25	82.581
904.43	83.344
904.60	82.309
904.78	81.370
904.95	84.223
905.12	82.135
905.30	82.488
905.47	81.765
905.65	81.845
905.82	83.058
906.00	83.234
906.17	81.242
906.34	81.627
906.52	81.395
906.69	82.179
906.87	82.787
907.04	81.917
907.21	82.365
907.39	80.305
907.56	82.552
907.74	81.749
907.91	81.286
908.08	81.319
908.26	82.578
908.43	79.198
908.61	80.755
908.78	82.424
908.95	82.071
909.13	83.380
909.30	81.634
909.48	80.699
909.65	81.791
909.82	81.625
910.00	80.691
910.17	80.258
910.34	82.736
910.52	82.144
910.69	81.186
910.87	82.723
911.04	81.683
911.21	83.059
911.39	83.221
911.56	82.086
911.73	82.002
911.91	80.788
912.08	81.687
912.25	82.591
912.43	81.701
912.60	82.045
912.77	82.935
912.95	81.726
913.12	81.160
913.29	84.349
913.47	82.292
913.64	82.268
913.81	82.769
913.99	81.482
914.16	82.613
914.33	81.444
914.51	83.529
914.68	82.418
914.85	81.402
915.03	82.347
915.20	81.893
915.37	80.201
915.55	82.348
915.72	80.842
915.89	82.465
916.07	80.421
916.24	81.904
916.41	81.590
916.59	80.496
916.76	81.828
916.93	81.132
917.10	81.114
917.28	83.476
917.45	82.731
917.62	81.440
917.80	83.393
917.97	81.252
918.14	82.311
918.31	82.367
918.49	80.676
918.66	82.446
918.83	82.672
919.01	80.618
919.18	79.881
919.35	81.828
919.52	81.041
919.70	82.358
919.87	79.909
920.04	78.617
920.21	81.991
920.39	83.804
920.56	80.457
920.73	82.237
920.90	80.502
921.08	80.864
921.25	80.947
921.42	81.725
921.59	83.759
921.77	81.361
921.94	82.184
922.11	81.197
922.28	82.109
922.46	83.112
922.63	82.672
922.80	82.076
922.97	85.025
923.15	83.804
923.32	82.442
923.49	82.915
923.66	82.201
923.83	81.129
924.01	82.838
924.18	83.044
924.35	80.946
924.52	80.931
924.69	83.019
924.87	84.017
925.04	82.766
925.21	80.866
925.38	82.222
925.55	81.543
925.73	82.317
925.90	81.644
926.07	81.387
926.24	84.425
926.41	80.902
926.59	82.630
926.76	79.944
926.93	83.088
927.10	84.021
927.27	83.593
927.45	81.499
927.62	79.688
927.79	84.151
927.96	83.093
928.13	81.292
928.30	82.635
928.48	82.624
928.65	83.692
928.82	82.492
928.99	85.110
929.16	84.324
929.33	83.526
929.50	83.232
929.68	81.973
929.85	81.159
930.02	79.896
930.19	84.587
930.36	83.330
930.53	86.584
930.70	80.547
930.88	82.478
931.05	83.206
931.22	83.194
931.39	82.233
931.56	84.021
931.73	81.982
931.90	79.252
932.08	80.550
932.25	82.474
932.42	86.252
932.59	81.246
932.76	84.533
932.93	82.433
933.10	82.984
933.27	80.079
933.44	83.713
933.62	79.873
933.79	84.021
933.96	84.344
934.13	82.804
934.30	81.488
934.47	84.810
934.64	84.592
934.81	81.265
934.98	79.857
935.15	82.322
935.32	82.656
935.50	81.400
935.67	86.942
935.84	85.813
936.01	86.825
936.18	84.320
936.35	85.518
936.52	84.266
936.69	86.872
936.86	83.675
937.03	78.299
937.20	82.770
937.37	88.701
937.54	83.893
937.71	87.730
937.89	83.388
938.06	83.352
938.23	86.660
938.40	79.034
938.57	89.438
938.74	89.980
938.91	86.904
939.08	87.928
939.25	84.076
939.42	89.902
939.59	88.606
939.76	86.838
939.93	82.063
940.10	89.630
940.27	88.656
940.44	91.866
940.61	84.235
940.78	92.396
940.95	87.635
941.12	89.212
941.29	85.006
941.46	89.912
941.63	87.967
941.80	89.481
941.97	86.808
942.14	86.904
942.31	84.394
942.48	90.509
942.65	92.163
942.82	83.342
942.99	87.690
943.16	81.709
943.33	89.644
943.50	91.013
943.67	90.365
943.84	84.669
944.01	94.116
944.18	91.366
944.35	84.101
944.52	86.114
944.69	95.078
944.86	87.983
945.03	92.664
945.20	95.276
945.37	87.794
945.54	89.088
945.71	92.569
945.88	84.163
946.05	85.987
946.22	83.595
946.39	87.507
946.56	85.455
946.73	92.433
946.90	91.390
947.07	96.445
947.23	87.224
947.40	89.945
947.57	87.073
947.74	83.890
947.91	97.976
948.08	84.157
948.25	88.243
948.42	85.226
948.59	84.054
948.76	86.803
948.93	90.930
949.10	88.148
949.27	89.118
949.44	83.945
949.60	86.529
949.77	88.829
949.94	86.424
950.11	91.985
950.28	81.227
950.45	84.778
950.62	84.742
950.79	81.160
950.96	88.380
951.13	86.359
951.30	87.696
951.46	84.345
951.63	86.127
951.80	85.250
951.97	84.560
952.14	85.987
952.31	87.426
952.48	87.013
952.65	81.896
952.81	86.946
952.98	84.431
953.15	86.809
953.32	83.373
953.49	87.894
953.66	81.071
953.83	82.006
954.00	80.969
954.16	83.355
954.33	90.763
954.50	86.528
954.67	87.064
954.84	84.983
955.01	91.570
955.18	85.221
955.34	85.182
955.51	88.000
955.68	84.867
955.85	85.629
956.02	84.087
956.19	86.218
956.35	81.004
956.52	86.805
956.69	85.225
956.86	84.492
957.03	83.296
957.20	82.899
957.36	86.935
957.53	83.020
957.70	82.979
957.87	84.502
958.04	82.317
958.21	86.613
958.37	87.971
958.54	85.134
958.71	87.777
958.88	83.260
959.05	85.610
959.21	80.553
959.38	83.843
959.55	80.167
959.72	88.416
959.89	81.381
960.05	85.769
960.22	84.868
960.39	89.384
960.56	82.877
960.72	83.242
960.89	85.758
961.06	83.570
961.23	84.203
961.40	84.353
961.56	87.081
961.73	83.621
961.90	83.136
962.07	81.741
962.23	83.312
962.40	88.251
962.57	88.478
962.74	82.286
962.90	87.523
963.07	85.724
963.24	87.972
963.41	80.397
963.57	81.722
963.74	81.440
963.91	77.549
964.08	83.377
964.24	90.870
964.41	84.202
964.58	84.177
964.75	80.755
964.91	79.258
965.08	81.944
965.25	88.008
965.42	84.540
965.58	82.591
965.75	83.389
965.92	89.655
966.08	79.120
966.25	88.396
966.42	82.557
966.59	83.625
966.75	87.135
966.92	86.737
967.09	77.197
967.25	82.770
967.42	85.542
967.59	88.069
967.75	85.036
967.92	81.664
968.09	81.766
968.26	84.444
968.42	84.011
968.59	83.746
968.76	85.881
968.92	86.833
969.09	86.641
969.26	86.777
969.42	79.947
969.59	84.179
969.76	83.978
969.92	81.921
970.09	83.056
970.26	87.088
970.42	88.726
970.59	82.765
970.76	85.862
970.92	83.195
971.09	86.581
971.26	83.831
971.42	82.742
971.59	86.205
971.76	81.199
971.92	85.958
972.09	83.123
972.25	85.872
972.42	83.356
972.59	83.836
972.75	89.379
972.92	82.482
973.09	87.000
973.25	87.679
973.42	81.585
973.58	82.372
973.75	87.092
973.92	87.321
974.08	83.429
974.25	79.679
974.42	82.697
974.58	80.981
974.75	80.542
974.91	90.691
975.08	86.620
975.25	81.609
975.41	85.067
975.58	83.677
975.74	81.553
975.91	89.794
976.08	88.273
976.24	87.180
976.41	98.455
976.57	80.960
976.74	84.850
976.91	83.086
977.07	90.352
977.24	84.472
977.40	84.798
977.57	86.254
977.73	80.902
977.90	84.423
978.07	82.799
978.23	85.523
978.40	84.716
978.56	83.054
978.73	86.519
978.89	87.679
979.06	81.744
979.22	79.897
979.39	80.146
979.56	85.992
979.72	79.530
979.89	84.969
980.05	87.841
980.22	89.131
980.38	90.511
980.55	84.275
980.71	86.397
980.88	84.251
981.04	84.260
981.21	88.234
981.37	83.710
981.54	93.675
981.70	88.180
981.87	84.755
982.04	87.515
982.20	83.567
982.37	88.315
982.53	85.767
982.70	83.450
982.86	82.921
983.03	84.294
983.19	85.834
983.36	84.339
983.52	87.949
983.69	86.781
983.85	78.805
984.02	86.613
984.18	84.204
984.35	83.119
984.51	82.551
984.68	82.932
984.84	89.318
985.00	93.703
985.17	81.050
985.33	84.223
985.50	92.230
985.66	80.113
985.83	87.266
985.99	92.080
986.16	87.135
986.32	86.071
986.49	85.988
986.65	79.493
986.82	85.585
986.98	84.870
987.15	85.956
987.31	84.025
987.47	90.877
987.64	87.212
987.80	85.470
987.97	86.894
988.13	85.580
988.30	86.847
988.46	82.747
988.63	82.266
988.79	89.007
988.95	85.193
989.12	89.911
989.28	88.674
989.45	87.113
989.61	82.305
989.77	82.818
989.94	85.172
990.10	79.833
990.27	90.561
990.43	81.502
990.60	84.879
990.76	91.226
990.92	87.353
991.09	88.289
991.25	82.356
991.42	84.066
991.58	90.402
991.74	89.986
991.91	91.504
992.07	88.916
992.24	87.604
992.40	88.657
992.56	85.223
992.73	94.607
992.89	92.229
993.05	90.776
993.22	83.772
993.38	82.589
993.55	86.211
993.71	84.123
993.87	84.537
994.04	86.160
994.20	84.072
994.36	86.590
994.53	85.273
994.69	86.239
994.85	91.414
995.02	85.465
995.18	89.242
995.34	86.447
995.51	83.023
995.67	79.195
995.84	83.776
996.00	89.030
996.16	89.351
996.33	87.052
996.49	87.439
996.65	87.031
996.82	93.386
996.98	87.240
997.14	84.257
997.31	88.886
997.47	85.467
997.63	91.236
997.79	83.972
997.96	88.109
998.12	89.589
998.28	90.976
998.45	78.222
998.61	84.993
998.77	86.713
998.94	91.056
999.10	85.974
999.26	83.970
999.43	90.211
999.59	89.662
999.75	88.255
999.91	84.338
1000.08	83.479
1000.24	89.359
1000.40	90.046
1000.57	85.380
1000.73	86.500
1000.89	85.146
1001.05	90.877
1001.22	94.313
1001.38	85.242
1001.54	89.773
1001.70	90.747
1001.87	88.083
1002.03	85.156
1002.19	90.918
1002.35	96.751
1002.52	88.580
1002.68	89.069
1002.84	89.680
1003.00	92.943
1003.17	91.226
1003.33	86.487
1003.49	86.841
1003.65	90.541
1003.82	90.787
1003.98	88.019
1004.14	81.123
1004.30	90.218
1004.47	101.818
1004.63	90.995
1004.79	85.040
1004.95	81.776
1005.11	91.137
1005.28	85.106
1005.44	87.273
1005.60	87.879
1005.76	86.371
1005.93	90.857
1006.09	88.873
1006.25	86.250
1006.41	87.398
1006.57	90.696
1006.74	83.935
1006.90	92.679
1007.06	88.154
1007.22	92.548
1007.38	83.915
1007.55	85.919
1007.71	94.003
1007.87	89.292
1008.03	84.367
1008.19	91.844
1008.35	99.671
1008.52	87.579
1008.68	86.254
1008.84	89.609
1009.00	93.214
1009.16	94.538
1009.32	94.333
1009.49	88.322
1009.65	83.523
1009.81	92.721
1009.97	89.905
1010.13	92.204
1010.29	90.180
1010.46	88.130
1010.62	84.000
1010.78	95.627
1010.94	93.186
1011.10	99.448
1011.26	86.415
1011.42	91.018
1011.59	86.928
1011.75	78.179
1011.91	88.327
1012.07	82.750
1012.23	94.189
1012.39	87.626
1012.55	88.595
1012.71	82.977
1012.88	91.991
1013.04	87.939
1013.20	104.714
1013.36	90.445
1013.52	89.130
1013.68	87.826
1013.84	94.061
1014.00	85.791
1014.16	94.480
1014.33	96.907
1014.49	93.699
1014.65	96.200
1014.81	99.809
1014.97	84.861
1015.13	95.029
1015.29	86.638
1015.45	92.876
1015.61	90.276
1015.77	83.501
1015.93	88.641
1016.09	84.819
1016.26	86.175
1016.42	88.546
1016.58	87.028
1016.74	84.574
1016.90	94.888
1017.06	82.505
1017.22	94.301
1017.38	94.640
1017.54	92.295
1017.70	94.251
1017.86	103.143
1018.02	94.063
1018.18	91.586
1018.34	91.333
1018.50	96.804
1018.66	87.004
1018.82	95.165
1018.98	88.435
1019.14	95.870
1019.31	92.409
1019.47	98.310
1019.63	93.790
1019.79	98.356
1019.95	95.974
1020.11	98.329
1020.27	83.468
1020.43	92.493
1020.59	91.960
1020.75	100.048
1020.91	85.213
1021.07	83.922
1021.23	100.870
1021.39	91.053
1021.55	91.437
1021.71	96.752
1021.87	96.822
1022.03	101.444
1022.19	86.797
1022.35	94.717
1022.51	94.519
1022.67	87.176
1022.83	91.429
1022.99	88.410
1023.15	89.977
1023.31	89.600
1023.47	97.243
1023.63	91.741
1023.79	100.326
1023.95	96.535
1024.10	92.202
1024.26	96.414
1024.42	93.711
1024.58	97.048
1024.74	96.781
1024.90	95.073
1025.06	86.154
1025.22	95.140
1025.38	98.288
1025.54	86.895
1025.70	85.469
1025.86	93.539
1026.02	100.659
1026.18	82.450
1026.34	109.655
1026.50	111.480
1026.66	100.408
1026.82	89.741
1026.98	89.225
1027.13	97.568
1027.29	103.354
1027.45	96.532
1027.61	87.793
1027.77	97.855
1027.93	94.929
1028.09	94.473
1028.25	105.157
1028.41	98.000
1028.57	82.507
1028.73	102.662
1028.88	95.297
1029.04	95.344
1029.20	90.499
1029.36	97.299
1029.52	95.357
1029.68	80.836
1029.84	90.418
1030.00	85.487
1030.16	94.457
1030.32	94.062
1030.47	93.277
1030.63	107.087
1030.79	95.851
1030.95	102.932
1031.11	107.086
1031.27	88.080
1031.43	104.024
1031.59	95.000
1031.74	110.000
1031.90	91.827
1032.06	99.410
1032.22	111.304
1032.38	98.507
1032.54	91.843
1032.69	101.352
1032.85	101.608
1033.01	98.909
1033.17	97.519
1033.33	95.495
1033.49	94.788
1033.65	87.355
1033.80	98.680
1033.96	93.425
1034.12	92.440
1034.28	79.377
1034.44	92.061
1034.60	103.584
1034.75	102.137
1034.91	95.927
1035.07	100.782
1035.23	90.438
1035.39	89.497
1035.54	100.186
1035.70	93.946
1035.86	92.458
1036.02	101.870
1036.18	112.256
1036.33	106.849
1036.49	96.712
1036.65	103.581
1036.81	91.824
1036.97	99.295
1037.12	93.216
1037.28	112.226
1037.44	105.886
1037.60	98.512
1037.76	92.355
1037.91	111.507
1038.07	104.279
1038.23	97.969
1038.39	104.592
1038.54	96.188
1038.70	112.320
1038.86	94.182
1039.02	104.438
1039.17	98.428
1039.33	117.887
1039.49	100.630
1039.65	116.495
1039.80	97.898
1039.96	113.840
1040.12	102.213
1040.28	102.975
>>>>> Data<<<<< Espectral Procesado Extremo
