Fichero De Datos De SpectraSuite
++++++++++++++++++++++++++++++++++++
Fecha: Mon Jul 06 11:07:24 CST 2026
Usuario: HP
Presente Oscuro Del Espectro: Sí
La Referencia de Presente Del Espectro De: Sí
Muestreados de los componentes de Número de espectros: 1
Espectrómetros: USB4H06056
Tiempo de integración (usec): 300000 (USB4H06056)
Promedio de Espectros Hechos un: 5 (USB4H06056)
El Alisar Del Furgón: 0 (USB4H06056)
Párrafo de de Corregir del la del del de Eléctrica del obscuridad: No (USB4H06056)
Estrobo/Lámpara Permitido: No (USB4H06056)
Correct for Detector Non-linearity: No (USB4H06056)
Párrafo de de Corregir del la del del de Externa del luz: No (USB4H06056)
Procesado del espectro de Número de pixeles en: 3648
>>>>> Comienza Data<<<<< Espectral Procesado Del EL
345.09	8.824
345.30	8.824
345.52	8.824
345.74	773.333
345.95	0.000
346.17	84.480
346.39	109.540
346.60	112.330
346.82	110.171
347.04	111.351
347.25	118.678
347.47	118.655
347.69	167.568
347.90	70.845
348.12	122.469
348.34	121.373
348.56	121.121
348.77	100.096
348.99	118.146
349.21	113.298
349.42	89.436
349.64	101.884
349.86	106.711
350.07	99.000
350.29	131.823
350.51	94.066
350.72	90.000
350.94	134.576
351.16	122.156
351.37	86.700
351.59	95.745
351.81	124.492
352.02	128.905
352.24	97.544
352.46	98.354
352.67	99.318
352.89	97.222
353.10	96.168
353.32	94.751
353.54	110.776
353.75	97.872
353.97	98.120
354.19	97.931
354.40	104.161
354.62	124.400
354.84	117.011
355.05	121.714
355.27	79.420
355.49	109.863
355.70	106.966
355.92	106.982
356.14	95.156
356.35	137.531
356.57	89.633
356.78	148.077
357.00	87.638
357.22	95.404
357.43	101.895
357.65	111.141
357.87	123.550
358.08	108.202
358.30	116.429
358.51	108.293
358.73	114.894
358.95	119.915
359.16	101.667
359.38	92.500
359.60	135.647
359.81	114.409
360.03	96.684
360.24	93.868
360.46	99.804
360.68	110.899
360.89	135.034
361.11	89.515
361.33	103.333
361.54	97.190
361.76	115.361
361.97	111.778
362.19	120.592
362.41	103.874
362.62	122.236
362.84	114.793
363.05	109.153
363.27	109.751
363.49	108.432
363.70	90.935
363.92	141.319
364.13	109.259
364.35	101.687
364.57	100.914
364.78	102.130
365.00	121.062
365.21	109.932
365.43	104.432
365.65	113.158
365.86	100.206
366.08	94.471
366.29	113.409
366.51	108.800
366.73	98.610
366.94	112.785
367.16	95.266
367.37	113.700
367.59	141.006
367.80	116.119
368.02	85.348
368.24	106.320
368.45	102.333
368.67	103.803
368.88	137.000
369.10	90.634
369.31	126.707
369.53	107.227
369.75	114.317
369.96	94.885
370.18	122.273
370.39	110.000
370.61	118.599
370.82	103.704
371.04	107.243
371.26	115.417
371.47	96.533
371.69	116.303
371.90	111.278
372.12	91.142
372.33	81.514
372.55	98.455
372.76	120.351
372.98	101.538
373.20	105.871
373.41	85.714
373.63	97.203
373.84	94.822
374.06	93.647
374.27	116.769
374.49	128.605
374.70	121.951
374.92	88.372
375.13	110.261
375.35	100.766
375.57	67.195
375.78	115.210
376.00	102.511
376.21	98.273
376.43	101.739
376.64	85.665
376.86	101.065
377.07	102.075
377.29	102.968
377.50	84.762
377.72	106.769
377.93	106.573
378.15	100.745
378.36	117.396
378.58	103.630
378.80	98.525
379.01	168.333
379.23	118.276
379.44	101.558
379.66	118.162
379.87	125.970
380.09	110.135
380.30	115.556
380.52	99.705
380.73	134.769
380.95	131.293
381.16	101.538
381.38	97.104
381.59	87.314
381.81	95.412
382.02	95.862
382.24	151.028
382.45	99.419
382.67	96.442
382.88	115.513
383.10	117.611
383.31	90.840
383.53	132.061
383.74	112.843
383.96	100.714
384.17	115.926
384.39	117.436
384.60	106.703
384.82	101.445
385.03	81.949
385.25	118.716
385.46	107.560
385.68	91.935
385.89	96.290
386.11	102.532
386.32	92.332
386.54	116.092
386.75	113.510
386.97	139.840
387.18	108.989
387.40	102.123
387.61	121.270
387.83	103.684
388.04	87.982
388.25	120.769
388.47	89.379
388.68	90.407
388.90	121.262
389.11	105.496
389.33	102.338
389.54	108.221
389.76	102.295
389.97	104.018
390.19	115.063
390.40	97.514
390.62	101.905
390.83	123.716
391.05	114.433
391.26	100.588
391.47	96.528
391.69	121.237
391.90	95.152
392.12	103.900
392.33	95.933
392.55	99.474
392.76	107.706
392.98	93.238
393.19	111.141
393.41	116.871
393.62	108.242
393.83	114.915
394.05	100.114
394.26	95.209
394.48	119.900
394.69	113.296
394.91	93.879
395.12	95.904
395.34	96.067
395.55	97.604
395.76	88.972
395.98	100.335
396.19	114.528
396.41	107.459
396.62	108.879
396.84	91.023
397.05	98.190
397.26	87.383
397.48	103.871
397.69	134.256
397.91	100.990
398.12	110.000
398.33	93.546
398.55	96.126
398.76	121.585
398.98	91.667
399.19	102.717
399.41	87.240
399.62	105.094
399.83	93.443
400.05	113.257
400.26	94.760
400.48	89.810
400.69	97.669
400.90	98.511
401.12	89.176
401.33	105.268
401.55	102.985
401.76	145.191
401.97	94.063
402.19	100.000
402.40	106.757
402.62	100.486
402.83	99.352
403.04	101.000
403.26	94.748
403.47	101.682
403.69	108.333
403.90	86.403
404.11	94.850
404.33	98.136
404.54	104.944
404.76	90.594
404.97	90.696
405.18	94.569
405.40	113.718
405.61	91.280
405.83	100.762
406.04	100.330
406.25	97.167
406.47	84.395
406.68	109.948
406.89	103.128
407.11	104.290
407.32	83.612
407.54	100.502
407.75	94.225
407.96	105.174
408.18	101.880
408.39	119.477
408.60	102.368
408.82	92.454
409.03	84.980
409.24	92.604
409.46	82.644
409.67	85.325
409.89	94.433
410.10	87.899
410.31	89.796
410.53	93.490
410.74	100.513
410.95	88.211
411.17	98.345
411.38	83.448
411.59	79.044
411.81	85.923
412.02	88.457
412.23	95.132
412.45	85.420
412.66	86.215
412.87	85.596
413.09	82.442
413.30	94.571
413.51	82.829
413.73	76.573
413.94	79.778
414.15	82.500
414.37	80.110
414.58	82.190
414.79	87.569
415.01	83.438
415.22	87.340
415.43	77.892
415.65	86.584
415.86	74.144
416.07	77.039
416.29	78.458
416.50	81.584
416.71	66.918
416.93	72.436
417.14	92.471
417.35	79.137
417.57	67.260
417.78	68.260
417.99	72.009
418.21	67.159
418.42	63.571
418.63	63.115
418.85	38.340
419.06	67.775
419.27	64.255
419.48	61.657
419.70	73.162
419.91	67.442
420.12	63.036
420.34	69.659
420.55	64.910
420.76	67.177
420.98	62.727
421.19	65.508
421.40	68.612
421.61	65.296
421.83	59.539
422.04	64.880
422.25	68.697
422.47	64.175
422.68	57.457
422.89	61.561
423.11	55.430
423.32	56.494
423.53	62.143
423.74	46.205
423.96	56.299
424.17	62.841
424.38	56.735
424.59	52.338
424.81	54.593
425.02	46.815
425.23	57.598
425.45	44.052
425.66	53.430
425.87	43.819
426.08	50.295
426.30	51.434
426.51	58.279
426.72	56.129
426.93	46.288
427.15	45.272
427.36	49.791
427.57	45.470
427.79	43.897
428.00	40.746
428.21	39.192
428.42	47.500
428.64	44.661
428.85	47.111
429.06	46.823
429.27	48.472
429.49	46.331
429.70	44.126
429.91	50.027
430.12	54.014
430.34	44.683
430.55	42.302
430.76	40.351
430.97	47.630
431.19	39.030
431.40	45.960
431.61	33.587
431.82	41.239
432.03	31.759
432.25	43.598
432.46	40.603
432.67	48.796
432.88	42.151
433.10	40.368
433.31	39.470
433.52	41.582
433.73	39.350
433.95	39.639
434.16	41.439
434.37	45.157
434.58	42.017
434.79	36.684
435.01	44.519
435.22	39.080
435.43	41.886
435.64	43.215
435.86	38.886
436.07	37.160
436.28	40.680
436.49	35.758
436.70	36.078
436.92	39.198
437.13	41.111
437.34	33.258
437.55	39.194
437.76	36.767
437.98	36.317
438.19	36.689
438.40	38.107
438.61	40.129
438.82	32.207
439.04	35.861
439.25	38.770
439.46	35.870
439.67	31.991
439.88	36.355
440.10	41.412
440.31	40.555
440.52	35.469
440.73	37.714
440.94	37.403
441.16	38.519
441.37	30.270
441.58	33.475
441.79	36.461
442.00	39.573
442.21	35.464
442.43	33.090
442.64	34.994
442.85	37.701
443.06	32.729
443.27	33.727
443.48	36.035
443.70	36.126
443.91	34.322
444.12	31.918
444.33	35.695
444.54	38.962
444.75	39.836
444.97	34.790
445.18	37.320
445.39	33.740
445.60	32.542
445.81	33.859
446.02	34.573
446.24	42.588
446.45	33.545
446.66	32.308
446.87	36.265
447.08	33.315
447.29	30.862
447.51	34.467
447.72	30.572
447.93	34.146
448.14	36.899
448.35	31.309
448.56	36.555
448.77	35.268
448.99	31.252
449.20	35.193
449.41	36.020
449.62	31.037
449.83	32.286
450.04	33.982
450.25	40.850
450.46	30.331
450.68	31.082
450.89	33.153
451.10	33.448
451.31	36.007
451.52	28.429
451.73	31.265
451.94	31.062
452.15	32.014
452.37	28.935
452.58	33.211
452.79	32.887
453.00	31.326
453.21	32.924
453.42	28.527
453.63	37.128
453.84	33.248
454.06	34.068
454.27	35.340
454.48	32.347
454.69	32.933
454.90	29.269
455.11	32.957
455.32	34.116
455.53	34.892
455.74	31.791
455.95	31.439
456.17	31.264
456.38	33.094
456.59	31.360
456.80	31.436
457.01	30.679
457.22	31.916
457.43	31.835
457.64	28.373
457.85	32.557
458.06	30.124
458.27	30.150
458.49	32.193
458.70	35.314
458.91	33.052
459.12	32.901
459.33	31.967
459.54	30.459
459.75	32.671
459.96	29.708
460.17	31.330
460.38	34.345
460.59	37.368
460.80	31.121
461.01	30.761
461.23	35.365
461.44	32.192
461.65	29.922
461.86	34.992
462.07	32.823
462.28	36.182
462.49	32.666
462.70	28.973
462.91	32.431
463.12	29.761
463.33	32.686
463.54	29.503
463.75	35.123
463.96	34.932
464.17	30.023
464.38	28.931
464.59	31.782
464.81	31.086
465.02	33.260
465.23	29.157
465.44	34.276
465.65	35.756
465.86	33.025
466.07	28.666
466.28	33.563
466.49	33.329
466.70	28.116
466.91	29.820
467.12	32.727
467.33	35.235
467.54	27.133
467.75	31.735
467.96	32.803
468.17	31.166
468.38	28.224
468.59	29.709
468.80	30.488
469.01	27.244
469.22	29.122
469.43	29.410
469.64	33.611
469.85	32.033
470.06	28.310
470.27	28.922
470.48	37.433
470.69	30.117
470.90	30.718
471.11	30.522
471.32	32.122
471.53	31.090
471.74	26.243
471.95	30.111
472.16	34.646
472.37	27.741
472.58	30.323
472.79	31.530
473.00	31.791
473.21	28.998
473.42	29.188
473.63	30.243
473.84	29.769
474.05	29.898
474.26	29.958
474.47	26.457
474.68	31.706
474.89	31.025
475.10	29.225
475.31	29.788
475.52	31.343
475.73	33.946
475.94	29.893
476.15	28.725
476.36	33.237
476.57	29.989
476.78	29.034
476.99	28.905
477.20	30.536
477.41	31.192
477.62	28.884
477.83	28.583
478.04	27.222
478.25	31.929
478.46	27.603
478.67	28.853
478.88	30.825
479.09	29.005
479.30	27.261
479.51	26.519
479.72	27.750
479.93	33.066
480.14	27.406
480.35	29.310
480.56	28.628
480.77	28.123
480.98	26.820
481.18	29.199
481.39	28.658
481.60	26.953
481.81	24.075
482.02	27.199
482.23	30.725
482.44	29.307
482.65	27.895
482.86	28.962
483.07	32.186
483.28	29.220
483.49	27.481
483.70	28.970
483.91	28.556
484.12	27.521
484.33	27.118
484.53	26.846
484.74	30.079
484.95	27.583
485.16	27.762
485.37	28.250
485.58	31.853
485.79	28.822
486.00	25.964
486.21	24.548
486.42	29.227
486.63	28.936
486.84	27.747
487.05	27.940
487.25	28.072
487.46	28.481
487.67	28.246
487.88	28.328
488.09	28.226
488.30	27.537
488.51	23.540
488.72	26.546
488.93	28.558
489.14	26.944
489.35	25.940
489.55	25.946
489.76	27.037
489.97	29.008
490.18	26.097
490.39	26.555
490.60	27.841
490.81	28.451
491.02	25.673
491.23	27.796
491.43	28.262
491.64	27.466
491.85	25.749
492.06	28.026
492.27	25.893
492.48	27.067
492.69	25.526
492.90	26.373
493.11	25.285
493.31	30.050
493.52	26.337
493.73	27.716
493.94	27.299
494.15	27.404
494.36	26.046
494.57	26.933
494.78	25.523
494.98	26.822
495.19	27.462
495.40	27.246
495.61	28.262
495.82	27.405
496.03	26.680
496.24	26.620
496.44	26.663
496.65	27.018
496.86	25.884
497.07	26.948
497.28	31.293
497.49	26.647
497.70	26.263
497.90	25.886
498.11	28.372
498.32	27.934
498.53	26.137
498.74	26.767
498.95	28.102
499.15	29.011
499.36	26.378
499.57	26.768
499.78	28.060
499.99	27.648
500.20	25.401
500.40	26.584
500.61	25.690
500.82	26.938
501.03	26.026
501.24	27.152
501.45	28.573
501.65	27.481
501.86	25.622
502.07	26.299
502.28	27.354
502.49	26.941
502.70	25.604
502.90	26.114
503.11	25.632
503.32	26.398
503.53	25.329
503.74	25.895
503.94	27.623
504.15	27.976
504.36	26.796
504.57	27.511
504.78	26.709
504.98	27.047
505.19	26.244
505.40	27.162
505.61	26.251
505.82	26.383
506.02	25.930
506.23	25.181
506.44	27.178
506.65	27.049
506.86	26.925
507.06	25.342
507.27	27.344
507.48	27.708
507.69	26.441
507.90	27.266
508.10	27.765
508.31	29.160
508.52	26.967
508.73	26.876
508.94	26.352
509.14	26.969
509.35	26.662
509.56	26.450
509.77	26.756
509.97	26.574
510.18	25.467
510.39	26.514
510.60	28.527
510.80	27.674
511.01	26.389
511.22	27.120
511.43	27.444
511.64	29.198
511.84	25.781
512.05	27.288
512.26	27.213
512.47	27.454
512.67	27.567
512.88	26.608
513.09	28.049
513.30	28.075
513.50	26.198
513.71	26.807
513.92	27.524
514.13	29.196
514.33	26.689
514.54	26.628
514.75	27.374
514.96	28.306
515.16	26.578
515.37	26.835
515.58	26.961
515.78	28.544
515.99	26.904
516.20	27.958
516.41	28.439
516.61	28.315
516.82	27.715
517.03	27.036
517.24	28.687
517.44	28.015
517.65	27.483
517.86	28.079
518.07	28.776
518.27	29.311
518.48	28.326
518.69	28.080
518.89	29.862
519.10	30.046
519.31	28.766
519.52	28.933
519.72	29.972
519.93	27.906
520.14	28.867
520.34	28.326
520.55	29.241
520.76	29.013
520.96	29.047
521.17	29.547
521.38	29.143
521.59	29.342
521.79	30.134
522.00	28.706
522.21	29.822
522.41	30.074
522.62	29.313
522.83	29.540
523.03	31.195
523.24	33.159
523.45	30.907
523.66	29.817
523.86	31.387
524.07	30.476
524.28	30.265
524.48	30.262
524.69	35.548
524.90	33.341
525.10	30.450
525.31	30.368
525.52	31.512
525.72	32.296
525.93	30.586
526.14	31.001
526.34	32.377
526.55	31.651
526.76	31.891
526.96	32.154
527.17	31.447
527.38	32.119
527.58	31.616
527.79	32.584
528.00	31.766
528.20	31.668
528.41	33.751
528.62	32.050
528.82	32.409
529.03	32.776
529.24	32.371
529.44	32.526
529.65	33.273
529.85	32.606
530.06	33.470
530.27	33.065
530.47	33.193
530.68	34.249
530.89	33.215
531.09	33.433
531.30	33.636
531.51	34.389
531.71	34.427
531.92	33.402
532.13	33.599
532.33	34.429
532.54	35.552
532.74	34.455
532.95	35.107
533.16	34.274
533.36	34.071
533.57	33.825
533.78	34.227
533.98	34.284
534.19	33.451
534.39	35.397
534.60	34.822
534.81	34.678
535.01	34.446
535.22	34.918
535.42	34.947
535.63	34.739
535.84	34.598
536.04	35.034
536.25	36.072
536.45	35.066
536.66	34.209
536.87	34.911
537.07	34.400
537.28	34.142
537.48	36.288
537.69	35.255
537.90	36.309
538.10	35.775
538.31	35.241
538.51	35.454
538.72	35.962
538.93	35.760
539.13	35.036
539.34	36.040
539.54	36.380
539.75	36.599
539.96	36.480
540.16	36.208
540.37	37.003
540.57	35.689
540.78	35.519
540.98	36.151
541.19	36.062
541.40	37.606
541.60	36.250
541.81	36.268
542.01	36.100
542.22	37.179
542.42	36.260
542.63	35.489
542.83	35.734
543.04	37.281
543.25	35.514
543.45	36.159
543.66	37.554
543.86	36.683
544.07	35.525
544.27	35.851
544.48	37.407
544.68	36.053
544.89	35.746
545.10	36.502
545.30	37.447
545.51	37.666
545.71	36.268
545.92	36.523
546.12	36.782
546.33	37.653
546.53	36.812
546.74	37.205
546.94	36.707
547.15	36.296
547.36	35.641
547.56	36.239
547.77	36.107
547.97	37.954
548.18	35.566
548.38	36.557
548.59	36.799
548.79	36.587
549.00	36.195
549.20	37.057
549.41	36.758
549.61	36.227
549.82	37.280
550.02	36.589
550.23	36.486
550.43	37.186
550.64	36.779
550.84	36.846
551.05	37.050
551.25	36.334
551.46	36.530
551.66	35.357
551.87	36.982
552.07	37.718
552.28	36.527
552.48	36.533
552.69	37.261
552.89	37.397
553.10	35.815
553.30	36.036
553.51	37.433
553.71	37.455
553.92	36.424
554.12	36.111
554.33	37.440
554.53	37.078
554.74	36.480
554.94	36.670
555.15	37.320
555.35	37.541
555.56	36.612
555.76	36.788
555.97	36.920
556.17	37.325
556.38	36.725
556.58	37.553
556.78	36.870
556.99	37.500
557.19	36.842
557.40	36.990
557.60	36.844
557.81	36.609
558.01	36.906
558.22	37.273
558.42	37.377
558.63	37.525
558.83	37.170
559.04	36.196
559.24	37.326
559.44	38.183
559.65	36.326
559.85	36.522
560.06	36.391
560.26	37.726
560.47	36.063
560.67	34.123
560.88	36.967
561.08	36.759
561.28	36.225
561.49	35.935
561.69	36.432
561.90	35.850
562.10	36.632
562.31	36.509
562.51	37.728
562.71	36.379
562.92	36.379
563.12	35.827
563.33	37.220
563.53	36.785
563.74	36.757
563.94	36.119
564.14	36.627
564.35	36.519
564.55	35.420
564.76	35.323
564.96	36.476
565.17	35.904
565.37	36.676
565.57	35.315
565.78	36.418
565.98	35.566
566.19	34.842
566.39	35.362
566.59	35.938
566.80	35.609
567.00	35.920
567.21	35.466
567.41	36.892
567.61	35.965
567.82	35.224
568.02	34.427
568.23	36.168
568.43	35.208
568.63	35.442
568.84	35.143
569.04	34.596
569.24	35.422
569.45	34.292
569.65	33.813
569.86	35.185
570.06	35.247
570.26	35.186
570.47	33.726
570.67	34.069
570.87	34.229
571.08	34.666
571.28	34.245
571.49	35.177
571.69	33.599
571.89	33.439
572.10	33.647
572.30	33.948
572.50	34.187
572.71	33.557
572.91	34.013
573.11	34.329
573.32	35.316
573.52	33.437
573.73	33.582
573.93	34.049
574.13	32.852
574.34	33.298
574.54	32.361
574.74	33.242
574.95	36.613
575.15	33.070
575.35	32.330
575.56	33.676
575.76	33.769
575.96	32.938
576.17	32.451
576.37	33.213
576.57	32.922
576.78	32.606
576.98	32.581
577.18	33.221
577.39	33.459
577.59	31.946
577.79	31.941
578.00	32.400
578.20	32.861
578.40	32.320
578.61	31.399
578.81	32.662
579.01	31.560
579.22	32.012
579.42	30.850
579.62	31.027
579.82	31.640
580.03	31.979
580.23	30.805
580.43	31.246
580.64	32.132
580.84	31.181
581.04	31.150
581.25	32.396
581.45	30.926
581.65	30.870
581.86	30.861
582.06	31.677
582.26	30.777
582.46	30.329
582.67	30.718
582.87	30.715
583.07	30.817
583.28	30.607
583.48	30.612
583.68	30.983
583.88	31.437
584.09	30.762
584.29	30.665
584.49	30.759
584.70	30.228
584.90	30.238
585.10	30.701
585.30	30.123
585.51	30.465
585.71	30.327
585.91	29.761
586.11	29.889
586.32	30.289
586.52	30.024
586.72	29.544
586.92	30.274
587.13	30.218
587.33	29.875
587.53	29.519
587.74	30.053
587.94	29.681
588.14	29.622
588.34	32.651
588.55	29.658
588.75	29.423
588.95	29.543
589.15	30.146
589.36	29.062
589.56	29.130
589.76	29.160
589.96	29.158
590.16	29.623
590.37	29.966
590.57	28.605
590.77	29.079
590.97	29.204
591.18	28.955
591.38	29.205
591.58	36.322
591.78	29.555
591.99	29.955
592.19	28.900
592.39	28.953
592.59	29.702
592.79	29.740
593.00	28.817
593.20	28.767
593.40	29.204
593.60	29.835
593.81	28.442
594.01	29.241
594.21	28.062
594.41	29.436
594.61	28.245
594.82	28.647
595.02	29.208
595.22	28.280
595.42	28.476
595.62	28.210
595.83	28.866
596.03	29.086
596.23	28.643
596.43	27.992
596.63	28.681
596.84	28.504
597.04	28.550
597.24	28.067
597.44	28.676
597.64	28.152
597.84	28.314
598.05	28.575
598.25	28.297
598.45	28.949
598.65	28.077
598.85	28.010
599.06	29.160
599.26	28.701
599.46	27.835
599.66	28.380
599.86	28.925
600.06	29.017
600.27	28.172
600.47	28.060
600.67	28.188
600.87	27.869
601.07	27.574
601.27	28.280
601.48	28.100
601.68	28.866
601.88	27.969
602.08	28.197
602.28	27.628
602.48	28.580
602.68	28.130
602.89	28.067
603.09	28.824
603.29	28.423
603.49	27.569
603.69	28.194
603.89	28.395
604.09	28.474
604.30	27.831
604.50	27.837
604.70	27.985
604.90	27.830
605.10	27.400
605.30	27.763
605.50	28.272
605.71	28.199
605.91	27.289
606.11	27.692
606.31	28.584
606.51	29.787
606.71	27.663
606.91	27.656
607.11	27.437
607.32	28.344
607.52	27.732
607.72	27.705
607.92	27.491
608.12	28.283
608.32	27.449
608.52	27.651
608.72	27.773
608.92	28.687
609.12	26.790
609.33	27.828
609.53	27.840
609.73	27.875
609.93	27.461
610.13	27.272
610.33	27.845
610.53	28.009
610.73	27.656
610.93	27.379
611.13	27.291
611.34	27.574
611.54	26.959
611.74	27.084
611.94	26.872
612.14	27.004
612.34	27.530
612.54	27.102
612.74	27.811
612.94	26.930
613.14	26.792
613.34	27.339
613.54	27.365
613.74	27.225
613.95	26.929
614.15	27.141
614.35	27.671
614.55	26.641
614.75	26.865
614.95	26.881
615.15	27.055
615.35	27.203
615.55	26.711
615.75	26.587
615.95	27.092
616.15	26.679
616.35	26.951
616.55	27.413
616.75	26.792
616.95	27.789
617.15	26.134
617.35	26.844
617.56	26.765
617.76	27.709
617.96	26.716
618.16	27.033
618.36	26.646
618.56	26.546
618.76	26.144
618.96	26.770
619.16	26.391
619.36	26.678
619.56	26.158
619.76	26.659
619.96	26.341
620.16	26.592
620.36	26.544
620.56	26.374
620.76	27.060
620.96	26.386
621.16	26.513
621.36	26.015
621.56	26.796
621.76	27.438
621.96	25.918
622.16	26.256
622.36	26.264
622.56	26.753
622.76	26.012
622.96	25.838
623.16	26.111
623.36	25.802
623.56	25.950
623.76	25.093
623.96	26.632
624.16	26.395
624.36	25.788
624.56	25.603
624.76	26.774
624.96	26.129
625.16	26.215
625.36	25.809
625.56	26.918
625.76	26.508
625.96	25.408
626.16	25.967
626.36	25.882
626.56	26.978
626.76	26.119
626.96	25.778
627.16	26.223
627.36	25.778
627.56	25.706
627.76	25.747
627.96	26.307
628.16	26.601
628.36	25.339
628.56	25.839
628.75	26.009
628.95	25.941
629.15	25.976
629.35	26.163
629.55	25.654
629.75	27.037
629.95	24.874
630.15	25.976
630.35	26.188
630.55	26.023
630.75	26.110
630.95	25.419
631.15	26.263
631.35	25.646
631.55	25.211
631.75	25.661
631.95	26.034
632.15	25.942
632.34	25.690
632.54	25.746
632.74	25.461
632.94	26.413
633.14	25.515
633.34	25.825
633.54	25.778
633.74	25.757
633.94	26.100
634.14	25.181
634.34	25.883
634.54	25.741
634.74	24.724
634.93	25.646
635.13	25.486
635.33	26.063
635.53	25.542
635.73	25.804
635.93	26.496
636.13	25.705
636.33	26.014
636.53	25.589
636.73	26.611
636.93	25.713
637.12	25.537
637.32	25.322
637.52	25.637
637.72	25.712
637.92	25.110
638.12	25.628
638.32	26.502
638.52	25.031
638.72	25.334
638.91	25.507
639.11	25.516
639.31	25.169
639.51	25.392
639.71	23.993
639.91	24.919
640.11	25.354
640.31	24.790
640.50	25.530
640.70	25.261
640.90	25.440
641.10	25.168
641.30	25.265
641.50	25.683
641.70	25.170
641.89	24.685
642.09	24.810
642.29	25.338
642.49	25.036
642.69	24.382
642.89	24.390
643.09	24.923
643.28	25.102
643.48	24.557
643.68	24.381
643.88	25.042
644.08	24.455
644.28	25.117
644.48	24.295
644.67	24.050
644.87	24.549
645.07	24.432
645.27	24.343
645.47	24.619
645.67	24.339
645.86	23.796
646.06	24.828
646.26	24.723
646.46	24.307
646.66	24.032
646.85	24.420
647.05	24.630
647.25	24.095
647.45	23.732
647.65	24.269
647.85	24.286
648.04	24.285
648.24	24.324
648.44	24.328
648.64	24.610
648.84	23.866
649.03	23.758
649.23	23.631
649.43	24.210
649.63	24.434
649.83	24.884
650.02	24.162
650.22	23.661
650.42	24.521
650.62	24.105
650.82	24.160
651.01	24.346
651.21	24.258
651.41	23.649
651.61	23.837
651.81	24.097
652.00	24.285
652.20	23.500
652.40	23.512
652.60	23.422
652.79	24.330
652.99	23.137
653.19	23.323
653.39	24.293
653.59	24.552
653.78	23.643
653.98	23.776
654.18	24.828
654.38	24.177
654.57	23.442
654.77	24.535
654.97	24.014
655.17	23.830
655.36	23.661
655.56	23.909
655.76	23.916
655.96	23.985
656.15	23.515
656.35	23.554
656.55	24.150
656.75	24.026
656.94	22.875
657.14	23.869
657.34	24.059
657.54	23.799
657.73	23.539
657.93	23.456
658.13	23.861
658.33	23.091
658.52	23.268
658.72	23.615
658.92	23.208
659.11	25.650
659.31	24.106
659.51	23.261
659.71	23.345
659.90	24.103
660.10	23.872
660.30	23.367
660.50	23.386
660.69	23.807
660.89	23.593
661.09	23.111
661.28	23.197
661.48	23.797
661.68	23.549
661.87	23.407
662.07	23.524
662.27	23.640
662.47	22.835
662.66	23.532
662.86	23.625
663.06	23.620
663.25	23.050
663.45	23.199
663.65	23.551
663.84	23.379
664.04	23.556
664.24	23.148
664.44	22.957
664.63	23.678
664.83	23.193
665.03	23.231
665.22	23.394
665.42	22.716
665.62	23.016
665.81	23.175
666.01	23.561
666.21	24.319
666.40	23.315
666.60	23.502
666.80	23.597
666.99	24.823
667.19	22.822
667.39	23.860
667.58	23.704
667.78	24.139
667.98	23.101
668.17	23.198
668.37	23.559
668.57	23.258
668.76	23.178
668.96	23.081
669.16	23.544
669.35	23.577
669.55	23.593
669.74	23.392
669.94	23.028
670.14	23.672
670.33	23.994
670.53	23.135
670.73	22.898
670.92	23.961
671.12	22.745
671.32	23.364
671.51	23.785
671.71	23.634
671.90	23.588
672.10	23.775
672.30	23.888
672.49	23.085
672.69	23.329
672.89	23.578
673.08	23.123
673.28	23.622
673.47	23.247
673.67	23.293
673.87	23.802
674.06	23.042
674.26	23.077
674.45	23.710
674.65	23.174
674.85	23.084
675.04	23.145
675.24	23.022
675.43	23.746
675.63	24.418
675.83	23.387
676.02	23.262
676.22	23.638
676.41	23.704
676.61	23.406
676.81	23.053
677.00	24.124
677.20	23.985
677.39	23.218
677.59	22.847
677.79	24.179
677.98	23.492
678.18	23.488
678.37	23.693
678.57	23.600
678.76	23.614
678.96	23.474
679.16	24.075
679.35	23.599
679.55	23.581
679.74	23.938
679.94	23.905
680.13	24.628
680.33	23.793
680.53	23.553
680.72	23.962
680.92	23.900
681.11	23.396
681.31	23.695
681.50	23.644
681.70	23.702
681.89	24.073
682.09	23.703
682.28	23.710
682.48	24.280
682.68	24.440
682.87	23.651
683.07	24.001
683.26	23.897
683.46	23.918
683.65	23.946
683.85	23.405
684.04	23.917
684.24	23.724
684.43	23.745
684.63	23.739
684.82	23.762
685.02	23.979
685.21	23.775
685.41	23.623
685.60	23.404
685.80	24.865
686.00	23.521
686.19	24.030
686.39	24.441
686.58	23.962
686.78	23.825
686.97	23.380
687.17	24.634
687.36	24.617
687.56	23.730
687.75	24.155
687.95	24.302
688.14	24.775
688.34	24.059
688.53	24.205
688.73	24.461
688.92	24.237
689.12	24.606
689.31	23.662
689.51	24.050
689.70	24.302
689.89	24.427
690.09	24.339
690.28	24.643
690.48	24.314
690.67	24.092
690.87	24.844
691.06	24.517
691.26	23.975
691.45	25.050
691.65	24.147
691.84	25.378
692.04	24.947
692.23	24.536
692.43	24.524
692.62	26.028
692.82	25.178
693.01	24.915
693.20	24.496
693.40	26.037
693.59	25.416
693.79	24.961
693.98	25.277
694.18	25.786
694.37	26.210
694.57	25.792
694.76	25.903
694.95	25.975
695.15	26.460
695.34	26.072
695.54	26.039
695.73	26.645
695.93	26.865
696.12	27.435
696.32	26.794
696.51	27.438
696.70	27.468
696.90	27.082
697.09	27.547
697.29	27.781
697.48	28.785
697.67	27.985
697.87	29.017
698.06	29.031
698.26	29.769
698.45	28.335
698.65	29.709
698.84	29.409
699.03	30.010
699.23	29.777
699.42	30.347
699.62	29.990
699.81	30.282
700.00	30.838
700.20	30.810
700.39	31.725
700.59	31.464
700.78	31.996
700.97	31.454
701.17	32.359
701.36	32.977
701.56	32.455
701.75	33.052
701.94	33.593
702.14	33.277
702.33	33.369
702.52	34.629
702.72	34.950
702.91	35.579
703.11	35.181
703.30	35.964
703.49	35.842
703.69	36.201
703.88	36.514
704.07	36.141
704.27	37.314
704.46	37.310
704.66	37.275
704.85	37.706
705.04	37.570
705.24	37.899
705.43	38.133
705.62	37.879
705.82	38.916
706.01	38.838
706.20	39.024
706.40	39.907
706.59	39.792
706.78	40.480
706.98	40.247
707.17	40.689
707.36	40.944
707.56	41.730
707.75	42.448
707.94	41.613
708.14	42.652
708.33	42.675
708.52	42.156
708.72	43.055
708.91	42.949
709.10	44.114
709.30	43.579
709.49	44.223
709.68	44.582
709.88	44.381
710.07	45.272
710.26	44.115
710.46	45.251
710.65	46.383
710.84	46.190
711.04	45.539
711.23	46.325
711.42	46.998
711.61	47.538
711.81	47.089
712.00	47.342
712.19	47.226
712.39	47.420
712.58	47.468
712.77	49.536
712.97	49.129
713.16	48.533
713.35	49.284
713.54	47.873
713.74	49.286
713.93	49.768
714.12	50.910
714.32	50.884
714.51	49.815
714.70	50.628
714.89	51.448
715.09	50.537
715.28	51.166
715.47	52.389
715.66	51.753
715.86	52.874
716.05	52.517
716.24	52.999
716.44	53.777
716.63	53.166
716.82	52.917
717.01	53.653
717.21	53.928
717.40	53.869
717.59	53.817
717.78	54.514
717.98	54.075
718.17	55.106
718.36	55.135
718.55	54.746
718.75	55.939
718.94	55.961
719.13	56.895
719.32	55.843
719.52	56.715
719.71	57.997
719.90	56.682
720.09	57.449
720.28	57.392
720.48	58.153
720.67	57.915
720.86	58.325
721.05	58.594
721.25	58.618
721.44	58.138
721.63	59.101
721.82	59.031
722.01	59.185
722.21	59.473
722.40	59.762
722.59	59.992
722.78	59.533
722.98	60.155
723.17	60.993
723.36	61.043
723.55	60.578
723.74	61.268
723.94	61.754
724.13	62.019
724.32	61.310
724.51	62.473
724.70	61.768
724.89	62.046
725.09	63.687
725.28	63.726
725.47	62.432
725.66	64.142
725.85	63.336
726.05	64.118
726.24	64.110
726.43	63.338
726.62	65.380
726.81	64.671
727.00	64.566
727.20	64.783
727.39	66.087
727.58	65.479
727.77	65.033
727.96	64.969
728.15	65.112
728.35	65.719
728.54	65.508
728.73	66.269
728.92	67.352
729.11	66.545
729.30	67.339
729.50	67.084
729.69	68.038
729.88	67.131
730.07	67.721
730.26	66.609
730.45	68.481
730.64	68.830
730.84	68.068
731.03	68.697
731.22	67.977
731.41	67.634
731.60	68.288
731.79	69.836
731.98	69.714
732.18	69.901
732.37	69.449
732.56	69.627
732.75	70.089
732.94	70.276
733.13	70.344
733.32	70.813
733.51	71.103
733.71	70.011
733.90	70.278
734.09	70.549
734.28	70.832
734.47	70.986
734.66	71.591
734.85	72.118
735.04	70.990
735.23	71.853
735.42	71.744
735.62	71.734
735.81	72.212
736.00	72.254
736.19	72.730
736.38	72.811
736.57	72.510
736.76	72.285
736.95	72.581
737.14	72.904
737.33	72.588
737.52	73.722
737.72	73.141
737.91	72.621
738.10	73.124
738.29	73.724
738.48	73.232
738.67	73.653
738.86	73.408
739.05	73.777
739.24	73.426
739.43	72.628
739.62	74.155
739.81	74.632
740.00	73.857
740.19	74.513
740.39	75.867
740.58	74.655
740.77	74.895
740.96	74.035
741.15	75.795
741.34	74.811
741.53	74.681
741.72	75.430
741.91	75.357
742.10	74.743
742.29	73.524
742.48	74.851
742.67	74.870
742.86	74.824
743.05	76.980
743.24	74.863
743.43	76.794
743.62	76.809
743.81	76.215
744.00	75.656
744.19	76.327
744.38	76.124
744.57	75.768
744.76	75.803
744.95	76.084
745.14	75.586
745.33	77.615
745.52	76.473
745.71	77.864
745.90	76.755
746.09	76.132
746.28	76.717
746.47	76.838
746.66	77.096
746.85	76.592
747.04	77.052
747.23	76.310
747.42	76.286
747.61	76.543
747.80	76.432
747.99	77.868
748.18	77.102
748.37	77.792
748.56	77.355
748.75	77.160
748.94	77.187
749.13	77.847
749.32	77.720
749.51	77.036
749.70	77.993
749.89	77.168
750.08	76.682
750.27	76.800
750.46	78.332
750.65	79.348
750.84	77.764
751.03	77.282
751.22	77.824
751.41	77.545
751.60	77.597
751.79	76.571
751.98	77.547
752.17	77.985
752.36	78.081
752.55	77.946
752.74	76.677
752.93	77.798
753.12	78.518
753.30	78.226
753.49	78.284
753.68	78.830
753.87	79.040
754.06	78.751
754.25	77.664
754.44	78.004
754.63	78.217
754.82	78.503
755.01	78.598
755.20	78.309
755.39	78.446
755.58	79.203
755.77	76.608
755.96	78.165
756.14	77.884
756.33	78.107
756.52	77.917
756.71	79.160
756.90	78.871
757.09	78.370
757.28	78.816
757.47	78.498
757.66	77.612
757.85	79.484
758.04	78.372
758.22	79.689
758.41	78.077
758.60	78.962
758.79	78.817
758.98	78.542
759.17	78.236
759.36	78.397
759.55	79.162
759.74	78.131
759.92	78.434
760.11	80.262
760.30	79.005
760.49	78.794
760.68	77.646
760.87	79.051
761.06	77.490
761.25	78.124
761.43	78.279
761.62	77.800
761.81	78.496
762.00	77.654
762.19	78.000
762.38	79.151
762.57	78.392
762.76	78.378
762.94	79.472
763.13	78.402
763.32	79.665
763.51	79.007
763.70	78.695
763.89	77.921
764.07	79.254
764.26	78.234
764.45	79.288
764.64	77.640
764.83	78.076
765.02	78.317
765.21	78.998
765.39	78.001
765.58	78.279
765.77	78.467
765.96	78.847
766.15	78.490
766.34	79.615
766.52	78.002
766.71	79.675
766.90	79.153
767.09	79.479
767.28	78.862
767.46	78.480
767.65	79.775
767.84	78.131
768.03	79.032
768.22	77.864
768.40	79.320
768.59	79.768
768.78	79.316
768.97	78.698
769.16	79.237
769.34	77.871
769.53	78.735
769.72	78.323
769.91	79.186
770.10	77.935
770.28	78.355
770.47	79.547
770.66	80.288
770.85	78.633
771.04	80.297
771.22	77.694
771.41	78.103
771.60	78.362
771.79	77.486
771.98	78.038
772.16	79.888
772.35	78.204
772.54	79.309
772.73	78.654
772.91	78.973
773.10	80.057
773.29	78.959
773.48	79.186
773.66	78.061
773.85	78.045
774.04	77.828
774.23	79.542
774.41	78.512
774.60	79.132
774.79	78.970
774.98	78.789
775.16	79.255
775.35	78.793
775.54	80.360
775.73	78.667
775.91	79.322
776.10	79.012
776.29	78.489
776.48	79.068
776.66	78.505
776.85	79.430
777.04	78.475
777.23	79.170
777.41	78.787
777.60	79.219
777.79	79.183
777.97	78.632
778.16	80.220
778.35	79.416
778.54	78.925
778.72	77.092
778.91	79.008
779.10	79.081
779.28	78.899
779.47	77.539
779.66	78.853
779.85	78.830
780.03	79.479
780.22	77.859
780.41	79.569
780.59	79.152
780.78	79.666
780.97	78.306
781.15	79.252
781.34	79.616
781.53	78.435
781.71	78.349
781.90	79.606
782.09	78.209
782.27	78.999
782.46	78.190
782.65	79.374
782.84	78.663
783.02	78.834
783.21	77.894
783.40	78.859
783.58	79.790
783.77	79.039
783.96	78.567
784.14	78.515
784.33	79.021
784.52	78.693
784.70	79.187
784.89	79.649
785.07	78.263
785.26	78.786
785.45	79.306
785.63	79.409
785.82	78.193
786.01	78.592
786.19	78.914
786.38	79.246
786.57	79.665
786.75	79.194
786.94	79.049
787.13	78.284
787.31	78.261
787.50	78.949
787.68	78.889
787.87	78.178
788.06	79.305
788.24	78.342
788.43	78.267
788.62	79.141
788.80	79.022
788.99	78.720
789.17	79.617
789.36	78.638
789.55	78.509
789.73	78.231
789.92	79.018
790.10	79.068
790.29	79.022
790.48	79.094
790.66	80.097
790.85	78.496
791.03	80.640
791.22	79.180
791.41	78.752
791.59	77.481
791.78	80.269
791.96	78.751
792.15	78.343
792.34	79.928
792.52	78.143
792.71	79.497
792.89	79.737
793.08	79.488
793.27	78.886
793.45	78.663
793.64	76.935
793.82	78.163
794.01	79.115
794.19	78.443
794.38	78.607
794.57	78.563
794.75	79.190
794.94	77.707
795.12	78.541
795.31	77.464
795.49	78.204
795.68	77.630
795.86	79.605
796.05	78.803
796.24	78.670
796.42	78.679
796.61	78.468
796.79	79.144
796.98	78.881
797.16	78.333
797.35	79.251
797.53	78.776
797.72	79.839
797.90	78.405
798.09	79.609
798.27	78.647
798.46	77.893
798.65	77.781
798.83	78.538
799.02	79.256
799.20	79.394
799.39	78.220
799.57	79.373
799.76	78.686
799.94	77.966
800.13	79.070
800.31	77.248
800.50	79.906
800.68	78.966
800.87	78.211
801.05	78.787
801.24	79.300
801.42	77.938
801.61	78.088
801.79	79.800
801.98	77.262
802.16	78.023
802.35	78.538
802.53	79.327
802.72	78.378
802.90	77.342
803.09	78.127
803.27	78.868
803.46	78.943
803.64	78.061
803.83	79.011
804.01	79.129
804.20	79.564
804.38	78.860
804.56	78.954
804.75	77.752
804.93	80.276
805.12	78.301
805.30	76.836
805.49	79.571
805.67	79.026
805.86	78.983
806.04	78.675
806.23	78.601
806.41	78.277
806.59	79.310
806.78	79.067
806.96	79.220
807.15	78.228
807.33	79.379
807.52	79.326
807.70	79.153
807.89	78.417
808.07	77.913
808.25	79.074
808.44	78.759
808.62	78.855
808.81	79.557
808.99	77.351
809.18	77.762
809.36	77.801
809.54	77.610
809.73	77.858
809.91	77.414
810.10	77.592
810.28	78.736
810.47	79.476
810.65	79.096
810.83	78.855
811.02	78.128
811.20	77.657
811.39	77.488
811.57	78.813
811.75	79.631
811.94	77.939
812.12	79.616
812.31	77.864
812.49	79.997
812.67	78.192
812.86	77.553
813.04	78.031
813.23	78.005
813.41	78.678
813.59	76.784
813.78	78.829
813.96	78.400
814.14	78.316
814.33	79.033
814.51	77.747
814.70	79.900
814.88	79.037
815.06	79.445
815.25	78.334
815.43	78.286
815.61	78.933
815.80	78.579
815.98	77.633
816.16	80.170
816.35	78.603
816.53	77.672
816.72	79.082
816.90	79.233
817.08	78.035
817.27	77.903
817.45	78.250
817.63	79.024
817.82	78.350
818.00	78.437
818.18	79.462
818.37	79.573
818.55	78.737
818.73	78.751
818.92	77.588
819.10	79.716
819.28	78.957
819.47	78.438
819.65	78.403
819.83	79.051
820.02	80.005
820.20	79.389
820.38	79.053
820.57	78.160
820.75	77.919
820.93	78.823
821.11	78.369
821.30	79.031
821.48	78.813
821.66	77.810
821.85	78.277
822.03	78.400
822.21	78.456
822.40	78.570
822.58	78.262
822.76	78.696
822.94	78.457
823.13	78.080
823.31	77.881
823.49	78.627
823.68	78.856
823.86	77.791
824.04	79.843
824.22	77.940
824.41	77.158
824.59	78.661
824.77	78.815
824.96	79.478
825.14	78.689
825.32	77.571
825.50	78.680
825.69	77.586
825.87	78.787
826.05	79.399
826.23	78.660
826.42	79.064
826.60	78.404
826.78	79.072
826.96	78.145
827.15	78.431
827.33	78.704
827.51	78.417
827.69	78.654
827.88	78.088
828.06	78.090
828.24	78.562
828.42	78.443
828.61	78.729
828.79	78.936
828.97	78.208
829.15	79.332
829.34	78.451
829.52	78.697
829.70	78.581
829.88	78.911
830.06	76.642
830.25	79.599
830.43	77.892
830.61	79.714
830.79	79.095
830.97	77.970
831.16	78.999
831.34	77.928
831.52	78.451
831.70	78.157
831.89	78.123
832.07	78.260
832.25	80.075
832.43	81.116
832.61	78.894
832.80	78.961
832.98	78.499
833.16	78.387
833.34	79.100
833.52	78.733
833.70	79.245
833.89	78.265
834.07	79.529
834.25	78.440
834.43	78.130
834.61	79.214
834.80	78.835
834.98	79.322
835.16	78.545
835.34	78.151
835.52	78.531
835.70	78.457
835.89	79.113
836.07	77.558
836.25	79.399
836.43	78.522
836.61	79.621
836.79	78.487
836.97	77.187
837.16	77.895
837.34	79.008
837.52	79.581
837.70	77.782
837.88	79.020
838.06	78.985
838.24	77.956
838.43	78.684
838.61	79.957
838.79	79.405
838.97	78.543
839.15	78.624
839.33	78.413
839.51	78.920
839.70	79.050
839.88	80.247
840.06	79.076
840.24	79.352
840.42	79.493
840.60	77.189
840.78	79.682
840.96	78.620
841.14	79.001
841.33	78.445
841.51	78.397
841.69	78.141
841.87	78.295
842.05	79.155
842.23	79.318
842.41	80.013
842.59	77.782
842.77	78.337
842.95	78.300
843.14	78.201
843.32	79.365
843.50	79.106
843.68	78.918
843.86	79.415
844.04	79.362
844.22	77.944
844.40	78.636
844.58	77.662
844.76	77.806
844.94	78.357
845.12	78.213
845.30	78.613
845.49	77.263
845.67	79.271
845.85	78.648
846.03	79.515
846.21	80.061
846.39	79.577
846.57	78.716
846.75	77.822
846.93	78.281
847.11	79.697
847.29	79.047
847.47	78.849
847.65	79.151
847.83	79.637
848.01	79.652
848.19	78.562
848.37	78.519
848.55	79.684
848.73	79.736
848.91	78.606
849.09	78.668
849.27	79.955
849.46	79.841
849.64	77.746
849.82	78.062
850.00	77.476
850.18	77.657
850.36	78.064
850.54	78.907
850.72	76.325
850.90	78.606
851.08	80.769
851.26	77.808
851.44	77.782
851.62	78.623
851.80	79.069
851.98	79.015
852.16	79.618
852.34	79.190
852.52	78.123
852.70	78.523
852.88	78.089
853.06	78.238
853.24	77.893
853.42	79.003
853.60	79.499
853.78	79.890
853.96	76.800
854.14	79.779
854.31	78.425
854.49	79.943
854.67	78.267
854.85	77.669
855.03	79.261
855.21	77.983
855.39	78.068
855.57	77.512
855.75	79.354
855.93	80.198
856.11	78.501
856.29	77.476
856.47	79.672
856.65	78.800
856.83	79.047
857.01	78.477
857.19	78.308
857.37	78.517
857.55	78.482
857.73	78.189
857.91	78.084
858.09	79.660
858.26	79.179
858.44	78.521
858.62	78.555
858.80	79.140
858.98	79.088
859.16	79.047
859.34	77.635
859.52	78.547
859.70	77.799
859.88	78.769
860.06	78.303
860.24	80.401
860.42	78.547
860.59	78.611
860.77	78.595
860.95	79.188
861.13	80.708
861.31	77.319
861.49	79.332
861.67	77.538
861.85	78.523
862.03	78.437
862.21	78.639
862.38	80.119
862.56	77.842
862.74	79.548
862.92	78.289
863.10	78.728
863.28	78.033
863.46	76.492
863.64	78.613
863.82	79.840
863.99	77.835
864.17	79.315
864.35	78.030
864.53	79.732
864.71	78.152
864.89	78.220
865.07	79.122
865.24	79.359
865.42	78.294
865.60	79.283
865.78	79.745
865.96	80.020
866.14	77.736
866.32	80.012
866.49	77.845
866.67	79.286
866.85	79.892
867.03	78.920
867.21	77.502
867.39	77.519
867.56	79.492
867.74	77.653
867.92	78.331
868.10	79.411
868.28	80.021
868.46	79.594
868.63	78.866
868.81	79.052
868.99	79.519
869.17	77.929
869.35	77.291
869.53	79.162
869.70	79.693
869.88	79.532
870.06	79.081
870.24	80.026
870.42	78.402
870.59	77.966
870.77	78.346
870.95	77.623
871.13	78.253
871.31	78.874
871.48	79.121
871.66	78.497
871.84	80.442
872.02	79.062
872.20	79.710
872.37	80.022
872.55	77.868
872.73	80.289
872.91	78.616
873.08	79.256
873.26	79.076
873.44	78.263
873.62	79.329
873.80	79.222
873.97	78.724
874.15	78.782
874.33	78.157
874.51	78.552
874.68	79.850
874.86	78.851
875.04	78.244
875.22	76.517
875.39	80.042
875.57	79.191
875.75	78.463
875.93	80.266
876.10	79.557
876.28	78.967
876.46	79.189
876.64	79.871
876.81	80.995
876.99	79.113
877.17	77.289
877.35	78.502
877.52	78.482
877.70	78.988
877.88	79.857
878.06	79.886
878.23	78.641
878.41	81.229
878.59	79.111
878.76	79.717
878.94	79.086
879.12	77.640
879.30	78.895
879.47	79.475
879.65	78.894
879.83	79.848
880.00	80.543
880.18	78.585
880.36	79.553
880.53	79.250
880.71	77.785
880.89	81.184
881.07	80.745
881.24	79.835
881.42	78.271
881.60	78.118
881.77	80.354
881.95	80.991
882.13	78.094
882.30	79.943
882.48	80.515
882.66	78.864
882.83	79.590
883.01	79.499
883.19	78.210
883.36	79.930
883.54	77.125
883.72	77.865
883.89	81.095
884.07	78.995
884.25	80.695
884.42	81.782
884.60	78.637
884.78	80.208
884.95	80.914
885.13	79.236
885.31	79.382
885.48	77.957
885.66	79.441
885.84	79.354
886.01	78.109
886.19	77.589
886.36	80.357
886.54	78.885
886.72	79.256
886.89	79.596
887.07	78.071
887.25	79.879
887.42	79.371
887.60	79.122
887.78	81.991
887.95	80.589
888.13	78.781
888.30	78.738
888.48	79.078
888.66	79.272
888.83	79.873
889.01	77.377
889.18	79.056
889.36	80.962
889.54	80.049
889.71	78.000
889.89	79.660
890.06	79.056
890.24	78.934
890.42	79.663
890.59	80.101
890.77	78.931
890.94	78.871
891.12	77.601
891.30	78.390
891.47	80.764
891.65	77.857
891.82	79.804
892.00	79.951
892.17	78.617
892.35	78.572
892.53	79.395
892.70	80.000
892.88	81.290
893.05	79.838
893.23	81.446
893.40	80.022
893.58	80.881
893.75	78.809
893.93	79.378
894.11	78.862
894.28	79.648
894.46	81.382
894.63	79.809
894.81	78.890
894.98	78.946
895.16	78.275
895.33	78.378
895.51	76.945
895.68	79.572
895.86	78.819
896.04	77.479
896.21	79.257
896.39	79.258
896.56	78.753
896.74	78.921
896.91	78.543
897.09	80.676
897.26	77.946
897.44	78.892
897.61	80.649
897.79	78.719
897.96	80.718
898.14	79.174
898.31	77.684
898.49	79.255
898.66	77.516
898.84	77.666
899.01	79.200
899.19	78.934
899.36	79.262
899.54	79.212
899.71	78.960
899.89	79.366
900.06	78.531
900.24	78.263
900.41	79.902
900.59	77.475
900.76	79.366
900.94	81.370
901.11	79.000
901.29	80.610
901.46	77.570
901.63	79.016
901.81	79.763
901.98	79.712
902.16	80.466
902.33	78.456
902.51	79.770
902.68	77.353
902.86	80.039
903.03	78.560
903.21	78.249
903.38	80.802
903.56	77.714
903.73	79.501
903.90	79.154
904.08	80.796
904.25	79.891
904.43	79.621
904.60	80.574
904.78	78.728
904.95	79.955
905.12	79.494
905.30	78.840
905.47	78.427
905.65	78.824
905.82	80.470
906.00	80.485
906.17	78.661
906.34	79.222
906.52	79.743
906.69	78.572
906.87	80.354
907.04	79.621
907.21	79.332
907.39	79.413
907.56	80.266
907.74	78.997
907.91	79.075
908.08	77.948
908.26	79.835
908.43	76.958
908.61	79.589
908.78	79.609
908.95	79.967
909.13	80.719
909.30	78.416
909.48	77.420
909.65	79.858
909.82	79.083
910.00	78.972
910.17	78.543
910.34	79.448
910.52	79.568
910.69	79.792
910.87	80.029
911.04	78.493
911.21	80.659
911.39	79.843
911.56	80.246
911.73	80.407
911.91	79.092
912.08	78.581
912.25	79.608
912.43	79.656
912.60	79.410
912.77	80.236
912.95	78.400
913.12	78.816
913.29	82.523
913.47	79.964
913.64	80.890
913.81	79.946
913.99	78.101
914.16	79.842
914.33	78.873
914.51	81.920
914.68	78.750
914.85	79.604
915.03	79.672
915.20	80.219
915.37	77.994
915.55	80.086
915.72	79.327
915.89	79.435
916.07	78.453
916.24	80.434
916.41	78.917
916.59	79.009
916.76	79.537
916.93	78.324
917.10	79.288
917.28	80.412
917.45	79.142
917.62	78.547
917.80	79.308
917.97	79.290
918.14	80.341
918.31	80.238
918.49	79.912
918.66	79.685
918.83	78.505
919.01	78.784
919.18	78.648
919.35	80.232
919.52	78.983
919.70	79.379
919.87	78.642
920.04	78.366
920.21	78.765
920.39	81.556
920.56	79.060
920.73	79.541
920.90	78.376
921.08	79.253
921.25	77.834
921.42	79.669
921.59	80.340
921.77	79.535
921.94	79.944
922.11	78.151
922.28	79.129
922.46	79.557
922.63	78.070
922.80	79.503
922.97	82.512
923.15	79.428
923.32	79.485
923.49	79.917
923.66	80.100
923.83	78.834
924.01	80.782
924.18	81.213
924.35	79.090
924.52	78.132
924.69	80.135
924.87	81.891
925.04	80.828
925.21	77.161
925.38	80.490
925.55	80.647
925.73	80.345
925.90	79.632
926.07	78.102
926.24	80.571
926.41	78.582
926.59	80.779
926.76	77.690
926.93	79.784
927.10	81.814
927.27	80.549
927.45	79.274
927.62	79.319
927.79	82.006
927.96	81.050
928.13	79.407
928.30	80.159
928.48	78.897
928.65	81.557
928.82	79.568
928.99	81.196
929.16	81.961
929.33	81.409
929.50	80.367
929.68	79.991
929.85	79.412
930.02	77.405
930.19	79.514
930.36	81.016
930.53	83.260
930.70	78.657
930.88	79.109
931.05	80.991
931.22	81.445
931.39	79.935
931.56	78.925
931.73	80.733
931.90	77.814
932.08	78.234
932.25	79.523
932.42	83.714
932.59	80.508
932.76	81.085
932.93	80.524
933.10	81.005
933.27	79.436
933.44	83.162
933.62	77.218
933.79	81.166
933.96	79.136
934.13	78.994
934.30	78.603
934.47	82.405
934.64	81.015
934.81	79.356
934.98	79.260
935.15	80.484
935.32	81.446
935.50	78.364
935.67	81.804
935.84	82.185
936.01	84.176
936.18	81.527
936.35	81.159
936.52	82.547
936.69	84.347
936.86	82.550
937.03	77.563
937.20	79.936
937.37	84.039
937.54	79.982
937.71	88.474
937.89	80.378
938.06	83.598
938.23	85.000
938.40	78.793
938.57	87.171
938.74	84.949
938.91	84.098
939.08	86.258
939.25	79.644
939.42	87.344
939.59	82.303
939.76	82.061
939.93	79.583
940.10	87.012
940.27	85.762
940.44	87.895
940.61	81.129
940.78	89.639
940.95	84.319
941.12	82.794
941.29	81.290
941.46	87.321
941.63	82.201
941.80	84.067
941.97	84.774
942.14	85.911
942.31	79.070
942.48	89.491
942.65	91.234
942.82	85.123
942.99	83.264
943.16	79.944
943.33	86.291
943.50	89.369
943.67	86.181
943.84	82.680
944.01	89.497
944.18	87.442
944.35	80.119
944.52	84.307
944.69	90.000
944.86	87.460
945.03	87.671
945.20	95.402
945.37	83.811
945.54	86.732
945.71	95.412
945.88	80.975
946.05	81.404
946.22	79.649
946.39	84.377
946.56	84.091
946.73	87.490
946.90	83.598
947.07	93.156
947.23	83.882
947.40	92.161
947.57	84.155
947.74	82.566
947.91	96.242
948.08	83.320
948.25	82.457
948.42	80.776
948.59	83.919
948.76	87.211
948.93	87.726
949.10	83.018
949.27	88.144
949.44	84.419
949.60	84.393
949.77	86.891
949.94	83.438
950.11	87.913
950.28	77.669
950.45	82.999
950.62	80.615
950.79	79.219
950.96	87.084
951.13	83.692
951.30	85.772
951.46	82.233
951.63	84.069
951.80	81.023
951.97	81.787
952.14	84.549
952.31	83.703
952.48	87.449
952.65	79.645
952.81	83.800
952.98	84.854
953.15	85.955
953.32	82.738
953.49	83.852
953.66	79.593
953.83	79.189
954.00	78.260
954.16	82.737
954.33	89.361
954.50	83.220
954.67	82.487
954.84	85.587
955.01	88.354
955.18	82.410
955.34	83.846
955.51	84.245
955.68	83.388
955.85	83.155
956.02	81.786
956.19	83.565
956.35	80.571
956.52	81.452
956.69	81.272
956.86	80.338
957.03	80.425
957.20	79.922
957.36	82.161
957.53	81.549
957.70	81.006
957.87	79.888
958.04	78.614
958.21	84.870
958.37	85.068
958.54	80.537
958.71	84.643
958.88	81.918
959.05	81.827
959.21	77.905
959.38	80.325
959.55	76.204
959.72	85.545
959.89	78.117
960.05	81.233
960.22	82.264
960.39	86.413
960.56	80.394
960.72	81.159
960.89	83.422
961.06	79.570
961.23	81.862
961.40	80.353
961.56	84.438
961.73	81.517
961.90	80.860
962.07	79.587
962.23	80.072
962.40	82.404
962.57	85.493
962.74	81.264
962.90	84.062
963.07	81.307
963.24	84.484
963.41	77.086
963.57	80.334
963.74	78.576
963.91	76.520
964.08	79.147
964.24	88.066
964.41	81.100
964.58	80.684
964.75	77.830
964.91	79.472
965.08	78.614
965.25	84.896
965.42	82.426
965.58	81.470
965.75	79.134
965.92	84.338
966.08	79.964
966.25	87.743
966.42	80.834
966.59	80.721
966.75	84.004
966.92	85.782
967.09	75.043
967.25	81.182
967.42	82.978
967.59	82.761
967.75	78.945
967.92	79.755
968.09	80.294
968.26	80.394
968.42	82.322
968.59	82.127
968.76	82.130
968.92	82.233
969.09	83.504
969.26	83.456
969.42	77.206
969.59	81.650
969.76	81.382
969.92	80.203
970.09	79.828
970.26	82.270
970.42	84.554
970.59	81.602
970.76	83.486
970.92	79.657
971.09	80.848
971.26	79.662
971.42	79.418
971.59	82.016
971.76	79.779
971.92	84.885
972.09	82.925
972.25	84.347
972.42	78.960
972.59	79.435
972.75	87.172
972.92	80.164
973.09	84.075
973.25	84.881
973.42	75.949
973.58	81.967
973.75	82.990
973.92	81.779
974.08	81.408
974.25	78.751
974.42	84.587
974.58	78.803
974.75	77.018
974.91	87.387
975.08	81.625
975.25	75.335
975.41	81.133
975.58	80.038
975.74	79.027
975.91	83.753
976.08	84.078
976.24	83.265
976.41	91.545
976.57	79.293
976.74	81.876
976.91	77.996
977.07	88.012
977.24	80.020
977.40	81.069
977.57	83.814
977.73	76.537
977.90	80.592
978.07	78.195
978.23	84.874
978.40	82.508
978.56	80.272
978.73	82.637
978.89	85.295
979.06	80.735
979.22	78.953
979.39	78.558
979.56	81.756
979.72	77.942
979.89	81.656
980.05	87.132
980.22	87.772
980.38	87.044
980.55	80.995
980.71	81.570
980.88	80.655
981.04	81.100
981.21	83.240
981.37	81.498
981.54	89.017
981.70	85.987
981.87	82.923
982.04	88.347
982.20	80.587
982.37	84.844
982.53	82.906
982.70	84.104
982.86	81.806
983.03	82.113
983.19	81.984
983.36	79.490
983.52	83.802
983.69	81.953
983.85	77.012
984.02	87.548
984.18	81.040
984.35	79.706
984.51	78.845
984.68	80.481
984.84	89.045
985.00	86.841
985.17	81.341
985.33	79.838
985.50	89.471
985.66	74.966
985.83	85.467
985.99	86.924
986.16	83.860
986.32	81.529
986.49	82.451
986.65	77.332
986.82	85.585
986.98	79.481
987.15	82.943
987.31	82.304
987.47	85.282
987.64	84.908
987.80	84.035
987.97	84.800
988.13	80.022
988.30	82.508
988.46	80.386
988.63	81.341
988.79	85.276
988.95	84.124
989.12	86.181
989.28	87.516
989.45	81.973
989.61	82.942
989.77	79.283
989.94	81.397
990.10	80.453
990.27	87.659
990.43	78.951
990.60	80.534
990.76	88.129
990.92	85.085
991.09	85.599
991.25	79.808
991.42	82.225
991.58	85.854
991.74	88.803
991.91	85.363
992.07	86.051
992.24	84.100
992.40	83.012
992.56	84.844
992.73	90.352
992.89	86.484
993.05	89.569
993.22	80.505
993.38	78.852
993.55	87.749
993.71	81.901
993.87	79.696
994.04	82.938
994.20	81.366
994.36	82.043
994.53	82.317
994.69	84.981
994.85	87.710
995.02	85.551
995.18	89.446
995.34	87.106
995.51	78.816
995.67	78.391
995.84	80.867
996.00	85.297
996.16	88.341
996.33	82.990
996.49	82.861
996.65	84.843
996.82	89.249
996.98	84.557
997.14	82.351
997.31	88.537
997.47	82.789
997.63	91.878
997.79	83.888
997.96	88.209
998.12	89.929
998.28	87.219
998.45	80.437
998.61	81.025
998.77	83.578
998.94	87.640
999.10	83.755
999.26	80.800
999.43	86.342
999.59	88.215
999.75	85.129
999.91	81.601
1000.08	85.604
1000.24	86.793
1000.40	86.482
1000.57	82.857
1000.73	84.941
1000.89	82.264
1001.05	87.667
1001.22	87.875
1001.38	76.640
1001.54	84.610
1001.70	86.589
1001.87	85.752
1002.03	84.415
1002.19	88.696
1002.35	88.934
1002.52	87.457
1002.68	83.553
1002.84	89.444
1003.00	85.375
1003.17	86.874
1003.33	82.840
1003.49	85.008
1003.65	85.878
1003.82	89.535
1003.98	81.949
1004.14	76.783
1004.30	83.866
1004.47	98.114
1004.63	85.059
1004.79	81.091
1004.95	81.053
1005.11	84.431
1005.28	82.024
1005.44	86.263
1005.60	82.311
1005.76	85.123
1005.93	88.773
1006.09	85.964
1006.25	87.279
1006.41	82.938
1006.57	87.883
1006.74	83.994
1006.90	89.429
1007.06	84.933
1007.22	87.903
1007.38	83.986
1007.55	83.272
1007.71	86.129
1007.87	88.896
1008.03	83.339
1008.19	90.838
1008.35	93.004
1008.52	89.279
1008.68	84.276
1008.84	90.261
1009.00	88.423
1009.16	89.000
1009.32	91.376
1009.49	85.369
1009.65	83.893
1009.81	87.730
1009.97	88.533
1010.13	86.594
1010.29	88.743
1010.46	85.153
1010.62	79.238
1010.78	92.760
1010.94	90.180
1011.10	93.241
1011.26	81.955
1011.42	91.737
1011.59	82.386
1011.75	80.035
1011.91	82.490
1012.07	81.532
1012.23	89.768
1012.39	85.971
1012.55	85.132
1012.71	80.344
1012.88	86.979
1013.04	83.948
1013.20	96.079
1013.36	88.016
1013.52	90.403
1013.68	87.619
1013.84	90.262
1014.00	84.892
1014.16	90.324
1014.33	93.686
1014.49	92.033
1014.65	90.850
1014.81	96.746
1014.97	90.741
1015.13	96.416
1015.29	83.975
1015.45	93.133
1015.61	82.323
1015.77	78.643
1015.93	83.932
1016.09	83.241
1016.26	79.806
1016.42	83.221
1016.58	81.526
1016.74	85.255
1016.90	88.685
1017.06	81.146
1017.22	93.096
1017.38	89.720
1017.54	93.115
1017.70	85.169
1017.86	100.619
1018.02	89.221
1018.18	84.813
1018.34	85.571
1018.50	95.592
1018.66	88.590
1018.82	89.802
1018.98	86.783
1019.14	85.261
1019.31	97.616
1019.47	93.850
1019.63	89.095
1019.79	92.493
1019.95	88.268
1020.11	92.019
1020.27	78.266
1020.43	95.702
1020.59	89.051
1020.75	93.639
1020.91	75.589
1021.07	78.750
1021.23	97.826
1021.39	91.340
1021.55	92.414
1021.71	89.573
1021.87	92.421
1022.03	103.944
1022.19	82.152
1022.35	87.008
1022.51	91.697
1022.67	85.324
1022.83	89.954
1022.99	86.769
1023.15	86.340
1023.31	88.747
1023.47	81.351
1023.63	91.095
1023.79	96.957
1023.95	85.512
1024.10	87.056
1024.26	90.552
1024.42	90.928
1024.58	92.570
1024.74	89.974
1024.90	89.326
1025.06	87.273
1025.22	91.173
1025.38	92.072
1025.54	84.579
1025.70	75.121
1025.86	92.022
1026.02	92.857
1026.18	83.647
1026.34	105.977
1026.50	100.361
1026.66	97.347
1026.82	87.341
1026.98	87.248
1027.13	86.749
1027.29	95.549
1027.45	88.409
1027.61	86.921
1027.77	90.347
1027.93	88.929
1028.09	90.142
1028.25	100.070
1028.41	98.242
1028.57	71.795
1028.73	96.619
1028.88	89.189
1029.04	94.299
1029.20	85.630
1029.36	90.597
1029.52	86.071
1029.68	78.806
1029.84	91.532
1030.00	84.769
1030.16	91.522
1030.32	90.084
1030.47	96.190
1030.63	96.850
1030.79	91.915
1030.95	98.827
1031.11	96.490
1031.27	82.120
1031.43	98.876
1031.59	85.070
1031.74	98.926
1031.90	84.830
1032.06	93.170
1032.22	110.745
1032.38	87.537
1032.54	82.356
1032.69	102.776
1032.85	93.762
1033.01	93.818
1033.17	86.466
1033.33	92.363
1033.49	86.124
1033.65	88.839
1033.80	100.066
1033.96	89.370
1034.12	87.976
1034.28	74.504
1034.44	96.641
1034.60	94.182
1034.75	93.973
1034.91	91.855
1035.07	91.140
1035.23	88.750
1035.39	89.050
1035.54	86.149
1035.70	98.008
1035.86	91.408
1036.02	100.000
1036.18	102.481
1036.33	95.799
1036.49	98.151
1036.65	101.892
1036.81	90.189
1036.97	95.128
1037.12	100.234
1037.28	104.226
1037.44	97.258
1037.60	94.464
1037.76	89.664
1037.91	102.557
1038.07	105.415
1038.23	91.323
1038.39	102.236
1038.54	96.774
1038.70	105.280
1038.86	86.788
1039.02	98.963
1039.17	87.925
1039.33	118.868
1039.49	96.063
1039.65	106.526
1039.80	93.492
1039.96	108.186
1040.12	102.213
1040.28	98.861
>>>>> Data<<<<< Espectral Procesado Extremo
