Fichero De Datos De SpectraSuite
++++++++++++++++++++++++++++++++++++
Fecha: Mon Jul 06 11:31:11 CST 2026
Usuario: HP
Presente Oscuro Del Espectro: Sí
La Referencia de Presente Del Espectro De: Sí
Muestreados de los componentes de Número de espectros: 1
Espectrómetros: USB4H06056
Tiempo de integración (usec): 300000 (USB4H06056)
Promedio de Espectros Hechos un: 5 (USB4H06056)
El Alisar Del Furgón: 0 (USB4H06056)
Párrafo de de Corregir del la del del de Eléctrica del obscuridad: No (USB4H06056)
Estrobo/Lámpara Permitido: No (USB4H06056)
Correct for Detector Non-linearity: No (USB4H06056)
Párrafo de de Corregir del la del del de Externa del luz: No (USB4H06056)
Procesado del espectro de Número de pixeles en: 3648
>>>>> Comienza Data<<<<< Espectral Procesado Del EL
345.09	107.692
345.30	107.692
345.52	107.692
345.74	2.041
345.95	-12.857
346.17	711.111
346.39	114.062
346.60	70.787
346.82	242.222
347.04	-6.452
347.25	68.852
347.47	78.788
347.69	151.899
347.90	-21.429
348.12	106.593
348.34	-33.333
348.56	-133.333
348.77	11.570
348.99	81.301
349.21	66.102
349.42	59.859
349.64	0.000
349.86	-1160.000
350.07	60.345
350.29	-5.310
350.51	20.395
350.72	46.341
350.94	34.454
351.16	115.000
351.37	-126.667
351.59	80.859
351.81	71.094
352.02	11.009
352.24	74.342
352.46	81.176
352.67	21.905
352.89	40.123
353.10	-13.333
353.32	38.739
353.54	-17.895
353.75	42.500
353.97	58.710
354.19	75.806
354.40	60.204
354.62	32.000
354.84	32.843
355.05	32.979
355.27	1.875
355.49	106.358
355.70	17.857
355.92	-123.077
356.14	-4.327
356.35	16.583
356.57	22.652
356.78	48.729
357.00	82.418
357.22	96.522
357.43	99.306
357.65	51.961
357.87	85.345
358.08	21.404
358.30	70.485
358.51	73.711
358.73	12.987
358.95	163.780
359.16	-55.752
359.38	31.818
359.60	62.745
359.81	81.884
360.03	32.653
360.24	73.554
360.46	-100.000
360.68	54.335
360.89	41.850
361.11	29.310
361.33	2.469
361.54	49.091
361.76	36.798
361.97	-18.182
362.19	70.391
362.41	54.054
362.62	-10.599
362.84	77.119
363.05	50.556
363.27	120.915
363.49	61.379
363.70	-25.301
363.92	125.843
364.13	-28.049
364.35	-35.000
364.57	23.684
364.78	80.500
365.00	35.743
365.21	86.747
365.43	-8.738
365.65	34.082
365.86	25.962
366.08	29.032
366.29	0.000
366.51	37.805
366.73	40.789
366.94	80.220
367.16	14.167
367.37	-1.205
367.59	70.588
367.80	6.061
368.02	89.706
368.24	61.069
368.45	37.956
368.67	61.411
368.88	-812.500
369.10	29.560
369.31	55.333
369.53	84.358
369.75	59.592
369.96	17.510
370.18	77.869
370.39	36.620
370.61	2.027
370.82	168.750
371.04	68.217
371.26	64.683
371.47	77.143
371.69	105.682
371.90	35.556
372.12	78.641
372.33	1.695
372.55	48.649
372.76	48.458
372.98	0.000
373.20	125.000
373.41	66.964
373.63	-10.309
373.84	106.504
374.06	47.847
374.27	104.478
374.49	83.368
374.70	33.333
374.92	26.316
375.13	-48.235
375.35	-10.303
375.57	17.544
375.78	39.744
376.00	10.566
376.21	48.188
376.43	42.308
376.64	28.947
376.86	57.965
377.07	67.816
377.29	7.422
377.50	6.000
377.72	97.647
377.93	60.000
378.15	22.840
378.36	-58.252
378.58	34.591
378.80	46.341
379.01	74.096
379.23	38.235
379.44	6.471
379.66	34.286
379.87	36.275
380.09	46.222
380.30	40.303
380.52	80.328
380.73	4.118
380.95	60.084
381.16	20.896
381.38	42.545
381.59	-12.928
381.81	89.637
382.02	37.891
382.24	14.286
382.45	-11.268
382.67	59.801
382.88	10.177
383.10	36.771
383.31	9.174
383.53	32.249
383.74	-13.761
383.96	55.319
384.17	28.326
384.39	50.201
384.60	16.505
384.82	11.567
385.03	42.194
385.25	72.973
385.46	58.915
385.68	18.782
385.89	14.881
386.11	36.082
386.32	-5.907
386.54	22.642
386.75	64.583
386.97	35.470
387.18	20.578
387.40	46.825
387.61	-28.758
387.83	39.648
388.04	43.667
388.25	42.612
388.47	24.277
388.68	40.541
388.90	50.633
389.11	10.769
389.33	-19.266
389.54	41.143
389.76	28.745
389.97	38.375
390.19	15.020
390.40	32.669
390.62	30.317
390.83	25.256
391.05	43.501
391.26	51.863
391.47	32.174
391.69	32.426
391.90	27.046
392.12	45.869
392.33	40.674
392.55	41.514
392.76	54.908
392.98	29.365
393.19	20.000
393.41	27.451
393.62	69.266
393.83	20.561
394.05	38.670
394.26	25.949
394.48	31.533
394.69	33.721
394.91	40.415
395.12	2.510
395.34	33.333
395.55	-27.160
395.76	34.494
395.98	37.920
396.19	12.211
396.41	36.111
396.62	37.785
396.84	18.563
397.05	24.295
397.26	37.883
397.48	4.152
397.69	47.853
397.91	26.932
398.12	30.969
398.33	43.689
398.55	43.774
398.76	16.035
398.98	28.316
399.19	50.356
399.41	11.358
399.62	21.014
399.83	22.038
400.05	44.262
400.26	34.269
400.48	35.561
400.69	30.330
400.90	29.337
401.12	27.332
401.33	30.675
401.55	20.301
401.76	31.120
401.97	40.175
402.19	39.115
402.40	20.746
402.62	13.366
402.83	49.737
403.04	32.318
403.26	29.933
403.47	30.784
403.69	31.588
403.90	14.894
404.11	31.452
404.33	36.156
404.54	31.933
404.76	32.645
404.97	18.237
405.18	25.550
405.40	10.037
405.61	16.727
405.83	38.274
406.04	26.516
406.25	9.941
406.47	21.475
406.68	18.731
406.89	34.483
407.11	22.521
407.32	33.006
407.54	37.557
407.75	42.818
407.96	35.726
408.18	32.793
408.39	30.366
408.60	10.627
408.82	6.891
409.03	14.923
409.24	40.495
409.46	33.241
409.67	32.828
409.89	20.000
410.10	17.452
410.31	26.270
410.53	23.421
410.74	12.851
410.95	11.279
411.17	21.678
411.38	19.688
411.59	20.277
411.81	14.468
412.02	14.410
412.23	22.160
412.45	20.209
412.66	15.266
412.87	18.514
413.09	31.092
413.30	18.033
413.51	28.586
413.73	25.453
413.94	11.950
414.15	17.786
414.37	15.883
414.58	23.090
414.79	26.030
415.01	13.973
415.22	24.192
415.43	19.680
415.65	27.117
415.86	20.243
416.07	8.470
416.29	26.068
416.50	13.808
416.71	4.006
416.93	13.472
417.14	17.045
417.35	6.686
417.57	15.027
417.78	15.305
417.99	16.317
418.21	10.689
418.42	5.358
418.63	13.745
418.85	-91.682
419.06	16.725
419.27	8.728
419.48	12.634
419.70	13.587
419.91	16.505
420.12	11.733
420.34	10.550
420.55	11.686
420.76	14.885
420.98	4.915
421.19	14.969
421.40	13.144
421.61	10.778
421.83	14.845
422.04	5.641
422.25	9.500
422.47	9.170
422.68	13.234
422.89	8.896
423.11	12.714
423.32	10.419
423.53	5.419
423.74	10.031
423.96	7.599
424.17	16.534
424.38	8.361
424.59	11.803
424.81	10.077
425.02	6.206
425.23	6.734
425.45	11.232
425.66	9.215
425.87	11.195
426.08	10.666
426.30	10.400
426.51	11.221
426.72	8.893
426.93	8.913
427.15	9.519
427.36	6.985
427.57	7.889
427.79	12.947
428.00	5.435
428.21	6.280
428.42	6.061
428.64	6.958
428.85	10.133
429.06	6.678
429.27	7.480
429.49	6.572
429.70	5.931
429.91	10.556
430.12	8.427
430.34	7.148
430.55	8.461
430.76	7.673
430.97	5.082
431.19	6.826
431.40	8.147
431.61	7.527
431.82	7.138
432.03	5.383
432.25	6.566
432.46	6.283
432.67	7.740
432.88	8.343
433.10	7.932
433.31	3.488
433.52	8.423
433.73	7.309
433.95	6.159
434.16	6.751
434.37	4.889
434.58	5.903
434.79	7.722
435.01	5.859
435.22	9.624
435.43	6.104
435.64	9.890
435.86	6.008
436.07	6.730
436.28	5.245
436.49	8.502
436.70	6.768
436.92	8.310
437.13	7.804
437.34	9.331
437.55	5.395
437.76	7.949
437.98	7.122
438.19	4.717
438.40	6.875
438.61	7.797
438.82	6.356
439.04	7.216
439.25	7.650
439.46	8.185
439.67	3.634
439.88	4.000
440.10	6.287
440.31	5.151
440.52	6.427
440.73	5.510
440.94	6.860
441.16	8.026
441.37	6.169
441.58	6.115
441.79	6.044
442.00	7.286
442.21	5.488
442.43	7.010
442.64	7.088
442.85	6.890
443.06	7.268
443.27	6.653
443.48	6.902
443.70	7.784
443.91	6.893
444.12	7.580
444.33	7.199
444.54	7.942
444.75	7.248
444.97	7.135
445.18	7.649
445.39	5.532
445.60	7.848
445.81	6.951
446.02	6.567
446.24	7.053
446.45	6.704
446.66	6.649
446.87	5.762
447.08	7.769
447.29	5.414
447.51	6.551
447.72	5.453
447.93	8.146
448.14	8.202
448.35	5.072
448.56	7.989
448.77	6.361
448.99	5.993
449.20	5.926
449.41	6.178
449.62	7.712
449.83	6.227
450.04	6.683
450.25	5.555
450.46	6.473
450.68	7.327
450.89	5.875
451.10	6.377
451.31	6.256
451.52	6.206
451.73	6.288
451.94	6.535
452.15	5.915
452.37	7.462
452.58	6.387
452.79	6.870
453.00	7.606
453.21	5.179
453.42	7.192
453.63	6.794
453.84	5.269
454.06	6.914
454.27	6.154
454.48	6.876
454.69	6.361
454.90	6.937
455.11	7.320
455.32	5.099
455.53	7.365
455.74	5.658
455.95	5.376
456.17	5.956
456.38	5.518
456.59	5.531
456.80	5.712
457.01	5.897
457.22	7.650
457.43	5.792
457.64	6.275
457.85	6.552
458.06	7.100
458.27	7.012
458.49	7.679
458.70	7.741
458.91	6.698
459.12	7.348
459.33	5.358
459.54	6.122
459.75	7.946
459.96	5.576
460.17	5.361
460.38	5.460
460.59	5.416
460.80	7.169
461.01	6.268
461.23	6.062
461.44	6.789
461.65	6.625
461.86	6.488
462.07	6.039
462.28	8.025
462.49	5.208
462.70	6.335
462.91	6.408
463.12	6.651
463.33	6.465
463.54	6.034
463.75	7.219
463.96	8.090
464.17	6.618
464.38	6.590
464.59	6.580
464.81	6.060
465.02	7.457
465.23	7.560
465.44	6.267
465.65	7.678
465.86	5.441
466.07	7.457
466.28	7.109
466.49	7.669
466.70	6.819
466.91	5.459
467.12	6.904
467.33	6.218
467.54	6.583
467.75	6.875
467.96	6.381
468.17	6.073
468.38	6.510
468.59	6.625
468.80	6.116
469.01	6.553
469.22	6.774
469.43	6.242
469.64	6.433
469.85	6.234
470.06	5.980
470.27	6.268
470.48	6.862
470.69	6.604
470.90	6.755
471.11	7.001
471.32	6.979
471.53	6.423
471.74	6.576
471.95	6.873
472.16	6.430
472.37	6.935
472.58	6.732
472.79	5.261
473.00	6.732
473.21	6.371
473.42	6.995
473.63	6.397
473.84	6.749
474.05	6.094
474.26	6.386
474.47	6.256
474.68	6.912
474.89	5.986
475.10	7.521
475.31	6.529
475.52	6.452
475.73	6.675
475.94	7.134
476.15	6.058
476.36	7.419
476.57	5.843
476.78	6.549
476.99	6.764
477.20	6.624
477.41	6.254
477.62	6.396
477.83	6.025
478.04	6.670
478.25	6.910
478.46	6.386
478.67	5.631
478.88	6.760
479.09	6.393
479.30	6.599
479.51	6.485
479.72	6.997
479.93	7.068
480.14	6.474
480.35	6.127
480.56	6.678
480.77	6.123
480.98	6.777
481.18	6.733
481.39	6.429
481.60	5.717
481.81	6.566
482.02	6.580
482.23	6.803
482.44	6.394
482.65	6.642
482.86	7.019
483.07	5.970
483.28	6.913
483.49	6.943
483.70	6.456
483.91	6.623
484.12	7.004
484.33	6.856
484.53	6.763
484.74	6.884
484.95	6.148
485.16	6.203
485.37	6.824
485.58	6.343
485.79	6.782
486.00	6.081
486.21	6.941
486.42	6.494
486.63	6.595
486.84	6.690
487.05	6.367
487.25	7.294
487.46	6.528
487.67	6.620
487.88	6.221
488.09	6.985
488.30	6.410
488.51	7.239
488.72	7.147
488.93	6.249
489.14	6.593
489.35	6.035
489.55	6.190
489.76	6.266
489.97	6.342
490.18	6.984
490.39	6.513
490.60	6.783
490.81	6.072
491.02	6.294
491.23	6.645
491.43	6.911
491.64	6.593
491.85	6.063
492.06	6.730
492.27	6.732
492.48	6.922
492.69	6.295
492.90	6.544
493.11	6.589
493.31	6.723
493.52	6.500
493.73	6.890
493.94	6.647
494.15	6.378
494.36	6.597
494.57	6.596
494.78	6.523
494.98	6.498
495.19	6.624
495.40	6.716
495.61	6.854
495.82	7.087
496.03	6.789
496.24	6.732
496.44	6.866
496.65	6.618
496.86	6.588
497.07	6.705
497.28	6.677
497.49	6.691
497.70	6.356
497.90	6.779
498.11	6.961
498.32	6.778
498.53	6.742
498.74	6.738
498.95	6.956
499.15	6.390
499.36	6.942
499.57	6.477
499.78	6.441
499.99	6.380
500.20	6.650
500.40	7.092
500.61	6.850
500.82	7.012
501.03	6.796
501.24	6.763
501.45	6.793
501.65	6.553
501.86	6.650
502.07	6.742
502.28	6.428
502.49	6.874
502.70	7.180
502.90	6.297
503.11	6.763
503.32	6.906
503.53	6.608
503.74	7.069
503.94	6.874
504.15	6.908
504.36	6.975
504.57	7.159
504.78	6.724
504.98	6.641
505.19	6.943
505.40	6.969
505.61	6.655
505.82	7.209
506.02	6.724
506.23	6.700
506.44	6.928
506.65	7.198
506.86	7.032
507.06	6.796
507.27	7.393
507.48	7.112
507.69	7.178
507.90	7.175
508.10	7.119
508.31	7.483
508.52	6.939
508.73	7.040
508.94	7.399
509.14	7.406
509.35	7.314
509.56	7.523
509.77	7.437
509.97	7.533
510.18	7.078
510.39	7.271
510.60	7.304
510.80	7.655
511.01	7.338
511.22	7.406
511.43	7.642
511.64	7.481
511.84	7.586
512.05	7.770
512.26	7.475
512.47	7.592
512.67	7.835
512.88	7.784
513.09	7.480
513.30	7.973
513.50	7.962
513.71	7.962
513.92	8.097
514.13	7.990
514.33	7.996
514.54	8.046
514.75	7.895
514.96	7.898
515.16	8.099
515.37	8.481
515.58	8.313
515.78	8.627
515.99	8.515
516.20	8.272
516.41	8.287
516.61	8.430
516.82	8.458
517.03	8.408
517.24	8.815
517.44	8.671
517.65	8.616
517.86	8.923
518.07	9.144
518.27	8.821
518.48	8.780
518.69	9.184
518.89	8.936
519.10	9.250
519.31	9.234
519.52	8.986
519.72	9.289
519.93	9.672
520.14	9.460
520.34	9.461
520.55	9.506
520.76	9.637
520.96	9.847
521.17	9.985
521.38	10.047
521.59	10.276
521.79	10.035
522.00	9.930
522.21	10.550
522.41	10.298
522.62	10.140
522.83	10.535
523.03	10.840
523.24	10.734
523.45	10.835
523.66	10.665
523.86	10.713
524.07	11.268
524.28	11.324
524.48	11.185
524.69	11.456
524.90	11.453
525.10	11.393
525.31	11.392
525.52	11.687
525.72	11.228
525.93	11.504
526.14	11.605
526.34	12.067
526.55	11.835
526.76	11.914
526.96	12.065
527.17	12.286
527.38	12.136
527.58	12.642
527.79	12.485
528.00	12.327
528.20	12.795
528.41	12.424
528.62	12.475
528.82	13.273
529.03	13.121
529.24	12.800
529.44	12.905
529.65	13.142
529.85	13.294
530.06	13.522
530.27	13.271
530.47	13.447
530.68	13.126
530.89	13.299
531.09	13.558
531.30	13.891
531.51	14.091
531.71	14.145
531.92	13.858
532.13	13.923
532.33	14.447
532.54	14.476
532.74	14.424
532.95	14.219
533.16	14.439
533.36	14.391
533.57	14.509
533.78	14.686
533.98	14.594
534.19	14.783
534.39	14.739
534.60	14.785
534.81	14.702
535.01	14.900
535.22	14.774
535.42	15.064
535.63	15.083
535.84	14.870
536.04	15.276
536.25	15.129
536.45	15.229
536.66	15.102
536.87	15.372
537.07	15.946
537.28	15.304
537.48	15.712
537.69	15.665
537.90	15.529
538.10	15.626
538.31	15.493
538.51	15.563
538.72	15.896
538.93	15.806
539.13	15.915
539.34	15.575
539.54	15.966
539.75	15.826
539.96	15.825
540.16	15.957
540.37	15.918
540.57	16.212
540.78	15.853
540.98	16.075
541.19	15.899
541.40	15.796
541.60	16.032
541.81	16.009
542.01	16.068
542.22	16.297
542.42	16.263
542.63	16.288
542.83	16.088
543.04	16.355
543.25	16.371
543.45	16.589
543.66	16.189
543.86	16.131
544.07	16.246
544.27	16.328
544.48	16.028
544.68	16.372
544.89	16.221
545.10	16.341
545.30	16.428
545.51	16.475
545.71	16.455
545.92	16.339
546.12	16.374
546.33	16.612
546.53	16.568
546.74	16.573
546.94	16.375
547.15	16.467
547.36	16.288
547.56	16.457
547.77	16.628
547.97	16.519
548.18	16.508
548.38	16.569
548.59	16.655
548.79	16.423
549.00	16.463
549.20	16.563
549.41	16.782
549.61	16.735
549.82	16.408
550.02	16.730
550.23	16.371
550.43	16.654
550.64	16.624
550.84	16.755
551.05	16.760
551.25	16.612
551.46	16.876
551.66	16.730
551.87	16.590
552.07	16.926
552.28	16.634
552.48	16.625
552.69	16.912
552.89	16.863
553.10	16.872
553.30	16.390
553.51	16.894
553.71	16.763
553.92	16.828
554.12	16.917
554.33	16.918
554.53	16.664
554.74	16.595
554.94	16.932
555.15	16.806
555.35	16.849
555.56	16.724
555.76	16.817
555.97	16.800
556.17	16.886
556.38	17.049
556.58	16.848
556.78	16.726
556.99	16.845
557.19	16.666
557.40	16.778
557.60	16.599
557.81	17.028
558.01	17.111
558.22	16.790
558.42	16.691
558.63	16.949
558.83	16.617
559.04	16.681
559.24	16.714
559.44	16.689
559.65	16.510
559.85	16.660
560.06	16.740
560.26	16.745
560.47	16.475
560.67	17.235
560.88	16.637
561.08	16.536
561.28	16.700
561.49	16.473
561.69	16.383
561.90	16.451
562.10	16.719
562.31	16.310
562.51	16.431
562.71	16.196
562.92	16.395
563.12	16.529
563.33	16.328
563.53	16.463
563.74	15.910
563.94	16.109
564.14	16.164
564.35	15.999
564.55	16.268
564.76	16.134
564.96	16.350
565.17	16.023
565.37	16.109
565.57	15.898
565.78	16.053
565.98	15.880
566.19	15.791
566.39	15.751
566.59	15.693
566.80	15.520
567.00	15.577
567.21	15.802
567.41	15.776
567.61	15.333
567.82	15.489
568.02	15.600
568.23	15.259
568.43	15.129
568.63	15.309
568.84	15.360
569.04	14.888
569.24	15.162
569.45	14.733
569.65	15.013
569.86	15.071
570.06	14.692
570.26	14.653
570.47	14.873
570.67	14.646
570.87	14.619
571.08	14.461
571.28	14.556
571.49	14.518
571.69	14.157
571.89	14.369
572.10	14.319
572.30	14.182
572.50	14.225
572.71	14.075
572.91	13.769
573.11	13.979
573.32	13.996
573.52	13.792
573.73	13.695
573.93	13.755
574.13	13.747
574.34	13.627
574.54	13.490
574.74	13.383
574.95	13.583
575.15	13.566
575.35	13.147
575.56	13.456
575.76	13.220
575.96	13.096
576.17	13.244
576.37	13.088
576.57	12.683
576.78	12.792
576.98	12.977
577.18	12.768
577.39	12.749
577.59	12.729
577.79	12.690
578.00	12.760
578.20	12.605
578.40	12.611
578.61	12.357
578.81	12.476
579.01	12.318
579.22	12.261
579.42	12.148
579.62	12.154
579.82	12.163
580.03	12.375
580.23	12.058
580.43	12.190
580.64	12.000
580.84	12.197
581.04	11.892
581.25	11.934
581.45	11.821
581.65	11.680
581.86	11.647
582.06	11.755
582.26	11.737
582.46	12.128
582.67	11.747
582.87	11.608
583.07	11.463
583.28	11.489
583.48	11.323
583.68	11.490
583.88	11.312
584.09	11.242
584.29	11.365
584.49	11.392
584.70	11.203
584.90	11.235
585.10	11.239
585.30	10.891
585.51	11.038
585.71	11.061
585.91	11.108
586.11	11.034
586.32	10.994
586.52	10.992
586.72	10.936
586.92	10.891
587.13	10.861
587.33	10.905
587.53	10.768
587.74	10.746
587.94	10.633
588.14	10.664
588.34	10.815
588.55	10.847
588.75	10.642
588.95	10.580
589.15	10.786
589.36	10.492
589.56	10.593
589.76	10.450
589.96	10.691
590.16	10.660
590.37	10.570
590.57	10.537
590.77	10.525
590.97	10.370
591.18	10.363
591.38	10.468
591.58	9.998
591.78	10.311
591.99	10.411
592.19	10.243
592.39	10.061
592.59	10.288
592.79	10.155
593.00	10.026
593.20	10.286
593.40	10.307
593.60	10.327
593.81	10.059
594.01	10.189
594.21	10.015
594.41	10.039
594.61	10.123
594.82	10.082
595.02	10.025
595.22	10.245
595.42	10.117
595.62	10.020
595.83	10.182
596.03	9.967
596.23	9.882
596.43	9.892
596.63	10.008
596.84	10.076
597.04	9.914
597.24	9.791
597.44	10.027
597.64	10.020
597.84	9.970
598.05	9.644
598.25	9.808
598.45	9.612
598.65	9.844
598.85	9.859
599.06	9.763
599.26	9.821
599.46	9.600
599.66	9.726
599.86	9.656
600.06	9.798
600.27	9.773
600.47	9.883
600.67	9.848
600.87	9.728
601.07	9.693
601.27	9.632
601.48	9.877
601.68	9.768
601.88	9.664
602.08	9.618
602.28	9.508
602.48	9.604
602.68	9.644
602.89	9.610
603.09	9.624
603.29	9.476
603.49	9.518
603.69	9.454
603.89	9.779
604.09	9.440
604.30	9.518
604.50	9.602
604.70	9.530
604.90	9.501
605.10	9.463
605.30	9.514
605.50	9.503
605.71	9.568
605.91	9.352
606.11	9.551
606.31	9.544
606.51	9.606
606.71	9.454
606.91	9.386
607.11	9.332
607.32	9.480
607.52	9.270
607.72	9.461
607.92	9.335
608.12	9.327
608.32	9.305
608.52	9.371
608.72	9.159
608.92	9.433
609.12	9.219
609.33	9.544
609.53	9.366
609.73	9.186
609.93	9.042
610.13	8.995
610.33	9.165
610.53	9.326
610.73	9.243
610.93	9.152
611.13	9.242
611.34	9.275
611.54	9.110
611.74	8.902
611.94	8.932
612.14	9.133
612.34	8.985
612.54	9.071
612.74	8.865
612.94	9.022
613.14	9.053
613.34	9.007
613.54	8.853
613.74	8.863
613.95	8.922
614.15	8.968
614.35	8.833
614.55	8.986
614.75	8.821
614.95	8.994
615.15	8.986
615.35	8.712
615.55	8.835
615.75	8.847
615.95	8.834
616.15	8.586
616.35	8.814
616.55	8.807
616.75	8.676
616.95	8.543
617.15	8.760
617.35	8.474
617.56	8.608
617.76	8.625
617.96	8.607
618.16	8.511
618.36	8.539
618.56	8.649
618.76	8.662
618.96	8.605
619.16	8.426
619.36	8.556
619.56	8.596
619.76	8.613
619.96	8.522
620.16	8.445
620.36	8.387
620.56	8.348
620.76	8.465
620.96	8.297
621.16	8.325
621.36	8.179
621.56	8.395
621.76	8.291
621.96	8.304
622.16	8.338
622.36	8.152
622.56	8.194
622.76	8.257
622.96	8.121
623.16	8.362
623.36	8.345
623.56	8.423
623.76	8.214
623.96	8.143
624.16	8.162
624.36	8.215
624.56	8.169
624.76	8.176
624.96	8.249
625.16	8.246
625.36	8.034
625.56	8.417
625.76	8.009
625.96	8.036
626.16	8.075
626.36	8.119
626.56	8.312
626.76	8.153
626.96	8.013
627.16	8.131
627.36	7.989
627.56	8.002
627.76	8.171
627.96	7.874
628.16	8.155
628.36	7.976
628.56	8.181
628.75	8.218
628.95	8.159
629.15	7.943
629.35	8.051
629.55	7.962
629.75	8.064
629.95	7.997
630.15	7.910
630.35	7.937
630.55	7.796
630.75	8.007
630.95	8.099
631.15	8.075
631.35	7.934
631.55	7.939
631.75	7.964
631.95	7.977
632.15	8.001
632.34	8.033
632.54	7.982
632.74	7.884
632.94	7.869
633.14	7.835
633.34	7.878
633.54	8.008
633.74	7.909
633.94	7.817
634.14	7.737
634.34	7.837
634.54	7.732
634.74	7.996
634.93	7.894
635.13	8.047
635.33	7.714
635.53	7.888
635.73	7.867
635.93	7.887
636.13	7.872
636.33	7.737
636.53	7.843
636.73	7.797
636.93	7.968
637.12	7.979
637.32	7.684
637.52	7.802
637.72	7.787
637.92	7.909
638.12	7.664
638.32	7.814
638.52	7.711
638.72	7.560
638.91	7.506
639.11	7.436
639.31	7.704
639.51	7.522
639.71	7.455
639.91	7.587
640.11	7.492
640.31	7.355
640.50	7.544
640.70	7.592
640.90	7.406
641.10	7.444
641.30	7.458
641.50	7.427
641.70	7.613
641.89	7.418
642.09	7.445
642.29	7.372
642.49	7.392
642.69	7.246
642.89	7.263
643.09	7.421
643.28	7.351
643.48	7.108
643.68	7.166
643.88	7.263
644.08	7.233
644.28	7.279
644.48	7.057
644.67	7.162
644.87	7.225
645.07	7.061
645.27	7.033
645.47	7.102
645.67	7.003
645.86	7.065
646.06	7.021
646.26	7.132
646.46	7.016
646.66	6.804
646.85	6.917
647.05	6.681
647.25	6.857
647.45	7.098
647.65	6.868
647.85	6.958
648.04	6.766
648.24	6.755
648.44	6.637
648.64	6.797
648.84	6.683
649.03	6.776
649.23	6.692
649.43	6.746
649.63	6.608
649.83	6.625
650.02	6.669
650.22	6.859
650.42	6.733
650.62	6.749
650.82	6.706
651.01	6.702
651.21	6.575
651.41	6.790
651.61	6.748
651.81	6.622
652.00	6.639
652.20	6.687
652.40	6.566
652.60	6.682
652.79	6.549
652.99	6.608
653.19	6.798
653.39	6.563
653.59	6.558
653.78	6.403
653.98	6.530
654.18	6.596
654.38	6.651
654.57	6.592
654.77	6.550
654.97	6.565
655.17	6.486
655.36	6.566
655.56	6.647
655.76	6.583
655.96	6.525
656.15	6.554
656.35	6.609
656.55	6.445
656.75	6.610
656.94	6.433
657.14	6.508
657.34	6.606
657.54	6.604
657.73	6.585
657.93	6.360
658.13	6.505
658.33	6.491
658.52	6.455
658.72	6.525
658.92	6.424
659.11	6.381
659.31	6.376
659.51	6.429
659.71	6.351
659.90	6.403
660.10	6.532
660.30	6.406
660.50	6.321
660.69	6.695
660.89	6.316
661.09	6.573
661.28	6.387
661.48	6.552
661.68	6.487
661.87	6.483
662.07	6.379
662.27	6.273
662.47	6.380
662.66	6.460
662.86	6.450
663.06	6.499
663.25	6.496
663.45	6.274
663.65	6.426
663.84	6.265
664.04	6.457
664.24	6.439
664.44	6.408
664.63	6.377
664.83	6.259
665.03	6.471
665.22	6.355
665.42	6.249
665.62	6.487
665.81	6.454
666.01	6.379
666.21	6.429
666.40	6.384
666.60	6.340
666.80	6.189
666.99	6.315
667.19	6.322
667.39	6.328
667.58	6.433
667.78	6.254
667.98	6.174
668.17	6.427
668.37	6.293
668.57	6.369
668.76	6.419
668.96	6.378
669.16	6.490
669.35	6.416
669.55	6.353
669.74	6.407
669.94	6.283
670.14	6.382
670.33	6.465
670.53	6.384
670.73	6.406
670.92	6.445
671.12	6.350
671.32	6.402
671.51	6.412
671.71	6.242
671.90	6.437
672.10	6.499
672.30	6.427
672.49	6.424
672.69	6.570
672.89	6.503
673.08	6.315
673.28	6.370
673.47	6.552
673.67	6.519
673.87	6.333
674.06	6.497
674.26	6.687
674.45	6.369
674.65	6.571
674.85	6.444
675.04	6.469
675.24	6.512
675.43	6.506
675.63	6.706
675.83	6.585
676.02	6.690
676.22	6.655
676.41	6.582
676.61	6.471
676.81	6.634
677.00	6.500
677.20	6.517
677.39	6.833
677.59	6.617
677.79	6.713
677.98	6.621
678.18	6.642
678.37	6.564
678.57	6.773
678.76	6.683
678.96	6.777
679.16	6.836
679.35	6.837
679.55	6.715
679.74	6.670
679.94	6.704
680.13	6.858
680.33	6.825
680.53	6.726
680.72	6.783
680.92	6.868
681.11	6.865
681.31	6.827
681.50	6.874
681.70	6.834
681.89	6.924
682.09	7.024
682.28	6.846
682.48	6.907
682.68	6.888
682.87	6.875
683.07	6.900
683.26	6.847
683.46	7.067
683.65	7.068
683.85	6.951
684.04	7.070
684.24	7.132
684.43	6.825
684.63	7.080
684.82	6.953
685.02	6.994
685.21	7.214
685.41	7.039
685.60	6.801
685.80	7.137
686.00	7.157
686.19	7.328
686.39	7.149
686.58	7.142
686.78	7.149
686.97	7.103
687.17	7.141
687.36	7.454
687.56	7.154
687.75	7.418
687.95	7.187
688.14	7.161
688.34	7.337
688.53	7.314
688.73	7.351
688.92	7.334
689.12	7.387
689.31	7.331
689.51	7.561
689.70	7.418
689.89	7.374
690.09	7.432
690.28	7.560
690.48	7.551
690.67	7.524
690.87	7.687
691.06	7.763
691.26	7.617
691.45	7.773
691.65	7.812
691.84	7.961
692.04	8.125
692.23	7.921
692.43	8.059
692.62	8.181
692.82	8.034
693.01	8.183
693.20	8.229
693.40	8.377
693.59	8.507
693.79	8.363
693.98	8.640
694.18	8.448
694.37	8.692
694.57	8.607
694.76	8.896
694.95	9.128
695.15	9.118
695.34	9.361
695.54	9.356
695.73	9.670
695.93	9.680
696.12	10.076
696.32	9.817
696.51	10.184
696.70	10.266
696.90	10.298
697.09	10.768
697.29	10.672
697.48	10.847
697.67	11.077
697.87	11.212
698.06	11.367
698.26	11.532
698.45	11.931
698.65	11.992
698.84	12.117
699.03	12.247
699.23	12.606
699.42	12.820
699.62	13.190
699.81	13.140
700.00	13.469
700.20	13.655
700.39	13.857
700.59	13.959
700.78	14.493
700.97	14.548
701.17	14.934
701.36	14.986
701.56	15.123
701.75	15.595
701.94	15.891
702.14	15.896
702.33	16.100
702.52	16.635
702.72	16.822
702.91	17.210
703.11	17.213
703.30	17.488
703.49	17.851
703.69	18.245
703.88	18.330
704.07	18.419
704.27	18.670
704.46	19.145
704.66	19.489
704.85	19.565
705.04	19.797
705.24	20.100
705.43	20.202
705.62	20.603
705.82	20.883
706.01	20.991
706.20	21.548
706.40	21.470
706.59	21.917
706.78	21.993
706.98	22.496
707.17	22.513
707.36	22.587
707.56	23.286
707.75	23.358
707.94	23.566
708.14	23.769
708.33	24.076
708.52	24.271
708.72	24.523
708.91	24.723
709.10	25.009
709.30	25.002
709.49	25.346
709.68	25.502
709.88	25.997
710.07	26.024
710.26	26.406
710.46	26.330
710.65	26.643
710.84	26.873
711.04	27.646
711.23	27.369
711.42	27.712
711.61	28.097
711.81	28.128
712.00	28.366
712.19	28.194
712.39	28.837
712.58	29.200
712.77	29.571
712.97	29.626
713.16	29.964
713.35	29.869
713.54	30.449
713.74	30.548
713.93	30.776
714.12	31.179
714.32	31.206
714.51	31.443
714.70	31.407
714.89	31.890
715.09	32.216
715.28	32.698
715.47	32.610
715.66	32.572
715.86	33.114
716.05	33.291
716.24	33.374
716.44	33.747
716.63	33.813
716.82	34.072
717.01	34.278
717.21	34.493
717.40	34.810
717.59	35.007
717.78	35.308
717.98	35.207
718.17	35.531
718.36	35.988
718.55	36.144
718.75	36.077
718.94	36.398
719.13	36.533
719.32	36.820
719.52	37.227
719.71	37.548
719.90	37.505
720.09	37.546
720.28	38.264
720.48	38.005
720.67	38.457
720.86	38.609
721.05	38.795
721.25	39.233
721.44	39.469
721.63	39.424
721.82	39.733
722.01	39.826
722.21	40.079
722.40	40.629
722.59	40.495
722.78	40.778
722.98	40.872
723.17	40.975
723.36	41.329
723.55	41.896
723.74	42.017
723.94	42.192
724.13	42.110
724.32	43.019
724.51	42.598
724.70	42.719
724.89	42.726
725.09	43.219
725.28	43.169
725.47	43.748
725.66	43.947
725.85	44.252
726.05	43.756
726.24	44.263
726.43	44.296
726.62	44.274
726.81	44.822
727.00	44.976
727.20	45.235
727.39	45.503
727.58	45.489
727.77	45.724
727.96	45.526
728.15	46.124
728.35	46.236
728.54	46.416
728.73	46.665
728.92	46.863
729.11	46.904
729.30	47.383
729.50	47.056
729.69	47.602
729.88	47.712
730.07	47.474
730.26	47.766
730.45	47.991
730.64	48.155
730.84	48.543
731.03	48.490
731.22	48.780
731.41	48.823
731.60	48.999
731.79	49.174
731.98	49.307
732.18	49.288
732.37	49.554
732.56	50.068
732.75	49.738
732.94	49.889
733.13	50.379
733.32	50.279
733.51	51.022
733.71	50.672
733.90	50.824
734.09	50.743
734.28	51.548
734.47	51.284
734.66	51.187
734.85	51.066
735.04	51.452
735.23	51.748
735.42	51.639
735.62	51.912
735.81	51.864
736.00	52.491
736.19	52.159
736.38	52.229
736.57	53.006
736.76	52.680
736.95	52.716
737.14	53.091
737.33	52.944
737.52	53.128
737.72	53.098
737.91	53.364
738.10	53.568
738.29	53.608
738.48	53.759
738.67	53.767
738.86	54.050
739.05	53.974
739.24	54.157
739.43	54.215
739.62	54.286
739.81	54.217
740.00	54.529
740.19	54.144
740.39	54.492
740.58	54.640
740.77	54.610
740.96	54.689
741.15	54.904
741.34	55.064
741.53	55.461
741.72	55.493
741.91	55.604
742.10	55.421
742.29	55.332
742.48	55.318
742.67	55.342
742.86	55.878
743.05	55.771
743.24	56.207
743.43	56.188
743.62	56.115
743.81	56.173
744.00	56.444
744.19	56.636
744.38	56.489
744.57	56.541
744.76	56.705
744.95	56.307
745.14	56.389
745.33	56.079
745.52	56.693
745.71	56.796
745.90	56.742
746.09	56.658
746.28	57.236
746.47	57.508
746.66	57.435
746.85	56.792
747.04	57.375
747.23	56.902
747.42	57.213
747.61	57.073
747.80	57.280
747.99	57.627
748.18	57.710
748.37	57.587
748.56	57.573
748.75	57.591
748.94	57.854
749.13	57.745
749.32	57.556
749.51	57.652
749.70	57.499
749.89	58.697
750.08	57.622
750.27	57.791
750.46	57.697
750.65	57.654
750.84	57.627
751.03	58.276
751.22	58.098
751.41	58.064
751.60	58.184
751.79	58.285
751.98	58.203
752.17	58.559
752.36	58.110
752.55	58.363
752.74	58.358
752.93	58.323
753.12	58.386
753.30	58.527
753.49	58.572
753.68	58.262
753.87	58.295
754.06	57.495
754.25	58.515
754.44	58.515
754.63	58.565
754.82	58.421
755.01	58.737
755.20	58.358
755.39	58.875
755.58	58.373
755.77	58.457
755.96	58.630
756.14	58.722
756.33	58.704
756.52	59.047
756.71	58.293
756.90	58.764
757.09	58.766
757.28	58.657
757.47	58.841
757.66	59.249
757.85	58.946
758.04	58.672
758.22	58.869
758.41	59.119
758.60	59.158
758.79	59.012
758.98	58.786
759.17	58.894
759.36	59.285
759.55	59.031
759.74	58.706
759.92	58.809
760.11	58.943
760.30	58.920
760.49	58.775
760.68	59.097
760.87	59.026
761.06	59.351
761.25	58.806
761.43	58.860
761.62	58.954
761.81	58.781
762.00	58.867
762.19	59.089
762.38	58.968
762.57	59.546
762.76	58.944
762.94	58.786
763.13	59.436
763.32	59.038
763.51	58.810
763.70	58.964
763.89	58.802
764.07	59.076
764.26	59.396
764.45	59.465
764.64	59.162
764.83	59.167
765.02	58.857
765.21	59.187
765.39	59.225
765.58	59.079
765.77	58.757
765.96	59.163
766.15	59.019
766.34	59.123
766.52	59.014
766.71	59.067
766.90	59.119
767.09	59.442
767.28	59.381
767.46	59.403
767.65	59.483
767.84	59.538
768.03	58.861
768.22	59.608
768.40	58.777
768.59	59.195
768.78	59.145
768.97	59.487
769.16	59.133
769.34	58.863
769.53	59.314
769.72	59.164
769.91	59.458
770.10	59.126
770.28	59.126
770.47	59.303
770.66	59.014
770.85	59.262
771.04	58.935
771.22	58.870
771.41	59.126
771.60	59.494
771.79	59.133
771.98	59.276
772.16	59.492
772.35	59.427
772.54	59.038
772.73	58.827
772.91	59.068
773.10	59.171
773.29	59.266
773.48	59.286
773.66	59.153
773.85	59.579
774.04	59.099
774.23	59.500
774.41	58.806
774.60	59.215
774.79	59.654
774.98	59.195
775.16	58.479
775.35	59.089
775.54	59.385
775.73	58.931
775.91	58.928
776.10	59.034
776.29	59.104
776.48	58.984
776.66	59.206
776.85	58.955
777.04	58.909
777.23	58.818
777.41	59.280
777.60	59.155
777.79	59.220
777.97	58.977
778.16	58.734
778.35	59.163
778.54	59.223
778.72	59.465
778.91	59.269
779.10	58.876
779.28	58.981
779.47	59.283
779.66	59.398
779.85	58.805
780.03	59.417
780.22	59.144
780.41	59.268
780.59	59.451
780.78	59.710
780.97	59.122
781.15	59.407
781.34	59.175
781.53	58.847
781.71	59.153
781.90	59.506
782.09	59.261
782.27	59.016
782.46	58.948
782.65	58.610
782.84	59.064
783.02	58.963
783.21	59.245
783.40	58.853
783.58	58.908
783.77	59.282
783.96	58.475
784.14	59.171
784.33	58.847
784.52	59.422
784.70	59.272
784.89	59.195
785.07	58.736
785.26	58.376
785.45	58.682
785.63	58.614
785.82	59.141
786.01	59.179
786.19	58.933
786.38	59.278
786.57	59.012
786.75	59.279
786.94	58.981
787.13	59.361
787.31	59.230
787.50	59.150
787.68	58.827
787.87	59.275
788.06	58.823
788.24	58.996
788.43	58.929
788.62	59.143
788.80	58.988
788.99	59.388
789.17	59.123
789.36	59.097
789.55	59.176
789.73	58.953
789.92	59.096
790.10	59.553
790.29	59.275
790.48	59.224
790.66	58.833
790.85	58.437
791.03	59.084
791.22	58.906
791.41	59.134
791.59	59.120
791.78	59.016
791.96	58.739
792.15	58.888
792.34	59.240
792.52	58.643
792.71	59.576
792.89	58.774
793.08	59.033
793.27	58.969
793.45	58.968
793.64	59.299
793.82	59.007
794.01	59.091
794.19	59.313
794.38	58.761
794.57	59.015
794.75	59.123
794.94	59.013
795.12	58.748
795.31	59.100
795.49	59.138
795.68	59.113
795.86	59.503
796.05	59.186
796.24	59.124
796.42	59.024
796.61	59.392
796.79	59.064
796.98	58.931
797.16	59.099
797.35	59.130
797.53	59.177
797.72	59.462
797.90	58.681
798.09	58.983
798.27	59.053
798.46	59.121
798.65	59.216
798.83	59.198
799.02	59.151
799.20	59.678
799.39	59.188
799.57	58.884
799.76	59.115
799.94	58.963
800.13	59.212
800.31	59.151
800.50	59.414
800.68	59.200
800.87	58.805
801.05	59.107
801.24	58.713
801.42	59.028
801.61	58.444
801.79	58.965
801.98	59.077
802.16	58.528
802.35	59.156
802.53	58.848
802.72	58.941
802.90	59.295
803.09	59.158
803.27	58.854
803.46	59.332
803.64	58.852
803.83	58.879
804.01	58.998
804.20	59.369
804.38	59.218
804.56	59.034
804.75	58.996
804.93	59.517
805.12	58.448
805.30	58.838
805.49	58.995
805.67	59.202
805.86	59.008
806.04	58.618
806.23	59.116
806.41	59.362
806.59	58.733
806.78	58.784
806.96	58.823
807.15	58.778
807.33	58.911
807.52	59.279
807.70	59.257
807.89	58.666
808.07	58.938
808.25	59.075
808.44	58.780
808.62	59.074
808.81	59.087
808.99	59.508
809.18	59.107
809.36	58.759
809.54	58.755
809.73	59.426
809.91	59.593
810.10	59.222
810.28	59.053
810.47	59.057
810.65	58.500
810.83	59.000
811.02	59.263
811.20	59.283
811.39	58.961
811.57	58.854
811.75	59.425
811.94	59.111
812.12	58.977
812.31	58.555
812.49	59.252
812.67	59.552
812.86	59.272
813.04	59.049
813.23	58.714
813.41	58.941
813.59	59.348
813.78	58.978
813.96	59.126
814.14	58.891
814.33	58.798
814.51	59.104
814.70	59.166
814.88	58.851
815.06	59.354
815.25	59.002
815.43	59.170
815.61	58.958
815.80	58.757
815.98	59.166
816.16	58.292
816.35	59.351
816.53	58.416
816.72	59.163
816.90	59.024
817.08	58.754
817.27	58.718
817.45	59.019
817.63	59.172
817.82	59.262
818.00	59.165
818.18	59.170
818.37	59.251
818.55	59.330
818.73	58.408
818.92	58.897
819.10	59.295
819.28	59.199
819.47	58.936
819.65	59.437
819.83	58.738
820.02	59.322
820.20	58.852
820.38	59.274
820.57	58.957
820.75	58.925
820.93	59.449
821.11	58.884
821.30	58.734
821.48	58.500
821.66	58.853
821.85	59.239
822.03	59.044
822.21	59.312
822.40	59.096
822.58	59.113
822.76	59.586
822.94	58.355
823.13	58.842
823.31	59.101
823.49	58.559
823.68	59.166
823.86	58.840
824.04	59.107
824.22	59.529
824.41	58.785
824.59	58.479
824.77	59.006
824.96	59.054
825.14	58.880
825.32	58.588
825.50	58.505
825.69	59.037
825.87	58.692
826.05	58.790
826.23	59.440
826.42	58.856
826.60	58.890
826.78	59.183
826.96	59.500
827.15	58.985
827.33	59.195
827.51	58.900
827.69	58.695
827.88	58.674
828.06	59.021
828.24	58.478
828.42	58.611
828.61	59.170
828.79	59.182
828.97	58.970
829.15	58.500
829.34	59.134
829.52	58.881
829.70	58.685
829.88	58.823
830.06	59.466
830.25	59.058
830.43	59.347
830.61	58.912
830.79	58.865
830.97	59.000
831.16	59.420
831.34	58.674
831.52	59.173
831.70	59.487
831.89	58.719
832.07	58.596
832.25	59.551
832.43	58.945
832.61	59.601
832.80	58.726
832.98	59.345
833.16	59.134
833.34	58.590
833.52	58.370
833.70	59.062
833.89	58.972
834.07	59.013
834.25	59.086
834.43	59.050
834.61	59.488
834.80	58.889
834.98	58.923
835.16	59.236
835.34	58.621
835.52	59.758
835.70	58.997
835.89	58.771
836.07	59.085
836.25	58.973
836.43	59.270
836.61	59.237
836.79	59.467
836.97	58.905
837.16	58.982
837.34	59.190
837.52	59.093
837.70	59.218
837.88	58.635
838.06	58.915
838.24	59.169
838.43	59.098
838.61	58.962
838.79	59.158
838.97	58.986
839.15	59.180
839.33	58.803
839.51	59.145
839.70	59.454
839.88	58.775
840.06	59.065
840.24	58.606
840.42	58.335
840.60	58.801
840.78	59.269
840.96	58.940
841.14	59.201
841.33	59.207
841.51	58.514
841.69	58.907
841.87	58.958
842.05	58.974
842.23	58.759
842.41	58.789
842.59	58.981
842.77	59.078
842.95	58.746
843.14	59.215
843.32	58.754
843.50	58.429
843.68	58.866
843.86	58.738
844.04	58.609
844.22	59.124
844.40	59.241
844.58	58.644
844.76	58.962
844.94	58.683
845.12	58.129
845.30	59.003
845.49	58.806
845.67	59.250
845.85	58.611
846.03	58.754
846.21	59.482
846.39	58.848
846.57	59.289
846.75	58.575
846.93	59.282
847.11	58.918
847.29	58.859
847.47	58.707
847.65	58.646
847.83	58.513
848.01	59.462
848.19	58.757
848.37	59.074
848.55	58.350
848.73	59.190
848.91	58.631
849.09	58.800
849.27	59.082
849.46	58.567
849.64	58.847
849.82	59.227
850.00	58.896
850.18	59.265
850.36	59.233
850.54	59.180
850.72	58.890
850.90	58.339
851.08	58.779
851.26	58.746
851.44	58.817
851.62	59.083
851.80	58.587
851.98	58.791
852.16	59.129
852.34	58.943
852.52	58.714
852.70	58.699
852.88	58.689
853.06	58.810
853.24	59.124
853.42	58.930
853.60	59.125
853.78	59.522
853.96	59.268
854.14	59.250
854.31	58.939
854.49	58.970
854.67	58.953
854.85	58.693
855.03	58.910
855.21	59.158
855.39	58.545
855.57	59.378
855.75	58.666
855.93	59.442
856.11	58.676
856.29	58.553
856.47	58.452
856.65	58.847
856.83	59.178
857.01	58.958
857.19	59.200
857.37	58.784
857.55	58.581
857.73	58.058
857.91	58.528
858.09	58.622
858.26	58.558
858.44	59.297
858.62	58.737
858.80	58.630
858.98	59.089
859.16	58.960
859.34	59.359
859.52	58.552
859.70	58.745
859.88	59.029
860.06	58.432
860.24	59.432
860.42	58.639
860.59	58.979
860.77	58.638
860.95	58.337
861.13	58.482
861.31	59.137
861.49	58.495
861.67	58.359
861.85	59.081
862.03	59.466
862.21	58.689
862.38	58.722
862.56	58.525
862.74	58.569
862.92	58.667
863.10	58.578
863.28	59.021
863.46	58.561
863.64	59.064
863.82	58.621
863.99	58.823
864.17	59.008
864.35	58.746
864.53	58.819
864.71	59.272
864.89	59.537
865.07	58.630
865.24	58.453
865.42	58.558
865.60	58.020
865.78	58.929
865.96	58.717
866.14	58.897
866.32	58.963
866.49	58.279
866.67	58.893
866.85	59.133
867.03	58.640
867.21	59.065
867.39	59.035
867.56	59.210
867.74	58.723
867.92	58.727
868.10	58.338
868.28	58.925
868.46	58.781
868.63	59.351
868.81	58.591
868.99	59.224
869.17	58.470
869.35	58.831
869.53	59.057
869.70	58.833
869.88	58.915
870.06	58.350
870.24	59.052
870.42	58.475
870.59	58.721
870.77	58.862
870.95	59.382
871.13	58.782
871.31	59.262
871.48	58.474
871.66	59.087
871.84	58.622
872.02	57.916
872.20	58.931
872.37	58.239
872.55	58.615
872.73	58.258
872.91	58.729
873.08	58.820
873.26	58.178
873.44	59.321
873.62	58.891
873.80	58.782
873.97	58.049
874.15	58.976
874.33	58.556
874.51	58.989
874.68	58.350
874.86	58.757
875.04	59.003
875.22	58.421
875.39	58.468
875.57	58.850
875.75	59.459
875.93	59.472
876.10	58.788
876.28	59.128
876.46	58.865
876.64	59.274
876.81	59.249
876.99	58.438
877.17	58.430
877.35	58.369
877.52	58.616
877.70	58.545
877.88	58.640
878.06	58.301
878.23	59.429
878.41	58.948
878.59	58.899
878.76	58.699
878.94	58.481
879.12	58.371
879.30	58.534
879.47	58.240
879.65	58.170
879.83	59.083
880.00	58.719
880.18	59.394
880.36	59.426
880.53	59.330
880.71	58.528
880.89	58.860
881.07	59.161
881.24	59.128
881.42	58.885
881.60	58.736
881.77	59.147
881.95	58.877
882.13	59.884
882.30	58.651
882.48	59.053
882.66	58.997
882.83	58.908
883.01	59.708
883.19	58.831
883.36	59.544
883.54	58.485
883.72	58.912
883.89	58.058
884.07	59.622
884.25	58.073
884.42	58.725
884.60	59.401
884.78	58.543
884.95	58.428
885.13	59.407
885.31	58.460
885.48	58.052
885.66	58.551
885.84	58.298
886.01	58.484
886.19	58.717
886.36	59.574
886.54	58.623
886.72	58.568
886.89	57.958
887.07	58.758
887.25	59.197
887.42	58.448
887.60	58.162
887.78	58.460
887.95	59.365
888.13	58.863
888.30	58.449
888.48	58.161
888.66	59.025
888.83	59.139
889.01	58.216
889.18	58.866
889.36	58.587
889.54	58.442
889.71	59.377
889.89	58.756
890.06	59.320
890.24	58.352
890.42	58.186
890.59	59.240
890.77	58.146
890.94	57.888
891.12	58.006
891.30	58.462
891.47	58.729
891.65	58.822
891.82	58.421
892.00	58.964
892.17	58.285
892.35	58.500
892.53	58.168
892.70	58.605
892.88	59.047
893.05	58.741
893.23	59.320
893.40	58.602
893.58	58.044
893.75	58.840
893.93	58.597
894.11	58.403
894.28	58.121
894.46	58.814
894.63	57.901
894.81	58.257
894.98	59.005
895.16	57.760
895.33	58.331
895.51	58.525
895.68	58.104
895.86	57.826
896.04	58.599
896.21	58.206
896.39	59.107
896.56	58.401
896.74	58.269
896.91	58.144
897.09	58.282
897.26	58.404
897.44	58.526
897.61	59.035
897.79	58.176
897.96	59.028
898.14	58.058
898.31	58.427
898.49	58.389
898.66	58.616
898.84	58.220
899.01	58.033
899.19	58.847
899.36	59.265
899.54	58.356
899.71	58.845
899.89	58.162
900.06	58.728
900.24	58.763
900.41	58.016
900.59	58.289
900.76	58.700
900.94	58.960
901.11	58.527
901.29	58.393
901.46	58.479
901.63	58.035
901.81	57.811
901.98	58.692
902.16	58.492
902.33	58.618
902.51	58.676
902.68	59.456
902.86	58.526
903.03	58.501
903.21	58.315
903.38	58.505
903.56	58.113
903.73	58.642
903.90	59.189
904.08	58.517
904.25	58.427
904.43	59.397
904.60	58.649
904.78	58.643
904.95	58.504
905.12	58.443
905.30	57.779
905.47	58.903
905.65	58.752
905.82	58.303
906.00	58.476
906.17	59.136
906.34	59.007
906.52	58.429
906.69	58.041
906.87	57.835
907.04	59.424
907.21	59.031
907.39	58.422
907.56	58.372
907.74	58.451
907.91	58.793
908.08	58.616
908.26	58.076
908.43	58.813
908.61	58.706
908.78	58.475
908.95	58.376
909.13	57.895
909.30	58.139
909.48	57.831
909.65	58.617
909.82	58.093
910.00	58.499
910.17	58.968
910.34	58.553
910.52	58.209
910.69	58.609
910.87	58.358
911.04	58.259
911.21	57.972
911.39	58.585
911.56	58.443
911.73	58.646
911.91	58.894
912.08	58.875
912.25	57.999
912.43	59.589
912.60	58.767
912.77	59.074
912.95	58.481
913.12	58.212
913.29	59.083
913.47	58.180
913.64	58.520
913.81	58.241
913.99	58.410
914.16	58.352
914.33	57.985
914.51	58.549
914.68	58.426
914.85	58.753
915.03	58.635
915.20	59.147
915.37	58.203
915.55	58.492
915.72	58.105
915.89	58.265
916.07	59.495
916.24	57.759
916.41	58.709
916.59	58.122
916.76	58.203
916.93	59.212
917.10	58.849
917.28	58.002
917.45	58.970
917.62	58.594
917.80	58.747
917.97	59.012
918.14	58.384
918.31	59.090
918.49	58.482
918.66	59.243
918.83	58.461
919.01	58.556
919.18	57.826
919.35	58.276
919.52	57.284
919.70	58.901
919.87	57.462
920.04	58.002
920.21	58.229
920.39	58.419
920.56	58.309
920.73	58.694
920.90	58.252
921.08	57.603
921.25	58.326
921.42	57.454
921.59	58.419
921.77	58.214
921.94	58.988
922.11	58.067
922.28	59.004
922.46	58.813
922.63	58.303
922.80	58.295
922.97	58.432
923.15	58.389
923.32	59.103
923.49	58.520
923.66	59.134
923.83	58.695
924.01	57.838
924.18	58.901
924.35	58.781
924.52	58.327
924.69	57.805
924.87	58.681
925.04	58.628
925.21	58.532
925.38	57.915
925.55	57.964
925.73	59.605
925.90	58.996
926.07	57.684
926.24	58.377
926.41	59.481
926.59	58.749
926.76	58.668
926.93	57.846
927.10	58.838
927.27	59.133
927.45	58.117
927.62	59.023
927.79	59.446
927.96	57.343
928.13	57.773
928.30	58.225
928.48	58.163
928.65	58.450
928.82	57.552
928.99	58.948
929.16	59.111
929.33	58.550
929.50	57.532
929.68	57.648
929.85	57.586
930.02	58.263
930.19	58.063
930.36	58.221
930.53	59.127
930.70	58.340
930.88	58.005
931.05	58.159
931.22	57.977
931.39	58.259
931.56	57.878
931.73	58.008
931.90	58.091
932.08	58.075
932.25	57.890
932.42	58.790
932.59	58.952
932.76	57.159
932.93	59.634
933.10	58.486
933.27	59.440
933.44	58.641
933.62	57.925
933.79	58.545
933.96	57.968
934.13	60.159
934.30	57.835
934.47	58.883
934.64	58.150
934.81	57.374
934.98	58.646
935.15	56.938
935.32	59.832
935.50	57.685
935.67	58.847
935.84	58.893
936.01	58.676
936.18	58.045
936.35	58.715
936.52	58.607
936.69	58.147
936.86	57.556
937.03	58.621
937.20	58.512
937.37	58.526
937.54	59.855
937.71	58.675
937.89	57.266
938.06	61.108
938.23	58.065
938.40	59.479
938.57	59.557
938.74	59.544
938.91	60.705
939.08	59.969
939.25	58.880
939.42	57.304
939.59	59.908
939.76	57.082
939.93	58.751
940.10	57.599
940.27	56.950
940.44	57.938
940.61	60.063
940.78	60.207
940.95	59.660
941.12	56.909
941.29	59.996
941.46	57.611
941.63	58.020
941.80	56.844
941.97	57.660
942.14	59.463
942.31	62.397
942.48	57.845
942.65	60.689
942.82	60.107
942.99	59.695
943.16	58.487
943.33	56.972
943.50	59.816
943.67	59.653
943.84	55.757
944.01	57.441
944.18	59.313
944.35	58.113
944.52	59.492
944.69	59.256
944.86	57.693
945.03	58.997
945.20	58.673
945.37	60.121
945.54	58.767
945.71	57.266
945.88	58.353
946.05	56.609
946.22	56.070
946.39	59.290
946.56	59.046
946.73	56.968
946.90	58.769
947.07	57.849
947.23	59.102
947.40	59.063
947.57	58.332
947.74	61.842
947.91	59.992
948.08	60.694
948.25	57.656
948.42	56.269
948.59	58.097
948.76	57.531
948.93	57.189
949.10	55.541
949.27	57.614
949.44	59.699
949.60	57.612
949.77	56.510
949.94	59.608
950.11	59.274
950.28	55.560
950.45	58.232
950.62	53.682
950.79	58.377
950.96	56.880
951.13	58.335
951.30	55.669
951.46	57.115
951.63	58.898
951.80	59.386
951.97	58.191
952.14	58.053
952.31	57.202
952.48	57.777
952.65	58.682
952.81	58.752
952.98	59.433
953.15	57.388
953.32	57.073
953.49	57.902
953.66	57.557
953.83	55.931
954.00	58.616
954.16	60.865
954.33	57.949
954.50	58.225
954.67	57.903
954.84	59.281
955.01	56.372
955.18	60.045
955.34	57.483
955.51	57.219
955.68	56.699
955.85	57.588
956.02	56.686
956.19	57.647
956.35	56.557
956.52	57.511
956.69	58.683
956.86	58.540
957.03	58.907
957.20	56.458
957.36	57.837
957.53	58.663
957.70	58.495
957.87	59.584
958.04	57.341
958.21	56.955
958.37	57.866
958.54	54.930
958.71	57.576
958.88	58.381
959.05	59.529
959.21	56.562
959.38	56.208
959.55	57.262
959.72	56.595
959.89	57.728
960.05	55.846
960.22	57.695
960.39	57.482
960.56	57.417
960.72	58.893
960.89	57.430
961.06	57.587
961.23	58.076
961.40	56.666
961.56	59.419
961.73	56.268
961.90	58.229
962.07	57.637
962.23	56.436
962.40	57.753
962.57	57.040
962.74	57.235
962.90	57.587
963.07	57.921
963.24	58.927
963.41	58.159
963.57	58.189
963.74	59.467
963.91	57.036
964.08	58.290
964.24	56.158
964.41	58.252
964.58	55.997
964.75	58.259
964.91	55.493
965.08	57.027
965.25	56.646
965.42	57.249
965.58	57.528
965.75	56.552
965.92	56.216
966.08	58.341
966.25	57.206
966.42	58.277
966.59	57.808
966.75	57.666
966.92	58.516
967.09	56.470
967.25	57.715
967.42	55.498
967.59	57.247
967.75	58.005
967.92	57.782
968.09	56.227
968.26	56.731
968.42	58.639
968.59	57.243
968.76	57.021
968.92	58.274
969.09	56.544
969.26	56.354
969.42	59.142
969.59	59.069
969.76	57.867
969.92	57.759
970.09	56.920
970.26	57.681
970.42	58.864
970.59	58.301
970.76	58.259
970.92	56.561
971.09	55.568
971.26	57.943
971.42	56.881
971.59	59.356
971.76	56.300
971.92	57.592
972.09	56.885
972.25	57.006
972.42	58.687
972.59	59.006
972.75	56.932
972.92	57.410
973.09	58.191
973.25	56.151
973.42	57.548
973.58	57.937
973.75	58.662
973.92	55.821
974.08	58.510
974.25	56.147
974.42	56.167
974.58	57.504
974.75	57.782
974.91	58.909
975.08	58.331
975.25	56.946
975.41	57.686
975.58	56.560
975.74	57.020
975.91	56.948
976.08	56.896
976.24	58.241
976.41	57.416
976.57	57.952
976.74	56.118
976.91	57.632
977.07	59.142
977.24	56.297
977.40	56.757
977.57	57.118
977.73	58.363
977.90	55.512
978.07	56.251
978.23	58.433
978.40	57.224
978.56	56.530
978.73	56.436
978.89	57.870
979.06	58.056
979.22	56.054
979.39	57.296
979.56	56.603
979.72	56.215
979.89	55.949
980.05	56.308
980.22	57.580
980.38	56.929
980.55	54.478
980.71	57.240
980.88	58.862
981.04	58.053
981.21	58.046
981.37	58.570
981.54	59.519
981.70	57.620
981.87	57.038
982.04	58.238
982.20	56.066
982.37	58.218
982.53	58.647
982.70	57.541
982.86	57.129
983.03	58.135
983.19	58.366
983.36	57.448
983.52	58.010
983.69	55.769
983.85	57.968
984.02	57.597
984.18	57.849
984.35	58.144
984.51	57.042
984.68	57.215
984.84	58.853
985.00	56.579
985.17	58.924
985.33	56.112
985.50	57.845
985.66	56.330
985.83	56.536
985.99	58.310
986.16	59.638
986.32	59.242
986.49	58.722
986.65	58.687
986.82	58.152
986.98	57.428
987.15	56.795
987.31	58.821
987.47	61.573
987.64	58.602
987.80	59.142
987.97	58.648
988.13	57.288
988.30	59.558
988.46	59.468
988.63	57.145
988.79	58.792
988.95	58.077
989.12	58.096
989.28	57.652
989.45	58.780
989.61	57.492
989.77	57.622
989.94	58.487
990.10	60.195
990.27	59.285
990.43	61.495
990.60	58.367
990.76	59.597
990.92	58.842
991.09	57.063
991.25	58.034
991.42	59.718
991.58	56.998
991.74	57.595
991.91	58.744
992.07	56.180
992.24	61.261
992.40	57.677
992.56	57.944
992.73	56.797
992.89	59.988
993.05	57.784
993.22	56.734
993.38	56.884
993.55	60.131
993.71	58.417
993.87	58.743
994.04	57.590
994.20	58.655
994.36	59.517
994.53	60.136
994.69	55.970
994.85	57.657
995.02	56.869
995.18	56.780
995.34	54.073
995.51	61.775
995.67	59.522
995.84	56.486
996.00	59.783
996.16	57.608
996.33	57.168
996.49	60.389
996.65	62.368
996.82	58.108
996.98	59.526
997.14	57.894
997.31	58.435
997.47	55.873
997.63	60.836
997.79	57.226
997.96	60.189
998.12	56.733
998.28	58.448
998.45	59.842
998.61	58.495
998.77	61.001
998.94	56.983
999.10	59.581
999.26	57.112
999.43	58.735
999.59	61.748
999.75	57.858
999.91	57.566
1000.08	59.461
1000.24	55.079
1000.40	55.140
1000.57	56.179
1000.73	61.373
1000.89	57.797
1001.05	55.500
1001.22	61.167
1001.38	60.077
1001.54	57.922
1001.70	56.917
1001.87	60.880
1002.03	55.827
1002.19	56.764
1002.35	59.808
1002.52	56.482
1002.68	61.222
1002.84	60.960
1003.00	58.416
1003.17	54.996
1003.33	56.600
1003.49	59.011
1003.65	58.551
1003.82	56.943
1003.98	58.576
1004.14	56.650
1004.30	62.052
1004.47	58.082
1004.63	61.009
1004.79	57.321
1004.95	60.099
1005.11	55.586
1005.28	58.010
1005.44	57.330
1005.60	57.217
1005.76	57.172
1005.93	54.900
1006.09	57.493
1006.25	59.227
1006.41	59.037
1006.57	61.990
1006.74	57.572
1006.90	56.782
1007.06	62.744
1007.22	56.999
1007.38	57.022
1007.55	58.653
1007.71	57.788
1007.87	57.691
1008.03	57.156
1008.19	58.469
1008.35	59.858
1008.52	58.772
1008.68	56.708
1008.84	61.643
1009.00	55.155
1009.16	60.901
1009.32	58.937
1009.49	59.754
1009.65	60.557
1009.81	54.567
1009.97	58.505
1010.13	58.874
1010.29	55.537
1010.46	57.503
1010.62	61.807
1010.78	60.604
1010.94	57.891
1011.10	57.836
1011.26	56.368
1011.42	58.610
1011.59	57.366
1011.75	59.331
1011.91	55.873
1012.07	60.472
1012.23	62.431
1012.39	57.225
1012.55	56.787
1012.71	56.446
1012.88	56.484
1013.04	60.171
1013.20	57.814
1013.36	57.204
1013.52	58.738
1013.68	58.465
1013.84	53.720
1014.00	57.966
1014.16	54.971
1014.33	60.571
1014.49	56.599
1014.65	59.304
1014.81	60.169
1014.97	54.703
1015.13	62.545
1015.29	59.549
1015.45	56.674
1015.61	62.965
1015.77	56.932
1015.93	61.328
1016.09	60.587
1016.26	58.761
1016.42	53.889
1016.58	55.390
1016.74	63.078
1016.90	62.975
1017.06	60.673
1017.22	58.781
1017.38	62.474
1017.54	63.935
1017.70	63.669
1017.86	53.744
1018.02	63.742
1018.18	62.702
1018.34	57.382
1018.50	53.659
1018.66	60.199
1018.82	55.217
1018.98	60.337
1019.14	58.292
1019.31	58.559
1019.47	59.895
1019.63	59.133
1019.79	61.590
1019.95	55.721
1020.11	61.122
1020.27	59.045
1020.43	60.140
1020.59	60.946
1020.75	62.409
1020.91	54.928
1021.07	63.559
1021.23	65.018
1021.39	58.103
1021.55	58.629
1021.71	58.507
1021.87	61.087
1022.03	60.273
1022.19	59.217
1022.35	61.958
1022.51	63.538
1022.67	61.902
1022.83	58.961
1022.99	57.793
1023.15	60.140
1023.31	61.276
1023.47	67.903
1023.63	61.236
1023.79	56.155
1023.95	60.256
1024.10	59.222
1024.26	61.738
1024.42	59.965
1024.58	62.848
1024.74	61.522
1024.90	62.195
1025.06	58.130
1025.22	60.531
1025.38	56.667
1025.54	58.204
1025.70	58.419
1025.86	61.338
1026.02	57.690
1026.18	59.525
1026.34	63.546
1026.50	56.550
1026.66	60.405
1026.82	60.973
1026.98	66.009
1027.13	60.495
1027.29	55.548
1027.45	53.908
1027.61	61.741
1027.77	57.731
1027.93	58.652
1028.09	64.024
1028.25	63.317
1028.41	62.826
1028.57	63.102
1028.73	61.306
1028.88	62.044
1029.04	64.771
1029.20	60.112
1029.36	65.951
1029.52	59.231
1029.68	58.544
1029.84	65.393
1030.00	57.508
1030.16	56.672
1030.32	60.706
1030.47	63.872
1030.63	57.911
1030.79	56.444
1030.95	59.094
1031.11	72.025
1031.27	60.120
1031.43	59.487
1031.59	62.765
1031.74	54.897
1031.90	60.168
1032.06	60.064
1032.22	68.535
1032.38	57.084
1032.54	65.400
1032.69	64.111
1032.85	56.542
1033.01	63.062
1033.17	54.697
1033.33	62.914
1033.49	62.898
1033.65	64.083
1033.80	56.026
1033.96	63.611
1034.12	57.828
1034.28	56.379
1034.44	62.489
1034.60	67.840
1034.75	66.345
1034.91	63.034
1035.07	65.675
1035.23	61.693
1035.39	68.089
1035.54	55.984
1035.70	59.914
1035.86	53.908
1036.02	63.491
1036.18	65.049
1036.33	63.484
1036.49	56.029
1036.65	65.278
1036.81	52.700
1036.97	59.310
1037.12	57.041
1037.28	63.681
1037.44	61.281
1037.60	50.903
1037.76	60.931
1037.91	62.978
1038.07	62.184
1038.23	72.632
1038.39	66.946
1038.54	71.785
1038.70	56.285
1038.86	50.338
1039.02	64.862
1039.17	47.390
1039.33	56.561
1039.49	63.515
1039.65	60.247
1039.80	59.858
1039.96	56.808
1040.12	62.162
1040.28	61.868
>>>>> Data<<<<< Espectral Procesado Extremo
