Fichero De Datos De SpectraSuite
++++++++++++++++++++++++++++++++++++
Fecha: Mon Jul 06 08:08:45 CST 2026
Usuario: HP
Presente Oscuro Del Espectro: Sí
La Referencia de Presente Del Espectro De: Sí
Muestreados de los componentes de Número de espectros: 1
Espectrómetros: USB4H06056
Tiempo de integración (usec): 300000 (USB4H06056)
Promedio de Espectros Hechos un: 5 (USB4H06056)
El Alisar Del Furgón: 0 (USB4H06056)
Párrafo de de Corregir del la del del de Eléctrica del obscuridad: No (USB4H06056)
Estrobo/Lámpara Permitido: No (USB4H06056)
Correct for Detector Non-linearity: No (USB4H06056)
Párrafo de de Corregir del la del del de Externa del luz: No (USB4H06056)
Procesado del espectro de Número de pixeles en: 3648
>>>>> Comienza Data<<<<< Espectral Procesado Del EL
345.09	95.495
345.30	95.495
345.52	95.495
345.74	421.053
345.95	88.889
346.17	-2.128
346.39	219.231
346.60	83.582
346.82	-130.000
347.04	144.048
347.25	150.000
347.47	495.652
347.69	382.353
347.90	-157.407
348.12	-151.282
348.34	102.667
348.56	130.909
348.77	152.381
348.99	120.497
349.21	96.680
349.42	52.105
349.64	62.324
349.86	94.286
350.07	120.238
350.29	119.266
350.51	133.846
350.72	63.218
350.94	139.037
351.16	69.863
351.37	170.253
351.59	670.370
351.81	131.548
352.02	103.604
352.24	82.979
352.46	141.481
352.67	105.147
352.89	110.213
353.10	93.103
353.32	162.590
353.54	110.596
353.75	119.231
353.97	88.285
354.19	118.410
354.40	106.667
354.62	98.958
354.84	150.267
355.05	94.393
355.27	69.903
355.49	152.066
355.70	129.167
355.92	123.944
356.14	75.421
356.35	104.783
356.57	188.235
356.78	93.061
357.00	117.333
357.22	106.667
357.43	96.800
357.65	83.090
357.87	64.634
358.08	140.571
358.30	106.335
358.51	105.556
358.73	121.324
358.95	127.950
359.16	116.532
359.38	125.403
359.60	139.594
359.81	165.241
360.03	55.603
360.24	159.459
360.46	109.211
360.68	143.878
360.89	111.417
361.11	133.113
361.33	174.054
361.54	93.962
361.76	144.211
361.97	391.304
362.19	124.873
362.41	165.812
362.62	145.045
362.84	83.710
363.05	97.462
363.27	138.636
363.49	85.068
363.70	300.000
363.92	136.842
364.13	110.465
364.35	209.804
364.57	119.704
364.78	108.571
365.00	124.022
365.21	136.413
365.43	119.643
365.65	122.785
365.86	151.528
366.08	126.068
366.29	151.316
366.51	199.359
366.73	232.039
366.94	114.745
367.16	187.857
367.37	195.074
367.59	109.738
367.80	101.594
368.02	100.803
368.24	186.702
368.45	133.784
368.67	116.190
368.88	107.447
369.10	146.043
369.31	141.026
369.53	493.548
369.75	122.798
369.96	297.183
370.18	93.233
370.39	145.740
370.61	156.316
370.82	143.820
371.04	197.452
371.26	123.437
371.47	155.932
371.69	130.081
371.90	180.541
372.12	124.623
372.33	127.273
372.55	127.083
372.76	112.829
372.98	178.333
373.20	123.607
373.41	183.234
373.63	157.258
373.84	128.814
374.06	116.114
374.27	148.485
374.49	112.879
374.70	134.221
374.92	137.838
375.13	134.343
375.35	162.222
375.57	137.786
375.78	153.883
376.00	118.874
376.21	205.500
376.43	207.317
376.64	108.108
376.86	140.584
377.07	126.457
377.29	216.667
377.50	172.872
377.72	250.427
377.93	226.601
378.15	133.969
378.36	170.751
378.58	120.339
378.80	153.333
379.01	155.696
379.23	162.963
379.44	244.595
379.66	194.118
379.87	179.612
380.09	152.586
380.30	150.676
380.52	182.812
380.73	168.952
380.95	164.012
381.16	153.650
381.38	136.901
381.59	155.056
381.81	152.158
382.02	188.889
382.24	179.116
382.45	144.151
382.67	164.706
382.88	243.094
383.10	132.075
383.31	117.708
383.53	118.450
383.74	156.410
383.96	143.353
384.17	197.600
384.39	146.197
384.60	244.976
384.82	195.760
385.03	263.200
385.25	163.609
385.46	208.300
385.68	117.438
385.89	189.922
386.11	127.248
386.32	155.621
386.54	115.802
386.75	151.290
386.97	209.649
387.18	176.771
387.40	189.069
387.61	175.776
387.83	121.182
388.04	185.227
388.25	218.932
388.47	153.869
388.68	171.154
388.90	134.367
389.11	173.684
389.33	157.790
389.54	126.854
389.76	151.706
389.97	148.065
390.19	158.104
390.40	156.509
390.62	144.867
390.83	177.259
391.05	160.238
391.26	158.960
391.47	169.538
391.69	181.232
391.90	140.617
392.12	154.523
392.33	169.466
392.55	127.461
392.76	168.286
392.98	143.665
393.19	170.482
393.41	185.758
393.62	150.617
393.83	198.311
394.05	148.691
394.26	146.175
394.48	150.739
394.69	150.355
394.91	168.023
395.12	135.075
395.34	152.488
395.55	160.514
395.76	149.119
395.98	124.600
396.19	139.421
396.41	168.282
396.62	117.722
396.84	144.027
397.05	133.273
397.26	154.013
397.48	157.424
397.69	174.246
397.91	161.792
398.12	172.570
398.33	140.851
398.55	132.663
398.76	152.652
398.98	161.376
399.19	155.672
399.41	156.674
399.62	119.677
399.83	154.963
400.05	154.839
400.26	155.754
400.48	143.013
400.69	119.339
400.90	136.430
401.12	142.520
401.33	150.640
401.55	142.468
401.76	121.942
401.97	136.421
402.19	145.000
402.40	137.966
402.62	161.905
402.83	165.705
403.04	141.558
403.26	130.342
403.47	116.283
403.69	134.050
403.90	150.452
404.11	149.502
404.33	153.616
404.54	133.434
404.76	155.352
404.97	140.113
405.18	158.013
405.40	122.478
405.61	133.379
405.83	128.659
406.04	130.156
406.25	131.579
406.47	135.501
406.68	136.776
406.89	129.891
407.11	112.516
407.32	135.135
407.54	146.201
407.75	127.770
407.96	141.268
408.18	136.842
408.39	133.185
408.60	140.141
408.82	129.057
409.03	145.122
409.24	122.857
409.46	113.450
409.67	129.942
409.89	124.321
410.10	123.799
410.31	123.788
410.53	130.658
410.74	135.696
410.95	123.937
411.17	135.044
411.38	120.238
411.59	122.094
411.81	121.374
412.02	115.772
412.23	118.242
412.45	106.250
412.66	99.361
412.87	97.975
413.09	114.844
413.30	119.317
413.51	109.761
413.73	103.289
413.94	106.078
414.15	101.305
414.37	96.013
414.58	99.405
414.79	108.540
415.01	98.625
415.22	97.126
415.43	94.696
415.65	87.620
415.86	88.633
416.07	90.746
416.29	89.207
416.50	84.731
416.71	86.011
416.93	83.749
417.14	81.636
417.35	78.023
417.57	74.396
417.78	73.812
417.99	81.202
418.21	81.999
418.42	74.395
418.63	73.662
418.85	6.691
419.06	76.784
419.27	69.444
419.48	74.367
419.70	69.681
419.91	70.721
420.12	68.016
420.34	71.252
420.55	68.563
420.76	65.915
420.98	61.797
421.19	65.972
421.40	61.876
421.61	60.733
421.83	63.071
422.04	59.524
422.25	55.470
422.47	67.096
422.68	55.722
422.89	62.028
423.11	56.727
423.32	53.754
423.53	53.718
423.74	57.675
423.96	52.410
424.17	55.693
424.38	52.226
424.59	53.765
424.81	55.389
425.02	54.946
425.23	50.458
425.45	47.844
425.66	49.123
425.87	45.705
426.08	49.353
426.30	48.512
426.51	50.593
426.72	46.577
426.93	45.398
427.15	47.137
427.36	46.856
427.57	49.845
427.79	48.462
428.00	45.203
428.21	66.605
428.42	46.591
428.64	47.258
428.85	43.800
429.06	45.039
429.27	44.461
429.49	45.272
429.70	41.893
429.91	47.895
430.12	44.581
430.34	42.007
430.55	42.943
430.76	41.905
430.97	44.430
431.19	41.502
431.40	44.482
431.61	42.870
431.82	43.741
432.03	41.035
432.25	41.361
432.46	42.842
432.67	41.838
432.88	41.114
433.10	39.802
433.31	40.084
433.52	41.956
433.73	41.922
433.95	41.461
434.16	40.831
434.37	40.167
434.58	41.879
434.79	41.140
435.01	40.897
435.22	40.746
435.43	39.322
435.64	41.854
435.86	40.726
436.07	39.390
436.28	41.146
436.49	39.286
436.70	39.240
436.92	39.489
437.13	41.066
437.34	40.462
437.55	40.302
437.76	41.064
437.98	39.447
438.19	39.016
438.40	39.624
438.61	38.576
438.82	39.042
439.04	40.510
439.25	38.902
439.46	39.185
439.67	36.763
439.88	38.988
440.10	40.542
440.31	39.683
440.52	40.800
440.73	37.755
440.94	38.834
441.16	39.231
441.37	40.632
441.58	39.763
441.79	39.721
442.00	37.449
442.21	40.031
442.43	39.209
442.64	38.465
442.85	38.772
443.06	39.138
443.27	39.853
443.48	39.567
443.70	38.823
443.91	39.125
444.12	38.049
444.33	39.183
444.54	38.918
444.75	40.521
444.97	37.930
445.18	38.280
445.39	39.233
445.60	37.603
445.81	38.028
446.02	38.566
446.24	38.320
446.45	38.188
446.66	38.954
446.87	39.186
447.08	38.980
447.29	38.280
447.51	38.414
447.72	38.450
447.93	39.743
448.14	38.677
448.35	40.139
448.56	37.605
448.77	40.543
448.99	40.541
449.20	38.955
449.41	38.907
449.62	39.733
449.83	39.678
450.04	38.901
450.25	39.586
450.46	39.802
450.68	39.010
450.89	37.775
451.10	38.844
451.31	39.993
451.52	39.416
451.73	39.912
451.94	38.868
452.15	38.513
452.37	39.599
452.58	39.001
452.79	40.552
453.00	38.850
453.21	39.754
453.42	39.111
453.63	39.498
453.84	40.062
454.06	38.764
454.27	39.256
454.48	41.210
454.69	37.941
454.90	40.515
455.11	39.370
455.32	38.818
455.53	40.116
455.74	40.250
455.95	38.895
456.17	40.537
456.38	41.911
456.59	41.166
456.80	39.659
457.01	40.280
457.22	39.926
457.43	40.746
457.64	39.907
457.85	40.012
458.06	39.525
458.27	40.967
458.49	40.418
458.70	40.055
458.91	40.535
459.12	41.617
459.33	40.278
459.54	40.352
459.75	42.225
459.96	41.727
460.17	39.922
460.38	41.700
460.59	40.366
460.80	41.292
461.01	41.798
461.23	41.625
461.44	39.136
461.65	39.659
461.86	41.661
462.07	41.889
462.28	41.194
462.49	41.637
462.70	41.255
462.91	42.205
463.12	42.209
463.33	41.945
463.54	40.753
463.75	41.058
463.96	41.478
464.17	41.176
464.38	40.193
464.59	42.417
464.81	41.796
465.02	41.877
465.23	41.510
465.44	42.500
465.65	41.027
465.86	41.777
466.07	42.307
466.28	42.142
466.49	40.920
466.70	41.964
466.91	41.256
467.12	42.842
467.33	42.033
467.54	42.550
467.75	42.645
467.96	41.607
468.17	40.884
468.38	40.889
468.59	42.594
468.80	41.350
469.01	42.810
469.22	41.889
469.43	41.370
469.64	43.079
469.85	40.460
470.06	42.468
470.27	41.426
470.48	41.843
470.69	43.091
470.90	42.014
471.11	41.713
471.32	40.823
471.53	42.475
471.74	42.274
471.95	41.032
472.16	42.218
472.37	42.516
472.58	43.151
472.79	42.313
473.00	42.591
473.21	42.171
473.42	41.668
473.63	42.491
473.84	42.108
474.05	41.640
474.26	41.878
474.47	41.161
474.68	42.817
474.89	41.682
475.10	42.912
475.31	41.770
475.52	42.848
475.73	42.986
475.94	41.400
476.15	42.223
476.36	41.628
476.57	42.408
476.78	42.626
476.99	43.863
477.20	42.134
477.41	42.304
477.62	42.387
477.83	41.812
478.04	42.458
478.25	42.878
478.46	42.378
478.67	41.964
478.88	42.833
479.09	43.102
479.30	42.774
479.51	43.124
479.72	42.183
479.93	42.916
480.14	42.614
480.35	43.142
480.56	42.938
480.77	42.635
480.98	42.788
481.18	42.987
481.39	42.249
481.60	42.518
481.81	42.057
482.02	42.911
482.23	42.270
482.44	42.745
482.65	42.750
482.86	42.312
483.07	43.044
483.28	43.449
483.49	42.991
483.70	42.466
483.91	43.239
484.12	42.257
484.33	42.832
484.53	42.261
484.74	42.549
484.95	43.194
485.16	43.612
485.37	42.874
485.58	43.437
485.79	42.783
486.00	43.706
486.21	43.272
486.42	43.122
486.63	43.803
486.84	43.273
487.05	42.807
487.25	43.095
487.46	43.527
487.67	43.653
487.88	43.725
488.09	42.639
488.30	43.247
488.51	44.903
488.72	43.500
488.93	43.602
489.14	43.847
489.35	42.702
489.55	43.089
489.76	42.625
489.97	43.696
490.18	43.114
490.39	43.526
490.60	43.818
490.81	43.052
491.02	43.284
491.23	44.120
491.43	42.502
491.64	44.084
491.85	43.447
492.06	42.618
492.27	43.510
492.48	43.196
492.69	43.607
492.90	43.468
493.11	43.100
493.31	43.827
493.52	44.757
493.73	44.529
493.94	43.479
494.15	43.556
494.36	43.888
494.57	43.448
494.78	43.742
494.98	43.772
495.19	44.169
495.40	43.517
495.61	43.621
495.82	44.324
496.03	44.118
496.24	44.032
496.44	44.244
496.65	43.439
496.86	44.665
497.07	44.012
497.28	44.237
497.49	44.436
497.70	44.721
497.90	43.500
498.11	44.400
498.32	44.142
498.53	44.096
498.74	43.788
498.95	44.243
499.15	44.140
499.36	44.722
499.57	44.350
499.78	44.103
499.99	43.770
500.20	44.683
500.40	44.000
500.61	44.134
500.82	44.309
501.03	44.497
501.24	44.647
501.45	43.937
501.65	44.075
501.86	44.479
502.07	43.706
502.28	44.754
502.49	44.511
502.70	44.827
502.90	45.029
503.11	44.334
503.32	44.497
503.53	44.894
503.74	44.465
503.94	44.423
504.15	44.808
504.36	44.677
504.57	44.942
504.78	44.648
504.98	44.957
505.19	45.071
505.40	45.035
505.61	44.328
505.82	44.951
506.02	44.506
506.23	44.789
506.44	44.928
506.65	45.157
506.86	44.804
507.06	44.813
507.27	44.837
507.48	45.319
507.69	44.973
507.90	45.749
508.10	45.250
508.31	45.371
508.52	45.372
508.73	45.336
508.94	45.131
509.14	45.972
509.35	45.383
509.56	45.128
509.77	45.593
509.97	45.704
510.18	45.443
510.39	45.125
510.60	46.062
510.80	45.826
511.01	46.015
511.22	45.422
511.43	45.261
511.64	46.043
511.84	45.682
512.05	45.622
512.26	45.533
512.47	45.551
512.67	46.039
512.88	45.799
513.09	46.265
513.30	45.989
513.50	45.919
513.71	46.217
513.92	46.648
514.13	45.933
514.33	46.139
514.54	45.996
514.75	46.863
514.96	46.877
515.16	46.586
515.37	46.410
515.58	46.775
515.78	46.749
515.99	46.907
516.20	46.513
516.41	46.476
516.61	46.374
516.82	47.213
517.03	47.450
517.24	47.360
517.44	47.777
517.65	47.292
517.86	47.316
518.07	48.007
518.27	47.803
518.48	47.644
518.69	47.639
518.89	47.976
519.10	47.935
519.31	48.191
519.52	48.228
519.72	48.207
519.93	48.116
520.14	48.638
520.34	47.983
520.55	48.542
520.76	48.390
520.96	48.277
521.17	48.634
521.38	48.779
521.59	49.028
521.79	48.792
522.00	49.208
522.21	48.760
522.41	49.000
522.62	48.950
522.83	49.126
523.03	49.499
523.24	49.717
523.45	50.136
523.66	50.472
523.86	49.395
524.07	50.060
524.28	49.778
524.48	49.745
524.69	50.424
524.90	49.648
525.10	50.366
525.31	50.268
525.52	50.437
525.72	50.257
525.93	50.029
526.14	50.844
526.34	51.171
526.55	51.378
526.76	51.568
526.96	51.121
527.17	51.524
527.38	51.423
527.58	51.972
527.79	51.845
528.00	51.739
528.20	51.908
528.41	51.224
528.62	51.763
528.82	52.093
529.03	52.006
529.24	52.034
529.44	52.160
529.65	52.507
529.85	53.133
530.06	52.763
530.27	52.652
530.47	53.374
530.68	52.864
530.89	52.933
531.09	52.921
531.30	53.411
531.51	53.005
531.71	53.426
531.92	53.792
532.13	53.759
532.33	52.970
532.54	53.679
532.74	54.170
532.95	53.886
533.16	53.850
533.36	54.493
533.57	54.251
533.78	54.387
533.98	54.459
534.19	54.534
534.39	54.510
534.60	54.579
534.81	54.505
535.01	54.768
535.22	54.425
535.42	54.545
535.63	55.615
535.84	54.955
536.04	54.940
536.25	55.187
536.45	54.889
536.66	55.254
536.87	54.956
537.07	55.799
537.28	55.715
537.48	55.476
537.69	55.694
537.90	56.002
538.10	55.018
538.31	55.860
538.51	55.893
538.72	55.468
538.93	55.388
539.13	56.314
539.34	56.074
539.54	55.855
539.75	56.252
539.96	55.720
540.16	56.163
540.37	56.221
540.57	56.221
540.78	55.939
540.98	55.959
541.19	56.224
541.40	56.667
541.60	55.800
541.81	56.671
542.01	55.866
542.22	56.304
542.42	56.413
542.63	56.404
542.83	55.943
543.04	56.582
543.25	56.450
543.45	56.786
543.66	56.719
543.86	56.870
544.07	56.704
544.27	56.662
544.48	56.887
544.68	56.794
544.89	56.394
545.10	56.963
545.30	56.874
545.51	56.815
545.71	56.781
545.92	56.271
546.12	56.610
546.33	56.983
546.53	57.048
546.74	57.049
546.94	57.259
547.15	57.402
547.36	57.353
547.56	57.107
547.77	56.443
547.97	56.789
548.18	57.121
548.38	57.162
548.59	57.663
548.79	57.463
549.00	57.438
549.20	57.363
549.41	57.281
549.61	57.577
549.82	57.836
550.02	57.453
550.23	57.330
550.43	57.083
550.64	57.548
550.84	57.468
551.05	57.474
551.25	57.633
551.46	57.280
551.66	57.483
551.87	57.622
552.07	57.846
552.28	57.128
552.48	57.689
552.69	57.112
552.89	57.633
553.10	57.401
553.30	57.605
553.51	57.782
553.71	57.623
553.92	57.846
554.12	58.183
554.33	57.683
554.53	57.814
554.74	57.807
554.94	57.873
555.15	57.411
555.35	58.126
555.56	58.258
555.76	58.109
555.97	57.815
556.17	58.045
556.38	58.029
556.58	58.287
556.78	58.444
556.99	57.732
557.19	58.456
557.40	57.990
557.60	57.988
557.81	58.091
558.01	58.317
558.22	58.432
558.42	58.311
558.63	58.057
558.83	57.924
559.04	58.136
559.24	58.379
559.44	58.249
559.65	57.818
559.85	58.179
560.06	58.323
560.26	58.124
560.47	58.142
560.67	59.090
560.88	58.076
561.08	57.935
561.28	58.365
561.49	57.644
561.69	58.290
561.90	57.628
562.10	58.073
562.31	58.111
562.51	57.998
562.71	58.168
562.92	58.030
563.12	58.625
563.33	58.295
563.53	58.021
563.74	57.754
563.94	57.577
564.14	57.549
564.35	58.075
564.55	57.924
564.76	57.832
564.96	58.141
565.17	57.544
565.37	57.731
565.57	57.408
565.78	57.727
565.98	57.423
566.19	57.797
566.39	57.925
566.59	57.501
566.80	57.419
567.00	57.460
567.21	57.617
567.41	57.374
567.61	57.199
567.82	57.223
568.02	57.123
568.23	57.563
568.43	57.526
568.63	56.883
568.84	57.132
569.04	57.312
569.24	56.805
569.45	56.972
569.65	56.795
569.86	56.679
570.06	56.892
570.26	56.685
570.47	56.067
570.67	56.605
570.87	56.523
571.08	56.281
571.28	57.027
571.49	56.514
571.69	56.035
571.89	56.456
572.10	55.939
572.30	56.145
572.50	56.484
572.71	56.115
572.91	56.240
573.11	56.193
573.32	56.317
573.52	55.906
573.73	55.609
573.93	55.453
574.13	55.927
574.34	55.527
574.54	55.477
574.74	55.694
574.95	55.701
575.15	55.459
575.35	55.361
575.56	55.308
575.76	55.449
575.96	55.170
576.17	54.926
576.37	55.113
576.57	54.590
576.78	55.118
576.98	54.798
577.18	54.661
577.39	54.559
577.59	54.328
577.79	54.814
578.00	54.554
578.20	54.524
578.40	54.558
578.61	54.691
578.81	54.083
579.01	54.091
579.22	54.073
579.42	53.819
579.62	54.435
579.82	54.022
580.03	54.308
580.23	53.771
580.43	53.769
580.64	54.242
580.84	53.912
581.04	54.071
581.25	53.697
581.45	53.750
581.65	53.567
581.86	53.600
582.06	53.894
582.26	53.678
582.46	53.634
582.67	53.450
582.87	53.168
583.07	53.293
583.28	53.211
583.48	53.121
583.68	53.149
583.88	53.714
584.09	53.364
584.29	52.779
584.49	52.891
584.70	53.158
584.90	52.865
585.10	52.996
585.30	52.423
585.51	53.021
585.71	53.100
585.91	52.528
586.11	52.716
586.32	52.543
586.52	52.641
586.72	52.809
586.92	52.179
587.13	52.848
587.33	52.737
587.53	52.143
587.74	52.632
587.94	52.897
588.14	52.561
588.34	53.033
588.55	52.532
588.75	52.483
588.95	52.239
589.15	52.352
589.36	52.495
589.56	51.802
589.76	52.204
589.96	51.935
590.16	52.257
590.37	52.154
590.57	51.793
590.77	51.914
590.97	52.121
591.18	51.912
591.38	51.864
591.58	52.994
591.78	51.648
591.99	51.669
592.19	52.077
592.39	51.826
592.59	51.745
592.79	52.092
593.00	52.143
593.20	52.198
593.40	52.118
593.60	52.132
593.81	51.626
594.01	51.789
594.21	51.952
594.41	51.863
594.61	51.450
594.82	51.736
595.02	51.896
595.22	51.224
595.42	51.696
595.62	51.136
595.83	51.194
596.03	51.553
596.23	51.537
596.43	51.457
596.63	51.537
596.84	51.352
597.04	51.390
597.24	51.435
597.44	51.618
597.64	51.379
597.84	51.395
598.05	51.162
598.25	51.339
598.45	51.226
598.65	51.445
598.85	51.362
599.06	51.048
599.26	51.666
599.46	51.240
599.66	51.244
599.86	51.260
600.06	51.357
600.27	51.153
600.47	51.359
600.67	51.601
600.87	51.650
601.07	50.959
601.27	51.471
601.48	51.196
601.68	51.265
601.88	50.717
602.08	51.229
602.28	50.973
602.48	51.438
602.68	51.158
602.89	51.101
603.09	51.067
603.29	51.246
603.49	51.620
603.69	51.076
603.89	51.230
604.09	51.278
604.30	51.032
604.50	51.065
604.70	51.042
604.90	51.070
605.10	50.829
605.30	50.838
605.50	51.019
605.71	50.539
605.91	50.876
606.11	50.956
606.31	50.855
606.51	51.182
606.71	50.881
606.91	51.154
607.11	51.201
607.32	50.978
607.52	51.046
607.72	51.080
607.92	51.049
608.12	50.940
608.32	51.031
608.52	51.092
608.72	50.691
608.92	50.936
609.12	50.961
609.33	50.746
609.53	50.701
609.73	51.009
609.93	50.776
610.13	50.636
610.33	50.905
610.53	50.741
610.73	50.685
610.93	50.735
611.13	50.926
611.34	50.810
611.54	50.592
611.74	50.972
611.94	50.694
612.14	50.622
612.34	50.683
612.54	50.277
612.74	50.777
612.94	50.794
613.14	50.367
613.34	50.393
613.54	50.421
613.74	50.525
613.95	50.075
614.15	50.344
614.35	50.810
614.55	49.981
614.75	50.454
614.95	50.412
615.15	50.339
615.35	49.980
615.55	50.125
615.75	50.356
615.95	50.049
616.15	50.417
616.35	50.133
616.55	49.828
616.75	49.943
616.95	50.247
617.15	50.265
617.35	50.388
617.56	50.178
617.76	50.298
617.96	50.312
618.16	49.577
618.36	50.035
618.56	50.354
618.76	50.350
618.96	49.635
619.16	50.207
619.36	50.140
619.56	50.285
619.76	50.001
619.96	50.057
620.16	50.118
620.36	50.490
620.56	49.863
620.76	50.017
620.96	49.926
621.16	49.990
621.36	49.749
621.56	49.962
621.76	49.697
621.96	49.704
622.16	49.972
622.36	49.944
622.56	49.645
622.76	49.776
622.96	49.948
623.16	49.579
623.36	49.562
623.56	49.812
623.76	50.050
623.96	49.317
624.16	49.387
624.36	49.237
624.56	49.305
624.76	49.931
624.96	49.768
625.16	49.640
625.36	49.584
625.56	49.235
625.76	49.806
625.96	49.183
626.16	49.769
626.36	49.386
626.56	49.316
626.76	49.443
626.96	49.480
627.16	49.572
627.36	49.295
627.56	49.473
627.76	49.308
627.96	49.236
628.16	49.564
628.36	49.276
628.56	49.425
628.75	49.434
628.95	49.553
629.15	49.225
629.35	49.160
629.55	49.423
629.75	49.547
629.95	49.097
630.15	49.264
630.35	49.434
630.55	49.387
630.75	49.139
630.95	49.643
631.15	49.455
631.35	48.952
631.55	49.316
631.75	49.320
631.95	49.275
632.15	49.187
632.34	49.367
632.54	49.030
632.74	49.090
632.94	49.239
633.14	49.017
633.34	49.204
633.54	49.034
633.74	49.305
633.94	49.096
634.14	49.047
634.34	49.402
634.54	49.116
634.74	48.964
634.93	49.267
635.13	49.507
635.33	49.522
635.53	49.301
635.73	48.804
635.93	48.869
636.13	49.214
636.33	48.898
636.53	48.714
636.73	49.022
636.93	48.847
637.12	48.870
637.32	48.967
637.52	49.009
637.72	48.784
637.92	49.020
638.12	48.630
638.32	49.157
638.52	49.054
638.72	48.943
638.91	48.777
639.11	48.655
639.31	48.482
639.51	48.653
639.71	48.251
639.91	48.712
640.11	48.790
640.31	48.746
640.50	48.918
640.70	48.536
640.90	48.677
641.10	48.502
641.30	48.644
641.50	49.090
641.70	48.647
641.89	48.409
642.09	48.227
642.29	48.380
642.49	48.497
642.69	47.934
642.89	48.230
643.09	48.235
643.28	48.163
643.48	48.295
643.68	48.170
643.88	48.029
644.08	47.923
644.28	47.823
644.48	47.817
644.67	48.207
644.87	48.168
645.07	47.967
645.27	48.336
645.47	48.123
645.67	48.200
645.86	47.645
646.06	48.035
646.26	47.933
646.46	48.105
646.66	47.757
646.85	47.855
647.05	47.836
647.25	47.658
647.45	47.813
647.65	47.817
647.85	47.555
648.04	47.352
648.24	47.490
648.44	47.843
648.64	47.781
648.84	47.412
649.03	47.288
649.23	47.338
649.43	47.177
649.63	47.459
649.83	47.439
650.02	47.151
650.22	47.285
650.42	47.145
650.62	47.621
650.82	47.240
651.01	47.284
651.21	46.915
651.41	46.833
651.61	47.169
651.81	47.301
652.00	47.023
652.20	47.016
652.40	46.914
652.60	47.044
652.79	47.031
652.99	47.202
653.19	47.069
653.39	47.050
653.59	46.943
653.78	47.184
653.98	47.006
654.18	46.800
654.38	46.922
654.57	46.964
654.77	46.712
654.97	46.915
655.17	46.613
655.36	47.120
655.56	46.557
655.76	46.943
655.96	46.937
656.15	46.892
656.35	46.512
656.55	46.652
656.75	46.818
656.94	46.681
657.14	46.940
657.34	46.573
657.54	46.630
657.73	46.975
657.93	46.668
658.13	46.989
658.33	46.461
658.52	46.896
658.72	46.741
658.92	46.634
659.11	46.924
659.31	46.836
659.51	46.534
659.71	46.594
659.90	46.831
660.10	46.893
660.30	46.601
660.50	46.929
660.69	46.920
660.89	46.868
661.09	46.679
661.28	46.679
661.48	46.794
661.68	47.005
661.87	47.068
662.07	46.925
662.27	46.700
662.47	46.662
662.66	46.759
662.86	46.722
663.06	46.879
663.25	46.647
663.45	46.751
663.65	46.467
663.84	46.459
664.04	46.502
664.24	46.775
664.44	46.609
664.63	46.498
664.83	46.597
665.03	46.509
665.22	46.494
665.42	46.419
665.62	46.462
665.81	46.422
666.01	46.206
666.21	46.353
666.40	46.330
666.60	46.652
666.80	46.675
666.99	46.566
667.19	46.294
667.39	46.689
667.58	46.409
667.78	46.820
667.98	46.362
668.17	46.295
668.37	46.501
668.57	46.442
668.76	46.263
668.96	46.445
669.16	46.382
669.35	46.530
669.55	46.523
669.74	46.273
669.94	46.368
670.14	46.420
670.33	46.330
670.53	46.202
670.73	46.655
670.92	46.401
671.12	46.600
671.32	45.929
671.51	46.448
671.71	46.389
671.90	46.584
672.10	46.212
672.30	46.669
672.49	46.454
672.69	46.364
672.89	46.458
673.08	46.003
673.28	46.719
673.47	46.512
673.67	46.651
673.87	46.538
674.06	46.253
674.26	46.737
674.45	46.370
674.65	46.502
674.85	46.513
675.04	46.391
675.24	46.607
675.43	46.666
675.63	46.425
675.83	46.409
676.02	46.872
676.22	46.781
676.41	46.761
676.61	46.658
676.81	46.796
677.00	46.834
677.20	47.065
677.39	46.833
677.59	46.582
677.79	46.549
677.98	46.652
678.18	46.640
678.37	46.267
678.57	46.348
678.76	46.295
678.96	46.086
679.16	46.474
679.35	46.456
679.55	46.603
679.74	47.032
679.94	46.931
680.13	46.653
680.33	46.689
680.53	46.560
680.72	46.518
680.92	46.632
681.11	46.742
681.31	46.792
681.50	46.613
681.70	46.761
681.89	46.975
682.09	46.913
682.28	46.880
682.48	46.258
682.68	46.826
682.87	46.541
683.07	46.684
683.26	46.590
683.46	46.571
683.65	46.989
683.85	46.866
684.04	46.902
684.24	46.920
684.43	46.822
684.63	46.505
684.82	46.586
685.02	46.679
685.21	46.709
685.41	47.132
685.60	46.811
685.80	46.783
686.00	46.890
686.19	46.674
686.39	46.845
686.58	46.864
686.78	46.657
686.97	46.472
687.17	46.883
687.36	47.164
687.56	47.063
687.75	46.947
687.95	46.924
688.14	47.035
688.34	46.809
688.53	47.017
688.73	47.228
688.92	47.215
689.12	47.301
689.31	47.095
689.51	47.123
689.70	47.400
689.89	47.334
690.09	47.379
690.28	47.512
690.48	47.443
690.67	47.166
690.87	47.310
691.06	47.604
691.26	47.880
691.45	47.692
691.65	47.962
691.84	47.992
692.04	47.578
692.23	47.764
692.43	47.733
692.62	48.034
692.82	47.615
693.01	47.831
693.20	48.547
693.40	48.443
693.59	47.952
693.79	48.358
693.98	48.257
694.18	48.731
694.37	48.886
694.57	48.467
694.76	48.752
694.95	48.821
695.15	49.102
695.34	49.315
695.54	49.229
695.73	49.464
695.93	49.614
696.12	49.534
696.32	49.929
696.51	50.073
696.70	49.913
696.90	50.450
697.09	50.614
697.29	50.436
697.48	50.853
697.67	51.432
697.87	50.983
698.06	51.350
698.26	51.679
698.45	51.614
698.65	51.883
698.84	52.215
699.03	52.679
699.23	52.783
699.42	53.164
699.62	52.961
699.81	53.371
700.00	53.930
700.20	53.504
700.39	54.089
700.59	54.257
700.78	54.333
700.97	54.872
701.17	54.657
701.36	55.346
701.56	55.844
701.75	55.516
701.94	56.044
702.14	56.289
702.33	56.639
702.52	56.642
702.72	56.942
702.91	57.248
703.11	57.518
703.30	57.509
703.49	57.857
703.69	57.742
703.88	57.953
704.07	58.594
704.27	58.974
704.46	59.031
704.66	59.157
704.85	59.194
705.04	59.309
705.24	60.164
705.43	60.145
705.62	60.832
705.82	60.614
706.01	61.194
706.20	61.029
706.40	61.309
706.59	61.949
706.78	61.649
706.98	62.647
707.17	62.453
707.36	63.023
707.56	63.240
707.75	63.309
707.94	63.593
708.14	63.929
708.33	63.977
708.52	64.672
708.72	64.600
708.91	64.435
709.10	64.547
709.30	65.226
709.49	65.304
709.68	65.914
709.88	66.205
710.07	66.351
710.26	66.439
710.46	66.641
710.65	66.905
710.84	66.771
711.04	67.171
711.23	67.792
711.42	67.752
711.61	67.860
711.81	68.083
712.00	68.468
712.19	68.220
712.39	68.984
712.58	69.045
712.77	69.035
712.97	69.197
713.16	69.335
713.35	69.870
713.54	70.122
713.74	69.952
713.93	70.676
714.12	70.812
714.32	70.796
714.51	71.476
714.70	71.144
714.89	71.522
715.09	71.897
715.28	71.939
715.47	72.321
715.66	72.290
715.86	72.522
716.05	73.038
716.24	73.557
716.44	73.613
716.63	73.642
716.82	73.707
717.01	73.393
717.21	73.771
717.40	74.414
717.59	74.213
717.78	75.133
717.98	75.304
718.17	75.165
718.36	75.223
718.55	75.929
718.75	76.515
718.94	75.578
719.13	76.184
719.32	76.557
719.52	76.423
719.71	76.484
719.90	76.965
720.09	77.061
720.28	77.289
720.48	77.334
720.67	77.702
720.86	77.792
721.05	77.747
721.25	78.200
721.44	78.240
721.63	79.225
721.82	79.244
722.01	79.147
722.21	79.083
722.40	79.448
722.59	79.757
722.78	80.217
722.98	79.525
723.17	80.172
723.36	79.518
723.55	80.610
723.74	80.482
723.94	80.870
724.13	80.831
724.32	81.507
724.51	81.737
724.70	81.900
724.89	81.679
725.09	82.025
725.28	82.384
725.47	82.844
725.66	82.370
725.85	83.109
726.05	83.150
726.24	82.954
726.43	83.357
726.62	83.108
726.81	83.406
727.00	83.768
727.20	84.146
727.39	84.329
727.58	84.123
727.77	84.680
727.96	84.330
728.15	84.739
728.35	84.688
728.54	85.129
728.73	85.452
728.92	85.306
729.11	85.118
729.30	85.455
729.50	85.107
729.69	86.378
729.88	85.784
730.07	86.865
730.26	86.413
730.45	86.682
730.64	87.195
730.84	86.393
731.03	86.244
731.22	87.227
731.41	87.148
731.60	87.428
731.79	87.432
731.98	87.397
732.18	87.530
732.37	88.309
732.56	88.341
732.75	88.028
732.94	88.770
733.13	88.420
733.32	88.764
733.51	88.766
733.71	89.377
733.90	88.730
734.09	89.294
734.28	89.660
734.47	89.379
734.66	89.838
734.85	90.036
735.04	90.420
735.23	89.688
735.42	90.467
735.62	90.469
735.81	90.688
736.00	89.907
736.19	90.528
736.38	90.448
736.57	90.936
736.76	90.967
736.95	91.506
737.14	90.946
737.33	91.235
737.52	90.650
737.72	90.903
737.91	91.372
738.10	91.862
738.29	91.696
738.48	91.207
738.67	92.541
738.86	91.410
739.05	92.069
739.24	91.970
739.43	91.893
739.62	91.927
739.81	91.885
740.00	92.316
740.19	92.389
740.39	92.413
740.58	92.494
740.77	92.338
740.96	93.149
741.15	93.391
741.34	92.758
741.53	92.948
741.72	93.084
741.91	93.037
742.10	93.452
742.29	93.002
742.48	92.981
742.67	93.417
742.86	93.536
743.05	93.481
743.24	93.455
743.43	92.984
743.62	93.435
743.81	93.829
744.00	93.494
744.19	93.788
744.38	94.099
744.57	93.641
744.76	93.614
744.95	93.333
745.14	94.299
745.33	94.131
745.52	94.187
745.71	94.007
745.90	94.583
746.09	94.195
746.28	94.162
746.47	94.325
746.66	94.348
746.85	94.661
747.04	94.874
747.23	94.864
747.42	93.836
747.61	95.303
747.80	95.017
747.99	94.972
748.18	95.038
748.37	95.051
748.56	95.180
748.75	95.323
748.94	95.198
749.13	95.158
749.32	94.810
749.51	95.588
749.70	95.084
749.89	95.000
750.08	95.382
750.27	95.390
750.46	95.879
750.65	95.478
750.84	95.605
751.03	95.496
751.22	95.112
751.41	95.370
751.60	95.555
751.79	95.897
751.98	95.457
752.17	95.937
752.36	95.754
752.55	95.544
752.74	95.202
752.93	95.992
753.12	95.141
753.30	95.476
753.49	95.547
753.68	95.664
753.87	95.651
754.06	95.407
754.25	95.423
754.44	95.345
754.63	95.507
754.82	95.646
755.01	96.127
755.20	95.927
755.39	95.750
755.58	96.905
755.77	96.403
755.96	95.767
756.14	96.630
756.33	95.784
756.52	96.053
756.71	96.085
756.90	95.711
757.09	96.052
757.28	96.513
757.47	95.996
757.66	96.183
757.85	96.162
758.04	95.927
758.22	95.417
758.41	95.652
758.60	96.010
758.79	96.005
758.98	96.957
759.17	96.326
759.36	96.910
759.55	95.971
759.74	96.926
759.92	96.434
760.11	96.078
760.30	96.308
760.49	96.302
760.68	96.643
760.87	95.812
761.06	96.481
761.25	96.494
761.43	96.462
761.62	96.344
761.81	96.848
762.00	96.498
762.19	96.352
762.38	96.662
762.57	96.416
762.76	96.230
762.94	96.385
763.13	96.333
763.32	96.155
763.51	96.130
763.70	96.308
763.89	96.565
764.07	96.215
764.26	96.297
764.45	96.784
764.64	96.551
764.83	95.820
765.02	96.822
765.21	95.925
765.39	96.335
765.58	96.840
765.77	96.428
765.96	96.063
766.15	96.311
766.34	96.780
766.52	96.784
766.71	96.759
766.90	96.031
767.09	96.722
767.28	96.809
767.46	97.212
767.65	96.359
767.84	96.651
768.03	96.921
768.22	96.934
768.40	97.236
768.59	96.647
768.78	96.487
768.97	97.024
769.16	96.721
769.34	96.772
769.53	96.739
769.72	96.639
769.91	96.585
770.10	96.587
770.28	96.883
770.47	95.789
770.66	96.639
770.85	96.874
771.04	96.703
771.22	96.956
771.41	97.176
771.60	96.882
771.79	97.051
771.98	96.558
772.16	95.776
772.35	96.506
772.54	97.095
772.73	97.016
772.91	96.668
773.10	97.060
773.29	96.838
773.48	96.130
773.66	96.612
773.85	96.026
774.04	96.854
774.23	96.014
774.41	97.021
774.60	96.707
774.79	96.872
774.98	97.060
775.16	96.614
775.35	96.333
775.54	96.388
775.73	96.650
775.91	96.446
776.10	96.603
776.29	96.748
776.48	96.527
776.66	96.378
776.85	96.502
777.04	96.734
777.23	96.723
777.41	96.090
777.60	97.154
777.79	96.898
777.97	96.946
778.16	96.920
778.35	96.934
778.54	97.219
778.72	96.728
778.91	96.967
779.10	96.948
779.28	96.871
779.47	96.379
779.66	96.751
779.85	96.964
780.03	97.061
780.22	97.138
780.41	97.356
780.59	97.238
780.78	97.251
780.97	97.562
781.15	97.192
781.34	96.830
781.53	96.755
781.71	97.365
781.90	96.177
782.09	97.090
782.27	97.241
782.46	96.582
782.65	97.240
782.84	97.245
783.02	96.976
783.21	96.608
783.40	97.290
783.58	96.463
783.77	96.700
783.96	97.266
784.14	96.816
784.33	96.308
784.52	96.909
784.70	97.399
784.89	96.349
785.07	96.636
785.26	97.024
785.45	97.021
785.63	96.393
785.82	97.097
786.01	96.526
786.19	96.576
786.38	96.886
786.57	97.242
786.75	96.866
786.94	97.038
787.13	96.749
787.31	97.057
787.50	96.435
787.68	96.680
787.87	96.640
788.06	96.973
788.24	97.253
788.43	96.986
788.62	97.094
788.80	96.934
788.99	96.568
789.17	96.953
789.36	97.034
789.55	97.156
789.73	96.675
789.92	97.083
790.10	96.205
790.29	96.581
790.48	96.434
790.66	96.825
790.85	96.610
791.03	97.073
791.22	97.376
791.41	96.950
791.59	96.747
791.78	96.592
791.96	96.355
792.15	96.733
792.34	96.751
792.52	96.352
792.71	96.606
792.89	96.601
793.08	97.044
793.27	96.439
793.45	97.229
793.64	97.272
793.82	96.889
794.01	97.187
794.19	97.057
794.38	96.846
794.57	96.800
794.75	97.201
794.94	96.654
795.12	96.686
795.31	97.262
795.49	96.803
795.68	97.323
795.86	96.963
796.05	97.331
796.24	97.091
796.42	97.120
796.61	96.447
796.79	97.263
796.98	97.244
797.16	96.703
797.35	97.075
797.53	96.444
797.72	96.985
797.90	97.322
798.09	96.863
798.27	96.775
798.46	96.561
798.65	96.370
798.83	97.090
799.02	96.356
799.20	96.424
799.39	97.168
799.57	97.099
799.76	97.264
799.94	96.487
800.13	97.332
800.31	96.752
800.50	96.521
800.68	97.680
800.87	97.162
801.05	97.942
801.24	97.016
801.42	96.971
801.61	97.054
801.79	96.806
801.98	96.431
802.16	97.129
802.35	96.823
802.53	96.549
802.72	97.092
802.90	97.226
803.09	96.575
803.27	97.073
803.46	96.779
803.64	97.017
803.83	96.939
804.01	97.894
804.20	97.068
804.38	97.081
804.56	96.286
804.75	96.503
804.93	96.764
805.12	97.444
805.30	97.116
805.49	97.181
805.67	96.703
805.86	96.840
806.04	96.546
806.23	97.029
806.41	96.322
806.59	96.236
806.78	96.946
806.96	96.538
807.15	96.937
807.33	97.269
807.52	96.607
807.70	96.773
807.89	96.272
808.07	97.809
808.25	96.431
808.44	96.482
808.62	96.703
808.81	97.027
808.99	96.910
809.18	97.313
809.36	96.384
809.54	96.764
809.73	97.763
809.91	96.998
810.10	96.536
810.28	96.964
810.47	96.864
810.65	96.878
810.83	97.222
811.02	96.910
811.20	96.184
811.39	96.992
811.57	96.788
811.75	96.896
811.94	96.971
812.12	96.826
812.31	97.132
812.49	97.200
812.67	97.042
812.86	96.906
813.04	96.789
813.23	96.655
813.41	96.932
813.59	96.862
813.78	97.043
813.96	97.043
814.14	97.076
814.33	97.333
814.51	96.659
814.70	96.816
814.88	96.840
815.06	96.759
815.25	96.719
815.43	96.928
815.61	96.599
815.80	97.159
815.98	97.113
816.16	97.245
816.35	97.365
816.53	97.352
816.72	96.669
816.90	97.476
817.08	96.905
817.27	97.384
817.45	97.237
817.63	96.232
817.82	96.565
818.00	97.039
818.18	96.986
818.37	97.353
818.55	96.735
818.73	97.392
818.92	97.265
819.10	97.096
819.28	97.232
819.47	97.467
819.65	96.858
819.83	96.984
820.02	97.039
820.20	96.943
820.38	96.943
820.57	96.790
820.75	96.579
820.93	96.681
821.11	96.988
821.30	97.347
821.48	97.357
821.66	97.608
821.85	97.338
822.03	96.987
822.21	97.238
822.40	97.049
822.58	97.122
822.76	96.680
822.94	96.750
823.13	96.596
823.31	96.612
823.49	97.203
823.68	96.739
823.86	97.801
824.04	97.679
824.22	97.780
824.41	97.375
824.59	97.707
824.77	97.039
824.96	97.766
825.14	96.689
825.32	96.894
825.50	97.555
825.69	97.029
825.87	97.054
826.05	97.503
826.23	96.509
826.42	97.050
826.60	98.135
826.78	97.222
826.96	96.646
827.15	96.669
827.33	97.709
827.51	98.203
827.69	97.355
827.88	97.786
828.06	97.487
828.24	97.215
828.42	97.504
828.61	97.409
828.79	97.046
828.97	96.884
829.15	98.194
829.34	97.450
829.52	96.920
829.70	97.627
829.88	97.634
830.06	97.256
830.25	97.097
830.43	97.637
830.61	96.765
830.79	97.159
830.97	97.680
831.16	97.332
831.34	97.059
831.52	97.311
831.70	96.796
831.89	97.173
832.07	96.652
832.25	97.509
832.43	97.517
832.61	96.756
832.80	98.387
832.98	97.647
833.16	96.646
833.34	97.696
833.52	97.004
833.70	96.635
833.89	96.494
834.07	97.111
834.25	96.871
834.43	98.283
834.61	97.133
834.80	97.622
834.98	96.759
835.16	97.930
835.34	97.046
835.52	97.101
835.70	97.890
835.89	97.478
836.07	97.150
836.25	97.116
836.43	96.825
836.61	97.460
836.79	97.211
836.97	97.336
837.16	97.530
837.34	96.644
837.52	97.180
837.70	97.488
837.88	97.025
838.06	97.824
838.24	97.169
838.43	97.034
838.61	97.509
838.79	97.977
838.97	97.496
839.15	97.106
839.33	97.304
839.51	97.480
839.70	97.378
839.88	97.472
840.06	96.928
840.24	97.267
840.42	97.275
840.60	97.226
840.78	97.038
840.96	97.089
841.14	98.018
841.33	97.640
841.51	96.289
841.69	96.738
841.87	97.214
842.05	98.300
842.23	96.598
842.41	97.810
842.59	97.220
842.77	98.077
842.95	97.350
843.14	97.402
843.32	97.079
843.50	97.338
843.68	96.906
843.86	97.180
844.04	97.193
844.22	98.003
844.40	97.172
844.58	97.479
844.76	97.325
844.94	96.116
845.12	97.296
845.30	97.669
845.49	97.614
845.67	97.038
845.85	97.149
846.03	97.225
846.21	97.366
846.39	96.947
846.57	97.305
846.75	97.025
846.93	96.647
847.11	97.577
847.29	97.222
847.47	97.203
847.65	97.074
847.83	97.208
848.01	96.543
848.19	96.820
848.37	95.594
848.55	97.174
848.73	97.259
848.91	97.659
849.09	97.375
849.27	97.370
849.46	97.325
849.64	96.831
849.82	97.233
850.00	97.403
850.18	97.648
850.36	97.316
850.54	97.280
850.72	97.791
850.90	97.271
851.08	97.219
851.26	96.318
851.44	97.317
851.62	97.004
851.80	96.779
851.98	96.995
852.16	96.748
852.34	96.689
852.52	96.831
852.70	97.706
852.88	97.320
853.06	97.715
853.24	97.687
853.42	97.109
853.60	96.896
853.78	97.246
853.96	97.535
854.14	96.352
854.31	97.351
854.49	96.699
854.67	96.825
854.85	97.473
855.03	96.864
855.21	97.919
855.39	97.275
855.57	97.471
855.75	97.243
855.93	96.717
856.11	96.741
856.29	97.596
856.47	96.680
856.65	97.007
856.83	96.980
857.01	97.043
857.19	97.345
857.37	97.415
857.55	97.812
857.73	97.109
857.91	97.986
858.09	96.971
858.26	97.538
858.44	97.160
858.62	96.532
858.80	96.766
858.98	97.629
859.16	97.159
859.34	97.717
859.52	97.016
859.70	97.351
859.88	97.533
860.06	97.538
860.24	97.029
860.42	97.895
860.59	96.942
860.77	96.350
860.95	96.985
861.13	96.888
861.31	96.452
861.49	97.562
861.67	97.129
861.85	97.238
862.03	96.537
862.21	97.418
862.38	97.723
862.56	97.694
862.74	96.847
862.92	97.145
863.10	97.398
863.28	96.145
863.46	97.212
863.64	96.182
863.82	97.479
863.99	97.195
864.17	96.303
864.35	96.923
864.53	96.883
864.71	97.038
864.89	97.845
865.07	97.384
865.24	97.911
865.42	97.926
865.60	97.761
865.78	96.914
865.96	96.356
866.14	97.177
866.32	97.271
866.49	97.658
866.67	97.009
866.85	96.946
867.03	96.874
867.21	97.651
867.39	97.650
867.56	97.874
867.74	97.616
867.92	97.271
868.10	97.648
868.28	97.737
868.46	97.587
868.63	97.420
868.81	97.424
868.99	98.318
869.17	96.849
869.35	97.176
869.53	97.055
869.70	97.487
869.88	97.008
870.06	97.419
870.24	97.806
870.42	96.340
870.59	97.042
870.77	98.116
870.95	97.269
871.13	97.694
871.31	96.657
871.48	96.989
871.66	97.232
871.84	96.917
872.02	96.394
872.20	97.268
872.37	97.601
872.55	96.697
872.73	97.305
872.91	97.142
873.08	96.845
873.26	96.933
873.44	97.054
873.62	97.995
873.80	97.651
873.97	97.050
874.15	97.483
874.33	98.007
874.51	96.824
874.68	96.565
874.86	96.974
875.04	96.372
875.22	96.645
875.39	96.608
875.57	96.103
875.75	95.833
875.93	97.675
876.10	96.715
876.28	96.586
876.46	97.304
876.64	96.694
876.81	97.608
876.99	97.075
877.17	97.540
877.35	96.649
877.52	97.026
877.70	97.031
877.88	96.008
878.06	96.595
878.23	96.950
878.41	97.305
878.59	97.217
878.76	97.052
878.94	97.380
879.12	97.034
879.30	96.609
879.47	98.361
879.65	97.061
879.83	96.647
880.00	96.470
880.18	96.285
880.36	97.847
880.53	96.632
880.71	97.470
880.89	97.101
881.07	97.392
881.24	97.810
881.42	97.170
881.60	96.497
881.77	96.338
881.95	97.656
882.13	97.403
882.30	96.861
882.48	96.069
882.66	97.030
882.83	96.586
883.01	97.169
883.19	97.209
883.36	96.899
883.54	97.032
883.72	97.576
883.89	97.325
884.07	96.429
884.25	97.468
884.42	96.833
884.60	97.585
884.78	96.525
884.95	97.570
885.13	98.810
885.31	95.938
885.48	98.360
885.66	97.453
885.84	98.125
886.01	96.800
886.19	97.069
886.36	96.836
886.54	97.110
886.72	97.320
886.89	97.710
887.07	97.031
887.25	97.845
887.42	98.499
887.60	96.590
887.78	97.956
887.95	97.057
888.13	97.787
888.30	96.327
888.48	97.433
888.66	96.898
888.83	97.822
889.01	96.980
889.18	97.125
889.36	96.726
889.54	98.755
889.71	98.853
889.89	97.762
890.06	97.383
890.24	97.329
890.42	97.214
890.59	97.978
890.77	97.558
890.94	96.901
891.12	97.620
891.30	98.315
891.47	98.250
891.65	98.383
891.82	98.188
892.00	97.404
892.17	97.499
892.35	97.165
892.53	97.422
892.70	98.128
892.88	96.740
893.05	97.770
893.23	96.769
893.40	96.776
893.58	97.548
893.75	97.549
893.93	97.656
894.11	97.082
894.28	97.228
894.46	98.252
894.63	97.434
894.81	97.334
894.98	97.144
895.16	97.815
895.33	97.112
895.51	97.339
895.68	98.560
895.86	98.126
896.04	97.326
896.21	96.956
896.39	97.038
896.56	97.446
896.74	97.471
896.91	98.279
897.09	98.028
897.26	98.380
897.44	97.415
897.61	98.230
897.79	97.601
897.96	96.769
898.14	96.766
898.31	97.430
898.49	97.739
898.66	97.067
898.84	97.839
899.01	97.438
899.19	97.632
899.36	97.372
899.54	97.231
899.71	97.956
899.89	98.501
900.06	96.961
900.24	97.065
900.41	98.284
900.59	97.194
900.76	98.047
900.94	97.930
901.11	97.233
901.29	97.979
901.46	97.627
901.63	97.469
901.81	96.960
901.98	97.510
902.16	97.620
902.33	97.857
902.51	97.474
902.68	97.716
902.86	97.918
903.03	97.529
903.21	98.370
903.38	97.245
903.56	96.250
903.73	97.576
903.90	97.808
904.08	97.309
904.25	97.818
904.43	97.970
904.60	97.965
904.78	97.368
904.95	97.470
905.12	97.499
905.30	97.377
905.47	97.849
905.65	99.057
905.82	98.734
906.00	98.775
906.17	98.335
906.34	98.914
906.52	98.027
906.69	97.405
906.87	97.787
907.04	98.226
907.21	97.640
907.39	97.661
907.56	98.002
907.74	98.015
907.91	97.757
908.08	98.669
908.26	97.411
908.43	97.772
908.61	97.485
908.78	97.366
908.95	98.465
909.13	96.871
909.30	97.181
909.48	98.487
909.65	96.682
909.82	97.550
910.00	96.940
910.17	96.881
910.34	97.158
910.52	98.083
910.69	96.975
910.87	97.390
911.04	98.264
911.21	98.079
911.39	97.825
911.56	97.482
911.73	97.075
911.91	97.173
912.08	96.661
912.25	98.135
912.43	97.167
912.60	97.449
912.77	97.404
912.95	97.305
913.12	97.757
913.29	98.169
913.47	96.070
913.64	97.575
913.81	97.435
913.99	98.700
914.16	98.173
914.33	96.795
914.51	98.354
914.68	96.946
914.85	98.483
915.03	97.231
915.20	97.546
915.37	97.434
915.55	97.408
915.72	98.028
915.89	97.420
916.07	97.980
916.24	97.695
916.41	97.343
916.59	97.454
916.76	97.786
916.93	97.042
917.10	97.508
917.28	98.398
917.45	97.718
917.62	97.353
917.80	97.289
917.97	97.133
918.14	97.335
918.31	98.229
918.49	97.413
918.66	96.802
918.83	97.826
919.01	98.738
919.18	97.958
919.35	98.580
919.52	98.017
919.70	97.147
919.87	97.242
920.04	96.897
920.21	98.083
920.39	96.641
920.56	97.494
920.73	97.056
920.90	98.202
921.08	98.249
921.25	98.287
921.42	96.679
921.59	98.025
921.77	97.475
921.94	97.406
922.11	96.392
922.28	96.846
922.46	97.205
922.63	98.503
922.80	97.373
922.97	96.703
923.15	96.905
923.32	97.340
923.49	97.728
923.66	97.495
923.83	98.308
924.01	97.361
924.18	97.116
924.35	97.241
924.52	96.646
924.69	97.389
924.87	97.413
925.04	96.950
925.21	98.561
925.38	97.453
925.55	98.067
925.73	97.526
925.90	97.312
926.07	96.914
926.24	96.791
926.41	96.903
926.59	98.351
926.76	96.746
926.93	96.737
927.10	97.656
927.27	96.940
927.45	97.562
927.62	97.307
927.79	98.348
927.96	96.897
928.13	97.364
928.30	96.922
928.48	98.507
928.65	97.627
928.82	97.301
928.99	96.988
929.16	96.559
929.33	96.532
929.50	96.587
929.68	98.316
929.85	96.984
930.02	97.494
930.19	97.772
930.36	98.803
930.53	99.104
930.70	97.464
930.88	97.406
931.05	97.061
931.22	96.862
931.39	96.051
931.56	97.379
931.73	97.926
931.90	96.407
932.08	97.507
932.25	95.622
932.42	97.228
932.59	97.883
932.76	97.826
932.93	97.808
933.10	97.134
933.27	97.414
933.44	97.027
933.62	96.876
933.79	96.820
933.96	98.736
934.13	96.692
934.30	96.039
934.47	95.993
934.64	97.210
934.81	98.475
934.98	96.325
935.15	95.979
935.32	95.637
935.50	97.145
935.67	98.682
935.84	98.476
936.01	95.177
936.18	95.150
936.35	96.644
936.52	96.448
936.69	96.349
936.86	97.551
937.03	95.314
937.20	96.228
937.37	95.261
937.54	94.972
937.71	96.476
937.89	94.118
938.06	96.457
938.23	94.270
938.40	96.665
938.57	96.527
938.74	94.842
938.91	95.999
939.08	94.238
939.25	93.552
939.42	95.985
939.59	94.966
939.76	95.243
939.93	97.552
940.10	95.717
940.27	94.122
940.44	93.509
940.61	94.752
940.78	97.133
940.95	94.545
941.12	91.965
941.29	95.432
941.46	93.143
941.63	95.318
941.80	94.979
941.97	94.004
942.14	94.437
942.31	95.041
942.48	91.739
942.65	94.079
942.82	91.496
942.99	96.981
943.16	93.942
943.33	94.228
943.50	97.220
943.67	93.583
943.84	95.804
944.01	96.246
944.18	95.385
944.35	98.051
944.52	94.914
944.69	94.289
944.86	95.660
945.03	93.489
945.20	95.329
945.37	92.010
945.54	93.644
945.71	97.372
945.88	94.544
946.05	94.676
946.22	96.479
946.39	92.542
946.56	92.605
946.73	95.025
946.90	93.460
947.07	94.947
947.23	94.690
947.40	96.469
947.57	96.111
947.74	94.877
947.91	94.306
948.08	94.881
948.25	95.921
948.42	94.218
948.59	95.164
948.76	94.625
948.93	98.011
949.10	94.991
949.27	96.099
949.44	93.543
949.60	95.765
949.77	96.262
949.94	92.453
950.11	98.091
950.28	94.967
950.45	95.703
950.62	97.157
950.79	95.058
950.96	95.303
951.13	95.247
951.30	97.453
951.46	94.751
951.63	95.603
951.80	97.250
951.97	93.438
952.14	94.722
952.31	96.789
952.48	94.853
952.65	96.093
952.81	93.764
952.98	95.789
953.15	94.446
953.32	94.492
953.49	96.330
953.66	95.413
953.83	99.781
954.00	97.390
954.16	97.980
954.33	94.185
954.50	95.429
954.67	93.952
954.84	95.917
955.01	96.524
955.18	95.873
955.34	95.108
955.51	96.004
955.68	96.573
955.85	99.186
956.02	95.915
956.19	96.806
956.35	94.845
956.52	97.800
956.69	98.290
956.86	97.275
957.03	95.473
957.20	95.732
957.36	97.410
957.53	96.395
957.70	94.341
957.87	96.143
958.04	97.747
958.21	94.476
958.37	97.657
958.54	94.734
958.71	96.457
958.88	96.503
959.05	95.567
959.21	97.133
959.38	95.429
959.55	95.287
959.72	96.903
959.89	96.864
960.05	94.691
960.22	97.791
960.39	97.019
960.56	95.165
960.72	96.217
960.89	97.623
961.06	97.513
961.23	96.579
961.40	96.475
961.56	99.079
961.73	98.262
961.90	95.470
962.07	95.924
962.23	94.280
962.40	96.079
962.57	95.565
962.74	98.067
962.90	99.650
963.07	96.522
963.24	97.678
963.41	99.210
963.57	96.011
963.74	97.741
963.91	97.679
964.08	94.939
964.24	96.558
964.41	96.598
964.58	94.824
964.75	96.462
964.91	96.473
965.08	95.801
965.25	96.023
965.42	96.611
965.58	95.212
965.75	95.304
965.92	95.821
966.08	98.507
966.25	97.195
966.42	97.962
966.59	95.326
966.75	96.386
966.92	96.568
967.09	95.959
967.25	96.889
967.42	94.829
967.59	97.573
967.75	97.323
967.92	95.495
968.09	96.370
968.26	96.092
968.42	94.942
968.59	95.597
968.76	98.207
968.92	96.808
969.09	97.213
969.26	95.730
969.42	96.094
969.59	96.612
969.76	96.661
969.92	96.755
970.09	98.108
970.26	97.479
970.42	96.629
970.59	96.786
970.76	95.458
970.92	95.856
971.09	95.830
971.26	98.477
971.42	96.640
971.59	97.935
971.76	95.076
971.92	97.276
972.09	98.668
972.25	97.886
972.42	96.135
972.59	97.443
972.75	98.225
972.92	97.036
973.09	97.662
973.25	97.568
973.42	96.498
973.58	97.331
973.75	96.462
973.92	97.517
974.08	99.621
974.25	98.928
974.42	100.079
974.58	98.015
974.75	93.270
974.91	96.219
975.08	96.382
975.25	97.600
975.41	98.369
975.58	98.897
975.74	99.055
975.91	97.122
976.08	97.166
976.24	97.484
976.41	97.883
976.57	95.983
976.74	97.828
976.91	99.272
977.07	97.630
977.24	98.242
977.40	99.199
977.57	98.634
977.73	98.765
977.90	96.306
978.07	97.186
978.23	99.113
978.40	96.775
978.56	95.863
978.73	96.495
978.89	96.902
979.06	96.488
979.22	96.646
979.39	97.257
979.56	95.676
979.72	97.798
979.89	97.557
980.05	99.078
980.22	97.114
980.38	97.331
980.55	98.688
980.71	97.104
980.88	96.878
981.04	98.505
981.21	96.612
981.37	97.953
981.54	96.253
981.70	95.263
981.87	96.047
982.04	99.627
982.20	98.113
982.37	98.404
982.53	97.294
982.70	95.929
982.86	98.736
983.03	96.349
983.19	97.641
983.36	99.728
983.52	99.536
983.69	96.414
983.85	98.941
984.02	98.948
984.18	100.047
984.35	97.585
984.51	96.475
984.68	100.206
984.84	98.873
985.00	96.663
985.17	99.797
985.33	95.967
985.50	94.981
985.66	98.291
985.83	98.276
985.99	97.892
986.16	96.576
986.32	97.223
986.49	97.937
986.65	94.844
986.82	99.180
986.98	98.202
987.15	95.684
987.31	98.991
987.47	96.555
987.64	98.070
987.80	98.207
987.97	97.504
988.13	97.411
988.30	97.313
988.46	98.932
988.63	97.151
988.79	98.430
988.95	97.631
989.12	100.219
989.28	98.095
989.45	99.454
989.61	100.627
989.77	100.124
989.94	99.284
990.10	100.264
990.27	102.151
990.43	97.766
990.60	98.126
990.76	99.199
990.92	98.624
991.09	99.468
991.25	96.657
991.42	97.801
991.58	100.772
991.74	96.911
991.91	99.167
992.07	101.001
992.24	99.057
992.40	95.633
992.56	96.732
992.73	97.072
992.89	98.335
993.05	99.585
993.22	97.390
993.38	98.362
993.55	96.181
993.71	98.688
993.87	97.121
994.04	96.924
994.20	100.324
994.36	100.330
994.53	97.276
994.69	97.089
994.85	99.823
995.02	100.060
995.18	98.796
995.34	97.171
995.51	96.951
995.67	97.535
995.84	101.175
996.00	97.985
996.16	99.732
996.33	101.478
996.49	101.752
996.65	97.770
996.82	99.853
996.98	99.897
997.14	98.434
997.31	98.680
997.47	98.619
997.63	98.230
997.79	99.443
997.96	97.553
998.12	95.882
998.28	96.894
998.45	97.860
998.61	97.531
998.77	99.499
998.94	97.492
999.10	101.037
999.26	98.738
999.43	99.199
999.59	99.885
999.75	99.487
999.91	101.001
1000.08	102.257
1000.24	99.539
1000.40	96.024
1000.57	96.662
1000.73	97.453
1000.89	99.622
1001.05	98.818
1001.22	101.222
1001.38	100.580
1001.54	97.375
1001.70	103.286
1001.87	98.033
1002.03	100.513
1002.19	98.966
1002.35	96.835
1002.52	99.460
1002.68	97.311
1002.84	96.673
1003.00	102.247
1003.17	99.800
1003.33	100.859
1003.49	100.598
1003.65	101.257
1003.82	99.385
1003.98	99.947
1004.14	99.503
1004.30	97.252
1004.47	98.119
1004.63	100.837
1004.79	98.814
1004.95	98.756
1005.11	96.938
1005.28	100.134
1005.44	94.674
1005.60	98.556
1005.76	98.949
1005.93	100.608
1006.09	98.532
1006.25	98.381
1006.41	102.225
1006.57	100.849
1006.74	93.719
1006.90	95.726
1007.06	95.315
1007.22	97.253
1007.38	100.552
1007.55	97.531
1007.71	99.142
1007.87	101.448
1008.03	97.703
1008.19	100.887
1008.35	100.304
1008.52	98.810
1008.68	99.794
1008.84	97.629
1009.00	104.551
1009.16	97.081
1009.32	94.860
1009.49	103.655
1009.65	102.575
1009.81	96.964
1009.97	99.588
1010.13	104.217
1010.29	97.368
1010.46	103.319
1010.62	98.527
1010.78	101.655
1010.94	98.911
1011.10	94.259
1011.26	102.001
1011.42	97.173
1011.59	103.979
1011.75	101.451
1011.91	101.520
1012.07	103.631
1012.23	97.615
1012.39	104.909
1012.55	100.277
1012.71	101.827
1012.88	97.990
1013.04	100.606
1013.20	98.863
1013.36	97.150
1013.52	100.804
1013.68	96.595
1013.84	97.750
1014.00	100.844
1014.16	98.706
1014.33	95.686
1014.49	101.393
1014.65	98.904
1014.81	99.162
1014.97	98.171
1015.13	101.137
1015.29	99.553
1015.45	95.395
1015.61	98.743
1015.77	97.928
1015.93	100.000
1016.09	104.210
1016.26	99.807
1016.42	104.627
1016.58	101.741
1016.74	102.047
1016.90	101.884
1017.06	102.851
1017.22	99.762
1017.38	104.118
1017.54	98.785
1017.70	103.264
1017.86	99.466
1018.02	99.871
1018.18	98.113
1018.34	97.469
1018.50	98.697
1018.66	101.256
1018.82	102.893
1018.98	100.775
1019.14	99.123
1019.31	99.915
1019.47	97.056
1019.63	100.397
1019.79	109.400
1019.95	96.468
1020.11	99.192
1020.27	100.566
1020.43	108.737
1020.59	104.619
1020.75	96.362
1020.91	102.057
1021.07	103.330
1021.23	104.023
1021.39	108.068
1021.55	97.947
1021.71	96.126
1021.87	99.356
1022.03	96.291
1022.19	106.516
1022.35	100.889
1022.51	102.710
1022.67	100.362
1022.83	101.875
1022.99	104.057
1023.15	104.415
1023.31	104.186
1023.47	99.641
1023.63	97.051
1023.79	100.676
1023.95	100.564
1024.10	100.691
1024.26	95.363
1024.42	102.513
1024.58	100.321
1024.74	101.859
1024.90	103.917
1025.06	99.496
1025.22	105.336
1025.38	99.558
1025.54	99.064
1025.70	98.164
1025.86	94.715
1026.02	94.793
1026.18	103.575
1026.34	107.740
1026.50	93.982
1026.66	102.769
1026.82	101.775
1026.98	99.279
1027.13	105.346
1027.29	97.804
1027.45	105.487
1027.61	99.000
1027.77	95.241
1027.93	96.710
1028.09	100.000
1028.25	103.690
1028.41	100.768
1028.57	102.605
1028.73	101.540
1028.88	102.569
1029.04	103.280
1029.20	96.308
1029.36	105.820
1029.52	102.049
1029.68	97.686
1029.84	98.541
1030.00	104.955
1030.16	89.788
1030.32	100.893
1030.47	101.248
1030.63	94.412
1030.79	98.895
1030.95	103.827
1031.11	107.512
1031.27	112.112
1031.43	107.093
1031.59	99.106
1031.74	97.468
1031.90	96.159
1032.06	105.122
1032.22	102.937
1032.38	111.507
1032.54	99.237
1032.69	101.108
1032.85	99.701
1033.01	104.735
1033.17	104.073
1033.33	97.860
1033.49	106.418
1033.65	104.058
1033.80	98.312
1033.96	109.435
1034.12	117.664
1034.28	100.646
1034.44	98.369
1034.60	96.672
1034.75	111.311
1034.91	104.794
1035.07	98.302
1035.23	105.968
1035.39	109.595
1035.54	99.322
1035.70	103.898
1035.86	101.232
1036.02	108.929
1036.18	95.242
1036.33	96.707
1036.49	96.336
1036.65	90.555
1036.81	101.425
1036.97	107.454
1037.12	98.175
1037.28	100.542
1037.44	104.905
1037.60	107.659
1037.76	104.469
1037.91	108.398
1038.07	108.456
1038.23	108.159
1038.39	100.206
1038.54	108.874
1038.70	107.979
1038.86	104.929
1039.02	98.821
1039.17	116.075
1039.33	106.042
1039.49	104.339
1039.65	105.378
1039.80	102.074
1039.96	96.982
1040.12	106.845
1040.28	103.384
>>>>> Data<<<<< Espectral Procesado Extremo
