Fichero De Datos De SpectraSuite
++++++++++++++++++++++++++++++++++++
Fecha: Mon Jul 06 08:43:38 CST 2026
Usuario: HP
Presente Oscuro Del Espectro: Sí
La Referencia de Presente Del Espectro De: Sí
Muestreados de los componentes de Número de espectros: 1
Espectrómetros: USB4H06056
Tiempo de integración (usec): 300000 (USB4H06056)
Promedio de Espectros Hechos un: 5 (USB4H06056)
El Alisar Del Furgón: 0 (USB4H06056)
Párrafo de de Corregir del la del del de Eléctrica del obscuridad: No (USB4H06056)
Estrobo/Lámpara Permitido: No (USB4H06056)
Correct for Detector Non-linearity: No (USB4H06056)
Párrafo de de Corregir del la del del de Externa del luz: No (USB4H06056)
Procesado del espectro de Número de pixeles en: 3648
>>>>> Comienza Data<<<<< Espectral Procesado Del EL
345.09	17.647
345.30	17.647
345.52	17.647
345.74	-92.683
345.95	60.000
346.17	389.286
346.39	-4.651
346.60	-0.000
346.82	-25.000
347.04	236.667
347.25	105.405
347.47	15.000
347.69	-250.000
347.90	-1200.000
348.12	-19.512
348.34	-144.000
348.56	-957.143
348.77	41.463
348.99	74.167
349.21	45.026
349.42	26.846
349.64	102.439
349.86	50.000
350.07	-2.353
350.29	-81.250
350.51	108.108
350.72	8.721
350.94	107.831
351.16	94.318
351.37	62.420
351.59	15.152
351.81	72.449
352.02	48.299
352.24	22.156
352.46	-75.581
352.67	71.859
352.89	33.103
353.10	42.932
353.32	-6.857
353.54	38.286
353.75	33.624
353.97	81.176
354.19	160.000
354.40	30.208
354.62	141.667
354.84	69.048
355.05	78.512
355.27	36.119
355.49	-22.581
355.70	60.345
355.92	41.477
356.14	71.889
356.35	70.520
356.57	41.379
356.78	79.503
357.00	-13.043
357.22	103.061
357.43	54.054
357.65	45.251
357.87	18.627
358.08	38.723
358.30	11.272
358.51	93.798
358.73	100.690
358.95	26.897
359.16	70.000
359.38	206.667
359.60	34.965
359.81	103.012
360.03	63.057
360.24	58.170
360.46	54.422
360.68	35.393
360.89	35.119
361.11	35.036
361.33	48.507
361.54	7.042
361.76	68.306
361.97	74.820
362.19	20.093
362.41	37.037
362.62	26.590
362.84	175.000
363.05	63.158
363.27	-2.392
363.49	40.972
363.70	67.033
363.92	36.655
364.13	42.254
364.35	60.563
364.57	102.778
364.78	62.500
365.00	57.540
365.21	66.204
365.43	80.986
365.65	75.909
365.86	51.556
366.08	35.714
366.29	119.903
366.51	76.230
366.73	84.228
366.94	48.667
367.16	74.820
367.37	-31.507
367.59	71.605
367.80	56.272
368.02	97.647
368.24	52.632
368.45	41.224
368.67	124.706
368.88	99.320
369.10	72.581
369.31	60.645
369.53	21.469
369.75	75.972
369.96	-0.654
370.18	37.736
370.39	52.000
370.61	81.977
370.82	29.442
371.04	119.853
371.26	86.061
371.47	52.941
371.69	52.301
371.90	34.074
372.12	18.354
372.33	63.522
372.55	74.510
372.76	98.859
372.98	46.789
373.20	49.669
373.41	69.767
373.63	95.161
373.84	64.039
374.06	73.333
374.27	72.350
374.49	17.391
374.70	69.231
374.92	76.518
375.13	65.056
375.35	49.669
375.57	36.027
375.78	100.000
376.00	99.115
376.21	59.887
376.43	72.851
376.64	43.231
376.86	75.714
377.07	56.419
377.29	83.041
377.50	63.008
377.72	50.204
377.93	36.129
378.15	80.571
378.36	79.082
378.58	60.811
378.80	47.059
379.01	88.757
379.23	90.566
379.44	103.846
379.66	107.639
379.87	61.131
380.09	53.036
380.30	110.769
380.52	78.829
380.73	79.672
380.95	68.354
381.16	80.186
381.38	103.431
381.59	103.553
381.81	95.798
382.02	60.417
382.24	119.828
382.45	47.525
382.67	80.408
382.88	68.786
383.10	77.586
383.31	97.895
383.53	104.074
383.74	64.014
383.96	84.252
384.17	65.049
384.39	71.724
384.60	61.453
384.82	79.048
385.03	37.449
385.25	112.440
385.46	18.692
385.68	71.429
385.89	55.472
386.11	5.856
386.32	53.605
386.54	55.473
386.75	60.159
386.97	107.556
387.18	51.139
387.40	88.851
387.61	64.527
387.83	72.789
388.04	67.978
388.25	130.612
388.47	67.361
388.68	82.915
388.90	87.273
389.11	47.674
389.33	92.787
389.54	77.193
389.76	58.857
389.97	105.822
390.19	42.568
390.40	61.199
390.62	71.351
390.83	76.708
391.05	60.504
391.26	84.080
391.47	70.685
391.69	88.530
391.90	88.636
392.12	77.428
392.33	96.784
392.55	81.556
392.76	79.004
392.98	60.976
393.19	78.523
393.41	114.545
393.62	68.354
393.83	64.563
394.05	55.847
394.26	50.462
394.48	67.200
394.69	59.268
394.91	73.138
395.12	51.562
395.34	103.543
395.55	65.802
395.76	70.726
395.98	65.578
396.19	81.592
396.41	79.775
396.62	61.659
396.84	82.793
397.05	75.480
397.26	66.219
397.48	85.038
397.69	82.192
397.91	91.688
398.12	95.320
398.33	73.893
398.55	72.500
398.76	62.462
398.98	63.692
399.19	66.731
399.41	72.985
399.62	75.316
399.83	73.267
400.05	65.465
400.26	66.546
400.48	68.996
400.69	69.828
400.90	76.954
401.12	69.074
401.33	72.210
401.55	76.803
401.76	75.497
401.97	66.387
402.19	67.695
402.40	56.280
402.62	73.608
402.83	82.264
403.04	101.682
403.26	76.449
403.47	40.154
403.69	60.733
403.90	66.456
404.11	59.333
404.33	57.315
404.54	50.248
404.76	66.301
404.97	70.820
405.18	83.549
405.40	72.320
405.61	66.521
405.83	52.987
406.04	66.324
406.25	63.285
406.47	76.488
406.68	64.286
406.89	58.783
407.11	79.053
407.32	63.789
407.54	65.874
407.75	77.720
407.96	53.495
408.18	77.746
408.39	56.921
408.60	60.478
408.82	50.262
409.03	70.690
409.24	56.885
409.46	61.260
409.67	70.370
409.89	59.647
410.10	48.934
410.31	73.130
410.53	60.592
410.74	56.336
410.95	55.282
411.17	62.796
411.38	49.806
411.59	59.601
411.81	68.046
412.02	61.623
412.23	40.345
412.45	61.493
412.66	65.436
412.87	45.772
413.09	54.140
413.30	57.143
413.51	46.941
413.73	52.665
413.94	50.000
414.15	43.905
414.37	46.196
414.58	51.254
414.79	45.757
415.01	42.525
415.22	42.857
415.43	35.771
415.65	45.338
415.86	38.636
416.07	42.877
416.29	44.136
416.50	43.569
416.71	46.025
416.93	33.936
417.14	31.918
417.35	42.321
417.57	37.500
417.78	37.235
417.99	34.725
418.21	34.987
418.42	43.410
418.63	35.231
418.85	63.895
419.06	43.769
419.27	33.819
419.48	29.591
419.70	32.300
419.91	32.265
420.12	32.364
420.34	34.887
420.55	33.513
420.76	29.462
420.98	28.764
421.19	29.507
421.40	25.960
421.61	34.894
421.83	27.911
422.04	24.677
422.25	30.350
422.47	31.968
422.68	28.571
422.89	27.638
423.11	22.713
423.32	25.778
423.53	28.577
423.74	25.569
423.96	24.866
424.17	26.916
424.38	26.961
424.59	25.506
424.81	26.685
425.02	29.961
425.23	24.670
425.45	23.840
425.66	21.650
425.87	24.619
426.08	22.066
426.30	24.694
426.51	23.479
426.72	27.158
426.93	24.768
427.15	24.553
427.36	22.654
427.57	23.495
427.79	23.681
428.00	24.979
428.21	-0.729
428.42	22.264
428.64	20.863
428.85	22.576
429.06	19.359
429.27	24.226
429.49	20.776
429.70	21.093
429.91	23.521
430.12	20.841
430.34	20.383
430.55	18.801
430.76	20.708
430.97	19.102
431.19	19.277
431.40	21.069
431.61	20.647
431.82	21.314
432.03	20.033
432.25	20.746
432.46	20.441
432.67	20.239
432.88	21.877
433.10	21.445
433.31	19.753
433.52	19.501
433.73	20.104
433.95	20.544
434.16	21.217
434.37	22.623
434.58	22.109
434.79	20.206
435.01	21.618
435.22	19.177
435.43	18.774
435.64	18.342
435.86	19.144
436.07	19.958
436.28	21.374
436.49	19.952
436.70	18.141
436.92	18.610
437.13	20.634
437.34	21.746
437.55	18.767
437.76	19.082
437.98	21.350
438.19	20.288
438.40	20.146
438.61	18.543
438.82	18.754
439.04	18.760
439.25	20.122
439.46	20.458
439.67	16.177
439.88	19.263
440.10	21.336
440.31	18.444
440.52	18.777
440.73	18.220
440.94	17.940
441.16	17.492
441.37	19.974
441.58	19.815
441.79	19.570
442.00	18.238
442.21	18.323
442.43	20.128
442.64	17.982
442.85	17.518
443.06	18.740
443.27	18.580
443.48	19.446
443.70	21.126
443.91	19.638
444.12	19.673
444.33	16.965
444.54	18.083
444.75	18.692
444.97	18.359
445.18	19.516
445.39	19.947
445.60	19.306
445.81	18.691
446.02	19.684
446.24	18.578
446.45	18.080
446.66	19.669
446.87	18.742
447.08	18.878
447.29	19.325
447.51	17.868
447.72	18.829
447.93	18.287
448.14	19.611
448.35	18.904
448.56	19.109
448.77	20.165
448.99	18.360
449.20	19.778
449.41	19.316
449.62	18.496
449.83	19.763
450.04	18.611
450.25	18.584
450.46	16.689
450.68	19.030
450.89	18.326
451.10	18.762
451.31	18.486
451.52	19.394
451.73	19.635
451.94	19.366
452.15	19.351
452.37	18.816
452.58	17.561
452.79	18.950
453.00	19.322
453.21	19.983
453.42	19.283
453.63	19.435
453.84	18.322
454.06	19.435
454.27	18.484
454.48	20.188
454.69	18.306
454.90	18.388
455.11	20.184
455.32	19.628
455.53	18.818
455.74	19.595
455.95	20.107
456.17	18.287
456.38	20.495
456.59	19.416
456.80	19.959
457.01	20.178
457.22	19.407
457.43	19.764
457.64	20.205
457.85	19.493
458.06	19.270
458.27	20.045
458.49	20.089
458.70	19.075
458.91	20.225
459.12	18.671
459.33	20.367
459.54	20.205
459.75	18.727
459.96	18.587
460.17	20.078
460.38	19.350
460.59	19.614
460.80	18.926
461.01	20.133
461.23	18.597
461.44	18.952
461.65	19.974
461.86	19.920
462.07	20.155
462.28	19.917
462.49	19.419
462.70	19.033
462.91	20.344
463.12	19.729
463.33	21.531
463.54	19.074
463.75	20.244
463.96	19.201
464.17	19.582
464.38	19.644
464.59	20.061
464.81	19.296
465.02	20.085
465.23	19.333
465.44	20.191
465.65	19.648
465.86	19.821
466.07	19.251
466.28	19.722
466.49	19.355
466.70	19.812
466.91	19.790
467.12	20.660
467.33	19.756
467.54	20.684
467.75	18.928
467.96	19.725
468.17	20.724
468.38	20.933
468.59	19.958
468.80	20.303
469.01	20.525
469.22	20.375
469.43	19.253
469.64	19.814
469.85	20.831
470.06	18.519
470.27	20.033
470.48	21.128
470.69	19.723
470.90	21.076
471.11	20.388
471.32	20.235
471.53	20.109
471.74	21.003
471.95	20.298
472.16	20.710
472.37	21.379
472.58	21.035
472.79	19.354
473.00	19.300
473.21	20.363
473.42	19.663
473.63	20.253
473.84	20.541
474.05	19.727
474.26	20.141
474.47	19.540
474.68	20.393
474.89	20.388
475.10	20.355
475.31	20.200
475.52	20.437
475.73	21.237
475.94	21.081
476.15	21.442
476.36	20.747
476.57	20.045
476.78	20.432
476.99	20.842
477.20	20.927
477.41	20.528
477.62	20.285
477.83	19.389
478.04	19.650
478.25	20.681
478.46	20.149
478.67	20.423
478.88	20.681
479.09	20.453
479.30	20.049
479.51	19.836
479.72	20.233
479.93	20.517
480.14	20.702
480.35	21.096
480.56	20.338
480.77	20.164
480.98	20.469
481.18	20.526
481.39	21.030
481.60	20.116
481.81	20.662
482.02	21.084
482.23	20.426
482.44	19.766
482.65	20.460
482.86	19.970
483.07	20.439
483.28	20.652
483.49	20.884
483.70	19.976
483.91	20.270
484.12	20.596
484.33	20.422
484.53	20.284
484.74	20.249
484.95	20.976
485.16	20.937
485.37	21.141
485.58	20.537
485.79	19.971
486.00	20.877
486.21	20.257
486.42	20.570
486.63	20.499
486.84	20.529
487.05	20.396
487.25	20.192
487.46	20.605
487.67	20.607
487.88	20.582
488.09	20.659
488.30	21.112
488.51	20.766
488.72	19.621
488.93	21.302
489.14	20.235
489.35	20.636
489.55	20.785
489.76	20.928
489.97	21.361
490.18	20.281
490.39	20.787
490.60	20.468
490.81	20.395
491.02	21.242
491.23	21.150
491.43	21.071
491.64	20.655
491.85	20.779
492.06	21.054
492.27	20.684
492.48	21.066
492.69	20.969
492.90	21.352
493.11	20.396
493.31	20.848
493.52	20.657
493.73	21.132
493.94	20.942
494.15	21.153
494.36	21.023
494.57	20.498
494.78	20.237
494.98	20.954
495.19	20.771
495.40	21.076
495.61	20.620
495.82	21.143
496.03	20.817
496.24	21.188
496.44	20.881
496.65	20.712
496.86	20.487
497.07	21.105
497.28	20.318
497.49	20.833
497.70	20.717
497.90	20.749
498.11	21.186
498.32	21.051
498.53	21.014
498.74	21.065
498.95	20.866
499.15	20.907
499.36	20.988
499.57	21.295
499.78	21.522
499.99	21.050
500.20	21.276
500.40	20.808
500.61	21.516
500.82	21.132
501.03	21.012
501.24	20.979
501.45	21.173
501.65	21.649
501.86	21.349
502.07	21.411
502.28	21.214
502.49	21.725
502.70	21.345
502.90	21.549
503.11	21.208
503.32	21.677
503.53	21.264
503.74	21.471
503.94	21.338
504.15	21.540
504.36	21.499
504.57	20.910
504.78	21.289
504.98	21.468
505.19	21.842
505.40	21.670
505.61	21.521
505.82	21.956
506.02	21.991
506.23	21.662
506.44	21.159
506.65	21.769
506.86	21.853
507.06	21.867
507.27	21.661
507.48	21.825
507.69	22.016
507.90	21.903
508.10	22.122
508.31	22.109
508.52	21.994
508.73	21.914
508.94	21.975
509.14	22.087
509.35	21.697
509.56	22.391
509.77	22.417
509.97	21.932
510.18	22.176
510.39	22.448
510.60	22.355
510.80	22.475
511.01	22.431
511.22	22.213
511.43	22.400
511.64	22.392
511.84	22.573
512.05	23.043
512.26	22.555
512.47	22.653
512.67	23.073
512.88	22.389
513.09	23.003
513.30	22.850
513.50	22.610
513.71	22.843
513.92	23.195
514.13	23.123
514.33	23.353
514.54	23.078
514.75	23.220
514.96	23.073
515.16	23.729
515.37	23.698
515.58	23.379
515.78	23.261
515.99	23.499
516.20	23.809
516.41	24.176
516.61	23.463
516.82	24.063
517.03	23.911
517.24	23.878
517.44	24.305
517.65	24.084
517.86	23.951
518.07	24.422
518.27	24.786
518.48	24.855
518.69	24.984
518.89	24.313
519.10	25.030
519.31	24.589
519.52	25.341
519.72	25.115
519.93	25.303
520.14	25.361
520.34	25.225
520.55	25.010
520.76	25.457
520.96	25.444
521.17	25.540
521.38	25.752
521.59	25.692
521.79	26.040
522.00	25.914
522.21	26.381
522.41	26.249
522.62	26.741
522.83	26.390
523.03	26.952
523.24	26.645
523.45	26.758
523.66	27.113
523.86	26.931
524.07	26.728
524.28	27.247
524.48	27.172
524.69	27.644
524.90	27.210
525.10	27.016
525.31	27.767
525.52	28.145
525.72	27.858
525.93	27.629
526.14	28.275
526.34	27.954
526.55	28.497
526.76	28.411
526.96	28.539
527.17	28.523
527.38	28.449
527.58	28.634
527.79	28.992
528.00	29.122
528.20	28.947
528.41	29.349
528.62	29.273
528.82	29.213
529.03	29.379
529.24	29.538
529.44	29.932
529.65	29.774
529.85	29.855
530.06	29.359
530.27	29.982
530.47	29.765
530.68	30.422
530.89	30.151
531.09	30.271
531.30	30.652
531.51	30.307
531.71	30.351
531.92	30.541
532.13	30.692
532.33	30.735
532.54	31.116
532.74	30.938
532.95	30.820
533.16	31.317
533.36	31.364
533.57	31.014
533.78	31.596
533.98	31.093
534.19	31.810
534.39	31.810
534.60	31.835
534.81	31.635
535.01	31.766
535.22	31.759
535.42	31.937
535.63	31.892
535.84	32.440
536.04	32.324
536.25	32.386
536.45	32.325
536.66	32.608
536.87	32.145
537.07	32.870
537.28	32.857
537.48	32.619
537.69	32.658
537.90	32.777
538.10	32.708
538.31	32.502
538.51	32.789
538.72	33.047
538.93	32.955
539.13	32.896
539.34	32.733
539.54	33.216
539.75	33.002
539.96	33.368
540.16	33.366
540.37	33.313
540.57	33.448
540.78	33.133
540.98	33.561
541.19	33.333
541.40	33.302
541.60	33.546
541.81	33.523
542.01	33.397
542.22	33.580
542.42	33.708
542.63	33.685
542.83	33.359
543.04	33.692
543.25	33.673
543.45	33.453
543.66	33.342
543.86	33.592
544.07	33.667
544.27	33.682
544.48	33.501
544.68	33.923
544.89	33.649
545.10	33.462
545.30	33.350
545.51	33.730
545.71	33.601
545.92	33.944
546.12	33.858
546.33	33.855
546.53	33.491
546.74	33.632
546.94	33.809
547.15	33.724
547.36	33.476
547.56	33.858
547.77	34.045
547.97	33.979
548.18	34.126
548.38	34.036
548.59	34.039
548.79	33.989
549.00	34.303
549.20	34.155
549.41	34.525
549.61	33.729
549.82	33.894
550.02	34.133
550.23	34.475
550.43	34.277
550.64	34.004
550.84	34.218
551.05	34.284
551.25	34.043
551.46	34.327
551.66	34.374
551.87	34.332
552.07	34.330
552.28	34.301
552.48	33.980
552.69	34.126
552.89	34.429
553.10	34.656
553.30	34.702
553.51	34.363
553.71	34.191
553.92	34.790
554.12	34.310
554.33	34.417
554.53	34.566
554.74	34.354
554.94	34.574
555.15	34.317
555.35	34.393
555.56	34.722
555.76	34.474
555.97	34.331
556.17	34.649
556.38	34.793
556.58	34.666
556.78	34.601
556.99	34.491
557.19	34.332
557.40	34.369
557.60	34.223
557.81	34.376
558.01	34.463
558.22	34.297
558.42	34.454
558.63	34.593
558.83	33.969
559.04	34.357
559.24	34.262
559.44	34.433
559.65	34.103
559.85	34.425
560.06	34.150
560.26	34.328
560.47	34.100
560.67	34.280
560.88	34.268
561.08	34.499
561.28	34.080
561.49	34.311
561.69	34.569
561.90	33.896
562.10	34.157
562.31	34.269
562.51	33.923
562.71	33.700
562.92	33.858
563.12	33.836
563.33	33.874
563.53	33.963
563.74	33.998
563.94	33.765
564.14	33.993
564.35	33.403
564.55	33.749
564.76	33.791
564.96	33.739
565.17	33.322
565.37	33.711
565.57	33.297
565.78	33.804
565.98	33.527
566.19	33.263
566.39	33.578
566.59	33.187
566.80	33.342
567.00	33.562
567.21	33.352
567.41	33.255
567.61	32.946
567.82	33.139
568.02	32.852
568.23	32.705
568.43	32.691
568.63	32.876
568.84	32.733
569.04	32.316
569.24	32.923
569.45	32.623
569.65	32.587
569.86	32.798
570.06	32.581
570.26	32.184
570.47	32.321
570.67	32.187
570.87	32.125
571.08	32.075
571.28	31.814
571.49	31.913
571.69	31.764
571.89	31.527
572.10	31.819
572.30	31.514
572.50	31.448
572.71	31.253
572.91	31.228
573.11	31.477
573.32	31.212
573.52	31.281
573.73	31.241
573.93	31.114
574.13	30.999
574.34	31.219
574.54	30.856
574.74	30.876
574.95	31.072
575.15	30.608
575.35	30.653
575.56	30.299
575.76	30.314
575.96	30.648
576.17	30.337
576.37	30.149
576.57	30.583
576.78	30.375
576.98	30.691
577.18	30.155
577.39	29.934
577.59	29.709
577.79	30.089
578.00	29.780
578.20	29.635
578.40	29.870
578.61	29.629
578.81	29.512
579.01	29.283
579.22	29.393
579.42	29.139
579.62	29.374
579.82	29.220
580.03	29.220
580.23	28.966
580.43	29.159
580.64	28.925
580.84	28.902
581.04	29.277
581.25	28.860
581.45	28.759
581.65	28.848
581.86	28.570
582.06	28.848
582.26	28.577
582.46	28.898
582.67	28.431
582.87	28.310
583.07	28.605
583.28	28.505
583.48	28.522
583.68	28.397
583.88	28.616
584.09	28.217
584.29	28.065
584.49	28.441
584.70	28.019
584.90	27.830
585.10	28.109
585.30	27.783
585.51	27.649
585.71	27.676
585.91	27.722
586.11	27.757
586.32	27.829
586.52	27.864
586.72	27.838
586.92	27.814
587.13	27.982
587.33	27.762
587.53	27.594
587.74	27.434
587.94	27.308
588.14	27.603
588.34	27.584
588.55	27.583
588.75	27.391
588.95	27.414
589.15	27.450
589.36	27.543
589.56	27.292
589.76	27.342
589.96	27.120
590.16	26.985
590.37	26.984
590.57	27.043
590.77	26.910
590.97	27.252
591.18	27.034
591.38	27.325
591.58	27.064
591.78	26.876
591.99	26.804
592.19	27.035
592.39	26.926
592.59	27.043
592.79	26.824
593.00	26.720
593.20	27.054
593.40	26.868
593.60	26.722
593.81	26.763
594.01	26.353
594.21	26.813
594.41	26.887
594.61	26.625
594.82	26.592
595.02	26.496
595.22	26.605
595.42	26.502
595.62	26.053
595.83	26.497
596.03	26.531
596.23	26.220
596.43	26.267
596.63	26.512
596.84	25.878
597.04	26.431
597.24	26.178
597.44	26.423
597.64	26.300
597.84	26.435
598.05	26.208
598.25	26.131
598.45	26.424
598.65	25.874
598.85	26.091
599.06	26.053
599.26	26.246
599.46	26.100
599.66	26.283
599.86	26.476
600.06	26.329
600.27	26.223
600.47	26.000
600.67	26.195
600.87	26.025
601.07	25.998
601.27	25.920
601.48	26.244
601.68	26.002
601.88	26.100
602.08	25.834
602.28	26.215
602.48	25.969
602.68	26.052
602.89	25.962
603.09	25.896
603.29	25.880
603.49	25.999
603.69	25.957
603.89	25.914
604.09	25.823
604.30	25.920
604.50	25.859
604.70	25.938
604.90	25.749
605.10	25.747
605.30	26.132
605.50	25.886
605.71	26.064
605.91	25.853
606.11	26.075
606.31	25.900
606.51	25.944
606.71	25.802
606.91	25.912
607.11	25.654
607.32	25.654
607.52	25.726
607.72	25.506
607.92	25.637
608.12	25.473
608.32	25.430
608.52	25.499
608.72	25.557
608.92	25.579
609.12	25.308
609.33	25.254
609.53	25.375
609.73	25.576
609.93	25.482
610.13	25.297
610.33	25.481
610.53	25.616
610.73	25.295
610.93	25.419
611.13	25.261
611.34	25.400
611.54	25.130
611.74	25.522
611.94	25.193
612.14	25.137
612.34	25.294
612.54	25.029
612.74	25.107
612.94	25.099
613.14	24.849
613.34	25.048
613.54	25.104
613.74	25.141
613.95	24.987
614.15	25.057
614.35	24.917
614.55	24.810
614.75	24.695
614.95	24.902
615.15	25.031
615.35	24.887
615.55	25.048
615.75	24.846
615.95	24.709
616.15	24.899
616.35	24.730
616.55	24.638
616.75	24.864
616.95	24.774
617.15	24.833
617.35	24.696
617.56	24.409
617.76	24.701
617.96	24.399
618.16	24.292
618.36	24.482
618.56	24.695
618.76	24.497
618.96	24.471
619.16	24.323
619.36	24.583
619.56	24.334
619.76	24.248
619.96	24.205
620.16	23.991
620.36	24.546
620.56	24.258
620.76	24.239
620.96	24.248
621.16	24.467
621.36	24.160
621.56	24.178
621.76	24.032
621.96	24.013
622.16	24.007
622.36	24.148
622.56	24.312
622.76	24.245
622.96	24.106
623.16	23.919
623.36	23.988
623.56	24.092
623.76	24.001
623.96	24.151
624.16	23.963
624.36	24.059
624.56	23.976
624.76	24.041
624.96	24.038
625.16	23.945
625.36	23.587
625.56	23.922
625.76	23.858
625.96	23.839
626.16	23.794
626.36	23.723
626.56	23.804
626.76	23.613
626.96	23.947
627.16	23.774
627.36	23.622
627.56	23.947
627.76	23.975
627.96	23.639
628.16	23.882
628.36	23.747
628.56	23.768
628.75	23.795
628.95	23.817
629.15	23.762
629.35	23.674
629.55	23.778
629.75	23.816
629.95	23.432
630.15	23.616
630.35	23.644
630.55	23.705
630.75	23.767
630.95	23.412
631.15	23.549
631.35	23.961
631.55	23.491
631.75	23.541
631.95	23.646
632.15	23.566
632.34	23.483
632.54	23.601
632.74	23.606
632.94	23.659
633.14	23.544
633.34	23.408
633.54	23.679
633.74	23.204
633.94	23.399
634.14	23.462
634.34	23.585
634.54	23.588
634.74	23.452
634.93	23.385
635.13	23.368
635.33	23.674
635.53	23.287
635.73	23.384
635.93	23.588
636.13	23.405
636.33	23.510
636.53	23.508
636.73	23.376
636.93	23.481
637.12	23.249
637.32	23.389
637.52	23.271
637.72	23.431
637.92	23.048
638.12	23.300
638.32	23.265
638.52	23.123
638.72	23.116
638.91	23.275
639.11	23.103
639.31	23.066
639.51	23.090
639.71	23.195
639.91	23.024
640.11	23.186
640.31	22.822
640.50	23.018
640.70	22.894
640.90	22.797
641.10	22.696
641.30	22.634
641.50	22.758
641.70	22.615
641.89	23.128
642.09	22.565
642.29	22.680
642.49	22.831
642.69	22.623
642.89	22.480
643.09	22.491
643.28	22.449
643.48	22.308
643.68	22.508
643.88	22.409
644.08	22.386
644.28	22.390
644.48	22.267
644.67	22.270
644.87	22.459
645.07	22.299
645.27	22.202
645.47	22.542
645.67	22.122
645.86	22.073
646.06	22.064
646.26	22.061
646.46	22.007
646.66	22.103
646.85	21.802
647.05	22.070
647.25	21.546
647.45	21.986
647.65	21.764
647.85	22.124
648.04	21.495
648.24	21.773
648.44	21.878
648.64	21.661
648.84	21.475
649.03	21.472
649.23	21.583
649.43	21.783
649.63	21.929
649.83	21.608
650.02	21.618
650.22	21.575
650.42	21.464
650.62	21.473
650.82	21.596
651.01	21.529
651.21	21.289
651.41	21.258
651.61	21.351
651.81	21.501
652.00	21.439
652.20	21.112
652.40	21.355
652.60	21.252
652.79	21.463
652.99	21.190
653.19	21.265
653.39	21.400
653.59	21.183
653.78	21.276
653.98	21.301
654.18	21.248
654.38	21.027
654.57	21.065
654.77	21.212
654.97	21.169
655.17	21.158
655.36	21.263
655.56	21.300
655.76	21.180
655.96	21.264
656.15	20.978
656.35	21.005
656.55	21.083
656.75	20.933
656.94	20.937
657.14	21.064
657.34	20.893
657.54	21.075
657.73	21.251
657.93	20.905
658.13	20.989
658.33	20.813
658.52	20.974
658.72	20.829
658.92	20.839
659.11	20.919
659.31	20.919
659.51	20.989
659.71	20.879
659.90	20.972
660.10	20.818
660.30	20.795
660.50	20.729
660.69	21.038
660.89	21.006
661.09	20.752
661.28	20.443
661.48	20.723
661.68	20.862
661.87	20.946
662.07	20.892
662.27	20.532
662.47	20.564
662.66	20.879
662.86	20.639
663.06	20.616
663.25	20.700
663.45	20.767
663.65	20.633
663.84	20.486
664.04	20.440
664.24	20.846
664.44	20.761
664.63	20.692
664.83	20.469
665.03	20.553
665.22	20.778
665.42	20.570
665.62	20.644
665.81	20.454
666.01	20.779
666.21	20.807
666.40	20.528
666.60	20.492
666.80	20.729
666.99	20.323
667.19	20.585
667.39	20.363
667.58	20.578
667.78	20.377
667.98	20.396
668.17	20.340
668.37	20.435
668.57	20.498
668.76	20.223
668.96	20.353
669.16	20.498
669.35	20.341
669.55	20.497
669.74	20.350
669.94	20.437
670.14	20.391
670.33	20.321
670.53	20.339
670.73	20.414
670.92	20.188
671.12	20.198
671.32	20.289
671.51	20.422
671.71	20.489
671.90	20.462
672.10	20.451
672.30	20.289
672.49	20.422
672.69	20.322
672.89	20.559
673.08	20.467
673.28	20.465
673.47	20.491
673.67	20.395
673.87	20.203
674.06	20.388
674.26	20.142
674.45	20.454
674.65	20.516
674.85	20.541
675.04	20.285
675.24	20.460
675.43	20.549
675.63	20.211
675.83	20.544
676.02	20.491
676.22	20.355
676.41	20.338
676.61	20.082
676.81	20.371
677.00	20.522
677.20	20.300
677.39	20.466
677.59	20.581
677.79	20.550
677.98	20.564
678.18	20.340
678.37	20.412
678.57	20.346
678.76	20.464
678.96	20.446
679.16	20.411
679.35	20.541
679.55	20.429
679.74	20.641
679.94	20.655
680.13	20.514
680.33	20.386
680.53	20.420
680.72	20.347
680.92	20.400
681.11	20.534
681.31	20.378
681.50	20.485
681.70	20.650
681.89	20.662
682.09	20.653
682.28	20.454
682.48	20.519
682.68	20.387
682.87	20.828
683.07	20.733
683.26	20.538
683.46	20.520
683.65	20.724
683.85	20.840
684.04	20.877
684.24	20.716
684.43	20.619
684.63	20.555
684.82	20.606
685.02	20.647
685.21	20.683
685.41	20.661
685.60	20.614
685.80	20.703
686.00	20.811
686.19	20.671
686.39	20.891
686.58	20.869
686.78	20.690
686.97	20.594
687.17	21.020
687.36	21.074
687.56	20.690
687.75	21.080
687.95	20.864
688.14	21.079
688.34	21.068
688.53	20.962
688.73	20.942
688.92	21.098
689.12	21.155
689.31	21.056
689.51	21.236
689.70	21.148
689.89	21.257
690.09	21.324
690.28	21.161
690.48	21.295
690.67	21.382
690.87	21.476
691.06	21.576
691.26	21.571
691.45	21.771
691.65	21.807
691.84	21.731
692.04	21.725
692.23	21.981
692.43	22.111
692.62	22.299
692.82	22.306
693.01	22.478
693.20	22.353
693.40	22.654
693.59	22.668
693.79	22.715
693.98	22.890
694.18	22.913
694.37	22.969
694.57	23.215
694.76	23.265
694.95	23.407
695.15	23.599
695.34	23.667
695.54	23.924
695.73	24.152
695.93	24.330
696.12	24.314
696.32	24.503
696.51	24.640
696.70	24.880
696.90	25.105
697.09	25.245
697.29	25.298
697.48	25.710
697.67	26.072
697.87	26.159
698.06	26.402
698.26	26.662
698.45	26.827
698.65	27.015
698.84	27.136
699.03	27.433
699.23	27.327
699.42	27.791
699.62	28.125
699.81	28.168
700.00	28.779
700.20	28.812
700.39	29.024
700.59	29.103
700.78	29.615
700.97	29.766
701.17	30.126
701.36	30.399
701.56	30.580
701.75	30.930
701.94	31.152
702.14	31.323
702.33	31.704
702.52	31.822
702.72	31.995
702.91	32.882
703.11	32.813
703.30	32.737
703.49	33.288
703.69	33.580
703.88	33.543
704.07	33.906
704.27	34.177
704.46	34.458
704.66	34.530
704.85	35.018
705.04	35.140
705.24	35.269
705.43	35.504
705.62	36.016
705.82	36.158
706.01	36.501
706.20	36.549
706.40	36.962
706.59	37.254
706.78	37.323
706.98	37.794
707.17	37.734
707.36	38.174
707.56	38.709
707.75	38.738
707.94	39.128
708.14	38.965
708.33	39.460
708.52	39.785
708.72	39.642
708.91	39.496
709.10	40.024
709.30	40.226
709.49	40.692
709.68	40.902
709.88	41.059
710.07	41.366
710.26	41.576
710.46	41.933
710.65	42.040
710.84	42.165
711.04	42.341
711.23	42.545
711.42	42.970
711.61	43.255
711.81	43.623
712.00	43.787
712.19	43.666
712.39	43.857
712.58	44.251
712.77	44.047
712.97	44.807
713.16	44.791
713.35	44.842
713.54	45.495
713.74	45.336
713.93	45.675
714.12	45.730
714.32	46.048
714.51	46.169
714.70	47.019
714.89	46.678
715.09	46.695
715.28	46.817
715.47	47.169
715.66	47.339
715.86	47.619
716.05	47.710
716.24	48.359
716.44	47.876
716.63	48.671
716.82	48.754
717.01	49.051
717.21	48.874
717.40	49.465
717.59	49.490
717.78	49.628
717.98	50.089
718.17	49.843
718.36	50.539
718.55	50.349
718.75	50.600
718.94	50.906
719.13	51.336
719.32	51.235
719.52	51.234
719.71	51.672
719.90	51.603
720.09	51.822
720.28	52.290
720.48	52.141
720.67	52.564
720.86	52.507
721.05	52.852
721.25	53.181
721.44	53.448
721.63	53.202
721.82	53.427
722.01	53.711
722.21	54.037
722.40	54.170
722.59	53.942
722.78	54.520
722.98	55.301
723.17	55.078
723.36	55.061
723.55	55.302
723.74	55.864
723.94	55.626
724.13	55.807
724.32	55.921
724.51	56.084
724.70	56.463
724.89	56.553
725.09	56.816
725.28	56.613
725.47	57.092
725.66	57.181
725.85	57.354
726.05	57.099
726.24	57.333
726.43	57.595
726.62	58.043
726.81	58.253
727.00	58.084
727.20	58.754
727.39	58.225
727.58	58.746
727.77	59.337
727.96	59.422
728.15	59.055
728.35	59.373
728.54	59.544
728.73	59.435
728.92	59.842
729.11	60.298
729.30	59.716
729.50	60.008
729.69	60.111
729.88	60.454
730.07	60.437
730.26	60.560
730.45	60.543
730.64	60.740
730.84	61.101
731.03	61.322
731.22	61.358
731.41	61.653
731.60	61.576
731.79	61.911
731.98	61.696
732.18	62.201
732.37	61.855
732.56	62.398
732.75	62.757
732.94	62.477
733.13	62.167
733.32	62.913
733.51	62.777
733.71	62.823
733.90	63.528
734.09	63.422
734.28	63.104
734.47	63.428
734.66	63.756
734.85	63.325
735.04	64.213
735.23	63.836
735.42	64.213
735.62	63.959
735.81	64.333
736.00	64.300
736.19	64.075
736.38	64.627
736.57	64.863
736.76	64.110
736.95	64.373
737.14	64.691
737.33	64.568
737.52	64.636
737.72	65.538
737.91	65.498
738.10	64.860
738.29	65.447
738.48	65.351
738.67	65.487
738.86	65.215
739.05	65.712
739.24	66.269
739.43	66.136
739.62	65.969
739.81	66.107
740.00	66.124
740.19	66.183
740.39	66.323
740.58	66.214
740.77	65.962
740.96	66.503
741.15	67.240
741.34	66.724
741.53	66.588
741.72	67.018
741.91	66.697
742.10	66.593
742.29	67.188
742.48	66.945
742.67	66.722
742.86	66.929
743.05	67.104
743.24	67.023
743.43	67.414
743.62	67.730
743.81	67.387
744.00	67.515
744.19	67.491
744.38	67.009
744.57	67.481
744.76	67.381
744.95	67.514
745.14	67.939
745.33	67.938
745.52	67.870
745.71	67.827
745.90	68.134
746.09	68.194
746.28	68.038
746.47	68.039
746.66	67.675
746.85	67.913
747.04	67.923
747.23	68.033
747.42	67.998
747.61	68.201
747.80	68.224
747.99	68.220
748.18	68.015
748.37	68.527
748.56	68.342
748.75	68.208
748.94	68.605
749.13	68.544
749.32	68.841
749.51	68.670
749.70	68.503
749.89	68.728
750.08	68.682
750.27	68.539
750.46	68.755
750.65	68.824
750.84	68.728
751.03	69.367
751.22	69.024
751.41	68.904
751.60	68.981
751.79	69.194
751.98	68.786
752.17	69.122
752.36	69.309
752.55	69.274
752.74	69.169
752.93	69.354
753.12	69.109
753.30	69.390
753.49	69.727
753.68	69.524
753.87	68.830
754.06	69.156
754.25	69.341
754.44	69.271
754.63	69.880
754.82	69.311
755.01	68.962
755.20	69.254
755.39	69.508
755.58	69.214
755.77	69.343
755.96	69.639
756.14	69.293
756.33	69.537
756.52	69.657
756.71	69.666
756.90	69.702
757.09	69.599
757.28	69.630
757.47	69.236
757.66	69.524
757.85	68.912
758.04	69.343
758.22	69.155
758.41	69.942
758.60	69.540
758.79	69.476
758.98	69.133
759.17	69.813
759.36	69.788
759.55	69.750
759.74	69.188
759.92	69.474
760.11	69.368
760.30	69.832
760.49	69.717
760.68	69.751
760.87	69.869
761.06	69.698
761.25	69.445
761.43	69.724
761.62	70.039
761.81	69.860
762.00	69.485
762.19	69.763
762.38	69.895
762.57	69.635
762.76	69.769
762.94	69.862
763.13	69.599
763.32	70.006
763.51	69.014
763.70	69.926
763.89	70.076
764.07	69.991
764.26	70.269
764.45	69.598
764.64	69.359
764.83	70.035
765.02	69.530
765.21	70.167
765.39	69.948
765.58	69.461
765.77	69.713
765.96	70.305
766.15	70.016
766.34	69.930
766.52	69.081
766.71	69.745
766.90	69.747
767.09	69.405
767.28	70.281
767.46	69.697
767.65	70.085
767.84	69.734
768.03	69.915
768.22	69.836
768.40	69.963
768.59	69.827
768.78	69.715
768.97	70.040
769.16	69.470
769.34	69.965
769.53	69.988
769.72	69.875
769.91	70.022
770.10	70.026
770.28	69.757
770.47	69.870
770.66	69.787
770.85	69.521
771.04	70.236
771.22	69.736
771.41	70.033
771.60	69.515
771.79	70.067
771.98	69.353
772.16	69.871
772.35	69.505
772.54	69.665
772.73	70.187
772.91	69.744
773.10	70.224
773.29	70.353
773.48	69.802
773.66	70.222
773.85	69.950
774.04	70.012
774.23	69.741
774.41	69.965
774.60	69.956
774.79	69.838
774.98	69.487
775.16	69.870
775.35	69.840
775.54	70.437
775.73	69.868
775.91	69.868
776.10	69.877
776.29	69.488
776.48	69.792
776.66	70.390
776.85	69.814
777.04	70.267
777.23	70.306
777.41	70.106
777.60	69.922
777.79	69.854
777.97	70.234
778.16	69.613
778.35	70.012
778.54	69.594
778.72	70.190
778.91	69.399
779.10	69.905
779.28	69.512
779.47	70.271
779.66	69.695
779.85	69.900
780.03	69.701
780.22	69.908
780.41	69.970
780.59	69.706
780.78	69.765
780.97	69.729
781.15	70.231
781.34	69.448
781.53	69.622
781.71	69.317
781.90	69.716
782.09	69.339
782.27	69.979
782.46	69.568
782.65	69.219
782.84	69.813
783.02	69.786
783.21	70.374
783.40	69.816
783.58	70.099
783.77	69.560
783.96	69.151
784.14	69.859
784.33	70.540
784.52	70.577
784.70	69.169
784.89	69.743
785.07	69.769
785.26	69.688
785.45	69.314
785.63	69.642
785.82	70.021
786.01	69.316
786.19	69.530
786.38	69.543
786.57	69.389
786.75	69.433
786.94	69.548
787.13	69.357
787.31	69.881
787.50	69.221
787.68	69.709
787.87	70.071
788.06	70.322
788.24	69.985
788.43	69.841
788.62	69.462
788.80	69.452
788.99	69.719
789.17	69.710
789.36	69.418
789.55	69.772
789.73	69.921
789.92	69.993
790.10	69.971
790.29	70.399
790.48	69.938
790.66	69.805
790.85	69.428
791.03	69.261
791.22	69.900
791.41	69.926
791.59	70.385
791.78	70.147
791.96	69.421
792.15	70.018
792.34	70.176
792.52	69.833
792.71	69.443
792.89	69.827
793.08	69.143
793.27	69.715
793.45	70.107
793.64	69.904
793.82	69.859
794.01	69.706
794.19	69.273
794.38	69.531
794.57	70.087
794.75	70.000
794.94	69.605
795.12	69.785
795.31	69.687
795.49	69.707
795.68	69.822
795.86	69.244
796.05	70.009
796.24	69.238
796.42	69.572
796.61	69.858
796.79	69.958
796.98	70.027
797.16	69.629
797.35	69.667
797.53	69.422
797.72	69.506
797.90	69.268
798.09	69.805
798.27	69.699
798.46	69.736
798.65	70.713
798.83	69.552
799.02	69.624
799.20	69.191
799.39	69.362
799.57	69.920
799.76	69.422
799.94	69.535
800.13	69.363
800.31	70.053
800.50	69.397
800.68	69.761
800.87	70.490
801.05	69.235
801.24	69.712
801.42	70.172
801.61	69.517
801.79	69.336
801.98	69.628
802.16	69.551
802.35	69.652
802.53	70.058
802.72	69.855
802.90	69.893
803.09	69.454
803.27	70.313
803.46	69.289
803.64	69.132
803.83	69.599
804.01	69.443
804.20	69.643
804.38	69.743
804.56	69.654
804.75	69.560
804.93	70.302
805.12	69.885
805.30	69.775
805.49	69.585
805.67	69.651
805.86	70.242
806.04	69.507
806.23	69.273
806.41	69.720
806.59	69.796
806.78	69.510
806.96	69.597
807.15	69.392
807.33	69.636
807.52	69.441
807.70	70.324
807.89	69.034
808.07	69.789
808.25	69.798
808.44	69.601
808.62	69.812
808.81	70.173
808.99	69.624
809.18	69.488
809.36	69.531
809.54	69.496
809.73	69.548
809.91	69.389
810.10	69.827
810.28	69.764
810.47	69.709
810.65	69.983
810.83	69.167
811.02	69.705
811.20	69.669
811.39	69.775
811.57	69.535
811.75	69.716
811.94	69.962
812.12	69.537
812.31	69.959
812.49	69.940
812.67	69.260
812.86	70.103
813.04	69.235
813.23	69.677
813.41	68.806
813.59	69.640
813.78	69.593
813.96	69.350
814.14	69.913
814.33	68.965
814.51	69.800
814.70	69.874
814.88	69.322
815.06	70.124
815.25	69.389
815.43	69.216
815.61	70.267
815.80	69.553
815.98	69.541
816.16	69.478
816.35	69.540
816.53	69.983
816.72	69.619
816.90	69.204
817.08	69.291
817.27	70.104
817.45	69.734
817.63	69.364
817.82	69.290
818.00	69.831
818.18	69.654
818.37	69.649
818.55	69.948
818.73	68.736
818.92	69.583
819.10	69.841
819.28	69.473
819.47	69.865
819.65	69.470
819.83	69.575
820.02	69.167
820.20	69.868
820.38	69.814
820.57	70.134
820.75	69.697
820.93	69.686
821.11	70.025
821.30	69.438
821.48	68.930
821.66	69.169
821.85	69.540
822.03	69.575
822.21	69.446
822.40	69.430
822.58	70.022
822.76	69.175
822.94	69.634
823.13	69.711
823.31	69.352
823.49	69.303
823.68	69.110
823.86	70.064
824.04	69.377
824.22	69.633
824.41	69.296
824.59	69.308
824.77	70.048
824.96	69.586
825.14	69.445
825.32	69.581
825.50	69.249
825.69	69.439
825.87	69.724
826.05	69.054
826.23	69.970
826.42	69.895
826.60	69.601
826.78	69.447
826.96	69.144
827.15	69.231
827.33	70.119
827.51	69.426
827.69	69.287
827.88	69.728
828.06	69.759
828.24	69.367
828.42	69.237
828.61	69.501
828.79	69.365
828.97	69.444
829.15	69.331
829.34	69.189
829.52	69.730
829.70	70.046
829.88	69.125
830.06	69.119
830.25	70.213
830.43	69.121
830.61	69.530
830.79	69.752
830.97	68.923
831.16	69.341
831.34	69.347
831.52	69.315
831.70	69.396
831.89	69.800
832.07	68.842
832.25	69.461
832.43	69.190
832.61	69.108
832.80	69.320
832.98	70.079
833.16	69.442
833.34	69.776
833.52	69.298
833.70	69.719
833.89	69.329
834.07	69.836
834.25	69.461
834.43	69.887
834.61	69.605
834.80	69.787
834.98	69.896
835.16	69.594
835.34	69.672
835.52	69.715
835.70	69.376
835.89	69.567
836.07	69.631
836.25	69.158
836.43	69.687
836.61	68.671
836.79	68.559
836.97	69.232
837.16	69.662
837.34	69.324
837.52	69.098
837.70	68.825
837.88	68.879
838.06	69.221
838.24	68.892
838.43	69.481
838.61	69.250
838.79	69.316
838.97	69.232
839.15	69.420
839.33	69.517
839.51	69.099
839.70	69.214
839.88	69.915
840.06	69.742
840.24	69.526
840.42	69.858
840.60	69.796
840.78	69.819
840.96	69.479
841.14	69.161
841.33	69.896
841.51	69.248
841.69	69.669
841.87	69.051
842.05	68.750
842.23	69.067
842.41	69.455
842.59	69.784
842.77	68.922
842.95	70.152
843.14	69.749
843.32	69.365
843.50	69.551
843.68	68.953
843.86	69.024
844.04	68.876
844.22	69.056
844.40	70.199
844.58	69.051
844.76	69.026
844.94	69.557
845.12	69.522
845.30	69.853
845.49	68.886
845.67	69.169
845.85	69.582
846.03	69.223
846.21	69.347
846.39	68.959
846.57	69.548
846.75	69.543
846.93	69.793
847.11	69.585
847.29	69.414
847.47	69.805
847.65	69.448
847.83	69.642
848.01	69.369
848.19	69.711
848.37	69.145
848.55	70.017
848.73	69.904
848.91	69.231
849.09	69.341
849.27	69.550
849.46	69.529
849.64	69.627
849.82	69.376
850.00	69.007
850.18	69.967
850.36	69.391
850.54	69.639
850.72	69.299
850.90	69.586
851.08	69.388
851.26	68.739
851.44	69.453
851.62	69.939
851.80	69.691
851.98	69.456
852.16	69.533
852.34	69.233
852.52	69.533
852.70	69.575
852.88	69.298
853.06	69.111
853.24	69.641
853.42	69.354
853.60	69.050
853.78	69.264
853.96	69.689
854.14	69.554
854.31	68.944
854.49	69.249
854.67	69.233
854.85	69.329
855.03	69.780
855.21	69.364
855.39	68.742
855.57	69.024
855.75	68.596
855.93	69.310
856.11	69.335
856.29	69.361
856.47	69.441
856.65	69.642
856.83	69.352
857.01	69.453
857.19	69.542
857.37	68.954
857.55	69.124
857.73	69.042
857.91	69.438
858.09	69.239
858.26	68.935
858.44	69.793
858.62	69.082
858.80	69.485
858.98	69.341
859.16	69.253
859.34	68.982
859.52	69.238
859.70	69.267
859.88	69.135
860.06	68.583
860.24	69.156
860.42	69.272
860.59	69.217
860.77	68.999
860.95	69.598
861.13	69.691
861.31	70.024
861.49	69.577
861.67	69.816
861.85	69.258
862.03	69.467
862.21	69.688
862.38	68.821
862.56	68.669
862.74	69.941
862.92	69.260
863.10	68.998
863.28	69.149
863.46	69.537
863.64	69.401
863.82	69.150
863.99	69.157
864.17	68.915
864.35	69.018
864.53	69.432
864.71	68.952
864.89	69.546
865.07	69.257
865.24	69.098
865.42	69.523
865.60	69.069
865.78	69.140
865.96	69.154
866.14	69.244
866.32	69.380
866.49	69.777
866.67	69.002
866.85	68.793
867.03	69.390
867.21	68.368
867.39	69.402
867.56	69.120
867.74	68.862
867.92	69.879
868.10	68.573
868.28	69.473
868.46	69.265
868.63	69.051
868.81	68.948
868.99	69.585
869.17	69.479
869.35	69.168
869.53	69.166
869.70	68.853
869.88	68.991
870.06	69.377
870.24	69.410
870.42	69.673
870.59	68.815
870.77	68.864
870.95	69.462
871.13	69.198
871.31	69.648
871.48	69.166
871.66	68.986
871.84	69.296
872.02	69.015
872.20	68.922
872.37	69.172
872.55	68.699
872.73	69.822
872.91	68.734
873.08	68.835
873.26	69.198
873.44	68.427
873.62	69.138
873.80	69.225
873.97	69.286
874.15	69.031
874.33	69.959
874.51	69.192
874.68	69.686
874.86	68.898
875.04	68.797
875.22	69.607
875.39	69.991
875.57	69.492
875.75	68.884
875.93	68.282
876.10	69.806
876.28	68.706
876.46	69.019
876.64	69.023
876.81	69.295
876.99	69.170
877.17	69.441
877.35	69.386
877.52	69.363
877.70	68.938
877.88	69.377
878.06	69.810
878.23	69.413
878.41	69.452
878.59	69.564
878.76	69.139
878.94	69.356
879.12	68.508
879.30	69.381
879.47	69.396
879.65	68.621
879.83	69.697
880.00	68.863
880.18	69.181
880.36	69.705
880.53	69.984
880.71	68.816
880.89	68.550
881.07	69.040
881.24	69.533
881.42	69.336
881.60	69.776
881.77	69.629
881.95	68.539
882.13	68.637
882.30	69.754
882.48	69.229
882.66	68.951
882.83	70.229
883.01	69.388
883.19	69.365
883.36	69.540
883.54	68.848
883.72	68.965
883.89	69.207
884.07	69.556
884.25	69.792
884.42	69.332
884.60	68.768
884.78	69.429
884.95	69.229
885.13	68.907
885.31	69.662
885.48	68.768
885.66	69.015
885.84	69.120
886.01	69.951
886.19	68.893
886.36	69.678
886.54	69.641
886.72	69.306
886.89	69.063
887.07	69.221
887.25	69.679
887.42	69.577
887.60	68.860
887.78	68.747
887.95	68.402
888.13	68.714
888.30	69.827
888.48	69.604
888.66	69.634
888.83	69.222
889.01	69.743
889.18	68.568
889.36	68.783
889.54	68.918
889.71	69.309
889.89	68.728
890.06	69.452
890.24	68.993
890.42	68.995
890.59	69.457
890.77	69.219
890.94	68.383
891.12	69.445
891.30	69.183
891.47	69.412
891.65	68.858
891.82	68.485
892.00	69.532
892.17	69.468
892.35	69.514
892.53	69.427
892.70	68.954
892.88	68.997
893.05	68.778
893.23	69.934
893.40	68.964
893.58	69.669
893.75	68.622
893.93	68.099
894.11	68.824
894.28	68.865
894.46	68.756
894.63	69.251
894.81	68.489
894.98	69.515
895.16	69.581
895.33	69.002
895.51	68.339
895.68	68.839
895.86	69.376
896.04	68.987
896.21	69.610
896.39	69.078
896.56	69.372
896.74	69.557
896.91	68.821
897.09	69.732
897.26	68.995
897.44	68.851
897.61	69.689
897.79	69.371
897.96	69.504
898.14	69.348
898.31	68.056
898.49	68.158
898.66	68.943
898.84	69.637
899.01	69.376
899.19	69.345
899.36	69.298
899.54	68.848
899.71	69.003
899.89	69.673
900.06	69.153
900.24	68.781
900.41	69.192
900.59	68.507
900.76	68.693
900.94	68.481
901.11	68.605
901.29	68.823
901.46	68.088
901.63	68.986
901.81	68.620
901.98	69.402
902.16	68.761
902.33	69.409
902.51	68.460
902.68	69.584
902.86	69.011
903.03	69.638
903.21	69.132
903.38	69.490
903.56	69.145
903.73	68.824
903.90	69.407
904.08	69.426
904.25	69.620
904.43	69.352
904.60	69.923
904.78	69.283
904.95	69.190
905.12	68.903
905.30	69.661
905.47	69.206
905.65	69.008
905.82	69.903
906.00	69.009
906.17	68.897
906.34	69.234
906.52	69.023
906.69	69.784
906.87	67.721
907.04	69.825
907.21	69.219
907.39	69.364
907.56	69.316
907.74	68.800
907.91	68.561
908.08	68.504
908.26	68.607
908.43	69.369
908.61	69.141
908.78	69.572
908.95	69.777
909.13	69.357
909.30	69.602
909.48	69.792
909.65	69.645
909.82	68.963
910.00	70.101
910.17	69.038
910.34	68.833
910.52	69.370
910.69	68.872
910.87	69.786
911.04	69.779
911.21	68.947
911.39	69.905
911.56	69.472
911.73	68.530
911.91	69.676
912.08	69.280
912.25	68.990
912.43	68.695
912.60	69.767
912.77	68.992
912.95	69.512
913.12	69.485
913.29	69.653
913.47	69.826
913.64	69.384
913.81	70.005
913.99	69.355
914.16	68.780
914.33	69.649
914.51	69.228
914.68	69.316
914.85	70.666
915.03	68.651
915.20	68.513
915.37	70.111
915.55	69.356
915.72	69.032
915.89	69.656
916.07	69.173
916.24	69.531
916.41	69.487
916.59	69.742
916.76	70.401
916.93	69.328
917.10	69.392
917.28	69.132
917.45	69.125
917.62	69.129
917.80	69.388
917.97	69.573
918.14	70.237
918.31	69.083
918.49	69.389
918.66	69.473
918.83	69.351
919.01	69.375
919.18	68.895
919.35	69.090
919.52	69.506
919.70	69.334
919.87	70.529
920.04	68.801
920.21	70.415
920.39	69.088
920.56	69.160
920.73	69.171
920.90	68.536
921.08	69.816
921.25	69.057
921.42	70.590
921.59	70.677
921.77	69.025
921.94	69.098
922.11	69.572
922.28	69.638
922.46	69.147
922.63	69.035
922.80	68.986
922.97	69.593
923.15	70.741
923.32	69.764
923.49	70.034
923.66	70.018
923.83	68.504
924.01	68.558
924.18	69.263
924.35	68.952
924.52	68.307
924.69	70.516
924.87	69.365
925.04	69.234
925.21	68.687
925.38	70.005
925.55	69.536
925.73	68.905
925.90	69.890
926.07	69.511
926.24	69.567
926.41	67.937
926.59	69.443
926.76	68.702
926.93	69.085
927.10	70.253
927.27	69.570
927.45	70.118
927.62	68.493
927.79	70.209
927.96	69.535
928.13	68.362
928.30	69.540
928.48	69.443
928.65	68.822
928.82	69.532
928.99	69.336
929.16	69.312
929.33	68.326
929.50	69.871
929.68	69.767
929.85	68.207
930.02	69.561
930.19	68.650
930.36	68.620
930.53	69.531
930.70	69.143
930.88	68.535
931.05	70.177
931.22	69.018
931.39	69.464
931.56	69.031
931.73	69.488
931.90	68.842
932.08	68.414
932.25	69.944
932.42	70.230
932.59	69.441
932.76	68.565
932.93	69.723
933.10	69.102
933.27	68.997
933.44	69.590
933.62	69.593
933.79	70.019
933.96	68.775
934.13	68.513
934.30	69.554
934.47	69.414
934.64	68.433
934.81	68.002
934.98	68.266
935.15	67.717
935.32	70.897
935.50	69.709
935.67	69.776
935.84	68.199
936.01	68.936
936.18	68.757
936.35	68.984
936.52	70.273
936.69	69.135
936.86	69.888
937.03	69.971
937.20	68.966
937.37	69.841
937.54	70.617
937.71	67.777
937.89	68.259
938.06	68.866
938.23	69.085
938.40	69.306
938.57	68.612
938.74	68.032
938.91	67.540
939.08	70.956
939.25	69.122
939.42	70.042
939.59	69.400
939.76	70.181
939.93	68.445
940.10	68.069
940.27	70.338
940.44	67.134
940.61	70.422
940.78	68.190
940.95	72.128
941.12	70.063
941.29	69.640
941.46	70.268
941.63	67.550
941.80	71.065
941.97	70.556
942.14	70.540
942.31	67.099
942.48	69.383
942.65	68.702
942.82	70.928
942.99	70.688
943.16	68.857
943.33	71.018
943.50	67.623
943.67	68.514
943.84	67.404
944.01	67.226
944.18	70.898
944.35	69.996
944.52	71.932
944.69	66.199
944.86	68.442
945.03	66.934
945.20	67.896
945.37	68.995
945.54	68.952
945.71	70.952
945.88	69.473
946.05	70.321
946.22	67.810
946.39	67.678
946.56	68.365
946.73	71.547
946.90	69.071
947.07	69.786
947.23	69.115
947.40	69.031
947.57	70.105
947.74	67.660
947.91	71.457
948.08	70.572
948.25	70.645
948.42	67.999
948.59	68.829
948.76	66.178
948.93	70.459
949.10	68.789
949.27	68.626
949.44	69.994
949.60	69.209
949.77	70.329
949.94	68.390
950.11	69.811
950.28	69.219
950.45	68.119
950.62	68.382
950.79	68.684
950.96	68.192
951.13	65.906
951.30	68.363
951.46	68.741
951.63	68.894
951.80	70.094
951.97	69.312
952.14	66.551
952.31	67.119
952.48	69.388
952.65	66.597
952.81	68.874
952.98	69.902
953.15	68.293
953.32	69.122
953.49	67.606
953.66	70.016
953.83	67.883
954.00	67.381
954.16	69.788
954.33	69.407
954.50	70.581
954.67	69.921
954.84	69.488
955.01	68.514
955.18	68.409
955.34	69.072
955.51	65.236
955.68	67.980
955.85	67.260
956.02	68.755
956.19	68.027
956.35	68.143
956.52	68.978
956.69	68.537
956.86	68.902
957.03	68.620
957.20	67.874
957.36	67.970
957.53	67.505
957.70	69.344
957.87	66.826
958.04	67.464
958.21	68.416
958.37	68.174
958.54	68.338
958.71	67.093
958.88	67.180
959.05	68.853
959.21	69.499
959.38	66.318
959.55	68.010
959.72	70.351
959.89	67.338
960.05	67.667
960.22	68.862
960.39	65.973
960.56	68.587
960.72	68.519
960.89	69.484
961.06	69.444
961.23	67.669
961.40	67.455
961.56	67.625
961.73	67.994
961.90	69.177
962.07	69.661
962.23	70.340
962.40	65.407
962.57	66.964
962.74	69.175
962.90	67.547
963.07	67.114
963.24	68.357
963.41	69.735
963.57	68.562
963.74	68.424
963.91	67.516
964.08	67.929
964.24	68.598
964.41	68.312
964.58	68.110
964.75	66.701
964.91	68.631
965.08	67.420
965.25	68.313
965.42	68.162
965.58	66.805
965.75	68.680
965.92	68.402
966.08	68.062
966.25	68.631
966.42	69.794
966.59	66.250
966.75	67.192
966.92	68.222
967.09	68.826
967.25	70.039
967.42	68.105
967.59	67.986
967.75	69.487
967.92	67.858
968.09	69.794
968.26	68.715
968.42	68.704
968.59	68.571
968.76	67.882
968.92	67.793
969.09	67.778
969.26	69.892
969.42	67.990
969.59	66.567
969.76	66.973
969.92	69.195
970.09	68.088
970.26	68.116
970.42	69.747
970.59	68.210
970.76	68.689
970.92	69.482
971.09	67.638
971.26	68.297
971.42	68.827
971.59	65.547
971.76	67.189
971.92	68.907
972.09	66.738
972.25	67.862
972.42	67.473
972.59	68.626
972.75	69.549
972.92	69.663
973.09	69.751
973.25	70.156
973.42	67.755
973.58	68.236
973.75	68.260
973.92	67.579
974.08	65.667
974.25	65.301
974.42	66.781
974.58	67.231
974.75	67.517
974.91	66.376
975.08	66.320
975.25	66.956
975.41	68.859
975.58	67.813
975.74	65.790
975.91	68.252
976.08	67.483
976.24	66.005
976.41	67.389
976.57	67.753
976.74	66.461
976.91	68.860
977.07	69.439
977.24	68.489
977.40	67.840
977.57	66.157
977.73	67.940
977.90	70.587
978.07	68.814
978.23	67.611
978.40	68.191
978.56	68.717
978.73	66.662
978.89	70.063
979.06	68.037
979.22	68.691
979.39	69.568
979.56	67.456
979.72	69.273
979.89	68.339
980.05	68.805
980.22	70.075
980.38	68.239
980.55	68.459
980.71	68.014
980.88	69.238
981.04	67.953
981.21	67.325
981.37	65.492
981.54	68.345
981.70	67.239
981.87	68.362
982.04	65.507
982.20	66.646
982.37	67.377
982.53	69.460
982.70	67.617
982.86	67.560
983.03	68.622
983.19	68.146
983.36	66.537
983.52	66.101
983.69	66.999
983.85	67.782
984.02	67.630
984.18	67.808
984.35	69.687
984.51	68.751
984.68	67.667
984.84	68.667
985.00	67.821
985.17	67.192
985.33	66.811
985.50	69.029
985.66	68.357
985.83	68.900
985.99	70.015
986.16	66.583
986.32	68.433
986.49	67.422
986.65	65.659
986.82	66.953
986.98	68.403
987.15	67.391
987.31	69.736
987.47	66.873
987.64	66.708
987.80	69.190
987.97	68.289
988.13	71.929
988.30	69.517
988.46	67.517
988.63	68.397
988.79	67.618
988.95	69.801
989.12	70.905
989.28	69.264
989.45	67.544
989.61	64.602
989.77	70.263
989.94	66.893
990.10	66.999
990.27	68.051
990.43	68.102
990.60	70.436
990.76	70.263
990.92	66.903
991.09	70.272
991.25	67.225
991.42	70.266
991.58	68.995
991.74	69.875
991.91	69.140
992.07	68.387
992.24	69.601
992.40	69.069
992.56	67.082
992.73	71.139
992.89	67.729
993.05	70.101
993.22	68.132
993.38	66.460
993.55	70.298
993.71	67.499
993.87	68.089
994.04	69.201
994.20	66.964
994.36	69.149
994.53	69.540
994.69	68.461
994.85	70.195
995.02	67.994
995.18	67.130
995.34	68.104
995.51	67.641
995.67	67.820
995.84	68.254
996.00	64.944
996.16	68.710
996.33	68.119
996.49	67.727
996.65	68.373
996.82	70.421
996.98	69.971
997.14	66.211
997.31	70.732
997.47	66.456
997.63	69.086
997.79	69.240
997.96	68.840
998.12	70.292
998.28	66.978
998.45	67.574
998.61	69.588
998.77	68.397
998.94	70.429
999.10	71.904
999.26	66.877
999.43	69.940
999.59	67.653
999.75	66.730
999.91	66.097
1000.08	67.677
1000.24	69.619
1000.40	67.848
1000.57	66.774
1000.73	64.684
1000.89	65.916
1001.05	69.141
1001.22	67.923
1001.38	68.892
1001.54	69.703
1001.70	67.762
1001.87	65.271
1002.03	67.494
1002.19	66.805
1002.35	66.606
1002.52	68.535
1002.68	67.589
1002.84	66.350
1003.00	67.760
1003.17	68.212
1003.33	71.433
1003.49	66.344
1003.65	68.421
1003.82	68.578
1003.98	69.254
1004.14	69.721
1004.30	68.217
1004.47	67.041
1004.63	68.082
1004.79	66.152
1004.95	69.869
1005.11	70.090
1005.28	70.607
1005.44	70.088
1005.60	70.537
1005.76	69.588
1005.93	69.505
1006.09	72.889
1006.25	69.320
1006.41	72.124
1006.57	70.942
1006.74	67.666
1006.90	65.113
1007.06	70.902
1007.22	71.260
1007.38	70.815
1007.55	67.902
1007.71	67.826
1007.87	75.370
1008.03	65.113
1008.19	67.194
1008.35	68.065
1008.52	70.209
1008.68	70.750
1008.84	68.498
1009.00	67.438
1009.16	66.360
1009.32	70.790
1009.49	69.398
1009.65	63.476
1009.81	67.261
1009.97	66.747
1010.13	64.958
1010.29	67.600
1010.46	69.247
1010.62	68.176
1010.78	68.668
1010.94	67.953
1011.10	67.385
1011.26	67.294
1011.42	67.501
1011.59	70.806
1011.75	70.742
1011.91	70.764
1012.07	70.553
1012.23	68.211
1012.39	72.083
1012.55	66.485
1012.71	67.406
1012.88	70.316
1013.04	68.141
1013.20	70.369
1013.36	63.730
1013.52	66.851
1013.68	66.692
1013.84	69.345
1014.00	68.573
1014.16	67.006
1014.33	74.741
1014.49	69.855
1014.65	68.671
1014.81	72.381
1014.97	67.757
1015.13	67.329
1015.29	64.964
1015.45	68.568
1015.61	72.006
1015.77	66.809
1015.93	70.687
1016.09	69.741
1016.26	73.860
1016.42	67.674
1016.58	69.481
1016.74	67.897
1016.90	70.611
1017.06	68.366
1017.22	68.684
1017.38	65.702
1017.54	65.912
1017.70	66.984
1017.86	66.463
1018.02	70.800
1018.18	66.533
1018.34	64.515
1018.50	66.547
1018.66	68.555
1018.82	72.881
1018.98	67.843
1019.14	69.611
1019.31	70.326
1019.47	66.698
1019.63	74.531
1019.79	67.019
1019.95	70.374
1020.11	75.261
1020.27	70.086
1020.43	66.489
1020.59	75.949
1020.75	67.014
1020.91	68.198
1021.07	71.169
1021.23	65.436
1021.39	64.957
1021.55	69.868
1021.71	69.058
1021.87	70.043
1022.03	67.591
1022.19	69.008
1022.35	67.000
1022.51	64.485
1022.67	63.787
1022.83	68.557
1022.99	71.983
1023.15	65.701
1023.31	71.755
1023.47	68.726
1023.63	67.212
1023.79	70.337
1023.95	68.047
1024.10	69.672
1024.26	71.463
1024.42	67.350
1024.58	67.966
1024.74	64.937
1024.90	71.165
1025.06	70.599
1025.22	70.833
1025.38	68.833
1025.54	62.162
1025.70	68.772
1025.86	68.826
1026.02	74.817
1026.18	67.901
1026.34	66.983
1026.50	68.219
1026.66	68.867
1026.82	71.402
1026.98	64.027
1027.13	66.370
1027.29	70.624
1027.45	63.769
1027.61	73.973
1027.77	69.329
1027.93	73.964
1028.09	63.057
1028.25	66.225
1028.41	66.327
1028.57	66.619
1028.73	71.277
1028.88	65.316
1029.04	64.602
1029.20	63.599
1029.36	78.875
1029.52	67.406
1029.68	61.760
1029.84	67.700
1030.00	64.761
1030.16	69.798
1030.32	76.209
1030.47	68.830
1030.63	64.191
1030.79	71.376
1030.95	67.591
1031.11	73.552
1031.27	67.401
1031.43	65.522
1031.59	70.040
1031.74	69.628
1031.90	67.039
1032.06	60.604
1032.22	72.087
1032.38	73.676
1032.54	73.913
1032.69	75.976
1032.85	66.507
1033.01	74.547
1033.17	69.066
1033.33	68.921
1033.49	65.885
1033.65	82.315
1033.80	72.872
1033.96	63.713
1034.12	65.607
1034.28	66.005
1034.44	59.137
1034.60	76.916
1034.75	78.233
1034.91	61.372
1035.07	68.077
1035.23	56.648
1035.39	69.778
1035.54	82.670
1035.70	64.813
1035.86	65.815
1036.02	73.229
1036.18	69.341
1036.33	73.199
1036.49	77.065
1036.65	65.500
1036.81	60.680
1036.97	65.435
1037.12	72.128
1037.28	71.063
1037.44	60.521
1037.60	64.600
1037.76	78.261
1037.91	68.245
1038.07	66.744
1038.23	72.921
1038.39	69.925
1038.54	59.319
1038.70	64.564
1038.86	68.999
1039.02	60.414
1039.17	77.065
1039.33	78.038
1039.49	74.236
1039.65	64.677
1039.80	70.850
1039.96	50.190
1040.12	64.729
1040.28	69.436
>>>>> Data<<<<< Espectral Procesado Extremo
