Fichero De Datos De SpectraSuite
++++++++++++++++++++++++++++++++++++
Fecha: Mon Jul 06 12:13:24 CST 2026
Usuario: rofer
Presente Oscuro Del Espectro: Sí
La Referencia de Presente Del Espectro De: Sí
Muestreados de los componentes de Número de espectros: 1
Espectrómetros: USB4H06056
Tiempo de integración (usec): 300000 (USB4H06056)
Promedio de Espectros Hechos un: 5 (USB4H06056)
El Alisar Del Furgón: 0 (USB4H06056)
Párrafo de de Corregir del la del del de Eléctrica del obscuridad: No (USB4H06056)
Estrobo/Lámpara Permitido: No (USB4H06056)
Correct for Detector Non-linearity: No (USB4H06056)
Párrafo de de Corregir del la del del de Externa del luz: No (USB4H06056)
Procesado del espectro de Número de pixeles en: 3648
>>>>> Comienza Data<<<<< Espectral Procesado Del EL
345,09	223,529
345,30	223,529
345,52	223,529
345,74	-270,000
345,95	35,577
346,17	-453,333
346,39	242,105
346,60	-118,571
346,82	306,557
347,04	33,898
347,25	-345,455
347,47	180,769
347,69	243,478
347,90	-34,545
348,12	116,216
348,34	56,667
348,56	-175,000
348,77	69,231
348,99	124,074
349,21	45,902
349,42	20,588
349,64	51,572
349,86	64,286
350,07	104,348
350,29	23,922
350,51	96,894
350,72	59,483
350,94	10,582
351,16	-145,946
351,37	46,154
351,59	-41,729
351,81	10,000
352,02	77,455
352,24	100,000
352,46	-20,290
352,67	8,791
352,89	52,632
353,10	16,463
353,32	4,741
353,54	43,979
353,75	39,257
353,97	80,899
354,19	38,182
354,40	11,932
354,62	23,478
354,84	13,636
355,05	49,721
355,27	-217,143
355,49	14,537
355,70	23,913
355,92	10,390
356,14	44,186
356,35	84,211
356,57	66,667
356,78	105,882
357,00	44,177
357,22	28,910
357,43	28,862
357,65	39,095
357,87	65,333
358,08	75,410
358,30	76,129
358,51	20,958
358,73	26,154
358,95	71,861
359,16	14,557
359,38	78,814
359,60	7,407
359,81	72,727
360,03	76,471
360,24	74,126
360,46	33,758
360,68	41,379
360,89	90,385
361,11	50,239
361,33	297,059
361,54	-15,315
361,76	59,259
361,97	185,294
362,19	100,000
362,41	100,575
362,62	41,232
362,84	-8,475
363,05	0,000
363,27	80,000
363,49	-51,190
363,70	84,615
363,92	62,162
364,13	39,552
364,35	69,892
364,57	10,638
364,78	64,286
365,00	26,027
365,21	81,467
365,43	39,063
365,65	82,427
365,86	0,000
366,08	73,171
366,29	-19,231
366,51	59,735
366,73	47,126
366,94	19,841
367,16	-13,636
367,37	15,385
367,59	54,472
367,80	15,698
368,02	14,530
368,24	109,950
368,45	10,231
368,67	55,425
368,88	77,228
369,10	-27,559
369,31	71,429
369,53	32,342
369,75	34,766
369,96	20,319
370,18	45,778
370,39	17,582
370,61	61,176
370,82	105,102
371,04	22,749
371,26	5,691
371,47	58,403
371,69	42,561
371,90	108,571
372,12	63,241
372,33	40,437
372,55	47,909
372,76	53,925
372,98	48,168
373,20	23,404
373,41	66,000
373,63	38,498
373,84	54,802
374,06	35,455
374,27	41,083
374,49	57,600
374,70	39,130
374,92	23,853
375,13	0,505
375,35	69,863
375,57	23,977
375,78	52,147
376,00	22,872
376,21	35,484
376,43	68,872
376,64	35,246
376,86	48,207
377,07	41,358
377,29	26,415
377,50	35,676
377,72	32,673
377,93	51,662
378,15	23,810
378,36	59,485
378,58	24,497
378,80	21,176
379,01	27,203
379,23	27,805
379,44	65,730
379,66	45,283
379,87	29,640
380,09	42,336
380,30	66,773
380,52	59,694
380,73	43,933
380,95	42,541
381,16	36,694
381,38	67,340
381,59	42,683
381,81	51,852
382,02	69,869
382,24	16,098
382,45	68,590
382,67	74,340
382,88	60,984
383,10	56,098
383,31	-4,321
383,53	60,526
383,74	65,126
383,96	42,857
384,17	49,330
384,39	49,211
384,60	56,727
384,82	41,739
385,03	50,833
385,25	17,188
385,46	52,812
385,68	50,000
385,89	42,915
386,11	55,238
386,32	14,384
386,54	65,193
386,75	35,922
386,97	60,406
387,18	55,000
387,40	56,499
387,61	49,675
387,83	29,508
388,04	29,428
388,25	77,338
388,47	46,789
388,68	8,163
388,90	38,506
389,11	75,248
389,33	73,939
389,54	-10,526
389,76	40,511
389,97	59,846
390,19	42,782
390,40	23,423
390,62	32,578
390,83	42,522
391,05	38,924
391,26	56,020
391,47	44,917
391,69	36,246
391,90	22,727
392,12	38,484
392,33	28,387
392,55	38,577
392,76	24,422
392,98	45,789
393,19	47,966
393,41	62,914
393,62	27,764
393,83	40,708
394,05	42,716
394,26	57,384
394,48	38,274
394,69	39,489
394,91	55,134
395,12	41,943
395,34	38,020
395,55	55,800
395,76	45,929
395,98	60,110
396,19	44,007
396,41	58,824
396,62	42,819
396,84	58,681
397,05	25,919
397,26	37,383
397,48	47,454
397,69	39,394
397,91	38,189
398,12	29,534
398,33	36,433
398,55	50,628
398,76	35,250
398,98	50,864
399,19	42,105
399,41	48,851
399,62	39,623
399,83	50,590
400,05	45,667
400,26	43,762
400,48	45,811
400,69	44,526
400,90	40,619
401,12	29,468
401,33	36,327
401,55	51,558
401,76	48,165
401,97	25,556
402,19	49,469
402,40	38,450
402,62	27,478
402,83	3,226
403,04	48,006
403,26	35,463
403,47	27,825
403,69	32,885
403,90	39,781
404,11	57,826
404,33	39,846
404,54	33,612
404,76	32,774
404,97	34,310
405,18	36,771
405,40	39,891
405,61	34,715
405,83	37,224
406,04	50,289
406,25	31,270
406,47	42,368
406,68	33,926
406,89	25,849
407,11	47,509
407,32	23,816
407,54	35,518
407,75	15,094
407,96	44,331
408,18	20,838
408,39	22,332
408,60	40,114
408,82	24,447
409,03	33,691
409,24	39,899
409,46	25,649
409,67	30,407
409,89	32,374
410,10	28,686
410,31	24,249
410,53	28,095
410,74	40,072
410,95	34,340
411,17	33,689
411,38	17,001
411,59	30,902
411,81	25,518
412,02	18,237
412,23	36,776
412,45	32,903
412,66	19,503
412,87	31,783
413,09	21,720
413,30	27,707
413,51	27,867
413,73	32,032
413,94	37,490
414,15	25,140
414,37	21,824
414,58	23,465
414,79	17,941
415,01	21,828
415,22	23,194
415,43	26,330
415,65	12,112
415,86	22,009
416,07	29,427
416,29	20,516
416,50	20,217
416,71	17,551
416,93	22,750
417,14	17,016
417,35	23,643
417,57	20,608
417,78	17,423
417,99	18,869
418,21	19,918
418,42	18,596
418,63	18,793
418,85	-84,734
419,06	18,081
419,27	15,095
419,48	18,865
419,70	18,227
419,91	20,029
420,12	14,972
420,34	14,306
420,55	17,091
420,76	17,769
420,98	19,815
421,19	24,060
421,40	15,639
421,61	13,531
421,83	13,399
422,04	17,408
422,25	16,705
422,47	15,590
422,68	17,021
422,89	15,840
423,11	15,791
423,32	16,967
423,53	13,413
423,74	12,787
423,96	12,949
424,17	12,795
424,38	15,890
424,59	11,415
424,81	14,658
425,02	12,964
425,23	9,904
425,45	11,515
425,66	13,281
425,87	11,814
426,08	13,333
426,30	9,902
426,51	11,058
426,72	13,818
426,93	10,058
427,15	12,560
427,36	14,027
427,57	14,822
427,79	12,558
428,00	9,778
428,21	18,430
428,42	11,111
428,64	9,998
428,85	13,114
429,06	11,575
429,27	11,317
429,49	12,108
429,70	9,841
429,91	15,011
430,12	13,374
430,34	7,679
430,55	11,121
430,76	9,609
430,97	12,605
431,19	11,426
431,40	11,206
431,61	9,754
431,82	11,114
432,03	9,926
432,25	11,596
432,46	9,306
432,67	9,816
432,88	11,898
433,10	10,075
433,31	12,640
433,52	11,605
433,73	12,367
433,95	12,000
434,16	11,478
434,37	12,642
434,58	10,874
434,79	11,356
435,01	12,523
435,22	12,013
435,43	11,683
435,64	11,276
435,86	11,618
436,07	11,159
436,28	10,262
436,49	9,852
436,70	11,709
436,92	13,269
437,13	11,291
437,34	9,021
437,55	12,110
437,76	11,251
437,98	10,856
438,19	10,776
438,40	9,130
438,61	11,605
438,82	10,050
439,04	10,807
439,25	10,210
439,46	10,916
439,67	7,936
439,88	9,626
440,10	9,704
440,31	10,479
440,52	10,894
440,73	11,923
440,94	9,147
441,16	11,659
441,37	10,587
441,58	9,044
441,79	10,167
442,00	9,331
442,21	11,445
442,43	11,613
442,64	10,384
442,85	10,650
443,06	11,677
443,27	9,317
443,48	9,872
443,70	9,679
443,91	10,933
444,12	10,330
444,33	8,521
444,54	11,408
444,75	9,285
444,97	9,674
445,18	9,763
445,39	10,855
445,60	10,634
445,81	11,403
446,02	10,825
446,24	12,214
446,45	11,054
446,66	11,241
446,87	10,026
447,08	10,882
447,29	10,085
447,51	8,548
447,72	11,197
447,93	10,194
448,14	10,867
448,35	10,176
448,56	10,400
448,77	10,371
448,99	10,637
449,20	10,763
449,41	10,361
449,62	9,904
449,83	9,118
450,04	10,012
450,25	9,902
450,46	10,747
450,68	10,794
450,89	10,779
451,10	10,662
451,31	9,487
451,52	10,859
451,73	10,721
451,94	11,125
452,15	10,449
452,37	9,468
452,58	10,029
452,79	9,595
453,00	10,424
453,21	11,485
453,42	10,856
453,63	11,629
453,84	9,731
454,06	8,973
454,27	9,708
454,48	9,978
454,69	10,396
454,90	11,629
455,11	11,286
455,32	10,089
455,53	10,426
455,74	9,631
455,95	10,111
456,17	9,979
456,38	11,163
456,59	10,088
456,80	10,374
457,01	9,431
457,22	10,830
457,43	10,094
457,64	10,342
457,85	11,435
458,06	10,156
458,27	9,575
458,49	10,240
458,70	9,652
458,91	10,347
459,12	10,453
459,33	10,379
459,54	9,798
459,75	10,180
459,96	9,760
460,17	9,579
460,38	9,972
460,59	10,677
460,80	10,717
461,01	10,019
461,23	10,326
461,44	11,184
461,65	11,319
461,86	11,513
462,07	9,932
462,28	11,487
462,49	11,420
462,70	9,814
462,91	10,897
463,12	10,344
463,33	10,276
463,54	9,498
463,75	11,454
463,96	10,053
464,17	10,512
464,38	10,558
464,59	9,032
464,81	10,452
465,02	11,252
465,23	9,905
465,44	11,311
465,65	11,084
465,86	11,401
466,07	10,341
466,28	9,884
466,49	11,003
466,70	10,916
466,91	11,005
467,12	9,946
467,33	11,387
467,54	10,284
467,75	10,817
467,96	11,091
468,17	9,811
468,38	11,062
468,59	9,864
468,80	11,083
469,01	10,333
469,22	12,309
469,43	11,517
469,64	10,338
469,85	10,736
470,06	9,370
470,27	10,282
470,48	11,345
470,69	11,818
470,90	10,893
471,11	11,074
471,32	11,970
471,53	11,400
471,74	10,577
471,95	10,242
472,16	10,198
472,37	10,649
472,58	10,770
472,79	10,832
473,00	10,592
473,21	11,639
473,42	10,155
473,63	10,347
473,84	11,142
474,05	11,113
474,26	11,157
474,47	10,131
474,68	10,167
474,89	11,133
475,10	10,928
475,31	11,362
475,52	11,335
475,73	10,343
475,94	10,767
476,15	10,108
476,36	10,290
476,57	10,684
476,78	11,034
476,99	11,272
477,20	9,912
477,41	10,040
477,62	10,978
477,83	10,690
478,04	10,446
478,25	11,061
478,46	10,802
478,67	10,563
478,88	11,301
479,09	10,252
479,30	10,626
479,51	10,725
479,72	10,137
479,93	10,899
480,14	10,450
480,35	11,066
480,56	11,079
480,77	10,652
480,98	10,947
481,18	10,141
481,39	10,380
481,60	10,846
481,81	11,036
482,02	11,136
482,23	10,839
482,44	11,479
482,65	10,016
482,86	11,092
483,07	10,577
483,28	10,960
483,49	11,376
483,70	11,073
483,91	10,963
484,12	10,945
484,33	10,566
484,53	11,209
484,74	10,959
484,95	10,243
485,16	11,145
485,37	11,334
485,58	10,896
485,79	10,192
486,00	11,016
486,21	10,681
486,42	11,077
486,63	10,979
486,84	10,888
487,05	10,449
487,25	10,777
487,46	10,260
487,67	10,773
487,88	11,430
488,09	11,493
488,30	11,097
488,51	12,375
488,72	10,817
488,93	11,320
489,14	10,885
489,35	11,004
489,55	11,233
489,76	11,123
489,97	10,855
490,18	11,322
490,39	11,082
490,60	10,609
490,81	10,819
491,02	10,912
491,23	11,035
491,43	11,245
491,64	10,754
491,85	10,954
492,06	11,235
492,27	10,932
492,48	10,961
492,69	10,827
492,90	11,206
493,11	11,467
493,31	10,969
493,52	11,074
493,73	11,383
493,94	11,312
494,15	10,654
494,36	10,516
494,57	11,297
494,78	10,629
494,98	11,016
495,19	11,016
495,40	10,957
495,61	10,665
495,82	11,074
496,03	11,239
496,24	10,978
496,44	11,037
496,65	11,472
496,86	10,841
497,07	11,128
497,28	11,243
497,49	11,120
497,70	11,177
497,90	11,084
498,11	11,332
498,32	11,289
498,53	10,923
498,74	10,925
498,95	10,658
499,15	11,451
499,36	10,778
499,57	11,055
499,78	10,901
499,99	11,308
500,20	11,259
500,40	11,368
500,61	11,353
500,82	11,123
501,03	11,231
501,24	11,191
501,45	11,150
501,65	11,211
501,86	11,076
502,07	11,261
502,28	11,121
502,49	11,144
502,70	11,064
502,90	11,038
503,11	11,289
503,32	11,601
503,53	11,585
503,74	11,012
503,94	11,236
504,15	11,550
504,36	11,435
504,57	11,038
504,78	11,362
504,98	11,597
505,19	11,346
505,40	11,544
505,61	11,282
505,82	11,215
506,02	11,298
506,23	11,329
506,44	11,228
506,65	11,148
506,86	11,568
507,06	11,320
507,27	11,454
507,48	11,152
507,69	11,363
507,90	11,436
508,10	11,492
508,31	11,858
508,52	11,421
508,73	11,655
508,94	11,395
509,14	11,445
509,35	10,866
509,56	11,406
509,77	11,252
509,97	11,290
510,18	11,652
510,39	11,729
510,60	11,942
510,80	11,579
511,01	11,635
511,22	11,596
511,43	11,586
511,64	11,703
511,84	11,683
512,05	11,556
512,26	11,929
512,47	12,024
512,67	12,060
512,88	11,523
513,09	11,936
513,30	12,152
513,50	11,476
513,71	11,987
513,92	11,811
514,13	12,102
514,33	11,968
514,54	12,005
514,75	11,774
514,96	12,141
515,16	12,049
515,37	12,214
515,58	12,037
515,78	12,047
515,99	12,011
516,20	12,059
516,41	12,171
516,61	12,363
516,82	12,141
517,03	11,775
517,24	12,428
517,44	12,344
517,65	12,392
517,86	12,374
518,07	12,608
518,27	12,696
518,48	12,739
518,69	12,356
518,89	12,376
519,10	12,495
519,31	12,654
519,52	12,726
519,72	12,880
519,93	12,861
520,14	13,001
520,34	12,918
520,55	12,884
520,76	13,189
520,96	13,149
521,17	12,931
521,38	13,408
521,59	13,014
521,79	13,012
522,00	13,343
522,21	13,704
522,41	13,743
522,62	13,230
522,83	13,576
523,03	13,472
523,24	13,766
523,45	13,752
523,66	13,678
523,86	13,699
524,07	13,920
524,28	14,286
524,48	14,091
524,69	14,062
524,90	14,283
525,10	14,754
525,31	14,223
525,52	14,398
525,72	14,627
525,93	14,629
526,14	14,762
526,34	14,737
526,55	14,724
526,76	14,735
526,96	14,998
527,17	15,057
527,38	14,839
527,58	15,158
527,79	15,251
528,00	15,009
528,20	15,103
528,41	15,407
528,62	15,258
528,82	15,659
529,03	15,728
529,24	15,580
529,44	15,243
529,65	15,999
529,85	15,847
530,06	15,703
530,27	15,984
530,47	16,120
530,68	15,766
530,89	16,036
531,09	16,194
531,30	16,199
531,51	16,198
531,71	16,277
531,92	16,278
532,13	16,317
532,33	16,478
532,54	16,962
532,74	16,596
532,95	16,896
533,16	16,477
533,36	16,595
533,57	16,698
533,78	16,916
533,98	16,835
534,19	16,524
534,39	17,095
534,60	16,671
534,81	17,386
535,01	17,176
535,22	16,980
535,42	17,351
535,63	17,127
535,84	17,317
536,04	17,427
536,25	17,214
536,45	17,627
536,66	17,724
536,87	17,338
537,07	17,291
537,28	17,711
537,48	17,450
537,69	17,662
537,90	17,831
538,10	17,411
538,31	17,658
538,51	17,474
538,72	17,858
538,93	17,584
539,13	18,099
539,34	17,936
539,54	17,926
539,75	17,904
539,96	17,631
540,16	17,873
540,37	17,877
540,57	18,030
540,78	18,071
540,98	18,050
541,19	18,024
541,40	17,880
541,60	18,452
541,81	18,042
542,01	18,059
542,22	18,114
542,42	18,093
542,63	17,982
542,83	18,476
543,04	18,236
543,25	18,122
543,45	18,301
543,66	18,121
543,86	18,256
544,07	18,597
544,27	18,445
544,48	18,228
544,68	18,322
544,89	18,221
545,10	18,219
545,30	18,529
545,51	18,357
545,71	18,347
545,92	18,466
546,12	18,540
546,33	18,523
546,53	18,461
546,74	18,731
546,94	18,837
547,15	18,901
547,36	18,579
547,56	18,420
547,77	18,822
547,97	18,808
548,18	18,676
548,38	18,468
548,59	18,493
548,79	18,317
549,00	18,466
549,20	18,693
549,41	18,724
549,61	18,586
549,82	18,501
550,02	18,540
550,23	18,903
550,43	18,700
550,64	18,944
550,84	18,758
551,05	18,491
551,25	18,582
551,46	18,930
551,66	18,658
551,87	18,808
552,07	19,007
552,28	18,555
552,48	18,691
552,69	18,659
552,89	18,752
553,10	19,047
553,30	18,736
553,51	18,865
553,71	18,986
553,92	19,160
554,12	18,631
554,33	18,765
554,53	18,771
554,74	18,524
554,94	18,832
555,15	19,097
555,35	18,916
555,56	18,859
555,76	18,815
555,97	18,953
556,17	18,906
556,38	18,952
556,58	18,795
556,78	18,840
556,99	19,129
557,19	18,812
557,40	19,012
557,60	18,933
557,81	19,056
558,01	18,836
558,22	18,892
558,42	18,989
558,63	19,076
558,83	18,962
559,04	19,121
559,24	19,162
559,44	18,574
559,65	18,925
559,85	18,801
560,06	18,540
560,26	18,661
560,47	18,899
560,67	15,571
560,88	18,711
561,08	18,572
561,28	18,594
561,49	18,768
561,69	18,481
561,90	18,774
562,10	18,355
562,31	18,704
562,51	18,664
562,71	18,350
562,92	18,515
563,12	18,402
563,33	18,345
563,53	18,480
563,74	18,638
563,94	18,584
564,14	18,372
564,35	18,457
564,55	18,504
564,76	18,357
564,96	18,297
565,17	18,299
565,37	18,119
565,57	18,172
565,78	18,409
565,98	18,147
566,19	17,964
566,39	17,982
566,59	18,179
566,80	17,919
567,00	17,992
567,21	17,867
567,41	18,039
567,61	17,916
567,82	17,609
568,02	17,871
568,23	17,749
568,43	18,158
568,63	17,627
568,84	17,591
569,04	17,640
569,24	17,833
569,45	17,497
569,65	17,544
569,86	17,530
570,06	17,431
570,26	17,345
570,47	17,399
570,67	17,248
570,87	17,212
571,08	17,307
571,28	17,087
571,49	17,155
571,69	17,089
571,89	17,146
572,10	17,067
572,30	17,130
572,50	16,882
572,71	16,826
572,91	16,539
573,11	16,794
573,32	16,765
573,52	16,410
573,73	16,608
573,93	16,604
574,13	16,564
574,34	16,404
574,54	16,249
574,74	16,181
574,95	16,549
575,15	16,264
575,35	16,163
575,56	16,295
575,76	16,113
575,96	16,221
576,17	16,015
576,37	16,107
576,57	16,000
576,78	15,867
576,98	15,881
577,18	15,960
577,39	16,050
577,59	15,810
577,79	15,747
578,00	15,752
578,20	15,566
578,40	15,595
578,61	15,528
578,81	15,550
579,01	15,549
579,22	15,444
579,42	15,198
579,62	15,316
579,82	15,541
580,03	15,450
580,23	15,155
580,43	14,971
580,64	15,108
580,84	15,358
581,04	15,081
581,25	15,311
581,45	15,134
581,65	15,010
581,86	15,015
582,06	14,772
582,26	15,116
582,46	14,967
582,67	14,907
582,87	15,139
583,07	14,898
583,28	14,798
583,48	14,897
583,68	14,921
583,88	14,863
584,09	14,564
584,29	14,622
584,49	14,747
584,70	14,856
584,90	14,627
585,10	14,579
585,30	14,489
585,51	14,547
585,71	14,707
585,91	14,602
586,11	14,520
586,32	14,489
586,52	14,448
586,72	14,309
586,92	14,381
587,13	14,471
587,33	14,201
587,53	14,342
587,74	14,461
587,94	14,531
588,14	14,251
588,34	14,376
588,55	14,218
588,75	13,980
588,95	14,127
589,15	14,060
589,36	14,114
589,56	14,001
589,76	14,072
589,96	14,211
590,16	14,001
590,37	13,939
590,57	14,022
590,77	13,940
590,97	14,372
591,18	14,180
591,38	13,809
591,58	15,480
591,78	14,143
591,99	13,742
592,19	13,964
592,39	13,952
592,59	13,845
592,79	13,853
593,00	13,737
593,20	13,745
593,40	13,857
593,60	13,793
593,81	13,930
594,01	13,849
594,21	13,641
594,41	13,784
594,61	13,723
594,82	13,712
595,02	13,819
595,22	13,636
595,42	13,684
595,62	13,661
595,83	13,838
596,03	13,660
596,23	13,859
596,43	13,901
596,63	13,668
596,84	13,453
597,04	13,822
597,24	13,588
597,44	13,550
597,64	13,857
597,84	13,533
598,05	13,499
598,25	13,469
598,45	13,556
598,65	13,827
598,85	13,614
599,06	13,527
599,26	13,652
599,46	13,425
599,66	13,666
599,86	13,638
600,06	13,701
600,27	13,614
600,47	13,496
600,67	13,614
600,87	13,818
601,07	13,582
601,27	13,462
601,48	13,567
601,68	13,545
601,88	13,460
602,08	13,681
602,28	13,337
602,48	13,472
602,68	13,570
602,89	13,361
603,09	13,519
603,29	13,332
603,49	13,610
603,69	13,156
603,89	13,430
604,09	13,474
604,30	13,608
604,50	13,281
604,70	13,272
604,90	13,552
605,10	13,270
605,30	13,298
605,50	13,295
605,71	13,490
605,91	13,391
606,11	13,241
606,31	13,337
606,51	13,625
606,71	13,443
606,91	13,218
607,11	13,373
607,32	13,527
607,52	13,338
607,72	13,525
607,92	13,281
608,12	13,500
608,32	13,215
608,52	13,373
608,72	13,304
608,92	13,212
609,12	13,295
609,33	13,165
609,53	13,083
609,73	13,286
609,93	13,381
610,13	13,214
610,33	13,145
610,53	13,211
610,73	13,309
610,93	13,078
611,13	13,335
611,34	13,244
611,54	13,024
611,74	12,968
611,94	13,044
612,14	13,310
612,34	13,163
612,54	13,140
612,74	13,346
612,94	12,980
613,14	13,158
613,34	12,934
613,54	13,047
613,74	12,888
613,95	13,039
614,15	12,713
614,35	13,153
614,55	12,719
614,75	12,905
614,95	12,770
615,15	13,093
615,35	12,779
615,55	13,055
615,75	12,891
615,95	12,989
616,15	12,935
616,35	12,983
616,55	12,825
616,75	12,879
616,95	12,865
617,15	12,879
617,35	12,862
617,56	13,040
617,76	12,907
617,96	12,626
618,16	12,875
618,36	12,688
618,56	12,752
618,76	12,703
618,96	12,725
619,16	12,843
619,36	12,678
619,56	12,656
619,76	12,702
619,96	12,765
620,16	12,660
620,36	12,700
620,56	12,513
620,76	12,846
620,96	12,583
621,16	12,545
621,36	12,659
621,56	12,667
621,76	12,660
621,96	12,491
622,16	12,495
622,36	12,713
622,56	12,537
622,76	12,536
622,96	12,623
623,16	12,653
623,36	12,624
623,56	12,588
623,76	12,487
623,96	12,662
624,16	12,667
624,36	12,461
624,56	12,349
624,76	12,418
624,96	12,630
625,16	12,423
625,36	12,472
625,56	12,543
625,76	12,448
625,96	12,650
626,16	12,474
626,36	12,375
626,56	12,438
626,76	12,455
626,96	12,423
627,16	12,373
627,36	12,336
627,56	12,464
627,76	12,412
627,96	12,447
628,16	12,627
628,36	12,443
628,56	12,467
628,75	12,352
628,95	12,245
629,15	12,470
629,35	12,340
629,55	12,444
629,75	12,259
629,95	12,424
630,15	12,394
630,35	12,176
630,55	12,208
630,75	12,401
630,95	12,506
631,15	12,377
631,35	12,232
631,55	12,206
631,75	12,418
631,95	12,448
632,15	12,397
632,34	12,290
632,54	12,318
632,74	12,574
632,94	12,466
633,14	12,332
633,34	12,261
633,54	12,459
633,74	12,364
633,94	12,383
634,14	12,320
634,34	12,387
634,54	12,443
634,74	12,095
634,93	12,307
635,13	12,454
635,33	12,422
635,53	12,332
635,73	12,285
635,93	12,117
636,13	12,033
636,33	12,218
636,53	12,254
636,73	12,121
636,93	12,155
637,12	12,307
637,32	12,066
637,52	12,332
637,72	12,102
637,92	12,163
638,12	12,075
638,32	12,298
638,52	12,022
638,72	12,207
638,91	12,204
639,11	12,127
639,31	12,071
639,51	11,960
639,71	12,218
639,91	12,050
640,11	12,053
640,31	11,948
640,50	11,911
640,70	11,916
640,90	11,941
641,10	11,988
641,30	12,012
641,50	12,048
641,70	12,107
641,89	11,997
642,09	11,843
642,29	11,946
642,49	11,977
642,69	11,897
642,89	11,993
643,09	11,853
643,28	11,813
643,48	11,817
643,68	11,989
643,88	11,640
644,08	11,643
644,28	11,837
644,48	11,791
644,67	11,757
644,87	11,878
645,07	11,784
645,27	11,732
645,47	11,681
645,67	11,795
645,86	11,631
646,06	11,828
646,26	11,701
646,46	11,591
646,66	11,604
646,85	11,592
647,05	11,955
647,25	11,502
647,45	11,808
647,65	11,578
647,85	11,579
648,04	11,765
648,24	11,556
648,44	11,687
648,64	11,553
648,84	11,488
649,03	11,333
649,23	11,370
649,43	11,531
649,63	11,589
649,83	11,647
650,02	11,481
650,22	11,543
650,42	11,526
650,62	11,453
650,82	11,522
651,01	11,665
651,21	11,665
651,41	11,436
651,61	11,284
651,81	11,388
652,00	11,536
652,20	11,478
652,40	11,441
652,60	11,664
652,79	11,597
652,99	11,610
653,19	11,344
653,39	11,426
653,59	11,574
653,78	11,342
653,98	11,446
654,18	11,413
654,38	11,247
654,57	11,401
654,77	11,642
654,97	11,427
655,17	11,569
655,36	11,377
655,56	11,503
655,76	11,478
655,96	11,381
656,15	11,310
656,35	11,301
656,55	11,515
656,75	11,430
656,94	11,313
657,14	11,363
657,34	11,297
657,54	11,393
657,73	11,328
657,93	11,393
658,13	11,369
658,33	11,495
658,52	11,419
658,72	12,468
658,92	11,323
659,11	11,406
659,31	11,263
659,51	11,352
659,71	11,212
659,90	11,278
660,10	11,354
660,30	11,509
660,50	11,338
660,69	11,616
660,89	11,214
661,09	11,340
661,28	11,257
661,48	11,500
661,68	11,234
661,87	11,350
662,07	11,147
662,27	11,278
662,47	11,290
662,66	11,292
662,86	11,533
663,06	11,301
663,25	11,329
663,45	11,413
663,65	11,335
663,84	11,099
664,04	11,256
664,24	11,150
664,44	11,198
664,63	11,252
664,83	11,335
665,03	11,423
665,22	11,203
665,42	11,287
665,62	11,269
665,81	11,310
666,01	11,226
666,21	11,197
666,40	11,191
666,60	11,181
666,80	11,350
666,99	11,222
667,19	11,200
667,39	11,246
667,58	11,116
667,78	11,069
667,98	11,303
668,17	11,356
668,37	11,306
668,57	11,117
668,76	11,198
668,96	11,114
669,16	11,177
669,35	11,310
669,55	11,136
669,74	11,309
669,94	11,070
670,14	11,167
670,33	11,229
670,53	11,210
670,73	11,107
670,92	11,180
671,12	11,200
671,32	11,281
671,51	11,181
671,71	11,190
671,90	11,215
672,10	11,311
672,30	11,169
672,49	11,312
672,69	11,302
672,89	11,287
673,08	11,020
673,28	11,218
673,47	11,308
673,67	11,292
673,87	11,332
674,06	11,296
674,26	11,248
674,45	11,219
674,65	11,223
674,85	11,147
675,04	11,274
675,24	11,364
675,43	11,282
675,63	11,435
675,83	11,379
676,02	11,378
676,22	11,281
676,41	11,426
676,61	11,309
676,81	11,294
677,00	11,466
677,20	11,154
677,39	11,302
677,59	11,309
677,79	11,284
677,98	11,460
678,18	11,208
678,37	11,396
678,57	11,443
678,76	11,427
678,96	11,499
679,16	11,495
679,35	11,346
679,55	11,272
679,74	11,163
679,94	11,560
680,13	11,436
680,33	11,465
680,53	11,336
680,72	11,349
680,92	11,486
681,11	11,500
681,31	11,380
681,50	11,459
681,70	11,491
681,89	11,584
682,09	11,473
682,28	11,549
682,48	11,532
682,68	11,539
682,87	11,567
683,07	11,538
683,26	11,538
683,46	11,589
683,65	11,511
683,85	11,437
684,04	11,603
684,24	11,440
684,43	11,619
684,63	11,640
684,82	11,567
685,02	11,631
685,21	11,640
685,41	11,482
685,60	11,451
685,80	11,643
686,00	11,666
686,19	11,729
686,39	11,686
686,58	11,452
686,78	11,629
686,97	11,531
687,17	11,667
687,36	11,710
687,56	11,657
687,75	11,531
687,95	11,790
688,14	11,643
688,34	11,727
688,53	11,802
688,73	11,697
688,92	11,707
689,12	11,674
689,31	11,841
689,51	11,831
689,70	11,857
689,89	11,698
690,09	11,672
690,28	11,906
690,48	12,038
690,67	11,906
690,87	12,091
691,06	11,843
691,26	11,998
691,45	11,926
691,65	12,085
691,84	11,959
692,04	12,039
692,23	12,082
692,43	12,018
692,62	12,124
692,82	12,134
693,01	12,035
693,20	12,235
693,40	12,255
693,59	12,328
693,79	12,336
693,98	12,344
694,18	12,460
694,37	12,570
694,57	12,512
694,76	12,595
694,95	13,020
695,15	13,014
695,34	12,935
695,54	13,069
695,73	13,099
695,93	12,915
696,12	13,290
696,32	13,161
696,51	13,328
696,70	13,620
696,90	13,417
697,09	13,647
697,29	13,778
697,48	13,890
697,67	14,037
697,87	14,262
698,06	14,486
698,26	14,458
698,45	14,713
698,65	14,810
698,84	14,880
699,03	15,130
699,23	15,287
699,42	15,443
699,62	15,733
699,81	15,629
700,00	15,902
700,20	15,953
700,39	16,218
700,59	16,266
700,78	16,627
700,97	16,585
701,17	17,208
701,36	17,068
701,56	17,322
701,75	17,484
701,94	17,664
702,14	17,992
702,33	18,115
702,52	18,179
702,72	18,376
702,91	18,620
703,11	18,948
703,30	19,157
703,49	19,167
703,69	19,500
703,88	19,754
704,07	19,846
704,27	20,142
704,46	20,555
704,66	20,691
704,85	20,871
705,04	21,009
705,24	21,303
705,43	21,571
705,62	21,697
705,82	22,225
706,01	22,244
706,20	22,578
706,40	22,584
706,59	23,066
706,78	23,297
706,98	23,262
707,17	23,478
707,36	23,658
707,56	24,184
707,75	24,199
707,94	24,365
708,14	24,560
708,33	25,054
708,52	25,130
708,72	25,393
708,91	25,651
709,10	26,159
709,30	26,167
709,49	26,217
709,68	26,537
709,88	26,728
710,07	27,269
710,26	27,243
710,46	27,490
710,65	27,839
710,84	28,277
711,04	28,068
711,23	28,779
711,42	28,800
711,61	29,206
711,81	29,308
712,00	29,278
712,19	29,766
712,39	30,004
712,58	30,116
712,77	30,523
712,97	30,689
713,16	30,870
713,35	30,936
713,54	31,187
713,74	31,439
713,93	31,785
714,12	32,060
714,32	32,382
714,51	32,455
714,70	32,522
714,89	32,784
715,09	33,383
715,28	33,160
715,47	33,464
715,66	33,969
715,86	34,238
716,05	34,542
716,24	34,667
716,44	35,086
716,63	35,088
716,82	35,489
717,01	35,630
717,21	35,659
717,40	35,849
717,59	36,109
717,78	36,468
717,98	36,672
718,17	36,722
718,36	37,115
718,55	37,193
718,75	37,593
718,94	37,687
719,13	38,201
719,32	38,398
719,52	38,558
719,71	39,090
719,90	38,874
720,09	39,075
720,28	39,681
720,48	39,839
720,67	40,063
720,86	40,372
721,05	40,262
721,25	41,034
721,44	40,762
721,63	41,332
721,82	41,528
722,01	41,893
722,21	41,776
722,40	42,056
722,59	42,470
722,78	42,428
722,98	42,703
723,17	43,229
723,36	43,246
723,55	43,327
723,74	43,663
723,94	44,054
724,13	44,191
724,32	44,585
724,51	44,531
724,70	44,908
724,89	44,927
725,09	45,573
725,28	45,647
725,47	45,592
725,66	45,868
725,85	45,920
726,05	46,146
726,24	46,614
726,43	47,063
726,62	47,017
726,81	47,218
727,00	47,462
727,20	47,404
727,39	48,026
727,58	48,212
727,77	48,846
727,96	48,346
728,15	48,944
728,35	48,788
728,54	48,991
728,73	49,779
728,92	49,539
729,11	49,666
729,30	50,115
729,50	50,250
729,69	50,479
729,88	50,536
730,07	50,880
730,26	51,004
730,45	51,183
730,64	51,315
730,84	51,426
731,03	52,053
731,22	52,473
731,41	52,817
731,60	52,615
731,79	52,536
731,98	52,533
732,18	53,370
732,37	52,808
732,56	53,191
732,75	53,714
732,94	53,746
733,13	53,738
733,32	53,813
733,51	54,068
733,71	54,650
733,90	54,769
734,09	54,758
734,28	55,188
734,47	55,416
734,66	55,323
734,85	55,481
735,04	55,725
735,23	56,247
735,42	55,743
735,62	56,065
735,81	56,144
736,00	56,676
736,19	56,670
736,38	56,410
736,57	57,204
736,76	57,173
736,95	57,221
737,14	57,236
737,33	57,736
737,52	57,619
737,72	57,879
737,91	57,948
738,10	58,322
738,29	58,379
738,48	57,880
738,67	58,324
738,86	58,637
739,05	58,996
739,24	59,128
739,43	58,962
739,62	59,475
739,81	59,444
740,00	59,363
740,19	59,378
740,39	59,547
740,58	59,844
740,77	59,772
740,96	59,986
741,15	60,459
741,34	60,528
741,53	60,007
741,72	60,453
741,91	60,345
742,10	60,642
742,29	60,680
742,48	61,028
742,67	61,286
742,86	61,074
743,05	61,105
743,24	61,354
743,43	61,577
743,62	61,238
743,81	61,872
744,00	61,829
744,19	61,945
744,38	62,381
744,57	62,458
744,76	62,194
744,95	62,338
745,14	62,505
745,33	62,392
745,52	62,471
745,71	62,305
745,90	62,886
746,09	62,703
746,28	62,616
746,47	63,137
746,66	62,817
746,85	63,052
747,04	63,515
747,23	63,199
747,42	63,565
747,61	63,230
747,80	63,738
747,99	63,342
748,18	63,471
748,37	63,768
748,56	63,761
748,75	63,674
748,94	63,317
749,13	63,767
749,32	64,307
749,51	63,745
749,70	64,048
749,89	64,087
750,08	63,696
750,27	64,329
750,46	64,213
750,65	64,192
750,84	64,529
751,03	63,904
751,22	64,497
751,41	64,046
751,60	64,640
751,79	65,054
751,98	64,782
752,17	64,606
752,36	64,560
752,55	65,098
752,74	64,737
752,93	64,848
753,12	64,791
753,30	65,175
753,49	64,646
753,68	65,287
753,87	65,040
754,06	65,205
754,25	65,057
754,44	64,864
754,63	65,388
754,82	65,029
755,01	65,668
755,20	65,157
755,39	65,640
755,58	65,748
755,77	65,237
755,96	65,089
756,14	65,664
756,33	65,630
756,52	65,328
756,71	65,345
756,90	65,769
757,09	65,756
757,28	65,659
757,47	65,967
757,66	65,665
757,85	65,752
758,04	65,665
758,22	65,901
758,41	65,605
758,60	66,216
758,79	66,270
758,98	66,173
759,17	66,221
759,36	66,040
759,55	66,117
759,74	65,694
759,92	66,154
760,11	65,787
760,30	66,228
760,49	65,960
760,68	65,965
760,87	66,250
761,06	66,125
761,25	66,106
761,43	66,346
761,62	66,169
761,81	66,014
762,00	66,146
762,19	66,455
762,38	66,561
762,57	66,267
762,76	66,368
762,94	66,547
763,13	66,576
763,32	66,956
763,51	66,497
763,70	65,965
763,89	66,476
764,07	66,121
764,26	66,396
764,45	65,997
764,64	66,550
764,83	66,596
765,02	66,269
765,21	66,769
765,39	66,659
765,58	66,614
765,77	66,492
765,96	66,544
766,15	66,413
766,34	66,812
766,52	66,585
766,71	66,885
766,90	66,564
767,09	66,853
767,28	66,753
767,46	66,571
767,65	66,622
767,84	66,694
768,03	66,750
768,22	66,745
768,40	66,708
768,59	66,545
768,78	66,561
768,97	66,825
769,16	66,645
769,34	66,620
769,53	66,300
769,72	66,424
769,91	66,663
770,10	66,601
770,28	66,413
770,47	66,487
770,66	66,591
770,85	67,162
771,04	67,291
771,22	67,066
771,41	66,777
771,60	66,360
771,79	67,314
771,98	67,189
772,16	66,843
772,35	67,099
772,54	66,960
772,73	66,797
772,91	67,328
773,10	66,517
773,29	67,186
773,48	66,802
773,66	66,715
773,85	66,990
774,04	66,578
774,23	66,938
774,41	66,689
774,60	66,573
774,79	66,762
774,98	66,845
775,16	66,630
775,35	67,207
775,54	66,613
775,73	66,971
775,91	66,884
776,10	67,060
776,29	66,824
776,48	66,254
776,66	66,495
776,85	67,036
777,04	66,247
777,23	66,698
777,41	67,083
777,60	66,783
777,79	66,903
777,97	66,591
778,16	66,917
778,35	66,724
778,54	66,571
778,72	66,629
778,91	66,598
779,10	66,751
779,28	66,923
779,47	66,557
779,66	66,906
779,85	67,011
780,03	66,440
780,22	66,940
780,41	67,224
780,59	67,354
780,78	66,934
780,97	66,995
781,15	66,775
781,34	66,840
781,53	66,706
781,71	66,933
781,90	66,547
782,09	66,651
782,27	66,547
782,46	66,435
782,65	67,024
782,84	66,933
783,02	66,790
783,21	67,263
783,40	66,452
783,58	67,000
783,77	66,620
783,96	66,877
784,14	67,239
784,33	67,257
784,52	66,969
784,70	66,567
784,89	66,728
785,07	67,190
785,26	66,849
785,45	66,861
785,63	66,772
785,82	67,478
786,01	66,632
786,19	67,100
786,38	67,292
786,57	67,218
786,75	66,730
786,94	66,442
787,13	67,060
787,31	67,063
787,50	66,650
787,68	66,859
787,87	66,910
788,06	67,191
788,24	66,352
788,43	66,647
788,62	67,124
788,80	67,089
788,99	66,618
789,17	66,417
789,36	66,408
789,55	66,882
789,73	67,325
789,92	67,268
790,10	66,553
790,29	66,917
790,48	67,000
790,66	66,517
790,85	67,295
791,03	66,916
791,22	67,040
791,41	67,164
791,59	67,031
791,78	66,561
791,96	67,185
792,15	67,560
792,34	66,703
792,52	66,692
792,71	66,938
792,89	66,797
793,08	66,774
793,27	67,300
793,45	67,489
793,64	66,827
793,82	66,607
794,01	67,416
794,19	67,150
794,38	67,015
794,57	66,744
794,75	67,089
794,94	67,754
795,12	67,448
795,31	67,168
795,49	66,763
795,68	67,173
795,86	67,007
796,05	66,728
796,24	67,010
796,42	67,627
796,61	67,300
796,79	67,140
796,98	67,399
797,16	66,956
797,35	67,712
797,53	67,241
797,72	67,161
797,90	67,419
798,09	66,905
798,27	67,055
798,46	67,329
798,65	67,256
798,83	67,426
799,02	67,393
799,20	67,140
799,39	66,890
799,57	67,791
799,76	66,968
799,94	66,780
800,13	67,406
800,31	67,290
800,50	66,994
800,68	67,000
800,87	66,683
801,05	67,004
801,24	67,205
801,42	67,084
801,61	67,083
801,79	67,218
801,98	67,083
802,16	67,318
802,35	66,941
802,53	67,782
802,72	67,071
802,90	67,196
803,09	67,344
803,27	66,774
803,46	67,042
803,64	67,209
803,83	67,103
804,01	67,156
804,20	66,874
804,38	67,185
804,56	66,790
804,75	66,860
804,93	66,805
805,12	66,612
805,30	67,181
805,49	67,339
805,67	67,001
805,86	67,038
806,04	67,214
806,23	66,989
806,41	67,071
806,59	67,150
806,78	67,037
806,96	67,199
807,15	67,153
807,33	66,938
807,52	67,025
807,70	66,695
807,89	67,017
808,07	67,576
808,25	66,923
808,44	67,154
808,62	66,850
808,81	67,180
808,99	66,996
809,18	66,989
809,36	67,335
809,54	67,248
809,73	67,370
809,91	67,247
810,10	67,649
810,28	67,493
810,47	67,268
810,65	67,062
810,83	66,815
811,02	66,946
811,20	66,742
811,39	67,240
811,57	67,354
811,75	66,861
811,94	66,950
812,12	67,195
812,31	67,160
812,49	66,903
812,67	67,409
812,86	67,424
813,04	67,451
813,23	66,908
813,41	67,421
813,59	67,444
813,78	67,400
813,96	67,379
814,14	66,951
814,33	67,498
814,51	67,788
814,70	67,063
814,88	67,363
815,06	67,099
815,25	67,607
815,43	67,211
815,61	67,191
815,80	67,418
815,98	67,507
816,16	67,564
816,35	67,169
816,53	67,260
816,72	67,027
816,90	66,542
817,08	67,159
817,27	67,081
817,45	67,044
817,63	67,114
817,82	67,246
818,00	67,102
818,18	66,967
818,37	67,031
818,55	67,157
818,73	67,127
818,92	67,114
819,10	67,075
819,28	67,391
819,47	67,348
819,65	66,981
819,83	67,267
820,02	66,954
820,20	66,609
820,38	67,144
820,57	66,787
820,75	67,702
820,93	66,612
821,11	66,977
821,30	67,415
821,48	67,483
821,66	67,099
821,85	66,759
822,03	67,428
822,21	67,174
822,40	66,553
822,58	67,601
822,76	67,136
822,94	67,066
823,13	66,682
823,31	67,199
823,49	67,630
823,68	67,317
823,86	67,396
824,04	67,433
824,22	67,098
824,41	67,692
824,59	67,467
824,77	66,865
824,96	67,458
825,14	66,987
825,32	67,567
825,50	67,425
825,69	67,128
825,87	67,318
826,05	67,166
826,23	67,179
826,42	67,256
826,60	67,355
826,78	67,292
826,96	67,196
827,15	66,825
827,33	66,894
827,51	67,374
827,69	67,072
827,88	67,659
828,06	66,839
828,24	66,949
828,42	67,365
828,61	67,204
828,79	67,037
828,97	67,454
829,15	66,871
829,34	66,925
829,52	66,952
829,70	67,142
829,88	67,129
830,06	66,853
830,25	67,334
830,43	66,823
830,61	67,258
830,79	67,340
830,97	67,127
831,16	67,629
831,34	67,082
831,52	66,955
831,70	67,073
831,89	67,169
832,07	67,341
832,25	67,069
832,43	66,979
832,61	66,599
832,80	66,991
832,98	67,115
833,16	67,170
833,34	67,117
833,52	67,128
833,70	67,167
833,89	66,939
834,07	67,048
834,25	66,878
834,43	67,227
834,61	67,139
834,80	67,082
834,98	67,307
835,16	66,882
835,34	67,070
835,52	67,091
835,70	67,541
835,89	67,605
836,07	67,577
836,25	67,149
836,43	67,358
836,61	67,162
836,79	67,398
836,97	67,105
837,16	66,800
837,34	66,854
837,52	66,749
837,70	67,489
837,88	67,260
838,06	67,440
838,24	66,852
838,43	67,073
838,61	66,755
838,79	67,150
838,97	67,533
839,15	67,464
839,33	67,636
839,51	67,734
839,70	67,327
839,88	67,348
840,06	67,359
840,24	67,182
840,42	66,973
840,60	66,954
840,78	67,454
840,96	66,820
841,14	67,004
841,33	67,527
841,51	67,575
841,69	67,084
841,87	67,458
842,05	67,272
842,23	67,190
842,41	67,122
842,59	67,443
842,77	67,156
842,95	67,423
843,14	67,077
843,32	67,389
843,50	67,118
843,68	67,035
843,86	67,034
844,04	66,437
844,22	67,187
844,40	67,294
844,58	67,507
844,76	67,158
844,94	67,143
845,12	67,354
845,30	66,990
845,49	66,765
845,67	66,137
845,85	67,602
846,03	66,969
846,21	67,054
846,39	67,187
846,57	66,746
846,75	67,187
846,93	67,407
847,11	67,288
847,29	67,215
847,47	67,902
847,65	67,461
847,83	66,584
848,01	67,661
848,19	66,738
848,37	67,351
848,55	67,425
848,73	67,523
848,91	67,174
849,09	67,570
849,27	67,381
849,46	67,433
849,64	67,374
849,82	67,174
850,00	66,849
850,18	67,267
850,36	67,159
850,54	67,132
850,72	66,945
850,90	66,576
851,08	66,722
851,26	66,570
851,44	66,900
851,62	67,522
851,80	67,545
851,98	66,514
852,16	67,445
852,34	67,060
852,52	66,696
852,70	67,531
852,88	66,831
853,06	67,208
853,24	67,427
853,42	67,519
853,60	67,423
853,78	67,177
853,96	67,342
854,14	67,407
854,31	67,218
854,49	66,899
854,67	66,808
854,85	67,014
855,03	67,548
855,21	66,853
855,39	67,134
855,57	67,175
855,75	67,570
855,93	67,119
856,11	66,884
856,29	67,151
856,47	67,296
856,65	67,132
856,83	67,222
857,01	67,534
857,19	67,596
857,37	67,013
857,55	67,333
857,73	67,351
857,91	67,094
858,09	67,232
858,26	66,950
858,44	66,903
858,62	67,447
858,80	66,879
858,98	67,428
859,16	67,867
859,34	66,950
859,52	67,217
859,70	67,648
859,88	67,413
860,06	67,771
860,24	67,690
860,42	68,068
860,59	67,467
860,77	66,670
860,95	67,543
861,13	67,244
861,31	67,101
861,49	67,443
861,67	67,142
861,85	67,532
862,03	66,985
862,21	66,846
862,38	66,699
862,56	67,281
862,74	66,847
862,92	66,781
863,10	67,155
863,28	67,373
863,46	67,797
863,64	67,264
863,82	67,158
863,99	67,135
864,17	67,243
864,35	66,648
864,53	67,021
864,71	67,819
864,89	67,392
865,07	67,007
865,24	67,141
865,42	67,356
865,60	67,065
865,78	66,875
865,96	67,074
866,14	67,712
866,32	67,787
866,49	67,613
866,67	67,459
866,85	67,293
867,03	67,193
867,21	67,046
867,39	67,441
867,56	67,190
867,74	66,791
867,92	66,677
868,10	67,010
868,28	67,061
868,46	67,135
868,63	67,433
868,81	67,786
868,99	67,353
869,17	67,114
869,35	67,382
869,53	66,868
869,70	67,015
869,88	67,467
870,06	67,359
870,24	66,978
870,42	67,265
870,59	67,289
870,77	67,203
870,95	67,839
871,13	67,278
871,31	67,124
871,48	67,436
871,66	67,608
871,84	67,168
872,02	66,811
872,20	67,744
872,37	66,928
872,55	67,319
872,73	67,172
872,91	67,347
873,08	66,795
873,26	66,671
873,44	66,788
873,62	67,738
873,80	67,089
873,97	67,480
874,15	67,540
874,33	67,806
874,51	66,740
874,68	67,651
874,86	66,872
875,04	67,284
875,22	67,248
875,39	67,120
875,57	67,463
875,75	67,338
875,93	67,408
876,10	67,788
876,28	67,178
876,46	67,403
876,64	67,255
876,81	67,086
876,99	67,435
877,17	67,417
877,35	67,660
877,52	67,430
877,70	67,881
877,88	67,619
878,06	66,695
878,23	68,020
878,41	67,320
878,59	67,083
878,76	67,368
878,94	66,967
879,12	67,495
879,30	67,225
879,47	67,417
879,65	67,750
879,83	67,410
880,00	67,473
880,18	67,254
880,36	67,617
880,53	67,603
880,71	67,518
880,89	66,331
881,07	67,299
881,24	66,203
881,42	67,639
881,60	67,920
881,77	67,948
881,95	68,407
882,13	67,550
882,30	67,011
882,48	68,192
882,66	67,006
882,83	66,994
883,01	68,157
883,19	66,629
883,36	67,284
883,54	66,940
883,72	67,437
883,89	67,549
884,07	66,949
884,25	67,662
884,42	67,640
884,60	66,850
884,78	67,536
884,95	67,053
885,13	67,605
885,31	67,776
885,48	67,393
885,66	67,709
885,84	67,519
886,01	67,412
886,19	67,190
886,36	67,859
886,54	66,093
886,72	68,060
886,89	67,538
887,07	67,257
887,25	67,639
887,42	66,814
887,60	67,096
887,78	67,217
887,95	67,265
888,13	66,491
888,30	66,881
888,48	67,203
888,66	67,421
888,83	67,122
889,01	66,886
889,18	67,130
889,36	67,339
889,54	67,536
889,71	66,706
889,89	66,990
890,06	67,018
890,24	67,511
890,42	67,921
890,59	66,596
890,77	66,963
890,94	67,982
891,12	67,134
891,30	67,634
891,47	67,220
891,65	66,989
891,82	67,373
892,00	67,578
892,17	67,114
892,35	67,644
892,53	66,570
892,70	67,990
892,88	67,223
893,05	67,534
893,23	67,592
893,40	67,412
893,58	67,944
893,75	67,067
893,93	67,355
894,11	66,768
894,28	67,067
894,46	66,903
894,63	67,234
894,81	66,733
894,98	66,892
895,16	67,349
895,33	66,856
895,51	67,052
895,68	66,883
895,86	67,894
896,04	66,742
896,21	67,671
896,39	66,675
896,56	67,371
896,74	66,887
896,91	67,439
897,09	67,591
897,26	67,729
897,44	67,220
897,61	66,862
897,79	66,846
897,96	67,008
898,14	66,561
898,31	67,895
898,49	66,327
898,66	67,300
898,84	66,610
899,01	67,412
899,19	67,649
899,36	67,441
899,54	67,320
899,71	67,182
899,89	66,927
900,06	66,902
900,24	66,816
900,41	66,849
900,59	66,876
900,76	67,273
900,94	67,566
901,11	67,282
901,29	67,141
901,46	66,878
901,63	67,004
901,81	66,926
901,98	67,536
902,16	67,131
902,33	67,908
902,51	66,924
902,68	68,087
902,86	67,370
903,03	67,509
903,21	67,958
903,38	66,779
903,56	67,690
903,73	67,143
903,90	66,955
904,08	67,228
904,25	67,725
904,43	66,673
904,60	67,231
904,78	66,684
904,95	67,687
905,12	66,920
905,30	67,169
905,47	67,630
905,65	66,995
905,82	67,215
906,00	66,834
906,17	67,253
906,34	67,499
906,52	67,397
906,69	67,556
906,87	68,039
907,04	68,618
907,21	66,997
907,39	67,645
907,56	66,963
907,74	67,194
907,91	68,175
908,08	67,445
908,26	67,664
908,43	68,201
908,61	66,985
908,78	67,812
908,95	66,836
909,13	67,278
909,30	68,023
909,48	67,616
909,65	67,633
909,82	67,050
910,00	66,865
910,17	67,033
910,34	67,512
910,52	66,924
910,69	67,659
910,87	66,283
911,04	67,129
911,21	67,012
911,39	67,387
911,56	66,909
911,73	67,710
911,91	67,224
912,08	67,673
912,25	67,688
912,43	68,008
912,60	67,143
912,77	67,196
912,95	67,628
913,12	66,895
913,29	67,467
913,47	67,401
913,64	67,087
913,81	67,604
913,99	67,064
914,16	67,375
914,33	67,677
914,51	67,173
914,68	66,785
914,85	67,176
915,03	67,659
915,20	66,183
915,37	67,779
915,55	67,144
915,72	67,157
915,89	67,502
916,07	66,889
916,24	66,674
916,41	67,861
916,59	67,290
916,76	67,377
916,93	67,801
917,10	67,002
917,28	67,005
917,45	68,208
917,62	67,355
917,80	67,615
917,97	67,466
918,14	68,671
918,31	67,689
918,49	68,486
918,66	67,434
918,83	67,724
919,01	67,944
919,18	67,522
919,35	67,421
919,52	67,474
919,70	67,291
919,87	67,590
920,04	66,787
920,21	67,210
920,39	66,510
920,56	67,569
920,73	67,509
920,90	66,771
921,08	66,457
921,25	66,721
921,42	68,233
921,59	68,105
921,77	67,171
921,94	67,465
922,11	67,283
922,28	67,485
922,46	67,882
922,63	66,893
922,80	66,619
922,97	67,871
923,15	66,204
923,32	67,491
923,49	67,032
923,66	67,167
923,83	67,026
924,01	66,712
924,18	67,428
924,35	68,295
924,52	67,262
924,69	65,894
924,87	67,247
925,04	68,081
925,21	66,634
925,38	67,532
925,55	67,621
925,73	66,961
925,90	67,402
926,07	67,549
926,24	67,134
926,41	67,837
926,59	66,611
926,76	67,200
926,93	67,657
927,10	68,058
927,27	66,919
927,45	67,051
927,62	68,308
927,79	66,221
927,96	67,203
928,13	67,536
928,30	66,846
928,48	67,284
928,65	67,415
928,82	67,747
928,99	68,234
929,16	68,125
929,33	67,435
929,50	67,549
929,68	67,349
929,85	67,234
930,02	66,988
930,19	66,416
930,36	67,840
930,53	68,262
930,70	66,909
930,88	67,379
931,05	67,872
931,22	67,384
931,39	67,054
931,56	67,799
931,73	67,840
931,90	66,125
932,08	67,165
932,25	66,920
932,42	69,019
932,59	67,322
932,76	65,830
932,93	67,145
933,10	67,429
933,27	66,557
933,44	66,720
933,62	67,857
933,79	66,759
933,96	67,457
934,13	67,676
934,30	67,067
934,47	66,574
934,64	67,081
934,81	67,435
934,98	67,665
935,15	67,747
935,32	68,197
935,50	67,343
935,67	66,680
935,84	67,943
936,01	67,098
936,18	67,777
936,35	67,244
936,52	67,916
936,69	66,800
936,86	68,516
937,03	66,849
937,20	66,338
937,37	66,443
937,54	68,583
937,71	66,987
937,89	66,516
938,06	67,221
938,23	67,385
938,40	65,713
938,57	67,234
938,74	68,020
938,91	68,749
939,08	65,136
939,25	66,739
939,42	66,275
939,59	67,776
939,76	66,862
939,93	67,701
940,10	68,990
940,27	69,236
940,44	68,352
940,61	69,202
940,78	64,635
940,95	67,969
941,12	67,023
941,29	68,267
941,46	65,928
941,63	67,704
941,80	68,402
941,97	66,242
942,14	68,959
942,31	68,525
942,48	67,373
942,65	66,478
942,82	67,830
942,99	68,233
943,16	65,780
943,33	67,719
943,50	68,773
943,67	65,984
943,84	68,366
944,01	66,293
944,18	66,706
944,35	67,660
944,52	65,844
944,69	67,696
944,86	66,042
945,03	65,645
945,20	67,952
945,37	67,958
945,54	65,609
945,71	67,455
945,88	65,977
946,05	65,485
946,22	66,025
946,39	68,324
946,56	66,199
946,73	68,808
946,90	68,694
947,07	67,324
947,23	66,054
947,40	65,190
947,57	66,086
947,74	66,927
947,91	66,709
948,08	66,122
948,25	65,543
948,42	68,626
948,59	66,093
948,76	66,267
948,93	70,259
949,10	67,059
949,27	67,360
949,44	67,443
949,60	65,410
949,77	67,386
949,94	67,609
950,11	70,897
950,28	68,278
950,45	66,421
950,62	68,201
950,79	66,614
950,96	69,007
951,13	66,749
951,30	69,029
951,46	67,782
951,63	69,088
951,80	65,775
951,97	66,074
952,14	67,927
952,31	68,665
952,48	67,456
952,65	67,887
952,81	65,924
952,98	66,121
953,15	67,498
953,32	65,655
953,49	68,334
953,66	68,685
953,83	66,667
954,00	69,755
954,16	67,994
954,33	67,654
954,50	64,790
954,67	66,344
954,84	67,410
955,01	66,286
955,18	66,376
955,34	64,702
955,51	66,989
955,68	67,969
955,85	65,936
956,02	67,266
956,19	67,466
956,35	67,976
956,52	66,511
956,69	65,098
956,86	66,882
957,03	66,505
957,20	65,382
957,36	67,435
957,53	65,985
957,70	66,984
957,87	67,936
958,04	67,469
958,21	66,867
958,37	65,834
958,54	65,970
958,71	69,528
958,88	66,776
959,05	66,394
959,21	66,906
959,38	67,662
959,55	67,710
959,72	66,598
959,89	68,122
960,05	66,590
960,22	66,248
960,39	65,990
960,56	68,447
960,72	65,906
960,89	67,161
961,06	65,961
961,23	66,788
961,40	66,233
961,56	66,034
961,73	65,931
961,90	66,538
962,07	67,080
962,23	65,633
962,40	65,767
962,57	66,613
962,74	67,080
962,90	67,779
963,07	66,061
963,24	69,719
963,41	67,593
963,57	68,734
963,74	67,437
963,91	67,316
964,08	65,436
964,24	69,663
964,41	66,663
964,58	65,748
964,75	65,172
964,91	68,085
965,08	68,837
965,25	67,863
965,42	65,941
965,58	68,531
965,75	66,373
965,92	68,076
966,08	66,068
966,25	67,682
966,42	65,507
966,59	65,893
966,75	66,686
966,92	67,301
967,09	66,222
967,25	66,844
967,42	67,398
967,59	65,664
967,75	66,139
967,92	66,678
968,09	65,779
968,26	65,264
968,42	65,477
968,59	65,891
968,76	66,841
968,92	66,275
969,09	67,285
969,26	66,028
969,42	65,602
969,59	67,202
969,76	67,220
969,92	66,702
970,09	67,157
970,26	66,679
970,42	65,110
970,59	66,993
970,76	66,292
970,92	65,781
971,09	65,060
971,26	65,667
971,42	67,475
971,59	67,179
971,76	68,771
971,92	66,507
972,09	66,917
972,25	67,140
972,42	67,104
972,59	65,686
972,75	67,778
972,92	67,638
973,09	65,719
973,25	68,043
973,42	66,823
973,58	65,136
973,75	67,809
973,92	65,905
974,08	66,160
974,25	67,711
974,42	65,779
974,58	65,341
974,75	63,536
974,91	67,855
975,08	66,704
975,25	67,662
975,41	64,805
975,58	68,216
975,74	66,867
975,91	68,356
976,08	66,494
976,24	67,581
976,41	67,035
976,57	66,499
976,74	66,124
976,91	67,402
977,07	65,708
977,24	68,190
977,40	68,691
977,57	67,070
977,73	69,181
977,90	67,739
978,07	65,767
978,23	67,012
978,40	67,248
978,56	67,376
978,73	66,244
978,89	67,953
979,06	67,394
979,22	67,564
979,39	66,471
979,56	65,601
979,72	67,782
979,89	68,028
980,05	67,773
980,22	68,321
980,38	65,784
980,55	65,905
980,71	65,065
980,88	67,369
981,04	68,285
981,21	67,656
981,37	69,029
981,54	64,946
981,70	66,551
981,87	66,680
982,04	68,102
982,20	64,708
982,37	66,102
982,53	66,928
982,70	68,785
982,86	66,738
983,03	67,658
983,19	65,427
983,36	64,992
983,52	64,079
983,69	67,991
983,85	67,702
984,02	68,149
984,18	67,711
984,35	65,400
984,51	66,395
984,68	67,072
984,84	66,313
985,00	70,626
985,17	67,774
985,33	67,065
985,50	67,656
985,66	68,057
985,83	64,879
985,99	66,789
986,16	66,080
986,32	65,922
986,49	66,451
986,65	67,580
986,82	66,601
986,98	66,345
987,15	68,659
987,31	66,096
987,47	66,399
987,64	65,244
987,80	66,011
987,97	65,639
988,13	66,283
988,30	67,291
988,46	66,742
988,63	69,877
988,79	66,187
988,95	67,557
989,12	67,616
989,28	67,435
989,45	68,447
989,61	67,656
989,77	66,744
989,94	65,656
990,10	68,566
990,27	67,246
990,43	66,785
990,60	65,950
990,76	64,747
990,92	66,547
991,09	66,706
991,25	65,852
991,42	65,902
991,58	65,383
991,74	65,686
991,91	66,419
992,07	65,631
992,24	66,834
992,40	66,661
992,56	67,589
992,73	67,311
992,89	65,476
993,05	68,451
993,22	68,748
993,38	68,870
993,55	68,022
993,71	67,873
993,87	66,984
994,04	67,058
994,20	66,667
994,36	67,096
994,53	66,023
994,69	67,356
994,85	67,757
995,02	67,741
995,18	69,389
995,34	69,767
995,51	65,535
995,67	66,538
995,84	67,913
996,00	66,680
996,16	67,882
996,33	65,190
996,49	67,243
996,65	67,949
996,82	69,315
996,98	68,122
997,14	68,751
997,31	68,518
997,47	66,998
997,63	68,580
997,79	68,310
997,96	65,038
998,12	66,435
998,28	66,838
998,45	66,096
998,61	66,308
998,77	66,057
998,94	65,353
999,10	67,389
999,26	67,001
999,43	64,411
999,59	66,027
999,75	66,652
999,91	66,006
1000,08	68,487
1000,24	68,680
1000,40	65,454
1000,57	69,765
1000,73	68,476
1000,89	68,591
1001,05	68,988
1001,22	67,202
1001,38	66,254
1001,54	68,312
1001,70	65,964
1001,87	68,281
1002,03	68,169
1002,19	66,358
1002,35	67,492
1002,52	66,589
1002,68	68,397
1002,84	67,273
1003,00	67,985
1003,17	68,298
1003,33	68,496
1003,49	68,506
1003,65	66,091
1003,82	69,004
1003,98	69,071
1004,14	66,467
1004,30	69,204
1004,47	69,257
1004,63	72,196
1004,79	67,550
1004,95	65,125
1005,11	65,745
1005,28	70,651
1005,44	66,641
1005,60	66,140
1005,76	68,069
1005,93	66,561
1006,09	69,271
1006,25	67,808
1006,41	65,939
1006,57	66,404
1006,74	66,438
1006,90	67,665
1007,06	69,288
1007,22	66,387
1007,38	70,653
1007,55	69,333
1007,71	66,239
1007,87	65,974
1008,03	65,602
1008,19	66,199
1008,35	65,430
1008,52	67,900
1008,68	67,147
1008,84	68,603
1009,00	68,724
1009,16	69,064
1009,32	68,315
1009,49	65,430
1009,65	67,330
1009,81	64,463
1009,97	66,492
1010,13	67,734
1010,29	70,516
1010,46	66,727
1010,62	67,362
1010,78	66,899
1010,94	65,343
1011,10	65,394
1011,26	64,926
1011,42	63,763
1011,59	73,649
1011,75	68,470
1011,91	66,264
1012,07	68,700
1012,23	68,319
1012,39	72,694
1012,55	72,145
1012,71	67,478
1012,88	67,359
1013,04	67,599
1013,20	67,608
1013,36	64,495
1013,52	65,475
1013,68	66,930
1013,84	69,220
1014,00	66,485
1014,16	70,451
1014,33	69,815
1014,49	65,416
1014,65	68,561
1014,81	68,757
1014,97	68,855
1015,13	69,143
1015,29	69,185
1015,45	68,813
1015,61	70,774
1015,77	67,986
1015,93	65,408
1016,09	70,353
1016,26	66,444
1016,42	66,592
1016,58	67,138
1016,74	67,622
1016,90	67,628
1017,06	67,618
1017,22	64,235
1017,38	73,915
1017,54	68,612
1017,70	64,483
1017,86	70,269
1018,02	66,548
1018,18	71,691
1018,34	68,913
1018,50	65,363
1018,66	71,522
1018,82	67,040
1018,98	67,672
1019,14	67,465
1019,31	66,144
1019,47	67,062
1019,63	68,844
1019,79	66,508
1019,95	70,681
1020,11	73,881
1020,27	65,002
1020,43	68,815
1020,59	71,100
1020,75	69,117
1020,91	70,470
1021,07	72,041
1021,23	68,435
1021,39	70,013
1021,55	67,315
1021,71	71,382
1021,87	68,573
1022,03	68,155
1022,19	67,892
1022,35	63,554
1022,51	68,623
1022,67	74,514
1022,83	69,590
1022,99	65,094
1023,15	70,380
1023,31	68,445
1023,47	69,347
1023,63	68,418
1023,79	68,236
1023,95	63,467
1024,10	58,668
1024,26	69,512
1024,42	69,721
1024,58	70,288
1024,74	71,221
1024,90	66,240
1025,06	74,256
1025,22	64,875
1025,38	59,391
1025,54	70,432
1025,70	71,670
1025,86	74,279
1026,02	68,942
1026,18	64,809
1026,34	68,861
1026,50	75,844
1026,66	67,201
1026,82	73,391
1026,98	72,390
1027,13	63,928
1027,29	67,899
1027,45	63,364
1027,61	65,733
1027,77	70,866
1027,93	68,841
1028,09	67,249
1028,25	73,801
1028,41	66,435
1028,57	61,678
1028,73	71,933
1028,88	77,443
1029,04	68,934
1029,20	67,694
1029,36	70,505
1029,52	65,112
1029,68	69,581
1029,84	62,703
1030,00	67,322
1030,16	73,537
1030,32	64,268
1030,47	65,526
1030,63	66,863
1030,79	70,643
1030,95	67,575
1031,11	71,695
1031,27	78,627
1031,43	68,162
1031,59	66,689
1031,74	70,345
1031,90	66,891
1032,06	62,826
1032,22	70,375
1032,38	72,695
1032,54	72,831
1032,69	63,918
1032,85	68,768
1033,01	69,103
1033,17	70,345
1033,33	67,090
1033,49	66,508
1033,65	65,999
1033,80	72,021
1033,96	67,457
1034,12	71,070
1034,28	64,219
1034,44	67,494
1034,60	71,267
1034,75	70,645
1034,91	74,956
1035,07	74,428
1035,23	68,178
1035,39	71,883
1035,54	65,688
1035,70	79,407
1035,86	65,463
1036,02	74,298
1036,18	71,545
1036,33	66,349
1036,49	65,529
1036,65	74,527
1036,81	74,979
1036,97	76,099
1037,12	74,654
1037,28	65,672
1037,44	72,594
1037,60	80,073
1037,76	66,275
1037,91	76,870
1038,07	74,541
1038,23	70,067
1038,39	77,041
1038,54	72,905
1038,70	58,553
1038,86	73,617
1039,02	71,587
1039,17	71,186
1039,33	62,931
1039,49	78,261
1039,65	67,925
1039,80	66,396
1039,96	72,327
1040,12	75,382
1040,28	73,012
>>>>> Data<<<<< Espectral Procesado Extremo
