Fichero De Datos De SpectraSuite
++++++++++++++++++++++++++++++++++++
Fecha: Mon Jul 06 12:13:36 CST 2026
Usuario: rofer
Presente Oscuro Del Espectro: Sí
La Referencia de Presente Del Espectro De: Sí
Muestreados de los componentes de Número de espectros: 1
Espectrómetros: USB4H06056
Tiempo de integración (usec): 300000 (USB4H06056)
Promedio de Espectros Hechos un: 5 (USB4H06056)
El Alisar Del Furgón: 0 (USB4H06056)
Párrafo de de Corregir del la del del de Eléctrica del obscuridad: No (USB4H06056)
Estrobo/Lámpara Permitido: No (USB4H06056)
Correct for Detector Non-linearity: No (USB4H06056)
Párrafo de de Corregir del la del del de Externa del luz: No (USB4H06056)
Procesado del espectro de Número de pixeles en: 3648
>>>>> Comienza Data<<<<< Espectral Procesado Del EL
345,09	57,353
345,30	57,353
345,52	57,353
345,74	-300,000
345,95	14,423
346,17	-360,000
346,39	226,316
346,60	12,857
346,82	39,344
347,04	54,237
347,25	-36,364
347,47	161,538
347,69	413,043
347,90	-70,909
348,12	-110,811
348,34	200,000
348,56	737,500
348,77	102,564
348,99	0,000
349,21	14,208
349,42	51,471
349,64	47,799
349,86	83,036
350,07	166,667
350,29	69,020
350,51	31,677
350,72	27,586
350,94	10,053
351,16	-40,541
351,37	33,974
351,59	26,316
351,81	87,647
352,02	52,000
352,24	25,455
352,46	-15,217
352,67	62,637
352,89	124,342
353,10	-1,829
353,32	47,845
353,54	110,995
353,75	44,828
353,97	91,573
354,19	72,121
354,40	78,409
354,62	35,652
354,84	19,697
355,05	8,939
355,27	-280,000
355,49	58,150
355,70	88,043
355,92	37,013
356,14	45,581
356,35	-4,386
356,57	23,611
356,78	161,345
357,00	65,863
357,22	6,635
357,43	65,041
357,65	55,967
357,87	130,667
358,08	163,115
358,30	60,645
358,51	10,180
358,73	16,410
358,95	58,874
359,16	-8,228
359,38	43,220
359,60	54,321
359,81	53,846
360,03	16,043
360,24	59,441
360,46	-3,185
360,68	72,414
360,89	69,231
361,11	3,828
361,33	288,235
361,54	3,604
361,76	59,722
361,97	-41,176
362,19	55,556
362,41	89,080
362,62	55,450
362,84	-16,384
363,05	40,571
363,27	59,048
363,49	54,762
363,70	73,846
363,92	52,703
364,13	109,701
364,35	13,978
364,57	-1,418
364,78	53,571
365,00	34,932
365,21	45,174
365,43	54,688
365,65	69,456
365,86	-155,263
366,08	-22,764
366,29	92,308
366,51	35,398
366,73	35,057
366,94	28,968
367,16	-127,273
367,37	86,538
367,59	47,154
367,80	6,395
368,02	-7,692
368,24	153,731
368,45	31,023
368,67	40,469
368,88	97,030
369,10	78,740
369,31	96,939
369,53	41,264
369,75	49,219
369,96	19,522
370,18	82,222
370,39	31,868
370,61	9,412
370,82	103,061
371,04	92,891
371,26	37,398
371,47	49,160
371,69	52,595
371,90	86,190
372,12	51,383
372,33	-11,475
372,55	31,179
372,76	61,775
372,98	18,848
373,20	20,851
373,41	9,333
373,63	28,638
373,84	107,910
374,06	46,818
374,27	76,752
374,49	63,600
374,70	10,145
374,92	20,642
375,13	51,010
375,35	57,192
375,57	25,731
375,78	41,104
376,00	25,000
376,21	17,419
376,43	16,342
376,64	16,393
376,86	65,339
377,07	96,914
377,29	3,302
377,50	13,514
377,72	6,931
377,93	44,411
378,15	50,952
378,36	40,281
378,58	55,705
378,80	10,196
379,01	9,962
379,23	13,659
379,44	13,764
379,66	61,635
379,87	36,565
380,09	33,577
380,30	45,048
380,52	68,367
380,73	57,322
380,95	48,619
381,16	4,435
381,38	60,269
381,59	-15,244
381,81	51,852
382,02	49,345
382,24	55,122
382,45	66,346
382,67	30,189
382,88	54,426
383,10	34,146
383,31	25,926
383,53	46,930
383,74	35,294
383,96	42,193
384,17	48,257
384,39	46,372
384,60	64,727
384,82	51,304
385,03	49,722
385,25	37,500
385,46	37,164
385,68	26,400
385,89	3,239
386,11	45,476
386,32	43,151
386,54	39,779
386,75	18,123
386,97	48,223
387,18	49,318
387,40	63,926
387,61	34,740
387,83	37,377
388,04	63,760
388,25	54,676
388,47	53,211
388,68	13,469
388,90	43,678
389,11	70,792
389,33	36,364
389,54	-103,759
389,76	57,299
389,97	68,726
390,19	35,171
390,40	40,541
390,62	50,142
390,83	32,845
391,05	51,899
391,26	38,329
391,47	56,265
391,69	36,570
391,90	41,162
392,12	29,155
392,33	70,000
392,55	21,348
392,76	74,587
392,98	62,368
393,19	41,970
393,41	56,512
393,62	30,713
393,83	49,027
394,05	58,025
394,26	30,802
394,48	49,336
394,69	42,633
394,91	52,455
395,12	29,801
395,34	44,158
395,55	33,800
395,76	44,676
395,98	42,279
396,19	50,626
396,41	64,986
396,62	28,723
396,84	49,890
397,05	18,039
397,26	42,679
397,48	33,198
397,69	56,566
397,91	41,142
398,12	51,468
398,33	42,884
398,55	47,217
398,76	53,061
398,98	59,506
399,19	37,037
399,41	33,716
399,62	49,811
399,83	46,543
400,05	37,500
400,26	50,672
400,48	41,889
400,69	23,358
400,90	48,454
401,12	30,228
401,33	46,735
401,55	50,000
401,76	30,275
401,97	31,667
402,19	39,915
402,40	41,520
402,62	20,870
402,83	18,406
403,04	42,178
403,26	39,617
403,47	44,182
403,69	47,982
403,90	46,091
404,11	52,464
404,33	37,846
404,54	47,838
404,76	45,579
404,97	40,000
405,18	28,901
405,40	55,767
405,61	46,114
405,83	33,912
406,04	47,110
406,25	36,984
406,47	36,447
406,68	36,213
406,89	41,775
407,11	34,629
407,32	28,947
407,54	40,763
407,75	27,089
407,96	36,054
408,18	13,070
408,39	30,363
408,60	32,800
408,82	32,561
409,03	31,116
409,24	31,944
409,46	36,472
409,67	31,585
409,89	26,721
410,10	34,629
410,31	38,627
410,53	29,412
410,74	25,598
410,95	31,823
411,17	38,447
411,38	21,647
411,59	25,048
411,81	30,508
412,02	24,113
412,23	34,749
412,45	27,834
412,66	33,078
412,87	24,548
413,09	28,931
413,30	21,569
413,51	33,220
413,73	21,514
413,94	38,689
414,15	22,107
414,37	18,940
414,58	27,165
414,79	13,475
415,01	20,173
415,22	24,943
415,43	29,440
415,65	15,538
415,86	17,593
416,07	28,581
416,29	22,215
416,50	20,153
416,71	19,646
416,93	26,750
417,14	15,995
417,35	22,859
417,57	17,749
417,78	20,710
417,99	19,735
418,21	18,571
418,42	19,853
418,63	18,846
418,85	-90,407
419,06	22,534
419,27	16,219
419,48	21,354
419,70	21,694
419,91	12,797
420,12	23,070
420,34	16,176
420,55	17,619
420,76	19,847
420,98	18,582
421,19	23,517
421,40	16,551
421,61	16,095
421,83	16,621
422,04	15,379
422,25	18,826
422,47	14,342
422,68	13,699
422,89	15,174
423,11	14,497
423,32	17,507
423,53	14,879
423,74	13,630
423,96	14,794
424,17	13,958
424,38	15,824
424,59	11,350
424,81	14,913
425,02	14,356
425,23	10,799
425,45	13,109
425,66	10,458
425,87	12,684
426,08	13,563
426,30	10,104
426,51	12,290
426,72	13,268
426,93	11,605
427,15	13,320
427,36	13,380
427,57	13,526
427,79	12,448
428,00	9,387
428,21	19,210
428,42	12,825
428,64	10,022
428,85	12,433
429,06	11,773
429,27	10,991
429,49	11,867
429,70	10,291
429,91	13,832
430,12	14,158
430,34	8,617
430,55	10,116
430,76	10,674
430,97	14,789
431,19	10,801
431,40	11,227
431,61	9,135
431,82	12,738
432,03	10,557
432,25	8,681
432,46	10,882
432,67	10,054
432,88	12,566
433,10	11,381
433,31	12,314
433,52	10,504
433,73	12,564
433,95	11,500
434,16	11,478
434,37	12,544
434,58	9,918
434,79	11,970
435,01	11,644
435,22	10,838
435,43	12,151
435,64	10,826
435,86	10,653
436,07	10,421
436,28	9,237
436,49	12,516
436,70	10,630
436,92	11,091
437,13	10,507
437,34	10,318
437,55	11,462
437,76	12,294
437,98	11,199
438,19	12,599
438,40	11,617
438,61	10,417
438,82	11,585
439,04	10,592
439,25	10,437
439,46	10,768
439,67	9,952
439,88	8,708
440,10	8,843
440,31	9,372
440,52	10,351
440,73	11,349
440,94	10,629
441,16	10,069
441,37	10,557
441,58	9,542
441,79	9,958
442,00	8,760
442,21	11,578
442,43	11,805
442,64	11,189
442,85	11,448
443,06	10,962
443,27	10,105
443,48	10,470
443,70	9,651
443,91	11,358
444,12	10,188
444,33	11,304
444,54	8,964
444,75	9,806
444,97	9,646
445,18	8,746
445,39	10,326
445,60	10,923
445,81	9,691
446,02	10,049
446,24	10,613
446,45	11,226
446,66	10,515
446,87	9,829
447,08	10,895
447,29	10,555
447,51	9,845
447,72	10,363
447,93	9,167
448,14	11,304
448,35	10,049
448,56	10,400
448,77	11,099
448,99	10,613
449,20	9,073
449,41	9,666
449,62	8,379
449,83	10,531
450,04	10,371
450,25	11,504
450,46	11,423
450,68	9,650
450,89	11,240
451,10	10,868
451,31	10,140
451,52	10,054
451,73	10,950
451,94	10,664
452,15	10,334
452,37	11,120
452,58	10,503
452,79	10,243
453,00	10,151
453,21	11,258
453,42	10,492
453,63	9,308
453,84	9,764
454,06	10,242
454,27	10,334
454,48	10,087
454,69	11,770
454,90	10,806
455,11	10,380
455,32	11,819
455,53	11,074
455,74	9,836
455,95	10,777
456,17	9,990
456,38	11,515
456,59	11,231
456,80	10,659
457,01	9,274
457,22	10,851
457,43	10,168
457,64	10,610
457,85	11,415
458,06	10,801
458,27	10,009
458,49	11,500
458,70	9,764
458,91	11,216
459,12	10,909
459,33	11,329
459,54	9,382
459,75	9,773
459,96	9,708
460,17	10,260
460,38	10,894
460,59	12,005
460,80	9,869
461,01	10,191
461,23	10,229
461,44	9,889
461,65	10,971
461,86	11,157
462,07	10,788
462,28	10,338
462,49	10,114
462,70	10,147
462,91	9,773
463,12	9,619
463,33	9,789
463,54	10,840
463,75	10,926
463,96	11,312
464,17	11,209
464,38	10,567
464,59	10,594
464,81	11,712
465,02	11,448
465,23	10,712
465,44	11,293
465,65	10,699
465,86	11,716
466,07	9,850
466,28	10,420
466,49	10,514
466,70	11,342
466,91	10,798
467,12	10,375
467,33	10,931
467,54	10,674
467,75	11,487
467,96	11,423
468,17	10,724
468,38	11,087
468,59	10,369
468,80	11,033
469,01	11,203
469,22	11,453
469,43	10,763
469,64	10,685
469,85	10,744
470,06	10,318
470,27	10,804
470,48	11,709
470,69	11,629
470,90	11,056
471,11	11,035
471,32	11,196
471,53	10,911
471,74	10,524
471,95	10,274
472,16	11,320
472,37	10,388
472,58	10,876
472,79	10,772
473,00	9,934
473,21	11,020
473,42	10,518
473,63	10,690
473,84	10,859
474,05	11,099
474,26	10,963
474,47	10,202
474,68	10,782
474,89	11,711
475,10	11,507
475,31	10,901
475,52	10,221
475,73	10,862
475,94	10,701
476,15	10,377
476,36	10,484
476,57	11,449
476,78	10,861
476,99	10,727
477,20	9,919
477,41	10,826
477,62	11,247
477,83	10,055
478,04	10,604
478,25	10,795
478,46	11,453
478,67	11,005
478,88	11,493
479,09	10,891
479,30	11,073
479,51	10,864
479,72	10,898
479,93	10,774
480,14	10,180
480,35	10,695
480,56	10,768
480,77	10,492
480,98	11,310
481,18	10,879
481,39	9,697
481,60	11,090
481,81	11,433
482,02	10,705
482,23	11,288
482,44	11,133
482,65	10,487
482,86	11,157
483,07	10,706
483,28	10,822
483,49	11,224
483,70	10,911
483,91	10,448
484,12	11,468
484,33	11,067
484,53	10,936
484,74	11,066
484,95	10,515
485,16	10,940
485,37	10,927
485,58	11,115
485,79	11,061
486,00	11,175
486,21	11,120
486,42	10,942
486,63	11,084
486,84	11,663
487,05	10,615
487,25	11,060
487,46	10,811
487,67	10,664
487,88	10,625
488,09	10,844
488,30	10,892
488,51	12,062
488,72	10,922
488,93	11,469
489,14	10,944
489,35	11,202
489,55	11,008
489,76	10,982
489,97	10,951
490,18	11,220
490,39	10,501
490,60	11,046
490,81	10,942
491,02	11,287
491,23	10,859
491,43	10,765
491,64	11,044
491,85	11,205
492,06	11,714
492,27	11,146
492,48	11,064
492,69	11,203
492,90	11,276
493,11	11,505
493,31	11,233
493,52	10,696
493,73	11,424
493,94	11,244
494,15	10,678
494,36	10,770
494,57	11,635
494,78	10,570
494,98	11,083
495,19	10,811
495,40	11,455
495,61	10,774
495,82	10,967
496,03	11,304
496,24	11,174
496,44	11,449
496,65	11,733
496,86	11,040
497,07	11,147
497,28	11,069
497,49	11,129
497,70	11,639
497,90	11,049
498,11	11,028
498,32	11,118
498,53	11,238
498,74	11,156
498,95	10,842
499,15	11,105
499,36	11,647
499,57	10,939
499,78	11,190
499,99	11,217
500,20	11,274
500,40	11,101
500,61	11,253
500,82	11,181
501,03	11,266
501,24	11,197
501,45	11,144
501,65	11,090
501,86	11,144
502,07	11,084
502,28	11,054
502,49	11,327
502,70	11,104
502,90	11,029
503,11	11,308
503,32	11,670
503,53	11,557
503,74	11,346
503,94	11,142
504,15	11,402
504,36	11,438
504,57	11,052
504,78	11,606
504,98	11,516
505,19	11,211
505,40	11,555
505,61	11,360
505,82	11,525
506,02	11,024
506,23	11,329
506,44	11,701
506,65	10,725
506,86	11,864
507,06	11,249
507,27	11,454
507,48	11,513
507,69	11,536
507,90	11,382
508,10	11,305
508,31	11,650
508,52	11,511
508,73	11,617
508,94	11,581
509,14	11,492
509,35	11,318
509,56	11,853
509,77	11,549
509,97	11,651
510,18	11,682
510,39	11,573
510,60	11,861
510,80	11,681
511,01	11,866
511,22	11,331
511,43	11,739
511,64	11,693
511,84	11,678
512,05	11,539
512,26	11,642
512,47	11,964
512,67	11,987
512,88	12,144
513,09	11,849
513,30	11,802
513,50	12,003
513,71	12,035
513,92	12,186
514,13	12,017
514,33	12,018
514,54	12,060
514,75	11,710
514,96	11,950
515,16	11,994
515,37	11,935
515,58	12,470
515,78	12,459
515,99	12,120
516,20	12,347
516,41	12,317
516,61	12,586
516,82	12,383
517,03	12,241
517,24	12,296
517,44	12,638
517,65	12,541
517,86	12,599
518,07	12,622
518,27	12,995
518,48	12,764
518,69	12,356
518,89	12,658
519,10	12,780
519,31	12,598
519,52	12,771
519,72	13,128
519,93	12,760
520,14	13,364
520,34	13,018
520,55	13,154
520,76	13,280
520,96	13,098
521,17	13,241
521,38	13,332
521,59	13,191
521,79	13,449
522,00	13,180
522,21	13,462
522,41	13,300
522,62	13,431
522,83	13,668
523,03	13,841
523,24	14,095
523,45	14,005
523,66	14,063
523,86	13,974
524,07	14,058
524,28	14,181
524,48	14,168
524,69	14,117
524,90	14,247
525,10	14,482
525,31	14,240
525,52	14,506
525,72	14,762
525,93	14,629
526,14	14,953
526,34	14,887
526,55	14,572
526,76	14,964
526,96	14,770
527,17	14,949
527,38	14,916
527,58	15,160
527,79	15,151
528,00	15,529
528,20	15,475
528,41	15,200
528,62	15,738
528,82	15,681
529,03	15,999
529,24	15,594
529,44	15,588
529,65	15,969
529,85	16,116
530,06	16,012
530,27	15,780
530,47	16,225
530,68	16,040
530,89	16,210
531,09	16,307
531,30	16,449
531,51	16,707
531,71	16,562
531,92	16,457
532,13	16,496
532,33	16,592
532,54	16,822
532,74	16,923
532,95	16,777
533,16	16,485
533,36	16,876
533,57	16,770
533,78	16,899
533,98	16,695
534,19	16,987
534,39	16,995
534,60	16,563
534,81	17,130
535,01	17,292
535,22	17,302
535,42	17,115
535,63	17,294
535,84	17,651
536,04	17,461
536,25	17,603
536,45	17,756
536,66	17,909
536,87	17,629
537,07	17,521
537,28	17,794
537,48	17,491
537,69	17,959
537,90	17,393
538,10	17,728
538,31	17,704
538,51	17,758
538,72	17,743
538,93	17,538
539,13	18,183
539,34	18,011
539,54	18,005
539,75	17,957
539,96	18,082
540,16	18,028
540,37	18,107
540,57	17,985
540,78	18,231
540,98	18,031
541,19	17,858
541,40	18,054
541,60	18,272
541,81	18,305
542,01	18,387
542,22	18,443
542,42	18,255
542,63	18,283
542,83	18,521
543,04	18,485
543,25	18,355
543,45	18,222
543,66	18,217
543,86	18,940
544,07	18,738
544,27	18,650
544,48	18,559
544,68	18,243
544,89	18,647
545,10	18,540
545,30	18,434
545,51	18,666
545,71	18,423
545,92	18,538
546,12	18,422
546,33	18,575
546,53	18,663
546,74	18,593
546,94	18,718
547,15	18,836
547,36	18,475
547,56	18,527
547,77	18,519
547,97	18,883
548,18	18,937
548,38	18,586
548,59	18,900
548,79	18,525
549,00	18,949
549,20	19,164
549,41	18,676
549,61	18,801
549,82	18,609
550,02	18,408
550,23	19,082
550,43	18,846
550,64	18,933
550,84	18,671
551,05	18,714
551,25	18,786
551,46	18,915
551,66	18,829
551,87	19,072
552,07	19,090
552,28	18,627
552,48	18,817
552,69	19,108
552,89	18,723
553,10	19,309
553,30	19,143
553,51	18,741
553,71	19,148
553,92	19,055
554,12	18,837
554,33	19,055
554,53	19,242
554,74	18,883
554,94	19,016
555,15	18,931
555,35	18,948
555,56	19,013
555,76	18,724
555,97	18,994
556,17	19,013
556,38	19,201
556,58	18,901
556,78	19,231
556,99	18,771
557,19	18,917
557,40	18,945
557,60	19,022
557,81	19,124
558,01	19,403
558,22	19,100
558,42	19,004
558,63	19,148
558,83	19,164
559,04	18,883
559,24	18,866
559,44	19,027
559,65	18,690
559,85	19,225
560,06	18,824
560,26	18,942
560,47	18,876
560,67	15,759
560,88	19,034
561,08	18,818
561,28	18,697
561,49	18,783
561,69	18,859
561,90	18,904
562,10	18,800
562,31	18,907
562,51	18,849
562,71	18,812
562,92	18,859
563,12	18,622
563,33	18,606
563,53	18,736
563,74	18,618
563,94	18,599
564,14	18,506
564,35	18,724
564,55	18,641
564,76	18,532
564,96	18,554
565,17	18,477
565,37	18,215
565,57	18,354
565,78	18,382
565,98	18,319
566,19	18,399
566,39	18,054
566,59	18,224
566,80	18,145
567,00	17,990
567,21	17,956
567,41	18,225
567,61	17,848
567,82	17,745
568,02	18,022
568,23	18,032
568,43	17,693
568,63	17,985
568,84	17,712
569,04	17,631
569,24	17,807
569,45	17,834
569,65	17,482
569,86	17,748
570,06	17,618
570,26	17,486
570,47	17,395
570,67	17,300
570,87	17,538
571,08	17,021
571,28	17,091
571,49	17,301
571,69	17,085
571,89	16,996
572,10	17,193
572,30	17,064
572,50	17,027
572,71	16,861
572,91	16,803
573,11	16,807
573,32	16,885
573,52	16,559
573,73	16,923
573,93	16,715
574,13	16,822
574,34	16,645
574,54	16,583
574,74	16,563
574,95	16,435
575,15	16,342
575,35	16,262
575,56	16,650
575,76	16,186
575,96	16,290
576,17	16,193
576,37	16,400
576,57	16,160
576,78	15,951
576,98	15,977
577,18	16,107
577,39	15,831
577,59	16,018
577,79	15,954
578,00	15,767
578,20	15,770
578,40	15,831
578,61	15,688
578,81	15,694
579,01	15,553
579,22	15,391
579,42	15,536
579,62	15,523
579,82	15,401
580,03	15,481
580,23	15,427
580,43	15,272
580,64	15,166
580,84	15,255
581,04	15,235
581,25	15,404
581,45	15,272
581,65	15,113
581,86	15,006
582,06	15,051
582,26	15,307
582,46	15,676
582,67	14,924
582,87	15,016
583,07	14,919
583,28	14,970
583,48	15,031
583,68	15,194
583,88	14,788
584,09	14,854
584,29	14,727
584,49	14,986
584,70	14,832
584,90	14,729
585,10	14,591
585,30	14,434
585,51	14,587
585,71	14,766
585,91	14,562
586,11	14,699
586,32	14,527
586,52	14,544
586,72	14,500
586,92	14,475
587,13	14,441
587,33	14,512
587,53	14,327
587,74	14,583
587,94	14,437
588,14	14,319
588,34	13,999
588,55	14,355
588,75	14,418
588,95	14,400
589,15	14,410
589,36	14,163
589,56	14,150
589,76	14,477
589,96	14,052
590,16	14,227
590,37	14,160
590,57	14,392
590,77	14,346
590,97	14,380
591,18	14,351
591,38	14,041
591,58	15,813
591,78	14,063
591,99	13,926
592,19	14,129
592,39	14,069
592,59	14,079
592,79	14,071
593,00	13,865
593,20	14,036
593,40	13,878
593,60	13,964
593,81	13,899
594,01	13,729
594,21	13,892
594,41	14,089
594,61	13,828
594,82	13,876
595,02	14,047
595,22	13,794
595,42	13,789
595,62	13,812
595,83	14,155
596,03	13,874
596,23	13,899
596,43	13,843
596,63	14,018
596,84	13,868
597,04	13,775
597,24	13,687
597,44	13,538
597,64	13,729
597,84	13,703
598,05	13,769
598,25	13,538
598,45	13,489
598,65	13,622
598,85	13,759
599,06	13,884
599,26	13,800
599,46	13,659
599,66	13,658
599,86	13,567
600,06	13,775
600,27	13,661
600,47	13,446
600,67	13,682
600,87	13,723
601,07	13,585
601,27	13,770
601,48	13,788
601,68	13,637
601,88	13,725
602,08	13,749
602,28	13,662
602,48	13,623
602,68	13,524
602,89	13,524
603,09	13,673
603,29	13,675
603,49	13,656
603,69	13,468
603,89	13,635
604,09	13,626
604,30	13,583
604,50	13,681
604,70	13,362
604,90	13,546
605,10	13,520
605,30	13,524
605,50	13,336
605,71	13,566
605,91	13,429
606,11	13,510
606,31	13,393
606,51	13,645
606,71	13,532
606,91	13,296
607,11	13,509
607,32	13,319
607,52	13,609
607,72	13,562
607,92	13,509
608,12	13,556
608,32	13,334
608,52	13,505
608,72	13,493
608,92	13,655
609,12	13,385
609,33	13,352
609,53	13,467
609,73	13,305
609,93	13,300
610,13	13,350
610,33	13,227
610,53	13,323
610,73	13,345
610,93	13,412
611,13	13,127
611,34	13,439
611,54	13,386
611,74	13,183
611,94	13,104
612,14	13,151
612,34	13,256
612,54	13,185
612,74	13,127
612,94	12,944
613,14	13,291
613,34	13,175
613,54	13,160
613,74	13,034
613,95	13,004
614,15	12,988
614,35	13,162
614,55	13,081
614,75	13,162
614,95	12,999
615,15	13,140
615,35	12,862
615,55	13,138
615,75	12,990
615,95	13,156
616,15	13,025
616,35	13,026
616,55	12,934
616,75	13,105
616,95	13,059
617,15	12,943
617,35	12,991
617,56	12,939
617,76	12,814
617,96	12,822
618,16	12,840
618,36	12,692
618,56	12,842
618,76	12,916
618,96	12,879
619,16	12,832
619,36	12,637
619,56	12,781
619,76	12,827
619,96	12,761
620,16	12,883
620,36	12,504
620,56	12,667
620,76	12,811
620,96	12,834
621,16	12,741
621,36	12,624
621,56	12,791
621,76	12,793
621,96	12,594
622,16	12,586
622,36	12,653
622,56	12,576
622,76	12,727
622,96	12,691
623,16	12,604
623,36	12,494
623,56	12,600
623,76	12,509
623,96	12,851
624,16	12,651
624,36	12,750
624,56	12,350
624,76	12,838
624,96	12,599
625,16	12,595
625,36	12,391
625,56	12,614
625,76	12,569
625,96	12,497
626,16	12,435
626,36	12,569
626,56	12,654
626,76	12,450
626,96	12,640
627,16	12,568
627,36	12,510
627,56	12,449
627,76	12,535
627,96	12,610
628,16	12,545
628,36	12,582
628,56	12,513
628,75	12,668
628,95	12,420
629,15	12,431
629,35	12,633
629,55	12,335
629,75	12,433
629,95	12,562
630,15	12,426
630,35	12,370
630,55	12,431
630,75	12,460
630,95	12,340
631,15	12,613
631,35	12,336
631,55	12,430
631,75	12,408
631,95	12,442
632,15	12,695
632,34	12,391
632,54	12,294
632,74	12,496
632,94	12,521
633,14	12,398
633,34	12,434
633,54	12,592
633,74	12,447
633,94	12,428
634,14	12,393
634,34	12,567
634,54	12,453
634,74	12,403
634,93	12,528
635,13	12,414
635,33	12,561
635,53	12,483
635,73	12,305
635,93	12,138
636,13	12,369
636,33	12,132
636,53	12,355
636,73	12,225
636,93	12,252
637,12	12,240
637,32	12,247
637,52	12,415
637,72	12,298
637,92	12,246
638,12	12,236
638,32	12,261
638,52	12,114
638,72	12,259
638,91	12,248
639,11	12,303
639,31	12,385
639,51	12,094
639,71	12,447
639,91	12,235
640,11	12,089
640,31	12,041
640,50	12,082
640,70	12,181
640,90	11,932
641,10	11,988
641,30	12,166
641,50	11,923
641,70	12,141
641,89	12,117
642,09	12,051
642,29	12,096
642,49	11,950
642,69	12,003
642,89	12,146
643,09	11,997
643,28	11,868
643,48	11,980
643,68	11,911
643,88	11,881
644,08	11,957
644,28	12,149
644,48	11,894
644,67	11,913
644,87	11,839
645,07	11,928
645,27	11,811
645,47	11,894
645,67	11,969
645,86	11,832
646,06	11,806
646,26	11,676
646,46	11,959
646,66	11,933
646,85	11,853
647,05	11,922
647,25	11,747
647,45	11,817
647,65	11,655
647,85	11,705
648,04	11,882
648,24	11,638
648,44	11,709
648,64	11,686
648,84	11,853
649,03	11,616
649,23	11,447
649,43	11,781
649,63	11,663
649,83	11,621
650,02	11,493
650,22	11,671
650,42	11,523
650,62	11,605
650,82	11,731
651,01	11,716
651,21	11,645
651,41	11,590
651,61	11,475
651,81	11,475
652,00	11,666
652,20	11,664
652,40	11,503
652,60	11,602
652,79	11,633
652,99	11,524
653,19	11,519
653,39	11,505
653,59	11,657
653,78	11,512
653,98	11,666
654,18	11,679
654,38	11,487
654,57	11,568
654,77	11,549
654,97	11,629
655,17	11,640
655,36	11,567
655,56	11,313
655,76	11,253
655,96	11,595
656,15	11,426
656,35	11,331
656,55	11,422
656,75	11,420
656,94	11,312
657,14	11,327
657,34	11,552
657,54	11,444
657,73	11,487
657,93	11,427
658,13	11,412
658,33	11,544
658,52	11,502
658,72	12,450
658,92	11,653
659,11	11,500
659,31	11,477
659,51	11,510
659,71	11,413
659,90	11,450
660,10	11,386
660,30	11,481
660,50	11,448
660,69	11,449
660,89	11,528
661,09	11,510
661,28	11,515
661,48	11,525
661,68	11,327
661,87	11,315
662,07	11,526
662,27	11,409
662,47	11,473
662,66	11,454
662,86	11,611
663,06	11,358
663,25	11,425
663,45	11,411
663,65	11,487
663,84	11,258
664,04	11,322
664,24	11,152
664,44	11,461
664,63	11,273
664,83	11,374
665,03	11,401
665,22	11,472
665,42	11,277
665,62	11,338
665,81	11,295
666,01	11,419
666,21	11,385
666,40	11,310
666,60	11,143
666,80	11,368
666,99	11,293
667,19	11,308
667,39	11,257
667,58	11,434
667,78	11,351
667,98	11,477
668,17	11,333
668,37	11,397
668,57	11,305
668,76	11,166
668,96	11,291
669,16	11,260
669,35	11,447
669,55	11,345
669,74	11,349
669,94	11,366
670,14	11,202
670,33	11,367
670,53	11,248
670,73	11,277
670,92	11,455
671,12	11,298
671,32	11,259
671,51	11,250
671,71	11,271
671,90	11,197
672,10	11,346
672,30	11,388
672,49	11,351
672,69	11,448
672,89	11,408
673,08	11,059
673,28	11,330
673,47	11,468
673,67	11,273
673,87	11,454
674,06	11,326
674,26	11,265
674,45	11,475
674,65	11,244
674,85	11,234
675,04	11,367
675,24	11,406
675,43	11,518
675,63	11,453
675,83	11,484
676,02	11,413
676,22	11,315
676,41	11,426
676,61	11,294
676,81	11,383
677,00	11,527
677,20	11,306
677,39	11,607
677,59	11,518
677,79	11,454
677,98	11,516
678,18	11,501
678,37	11,497
678,57	11,510
678,76	11,358
678,96	11,558
679,16	11,525
679,35	11,470
679,55	11,420
679,74	11,367
679,94	11,777
680,13	11,516
680,33	11,485
680,53	11,410
680,72	11,525
680,92	11,502
681,11	11,639
681,31	11,512
681,50	11,449
681,70	11,630
681,89	11,644
682,09	11,533
682,28	11,624
682,48	11,592
682,68	11,711
682,87	11,592
683,07	11,772
683,26	11,614
683,46	11,673
683,65	11,698
683,85	11,572
684,04	11,667
684,24	11,570
684,43	11,754
684,63	11,545
684,82	11,694
685,02	11,437
685,21	11,633
685,41	11,755
685,60	11,589
685,80	11,659
686,00	11,736
686,19	11,688
686,39	11,704
686,58	11,671
686,78	11,740
686,97	11,648
687,17	11,697
687,36	11,728
687,56	11,708
687,75	11,699
687,95	11,935
688,14	11,691
688,34	11,790
688,53	12,020
688,73	11,671
688,92	12,017
689,12	11,602
689,31	11,987
689,51	11,915
689,70	11,962
689,89	12,077
690,09	11,673
690,28	11,841
690,48	12,081
690,67	11,978
690,87	12,012
691,06	11,856
691,26	11,929
691,45	12,164
691,65	12,069
691,84	12,071
692,04	12,320
692,23	12,240
692,43	12,058
692,62	12,169
692,82	12,341
693,01	12,325
693,20	12,529
693,40	12,528
693,59	12,397
693,79	12,479
693,98	12,451
694,18	12,750
694,37	12,563
694,57	12,682
694,76	12,733
694,95	12,974
695,15	12,859
695,34	13,152
695,54	12,999
695,73	13,140
695,93	13,258
696,12	13,360
696,32	13,290
696,51	13,478
696,70	13,715
696,90	13,816
697,09	13,747
697,29	13,755
697,48	14,093
697,67	14,120
697,87	14,241
698,06	14,366
698,26	14,520
698,45	14,834
698,65	14,916
698,84	14,952
699,03	14,978
699,23	15,312
699,42	15,452
699,62	15,583
699,81	15,751
700,00	15,817
700,20	16,031
700,39	16,383
700,59	16,639
700,78	16,553
700,97	16,749
701,17	16,920
701,36	17,310
701,56	17,352
701,75	17,651
701,94	17,856
702,14	18,041
702,33	18,221
702,52	18,430
702,72	18,569
702,91	18,885
703,11	18,873
703,30	19,108
703,49	19,373
703,69	19,768
703,88	19,939
704,07	20,011
704,27	20,260
704,46	20,743
704,66	20,890
704,85	21,243
705,04	21,146
705,24	21,481
705,43	21,791
705,62	21,744
705,82	22,161
706,01	22,426
706,20	22,761
706,40	22,783
706,59	22,944
706,78	23,261
706,98	23,527
707,17	23,648
707,36	23,982
707,56	24,177
707,75	24,680
707,94	24,862
708,14	25,073
708,33	25,276
708,52	25,212
708,72	25,193
708,91	25,872
709,10	26,307
709,30	26,319
709,49	26,537
709,68	26,577
709,88	27,098
710,07	27,384
710,26	27,668
710,46	27,764
710,65	28,022
710,84	28,268
711,04	28,241
711,23	28,742
711,42	28,919
711,61	29,307
711,81	29,619
712,00	29,533
712,19	30,135
712,39	30,236
712,58	30,334
712,77	30,806
712,97	30,812
713,16	31,045
713,35	31,293
713,54	31,463
713,74	31,681
713,93	31,816
714,12	31,980
714,32	32,506
714,51	32,948
714,70	33,167
714,89	33,073
715,09	33,726
715,28	33,863
715,47	33,734
715,66	34,404
715,86	34,568
716,05	34,662
716,24	34,874
716,44	35,148
716,63	35,602
716,82	35,834
717,01	35,965
717,21	36,147
717,40	36,225
717,59	36,494
717,78	36,699
717,98	37,019
718,17	37,314
718,36	37,486
718,55	37,491
718,75	37,945
718,94	37,831
719,13	38,576
719,32	38,395
719,52	39,061
719,71	39,308
719,90	39,350
720,09	39,582
720,28	40,001
720,48	40,259
720,67	40,215
720,86	40,447
721,05	41,043
721,25	41,247
721,44	41,274
721,63	41,605
721,82	41,744
722,01	42,049
722,21	42,392
722,40	42,356
722,59	42,698
722,78	42,969
722,98	43,288
723,17	43,254
723,36	43,702
723,55	43,750
723,74	44,064
723,94	44,107
724,13	44,389
724,32	44,866
724,51	45,440
724,70	45,433
724,89	45,468
725,09	45,768
725,28	45,773
725,47	46,030
725,66	46,531
725,85	46,548
726,05	46,730
726,24	47,059
726,43	47,389
726,62	47,742
726,81	47,660
727,00	48,111
727,20	48,125
727,39	48,444
727,58	48,638
727,77	48,896
727,96	48,650
728,15	49,539
728,35	49,281
728,54	49,594
728,73	50,235
728,92	50,272
729,11	50,420
729,30	50,486
729,50	50,736
729,69	50,889
729,88	51,422
730,07	51,421
730,26	51,505
730,45	51,571
730,64	52,250
730,84	52,167
731,03	52,382
731,22	52,685
731,41	53,133
731,60	52,743
731,79	52,872
731,98	53,501
732,18	53,842
732,37	53,581
732,56	53,568
732,75	54,019
732,94	54,363
733,13	53,776
733,32	54,598
733,51	54,633
733,71	54,981
733,90	55,290
734,09	55,361
734,28	55,404
734,47	55,329
734,66	55,582
734,85	55,876
735,04	55,962
735,23	56,751
735,42	56,305
735,62	56,627
735,81	56,800
736,00	57,165
736,19	57,274
736,38	57,340
736,57	57,850
736,76	57,536
736,95	57,729
737,14	57,608
737,33	58,128
737,52	57,914
737,72	58,635
737,91	58,744
738,10	58,756
738,29	58,837
738,48	58,284
738,67	59,184
738,86	59,266
739,05	59,563
739,24	59,664
739,43	59,721
739,62	59,641
739,81	60,091
740,00	60,037
740,19	60,009
740,39	59,974
740,58	60,657
740,77	59,955
740,96	60,825
741,15	60,837
741,34	60,686
741,53	60,824
741,72	60,998
741,91	60,833
742,10	61,244
742,29	61,253
742,48	61,762
742,67	61,632
742,86	61,697
743,05	61,850
743,24	62,035
743,43	61,912
743,62	62,078
743,81	62,408
744,00	62,439
744,19	61,894
744,38	62,662
744,57	62,560
744,76	62,982
744,95	62,786
745,14	63,190
745,33	62,859
745,52	62,853
745,71	62,974
745,90	63,458
746,09	63,025
746,28	63,438
746,47	63,479
746,66	63,623
746,85	63,258
747,04	63,704
747,23	63,758
747,42	63,969
747,61	63,784
747,80	64,512
747,99	64,086
748,18	64,075
748,37	64,152
748,56	64,205
748,75	64,582
748,94	64,008
749,13	64,664
749,32	64,605
749,51	64,464
749,70	64,609
749,89	64,698
750,08	64,530
750,27	64,924
750,46	64,718
750,65	64,911
750,84	65,266
751,03	65,153
751,22	65,177
751,41	64,710
751,60	65,230
751,79	65,141
751,98	65,107
752,17	65,792
752,36	65,254
752,55	65,847
752,74	65,621
752,93	66,101
753,12	65,738
753,30	65,953
753,49	65,629
753,68	65,465
753,87	65,563
754,06	65,496
754,25	65,912
754,44	65,492
754,63	66,071
754,82	65,995
755,01	65,565
755,20	65,701
755,39	65,666
755,58	65,885
755,77	66,008
755,96	65,887
756,14	66,663
756,33	66,667
756,52	66,247
756,71	66,141
756,90	66,013
757,09	66,376
757,28	65,799
757,47	66,783
757,66	66,887
757,85	66,362
758,04	66,344
758,22	66,501
758,41	66,560
758,60	67,164
758,79	66,514
758,98	66,482
759,17	66,699
759,36	66,478
759,55	66,936
759,74	66,673
759,92	66,564
760,11	66,527
760,30	67,001
760,49	66,805
760,68	66,867
760,87	66,984
761,06	66,718
761,25	66,581
761,43	67,301
761,62	66,659
761,81	67,039
762,00	66,843
762,19	67,139
762,38	67,118
762,57	67,234
762,76	66,980
762,94	67,217
763,13	67,517
763,32	66,843
763,51	67,013
763,70	67,523
763,89	67,197
764,07	66,825
764,26	67,135
764,45	66,943
764,64	67,227
764,83	67,482
765,02	67,115
765,21	67,259
765,39	67,594
765,58	66,963
765,77	67,010
765,96	67,122
766,15	67,266
766,34	67,229
766,52	67,049
766,71	67,759
766,90	66,894
767,09	67,973
767,28	67,021
767,46	67,071
767,65	67,212
767,84	67,299
768,03	67,477
768,22	67,418
768,40	66,976
768,59	67,224
768,78	67,700
768,97	67,583
769,16	67,523
769,34	67,855
769,53	67,250
769,72	67,192
769,91	67,623
770,10	66,957
770,28	67,307
770,47	67,397
770,66	67,048
770,85	67,450
771,04	67,567
771,22	67,267
771,41	67,570
771,60	67,528
771,79	67,556
771,98	67,668
772,16	67,530
772,35	67,877
772,54	67,149
772,73	67,450
772,91	67,827
773,10	66,927
773,29	67,736
773,48	67,641
773,66	67,356
773,85	67,620
774,04	67,471
774,23	67,758
774,41	67,468
774,60	67,174
774,79	67,496
774,98	67,473
775,16	67,270
775,35	67,204
775,54	67,100
775,73	67,002
775,91	67,438
776,10	67,554
776,29	67,134
776,48	67,347
776,66	66,982
776,85	67,335
777,04	67,257
777,23	67,177
777,41	67,045
777,60	67,559
777,79	67,325
777,97	67,573
778,16	67,658
778,35	67,987
778,54	67,256
778,72	66,884
778,91	67,336
779,10	67,610
779,28	67,608
779,47	67,140
779,66	67,370
779,85	67,105
780,03	67,470
780,22	67,518
780,41	68,080
780,59	67,879
780,78	67,480
780,97	67,704
781,15	67,688
781,34	66,982
781,53	67,344
781,71	67,959
781,90	67,193
782,09	67,409
782,27	67,167
782,46	67,358
782,65	67,810
782,84	67,791
783,02	67,396
783,21	68,021
783,40	67,501
783,58	68,041
783,77	67,127
783,96	67,626
784,14	68,169
784,33	67,571
784,52	67,531
784,70	67,530
784,89	67,577
785,07	67,780
785,26	67,980
785,45	67,698
785,63	67,852
785,82	67,704
786,01	68,134
786,19	68,051
786,38	67,807
786,57	67,756
786,75	67,493
786,94	67,534
787,13	67,346
787,31	67,345
787,50	67,320
787,68	68,093
787,87	68,052
788,06	67,781
788,24	67,391
788,43	67,546
788,62	67,604
788,80	67,543
788,99	67,533
789,17	67,258
789,36	67,498
789,55	67,765
789,73	67,884
789,92	67,981
790,10	67,203
790,29	67,745
790,48	67,447
790,66	67,564
790,85	68,039
791,03	68,101
791,22	67,992
791,41	68,009
791,59	67,722
791,78	67,948
791,96	68,106
792,15	68,240
792,34	67,370
792,52	67,504
792,71	68,085
792,89	67,513
793,08	67,959
793,27	67,859
793,45	67,998
793,64	68,015
793,82	67,384
794,01	67,655
794,19	68,473
794,38	68,011
794,57	67,531
794,75	67,944
794,94	67,508
795,12	67,575
795,31	68,179
795,49	67,635
795,68	68,118
795,86	67,993
796,05	67,616
796,24	67,967
796,42	67,916
796,61	67,312
796,79	68,030
796,98	68,000
797,16	68,178
797,35	68,131
797,53	67,807
797,72	67,957
797,90	67,682
798,09	67,691
798,27	68,112
798,46	68,177
798,65	67,935
798,83	68,165
799,02	67,828
799,20	67,573
799,39	67,829
799,57	67,996
799,76	68,107
799,94	67,684
800,13	68,224
800,31	67,810
800,50	67,742
800,68	67,668
800,87	67,935
801,05	67,832
801,24	67,836
801,42	68,157
801,61	68,254
801,79	67,809
801,98	67,650
802,16	68,102
802,35	67,707
802,53	68,247
802,72	67,714
802,90	68,110
803,09	67,864
803,27	68,043
803,46	67,443
803,64	67,862
803,83	68,001
804,01	67,724
804,20	68,178
804,38	68,019
804,56	67,534
804,75	67,877
804,93	67,254
805,12	67,771
805,30	67,668
805,49	67,541
805,67	67,987
805,86	67,918
806,04	67,908
806,23	67,847
806,41	67,871
806,59	68,036
806,78	67,690
806,96	68,017
807,15	67,875
807,33	67,450
807,52	67,693
807,70	67,651
807,89	67,490
808,07	68,038
808,25	67,961
808,44	67,790
808,62	68,108
808,81	68,113
808,99	67,609
809,18	67,903
809,36	67,717
809,54	68,401
809,73	68,136
809,91	67,599
810,10	68,163
810,28	67,970
810,47	67,794
810,65	67,858
810,83	67,855
811,02	67,758
811,20	67,792
811,39	67,963
811,57	67,623
811,75	67,328
811,94	67,553
812,12	68,005
812,31	67,209
812,49	67,824
812,67	67,690
812,86	68,336
813,04	68,087
813,23	67,924
813,41	68,308
813,59	68,011
813,78	67,880
813,96	67,616
814,14	67,354
814,33	68,408
814,51	67,889
814,70	68,424
814,88	68,394
815,06	67,822
815,25	67,740
815,43	68,336
815,61	68,287
815,80	67,464
815,98	68,383
816,16	68,111
816,35	68,038
816,53	67,719
816,72	67,825
816,90	67,642
817,08	67,848
817,27	67,260
817,45	68,111
817,63	67,581
817,82	68,095
818,00	67,784
818,18	67,636
818,37	67,656
818,55	67,497
818,73	67,890
818,92	68,067
819,10	67,519
819,28	67,674
819,47	68,402
819,65	67,890
819,83	67,998
820,02	67,524
820,20	67,343
820,38	68,242
820,57	67,822
820,75	67,900
820,93	68,039
821,11	67,894
821,30	67,865
821,48	67,910
821,66	67,799
821,85	67,683
822,03	68,022
822,21	67,738
822,40	67,749
822,58	67,859
822,76	68,138
822,94	68,195
823,13	67,169
823,31	67,746
823,49	67,681
823,68	67,799
823,86	67,533
824,04	68,283
824,22	67,832
824,41	68,160
824,59	67,719
824,77	68,392
824,96	68,006
825,14	67,861
825,32	67,924
825,50	68,175
825,69	67,897
825,87	68,282
826,05	68,138
826,23	67,495
826,42	68,150
826,60	67,748
826,78	68,260
826,96	67,641
827,15	68,011
827,33	67,916
827,51	67,332
827,69	67,843
827,88	68,050
828,06	67,980
828,24	68,193
828,42	67,528
828,61	67,916
828,79	68,024
828,97	67,923
829,15	68,176
829,34	67,842
829,52	67,702
829,70	67,669
829,88	67,982
830,06	67,156
830,25	67,714
830,43	67,653
830,61	68,183
830,79	68,198
830,97	67,918
831,16	67,962
831,34	68,065
831,52	68,263
831,70	67,996
831,89	67,921
832,07	68,109
832,25	67,222
832,43	67,662
832,61	67,396
832,80	68,034
832,98	67,857
833,16	68,103
833,34	68,095
833,52	67,681
833,70	67,936
833,89	67,487
834,07	67,502
834,25	67,850
834,43	68,352
834,61	68,360
834,80	68,107
834,98	68,210
835,16	67,785
835,34	67,655
835,52	67,837
835,70	67,943
835,89	68,054
836,07	68,489
836,25	67,984
836,43	67,773
836,61	68,359
836,79	68,047
836,97	67,634
837,16	67,600
837,34	68,003
837,52	68,191
837,70	67,944
837,88	67,735
838,06	67,856
838,24	68,307
838,43	67,712
838,61	67,907
838,79	67,812
838,97	68,262
839,15	68,341
839,33	68,297
839,51	68,109
839,70	67,605
839,88	67,867
840,06	67,968
840,24	67,927
840,42	67,757
840,60	67,250
840,78	68,176
840,96	67,580
841,14	67,899
841,33	68,002
841,51	67,909
841,69	67,621
841,87	68,094
842,05	67,759
842,23	67,693
842,41	68,101
842,59	67,878
842,77	67,694
842,95	68,164
843,14	68,033
843,32	68,029
843,50	67,769
843,68	67,692
843,86	67,692
844,04	67,932
844,22	67,814
844,40	68,012
844,58	68,459
844,76	67,475
844,94	67,968
845,12	68,206
845,30	68,170
845,49	68,037
845,67	67,159
845,85	67,970
846,03	67,408
846,21	67,980
846,39	67,835
846,57	67,617
846,75	67,593
846,93	67,678
847,11	67,564
847,29	67,649
847,47	68,358
847,65	68,433
847,83	67,377
848,01	68,098
848,19	67,934
848,37	67,877
848,55	67,898
848,73	68,195
848,91	68,113
849,09	67,739
849,27	68,373
849,46	68,019
849,64	68,354
849,82	68,155
850,00	67,970
850,18	68,069
850,36	67,888
850,54	68,099
850,72	67,576
850,90	67,758
851,08	67,618
851,26	67,429
851,44	67,884
851,62	68,141
851,80	68,087
851,98	67,112
852,16	68,304
852,34	67,244
852,52	67,886
852,70	68,675
852,88	67,537
853,06	67,549
853,24	67,882
853,42	68,055
853,60	67,858
853,78	67,512
853,96	67,395
854,14	67,924
854,31	68,056
854,49	67,937
854,67	68,110
854,85	67,889
855,03	67,834
855,21	68,135
855,39	68,010
855,57	68,247
855,75	67,872
855,93	67,957
856,11	67,983
856,29	67,948
856,47	67,568
856,65	67,649
856,83	68,013
857,01	68,317
857,19	68,102
857,37	67,510
857,55	67,510
857,73	68,103
857,91	67,771
858,09	67,805
858,26	67,503
858,44	67,612
858,62	67,803
858,80	68,531
858,98	68,179
859,16	67,877
859,34	67,894
859,52	68,009
859,70	68,206
859,88	67,454
860,06	68,118
860,24	67,742
860,42	68,421
860,59	67,841
860,77	67,744
860,95	67,839
861,13	67,947
861,31	68,156
861,49	68,007
861,67	68,042
861,85	68,173
862,03	67,334
862,21	67,480
862,38	67,238
862,56	68,241
862,74	68,100
862,92	67,634
863,10	67,967
863,28	67,794
863,46	67,756
863,64	67,705
863,82	67,571
863,99	67,914
864,17	67,971
864,35	67,909
864,53	67,810
864,71	68,571
864,89	68,043
865,07	67,597
865,24	67,547
865,42	68,408
865,60	68,306
865,78	67,744
865,96	67,753
866,14	68,186
866,32	67,676
866,49	68,116
866,67	67,721
866,85	68,342
867,03	67,760
867,21	67,750
867,39	68,386
867,56	67,464
867,74	68,057
867,92	67,848
868,10	67,894
868,28	67,882
868,46	67,865
868,63	67,963
868,81	68,445
868,99	67,848
869,17	67,760
869,35	67,805
869,53	68,062
869,70	67,692
869,88	68,745
870,06	67,798
870,24	67,688
870,42	67,751
870,59	67,967
870,77	67,625
870,95	68,837
871,13	67,907
871,31	68,560
871,48	67,947
871,66	67,883
871,84	68,637
872,02	67,993
872,20	68,379
872,37	68,215
872,55	68,073
872,73	67,717
872,91	67,792
873,08	67,935
873,26	67,694
873,44	67,620
873,62	68,349
873,80	67,936
873,97	68,658
874,15	68,238
874,33	68,829
874,51	67,923
874,68	68,122
874,86	67,243
875,04	68,112
875,22	68,295
875,39	68,202
875,57	68,116
875,75	68,400
875,93	67,912
876,10	68,280
876,28	67,755
876,46	68,543
876,64	68,066
876,81	68,095
876,99	68,130
877,17	67,516
877,35	68,434
877,52	68,564
877,70	68,252
877,88	68,612
878,06	67,640
878,23	67,726
878,41	68,290
878,59	67,950
878,76	68,027
878,94	67,628
879,12	68,031
879,30	68,443
879,47	67,757
879,65	68,025
879,83	67,995
880,00	68,679
880,18	67,824
880,36	68,575
880,53	68,501
880,71	68,602
880,89	67,259
881,07	68,269
881,24	68,105
881,42	68,108
881,60	68,406
881,77	68,495
881,95	67,816
882,13	67,937
882,30	68,006
882,48	68,405
882,66	68,040
882,83	67,488
883,01	68,240
883,19	67,957
883,36	68,445
883,54	68,361
883,72	67,532
883,89	68,361
884,07	67,678
884,25	68,375
884,42	68,168
884,60	67,103
884,78	68,388
884,95	67,819
885,13	68,064
885,31	68,311
885,48	67,595
885,66	68,064
885,84	67,917
886,01	68,621
886,19	67,526
886,36	68,537
886,54	67,421
886,72	68,527
886,89	67,859
887,07	68,525
887,25	68,098
887,42	68,322
887,60	67,662
887,78	67,731
887,95	68,598
888,13	67,653
888,30	67,429
888,48	67,613
888,66	68,462
888,83	66,958
889,01	67,868
889,18	67,982
889,36	68,017
889,54	67,808
889,71	67,989
889,89	67,306
890,06	67,849
890,24	68,006
890,42	68,030
890,59	67,500
890,77	68,398
890,94	68,285
891,12	68,039
891,30	67,987
891,47	67,815
891,65	67,927
891,82	68,057
892,00	67,769
892,17	68,382
892,35	68,453
892,53	67,460
892,70	68,102
892,88	68,029
893,05	68,346
893,23	67,477
893,40	67,666
893,58	68,441
893,75	67,780
893,93	68,127
894,11	68,008
894,28	67,621
894,46	68,144
894,63	68,326
894,81	67,860
894,98	67,226
895,16	68,249
895,33	68,153
895,51	67,749
895,68	67,709
895,86	67,823
896,04	67,539
896,21	67,727
896,39	67,821
896,56	68,049
896,74	67,366
896,91	69,250
897,09	68,273
897,26	68,575
897,44	67,472
897,61	68,004
897,79	68,526
897,96	67,716
898,14	67,123
898,31	68,252
898,49	67,934
898,66	67,807
898,84	67,362
899,01	68,132
899,19	67,873
899,36	67,995
899,54	67,576
899,71	67,329
899,89	67,956
900,06	67,652
900,24	68,272
900,41	66,843
900,59	67,454
900,76	67,661
900,94	68,348
901,11	66,950
901,29	67,706
901,46	68,259
901,63	67,400
901,81	67,854
901,98	68,096
902,16	68,337
902,33	68,374
902,51	67,573
902,68	68,670
902,86	67,750
903,03	67,889
903,21	68,142
903,38	68,321
903,56	67,978
903,73	67,627
903,90	67,680
904,08	67,345
904,25	67,848
904,43	67,465
904,60	68,152
904,78	67,722
904,95	68,496
905,12	67,955
905,30	67,665
905,47	68,047
905,65	67,609
905,82	67,895
906,00	66,754
906,17	68,446
906,34	68,631
906,52	68,161
906,69	68,082
906,87	68,589
907,04	68,445
907,21	67,856
907,39	68,145
907,56	67,433
907,74	67,368
907,91	68,607
908,08	68,578
908,26	68,287
908,43	68,333
908,61	67,455
908,78	68,677
908,95	67,780
909,13	68,117
909,30	68,510
909,48	68,202
909,65	68,870
909,82	67,642
910,00	67,973
910,17	68,285
910,34	68,157
910,52	67,369
910,69	68,146
910,87	67,837
911,04	67,263
911,21	68,434
911,39	68,279
911,56	68,025
911,73	68,006
911,91	67,979
912,08	69,005
912,25	67,935
912,43	67,747
912,60	67,493
912,77	68,048
912,95	68,052
913,12	67,660
913,29	67,850
913,47	68,127
913,64	67,202
913,81	67,829
913,99	67,358
914,16	67,956
914,33	68,388
914,51	67,777
914,68	68,153
914,85	68,260
915,03	67,990
915,20	67,188
915,37	68,606
915,55	67,583
915,72	68,140
915,89	68,557
916,07	67,687
916,24	67,839
916,41	68,135
916,59	68,085
916,76	68,022
916,93	68,453
917,10	67,421
917,28	68,111
917,45	68,993
917,62	68,022
917,80	68,310
917,97	67,873
918,14	68,375
918,31	68,082
918,49	68,464
918,66	68,618
918,83	68,393
919,01	68,603
919,18	68,573
919,35	68,704
919,52	68,305
919,70	67,921
919,87	68,081
920,04	68,896
920,21	67,762
920,39	67,234
920,56	67,659
920,73	68,399
920,90	68,301
921,08	67,203
921,25	67,808
921,42	68,826
921,59	68,156
921,77	67,415
921,94	67,488
922,11	67,510
922,28	68,273
922,46	68,057
922,63	68,363
922,80	67,703
922,97	68,911
923,15	67,675
923,32	67,608
923,49	68,215
923,66	68,382
923,83	67,792
924,01	67,295
924,18	67,991
924,35	69,229
924,52	68,069
924,69	67,078
924,87	68,148
925,04	68,085
925,21	67,070
925,38	69,049
925,55	68,096
925,73	68,538
925,90	68,349
926,07	68,093
926,24	67,747
926,41	68,504
926,59	67,748
926,76	68,289
926,93	68,012
927,10	68,803
927,27	67,725
927,45	67,392
927,62	68,187
927,79	67,327
927,96	68,794
928,13	67,046
928,30	66,793
928,48	68,261
928,65	68,927
928,82	68,103
928,99	68,916
929,16	68,155
929,33	67,709
929,50	68,527
929,68	67,830
929,85	68,283
930,02	68,309
930,19	67,677
930,36	67,408
930,53	68,357
930,70	68,401
930,88	67,294
931,05	68,105
931,22	67,851
931,39	68,567
931,56	68,553
931,73	67,167
931,90	66,783
932,08	68,224
932,25	68,625
932,42	68,447
932,59	68,953
932,76	68,340
932,93	67,343
933,10	67,753
933,27	67,395
933,44	66,763
933,62	67,889
933,79	67,087
933,96	68,744
934,13	68,348
934,30	68,429
934,47	67,907
934,64	66,505
934,81	68,886
934,98	67,914
935,15	68,661
935,32	68,360
935,50	67,532
935,67	68,323
935,84	67,885
936,01	68,503
936,18	67,917
936,35	67,075
936,52	66,944
936,69	69,209
936,86	69,749
937,03	68,971
937,20	68,236
937,37	66,390
937,54	67,365
937,71	68,162
937,89	68,079
938,06	68,601
938,23	68,099
938,40	67,100
938,57	68,387
938,74	68,869
938,91	68,681
939,08	67,243
939,25	68,399
939,42	68,153
939,59	69,183
939,76	68,265
939,93	70,613
940,10	68,830
940,27	69,795
940,44	69,665
940,61	70,193
940,78	68,137
940,95	68,924
941,12	68,236
941,29	69,198
941,46	66,250
941,63	67,871
941,80	67,503
941,97	65,744
942,14	69,347
942,31	68,309
942,48	66,246
942,65	68,310
942,82	69,336
942,99	66,046
943,16	66,425
943,33	67,332
943,50	67,304
943,67	68,133
943,84	69,984
944,01	67,666
944,18	67,044
944,35	67,885
944,52	67,755
944,69	69,809
944,86	66,203
945,03	67,285
945,20	67,271
945,37	66,451
945,54	68,346
945,71	67,318
945,88	68,123
946,05	67,477
946,22	68,067
946,39	67,741
946,56	68,266
946,73	69,740
946,90	69,277
947,07	67,194
947,23	67,479
947,40	69,103
947,57	65,475
947,74	66,001
947,91	67,994
948,08	64,861
948,25	64,723
948,42	68,626
948,59	68,500
948,76	67,448
948,93	70,065
949,10	68,971
949,27	67,176
949,44	67,360
949,60	64,770
949,77	67,484
949,94	67,658
950,11	70,979
950,28	67,231
950,45	67,254
950,62	68,700
950,79	66,614
950,96	68,693
951,13	68,726
951,30	71,144
951,46	67,275
951,63	67,206
951,80	67,812
951,97	67,715
952,14	68,503
952,31	68,128
952,48	67,603
952,65	67,785
952,81	69,251
952,98	68,276
953,15	67,314
953,32	65,724
953,49	68,573
953,66	69,550
953,83	65,890
954,00	68,924
954,16	68,480
954,33	68,282
954,50	68,108
954,67	66,788
954,84	65,976
955,01	67,388
955,18	67,767
955,34	66,869
955,51	68,411
955,68	68,748
955,85	67,293
956,02	65,965
956,19	68,677
956,35	67,265
956,52	67,966
956,69	66,772
956,86	67,928
957,03	69,433
957,20	63,861
957,36	68,430
957,53	68,390
957,70	67,726
957,87	67,378
958,04	67,249
958,21	66,855
958,37	67,511
958,54	67,057
958,71	69,012
958,88	66,789
959,05	67,607
959,21	67,253
959,38	67,373
959,55	67,685
959,72	68,402
959,89	67,701
960,05	68,519
960,22	69,726
960,39	66,732
960,56	68,047
960,72	67,455
960,89	66,986
961,06	68,056
961,23	69,020
961,40	67,391
961,56	66,798
961,73	68,173
961,90	67,506
962,07	67,091
962,23	67,114
962,40	66,694
962,57	66,185
962,74	68,083
962,90	65,728
963,07	66,981
963,24	68,507
963,41	68,434
963,57	67,606
963,74	68,796
963,91	67,339
964,08	66,241
964,24	68,591
964,41	67,681
964,58	66,674
964,75	66,146
964,91	67,763
965,08	68,907
965,25	68,942
965,42	67,366
965,58	68,121
965,75	66,712
965,92	66,667
966,08	65,605
966,25	68,800
966,42	68,104
966,59	66,225
966,75	67,706
966,92	67,220
967,09	68,435
967,25	67,955
967,42	69,277
967,59	66,144
967,75	67,711
967,92	66,724
968,09	67,916
968,26	67,629
968,42	67,468
968,59	66,018
968,76	65,781
968,92	67,379
969,09	68,119
969,26	66,824
969,42	67,068
969,59	68,947
969,76	67,278
969,92	67,782
970,09	68,086
970,26	69,573
970,42	67,284
970,59	67,194
970,76	67,147
970,92	68,229
971,09	67,376
971,26	67,001
971,42	67,272
971,59	68,288
971,76	68,235
971,92	69,101
972,09	67,984
972,25	67,916
972,42	67,766
972,59	68,677
972,75	66,843
972,92	67,807
973,09	67,815
973,25	68,663
973,42	66,267
973,58	66,117
973,75	67,481
973,92	67,416
974,08	66,618
974,25	69,794
974,42	67,172
974,58	66,954
974,75	65,233
974,91	69,689
975,08	67,687
975,25	68,615
975,41	67,111
975,58	68,029
975,74	67,592
975,91	67,027
976,08	67,037
976,24	69,033
976,41	67,468
976,57	67,115
976,74	67,399
976,91	68,486
977,07	66,202
977,24	68,582
977,40	67,829
977,57	66,522
977,73	68,891
977,90	68,378
978,07	67,801
978,23	66,539
978,40	67,393
978,56	67,726
978,73	67,498
978,89	68,231
979,06	67,814
979,22	67,367
979,39	68,803
979,56	67,990
979,72	68,794
979,89	68,068
980,05	68,123
980,22	68,214
980,38	67,293
980,55	65,905
980,71	67,327
980,88	66,812
981,04	67,350
981,21	69,826
981,37	67,392
981,54	67,608
981,70	66,745
981,87	67,788
982,04	68,003
982,20	66,152
982,37	66,354
982,53	69,220
982,70	70,353
982,86	69,066
983,03	68,664
983,19	67,653
983,36	66,953
983,52	66,126
983,69	70,471
983,85	67,815
984,02	67,303
984,18	68,465
984,35	65,928
984,51	67,152
984,68	67,835
984,84	66,182
985,00	69,253
985,17	66,454
985,33	66,945
985,50	67,961
985,66	67,892
985,83	69,632
985,99	68,272
986,16	68,192
986,32	67,834
986,49	67,945
986,65	67,439
986,82	67,698
986,98	66,023
987,15	69,243
987,31	65,757
987,47	66,914
987,64	68,253
987,80	68,566
987,97	68,268
988,13	69,043
988,30	69,280
988,46	68,785
988,63	69,646
988,79	68,415
988,95	69,440
989,12	67,375
989,28	68,161
989,45	67,544
989,61	67,457
989,77	67,107
989,94	66,584
990,10	69,965
990,27	69,562
990,43	70,859
990,60	66,983
990,76	68,432
990,92	68,713
991,09	67,985
991,25	67,083
991,42	65,919
991,58	66,568
991,74	68,029
991,91	67,056
992,07	67,569
992,24	68,339
992,40	66,271
992,56	68,450
992,73	68,696
992,89	67,662
993,05	68,098
993,22	66,163
993,38	67,793
993,55	67,712
993,71	67,601
993,87	67,167
994,04	65,976
994,20	68,646
994,36	67,895
994,53	68,140
994,69	68,828
994,85	69,786
995,02	67,402
995,18	71,011
995,34	66,705
995,51	66,176
995,67	66,269
995,84	68,672
996,00	69,108
996,16	66,995
996,33	67,152
996,49	67,051
996,65	66,239
996,82	65,954
996,98	67,557
997,14	69,761
997,31	68,597
997,47	65,194
997,63	69,489
997,79	67,174
997,96	66,870
998,12	67,768
998,28	70,107
998,45	68,809
998,61	66,308
998,77	66,099
998,94	65,861
999,10	68,062
999,26	68,297
999,43	68,609
999,59	68,916
999,75	68,787
999,91	65,316
1000,08	69,825
1000,24	65,583
1000,40	67,562
1000,57	70,386
1000,73	69,744
1000,89	71,365
1001,05	70,591
1001,22	68,606
1001,38	64,747
1001,54	70,964
1001,70	68,782
1001,87	69,813
1002,03	67,737
1002,19	71,578
1002,35	71,000
1002,52	65,453
1002,68	70,375
1002,84	68,696
1003,00	69,719
1003,17	67,134
1003,33	70,285
1003,49	71,460
1003,65	67,290
1003,82	68,143
1003,98	66,375
1004,14	67,964
1004,30	67,761
1004,47	70,228
1004,63	70,372
1004,79	69,777
1004,95	69,417
1005,11	67,994
1005,28	72,702
1005,44	68,534
1005,60	67,313
1005,76	68,250
1005,93	70,579
1006,09	68,698
1006,25	68,457
1006,41	68,334
1006,57	68,252
1006,74	65,015
1006,90	71,508
1007,06	68,301
1007,22	67,058
1007,38	69,611
1007,55	67,761
1007,71	67,628
1007,87	62,749
1008,03	64,776
1008,19	70,547
1008,35	68,541
1008,52	71,629
1008,68	62,772
1008,84	67,568
1009,00	71,205
1009,16	69,469
1009,32	67,035
1009,49	70,237
1009,65	67,063
1009,81	68,591
1009,97	67,655
1010,13	68,713
1010,29	70,394
1010,46	69,455
1010,62	67,761
1010,78	72,020
1010,94	64,000
1011,10	68,073
1011,26	68,386
1011,42	68,940
1011,59	67,600
1011,75	72,077
1011,91	70,632
1012,07	69,264
1012,23	68,163
1012,39	73,499
1012,55	68,457
1012,71	72,671
1012,88	69,663
1013,04	66,034
1013,20	69,601
1013,36	71,042
1013,52	70,951
1013,68	67,721
1013,84	69,254
1014,00	66,587
1014,16	71,079
1014,33	72,017
1014,49	67,578
1014,65	69,769
1014,81	67,892
1014,97	72,851
1015,13	66,036
1015,29	69,517
1015,45	71,030
1015,61	65,007
1015,77	67,385
1015,93	69,873
1016,09	65,158
1016,26	69,714
1016,42	63,599
1016,58	72,565
1016,74	71,165
1016,90	73,099
1017,06	76,560
1017,22	63,268
1017,38	71,294
1017,54	64,748
1017,70	70,153
1017,86	70,230
1018,02	68,562
1018,18	69,052
1018,34	68,913
1018,50	67,438
1018,66	67,238
1018,82	69,655
1018,98	67,989
1019,14	68,852
1019,31	64,498
1019,47	66,257
1019,63	69,263
1019,79	69,714
1019,95	72,043
1020,11	67,910
1020,27	65,653
1020,43	65,441
1020,59	65,780
1020,75	65,333
1020,91	68,770
1021,07	69,039
1021,23	65,850
1021,39	67,817
1021,55	70,278
1021,71	71,151
1021,87	65,830
1022,03	67,379
1022,19	66,729
1022,35	65,194
1022,51	56,569
1022,67	68,337
1022,83	68,657
1022,99	68,079
1023,15	71,379
1023,31	64,647
1023,47	70,565
1023,63	66,650
1023,79	67,756
1023,95	67,186
1024,10	67,361
1024,26	74,235
1024,42	71,919
1024,58	66,498
1024,74	68,418
1024,90	70,697
1025,06	71,065
1025,22	69,026
1025,38	65,583
1025,54	67,981
1025,70	68,658
1025,86	72,339
1026,02	67,327
1026,18	64,809
1026,34	70,588
1026,50	81,705
1026,66	72,345
1026,82	73,159
1026,98	73,318
1027,13	69,423
1027,29	58,577
1027,45	70,215
1027,61	71,335
1027,77	73,075
1027,93	73,675
1028,09	71,463
1028,25	73,862
1028,41	70,029
1028,57	65,930
1028,73	64,452
1028,88	74,493
1029,04	69,392
1029,20	62,596
1029,36	70,825
1029,52	68,463
1029,68	67,395
1029,84	67,897
1030,00	68,610
1030,16	69,925
1030,32	71,591
1030,47	67,500
1030,63	74,591
1030,79	68,456
1030,95	62,857
1031,11	72,198
1031,27	71,830
1031,43	74,929
1031,59	68,055
1031,74	66,284
1031,90	70,323
1032,06	66,276
1032,22	69,040
1032,38	78,511
1032,54	72,070
1032,69	71,944
1032,85	69,830
1033,01	72,576
1033,17	73,180
1033,33	71,045
1033,49	81,111
1033,65	70,973
1033,80	64,781
1033,96	70,867
1034,12	68,639
1034,28	64,375
1034,44	72,538
1034,60	76,649
1034,75	66,371
1034,91	67,190
1035,07	72,876
1035,23	72,146
1035,39	69,927
1035,54	73,826
1035,70	75,654
1035,86	69,225
1036,02	80,526
1036,18	70,081
1036,33	77,103
1036,49	69,710
1036,65	71,875
1036,81	69,319
1036,97	72,562
1037,12	71,021
1037,28	67,164
1037,44	68,410
1037,60	74,656
1037,76	68,039
1037,91	76,956
1038,07	76,815
1038,23	71,415
1038,39	74,388
1038,54	75,978
1038,70	73,607
1038,86	75,521
1039,02	77,351
1039,17	66,401
1039,33	63,254
1039,49	76,041
1039,65	68,134
1039,80	68,223
1039,96	67,820
1040,12	68,416
1040,28	60,964
>>>>> Data<<<<< Espectral Procesado Extremo
