Fichero De Datos De SpectraSuite
++++++++++++++++++++++++++++++++++++
Fecha: Mon Jul 06 12:14:55 CST 2026
Usuario: rofer
Presente Oscuro Del Espectro: Sí
La Referencia de Presente Del Espectro De: Sí
Muestreados de los componentes de Número de espectros: 1
Espectrómetros: USB4H06056
Tiempo de integración (usec): 300000 (USB4H06056)
Promedio de Espectros Hechos un: 5 (USB4H06056)
El Alisar Del Furgón: 0 (USB4H06056)
Párrafo de de Corregir del la del del de Eléctrica del obscuridad: No (USB4H06056)
Estrobo/Lámpara Permitido: No (USB4H06056)
Correct for Detector Non-linearity: No (USB4H06056)
Párrafo de de Corregir del la del del de Externa del luz: No (USB4H06056)
Procesado del espectro de Número de pixeles en: 3648
>>>>> Comienza Data<<<<< Espectral Procesado Del EL
345,09	105,882
345,30	105,882
345,52	105,882
345,74	-187,500
345,95	62,500
346,17	-46,667
346,39	-68,421
346,60	-170,000
346,82	113,115
347,04	171,186
347,25	-77,273
347,47	55,128
347,69	134,783
347,90	76,364
348,12	367,568
348,34	293,333
348,56	-337,500
348,77	-12,821
348,99	87,963
349,21	54,645
349,42	2,941
349,64	48,428
349,86	66,071
350,07	57,971
350,29	32,941
350,51	94,410
350,72	56,034
350,94	46,032
351,16	72,973
351,37	33,333
351,59	26,692
351,81	35,882
352,02	49,455
352,24	50,909
352,46	39,130
352,67	35,165
352,89	87,500
353,10	54,878
353,32	70,690
353,54	49,215
353,75	56,233
353,97	134,270
354,19	84,242
354,40	21,023
354,62	53,043
354,84	22,727
355,05	82,682
355,27	-5,714
355,49	23,789
355,70	94,565
355,92	23,377
356,14	51,628
356,35	60,526
356,57	75,000
356,78	36,975
357,00	12,851
357,22	51,185
357,43	50,407
357,65	30,453
357,87	74,000
358,08	60,656
358,30	40,645
358,51	28,743
358,73	92,821
358,95	72,294
359,16	31,646
359,38	34,746
359,60	-18,519
359,81	-21,678
360,03	69,519
360,24	28,671
360,46	8,917
360,68	21,839
360,89	123,077
361,11	38,278
361,33	216,176
361,54	-48,649
361,76	72,222
361,97	41,176
362,19	113,450
362,41	85,057
362,62	63,033
362,84	35,593
363,05	57,714
363,27	92,857
363,49	-25,000
363,70	112,308
363,92	122,297
364,13	59,701
364,35	109,677
364,57	92,199
364,78	50,893
365,00	11,644
365,21	53,668
365,43	39,844
365,65	63,598
365,86	65,789
366,08	91,870
366,29	-5,128
366,51	63,274
366,73	42,529
366,94	31,746
367,16	81,818
367,37	96,154
367,59	56,504
367,80	8,721
368,02	23,077
368,24	91,542
368,45	54,785
368,67	78,592
368,88	7,921
369,10	38,583
369,31	51,531
369,53	70,260
369,75	82,031
369,96	51,394
370,18	86,667
370,39	67,582
370,61	32,941
370,82	111,224
371,04	90,521
371,26	42,276
371,47	50,420
371,69	71,626
371,90	87,619
372,12	64,822
372,33	55,738
372,55	76,426
372,76	107,167
372,98	31,414
373,20	28,511
373,41	91,333
373,63	45,540
373,84	72,316
374,06	51,364
374,27	47,771
374,49	40,000
374,70	34,783
374,92	52,294
375,13	64,646
375,35	80,479
375,57	29,825
375,78	58,589
376,00	70,213
376,21	91,613
376,43	7,782
376,64	47,951
376,86	56,175
377,07	85,185
377,29	43,396
377,50	24,324
377,72	61,881
377,93	52,568
378,15	58,095
378,36	72,600
378,58	58,389
378,80	35,686
379,01	65,517
379,23	51,707
379,44	26,966
379,66	4,403
379,87	60,388
380,09	105,474
380,30	77,955
380,52	37,245
380,73	38,912
380,95	63,536
381,16	85,484
381,38	79,125
381,59	21,341
381,81	65,079
382,02	32,314
382,24	91,220
382,45	67,308
382,67	59,245
382,88	69,180
383,10	52,265
383,31	79,012
383,53	125,000
383,74	95,798
383,96	39,867
384,17	67,024
384,39	76,025
384,60	48,727
384,82	13,043
385,03	78,889
385,25	20,703
385,46	58,680
385,68	88,400
385,89	57,895
386,11	47,619
386,32	114,384
386,54	50,276
386,75	59,223
386,97	47,970
387,18	36,818
387,40	47,215
387,61	49,675
387,83	62,951
388,04	58,038
388,25	56,115
388,47	49,235
388,68	91,429
388,90	50,287
389,11	65,842
389,33	41,515
389,54	-56,391
389,76	81,387
389,97	55,598
390,19	68,241
390,40	64,565
390,62	77,337
390,83	50,147
391,05	53,165
391,26	62,162
391,47	59,338
391,69	76,052
391,90	58,333
392,12	40,816
392,33	50,000
392,55	67,790
392,76	44,884
392,98	67,632
393,19	60,600
393,41	81,457
393,62	38,575
393,83	62,832
394,05	86,173
394,26	53,586
394,48	50,664
394,69	47,937
394,91	70,089
395,12	44,592
395,34	53,465
395,55	58,000
395,76	67,850
395,98	47,794
396,19	78,533
396,41	32,213
396,62	52,394
396,84	59,341
397,05	38,179
397,26	47,664
397,48	67,006
397,69	55,556
397,91	56,693
398,12	52,677
398,33	51,992
398,55	64,273
398,76	32,839
398,98	53,827
399,19	68,031
399,41	50,192
399,62	52,830
399,83	64,755
400,05	64,000
400,26	59,501
400,48	47,415
400,69	70,560
400,90	50,103
401,12	35,741
401,33	42,857
401,55	64,798
401,76	54,281
401,97	53,333
402,19	74,310
402,40	44,298
402,62	55,304
402,83	14,231
403,04	55,828
403,26	45,687
403,47	49,073
403,69	51,719
403,90	47,599
404,11	53,188
404,33	47,385
404,54	43,515
404,76	55,793
404,97	35,517
405,18	47,626
405,40	53,596
405,61	25,389
405,83	33,123
406,04	44,220
406,25	40,159
406,47	43,421
406,68	42,186
406,89	53,916
407,11	50,911
407,32	37,368
407,54	43,027
407,75	26,819
407,96	44,671
408,18	30,703
408,39	38,064
408,60	52,114
408,82	47,629
409,03	44,957
409,24	39,268
409,46	45,887
409,67	50,535
409,89	37,307
410,10	28,571
410,31	47,318
410,53	47,498
410,74	45,455
410,95	37,865
411,17	37,087
411,38	35,164
411,59	30,710
411,81	37,759
412,02	30,294
412,23	38,031
412,45	37,051
412,66	26,386
412,87	31,266
413,09	30,843
413,30	33,504
413,51	43,585
413,73	36,414
413,94	41,727
414,15	39,745
414,37	31,333
414,58	29,055
414,79	26,949
415,01	27,502
415,22	26,616
415,43	32,619
415,65	19,442
415,86	30,769
416,07	36,784
416,29	27,376
416,50	32,844
416,71	21,611
416,93	27,188
417,14	21,781
417,35	28,770
417,57	21,382
417,78	25,378
417,99	32,314
418,21	23,726
418,42	26,192
418,63	24,722
418,85	24,858
419,06	26,564
419,27	25,550
419,48	23,644
419,70	25,656
419,91	19,029
420,12	21,846
420,34	22,066
420,55	21,968
420,76	24,003
420,98	22,897
421,19	25,104
421,40	19,765
421,61	23,629
421,83	20,354
422,04	19,126
422,25	23,598
422,47	18,944
422,68	18,925
422,89	22,983
423,11	17,271
423,32	23,487
423,53	16,870
423,74	23,246
423,96	15,230
424,17	18,976
424,38	21,799
424,59	18,016
424,81	15,644
425,02	19,121
425,23	15,399
425,45	18,571
425,66	16,652
425,87	16,672
426,08	14,109
426,30	16,734
426,51	17,329
426,72	15,209
426,93	13,816
427,15	13,461
427,36	20,160
427,57	16,793
427,79	17,505
428,00	13,090
428,21	-5,997
428,42	15,265
428,64	14,746
428,85	16,521
429,06	13,636
429,27	14,279
429,49	14,834
429,70	12,042
429,91	15,215
430,12	16,846
430,34	13,728
430,55	13,808
430,76	15,281
430,97	15,265
431,19	13,591
431,40	15,701
431,61	14,731
431,82	12,175
432,03	15,478
432,25	12,484
432,46	12,649
432,67	12,497
432,88	16,775
433,10	14,970
433,31	15,581
433,52	15,807
433,73	16,083
433,95	14,720
434,16	13,584
434,37	13,464
434,58	13,423
434,79	15,116
435,01	15,556
435,22	14,736
435,43	14,454
435,64	13,396
435,86	14,134
436,07	14,057
436,28	12,694
436,49	13,910
436,70	12,310
436,92	13,759
437,13	13,809
437,34	13,497
437,55	13,424
437,76	15,439
437,98	14,795
438,19	13,180
438,40	11,565
438,61	13,420
438,82	13,605
439,04	12,631
439,25	13,641
439,46	11,343
439,67	12,887
439,88	12,250
440,10	11,923
440,31	13,239
440,52	13,873
440,73	14,413
440,94	12,679
441,16	14,485
441,37	14,212
441,58	14,477
441,79	12,380
442,00	13,094
442,21	13,802
442,43	13,527
442,64	12,185
442,85	14,077
443,06	13,280
443,27	12,223
443,48	13,561
443,70	11,376
443,91	12,859
444,12	11,935
444,33	12,166
444,54	13,109
444,75	13,380
444,97	13,308
445,18	13,408
445,39	13,460
445,60	13,881
445,81	14,369
446,02	12,001
446,24	12,712
446,45	13,154
446,66	12,950
446,87	13,693
447,08	13,216
447,29	13,194
447,51	12,335
447,72	12,441
447,93	13,782
448,14	14,068
448,35	13,256
448,56	12,931
448,77	12,991
448,99	12,904
449,20	11,795
449,41	14,030
449,62	13,758
449,83	14,140
450,04	13,114
450,25	14,111
450,46	13,408
450,68	12,634
450,89	13,639
451,10	12,574
451,31	13,607
451,52	12,633
451,73	13,282
451,94	12,186
452,15	13,295
452,37	13,679
452,58	13,849
452,79	12,902
453,00	12,439
453,21	13,973
453,42	13,063
453,63	14,006
453,84	12,399
454,06	12,973
454,27	12,093
454,48	12,930
454,69	14,596
454,90	13,621
455,11	12,505
455,32	12,849
455,53	13,977
455,74	12,773
455,95	13,072
456,17	13,312
456,38	13,762
456,59	12,887
456,80	13,691
457,01	12,208
457,22	13,838
457,43	12,325
457,64	12,951
457,85	14,761
458,06	12,469
458,27	13,177
458,49	13,760
458,70	13,012
458,91	14,752
459,12	13,439
459,33	13,344
459,54	12,428
459,75	12,562
459,96	12,513
460,17	13,245
460,38	14,137
460,59	14,659
460,80	13,591
461,01	12,802
461,23	12,714
461,44	13,646
461,65	13,233
461,86	14,075
462,07	12,674
462,28	14,442
462,49	13,337
462,70	12,090
462,91	13,154
463,12	12,948
463,33	12,549
463,54	13,496
463,75	13,690
463,96	14,399
464,17	13,841
464,38	13,130
464,59	13,655
464,81	14,523
465,02	14,128
465,23	12,953
465,44	14,105
465,65	14,471
465,86	13,891
466,07	13,452
466,28	12,484
466,49	13,915
466,70	12,993
466,91	14,161
467,12	13,083
467,33	14,690
467,54	13,760
467,75	13,798
467,96	13,919
468,17	13,748
468,38	14,041
468,59	13,059
468,80	14,463
469,01	13,366
469,22	14,127
469,43	13,562
469,64	13,797
469,85	13,475
470,06	13,586
470,27	13,343
470,48	14,346
470,69	13,876
470,90	14,093
471,11	14,826
471,32	14,400
471,53	13,331
471,74	12,769
471,95	13,221
472,16	13,841
472,37	13,615
472,58	13,652
472,79	13,598
473,00	12,994
473,21	14,466
473,42	13,220
473,63	13,193
473,84	14,020
474,05	13,879
474,26	13,660
474,47	13,933
474,68	13,145
474,89	14,170
475,10	14,222
475,31	13,835
475,52	13,408
475,73	13,608
475,94	14,036
476,15	13,028
476,36	13,729
476,57	13,896
476,78	13,950
476,99	13,562
477,20	13,180
477,41	13,127
477,62	13,929
477,83	13,524
478,04	13,568
478,25	14,490
478,46	13,509
478,67	13,525
478,88	14,350
479,09	13,058
479,30	14,158
479,51	13,112
479,72	13,518
479,93	14,161
480,14	13,376
480,35	13,756
480,56	13,806
480,77	13,299
480,98	13,141
481,18	13,579
481,39	12,464
481,60	14,078
481,81	14,150
482,02	13,660
482,23	13,587
482,44	13,663
482,65	13,209
482,86	13,722
483,07	13,691
483,28	13,550
483,49	13,782
483,70	14,173
483,91	13,536
484,12	14,316
484,33	13,641
484,53	14,003
484,74	14,026
484,95	13,288
485,16	13,927
485,37	13,954
485,58	14,256
485,79	13,285
486,00	13,974
486,21	14,037
486,42	13,324
486,63	13,644
486,84	14,266
487,05	13,899
487,25	13,780
487,46	13,444
487,67	13,507
487,88	14,504
488,09	13,821
488,30	13,128
488,51	7,616
488,72	13,248
488,93	14,066
489,14	13,896
489,35	13,851
489,55	13,845
489,76	13,971
489,97	13,718
490,18	14,064
490,39	13,919
490,60	13,634
490,81	13,866
491,02	13,954
491,23	14,403
491,43	14,327
491,64	14,052
491,85	13,673
492,06	14,875
492,27	13,798
492,48	13,698
492,69	13,935
492,90	14,157
493,11	14,081
493,31	13,976
493,52	13,565
493,73	13,675
493,94	13,653
494,15	13,288
494,36	14,232
494,57	13,776
494,78	13,996
494,98	13,509
495,19	13,674
495,40	13,974
495,61	13,939
495,82	13,880
496,03	13,847
496,24	13,951
496,44	14,144
496,65	14,315
496,86	13,850
497,07	14,094
497,28	14,143
497,49	14,108
497,70	14,286
497,90	13,841
498,11	13,920
498,32	14,473
498,53	14,280
498,74	13,494
498,95	13,714
499,15	14,222
499,36	14,075
499,57	13,826
499,78	14,112
499,99	14,583
500,20	13,854
500,40	14,303
500,61	14,145
500,82	14,215
501,03	13,617
501,24	13,774
501,45	13,972
501,65	14,142
501,86	13,978
502,07	14,052
502,28	13,767
502,49	14,198
502,70	14,434
502,90	13,860
503,11	14,429
503,32	14,619
503,53	14,070
503,74	14,085
503,94	13,973
504,15	13,958
504,36	14,420
504,57	14,144
504,78	14,300
504,98	14,386
505,19	14,364
505,40	13,917
505,61	13,978
505,82	14,549
506,02	14,188
506,23	13,958
506,44	14,454
506,65	13,856
506,86	14,482
507,06	14,530
507,27	14,102
507,48	14,446
507,69	14,413
507,90	13,894
508,10	14,327
508,31	14,263
508,52	14,307
508,73	14,653
508,94	14,305
509,14	14,594
509,35	13,907
509,56	14,612
509,77	14,817
509,97	14,434
510,18	14,522
510,39	14,531
510,60	15,140
510,80	14,456
511,01	14,657
511,22	14,319
511,43	14,451
511,64	14,604
511,84	14,741
512,05	14,430
512,26	14,317
512,47	14,717
512,67	14,640
512,88	14,263
513,09	14,707
513,30	14,937
513,50	14,840
513,71	15,172
513,92	14,766
514,13	14,708
514,33	15,241
514,54	15,138
514,75	15,007
514,96	14,794
515,16	15,050
515,37	15,133
515,58	15,022
515,78	14,831
515,99	14,910
516,20	15,061
516,41	14,932
516,61	15,531
516,82	15,218
517,03	14,796
517,24	15,132
517,44	15,116
517,65	15,271
517,86	15,263
518,07	15,739
518,27	15,301
518,48	15,659
518,69	15,192
518,89	15,280
519,10	15,503
519,31	15,562
519,52	15,755
519,72	15,704
519,93	15,702
520,14	15,802
520,34	15,830
520,55	15,957
520,76	15,822
520,96	15,997
521,17	16,149
521,38	16,399
521,59	15,799
521,79	15,963
522,00	16,306
522,21	16,569
522,41	16,643
522,62	16,329
522,83	17,051
523,03	16,370
523,24	16,995
523,45	16,784
523,66	16,590
523,86	16,931
524,07	17,070
524,28	16,934
524,48	17,059
524,69	17,038
524,90	17,203
525,10	17,001
525,31	17,090
525,52	17,192
525,72	17,289
525,93	17,188
526,14	17,423
526,34	17,776
526,55	17,710
526,76	17,905
526,96	17,896
527,17	17,947
527,38	17,722
527,58	18,001
527,79	18,020
528,00	18,058
528,20	18,129
528,41	18,328
528,62	18,350
528,82	18,892
529,03	18,772
529,24	18,553
529,44	18,748
529,65	19,053
529,85	18,776
530,06	18,687
530,27	18,881
530,47	18,877
530,68	19,219
530,89	19,141
531,09	18,845
531,30	19,196
531,51	19,157
531,71	19,248
531,92	19,396
532,13	19,227
532,33	19,536
532,54	19,863
532,74	19,360
532,95	19,581
533,16	19,625
533,36	19,511
533,57	19,486
533,78	19,737
533,98	19,642
534,19	19,474
534,39	20,205
534,60	19,758
534,81	20,080
535,01	20,187
535,22	20,174
535,42	20,114
535,63	20,236
535,84	20,055
536,04	20,230
536,25	20,495
536,45	20,471
536,66	20,211
536,87	20,516
537,07	20,520
537,28	20,566
537,48	20,804
537,69	20,658
537,90	20,468
538,10	20,486
538,31	20,753
538,51	20,664
538,72	20,904
538,93	20,624
539,13	20,856
539,34	21,000
539,54	20,935
539,75	20,926
539,96	20,891
540,16	20,936
540,37	20,986
540,57	20,926
540,78	20,870
540,98	21,077
541,19	21,224
541,40	20,695
541,60	21,325
541,81	20,897
542,01	21,046
542,22	21,555
542,42	21,656
542,63	21,135
542,83	21,580
543,04	21,384
543,25	21,091
543,45	21,136
543,66	21,188
543,86	21,372
544,07	21,526
544,27	21,213
544,48	21,327
544,68	21,271
544,89	21,441
545,10	21,328
545,30	21,283
545,51	21,449
545,71	21,231
545,92	21,736
546,12	21,468
546,33	21,526
546,53	21,123
546,74	21,428
546,94	21,451
547,15	21,683
547,36	21,465
547,56	21,317
547,77	21,770
547,97	21,814
548,18	21,646
548,38	21,462
548,59	21,594
548,79	21,097
549,00	21,683
549,20	21,750
549,41	21,839
549,61	21,484
549,82	21,396
550,02	21,620
550,23	21,810
550,43	21,737
550,64	21,773
550,84	21,695
551,05	21,622
551,25	21,741
551,46	21,737
551,66	21,452
551,87	21,890
552,07	21,896
552,28	21,763
552,48	21,777
552,69	21,976
552,89	21,601
553,10	21,853
553,30	21,737
553,51	21,555
553,71	21,694
553,92	21,674
554,12	21,642
554,33	21,846
554,53	21,770
554,74	21,745
554,94	21,796
555,15	21,921
555,35	21,869
555,56	21,685
555,76	21,857
555,97	22,012
556,17	21,819
556,38	21,909
556,58	21,953
556,78	21,900
556,99	21,817
557,19	21,497
557,40	22,031
557,60	21,477
557,81	21,792
558,01	21,575
558,22	21,884
558,42	21,809
558,63	21,710
558,83	21,710
559,04	21,841
559,24	21,767
559,44	21,639
559,65	21,636
559,85	21,805
560,06	21,491
560,26	21,497
560,47	21,626
560,67	18,402
560,88	21,699
561,08	21,387
561,28	21,543
561,49	21,566
561,69	21,508
561,90	21,503
562,10	21,429
562,31	21,487
562,51	21,432
562,71	21,554
562,92	21,751
563,12	21,318
563,33	21,586
563,53	21,465
563,74	21,508
563,94	21,518
564,14	21,369
564,35	21,421
564,55	21,451
564,76	21,242
564,96	21,319
565,17	21,309
565,37	21,090
565,57	20,927
565,78	21,129
565,98	21,157
566,19	21,018
566,39	20,991
566,59	20,938
566,80	20,881
567,00	20,873
567,21	20,818
567,41	20,726
567,61	20,980
567,82	20,623
568,02	20,715
568,23	20,445
568,43	20,875
568,63	20,643
568,84	20,604
569,04	20,580
569,24	20,698
569,45	20,336
569,65	20,483
569,86	20,726
570,06	20,269
570,26	20,247
570,47	20,085
570,67	20,116
570,87	20,034
571,08	20,046
571,28	19,637
571,49	20,123
571,69	20,001
571,89	19,814
572,10	20,109
572,30	19,880
572,50	19,799
572,71	19,503
572,91	19,404
573,11	19,476
573,32	19,828
573,52	19,567
573,73	19,572
573,93	19,575
574,13	19,483
574,34	19,574
574,54	19,538
574,74	19,417
574,95	19,224
575,15	19,268
575,35	18,947
575,56	19,281
575,76	19,041
575,96	19,111
576,17	19,274
576,37	19,069
576,57	18,940
576,78	19,058
576,98	18,753
577,18	18,903
577,39	18,638
577,59	18,797
577,79	18,691
578,00	18,614
578,20	18,623
578,40	18,629
578,61	18,730
578,81	18,604
579,01	18,217
579,22	18,354
579,42	18,017
579,62	18,191
579,82	18,025
580,03	18,212
580,23	17,925
580,43	18,205
580,64	18,160
580,84	18,134
581,04	17,972
581,25	18,105
581,45	17,860
581,65	17,948
581,86	17,810
582,06	17,801
582,26	17,820
582,46	17,821
582,67	17,783
582,87	17,769
583,07	17,699
583,28	17,579
583,48	17,580
583,68	17,761
583,88	17,647
584,09	17,319
584,29	17,340
584,49	17,694
584,70	17,691
584,90	17,183
585,10	17,524
585,30	17,511
585,51	17,343
585,71	17,389
585,91	17,362
586,11	17,465
586,32	17,119
586,52	17,553
586,72	17,307
586,92	17,361
587,13	17,294
587,33	17,371
587,53	17,274
587,74	17,202
587,94	17,247
588,14	16,944
588,34	16,988
588,55	17,307
588,75	17,093
588,95	17,142
589,15	16,997
589,36	17,027
589,56	16,868
589,76	16,849
589,96	16,950
590,16	16,840
590,37	16,817
590,57	16,940
590,77	16,862
590,97	17,064
591,18	16,868
591,38	16,648
591,58	16,217
591,78	16,892
591,99	16,786
592,19	16,902
592,39	16,741
592,59	16,592
592,79	16,726
593,00	16,599
593,20	16,674
593,40	16,729
593,60	16,765
593,81	16,799
594,01	16,691
594,21	16,709
594,41	16,676
594,61	16,690
594,82	16,603
595,02	16,583
595,22	16,252
595,42	16,488
595,62	16,655
595,83	16,634
596,03	16,515
596,23	16,426
596,43	16,490
596,63	16,571
596,84	16,573
597,04	16,413
597,24	16,622
597,44	16,354
597,64	16,412
597,84	16,406
598,05	16,447
598,25	16,355
598,45	16,299
598,65	16,344
598,85	16,302
599,06	16,352
599,26	16,710
599,46	16,315
599,66	16,364
599,86	16,335
600,06	16,365
600,27	16,330
600,47	16,388
600,67	16,366
600,87	16,266
601,07	16,275
601,27	16,447
601,48	16,225
601,68	16,275
601,88	16,509
602,08	16,653
602,28	16,209
602,48	16,396
602,68	16,243
602,89	16,251
603,09	16,240
603,29	16,310
603,49	16,248
603,69	16,231
603,89	16,315
604,09	16,487
604,30	16,259
604,50	16,226
604,70	16,018
604,90	16,370
605,10	16,139
605,30	16,032
605,50	16,127
605,71	16,129
605,91	16,045
606,11	15,998
606,31	16,148
606,51	15,930
606,71	16,064
606,91	16,078
607,11	16,275
607,32	16,092
607,52	16,085
607,72	16,095
607,92	16,070
608,12	16,463
608,32	15,857
608,52	16,249
608,72	16,232
608,92	16,063
609,12	16,085
609,33	15,985
609,53	16,093
609,73	16,100
609,93	16,157
610,13	15,927
610,33	15,827
610,53	16,053
610,73	15,706
610,93	15,957
611,13	15,871
611,34	16,009
611,54	15,932
611,74	15,748
611,94	15,786
612,14	15,963
612,34	15,785
612,54	15,768
612,74	15,755
612,94	15,630
613,14	15,768
613,34	15,670
613,54	15,909
613,74	15,731
613,95	15,710
614,15	15,646
614,35	15,642
614,55	15,640
614,75	15,692
614,95	15,596
615,15	15,716
615,35	15,725
615,55	15,694
615,75	15,543
615,95	15,598
616,15	15,846
616,35	15,523
616,55	15,278
616,75	15,410
616,95	15,598
617,15	15,654
617,35	15,699
617,56	15,491
617,76	15,547
617,96	15,370
618,16	15,549
618,36	15,177
618,56	15,363
618,76	15,469
618,96	15,405
619,16	15,268
619,36	15,292
619,56	15,411
619,76	15,566
619,96	15,565
620,16	15,228
620,36	15,380
620,56	15,331
620,76	15,395
620,96	15,443
621,16	15,333
621,36	15,279
621,56	15,425
621,76	15,385
621,96	15,419
622,16	15,232
622,36	15,053
622,56	15,433
622,76	15,299
622,96	15,290
623,16	15,255
623,36	15,200
623,56	15,206
623,76	15,302
623,96	15,613
624,16	15,289
624,36	15,150
624,56	15,075
624,76	15,236
624,96	15,361
625,16	15,124
625,36	15,057
625,56	15,412
625,76	15,067
625,96	15,109
626,16	15,114
626,36	15,055
626,56	15,329
626,76	14,926
626,96	14,910
627,16	15,014
627,36	14,819
627,56	15,247
627,76	15,070
627,96	15,268
628,16	15,200
628,36	15,132
628,56	15,226
628,75	15,189
628,95	15,204
629,15	15,079
629,35	15,107
629,55	15,058
629,75	14,946
629,95	14,881
630,15	14,934
630,35	15,062
630,55	14,974
630,75	15,156
630,95	15,145
631,15	15,159
631,35	15,031
631,55	14,876
631,75	15,058
631,95	15,116
632,15	15,018
632,34	14,927
632,54	14,714
632,74	14,906
632,94	14,949
633,14	15,011
633,34	14,883
633,54	14,982
633,74	15,015
633,94	15,110
634,14	14,887
634,34	15,031
634,54	14,946
634,74	14,776
634,93	14,954
635,13	14,930
635,33	14,935
635,53	14,959
635,73	15,078
635,93	14,873
636,13	15,056
636,33	14,764
636,53	14,802
636,73	14,809
636,93	14,742
637,12	14,704
637,32	14,812
637,52	15,065
637,72	14,811
637,92	14,841
638,12	14,839
638,32	14,851
638,52	14,612
638,72	14,896
638,91	14,863
639,11	14,978
639,31	14,835
639,51	14,685
639,71	14,764
639,91	14,583
640,11	14,739
640,31	14,633
640,50	14,735
640,70	14,670
640,90	14,773
641,10	14,561
641,30	14,608
641,50	14,623
641,70	14,546
641,89	14,553
642,09	14,596
642,29	14,557
642,49	14,667
642,69	14,482
642,89	14,433
643,09	14,531
643,28	14,349
643,48	14,378
643,68	14,446
643,88	14,445
644,08	14,460
644,28	14,355
644,48	14,566
644,67	14,479
644,87	14,392
645,07	14,509
645,27	14,183
645,47	14,295
645,67	14,489
645,86	14,312
646,06	14,474
646,26	14,304
646,46	14,186
646,66	14,281
646,85	14,366
647,05	14,294
647,25	14,197
647,45	14,357
647,65	14,233
647,85	14,196
648,04	14,425
648,24	14,228
648,44	14,042
648,64	14,090
648,84	14,198
649,03	14,059
649,23	14,120
649,43	13,897
649,63	14,033
649,83	14,066
650,02	14,033
650,22	13,902
650,42	14,092
650,62	13,930
650,82	14,045
651,01	14,158
651,21	13,983
651,41	14,036
651,61	13,985
651,81	14,025
652,00	14,061
652,20	14,104
652,40	14,049
652,60	14,065
652,79	13,835
652,99	14,093
653,19	13,945
653,39	14,009
653,59	14,078
653,78	13,786
653,98	13,904
654,18	14,040
654,38	13,881
654,57	13,868
654,77	13,950
654,97	13,899
655,17	13,940
655,36	13,780
655,56	13,858
655,76	13,788
655,96	13,885
656,15	13,829
656,35	13,909
656,55	13,939
656,75	13,874
656,94	13,738
657,14	14,009
657,34	13,869
657,54	13,832
657,73	13,879
657,93	13,977
658,13	13,776
658,33	14,136
658,52	13,815
658,72	14,722
658,92	13,849
659,11	13,773
659,31	13,793
659,51	13,802
659,71	13,786
659,90	13,687
660,10	13,523
660,30	13,879
660,50	13,681
660,69	13,856
660,89	13,829
661,09	13,568
661,28	13,669
661,48	13,808
661,68	13,729
661,87	13,770
662,07	13,661
662,27	13,615
662,47	13,791
662,66	13,902
662,86	13,711
663,06	13,591
663,25	13,786
663,45	13,766
663,65	13,822
663,84	13,795
664,04	13,652
664,24	13,550
664,44	13,767
664,63	13,777
664,83	13,620
665,03	13,835
665,22	13,708
665,42	13,869
665,62	13,648
665,81	13,628
666,01	13,707
666,21	13,662
666,40	13,578
666,60	13,621
666,80	13,605
666,99	13,542
667,19	13,516
667,39	13,688
667,58	13,577
667,78	13,701
667,98	13,762
668,17	13,602
668,37	13,750
668,57	13,751
668,76	13,594
668,96	13,626
669,16	13,746
669,35	13,648
669,55	13,594
669,74	13,451
669,94	13,750
670,14	13,743
670,33	13,525
670,53	13,655
670,73	13,511
670,92	13,595
671,12	13,603
671,32	13,614
671,51	13,783
671,71	13,816
671,90	13,521
672,10	13,583
672,30	13,586
672,49	13,754
672,69	13,556
672,89	13,726
673,08	13,543
673,28	13,643
673,47	13,690
673,67	13,498
673,87	13,665
674,06	13,519
674,26	13,519
674,45	13,869
674,65	13,561
674,85	13,563
675,04	13,791
675,24	13,644
675,43	13,678
675,63	13,958
675,83	13,740
676,02	13,792
676,22	13,730
676,41	13,803
676,61	13,732
676,81	13,868
677,00	14,030
677,20	13,863
677,39	13,723
677,59	13,698
677,79	13,671
677,98	13,875
678,18	13,743
678,37	13,755
678,57	13,761
678,76	13,910
678,96	13,816
679,16	13,957
679,35	13,921
679,55	13,770
679,74	13,756
679,94	14,033
680,13	13,718
680,33	13,884
680,53	13,588
680,72	13,948
680,92	13,888
681,11	13,913
681,31	13,903
681,50	13,763
681,70	13,877
681,89	13,916
682,09	13,759
682,28	13,878
682,48	13,831
682,68	14,044
682,87	13,895
683,07	14,031
683,26	14,051
683,46	13,862
683,65	13,890
683,85	13,980
684,04	13,851
684,24	13,811
684,43	14,232
684,63	13,984
684,82	14,151
685,02	14,016
685,21	13,811
685,41	13,964
685,60	14,093
685,80	13,952
686,00	13,849
686,19	13,999
686,39	14,009
686,58	13,864
686,78	13,948
686,97	13,979
687,17	14,267
687,36	14,036
687,56	14,221
687,75	13,974
687,95	14,167
688,14	14,364
688,34	13,970
688,53	14,058
688,73	14,118
688,92	14,083
689,12	13,990
689,31	14,034
689,51	14,211
689,70	14,287
689,89	14,275
690,09	14,077
690,28	14,211
690,48	14,321
690,67	14,188
690,87	14,520
691,06	14,104
691,26	14,234
691,45	14,335
691,65	14,254
691,84	14,488
692,04	14,286
692,23	14,493
692,43	14,409
692,62	14,589
692,82	14,508
693,01	14,376
693,20	14,564
693,40	14,545
693,59	14,867
693,79	14,633
693,98	14,768
694,18	14,835
694,37	14,991
694,57	15,081
694,76	14,935
694,95	15,207
695,15	15,189
695,34	15,182
695,54	15,302
695,73	15,558
695,93	15,531
696,12	15,572
696,32	15,383
696,51	15,495
696,70	15,737
696,90	15,764
697,09	15,888
697,29	16,252
697,48	16,348
697,67	16,402
697,87	16,585
698,06	16,731
698,26	16,862
698,45	16,817
698,65	17,014
698,84	17,212
699,03	17,408
699,23	17,489
699,42	17,678
699,62	17,856
699,81	17,934
700,00	18,024
700,20	18,364
700,39	18,373
700,59	18,681
700,78	18,910
700,97	19,202
701,17	19,361
701,36	19,668
701,56	19,552
701,75	19,955
701,94	19,961
702,14	20,147
702,33	20,466
702,52	20,752
702,72	20,945
702,91	20,944
703,11	21,315
703,30	21,362
703,49	21,679
703,69	21,757
703,88	21,973
704,07	22,130
704,27	22,407
704,46	22,883
704,66	22,876
704,85	23,074
705,04	23,415
705,24	23,654
705,43	23,708
705,62	23,896
705,82	24,409
706,01	24,507
706,20	25,025
706,40	24,785
706,59	25,315
706,78	25,493
706,98	25,503
707,17	26,157
707,36	26,285
707,56	26,606
707,75	26,706
707,94	27,169
708,14	27,176
708,33	27,471
708,52	27,632
708,72	27,678
708,91	27,944
709,10	28,405
709,30	28,550
709,49	28,828
709,68	29,143
709,88	29,340
710,07	29,550
710,26	29,594
710,46	29,897
710,65	30,219
710,84	30,510
711,04	30,490
711,23	30,881
711,42	31,041
711,61	31,325
711,81	31,582
712,00	31,830
712,19	32,218
712,39	32,280
712,58	32,558
712,77	32,635
712,97	33,142
713,16	33,295
713,35	33,651
713,54	33,567
713,74	34,065
713,93	34,285
714,12	34,765
714,32	34,758
714,51	34,968
714,70	35,091
714,89	35,344
715,09	35,973
715,28	35,844
715,47	36,104
715,66	36,755
715,86	36,778
716,05	36,761
716,24	36,917
716,44	37,489
716,63	37,946
716,82	37,565
717,01	38,225
717,21	38,560
717,40	38,504
717,59	38,904
717,78	38,767
717,98	39,267
718,17	39,459
718,36	39,357
718,55	39,987
718,75	40,302
718,94	40,140
719,13	40,738
719,32	40,747
719,52	40,981
719,71	41,537
719,90	41,765
720,09	42,021
720,28	42,335
720,48	42,609
720,67	42,819
720,86	43,010
721,05	42,970
721,25	43,397
721,44	43,655
721,63	44,135
721,82	43,816
722,01	44,324
722,21	44,057
722,40	44,956
722,59	45,045
722,78	44,975
722,98	45,406
723,17	45,569
723,36	46,186
723,55	46,091
723,74	46,676
723,94	46,521
724,13	46,846
724,32	47,402
724,51	47,361
724,70	47,424
724,89	47,542
725,09	48,563
725,28	47,971
725,47	48,289
725,66	48,713
725,85	49,035
726,05	49,003
726,24	49,404
726,43	49,758
726,62	49,931
726,81	50,037
727,00	50,132
727,20	50,669
727,39	50,652
727,58	50,901
727,77	51,371
727,96	51,356
728,15	51,735
728,35	52,149
728,54	52,272
728,73	52,436
728,92	52,531
729,11	52,665
729,30	52,790
729,50	53,120
729,69	53,371
729,88	53,609
730,07	53,745
730,26	53,962
730,45	54,054
730,64	54,418
730,84	54,256
731,03	54,310
731,22	55,213
731,41	55,773
731,60	55,369
731,79	55,264
731,98	55,539
732,18	56,254
732,37	55,838
732,56	55,892
732,75	56,250
732,94	56,514
733,13	57,027
733,32	56,628
733,51	57,007
733,71	57,216
733,90	57,645
734,09	57,295
734,28	58,260
734,47	57,993
734,66	58,053
734,85	58,716
735,04	58,624
735,23	59,283
735,42	58,984
735,62	58,891
735,81	58,999
736,00	59,689
736,19	59,618
736,38	59,493
736,57	60,016
736,76	59,811
736,95	60,311
737,14	60,070
737,33	60,271
737,52	60,256
737,72	60,844
737,91	61,262
738,10	61,166
738,29	61,042
738,48	61,275
738,67	61,446
738,86	61,731
739,05	61,704
739,24	62,277
739,43	62,160
739,62	62,585
739,81	62,664
740,00	62,488
740,19	62,323
740,39	62,426
740,58	63,202
740,77	62,747
740,96	63,125
741,15	63,384
741,34	63,149
741,53	63,280
741,72	63,146
741,91	63,403
742,10	63,927
742,29	63,749
742,48	63,929
742,67	64,215
742,86	64,148
743,05	64,323
743,24	64,532
743,43	64,479
743,62	64,373
743,81	64,473
744,00	64,574
744,19	64,737
744,38	65,100
744,57	64,965
744,76	65,335
744,95	65,406
745,14	65,293
745,33	65,190
745,52	65,306
745,71	65,154
745,90	65,931
746,09	65,211
746,28	65,853
746,47	66,004
746,66	65,951
746,85	65,925
747,04	66,246
747,23	65,991
747,42	66,047
747,61	66,189
747,80	66,717
747,99	66,328
748,18	66,524
748,37	66,421
748,56	66,842
748,75	67,042
748,94	66,531
749,13	66,956
749,32	66,797
749,51	66,676
749,70	67,056
749,89	67,115
750,08	66,886
750,27	67,033
750,46	66,979
750,65	67,383
750,84	67,473
751,03	67,450
751,22	67,785
751,41	67,269
751,60	67,658
751,79	67,892
751,98	67,970
752,17	67,865
752,36	67,728
752,55	68,228
752,74	67,678
752,93	68,449
753,12	67,490
753,30	67,986
753,49	67,977
753,68	67,927
753,87	68,245
754,06	68,194
754,25	68,059
754,44	67,865
754,63	68,630
754,82	68,385
755,01	68,001
755,20	68,278
755,39	68,760
755,58	68,607
755,77	68,650
755,96	68,392
756,14	68,665
756,33	68,755
756,52	68,417
756,71	68,804
756,90	68,579
757,09	68,572
757,28	68,517
757,47	68,593
757,66	69,011
757,85	69,397
758,04	69,154
758,22	68,848
758,41	69,109
758,60	69,330
758,79	68,763
758,98	68,786
759,17	69,047
759,36	68,525
759,55	69,177
759,74	68,718
759,92	68,297
760,11	69,077
760,30	69,512
760,49	69,183
760,68	69,641
760,87	69,044
761,06	69,282
761,25	68,898
761,43	69,393
761,62	69,161
761,81	69,731
762,00	68,895
762,19	69,520
762,38	69,317
762,57	69,326
762,76	69,330
762,94	69,835
763,13	69,960
763,32	69,505
763,51	69,194
763,70	69,336
763,89	69,809
764,07	69,470
764,26	69,570
764,45	69,630
764,64	69,681
764,83	69,816
765,02	69,474
765,21	69,670
765,39	69,196
765,58	69,517
765,77	69,467
765,96	69,770
766,15	69,760
766,34	69,945
766,52	69,540
766,71	69,829
766,90	69,984
767,09	69,879
767,28	69,917
767,46	69,537
767,65	69,577
767,84	69,621
768,03	69,424
768,22	69,538
768,40	69,649
768,59	69,738
768,78	70,087
768,97	69,309
769,16	69,844
769,34	69,818
769,53	69,298
769,72	69,310
769,91	69,868
770,10	69,701
770,28	69,965
770,47	69,756
770,66	69,458
770,85	69,728
771,04	70,106
771,22	69,691
771,41	69,679
771,60	69,631
771,79	70,025
771,98	70,067
772,16	70,037
772,35	70,026
772,54	69,866
772,73	69,725
772,91	70,562
773,10	69,515
773,29	70,577
773,48	69,828
773,66	69,738
773,85	70,196
774,04	69,530
774,23	69,823
774,41	70,041
774,60	69,476
774,79	69,642
774,98	69,665
775,16	69,581
775,35	69,648
775,54	69,654
775,73	69,552
775,91	69,751
776,10	69,992
776,29	69,901
776,48	69,536
776,66	69,374
776,85	69,846
777,04	69,427
777,23	69,309
777,41	69,422
777,60	69,669
777,79	69,493
777,97	70,132
778,16	69,822
778,35	69,547
778,54	69,709
778,72	69,568
778,91	69,869
779,10	69,836
779,28	69,455
779,47	69,924
779,66	69,804
779,85	70,197
780,03	69,615
780,22	69,599
780,41	70,374
780,59	69,950
780,78	69,915
780,97	70,197
781,15	69,511
781,34	69,484
781,53	69,953
781,71	69,973
781,90	70,070
782,09	69,457
782,27	69,951
782,46	69,283
782,65	69,582
782,84	70,078
783,02	69,819
783,21	70,468
783,40	69,407
783,58	70,143
783,77	69,572
783,96	69,616
784,14	70,154
784,33	69,837
784,52	70,206
784,70	69,500
784,89	69,465
785,07	70,407
785,26	69,940
785,45	69,908
785,63	69,909
785,82	69,995
786,01	69,786
786,19	70,102
786,38	69,905
786,57	69,894
786,75	70,028
786,94	69,545
787,13	70,002
787,31	69,712
787,50	69,664
787,68	69,669
787,87	69,991
788,06	70,283
788,24	69,227
788,43	69,917
788,62	70,214
788,80	69,546
788,99	69,065
789,17	69,734
789,36	69,804
789,55	69,806
789,73	70,027
789,92	70,184
790,10	70,074
790,29	69,253
790,48	69,877
790,66	69,491
790,85	69,948
791,03	70,050
791,22	70,358
791,41	70,040
791,59	70,067
791,78	69,901
791,96	70,020
792,15	70,867
792,34	69,761
792,52	69,784
792,71	70,040
792,89	69,366
793,08	70,228
793,27	69,783
793,45	70,154
793,64	69,598
793,82	69,725
794,01	69,667
794,19	70,233
794,38	69,664
794,57	69,816
794,75	69,964
794,94	70,385
795,12	70,134
795,31	70,427
795,49	69,678
795,68	70,296
795,86	69,985
796,05	69,916
796,24	70,189
796,42	70,462
796,61	69,454
796,79	69,858
796,98	70,029
797,16	70,132
797,35	70,203
797,53	70,557
797,72	69,948
797,90	69,829
798,09	70,079
798,27	69,873
798,46	69,973
798,65	69,886
798,83	70,064
799,02	70,498
799,20	70,407
799,39	69,886
799,57	70,451
799,76	70,132
799,94	69,471
800,13	70,280
800,31	69,741
800,50	69,656
800,68	70,055
800,87	69,951
801,05	69,788
801,24	69,587
801,42	70,071
801,61	70,121
801,79	69,585
801,98	69,488
802,16	69,954
802,35	69,971
802,53	69,887
802,72	69,845
802,90	69,488
803,09	69,886
803,27	69,796
803,46	69,715
803,64	69,973
803,83	69,509
804,01	70,104
804,20	69,627
804,38	69,815
804,56	69,564
804,75	69,890
804,93	69,843
805,12	69,712
805,30	70,191
805,49	69,652
805,67	70,065
805,86	69,695
806,04	69,965
806,23	69,888
806,41	70,045
806,59	70,098
806,78	69,834
806,96	69,544
807,15	70,159
807,33	70,110
807,52	70,017
807,70	69,890
807,89	69,708
808,07	70,118
808,25	69,680
808,44	70,022
808,62	70,082
808,81	70,161
808,99	69,462
809,18	69,698
809,36	70,230
809,54	70,357
809,73	69,591
809,91	70,072
810,10	70,387
810,28	70,400
810,47	70,225
810,65	69,704
810,83	70,564
811,02	69,774
811,20	69,825
811,39	70,191
811,57	69,861
811,75	69,839
811,94	70,166
812,12	70,001
812,31	69,841
812,49	69,638
812,67	70,167
812,86	70,178
813,04	69,976
813,23	69,689
813,41	69,990
813,59	70,373
813,78	70,230
813,96	69,660
814,14	69,968
814,33	69,856
814,51	69,890
814,70	69,543
814,88	70,116
815,06	69,965
815,25	70,117
815,43	70,047
815,61	69,688
815,80	69,982
815,98	70,241
816,16	70,099
816,35	70,584
816,53	69,341
816,72	69,792
816,90	69,639
817,08	69,393
817,27	69,663
817,45	70,114
817,63	70,062
817,82	70,284
818,00	70,284
818,18	69,847
818,37	69,711
818,55	69,676
818,73	69,816
818,92	69,435
819,10	70,020
819,28	69,974
819,47	70,199
819,65	69,547
819,83	69,876
820,02	69,826
820,20	69,612
820,38	70,218
820,57	69,818
820,75	70,152
820,93	69,718
821,11	69,893
821,30	69,524
821,48	69,591
821,66	70,057
821,85	69,453
822,03	70,284
822,21	69,831
822,40	69,395
822,58	70,137
822,76	69,967
822,94	70,476
823,13	69,363
823,31	69,696
823,49	69,901
823,68	69,928
823,86	69,747
824,04	70,587
824,22	69,454
824,41	70,160
824,59	69,721
824,77	69,976
824,96	69,986
825,14	69,687
825,32	69,866
825,50	69,640
825,69	69,946
825,87	69,875
826,05	69,997
826,23	69,607
826,42	70,238
826,60	69,838
826,78	70,195
826,96	69,644
827,15	69,617
827,33	70,131
827,51	69,725
827,69	69,918
827,88	70,518
828,06	70,520
828,24	69,897
828,42	69,862
828,61	69,874
828,79	69,907
828,97	69,829
829,15	69,478
829,34	69,691
829,52	69,683
829,70	69,823
829,88	70,331
830,06	69,770
830,25	69,698
830,43	69,532
830,61	69,841
830,79	69,658
830,97	69,980
831,16	70,112
831,34	69,801
831,52	69,766
831,70	69,627
831,89	69,860
832,07	70,029
832,25	69,796
832,43	69,553
832,61	69,833
832,80	69,849
832,98	70,056
833,16	70,090
833,34	69,715
833,52	69,946
833,70	69,785
833,89	70,028
834,07	69,373
834,25	69,740
834,43	70,012
834,61	70,075
834,80	69,956
834,98	69,886
835,16	69,374
835,34	69,396
835,52	69,901
835,70	69,897
835,89	69,702
836,07	70,064
836,25	70,222
836,43	70,099
836,61	70,216
836,79	69,978
836,97	70,228
837,16	69,826
837,34	69,886
837,52	69,820
837,70	70,040
837,88	69,672
838,06	69,916
838,24	69,921
838,43	69,480
838,61	69,496
838,79	69,747
838,97	70,129
839,15	70,013
839,33	70,827
839,51	70,063
839,70	69,669
839,88	69,682
840,06	70,092
840,24	69,919
840,42	69,413
840,60	69,473
840,78	70,200
840,96	69,857
841,14	70,063
841,33	70,178
841,51	69,696
841,69	69,593
841,87	69,766
842,05	69,475
842,23	69,871
842,41	70,015
842,59	70,271
842,77	69,688
842,95	69,607
843,14	70,181
843,32	69,344
843,50	69,746
843,68	69,969
843,86	69,295
844,04	69,565
844,22	69,556
844,40	69,886
844,58	69,685
844,76	69,769
844,94	70,243
845,12	70,086
845,30	70,232
845,49	69,654
845,67	69,022
845,85	70,473
846,03	69,581
846,21	70,231
846,39	69,175
846,57	69,514
846,75	69,727
846,93	69,242
847,11	69,889
847,29	69,876
847,47	69,817
847,65	69,985
847,83	69,442
848,01	69,922
848,19	70,058
848,37	69,862
848,55	69,641
848,73	69,839
848,91	69,768
849,09	70,157
849,27	69,858
849,46	69,912
849,64	69,577
849,82	69,755
850,00	69,899
850,18	69,370
850,36	69,799
850,54	69,288
850,72	69,480
850,90	69,055
851,08	69,231
851,26	69,542
851,44	69,968
851,62	70,068
851,80	70,043
851,98	69,790
852,16	69,903
852,34	69,608
852,52	69,427
852,70	70,064
852,88	69,276
853,06	69,474
853,24	69,636
853,42	70,064
853,60	69,529
853,78	69,816
853,96	69,991
854,14	69,705
854,31	69,517
854,49	69,991
854,67	69,848
854,85	69,877
855,03	69,434
855,21	69,876
855,39	69,734
855,57	69,479
855,75	69,887
855,93	70,306
856,11	69,747
856,29	70,063
856,47	69,649
856,65	69,627
856,83	70,025
857,01	69,990
857,19	69,637
857,37	69,733
857,55	70,058
857,73	69,871
857,91	69,805
858,09	69,628
858,26	69,150
858,44	69,717
858,62	69,905
858,80	70,291
858,98	69,668
859,16	69,857
859,34	70,231
859,52	70,102
859,70	69,749
859,88	69,842
860,06	70,140
860,24	69,892
860,42	70,315
860,59	69,642
860,77	69,675
860,95	70,326
861,13	69,620
861,31	69,859
861,49	69,816
861,67	69,704
861,85	69,799
862,03	68,751
862,21	69,355
862,38	69,188
862,56	69,753
862,74	69,236
862,92	69,556
863,10	69,577
863,28	69,747
863,46	69,936
863,64	69,573
863,82	69,441
863,99	69,263
864,17	69,211
864,35	69,518
864,53	69,660
864,71	70,060
864,89	69,541
865,07	69,138
865,24	69,378
865,42	69,997
865,60	69,788
865,78	70,066
865,96	69,479
866,14	69,975
866,32	70,191
866,49	69,750
866,67	69,886
866,85	70,222
867,03	69,416
867,21	69,434
867,39	70,225
867,56	69,387
867,74	69,580
867,92	69,803
868,10	69,652
868,28	69,136
868,46	69,795
868,63	69,635
868,81	70,298
868,99	69,064
869,17	69,611
869,35	69,740
869,53	70,236
869,70	69,520
869,88	69,688
870,06	69,868
870,24	69,125
870,42	69,362
870,59	70,028
870,77	69,196
870,95	70,180
871,13	70,045
871,31	70,175
871,48	69,354
871,66	69,382
871,84	69,657
872,02	69,700
872,20	70,404
872,37	69,932
872,55	70,210
872,73	69,446
872,91	70,134
873,08	69,083
873,26	69,587
873,44	69,043
873,62	69,702
873,80	69,518
873,97	69,900
874,15	69,632
874,33	69,461
874,51	69,650
874,68	70,216
874,86	69,060
875,04	69,409
875,22	69,767
875,39	69,660
875,57	69,705
875,75	69,668
875,93	70,114
876,10	70,108
876,28	69,818
876,46	69,950
876,64	70,135
876,81	69,636
876,99	70,214
877,17	69,697
877,35	69,656
877,52	69,991
877,70	69,933
877,88	69,816
878,06	69,633
878,23	69,647
878,41	70,302
878,59	69,439
878,76	69,705
878,94	69,157
879,12	69,460
879,30	69,776
879,47	69,940
879,65	70,037
879,83	69,980
880,00	69,250
880,18	69,539
880,36	70,187
880,53	69,569
880,71	70,141
880,89	68,927
881,07	70,019
881,24	68,538
881,42	69,844
881,60	69,686
881,77	70,454
881,95	70,411
882,13	69,507
882,30	69,881
882,48	70,004
882,66	69,763
882,83	68,940
883,01	70,001
883,19	69,323
883,36	70,269
883,54	69,463
883,72	70,090
883,89	69,588
884,07	69,921
884,25	69,750
884,42	70,366
884,60	69,695
884,78	70,028
884,95	69,779
885,13	69,470
885,31	70,620
885,48	69,262
885,66	69,277
885,84	70,142
886,01	69,291
886,19	69,423
886,36	69,929
886,54	69,460
886,72	69,812
886,89	70,313
887,07	69,853
887,25	70,215
887,42	70,259
887,60	69,078
887,78	69,703
887,95	69,173
888,13	68,951
888,30	69,218
888,48	69,482
888,66	69,361
888,83	69,217
889,01	69,303
889,18	70,231
889,36	69,992
889,54	70,064
889,71	70,216
889,89	69,807
890,06	68,752
890,24	69,380
890,42	69,734
890,59	69,096
890,77	69,415
890,94	69,358
891,12	69,039
891,30	69,390
891,47	69,979
891,65	69,238
891,82	69,451
892,00	69,429
892,17	69,867
892,35	70,554
892,53	68,045
892,70	69,246
892,88	69,121
893,05	69,481
893,23	69,240
893,40	69,819
893,58	70,033
893,75	69,440
893,93	70,087
894,11	69,127
894,28	69,617
894,46	69,103
894,63	69,448
894,81	69,147
894,98	68,597
895,16	69,521
895,33	69,055
895,51	69,717
895,68	69,270
895,86	70,426
896,04	69,167
896,21	69,487
896,39	69,678
896,56	69,692
896,74	69,549
896,91	70,482
897,09	69,783
897,26	69,979
897,44	69,489
897,61	69,762
897,79	70,066
897,96	69,266
898,14	68,916
898,31	69,391
898,49	69,306
898,66	69,558
898,84	68,755
899,01	70,433
899,19	69,888
899,36	70,280
899,54	69,057
899,71	68,723
899,89	69,723
900,06	69,418
900,24	70,194
900,41	69,073
900,59	69,041
900,76	69,595
900,94	69,590
901,11	69,327
901,29	69,079
901,46	69,582
901,63	69,056
901,81	69,076
901,98	69,559
902,16	69,525
902,33	69,710
902,51	68,993
902,68	69,807
902,86	69,317
903,03	69,507
903,21	69,995
903,38	69,466
903,56	68,796
903,73	69,006
903,90	68,965
904,08	69,655
904,25	69,840
904,43	69,608
904,60	69,757
904,78	68,735
904,95	70,206
905,12	69,088
905,30	69,514
905,47	69,277
905,65	69,581
905,82	69,735
906,00	68,911
906,17	69,592
906,34	69,941
906,52	69,181
906,69	69,998
906,87	69,417
907,04	70,705
907,21	69,455
907,39	69,415
907,56	69,924
907,74	69,756
907,91	69,944
908,08	69,643
908,26	69,442
908,43	69,271
908,61	68,754
908,78	70,099
908,95	68,881
909,13	69,668
909,30	70,015
909,48	70,079
909,65	70,078
909,82	69,250
910,00	69,973
910,17	69,341
910,34	69,769
910,52	68,834
910,69	69,308
910,87	69,173
911,04	68,718
911,21	69,538
911,39	69,460
911,56	69,250
911,73	69,971
911,91	69,142
912,08	70,078
912,25	69,542
912,43	69,599
912,60	69,212
912,77	69,613
912,95	69,872
913,12	69,035
913,29	69,814
913,47	70,240
913,64	69,212
913,81	69,344
913,99	68,494
914,16	69,758
914,33	69,447
914,51	69,176
914,68	69,165
914,85	69,776
915,03	69,723
915,20	68,664
915,37	69,674
915,55	69,023
915,72	69,683
915,89	69,938
916,07	68,740
916,24	69,163
916,41	69,923
916,59	68,692
916,76	69,479
916,93	69,934
917,10	69,473
917,28	69,824
917,45	69,929
917,62	69,814
917,80	69,815
917,97	70,274
918,14	69,515
918,31	69,524
918,49	70,856
918,66	69,393
918,83	69,441
919,01	70,864
919,18	69,954
919,35	70,369
919,52	70,449
919,70	69,499
919,87	69,142
920,04	69,539
920,21	69,479
920,39	69,635
920,56	69,506
920,73	69,614
920,90	69,313
921,08	69,064
921,25	69,750
921,42	70,562
921,59	69,178
921,77	68,913
921,94	69,832
922,11	70,284
922,28	69,592
922,46	69,845
922,63	69,845
922,80	69,064
922,97	69,508
923,15	69,635
923,32	69,502
923,49	69,894
923,66	70,817
923,83	69,800
924,01	69,324
924,18	69,779
924,35	70,891
924,52	70,075
924,69	69,198
924,87	69,182
925,04	69,939
925,21	68,600
925,38	69,163
925,55	69,636
925,73	68,860
925,90	69,195
926,07	69,510
926,24	68,925
926,41	70,034
926,59	69,033
926,76	69,286
926,93	68,925
927,10	69,876
927,27	69,275
927,45	69,299
927,62	69,355
927,79	69,002
927,96	69,140
928,13	70,065
928,30	68,978
928,48	69,432
928,65	69,996
928,82	69,599
928,99	70,084
929,16	69,806
929,33	69,629
929,50	69,711
929,68	69,331
929,85	70,134
930,02	68,994
930,19	69,123
930,36	70,079
930,53	69,716
930,70	70,626
930,88	70,048
931,05	70,795
931,22	69,688
931,39	70,150
931,56	68,837
931,73	68,507
931,90	69,009
932,08	68,993
932,25	69,334
932,42	70,596
932,59	71,025
932,76	68,616
932,93	69,810
933,10	70,254
933,27	68,768
933,44	69,182
933,62	69,523
933,79	69,307
933,96	69,834
934,13	69,684
934,30	69,583
934,47	68,144
934,64	69,382
934,81	68,994
934,98	70,145
935,15	70,663
935,32	70,733
935,50	69,946
935,67	68,742
935,84	69,729
936,01	70,112
936,18	70,043
936,35	67,909
936,52	68,859
936,69	70,011
936,86	69,789
937,03	68,583
937,20	70,028
937,37	69,604
937,54	69,242
937,71	68,465
937,89	70,104
938,06	70,753
938,23	70,483
938,40	69,236
938,57	69,718
938,74	69,903
938,91	70,928
939,08	68,039
939,25	70,146
939,42	69,004
939,59	70,635
939,76	71,442
939,93	71,333
940,10	70,508
940,27	69,104
940,44	72,784
940,61	71,338
940,78	68,895
940,95	70,920
941,12	68,682
941,29	70,294
941,46	69,896
941,63	67,482
941,80	67,822
941,97	67,644
942,14	72,222
942,31	71,078
942,48	69,685
942,65	68,622
942,82	68,879
942,99	68,329
943,16	68,068
943,33	68,882
943,50	70,181
943,67	67,249
943,84	69,721
944,01	68,402
944,18	69,569
944,35	71,519
944,52	67,536
944,69	70,012
944,86	67,473
945,03	66,972
945,20	69,920
945,37	70,129
945,54	69,814
945,71	68,705
945,88	69,253
946,05	70,743
946,22	70,809
946,39	71,082
946,56	68,759
946,73	68,523
946,90	70,783
947,07	68,663
947,23	69,674
947,40	70,155
947,57	70,469
947,74	67,199
947,91	69,297
948,08	69,639
948,25	68,736
948,42	70,937
948,59	68,886
948,76	69,299
948,93	69,889
949,10	70,558
949,27	68,233
949,44	68,467
949,60	66,213
949,77	68,620
949,94	69,636
950,11	71,259
950,28	70,888
950,45	68,278
950,62	68,635
950,79	67,070
950,96	70,217
951,13	71,969
951,30	70,103
951,46	69,040
951,63	70,629
951,80	66,216
951,97	69,553
952,14	70,851
952,31	67,323
952,48	70,956
952,65	68,860
952,81	67,906
952,98	69,023
953,15	68,277
953,32	67,507
953,49	71,123
953,66	68,728
953,83	67,471
954,00	69,159
954,16	68,563
954,33	69,374
954,50	68,067
954,67	67,434
954,84	70,503
955,01	68,237
955,18	69,418
955,34	69,306
955,51	70,865
955,68	70,702
955,85	68,271
956,02	67,763
956,19	69,153
956,35	67,885
956,52	68,329
956,69	68,256
956,86	69,323
957,03	68,008
957,20	67,402
957,36	69,324
957,53	67,324
957,70	69,173
957,87	69,325
958,04	67,212
958,21	68,466
958,37	68,158
958,54	67,347
958,71	69,844
958,88	68,704
959,05	68,857
959,21	69,036
959,38	67,866
959,55	70,186
959,72	69,068
959,89	68,856
960,05	69,077
960,22	69,882
960,39	66,616
960,56	68,835
960,72	67,479
960,89	68,692
961,06	68,585
961,23	68,727
961,40	68,250
961,56	69,552
961,73	69,609
961,90	68,719
962,07	69,651
962,23	68,421
962,40	67,845
962,57	67,769
962,74	69,569
962,90	67,536
963,07	68,877
963,24	67,883
963,41	68,703
963,57	68,229
963,74	70,480
963,91	70,123
964,08	69,796
964,24	71,277
964,41	69,047
964,58	66,709
964,75	66,225
964,91	68,706
965,08	69,024
965,25	69,224
965,42	70,609
965,58	68,542
965,75	66,926
965,92	68,367
966,08	66,809
966,25	67,255
966,42	68,734
966,59	68,396
966,75	68,107
966,92	69,217
967,09	68,527
967,25	70,142
967,42	68,506
967,59	68,798
967,75	68,246
967,92	67,811
968,09	68,091
968,26	68,104
968,42	68,532
968,59	68,748
968,76	68,858
968,92	69,597
969,09	69,481
969,26	68,498
969,42	67,750
969,59	71,239
969,76	67,580
969,92	69,039
970,09	69,403
970,26	69,777
970,42	69,588
970,59	68,162
970,76	69,046
970,92	68,077
971,09	68,987
971,26	69,528
971,42	68,742
971,59	69,552
971,76	70,545
971,92	69,699
972,09	67,802
972,25	69,541
972,42	69,356
972,59	67,777
972,75	70,308
972,92	69,125
973,09	66,477
973,25	70,764
973,42	69,009
973,58	68,614
973,75	68,562
973,92	66,957
974,08	67,487
974,25	71,274
974,42	68,173
974,58	66,917
974,75	67,414
974,91	70,726
975,08	67,687
975,25	69,975
975,41	68,109
975,58	67,219
975,74	68,504
975,91	68,281
976,08	68,841
976,24	69,232
976,41	67,455
976,57	66,750
976,74	69,129
976,91	69,401
977,07	66,215
977,24	71,259
977,40	69,541
977,57	68,651
977,73	70,539
977,90	69,329
978,07	68,902
978,23	68,688
978,40	68,305
978,56	67,155
978,73	68,282
978,89	70,392
979,06	68,392
979,22	68,773
979,39	68,537
979,56	68,016
979,72	69,387
979,89	69,055
980,05	69,036
980,22	70,016
980,38	68,445
980,55	68,517
980,71	66,778
980,88	67,396
981,04	69,081
981,21	69,238
981,37	66,933
981,54	66,405
981,70	68,743
981,87	67,884
982,04	69,607
982,20	68,158
982,37	68,860
982,53	70,145
982,70	67,373
982,86	67,209
983,03	71,092
983,19	70,104
983,36	67,125
983,52	66,620
983,69	69,999
983,85	68,874
984,02	70,745
984,18	69,611
984,35	66,794
984,51	69,305
984,68	68,568
984,84	65,963
985,00	70,777
985,17	68,309
985,33	66,945
985,50	68,481
985,66	68,539
985,83	68,589
985,99	69,297
986,16	67,733
986,32	67,544
986,49	67,837
986,65	68,284
986,82	68,765
986,98	65,900
987,15	72,713
987,31	67,592
987,47	69,675
987,64	68,238
987,80	68,946
987,97	69,453
988,13	69,784
988,30	70,420
988,46	68,721
988,63	70,140
988,79	68,415
988,95	69,392
989,12	67,745
989,28	70,387
989,45	66,414
989,61	70,126
989,77	66,926
989,94	69,897
990,10	69,715
990,27	71,232
990,43	70,146
990,60	70,335
990,76	67,237
990,92	70,111
991,09	67,678
991,25	67,222
991,42	69,023
991,58	68,258
991,74	68,474
991,91	68,737
992,07	68,406
992,24	69,446
992,40	68,307
992,56	70,044
992,73	69,370
992,89	68,017
993,05	70,482
993,22	70,422
993,38	71,431
993,55	69,480
993,71	69,555
993,87	69,696
994,04	70,470
994,20	68,682
994,36	68,022
994,53	67,397
994,69	68,772
994,85	68,733
995,02	71,889
995,18	69,634
995,34	70,532
995,51	66,855
995,67	68,291
995,84	67,971
996,00	68,817
996,16	69,005
996,33	69,600
996,49	70,050
996,65	67,327
996,82	70,166
996,98	67,050
997,14	69,741
997,31	68,775
997,47	68,822
997,63	72,702
997,79	70,562
997,96	67,934
998,12	66,275
998,28	67,845
998,45	69,414
998,61	68,812
998,77	69,528
998,94	69,803
999,10	68,757
999,26	68,171
999,43	68,024
999,59	67,229
999,75	70,453
999,91	69,562
1000,08	69,649
1000,24	68,219
1000,40	68,316
1000,57	69,099
1000,73	69,789
1000,89	70,425
1001,05	71,209
1001,22	66,421
1001,38	68,976
1001,54	67,182
1001,70	69,070
1001,87	67,526
1002,03	69,012
1002,19	70,985
1002,35	68,867
1002,52	69,557
1002,68	69,700
1002,84	71,332
1003,00	70,769
1003,17	67,704
1003,33	71,518
1003,49	72,743
1003,65	68,849
1003,82	69,988
1003,98	68,647
1004,14	68,787
1004,30	69,502
1004,47	68,674
1004,63	71,974
1004,79	68,416
1004,95	69,980
1005,11	67,865
1005,28	71,208
1005,44	72,344
1005,60	66,624
1005,76	67,731
1005,93	68,702
1006,09	70,078
1006,25	70,013
1006,41	72,805
1006,57	69,530
1006,74	68,547
1006,90	68,513
1007,06	71,452
1007,22	70,554
1007,38	70,653
1007,55	68,202
1007,71	69,525
1007,87	67,013
1008,03	70,807
1008,19	70,323
1008,35	68,370
1008,52	71,180
1008,68	65,353
1008,84	70,932
1009,00	76,728
1009,16	73,859
1009,32	70,090
1009,49	66,914
1009,65	72,230
1009,81	67,057
1009,97	70,561
1010,13	69,810
1010,29	71,983
1010,46	68,636
1010,62	73,098
1010,78	71,388
1010,94	67,821
1011,10	69,704
1011,26	69,550
1011,42	68,165
1011,59	74,196
1011,75	73,752
1011,91	70,911
1012,07	69,695
1012,23	71,936
1012,39	72,191
1012,55	69,169
1012,71	72,541
1012,88	70,604
1013,04	74,459
1013,20	69,668
1013,36	68,274
1013,52	71,508
1013,68	67,655
1013,84	70,780
1014,00	69,137
1014,16	74,048
1014,33	75,320
1014,49	68,849
1014,65	69,840
1014,81	71,856
1014,97	73,421
1015,13	72,214
1015,29	69,959
1015,45	72,103
1015,61	67,944
1015,77	69,717
1015,93	66,243
1016,09	69,907
1016,26	70,940
1016,42	67,826
1016,58	73,086
1016,74	67,395
1016,90	72,124
1017,06	70,814
1017,22	60,328
1017,38	69,738
1017,54	68,060
1017,70	71,456
1017,86	66,094
1018,02	68,681
1018,18	70,892
1018,34	70,798
1018,50	74,461
1018,66	70,991
1018,82	67,912
1018,98	68,743
1019,14	71,879
1019,31	64,773
1019,47	66,977
1019,63	68,300
1019,79	69,237
1019,95	74,851
1020,11	67,703
1020,27	68,172
1020,43	66,912
1020,59	68,756
1020,75	71,205
1020,91	69,441
1021,07	71,012
1021,23	75,510
1021,39	71,089
1021,55	70,833
1021,71	72,399
1021,87	70,293
1022,03	71,456
1022,19	69,335
1022,35	68,656
1022,51	67,449
1022,67	66,634
1022,83	69,263
1022,99	68,705
1023,15	76,573
1023,31	66,410
1023,47	71,053
1023,63	69,075
1023,79	67,516
1023,95	71,457
1024,10	68,887
1024,26	74,557
1024,42	71,168
1024,58	69,985
1024,74	64,164
1024,90	72,387
1025,06	70,146
1025,22	67,163
1025,38	64,190
1025,54	69,579
1025,70	70,085
1025,86	75,942
1026,02	69,984
1026,18	69,851
1026,34	74,636
1026,50	72,765
1026,66	70,243
1026,82	72,058
1026,98	77,030
1027,13	68,444
1027,29	65,141
1027,45	69,253
1027,61	78,010
1027,77	73,373
1027,93	69,074
1028,09	66,647
1028,25	67,958
1028,41	71,710
1028,57	65,986
1028,73	69,958
1028,88	77,689
1029,04	77,959
1029,20	69,472
1029,36	76,264
1029,52	72,405
1029,68	63,874
1029,84	64,018
1030,00	68,746
1030,16	80,511
1030,32	62,311
1030,47	70,132
1030,63	64,178
1030,79	71,504
1030,95	63,920
1031,11	57,184
1031,27	80,196
1031,43	75,214
1031,59	72,969
1031,74	74,866
1031,90	71,063
1032,06	69,792
1032,22	73,045
1032,38	76,028
1032,54	73,896
1032,69	72,386
1032,85	75,283
1033,01	77,713
1033,17	70,728
1033,33	72,740
1033,49	74,603
1033,65	71,863
1033,80	77,149
1033,96	68,495
1034,12	71,394
1034,28	63,516
1034,44	80,384
1034,60	78,299
1034,75	66,129
1034,91	68,499
1035,07	71,895
1035,23	60,000
1035,39	66,422
1035,54	62,081
1035,70	77,661
1035,86	76,072
1036,02	77,281
1036,18	67,317
1036,33	68,864
1036,49	72,611
1036,65	69,129
1036,81	63,905
1036,97	69,885
1037,12	77,509
1037,28	74,254
1037,44	70,397
1037,60	72,268
1037,76	70,098
1037,91	79,278
1038,07	79,353
1038,23	77,382
1038,39	76,122
1038,54	82,123
1038,70	64,223
1038,86	82,502
1039,02	78,261
1039,17	67,697
1039,33	67,996
1039,49	84,274
1039,65	75,681
1039,80	66,497
1039,96	72,013
1040,12	71,183
1040,28	85,663
>>>>> Data<<<<< Espectral Procesado Extremo
