Fichero De Datos De SpectraSuite
++++++++++++++++++++++++++++++++++++
Fecha: Mon Jul 06 12:14:18 CST 2026
Usuario: rofer
Presente Oscuro Del Espectro: Sí
La Referencia de Presente Del Espectro De: Sí
Muestreados de los componentes de Número de espectros: 1
Espectrómetros: USB4H06056
Tiempo de integración (usec): 300000 (USB4H06056)
Promedio de Espectros Hechos un: 5 (USB4H06056)
El Alisar Del Furgón: 0 (USB4H06056)
Párrafo de de Corregir del la del del de Eléctrica del obscuridad: No (USB4H06056)
Estrobo/Lámpara Permitido: No (USB4H06056)
Correct for Detector Non-linearity: No (USB4H06056)
Párrafo de de Corregir del la del del de Externa del luz: No (USB4H06056)
Procesado del espectro de Número de pixeles en: 3648
>>>>> Comienza Data<<<<< Espectral Procesado Del EL
345,09	164,706
345,30	164,706
345,52	164,706
345,74	-172,500
345,95	73,077
346,17	-306,667
346,39	210,526
346,60	-254,286
346,82	14,754
347,04	135,593
347,25	-268,182
347,47	60,256
347,69	-530,435
347,90	-69,091
348,12	421,622
348,34	436,667
348,56	-887,500
348,77	233,333
348,99	75,926
349,21	56,284
349,42	12,500
349,64	85,535
349,86	4,464
350,07	110,145
350,29	63,137
350,51	59,006
350,72	-10,345
350,94	58,201
351,16	24,324
351,37	78,205
351,59	2,632
351,81	80,588
352,02	53,091
352,24	54,545
352,46	40,580
352,67	43,956
352,89	61,184
353,10	-25,000
353,32	36,638
353,54	78,534
353,75	44,297
353,97	60,674
354,19	81,818
354,40	-16,477
354,62	36,087
354,84	-26,515
355,05	55,866
355,27	-14,286
355,49	34,361
355,70	83,696
355,92	28,571
356,14	69,302
356,35	28,947
356,57	46,296
356,78	52,941
357,00	21,687
357,22	97,630
357,43	44,309
357,65	13,992
357,87	74,667
358,08	177,869
358,30	52,258
358,51	11,976
358,73	34,872
358,95	83,117
359,16	29,114
359,38	66,949
359,60	66,667
359,81	6,993
360,03	49,198
360,24	60,140
360,46	99,363
360,68	-18,391
360,89	169,231
361,11	70,335
361,33	197,059
361,54	60,360
361,76	98,611
361,97	-26,471
362,19	28,070
362,41	105,747
362,62	32,701
362,84	-14,689
363,05	61,714
363,27	57,619
363,49	95,238
363,70	46,923
363,92	77,027
364,13	-2,985
364,35	74,194
364,57	65,957
364,78	127,679
365,00	41,096
365,21	38,996
365,43	-34,375
365,65	89,958
365,86	-131,579
366,08	44,715
366,29	184,615
366,51	32,301
366,73	58,908
366,94	26,587
367,16	190,909
367,37	-71,154
367,59	17,480
367,80	37,209
368,02	0,855
368,24	147,761
368,45	44,554
368,67	61,584
368,88	59,406
369,10	-5,512
369,31	68,878
369,53	50,929
369,75	56,641
369,96	18,725
370,18	87,556
370,39	32,967
370,61	40,588
370,82	59,184
371,04	44,076
371,26	106,504
371,47	69,748
371,69	73,356
371,90	98,095
372,12	52,569
372,33	28,962
372,55	28,517
372,76	72,014
372,98	43,455
373,20	59,149
373,41	93,333
373,63	21,127
373,84	83,051
374,06	66,818
374,27	52,229
374,49	76,800
374,70	58,696
374,92	40,826
375,13	13,131
375,35	54,452
375,57	8,187
375,78	50,920
376,00	27,128
376,21	121,935
376,43	46,304
376,64	53,689
376,86	82,470
377,07	61,728
377,29	26,415
377,50	23,784
377,72	31,683
377,93	58,912
378,15	30,952
378,36	51,288
378,58	50,336
378,80	28,627
379,01	40,230
379,23	28,293
379,44	51,685
379,66	78,616
379,87	46,260
380,09	70,803
380,30	77,316
380,52	103,061
380,73	45,607
380,95	64,088
381,16	6,855
381,38	79,125
381,59	56,098
381,81	25,397
382,02	96,070
382,24	42,439
382,45	61,218
382,67	37,736
382,88	46,885
383,10	7,666
383,31	20,988
383,53	73,246
383,74	86,975
383,96	64,120
384,17	72,118
384,39	41,956
384,60	38,182
384,82	-47,826
385,03	45,556
385,25	30,469
385,46	44,499
385,68	62,000
385,89	-0,810
386,11	72,619
386,32	47,945
386,54	49,724
386,75	25,243
386,97	69,543
387,18	56,818
387,40	43,767
387,61	66,558
387,83	49,508
388,04	70,300
388,25	70,504
388,47	44,037
388,68	64,898
388,90	54,598
389,11	82,178
389,33	43,939
389,54	-33,083
389,76	48,175
389,97	55,985
390,19	58,005
390,40	74,775
390,62	47,592
390,83	46,628
391,05	51,266
391,26	49,386
391,47	53,191
391,69	134,628
391,90	57,071
392,12	30,321
392,33	56,129
392,55	45,318
392,76	52,475
392,98	70,526
393,19	51,820
393,41	70,419
393,62	46,929
393,83	48,673
394,05	58,765
394,26	57,173
394,48	61,283
394,69	48,527
394,91	75,446
395,12	54,084
395,34	57,822
395,55	46,200
395,76	64,301
395,98	44,301
396,19	53,667
396,41	50,700
396,62	40,691
396,84	41,978
397,05	36,427
397,26	43,614
397,48	43,992
397,69	57,172
397,91	34,646
398,12	52,332
398,33	45,351
398,55	52,783
398,76	43,785
398,98	48,395
399,19	64,133
399,41	56,130
399,62	36,226
399,83	41,147
400,05	44,333
400,26	53,359
400,48	37,255
400,69	61,071
400,90	66,804
401,12	54,943
401,33	58,980
401,55	67,757
401,76	38,226
401,97	31,111
402,19	46,285
402,40	51,170
402,62	42,087
402,83	34,156
403,04	64,877
403,26	46,486
403,47	46,037
403,69	39,611
403,90	37,037
404,11	53,623
404,33	49,077
404,54	57,462
404,76	44,817
404,97	32,241
405,18	39,620
405,40	55,224
405,61	38,515
405,83	47,319
406,04	67,486
406,25	51,587
406,47	38,026
406,68	43,202
406,89	49,086
407,11	48,117
407,32	39,868
407,54	49,702
407,75	33,154
407,96	43,651
408,18	32,922
408,39	43,564
408,60	47,657
408,82	57,323
409,03	39,807
409,24	26,010
409,46	38,203
409,67	39,936
409,89	36,793
410,10	31,886
410,31	49,464
410,53	42,581
410,74	46,172
410,95	40,987
411,17	48,252
411,38	27,666
411,59	35,317
411,81	41,620
412,02	37,791
412,23	39,575
412,45	37,327
412,66	32,792
412,87	35,573
413,09	37,098
413,30	38,789
413,51	33,220
413,73	33,625
413,94	38,849
414,15	30,088
414,37	32,580
414,58	36,220
414,79	29,977
415,01	25,059
415,22	32,624
415,43	30,477
415,65	21,195
415,86	27,849
416,07	33,203
416,29	28,257
416,50	24,745
416,71	23,969
416,93	29,125
417,14	28,588
417,35	28,649
417,57	30,494
417,78	25,312
417,99	29,140
418,21	22,261
418,42	23,415
418,63	24,563
418,85	20,371
419,06	28,473
419,27	21,446
419,48	22,101
419,70	21,793
419,91	20,266
420,12	24,812
420,34	22,814
420,55	25,659
420,76	22,731
420,98	21,841
421,19	23,851
421,40	19,548
421,61	19,684
421,83	15,128
422,04	16,432
422,25	21,894
422,47	20,585
422,68	14,520
422,89	23,908
423,11	17,899
423,32	21,758
423,53	19,700
423,74	19,298
423,96	17,947
424,17	18,478
424,38	18,385
424,59	15,089
424,81	17,107
425,02	17,791
425,23	14,569
425,45	17,124
425,66	15,557
425,87	13,103
426,08	16,724
426,30	15,316
426,51	17,357
426,72	16,251
426,93	13,512
427,15	14,447
427,36	16,046
427,57	16,928
427,79	15,306
428,00	13,585
428,21	-9,288
428,42	15,602
428,64	14,471
428,85	15,766
429,06	14,779
429,27	14,605
429,49	17,607
429,70	14,123
429,91	16,122
430,12	15,972
430,34	12,074
430,55	13,415
430,76	13,035
430,97	15,286
431,19	15,532
431,40	14,465
431,61	10,484
431,82	12,088
432,03	13,691
432,25	13,869
432,46	12,968
432,67	12,584
432,88	15,803
433,10	12,666
433,31	14,825
433,52	15,093
433,73	13,626
433,95	14,720
434,16	13,072
434,37	13,757
434,58	12,842
434,79	15,557
435,01	14,358
435,22	14,773
435,43	15,615
435,64	12,364
435,86	13,737
436,07	14,363
436,28	14,121
436,49	14,250
436,70	13,725
436,92	13,015
437,13	14,265
437,34	12,502
437,55	13,144
437,76	14,346
437,98	13,767
438,19	13,113
438,40	13,757
438,61	12,148
438,82	12,668
439,04	14,122
439,25	14,676
439,46	13,398
439,67	13,822
439,88	13,414
440,10	14,042
440,31	11,726
440,52	13,284
440,73	15,275
440,94	11,307
441,16	13,554
441,37	13,545
441,58	12,967
441,79	12,291
442,00	13,217
442,21	13,875
442,43	14,189
442,64	12,873
442,85	14,092
443,06	13,151
443,27	12,442
443,48	12,407
443,70	12,659
443,91	13,043
444,12	12,077
444,33	10,951
444,54	12,695
444,75	13,257
444,97	13,032
445,18	11,702
445,39	13,528
445,60	13,564
445,81	12,765
446,02	12,121
446,24	13,532
446,45	13,220
446,66	12,173
446,87	12,773
447,08	12,829
447,29	12,476
447,51	13,336
447,72	12,739
447,93	13,465
448,14	14,493
448,35	13,763
448,56	14,409
448,77	13,379
448,99	12,353
449,20	11,397
449,41	12,128
449,62	12,477
449,83	13,036
450,04	12,623
450,25	13,035
450,46	14,015
450,68	13,778
450,89	13,119
451,10	12,610
451,31	13,241
451,52	12,349
451,73	14,550
451,94	12,785
452,15	13,906
452,37	12,187
452,58	12,306
452,79	13,272
453,00	12,985
453,21	12,905
453,42	12,688
453,63	12,818
453,84	12,552
454,06	11,908
454,27	13,951
454,48	13,333
454,69	13,952
454,90	14,077
455,11	13,185
455,32	13,441
455,53	12,585
455,74	13,647
455,95	13,506
456,17	12,417
456,38	13,772
456,59	13,197
456,80	12,793
457,01	11,956
457,22	13,444
457,43	12,346
457,64	13,302
457,85	13,771
458,06	13,196
458,27	12,431
458,49	14,188
458,70	11,623
458,91	12,468
459,12	13,371
459,33	12,550
459,54	12,093
459,75	12,827
459,96	11,345
460,17	12,477
460,38	12,910
460,59	13,283
460,80	12,753
461,01	13,065
461,23	14,092
461,44	13,325
461,65	13,533
461,86	14,807
462,07	13,762
462,28	13,284
462,49	13,337
462,70	12,993
462,91	13,229
463,12	12,682
463,33	12,893
463,54	12,284
463,75	13,464
463,96	14,138
464,17	13,319
464,38	12,162
464,59	13,729
464,81	14,094
465,02	15,056
465,23	13,078
465,44	13,584
465,65	14,238
465,86	13,926
466,07	12,005
466,28	12,020
466,49	13,391
466,70	13,558
466,91	13,489
467,12	12,347
467,33	13,899
467,54	13,438
467,75	13,231
467,96	13,291
468,17	13,590
468,38	13,420
468,59	12,479
468,80	13,107
469,01	13,848
469,22	14,028
469,43	13,073
469,64	14,175
469,85	13,965
470,06	13,209
470,27	13,834
470,48	13,261
470,69	14,333
470,90	13,853
471,11	14,175
471,32	13,786
471,53	14,339
471,74	12,693
471,95	12,651
472,16	13,019
472,37	13,431
472,58	14,162
472,79	13,501
473,00	12,739
473,21	13,486
473,42	12,573
473,63	12,661
473,84	12,715
474,05	13,794
474,26	13,445
474,47	13,684
474,68	13,388
474,89	13,226
475,10	14,541
475,31	14,411
475,52	14,086
475,73	13,763
475,94	14,063
476,15	13,212
476,36	12,055
476,57	13,896
476,78	13,027
476,99	13,875
477,20	12,896
477,41	13,710
477,62	13,110
477,83	13,469
478,04	13,234
478,25	14,176
478,46	13,455
478,67	13,501
478,88	13,855
479,09	13,406
479,30	13,711
479,51	13,216
479,72	12,677
479,93	13,491
480,14	12,919
480,35	13,335
480,56	14,144
480,77	13,111
480,98	13,445
481,18	13,154
481,39	13,077
481,60	13,594
481,81	13,789
482,02	13,209
482,23	13,153
482,44	13,792
482,65	13,054
482,86	13,747
483,07	13,523
483,28	13,215
483,49	13,919
483,70	13,372
483,91	13,739
484,12	13,945
484,33	13,594
484,53	14,314
484,74	13,600
484,95	13,215
485,16	13,466
485,37	13,533
485,58	14,027
485,79	13,541
486,00	13,828
486,21	13,549
486,42	13,808
486,63	13,361
486,84	13,609
487,05	13,601
487,25	13,473
487,46	13,448
487,67	13,465
487,88	13,885
488,09	13,556
488,30	13,599
488,51	15,124
488,72	13,332
488,93	13,854
489,14	13,524
489,35	13,265
489,55	13,763
489,76	13,694
489,97	13,433
490,18	13,890
490,39	13,145
490,60	13,039
490,81	13,436
491,02	13,472
491,23	13,522
491,43	14,000
491,64	13,631
491,85	13,928
492,06	14,208
492,27	13,805
492,48	13,616
492,69	13,705
492,90	13,545
493,11	13,810
493,31	14,250
493,52	13,489
493,73	13,829
493,94	13,571
494,15	13,440
494,36	13,359
494,57	13,324
494,78	13,528
494,98	13,572
495,19	13,528
495,40	13,645
495,61	13,703
495,82	13,533
496,03	13,825
496,24	13,584
496,44	13,962
496,65	13,681
496,86	13,628
497,07	14,053
497,28	13,798
497,49	13,927
497,70	14,082
497,90	14,034
498,11	13,812
498,32	13,728
498,53	13,486
498,74	13,573
498,95	13,340
499,15	13,942
499,36	13,545
499,57	13,728
499,78	14,038
499,99	13,994
500,20	13,964
500,40	13,891
500,61	14,153
500,82	13,659
501,03	13,705
501,24	13,974
501,45	13,923
501,65	14,147
501,86	13,878
502,07	13,843
502,28	14,022
502,49	14,029
502,70	14,039
502,90	13,888
503,11	13,973
503,32	13,964
503,53	13,730
503,74	13,597
503,94	14,242
504,15	13,971
504,36	13,791
504,57	14,152
504,78	14,031
504,98	14,145
505,19	14,030
505,40	13,994
505,61	14,126
505,82	13,892
506,02	13,991
506,23	14,174
506,44	14,222
506,65	13,633
506,86	14,334
507,06	14,234
507,27	13,824
507,48	14,132
507,69	14,252
507,90	14,066
508,10	14,334
508,31	14,209
508,52	13,951
508,73	14,454
508,94	14,433
509,14	14,163
509,35	13,854
509,56	14,147
509,77	14,642
509,97	14,285
510,18	14,095
510,39	14,237
510,60	14,541
510,80	14,299
511,01	14,341
511,22	14,319
511,43	14,416
511,64	14,546
511,84	14,648
512,05	14,352
512,26	14,966
512,47	14,476
512,67	14,575
512,88	14,342
513,09	14,433
513,30	14,716
513,50	14,196
513,71	15,036
513,92	14,410
514,13	14,437
514,33	14,915
514,54	14,490
514,75	14,167
514,96	14,697
515,16	14,587
515,37	14,661
515,58	14,815
515,78	14,777
515,99	14,800
516,20	15,022
516,41	14,821
516,61	14,900
516,82	15,031
517,03	14,677
517,24	15,266
517,44	15,237
517,65	15,202
517,86	15,329
518,07	15,092
518,27	15,409
518,48	15,183
518,69	15,178
518,89	15,448
519,10	15,279
519,31	15,141
519,52	15,521
519,72	15,791
519,93	15,583
520,14	15,745
520,34	15,824
520,55	15,642
520,76	15,738
520,96	15,824
521,17	15,707
521,38	15,932
521,59	15,729
521,79	15,726
522,00	15,929
522,21	16,352
522,41	16,558
522,62	16,296
522,83	16,660
523,03	16,353
523,24	16,791
523,45	16,648
523,66	16,536
523,86	16,484
524,07	16,653
524,28	17,148
524,48	16,768
524,69	16,887
524,90	16,663
525,10	17,290
525,31	16,956
525,52	17,298
525,72	17,539
525,93	17,242
526,14	17,495
526,34	17,531
526,55	16,933
526,76	17,640
526,96	17,650
527,17	17,847
527,38	17,292
527,58	17,901
527,79	17,886
528,00	18,029
528,20	17,936
528,41	17,930
528,62	17,952
528,82	18,136
529,03	18,277
529,24	18,359
529,44	18,407
529,65	18,728
529,85	18,887
530,06	18,390
530,27	18,635
530,47	18,715
530,68	18,605
530,89	18,756
531,09	18,865
531,30	19,138
531,51	19,034
531,71	18,955
531,92	19,198
532,13	19,187
532,33	19,126
532,54	19,527
532,74	19,584
532,95	19,458
533,16	19,467
533,36	19,226
533,57	19,280
533,78	19,598
533,98	19,521
534,19	19,448
534,39	19,532
534,60	19,583
534,81	19,800
535,01	19,854
535,22	19,769
535,42	20,006
535,63	19,569
535,84	20,021
536,04	20,018
536,25	20,041
536,45	20,165
536,66	20,269
536,87	19,919
537,07	20,401
537,28	20,340
537,48	20,442
537,69	20,458
537,90	20,252
538,10	20,658
538,31	20,418
538,51	20,284
538,72	20,851
538,93	20,237
539,13	20,599
539,34	20,668
539,54	20,447
539,75	20,606
539,96	20,461
540,16	20,580
540,37	20,492
540,57	20,715
540,78	20,730
540,98	20,824
541,19	20,466
541,40	20,456
541,60	21,274
541,81	20,676
542,01	21,126
542,22	20,812
542,42	20,828
542,63	20,984
542,83	21,219
543,04	20,922
543,25	20,787
543,45	20,978
543,66	20,921
543,86	21,299
544,07	21,289
544,27	20,794
544,48	20,977
544,68	20,961
544,89	20,711
545,10	21,206
545,30	20,887
545,51	20,957
545,71	20,990
545,92	21,080
546,12	21,257
546,33	21,258
546,53	21,134
546,74	21,195
546,94	21,167
547,15	21,467
547,36	21,349
547,56	21,241
547,77	21,376
547,97	21,587
548,18	21,453
548,38	21,397
548,59	21,069
548,79	21,188
549,00	21,243
549,20	21,371
549,41	21,461
549,61	21,085
549,82	21,283
550,02	21,120
550,23	21,615
550,43	21,331
550,64	21,326
550,84	21,505
551,05	21,228
551,25	21,515
551,46	21,545
551,66	21,456
551,87	21,708
552,07	21,572
552,28	21,376
552,48	21,585
552,69	21,622
552,89	21,520
553,10	21,587
553,30	21,591
553,51	21,552
553,71	21,446
553,92	21,450
554,12	21,402
554,33	21,669
554,53	21,663
554,74	21,353
554,94	21,625
555,15	21,392
555,35	21,465
555,56	21,183
555,76	21,482
555,97	21,883
556,17	21,517
556,38	21,599
556,58	21,352
556,78	21,458
556,99	21,712
557,19	21,568
557,40	21,573
557,60	21,544
557,81	21,688
558,01	21,775
558,22	21,380
558,42	21,600
558,63	21,681
558,83	21,566
559,04	21,507
559,24	21,216
559,44	21,564
559,65	21,498
559,85	21,747
560,06	21,223
560,26	21,546
560,47	21,430
560,67	18,198
560,88	21,440
561,08	21,497
561,28	21,418
561,49	21,472
561,69	21,213
561,90	21,203
562,10	21,126
562,31	21,155
562,51	21,220
562,71	21,335
562,92	21,151
563,12	21,173
563,33	21,125
563,53	21,127
563,74	21,317
563,94	21,065
564,14	21,147
564,35	21,300
564,55	21,079
564,76	21,082
564,96	21,117
565,17	21,041
565,37	21,079
565,57	20,976
565,78	21,026
565,98	20,838
566,19	20,765
566,39	20,600
566,59	20,777
566,80	20,731
567,00	20,714
567,21	20,545
567,41	20,951
567,61	20,871
567,82	20,842
568,02	20,600
568,23	20,287
568,43	20,602
568,63	20,289
568,84	20,395
569,04	20,121
569,24	20,617
569,45	20,332
569,65	20,281
569,86	20,222
570,06	19,956
570,26	20,224
570,47	19,994
570,67	19,772
570,87	19,965
571,08	20,005
571,28	19,731
571,49	19,847
571,69	19,574
571,89	19,638
572,10	19,815
572,30	19,599
572,50	19,634
572,71	19,325
572,91	19,481
573,11	19,473
573,32	19,742
573,52	19,383
573,73	19,135
573,93	19,199
574,13	19,300
574,34	19,044
574,54	18,929
574,74	19,037
574,95	18,928
575,15	19,042
575,35	18,911
575,56	19,313
575,76	18,800
575,96	18,983
576,17	18,872
576,37	19,077
576,57	18,843
576,78	18,718
576,98	18,824
577,18	18,698
577,39	18,370
577,59	18,434
577,79	18,500
578,00	18,507
578,20	18,491
578,40	18,225
578,61	18,362
578,81	18,400
579,01	18,080
579,22	18,095
579,42	18,135
579,62	18,191
579,82	18,025
580,03	17,932
580,23	18,045
580,43	17,720
580,64	17,769
580,84	18,122
581,04	17,806
581,25	17,982
581,45	17,596
581,65	17,721
581,86	17,911
582,06	17,443
582,26	17,749
582,46	17,437
582,67	17,544
582,87	17,374
583,07	17,472
583,28	17,145
583,48	17,386
583,68	17,397
583,88	17,460
584,09	17,436
584,29	17,285
584,49	17,253
584,70	17,396
584,90	17,232
585,10	17,285
585,30	17,085
585,51	17,216
585,71	17,345
585,91	17,197
586,11	17,111
586,32	17,070
586,52	17,234
586,72	17,315
586,92	17,280
587,13	17,103
587,33	16,946
587,53	16,863
587,74	16,932
587,94	16,917
588,14	16,970
588,34	16,995
588,55	16,893
588,75	16,965
588,95	16,883
589,15	16,866
589,36	16,765
589,56	16,701
589,76	16,704
589,96	16,717
590,16	16,798
590,37	16,531
590,57	16,833
590,77	16,483
590,97	16,757
591,18	16,938
591,38	16,598
591,58	17,025
591,78	16,780
591,99	16,467
592,19	16,507
592,39	16,573
592,59	16,566
592,79	16,624
593,00	16,503
593,20	16,575
593,40	16,602
593,60	16,512
593,81	16,513
594,01	16,636
594,21	16,306
594,41	16,489
594,61	16,438
594,82	16,214
595,02	16,446
595,22	16,463
595,42	16,195
595,62	16,380
595,83	16,254
596,03	16,193
596,23	16,162
596,43	16,468
596,63	16,305
596,84	16,278
597,04	16,206
597,24	16,336
597,44	16,437
597,64	16,265
597,84	15,997
598,05	16,195
598,25	16,124
598,45	15,965
598,65	15,987
598,85	16,193
599,06	16,276
599,26	16,597
599,46	16,249
599,66	16,148
599,86	16,263
600,06	16,122
600,27	16,127
600,47	16,148
600,67	16,338
600,87	16,164
601,07	16,100
601,27	16,139
601,48	16,312
601,68	16,225
601,88	15,937
602,08	16,228
602,28	16,082
602,48	16,045
602,68	15,985
602,89	16,004
603,09	16,025
603,29	16,325
603,49	16,043
603,69	15,946
603,89	16,117
604,09	16,189
604,30	16,084
604,50	16,032
604,70	16,059
604,90	16,168
605,10	16,135
605,30	16,039
605,50	15,994
605,71	15,998
605,91	15,957
606,11	15,855
606,31	16,164
606,51	16,253
606,71	15,742
606,91	15,764
607,11	15,988
607,32	15,980
607,52	15,849
607,72	15,860
607,92	15,971
608,12	16,032
608,32	15,661
608,52	15,819
608,72	15,607
608,92	15,861
609,12	15,767
609,33	15,739
609,53	15,918
609,73	15,864
609,93	15,989
610,13	15,687
610,33	15,951
610,53	15,765
610,73	15,763
610,93	15,773
611,13	15,818
611,34	15,827
611,54	15,723
611,74	15,894
611,94	15,575
612,14	15,885
612,34	15,873
612,54	15,633
612,74	15,602
612,94	15,585
613,14	15,611
613,34	15,466
613,54	15,577
613,74	15,576
613,95	15,675
614,15	15,502
614,35	15,487
614,55	15,281
614,75	15,324
614,95	15,289
615,15	15,588
615,35	15,562
615,55	15,609
615,75	15,443
615,95	15,464
616,15	15,483
616,35	15,321
616,55	15,172
616,75	15,530
616,95	15,424
617,15	15,248
617,35	15,326
617,56	15,356
617,76	15,347
617,96	15,435
618,16	15,435
618,36	15,259
618,56	15,150
618,76	15,207
618,96	15,177
619,16	15,156
619,36	15,120
619,56	15,072
619,76	15,166
619,96	15,134
620,16	15,023
620,36	15,167
620,56	15,134
620,76	15,162
620,96	15,130
621,16	15,034
621,36	15,081
621,56	15,231
621,76	15,335
621,96	15,019
622,16	14,999
622,36	15,069
622,56	15,049
622,76	15,073
622,96	15,262
623,16	15,001
623,36	15,095
623,56	14,974
623,76	15,021
623,96	15,216
624,16	15,185
624,36	14,872
624,56	14,941
624,76	15,141
624,96	15,033
625,16	14,929
625,36	14,852
625,56	15,005
625,76	15,080
625,96	14,918
626,16	14,908
626,36	14,874
626,56	15,078
626,76	14,947
626,96	15,116
627,16	14,870
627,36	14,926
627,56	14,957
627,76	14,862
627,96	15,100
628,16	15,078
628,36	14,814
628,56	14,883
628,75	14,994
628,95	14,655
629,15	14,797
629,35	14,840
629,55	14,827
629,75	15,024
629,95	14,799
630,15	14,889
630,35	14,972
630,55	14,775
630,75	14,721
630,95	14,834
631,15	15,133
631,35	14,962
631,55	14,531
631,75	14,861
631,95	15,015
632,15	14,746
632,34	14,642
632,54	14,695
632,74	14,886
632,94	14,844
633,14	15,005
633,34	14,993
633,54	14,918
633,74	14,843
633,94	14,813
634,14	14,702
634,34	14,792
634,54	14,781
634,74	14,775
634,93	14,874
635,13	14,890
635,33	14,974
635,53	14,802
635,73	14,736
635,93	14,742
636,13	14,698
636,33	14,780
636,53	14,621
636,73	14,487
636,93	14,661
637,12	14,794
637,32	14,522
637,52	14,642
637,72	14,604
637,92	14,765
638,12	14,768
638,32	14,634
638,52	14,495
638,72	14,780
638,91	14,568
639,11	14,715
639,31	14,840
639,51	14,501
639,71	14,756
639,91	14,454
640,11	14,454
640,31	14,512
640,50	14,456
640,70	14,547
640,90	14,281
641,10	14,708
641,30	14,537
641,50	14,339
641,70	14,538
641,89	14,456
642,09	14,509
642,29	14,391
642,49	14,403
642,69	14,381
642,89	14,249
643,09	14,348
643,28	14,476
643,48	14,332
643,68	14,170
643,88	14,181
644,08	14,290
644,28	14,370
644,48	14,303
644,67	14,221
644,87	14,286
645,07	14,220
645,27	13,967
645,47	14,305
645,67	14,254
645,86	14,074
646,06	14,387
646,26	14,004
646,46	13,955
646,66	14,123
646,85	14,121
647,05	14,371
647,25	14,047
647,45	14,099
647,65	14,001
647,85	13,978
648,04	14,236
648,24	14,152
648,44	14,143
648,64	14,048
648,84	13,880
649,03	13,981
649,23	13,799
649,43	13,937
649,63	14,087
649,83	13,988
650,02	13,872
650,22	13,928
650,42	13,804
650,62	13,748
650,82	13,848
651,01	13,883
651,21	13,736
651,41	13,895
651,61	13,800
651,81	13,767
652,00	14,010
652,20	13,974
652,40	13,832
652,60	13,991
652,79	13,885
652,99	13,756
653,19	13,747
653,39	13,835
653,59	13,881
653,78	13,805
653,98	13,619
654,18	13,863
654,38	13,688
654,57	13,644
654,77	13,840
654,97	13,781
655,17	13,703
655,36	13,814
655,56	13,860
655,76	13,832
655,96	13,787
656,15	13,742
656,35	13,601
656,55	13,691
656,75	13,587
656,94	13,584
657,14	13,849
657,34	13,578
657,54	13,676
657,73	13,698
657,93	13,760
658,13	13,445
658,33	13,895
658,52	13,529
658,72	14,812
658,92	13,711
659,11	13,650
659,31	13,411
659,51	13,590
659,71	13,655
659,90	13,483
660,10	13,623
660,30	13,753
660,50	13,563
660,69	13,534
660,89	13,483
661,09	13,570
661,28	13,556
661,48	13,706
661,68	13,666
661,87	13,705
662,07	13,640
662,27	13,485
662,47	13,606
662,66	13,792
662,86	13,681
663,06	13,606
663,25	13,739
663,45	13,554
663,65	13,625
663,84	13,625
664,04	13,420
664,24	13,432
664,44	13,497
664,63	13,549
664,83	13,539
665,03	13,625
665,22	13,565
665,42	13,489
665,62	13,478
665,81	13,563
666,01	13,406
666,21	13,370
666,40	13,561
666,60	13,396
666,80	13,600
666,99	13,469
667,19	13,485
667,39	13,467
667,58	13,589
667,78	13,625
667,98	13,626
668,17	13,594
668,37	13,604
668,57	13,460
668,76	13,509
668,96	13,388
669,16	13,594
669,35	13,611
669,55	13,422
669,74	13,290
669,94	13,408
670,14	13,419
670,33	13,338
670,53	13,488
670,73	13,375
670,92	13,612
671,12	13,516
671,32	13,580
671,51	13,493
671,71	13,355
671,90	13,533
672,10	13,421
672,30	13,463
672,49	13,380
672,69	13,649
672,89	13,579
673,08	13,344
673,28	13,292
673,47	13,526
673,67	13,604
673,87	13,568
674,06	13,470
674,26	13,392
674,45	13,558
674,65	13,453
674,85	13,415
675,04	13,645
675,24	13,455
675,43	13,679
675,63	13,697
675,83	13,634
676,02	13,590
676,22	13,639
676,41	13,596
676,61	13,736
676,81	13,799
677,00	13,616
677,20	13,755
677,39	13,623
677,59	13,701
677,79	13,565
677,98	13,748
678,18	13,749
678,37	13,565
678,57	13,645
678,76	13,645
678,96	13,739
679,16	13,713
679,35	13,715
679,55	13,571
679,74	13,651
679,94	14,026
680,13	13,647
680,33	13,706
680,53	13,713
680,72	13,667
680,92	13,745
681,11	13,695
681,31	13,660
681,50	13,828
681,70	13,621
681,89	13,647
682,09	13,788
682,28	13,737
682,48	13,704
682,68	13,812
682,87	13,610
683,07	13,836
683,26	13,837
683,46	13,756
683,65	13,745
683,85	13,705
684,04	13,905
684,24	13,742
684,43	13,825
684,63	13,818
684,82	13,748
685,02	13,816
685,21	14,026
685,41	13,774
685,60	13,909
685,80	13,966
686,00	13,826
686,19	13,961
686,39	14,012
686,58	13,834
686,78	13,922
686,97	13,956
687,17	13,931
687,36	13,724
687,56	13,947
687,75	13,795
687,95	14,042
688,14	14,007
688,34	13,862
688,53	14,078
688,73	14,021
688,92	14,102
689,12	14,000
689,31	14,020
689,51	14,134
689,70	14,093
689,89	14,026
690,09	13,927
690,28	14,143
690,48	14,135
690,67	14,163
690,87	14,260
691,06	14,052
691,26	14,196
691,45	14,271
691,65	14,214
691,84	14,218
692,04	14,151
692,23	14,196
692,43	14,119
692,62	14,439
692,82	14,439
693,01	14,315
693,20	14,456
693,40	14,644
693,59	14,568
693,79	14,703
693,98	14,450
694,18	14,613
694,37	14,917
694,57	14,701
694,76	14,916
694,95	14,913
695,15	14,982
695,34	15,004
695,54	15,018
695,73	15,357
695,93	15,267
696,12	15,570
696,32	15,389
696,51	15,452
696,70	15,738
696,90	15,761
697,09	15,754
697,29	15,932
697,48	16,187
697,67	16,269
697,87	16,370
698,06	16,494
698,26	16,661
698,45	16,622
698,65	16,997
698,84	17,223
699,03	17,154
699,23	17,528
699,42	17,588
699,62	17,747
699,81	17,952
700,00	18,094
700,20	18,108
700,39	18,399
700,59	18,711
700,78	18,611
700,97	18,773
701,17	19,205
701,36	19,206
701,56	19,602
701,75	19,756
701,94	19,614
702,14	20,158
702,33	20,382
702,52	20,396
702,72	20,753
702,91	20,911
703,11	20,981
703,30	21,163
703,49	21,503
703,69	21,697
703,88	21,931
704,07	22,070
704,27	22,356
704,46	22,752
704,66	22,872
704,85	23,109
705,04	23,225
705,24	23,370
705,43	23,616
705,62	23,961
705,82	24,353
706,01	24,458
706,20	24,737
706,40	25,122
706,59	25,365
706,78	25,272
706,98	25,333
707,17	25,767
707,36	26,016
707,56	26,393
707,75	26,463
707,94	26,884
708,14	26,915
708,33	27,123
708,52	27,472
708,72	27,621
708,91	27,977
709,10	28,281
709,30	28,186
709,49	28,590
709,68	28,895
709,88	28,911
710,07	29,439
710,26	29,449
710,46	29,559
710,65	29,929
710,84	30,276
711,04	30,473
711,23	30,870
711,42	30,974
711,61	31,138
711,81	31,412
712,00	31,883
712,19	31,934
712,39	32,153
712,58	32,444
712,77	32,455
712,97	32,837
713,16	32,937
713,35	33,348
713,54	33,183
713,74	33,981
713,93	34,103
714,12	34,476
714,32	34,564
714,51	34,607
714,70	35,066
714,89	35,304
715,09	35,330
715,28	35,587
715,47	35,813
715,66	36,188
715,86	36,448
716,05	36,736
716,24	36,678
716,44	37,177
716,63	37,595
716,82	37,746
717,01	37,951
717,21	38,224
717,40	38,279
717,59	38,450
717,78	38,672
717,98	38,850
718,17	39,048
718,36	39,367
718,55	39,518
718,75	39,917
718,94	39,946
719,13	40,410
719,32	40,502
719,52	40,435
719,71	41,138
719,90	41,250
720,09	41,370
720,28	41,776
720,48	41,968
720,67	42,175
720,86	42,300
721,05	42,778
721,25	43,173
721,44	43,155
721,63	43,705
721,82	43,563
722,01	43,854
722,21	44,017
722,40	44,281
722,59	44,481
722,78	44,881
722,98	45,216
723,17	45,165
723,36	45,588
723,55	45,728
723,74	45,808
723,94	45,921
724,13	46,225
724,32	46,860
724,51	47,106
724,70	47,192
724,89	47,297
725,09	47,907
725,28	47,794
725,47	48,081
725,66	48,149
725,85	48,590
726,05	48,656
726,24	49,091
726,43	49,482
726,62	49,300
726,81	49,581
727,00	49,936
727,20	50,122
727,39	50,043
727,58	50,440
727,77	50,879
727,96	50,566
728,15	51,028
728,35	51,322
728,54	51,304
728,73	52,059
728,92	52,203
729,11	52,238
729,30	52,434
729,50	52,663
729,69	53,097
729,88	52,864
730,07	52,956
730,26	53,583
730,45	53,715
730,64	53,800
730,84	53,822
731,03	54,281
731,22	54,591
731,41	54,862
731,60	54,673
731,79	54,590
731,98	55,075
732,18	55,445
732,37	55,096
732,56	55,309
732,75	55,856
732,94	55,948
733,13	55,803
733,32	56,212
733,51	56,443
733,71	56,515
733,90	56,951
734,09	56,963
734,28	57,197
734,47	57,510
734,66	57,340
734,85	57,542
735,04	58,112
735,23	58,172
735,42	58,011
735,62	58,266
735,81	58,443
736,00	58,454
736,19	58,912
736,38	58,827
736,57	59,270
736,76	59,503
736,95	59,275
737,14	59,344
737,33	60,160
737,52	59,673
737,72	60,120
737,91	60,069
738,10	60,594
738,29	60,550
738,48	60,046
738,67	60,652
738,86	60,989
739,05	60,833
739,24	61,037
739,43	61,112
739,62	61,316
739,81	61,618
740,00	61,374
740,19	61,599
740,39	61,671
740,58	62,109
740,77	61,591
740,96	61,933
741,15	62,468
741,34	62,675
741,53	62,191
741,72	62,668
741,91	62,559
742,10	63,170
742,29	62,963
742,48	63,684
742,67	63,411
742,86	63,266
743,05	63,487
743,24	63,459
743,43	63,227
743,62	63,775
743,81	63,852
744,00	64,180
744,19	64,072
744,38	64,123
744,57	64,250
744,76	64,529
744,95	64,521
745,14	64,816
745,33	64,728
745,52	64,646
745,71	64,529
745,90	64,745
746,09	64,759
746,28	64,795
746,47	64,922
746,66	65,376
746,85	65,363
747,04	65,141
747,23	65,375
747,42	65,284
747,61	65,422
747,80	65,631
747,99	65,336
748,18	65,512
748,37	65,750
748,56	65,772
748,75	66,115
748,94	65,410
749,13	65,827
749,32	66,653
749,51	65,576
749,70	66,016
749,89	66,512
750,08	65,594
750,27	66,401
750,46	66,158
750,65	66,349
750,84	66,480
751,03	66,734
751,22	66,577
751,41	66,553
751,60	66,391
751,79	67,266
751,98	66,857
752,17	67,096
752,36	66,853
752,55	67,171
752,74	67,209
752,93	67,146
753,12	67,044
753,30	67,196
753,49	66,773
753,68	67,079
753,87	66,930
754,06	67,331
754,25	67,058
754,44	67,142
754,63	67,218
754,82	67,452
755,01	67,290
755,20	67,382
755,39	67,286
755,58	67,683
755,77	67,423
755,96	67,588
756,14	67,444
756,33	67,727
756,52	67,377
756,71	67,626
756,90	67,905
757,09	67,342
757,28	67,629
757,47	68,044
757,66	67,569
757,85	68,247
758,04	67,590
758,22	67,953
758,41	68,417
758,60	68,225
758,79	68,167
758,98	67,864
759,17	68,002
759,36	67,718
759,55	68,449
759,74	68,088
759,92	67,858
760,11	67,996
760,30	68,227
760,49	67,870
760,68	68,053
760,87	67,838
761,06	68,459
761,25	67,727
761,43	68,296
761,62	68,329
761,81	68,428
762,00	67,506
762,19	67,993
762,38	68,117
762,57	68,320
762,76	68,224
762,94	68,722
763,13	68,613
763,32	68,769
763,51	68,685
763,70	68,695
763,89	68,387
764,07	68,466
764,26	68,299
764,45	68,527
764,64	68,253
764,83	68,721
765,02	68,765
765,21	68,451
765,39	68,564
765,58	68,447
765,77	68,457
765,96	69,071
766,15	68,500
766,34	68,611
766,52	68,459
766,71	69,124
766,90	68,460
767,09	68,156
767,28	68,584
767,46	68,569
767,65	68,404
767,84	68,643
768,03	68,453
768,22	68,970
768,40	68,443
768,59	68,537
768,78	69,015
768,97	68,733
769,16	68,543
769,34	68,559
769,53	68,204
769,72	68,079
769,91	68,439
770,10	68,698
770,28	68,280
770,47	68,547
770,66	68,755
770,85	68,877
771,04	68,922
771,22	68,709
771,41	69,154
771,60	69,009
771,79	68,703
771,98	68,638
772,16	68,834
772,35	68,544
772,54	68,252
772,73	68,344
772,91	69,179
773,10	68,124
773,29	69,113
773,48	68,656
773,66	68,804
773,85	68,662
774,04	68,335
774,23	69,230
774,41	68,634
774,60	68,659
774,79	68,600
774,98	68,313
775,16	68,572
775,35	68,245
775,54	68,447
775,73	68,756
775,91	68,705
776,10	68,665
776,29	68,661
776,48	68,276
776,66	68,151
776,85	68,904
777,04	68,321
777,23	68,666
777,41	68,830
777,60	68,705
777,79	68,560
777,97	68,752
778,16	68,967
778,35	68,792
778,54	68,231
778,72	68,344
778,91	68,991
779,10	68,745
779,28	68,161
779,47	68,083
779,66	69,004
779,85	68,435
780,03	67,934
780,22	68,750
780,41	68,786
780,59	68,963
780,78	69,096
780,97	68,940
781,15	68,811
781,34	68,344
781,53	68,620
781,71	69,244
781,90	68,580
782,09	68,851
782,27	69,185
782,46	68,971
782,65	68,530
782,84	69,131
783,02	68,083
783,21	69,036
783,40	68,412
783,58	68,660
783,77	68,660
783,96	68,752
784,14	69,486
784,33	69,127
784,52	68,556
784,70	68,438
784,89	68,606
785,07	68,873
785,26	69,054
785,45	68,870
785,63	68,634
785,82	68,790
786,01	68,751
786,19	68,718
786,38	69,206
786,57	68,544
786,75	68,306
786,94	68,503
787,13	68,614
787,31	68,824
787,50	68,618
787,68	68,449
787,87	68,806
788,06	69,114
788,24	68,054
788,43	68,667
788,62	68,340
788,80	68,703
788,99	68,579
789,17	68,688
789,36	68,736
789,55	69,032
789,73	69,169
789,92	69,004
790,10	69,014
790,29	68,734
790,48	69,035
790,66	68,651
790,85	69,267
791,03	69,150
791,22	68,882
791,41	68,933
791,59	68,771
791,78	68,930
791,96	69,045
792,15	69,046
792,34	68,093
792,52	68,319
792,71	68,953
792,89	68,504
793,08	68,983
793,27	68,825
793,45	69,104
793,64	68,649
793,82	69,042
794,01	69,002
794,19	69,035
794,38	68,963
794,57	68,464
794,75	68,772
794,94	68,965
795,12	68,558
795,31	69,271
795,49	69,112
795,68	69,547
795,86	68,719
796,05	68,743
796,24	69,246
796,42	69,152
796,61	68,674
796,79	68,807
796,98	68,496
797,16	69,205
797,35	69,209
797,53	69,378
797,72	68,402
797,90	69,062
798,09	68,447
798,27	68,836
798,46	68,840
798,65	68,859
798,83	68,972
799,02	68,553
799,20	69,217
799,39	68,709
799,57	69,396
799,76	68,744
799,94	68,445
800,13	68,724
800,31	68,670
800,50	68,724
800,68	68,770
800,87	68,901
801,05	68,679
801,24	69,008
801,42	68,842
801,61	68,998
801,79	69,020
801,98	68,652
802,16	68,786
802,35	69,087
802,53	69,154
802,72	68,832
802,90	68,753
803,09	69,104
803,27	68,775
803,46	69,008
803,64	69,477
803,83	68,849
804,01	68,829
804,20	68,850
804,38	68,290
804,56	69,039
804,75	69,154
804,93	68,528
805,12	68,823
805,30	68,896
805,49	68,602
805,67	68,478
805,86	68,964
806,04	69,065
806,23	69,191
806,41	68,632
806,59	68,678
806,78	68,435
806,96	68,518
807,15	69,166
807,33	68,736
807,52	68,810
807,70	68,451
807,89	68,754
808,07	69,205
808,25	68,809
808,44	69,080
808,62	68,399
808,81	68,732
808,99	68,462
809,18	68,450
809,36	69,001
809,54	68,812
809,73	68,434
809,91	68,639
810,10	69,189
810,28	68,882
810,47	69,116
810,65	68,840
810,83	68,992
811,02	68,603
811,20	68,403
811,39	68,907
811,57	69,066
811,75	68,545
811,94	68,850
812,12	68,902
812,31	68,613
812,49	68,385
812,67	68,745
812,86	69,230
813,04	68,993
813,23	68,375
813,41	69,092
813,59	68,868
813,78	68,395
813,96	68,498
814,14	68,783
814,33	68,840
814,51	68,747
814,70	68,687
814,88	69,025
815,06	68,934
815,25	68,687
815,43	68,842
815,61	68,714
815,80	68,941
815,98	69,173
816,16	69,307
816,35	69,159
816,53	68,511
816,72	68,486
816,90	68,575
817,08	68,844
817,27	68,764
817,45	68,631
817,63	68,526
817,82	68,849
818,00	68,516
818,18	68,498
818,37	68,643
818,55	68,761
818,73	69,397
818,92	68,531
819,10	68,997
819,28	68,357
819,47	68,704
819,65	68,586
819,83	68,630
820,02	68,291
820,20	68,451
820,38	69,203
820,57	69,082
820,75	68,819
820,93	68,324
821,11	69,228
821,30	68,619
821,48	68,680
821,66	68,688
821,85	68,525
822,03	68,915
822,21	68,793
822,40	68,271
822,58	68,404
822,76	68,891
822,94	68,918
823,13	68,544
823,31	69,011
823,49	68,617
823,68	68,815
823,86	68,390
824,04	68,902
824,22	68,638
824,41	69,142
824,59	68,869
824,77	68,708
824,96	68,836
825,14	68,459
825,32	69,188
825,50	69,219
825,69	68,527
825,87	69,093
826,05	68,816
826,23	68,847
826,42	68,275
826,60	68,573
826,78	68,889
826,96	68,238
827,15	68,498
827,33	69,104
827,51	68,679
827,69	68,897
827,88	69,001
828,06	68,552
828,24	68,644
828,42	69,036
828,61	68,757
828,79	68,936
828,97	69,010
829,15	69,045
829,34	68,622
829,52	68,545
829,70	68,479
829,88	68,715
830,06	68,487
830,25	69,006
830,43	68,490
830,61	69,005
830,79	68,807
830,97	68,663
831,16	68,959
831,34	68,784
831,52	68,775
831,70	68,595
831,89	69,377
832,07	68,621
832,25	68,579
832,43	68,402
832,61	68,215
832,80	68,818
832,98	68,793
833,16	68,711
833,34	68,285
833,52	69,156
833,70	68,627
833,89	68,706
834,07	68,288
834,25	68,591
834,43	68,999
834,61	69,206
834,80	69,173
834,98	68,729
835,16	68,664
835,34	68,736
835,52	68,907
835,70	68,782
835,89	68,976
836,07	69,009
836,25	68,842
836,43	68,942
836,61	69,121
836,79	69,111
836,97	69,209
837,16	68,646
837,34	68,643
837,52	68,767
837,70	69,202
837,88	68,890
838,06	68,960
838,24	68,786
838,43	68,770
838,61	68,496
838,79	68,808
838,97	69,089
839,15	68,498
839,33	69,132
839,51	69,086
839,70	68,712
839,88	68,548
840,06	68,785
840,24	68,703
840,42	68,490
840,60	68,552
840,78	68,725
840,96	68,362
841,14	68,606
841,33	69,177
841,51	68,510
841,69	68,654
841,87	68,478
842,05	68,837
842,23	68,740
842,41	68,818
842,59	68,750
842,77	68,555
842,95	69,048
843,14	68,486
843,32	68,561
843,50	69,076
843,68	68,684
843,86	68,526
844,04	67,966
844,22	68,364
844,40	68,415
844,58	68,787
844,76	68,599
844,94	68,843
845,12	69,022
845,30	69,072
845,49	68,509
845,67	67,967
845,85	69,031
846,03	68,678
846,21	69,345
846,39	68,379
846,57	68,253
846,75	68,622
846,93	68,501
847,11	68,809
847,29	69,088
847,47	69,240
847,65	69,301
847,83	68,707
848,01	68,727
848,19	68,306
848,37	68,263
848,55	68,796
848,73	69,009
848,91	68,655
849,09	69,091
849,27	69,001
849,46	68,914
849,64	68,811
849,82	68,264
850,00	68,691
850,18	68,467
850,36	68,942
850,54	68,667
850,72	68,278
850,90	68,383
851,08	68,397
851,26	68,157
851,44	68,955
851,62	68,939
851,80	68,827
851,98	68,089
852,16	68,722
852,34	68,619
852,52	68,303
852,70	68,815
852,88	69,076
853,06	68,233
853,24	68,408
853,42	69,123
853,60	68,808
853,78	68,881
853,96	68,595
854,14	68,763
854,31	69,055
854,49	69,185
854,67	68,832
854,85	68,128
855,03	68,164
855,21	68,394
855,39	68,587
855,57	68,456
855,75	68,848
855,93	68,834
856,11	67,989
856,29	68,711
856,47	69,195
856,65	68,749
856,83	68,403
857,01	68,637
857,19	69,062
857,37	68,708
857,55	68,363
857,73	68,823
857,91	68,356
858,09	68,783
858,26	68,156
858,44	68,299
858,62	68,903
858,80	68,739
858,98	68,447
859,16	68,377
859,34	68,184
859,52	68,575
859,70	69,073
859,88	68,874
860,06	68,494
860,24	68,638
860,42	69,523
860,59	68,861
860,77	68,695
860,95	69,285
861,13	68,676
861,31	68,651
861,49	68,336
861,67	68,902
861,85	68,454
862,03	67,749
862,21	68,765
862,38	68,565
862,56	69,032
862,74	68,123
862,92	68,893
863,10	68,727
863,28	68,526
863,46	68,973
863,64	68,526
863,82	68,211
863,99	68,236
864,17	68,985
864,35	68,501
864,53	68,277
864,71	68,731
864,89	68,789
865,07	68,633
865,24	68,545
865,42	68,583
865,60	68,346
865,78	68,043
865,96	68,317
866,14	68,976
866,32	68,770
866,49	69,270
866,67	68,757
866,85	69,177
867,03	68,322
867,21	68,479
867,39	69,179
867,56	68,786
867,74	68,519
867,92	67,801
868,10	68,361
868,28	68,199
868,46	68,340
868,63	68,591
868,81	68,738
868,99	68,468
869,17	68,037
869,35	68,480
869,53	69,045
869,70	68,620
869,88	69,292
870,06	68,515
870,24	68,205
870,42	68,423
870,59	68,773
870,77	68,682
870,95	68,237
871,13	68,634
871,31	69,457
871,48	68,197
871,66	68,935
871,84	68,971
872,02	68,683
872,20	69,235
872,37	68,755
872,55	69,057
872,73	68,013
872,91	69,111
873,08	68,393
873,26	68,517
873,44	68,097
873,62	68,908
873,80	69,166
873,97	68,747
874,15	68,353
874,33	68,919
874,51	68,169
874,68	68,853
874,86	68,488
875,04	68,584
875,22	68,740
875,39	68,823
875,57	68,845
875,75	68,448
875,93	68,886
876,10	69,012
876,28	68,835
876,46	68,772
876,64	69,299
876,81	68,397
876,99	68,469
877,17	67,688
877,35	68,608
877,52	68,708
877,70	69,083
877,88	68,816
878,06	68,209
878,23	68,621
878,41	69,092
878,59	68,447
878,76	68,235
878,94	68,454
879,12	68,603
879,30	68,802
879,47	68,334
879,65	68,877
879,83	68,181
880,00	68,696
880,18	68,579
880,36	68,680
880,53	68,347
880,71	68,881
880,89	68,162
881,07	68,974
881,24	68,213
881,42	68,822
881,60	68,947
881,77	69,525
881,95	69,022
882,13	68,848
882,30	68,319
882,48	68,606
882,66	68,323
882,83	68,806
883,01	69,075
883,19	68,204
883,36	68,961
883,54	68,563
883,72	68,737
883,89	68,785
884,07	68,510
884,25	68,214
884,42	68,275
884,60	67,754
884,78	68,761
884,95	68,471
885,13	68,277
885,31	68,911
885,48	69,050
885,66	68,154
885,84	68,469
886,01	68,781
886,19	67,849
886,36	68,416
886,54	68,366
886,72	69,187
886,89	68,678
887,07	68,406
887,25	68,877
887,42	68,757
887,60	68,652
887,78	68,931
887,95	68,610
888,13	68,165
888,30	67,833
888,48	68,312
888,66	68,752
888,83	68,458
889,01	68,495
889,18	68,378
889,36	68,939
889,54	68,392
889,71	68,813
889,89	68,292
890,06	68,390
890,24	68,850
890,42	69,286
890,59	67,843
890,77	68,521
890,94	68,124
891,12	68,205
891,30	67,882
891,47	68,544
891,65	67,823
891,82	68,791
892,00	69,102
892,17	67,813
892,35	69,184
892,53	67,949
892,70	68,781
892,88	68,461
893,05	68,256
893,23	68,358
893,40	68,537
893,58	68,288
893,75	68,083
893,93	68,911
894,11	67,974
894,28	68,427
894,46	68,562
894,63	68,458
894,81	68,439
894,98	68,172
895,16	68,873
895,33	67,962
895,51	68,607
895,68	68,835
895,86	68,974
896,04	68,113
896,21	68,178
896,39	68,233
896,56	69,282
896,74	68,395
896,91	69,029
897,09	67,901
897,26	68,677
897,44	68,113
897,61	67,553
897,79	68,895
897,96	68,654
898,14	67,853
898,31	68,943
898,49	68,805
898,66	67,973
898,84	68,474
899,01	68,530
899,19	68,903
899,36	68,713
899,54	68,780
899,71	68,481
899,89	68,263
900,06	67,990
900,24	68,876
900,41	68,392
900,59	68,153
900,76	67,970
900,94	68,700
901,11	68,597
901,29	68,760
901,46	68,538
901,63	68,318
901,81	67,951
901,98	67,597
902,16	68,172
902,33	68,828
902,51	68,499
902,68	68,778
902,86	68,301
903,03	68,143
903,21	68,320
903,38	67,346
903,56	68,682
903,73	68,023
903,90	68,393
904,08	68,939
904,25	68,701
904,43	68,669
904,60	68,741
904,78	68,444
904,95	68,994
905,12	68,099
905,30	68,420
905,47	68,219
905,65	68,349
905,82	68,559
906,00	67,614
906,17	68,541
906,34	68,852
906,52	68,498
906,69	68,630
906,87	68,706
907,04	69,362
907,21	68,279
907,39	68,298
907,56	67,891
907,74	68,065
907,91	69,612
908,08	68,641
908,26	68,457
908,43	69,148
908,61	68,056
908,78	68,617
908,95	67,952
909,13	68,882
909,30	68,975
909,48	68,934
909,65	68,199
909,82	68,296
910,00	68,392
910,17	68,235
910,34	67,850
910,52	67,596
910,69	67,819
910,87	67,976
911,04	67,554
911,21	67,793
911,39	68,069
911,56	68,201
911,73	69,259
911,91	69,071
912,08	68,418
912,25	68,080
912,43	68,348
912,60	67,679
912,77	68,561
912,95	69,069
913,12	68,267
913,29	68,497
913,47	68,588
913,64	68,537
913,81	67,908
913,99	68,796
914,16	68,830
914,33	68,829
914,51	68,076
914,68	68,584
914,85	68,469
915,03	68,315
915,20	67,685
915,37	68,923
915,55	68,632
915,72	68,266
915,89	68,533
916,07	67,833
916,24	68,661
916,41	68,193
916,59	67,874
916,76	68,532
916,93	68,484
917,10	68,412
917,28	68,557
917,45	68,922
917,62	68,305
917,80	68,100
917,97	69,070
918,14	69,118
918,31	69,495
918,49	69,684
918,66	68,599
918,83	68,396
919,01	69,299
919,18	68,729
919,35	69,368
919,52	69,247
919,70	68,988
919,87	68,377
920,04	68,506
920,21	67,852
920,39	68,504
920,56	67,923
920,73	69,050
920,90	67,427
921,08	68,592
921,25	68,910
921,42	69,035
921,59	68,640
921,77	68,327
921,94	68,550
922,11	67,851
922,28	68,650
922,46	69,045
922,63	68,778
922,80	67,834
922,97	67,661
923,15	68,200
923,32	68,527
923,49	68,629
923,66	68,948
923,83	68,798
924,01	67,820
924,18	68,425
924,35	68,447
924,52	68,926
924,69	68,363
924,87	67,940
925,04	68,733
925,21	68,354
925,38	68,587
925,55	68,962
925,73	67,882
925,90	68,842
926,07	68,182
926,24	68,214
926,41	68,938
926,59	68,898
926,76	68,053
926,93	67,369
927,10	68,435
927,27	68,523
927,45	68,456
927,62	68,740
927,79	67,100
927,96	68,941
928,13	68,329
928,30	67,771
928,48	68,689
928,65	68,397
928,82	69,214
928,99	68,672
929,16	68,105
929,33	67,913
929,50	68,276
929,68	68,826
929,85	68,206
930,02	68,141
930,19	67,940
930,36	68,631
930,53	68,583
930,70	69,065
930,88	68,117
931,05	68,725
931,22	68,243
931,39	68,944
931,56	68,383
931,73	68,146
931,90	68,114
932,08	68,224
932,25	67,961
932,42	68,730
932,59	69,612
932,76	67,929
932,93	68,382
933,10	69,386
933,27	68,379
933,44	67,262
933,62	68,261
933,79	67,145
933,96	69,270
934,13	68,536
934,30	68,058
934,47	67,982
934,64	67,220
934,81	69,446
934,98	69,676
935,15	69,704
935,32	69,112
935,50	69,199
935,67	68,138
935,84	68,480
936,01	68,358
936,18	69,507
936,35	68,388
936,52	68,406
936,69	67,594
936,86	69,612
937,03	67,517
937,20	68,288
937,37	68,354
937,54	69,033
937,71	67,760
937,89	67,141
938,06	68,256
938,23	69,660
938,40	67,506
938,57	70,179
938,74	68,988
938,91	68,242
939,08	68,309
939,25	68,182
939,42	67,449
939,59	69,486
939,76	68,651
939,93	70,149
940,10	69,389
940,27	70,633
940,44	70,141
940,61	69,168
940,78	67,885
940,95	68,837
941,12	68,272
941,29	69,856
941,46	67,823
941,63	66,982
941,80	67,054
941,97	69,268
942,14	71,076
942,31	69,527
942,48	69,238
942,65	66,322
942,82	68,955
942,99	67,792
943,16	69,163
943,33	67,409
943,50	68,350
943,67	67,410
943,84	68,770
944,01	69,698
944,18	68,913
944,35	67,477
944,52	67,615
944,69	65,177
944,86	70,720
945,03	68,866
945,20	67,680
945,37	66,862
945,54	69,814
945,71	69,193
945,88	67,375
946,05	68,452
946,22	68,923
946,39	69,606
946,56	67,640
946,73	70,405
946,90	67,376
947,07	66,822
947,23	68,605
947,40	66,980
947,57	67,685
947,74	66,618
947,91	68,893
948,08	67,170
948,25	66,631
948,42	69,445
948,59	68,183
948,76	67,325
948,93	69,695
949,10	68,885
949,27	69,139
949,44	66,667
949,60	66,803
949,77	66,892
949,94	70,159
950,11	68,494
950,28	67,988
950,45	68,166
950,62	68,249
950,79	66,268
950,96	69,306
951,13	68,680
951,30	69,550
951,46	68,671
951,63	69,866
951,80	67,082
951,97	70,115
952,14	69,005
952,31	69,262
952,48	67,221
952,65	68,395
952,81	68,383
952,98	67,399
953,15	68,447
953,32	67,799
953,49	69,982
953,66	68,260
953,83	68,595
954,00	68,592
954,16	68,369
954,33	66,739
954,50	66,177
954,67	67,017
954,84	69,654
955,01	65,676
955,18	66,714
955,34	67,256
955,51	68,007
955,68	67,243
955,85	66,380
956,02	69,447
956,19	69,218
956,35	68,996
956,52	69,031
956,69	65,866
956,86	68,354
957,03	66,467
957,20	65,507
957,36	67,586
957,53	69,159
957,70	68,023
957,87	66,931
958,04	67,359
958,21	68,183
958,37	66,965
958,54	66,804
958,71	67,915
958,88	66,703
959,05	67,355
959,21	66,782
959,38	67,457
959,55	67,746
959,72	68,717
959,89	68,122
960,05	67,973
960,22	68,507
960,39	66,280
960,56	68,714
960,72	67,479
960,89	67,430
961,06	65,328
961,23	68,069
961,40	66,388
961,56	66,960
961,73	67,577
961,90	66,503
962,07	66,535
962,23	66,397
962,40	67,927
962,57	67,040
962,74	68,094
962,90	66,829
963,07	66,659
963,24	66,925
963,41	69,321
963,57	68,652
963,74	68,645
963,91	66,945
964,08	67,737
964,24	67,837
964,41	67,982
964,58	66,941
964,75	67,142
964,91	66,095
965,08	68,124
965,25	68,825
965,42	67,655
965,58	67,780
965,75	67,558
965,92	67,890
966,08	66,323
966,25	68,524
966,42	67,166
966,59	68,351
966,75	65,276
966,92	69,310
967,09	68,572
967,25	68,325
967,42	68,203
967,59	66,545
967,75	67,449
967,92	68,005
968,09	68,173
968,26	69,008
968,42	66,598
968,59	66,720
968,76	66,096
968,92	67,661
969,09	67,896
969,26	67,978
969,42	65,920
969,59	67,283
969,76	67,290
969,92	67,865
970,09	67,780
970,26	68,768
970,42	68,299
970,59	67,595
970,76	67,628
970,92	67,098
971,09	67,564
971,26	68,831
971,42	68,132
971,59	66,404
971,76	66,937
971,92	67,918
972,09	66,056
972,25	67,613
972,42	68,682
972,59	66,573
972,75	68,018
972,92	67,372
973,09	67,602
973,25	69,586
973,42	68,058
973,58	67,402
973,75	67,542
973,92	66,812
974,08	67,282
974,25	68,734
974,42	68,173
974,58	66,869
974,75	66,675
974,91	69,031
975,08	66,891
975,25	68,895
975,41	66,288
975,58	66,995
975,74	68,541
975,91	66,605
976,08	67,025
976,24	66,762
976,41	68,828
976,57	67,794
976,74	66,351
976,91	68,511
977,07	65,834
977,24	67,172
977,40	68,370
977,57	67,976
977,73	67,163
977,90	69,915
978,07	67,405
978,23	68,010
978,40	68,675
978,56	65,962
978,73	67,524
978,89	67,409
979,06	67,013
979,22	67,249
979,39	67,444
979,56	66,789
979,72	69,711
979,89	67,068
980,05	66,671
980,22	67,420
980,38	66,300
980,55	67,361
980,71	67,247
980,88	65,874
981,04	68,104
981,21	66,438
981,37	68,082
981,54	66,432
981,70	67,300
981,87	66,065
982,04	69,453
982,20	65,619
982,37	67,516
982,53	69,391
982,70	67,585
982,86	70,123
983,03	68,966
983,19	68,625
983,36	65,407
983,52	65,067
983,69	69,113
983,85	67,222
984,02	67,989
984,18	67,755
984,35	66,574
984,51	68,024
984,68	68,216
984,84	67,695
985,00	68,377
985,17	67,136
985,33	66,587
985,50	67,686
985,66	67,380
985,83	67,218
985,99	68,639
986,16	67,656
986,32	67,085
986,49	67,760
986,65	68,378
986,82	66,052
986,98	67,969
987,15	70,994
987,31	67,716
987,47	67,946
987,64	68,110
987,80	67,074
987,97	66,921
988,13	68,806
988,30	69,377
988,46	68,056
988,63	70,123
988,79	68,542
988,95	67,782
989,12	66,747
989,28	68,226
989,45	66,446
989,61	68,385
989,77	68,496
989,94	67,926
990,10	67,749
990,27	68,288
990,43	70,197
990,60	66,150
990,76	68,846
990,92	67,758
991,09	69,110
991,25	68,384
991,42	64,586
991,58	65,418
991,74	67,431
991,91	69,268
992,07	69,349
992,24	69,585
992,40	66,909
992,56	69,091
992,73	68,305
992,89	67,662
993,05	66,366
993,22	68,839
993,38	70,577
993,55	67,694
993,71	70,640
993,87	68,175
994,04	68,434
994,20	68,389
994,36	68,584
994,53	66,506
994,69	69,089
994,85	71,029
995,02	67,628
995,18	68,031
995,34	66,533
995,51	67,628
995,67	68,253
995,84	68,419
996,00	67,748
996,16	66,778
996,33	67,716
996,49	65,552
996,65	67,599
996,82	70,705
996,98	69,388
997,14	69,206
997,31	68,933
997,47	67,728
997,63	67,731
997,79	69,122
997,96	65,590
998,12	66,534
998,28	67,352
998,45	69,706
998,61	64,445
998,77	66,764
998,94	64,484
999,10	70,356
999,26	67,774
999,43	67,565
999,59	70,329
999,75	67,592
999,91	70,080
1000,08	69,320
1000,24	68,746
1000,40	66,963
1000,57	66,637
1000,73	71,947
1000,89	69,597
1001,05	68,804
1001,22	67,915
1001,38	66,749
1001,54	68,750
1001,70	67,318
1001,87	68,014
1002,03	67,031
1002,19	67,877
1002,35	68,317
1002,52	68,236
1002,68	69,304
1002,84	66,970
1003,00	70,574
1003,17	68,085
1003,33	66,755
1003,49	70,903
1003,65	67,722
1003,82	69,692
1003,98	70,270
1004,14	67,241
1004,30	69,577
1004,47	70,301
1004,63	70,791
1004,79	69,356
1004,95	71,410
1005,11	69,804
1005,28	71,486
1005,44	66,667
1005,60	67,389
1005,76	64,226
1005,93	72,112
1006,09	66,823
1006,25	67,471
1006,41	67,456
1006,57	69,258
1006,74	66,570
1006,90	70,845
1007,06	70,219
1007,22	71,868
1007,38	69,364
1007,55	67,375
1007,71	65,251
1007,87	63,925
1008,03	68,080
1008,19	67,742
1008,35	68,027
1008,52	69,610
1008,68	65,380
1008,84	68,344
1009,00	69,374
1009,16	68,804
1009,32	68,955
1009,49	67,656
1009,65	65,578
1009,81	67,085
1009,97	66,492
1010,13	70,937
1010,29	66,392
1010,46	68,727
1010,62	71,043
1010,78	67,468
1010,94	64,716
1011,10	69,150
1011,26	67,820
1011,42	68,754
1011,59	72,458
1011,75	70,048
1011,91	69,734
1012,07	65,882
1012,23	69,535
1012,39	72,224
1012,55	69,686
1012,71	68,257
1012,88	64,179
1013,04	70,163
1013,20	67,841
1013,36	64,919
1013,52	65,967
1013,68	69,565
1013,84	71,898
1014,00	66,757
1014,16	65,665
1014,33	69,034
1014,49	65,416
1014,65	68,739
1014,81	63,279
1014,97	70,781
1015,13	68,571
1015,29	71,323
1015,45	68,276
1015,61	67,622
1015,77	67,703
1015,93	66,933
1016,09	68,868
1016,26	71,312
1016,42	61,915
1016,58	74,535
1016,74	70,147
1016,90	68,040
1017,06	69,597
1017,22	57,760
1017,38	70,393
1017,54	66,325
1017,70	68,238
1017,86	70,620
1018,02	72,354
1018,18	69,532
1018,34	68,552
1018,50	66,720
1018,66	69,482
1018,82	67,165
1018,98	69,258
1019,14	68,684
1019,31	67,085
1019,47	68,163
1019,63	68,300
1019,79	67,158
1019,95	69,702
1020,11	69,320
1020,27	67,130
1020,43	66,955
1020,59	69,838
1020,75	67,551
1020,91	68,904
1021,07	75,172
1021,23	69,660
1021,39	69,162
1021,55	68,843
1021,71	71,382
1021,87	63,924
1022,03	70,243
1022,19	66,450
1022,35	66,743
1022,51	62,709
1022,67	69,066
1022,83	68,237
1022,99	67,742
1023,15	74,126
1023,31	62,884
1023,47	64,766
1023,63	69,378
1023,79	65,882
1023,95	65,729
1024,10	70,513
1024,26	73,698
1024,42	70,043
1024,58	70,793
1024,74	68,018
1024,90	73,719
1025,06	73,932
1025,22	69,399
1025,38	63,364
1025,54	70,964
1025,70	69,292
1025,86	74,335
1026,02	65,607
1026,18	67,675
1026,34	71,883
1026,50	71,344
1026,66	71,737
1026,82	68,928
1026,98	73,028
1027,13	72,579
1027,29	68,285
1027,45	72,424
1027,61	70,322
1027,77	71,164
1027,93	66,511
1028,09	69,175
1028,25	70,295
1028,41	61,623
1028,57	67,744
1028,73	64,393
1028,88	70,621
1029,04	68,084
1029,20	65,264
1029,36	75,368
1029,52	66,294
1029,68	68,670
1029,84	70,463
1030,00	69,627
1030,16	71,918
1030,32	67,614
1030,47	65,724
1030,63	60,576
1030,79	65,010
1030,95	66,910
1031,11	66,954
1031,27	65,752
1031,43	78,348
1031,59	69,078
1031,74	67,510
1031,90	63,122
1032,06	69,596
1032,22	69,040
1032,38	73,617
1032,54	75,038
1032,69	62,077
1032,85	70,113
1033,01	73,589
1033,17	73,027
1033,33	69,774
1033,49	78,968
1033,65	73,794
1033,80	65,385
1033,96	70,200
1034,12	70,827
1034,28	64,844
1034,44	69,736
1034,60	80,729
1034,75	65,242
1034,91	58,639
1035,07	78,595
1035,23	67,692
1035,39	67,889
1035,54	71,896
1035,70	73,124
1035,86	67,118
1036,02	70,965
1036,18	63,902
1036,33	75,629
1036,49	67,833
1036,65	69,697
1036,81	63,905
1036,97	69,407
1037,12	72,405
1037,28	76,026
1037,44	77,510
1037,60	72,176
1037,76	79,804
1037,91	73,861
1038,07	65,004
1038,23	70,452
1038,39	80,204
1038,54	73,929
1038,70	68,035
1038,86	72,439
1039,02	75,430
1039,17	79,063
1039,33	75,431
1039,49	76,503
1039,65	65,933
1039,80	62,030
1039,96	71,803
1040,12	70,134
1040,28	80,602
>>>>> Data<<<<< Espectral Procesado Extremo
