Fichero De Datos De SpectraSuite
++++++++++++++++++++++++++++++++++++
Fecha: Mon Jul 06 12:16:57 CST 2026
Usuario: rofer
Presente Oscuro Del Espectro: Sí
La Referencia de Presente Del Espectro De: Sí
Muestreados de los componentes de Número de espectros: 1
Espectrómetros: USB4H06056
Tiempo de integración (usec): 300000 (USB4H06056)
Promedio de Espectros Hechos un: 5 (USB4H06056)
El Alisar Del Furgón: 0 (USB4H06056)
Párrafo de de Corregir del la del del de Eléctrica del obscuridad: No (USB4H06056)
Estrobo/Lámpara Permitido: No (USB4H06056)
Correct for Detector Non-linearity: No (USB4H06056)
Párrafo de de Corregir del la del del de Externa del luz: No (USB4H06056)
Procesado del espectro de Número de pixeles en: 3648
>>>>> Comienza Data<<<<< Espectral Procesado Del EL
345,09	-48,077
345,30	-48,077
345,52	-48,077
345,74	311,538
345,95	-43,750
346,17	-126,471
346,39	4100,000
346,60	80,952
346,82	9,524
347,04	29,268
347,25	800,000
347,47	916,667
347,69	144,898
347,90	55,422
348,12	40,984
348,34	-26,923
348,56	119,048
348,77	-22,222
348,99	152,632
349,21	-67,290
349,42	12,583
349,64	37,791
349,86	57,371
350,07	23,144
350,29	53,030
350,51	110,000
350,72	22,727
350,94	33,103
351,16	39,610
351,37	12,057
351,59	-6,081
351,81	83,333
352,02	-6,227
352,24	72,059
352,46	-6,044
352,67	55,556
352,89	73,016
353,10	30,526
353,32	33,462
353,54	37,121
353,75	19,380
353,97	68,326
354,19	-47,917
354,40	15,984
354,62	44,574
354,84	29,193
355,05	-139,024
355,27	19,524
355,49	-31,361
355,70	33,862
355,92	9,630
356,14	51,818
356,35	17,993
356,57	30,213
356,78	55,603
357,00	64,977
357,22	-6,944
357,43	35,249
357,65	96,429
357,87	8,333
358,08	100,000
358,30	34,228
358,51	56,627
358,73	26,070
358,95	4,124
359,16	31,288
359,38	65,550
359,60	70,182
359,81	-142,857
360,03	69,945
360,24	7,469
360,46	67,890
360,68	27,624
360,89	-87,234
361,11	22,368
361,33	11,111
361,54	-9,690
361,76	40,826
361,97	-4,372
362,19	9,167
362,41	78,339
362,62	53,016
362,84	29,885
363,05	42,712
363,27	11,111
363,49	76,142
363,70	-20,940
363,92	15,041
364,13	8,416
364,35	9,346
364,57	25,967
364,78	35,714
365,00	5,202
365,21	42,089
365,43	-8,974
365,65	51,852
365,86	-1,186
366,08	46,502
366,29	40,500
366,51	67,857
366,73	11,565
366,94	70,501
367,16	9,392
367,37	41,781
367,59	59,190
367,80	-8,756
368,02	23,232
368,24	14,615
368,45	75,773
368,67	50,321
368,88	28,365
369,10	-6,557
369,31	45,078
369,53	5,505
369,75	46,043
369,96	-0,760
370,18	50,391
370,39	55,238
370,61	50,893
370,82	-18,391
371,04	57,018
371,26	74,691
371,47	48,246
371,69	43,878
371,90	13,084
372,12	52,035
372,33	13,095
372,55	28,017
372,76	-13,223
372,98	55,596
373,20	48,421
373,41	37,398
373,63	47,390
373,84	64,885
374,06	-54,369
374,27	46,429
374,49	63,279
374,70	37,798
374,92	79,618
375,13	11,818
375,35	-72,727
375,57	20,488
375,78	6,395
376,00	52,130
376,21	35,943
376,43	31,602
376,64	2,260
376,86	58,800
377,07	37,657
377,29	32,314
377,50	50,598
377,72	60,232
377,93	18,182
378,15	57,778
378,36	32,647
378,58	3,610
378,80	67,606
379,01	94,954
379,23	13,500
379,44	10,305
379,66	29,187
379,87	27,500
380,09	55,039
380,30	38,821
380,52	45,353
380,73	37,284
380,95	52,174
381,16	45,528
381,38	59,551
381,59	47,436
381,81	27,670
382,02	-0,800
382,24	58,065
382,45	47,345
382,67	70,447
382,88	78,346
383,10	75,000
383,31	62,896
383,53	100,000
383,74	31,667
383,96	33,600
384,17	39,161
384,39	59,184
384,60	37,838
384,82	39,689
385,03	39,252
385,25	55,471
385,46	27,431
385,68	41,935
385,89	43,558
386,11	51,170
386,32	59,762
386,54	49,127
386,75	52,747
386,97	54,427
387,18	42,117
387,40	47,015
387,61	37,532
387,83	47,500
388,04	47,045
388,25	29,367
388,47	46,798
388,68	24,507
388,90	-11,350
389,11	40,838
389,33	40,435
389,54	32,039
389,76	52,157
389,97	46,769
390,19	43,023
390,40	25,627
390,62	34,722
390,83	60,152
391,05	26,062
391,26	53,365
391,47	53,383
391,69	50,159
391,90	46,045
392,12	52,061
392,33	60,278
392,55	43,750
392,76	41,104
392,98	19,294
393,19	26,128
393,41	37,975
393,62	18,891
393,83	50,119
394,05	47,101
394,26	61,594
394,48	43,441
394,69	44,469
394,91	55,083
395,12	40,041
395,34	30,639
395,55	40,187
395,76	71,490
395,98	15,000
396,19	41,126
396,41	34,630
396,62	63,158
396,84	36,986
397,05	52,751
397,26	49,275
397,48	18,102
397,69	16,188
397,91	41,748
398,12	32,176
398,33	33,443
398,55	41,434
398,76	42,726
398,98	33,465
399,19	39,959
399,41	51,017
399,62	42,790
399,83	14,530
400,05	37,477
400,26	32,767
400,48	41,176
400,69	40,156
400,90	32,057
401,12	35,034
401,33	52,289
401,55	47,231
401,76	43,570
401,97	23,529
402,19	32,794
402,40	16,744
402,62	23,193
402,83	34,023
403,04	52,226
403,26	40,528
403,47	27,286
403,69	28,995
403,90	38,898
404,11	40,964
404,33	25,360
404,54	35,106
404,76	48,769
404,97	35,628
405,18	36,376
405,40	37,500
405,61	33,380
405,83	27,714
406,04	37,092
406,25	25,116
406,47	46,183
406,68	29,592
406,89	24,201
407,11	32,713
407,32	37,209
407,54	25,672
407,75	30,368
407,96	29,149
408,18	31,567
408,39	33,018
408,60	18,277
408,82	24,062
409,03	28,571
409,24	30,628
409,46	33,224
409,67	31,917
409,89	36,893
410,10	28,642
410,31	28,629
410,53	29,121
410,74	25,538
410,95	29,924
411,17	28,958
411,38	12,989
411,59	27,061
411,81	26,822
412,02	26,245
412,23	31,480
412,45	23,737
412,66	32,746
412,87	30,178
413,09	26,018
413,30	32,773
413,51	26,307
413,73	16,056
413,94	20,290
414,15	26,087
414,37	15,353
414,58	20,278
414,79	16,581
415,01	27,622
415,22	24,190
415,43	23,152
415,65	12,101
415,86	23,247
416,07	22,169
416,29	21,357
416,50	30,289
416,71	23,322
416,93	23,669
417,14	13,674
417,35	19,988
417,57	21,287
417,78	14,302
417,99	15,541
418,21	13,944
418,42	18,167
418,63	16,773
418,85	20,577
419,06	22,211
419,27	12,827
419,48	14,278
419,70	22,822
419,91	20,610
420,12	20,481
420,34	19,666
420,55	13,252
420,76	19,074
420,98	17,073
421,19	15,076
421,40	13,887
421,61	15,050
421,83	15,241
422,04	12,994
422,25	20,657
422,47	19,499
422,68	14,117
422,89	12,686
423,11	16,039
423,32	14,668
423,53	9,928
423,74	12,711
423,96	11,169
424,17	15,291
424,38	18,416
424,59	13,373
424,81	13,773
425,02	15,344
425,23	14,477
425,45	14,337
425,66	9,914
425,87	12,065
426,08	11,470
426,30	11,632
426,51	12,290
426,72	15,032
426,93	14,679
427,15	13,754
427,36	11,610
427,57	13,125
427,79	13,083
428,00	12,338
428,21	45,820
428,42	10,435
428,64	14,580
428,85	12,794
429,06	12,024
429,27	11,607
429,49	8,621
429,70	9,991
429,91	12,160
430,12	13,670
430,34	12,300
430,55	13,766
430,76	10,348
430,97	13,205
431,19	11,648
431,40	11,214
431,61	9,064
431,82	9,919
432,03	10,866
432,25	8,158
432,46	10,816
432,67	11,954
432,88	11,075
433,10	11,514
433,31	8,462
433,52	9,236
433,73	12,452
433,95	9,421
434,16	10,178
434,37	11,506
434,58	9,918
434,79	11,270
435,01	10,358
435,22	11,074
435,43	10,815
435,64	10,390
435,86	12,060
436,07	11,532
436,28	10,320
436,49	11,568
436,70	8,868
436,92	8,241
437,13	10,043
437,34	11,138
437,55	8,876
437,76	10,772
437,98	8,760
438,19	10,500
438,40	11,229
438,61	10,400
438,82	10,076
439,04	12,281
439,25	10,955
439,46	8,752
439,67	9,718
439,88	9,379
440,10	10,775
440,31	8,498
440,52	11,297
440,73	10,848
440,94	9,351
441,16	10,335
441,37	11,016
441,58	11,607
441,79	9,622
442,00	11,070
442,21	10,687
442,43	10,581
442,64	9,980
442,85	10,262
443,06	10,827
443,27	8,747
443,48	9,549
443,70	10,931
443,91	9,916
444,12	9,927
444,33	11,290
444,54	9,796
444,75	9,165
444,97	9,797
445,18	10,467
445,39	9,601
445,60	10,183
445,81	8,359
446,02	9,605
446,24	10,730
446,45	10,861
446,66	9,526
446,87	9,738
447,08	10,647
447,29	9,708
447,51	11,281
447,72	10,269
447,93	10,570
448,14	9,201
448,35	9,012
448,56	9,471
448,77	9,172
448,99	10,781
449,20	10,767
449,41	9,663
449,62	11,664
449,83	10,076
450,04	10,736
450,25	11,553
450,46	10,552
450,68	10,576
450,89	10,921
451,10	10,968
451,31	10,155
451,52	10,422
451,73	10,927
451,94	9,529
452,15	10,311
452,37	10,591
452,58	10,584
452,79	10,843
453,00	9,329
453,21	10,557
453,42	9,037
453,63	9,640
453,84	11,495
454,06	10,187
454,27	9,790
454,48	10,283
454,69	10,027
454,90	10,230
455,11	10,425
455,32	10,864
455,53	11,165
455,74	10,012
455,95	10,337
456,17	10,635
456,38	9,545
456,59	10,349
456,80	9,609
457,01	10,224
457,22	10,244
457,43	11,040
457,64	11,230
457,85	11,485
458,06	9,966
458,27	11,034
458,49	10,703
458,70	10,429
458,91	10,482
459,12	9,748
459,33	11,449
459,54	9,906
459,75	11,141
459,96	9,892
460,17	10,147
460,38	10,290
460,59	11,636
460,80	11,630
461,01	11,321
461,23	10,750
461,44	11,374
461,65	10,310
461,86	10,375
462,07	11,290
462,28	10,315
462,49	10,657
462,70	9,953
462,91	10,345
463,12	10,573
463,33	10,761
463,54	10,579
463,75	10,742
463,96	10,399
464,17	11,238
464,38	11,171
464,59	11,322
464,81	11,237
465,02	10,358
465,23	10,917
465,44	11,033
465,65	10,331
465,86	10,963
466,07	10,914
466,28	10,881
466,49	11,038
466,70	11,127
466,91	10,500
467,12	11,299
467,33	11,098
467,54	10,949
467,75	11,792
467,96	11,680
468,17	10,726
468,38	11,274
468,59	10,432
468,80	11,043
469,01	10,676
469,22	11,376
469,43	10,811
469,64	10,982
469,85	10,492
470,06	10,514
470,27	10,653
470,48	10,907
470,69	10,758
470,90	11,048
471,11	10,632
471,32	10,611
471,53	11,664
471,74	11,310
471,95	10,818
472,16	9,416
472,37	10,545
472,58	11,232
472,79	10,681
473,00	10,939
473,21	11,263
473,42	11,118
473,63	11,294
473,84	10,672
474,05	10,549
474,26	10,891
474,47	10,801
474,68	10,811
474,89	10,761
475,10	10,706
475,31	11,115
475,52	10,785
475,73	11,810
475,94	11,265
476,15	10,233
476,36	11,308
476,57	11,018
476,78	10,808
476,99	10,987
477,20	11,052
477,41	10,907
477,62	11,321
477,83	10,676
478,04	10,536
478,25	11,193
478,46	10,801
478,67	11,252
478,88	10,487
479,09	9,573
479,30	10,555
479,51	10,924
479,72	11,289
479,93	10,914
480,14	11,341
480,35	11,420
480,56	10,679
480,77	10,983
480,98	10,287
481,18	11,191
481,39	11,075
481,60	10,139
481,81	10,094
482,02	10,716
482,23	10,407
482,44	11,196
482,65	11,200
482,86	10,607
483,07	11,295
483,28	10,965
483,49	11,745
483,70	10,829
483,91	11,446
484,12	10,949
484,33	11,565
484,53	10,609
484,74	10,784
484,95	10,598
485,16	10,965
485,37	10,709
485,58	10,444
485,79	11,014
486,00	11,060
486,21	10,770
486,42	10,608
486,63	11,208
486,84	11,187
487,05	10,389
487,25	11,395
487,46	10,545
487,67	10,997
487,88	10,423
488,09	10,699
488,30	11,046
488,51	4,589
488,72	11,108
488,93	10,670
489,14	11,285
489,35	11,117
489,55	10,829
489,76	10,963
489,97	11,052
490,18	11,036
490,39	11,188
490,60	10,954
490,81	11,441
491,02	10,954
491,23	10,781
491,43	11,134
491,64	10,836
491,85	10,941
492,06	10,960
492,27	11,476
492,48	11,045
492,69	11,144
492,90	11,067
493,11	11,294
493,31	10,805
493,52	10,610
493,73	11,159
493,94	10,929
494,15	11,159
494,36	10,378
494,57	11,159
494,78	11,733
494,98	11,005
495,19	11,241
495,40	11,067
495,61	11,446
495,82	11,167
496,03	11,209
496,24	11,129
496,44	11,061
496,65	11,019
496,86	11,074
497,07	11,151
497,28	11,132
497,49	11,738
497,70	11,009
497,90	11,163
498,11	10,968
498,32	11,137
498,53	11,191
498,74	11,409
498,95	11,033
499,15	11,312
499,36	11,026
499,57	10,842
499,78	11,203
499,99	11,224
500,20	11,122
500,40	11,070
500,61	11,420
500,82	10,980
501,03	11,210
501,24	10,758
501,45	10,854
501,65	11,238
501,86	11,316
502,07	10,935
502,28	11,352
502,49	11,172
502,70	11,183
502,90	10,845
503,11	11,359
503,32	11,071
503,53	11,090
503,74	11,476
503,94	11,472
504,15	11,106
504,36	11,228
504,57	11,300
504,78	11,157
504,98	11,252
505,19	11,620
505,40	11,358
505,61	11,298
505,82	11,161
506,02	11,219
506,23	11,320
506,44	11,359
506,65	11,563
506,86	11,417
507,06	11,616
507,27	11,544
507,48	10,975
507,69	11,307
507,90	11,573
508,10	11,506
508,31	11,616
508,52	11,383
508,73	11,483
508,94	11,640
509,14	11,541
509,35	11,293
509,56	11,282
509,77	11,523
509,97	11,870
510,18	11,325
510,39	11,559
510,60	11,720
510,80	11,569
511,01	11,551
511,22	11,886
511,43	11,892
511,64	11,789
511,84	11,689
512,05	11,550
512,26	11,680
512,47	12,216
512,67	11,580
512,88	12,016
513,09	11,849
513,30	11,543
513,50	12,062
513,71	11,813
513,92	11,823
514,13	11,770
514,33	12,085
514,54	11,913
514,75	12,170
514,96	11,936
515,16	11,920
515,37	11,942
515,58	12,003
515,78	12,311
515,99	12,333
516,20	12,307
516,41	12,266
516,61	12,213
516,82	12,258
517,03	12,000
517,24	12,245
517,44	12,557
517,65	11,970
517,86	12,284
518,07	12,501
518,27	12,557
518,48	12,332
518,69	12,733
518,89	12,865
519,10	12,545
519,31	12,652
519,52	12,662
519,72	12,801
519,93	12,728
520,14	12,773
520,34	12,989
520,55	13,100
520,76	12,989
520,96	13,165
521,17	13,079
521,38	13,381
521,59	13,428
521,79	13,389
522,00	13,104
522,21	13,627
522,41	13,024
522,62	13,596
522,83	13,550
523,03	13,580
523,24	13,818
523,45	13,581
523,66	13,764
523,86	13,530
524,07	13,600
524,28	13,710
524,48	13,700
524,69	13,937
524,90	13,930
525,10	14,089
525,31	14,073
525,52	14,066
525,72	14,327
525,93	14,286
526,14	14,013
526,34	14,481
526,55	14,215
526,76	14,717
526,96	14,666
527,17	14,847
527,38	14,768
527,58	14,912
527,79	14,825
528,00	14,519
528,20	15,095
528,41	15,022
528,62	14,893
528,82	15,198
529,03	15,731
529,24	15,605
529,44	15,520
529,65	15,399
529,85	15,207
530,06	15,634
530,27	15,637
530,47	15,526
530,68	15,976
530,89	15,589
531,09	15,812
531,30	16,262
531,51	16,234
531,71	16,206
531,92	16,207
532,13	16,226
532,33	16,055
532,54	16,258
532,74	16,286
532,95	16,398
533,16	16,483
533,36	16,282
533,57	16,502
533,78	16,758
533,98	16,737
534,19	16,333
534,39	16,617
534,60	16,861
534,81	17,018
535,01	16,883
535,22	16,637
535,42	16,655
535,63	16,850
535,84	16,963
536,04	17,226
536,25	16,778
536,45	16,860
536,66	16,967
536,87	16,997
537,07	17,080
537,28	16,939
537,48	16,891
537,69	17,431
537,90	17,555
538,10	17,229
538,31	17,324
538,51	17,607
538,72	17,353
538,93	17,308
539,13	17,297
539,34	17,386
539,54	17,520
539,75	17,500
539,96	17,497
540,16	17,767
540,37	17,736
540,57	17,800
540,78	17,750
540,98	17,692
541,19	17,888
541,40	17,697
541,60	17,843
541,81	17,701
542,01	17,890
542,22	17,689
542,42	18,011
542,63	17,721
542,83	17,881
543,04	18,038
543,25	17,845
543,45	17,864
543,66	18,334
543,86	18,232
544,07	17,956
544,27	18,016
544,48	18,145
544,68	18,031
544,89	18,072
545,10	18,285
545,30	17,883
545,51	18,039
545,71	18,146
545,92	18,176
546,12	18,360
546,33	18,314
546,53	18,163
546,74	18,245
546,94	18,331
547,15	18,204
547,36	18,201
547,56	17,923
547,77	18,142
547,97	18,290
548,18	18,245
548,38	18,391
548,59	18,090
548,79	18,505
549,00	18,129
549,20	18,145
549,41	18,139
549,61	18,290
549,82	18,434
550,02	18,170
550,23	18,316
550,43	18,432
550,64	18,330
550,84	18,185
551,05	18,117
551,25	18,373
551,46	18,035
551,66	18,373
551,87	18,312
552,07	18,375
552,28	18,520
552,48	18,394
552,69	18,497
552,89	18,429
553,10	18,784
553,30	18,634
553,51	18,142
553,71	18,395
553,92	18,554
554,12	18,500
554,33	18,668
554,53	18,601
554,74	18,589
554,94	18,634
555,15	18,249
555,35	18,625
555,56	18,701
555,76	18,819
555,97	18,348
556,17	18,536
556,38	18,760
556,58	18,560
556,78	18,307
556,99	18,622
557,19	18,470
557,40	18,488
557,60	18,451
557,81	18,531
558,01	18,570
558,22	18,644
558,42	18,666
558,63	18,722
558,83	18,513
559,04	18,239
559,24	18,587
559,44	18,402
559,65	18,192
559,85	18,479
560,06	18,348
560,26	18,456
560,47	18,731
560,67	18,652
560,88	18,560
561,08	18,366
561,28	18,357
561,49	18,103
561,69	18,260
561,90	18,357
562,10	18,405
562,31	18,549
562,51	18,238
562,71	18,212
562,92	18,496
563,12	18,257
563,33	18,447
563,53	18,194
563,74	18,162
563,94	18,085
564,14	18,202
564,35	17,886
564,55	17,915
564,76	18,063
564,96	18,204
565,17	17,812
565,37	17,973
565,57	18,077
565,78	18,015
565,98	18,157
566,19	17,984
566,39	17,710
566,59	17,999
566,80	17,793
567,00	17,683
567,21	17,702
567,41	17,785
567,61	17,476
567,82	17,583
568,02	17,744
568,23	17,622
568,43	17,342
568,63	17,529
568,84	17,251
569,04	17,101
569,24	17,363
569,45	17,015
569,65	17,034
569,86	17,170
570,06	16,955
570,26	17,001
570,47	17,009
570,67	16,724
570,87	16,819
571,08	17,003
571,28	16,913
571,49	16,541
571,69	16,855
571,89	16,636
572,10	16,513
572,30	16,507
572,50	16,522
572,71	16,370
572,91	16,304
573,11	16,596
573,32	16,404
573,52	16,391
573,73	16,650
573,93	16,185
574,13	16,161
574,34	16,054
574,54	16,031
574,74	15,769
574,95	16,230
575,15	16,072
575,35	15,667
575,56	15,868
575,76	15,934
575,96	16,022
576,17	15,784
576,37	15,787
576,57	15,858
576,78	15,766
576,98	15,573
577,18	15,506
577,39	15,305
577,59	15,627
577,79	15,501
578,00	15,514
578,20	15,359
578,40	15,296
578,61	15,435
578,81	15,248
579,01	15,100
579,22	15,203
579,42	15,092
579,62	15,053
579,82	15,019
580,03	15,353
580,23	14,993
580,43	15,034
580,64	14,815
580,84	14,897
581,04	14,757
581,25	14,951
581,45	14,999
581,65	15,131
581,86	14,739
582,06	14,737
582,26	14,624
582,46	14,776
582,67	14,864
582,87	14,657
583,07	14,573
583,28	14,585
583,48	14,608
583,68	14,566
583,88	14,576
584,09	14,554
584,29	14,598
584,49	14,442
584,70	14,449
584,90	14,244
585,10	14,257
585,30	14,316
585,51	14,247
585,71	14,308
585,91	14,241
586,11	14,344
586,32	14,217
586,52	14,095
586,72	14,145
586,92	14,181
587,13	14,231
587,33	14,185
587,53	13,957
587,74	14,163
587,94	14,183
588,14	14,127
588,34	14,206
588,55	13,901
588,75	13,823
588,95	13,943
589,15	13,982
589,36	13,989
589,56	13,941
589,76	14,069
589,96	13,781
590,16	13,762
590,37	14,001
590,57	13,989
590,77	13,789
590,97	13,941
591,18	13,837
591,38	13,743
591,58	14,006
591,78	13,802
591,99	13,747
592,19	13,926
592,39	13,943
592,59	13,885
592,79	13,701
593,00	13,582
593,20	13,538
593,40	13,757
593,60	13,552
593,81	13,631
594,01	13,799
594,21	13,512
594,41	13,546
594,61	13,630
594,82	13,547
595,02	13,503
595,22	13,657
595,42	13,707
595,62	13,525
595,83	13,488
596,03	13,530
596,23	13,447
596,43	13,718
596,63	13,509
596,84	13,594
597,04	13,701
597,24	13,481
597,44	13,525
597,64	13,394
597,84	13,580
598,05	13,499
598,25	13,569
598,45	13,404
598,65	13,473
598,85	13,222
599,06	13,336
599,26	13,570
599,46	13,313
599,66	13,593
599,86	13,491
600,06	13,442
600,27	13,368
600,47	13,321
600,67	13,466
600,87	13,329
601,07	13,451
601,27	13,354
601,48	13,337
601,68	13,235
601,88	13,284
602,08	13,293
602,28	13,339
602,48	13,415
602,68	13,281
602,89	13,273
603,09	13,282
603,29	13,435
603,49	13,323
603,69	13,271
603,89	13,282
604,09	13,319
604,30	13,073
604,50	13,201
604,70	13,332
604,90	13,150
605,10	13,210
605,30	13,079
605,50	13,318
605,71	13,382
605,91	13,319
606,11	13,337
606,31	13,353
606,51	13,303
606,71	13,118
606,91	13,133
607,11	13,217
607,32	13,333
607,52	13,194
607,72	12,996
607,92	13,194
608,12	13,107
608,32	13,251
608,52	12,961
608,72	13,165
608,92	13,338
609,12	13,066
609,33	13,006
609,53	13,188
609,73	13,123
609,93	13,061
610,13	13,249
610,33	13,033
610,53	13,061
610,73	13,065
610,93	12,942
611,13	12,908
611,34	13,171
611,54	12,862
611,74	12,912
611,94	12,785
612,14	12,935
612,34	12,792
612,54	12,770
612,74	12,995
612,94	12,917
613,14	12,682
613,34	12,903
613,54	12,718
613,74	12,889
613,95	12,735
614,15	12,859
614,35	12,667
614,55	12,790
614,75	12,759
614,95	12,795
615,15	12,864
615,35	12,728
615,55	12,650
615,75	12,489
615,95	12,939
616,15	12,575
616,35	12,755
616,55	12,739
616,75	12,585
616,95	12,672
617,15	12,698
617,35	12,472
617,56	12,727
617,76	12,608
617,96	12,502
618,16	12,552
618,36	12,819
618,56	12,652
618,76	12,302
618,96	12,660
619,16	12,425
619,36	12,618
619,56	12,454
619,76	12,602
619,96	12,625
620,16	12,526
620,36	12,595
620,56	12,470
620,76	12,634
620,96	12,595
621,16	12,660
621,36	12,456
621,56	12,743
621,76	12,437
621,96	12,527
622,16	12,438
622,36	12,365
622,56	12,396
622,76	12,389
622,96	12,324
623,16	12,280
623,36	12,234
623,56	12,333
623,76	12,484
623,96	12,214
624,16	12,291
624,36	12,495
624,56	12,371
624,76	12,206
624,96	12,293
625,16	12,334
625,36	12,352
625,56	12,335
625,76	12,349
625,96	12,520
626,16	12,311
626,36	12,304
626,56	12,333
626,76	12,036
626,96	12,285
627,16	12,333
627,36	12,502
627,56	12,262
627,76	12,265
627,96	12,471
628,16	12,357
628,36	12,262
628,56	12,312
628,75	12,231
628,95	12,083
629,15	12,283
629,35	12,548
629,55	12,289
629,75	12,385
629,95	12,246
630,15	12,218
630,35	12,167
630,55	12,284
630,75	12,303
630,95	12,263
631,15	12,043
631,35	12,172
631,55	12,137
631,75	12,349
631,95	12,112
632,15	12,366
632,34	12,314
632,54	12,230
632,74	12,162
632,94	12,187
633,14	12,142
633,34	11,973
633,54	12,126
633,74	12,219
633,94	12,251
634,14	12,183
634,34	12,178
634,54	12,353
634,74	12,197
634,93	12,183
635,13	12,372
635,33	12,220
635,53	12,280
635,73	12,104
635,93	12,177
636,13	12,014
636,33	12,162
636,53	12,262
636,73	12,271
636,93	12,176
637,12	12,083
637,32	11,985
637,52	12,216
637,72	12,023
637,92	12,161
638,12	12,032
638,32	11,901
638,52	11,998
638,72	12,152
638,91	12,021
639,11	11,951
639,31	12,082
639,51	11,982
639,71	12,083
639,91	11,911
640,11	11,967
640,31	11,950
640,50	11,895
640,70	11,926
640,90	11,976
641,10	11,950
641,30	11,976
641,50	11,959
641,70	12,010
641,89	11,854
642,09	11,836
642,29	11,921
642,49	11,755
642,69	11,851
642,89	11,760
643,09	11,922
643,28	11,941
643,48	11,873
643,68	11,744
643,88	11,741
644,08	11,633
644,28	11,668
644,48	11,662
644,67	11,585
644,87	11,819
645,07	11,728
645,27	11,709
645,47	11,709
645,67	11,679
645,86	11,714
646,06	11,524
646,26	11,554
646,46	11,761
646,66	11,488
646,85	11,491
647,05	11,531
647,25	11,725
647,45	11,654
647,65	11,456
647,85	11,502
648,04	11,441
648,24	11,725
648,44	11,456
648,64	11,627
648,84	11,347
649,03	11,461
649,23	11,739
649,43	11,430
649,63	11,496
649,83	11,323
650,02	11,290
650,22	11,562
650,42	11,500
650,62	11,402
650,82	11,372
651,01	11,305
651,21	11,346
651,41	11,408
651,61	11,451
651,81	11,506
652,00	11,298
652,20	11,393
652,40	11,581
652,60	11,468
652,79	11,369
652,99	11,337
653,19	11,416
653,39	11,445
653,59	11,457
653,78	11,411
653,98	11,368
654,18	11,413
654,38	11,432
654,57	11,338
654,77	11,398
654,97	11,299
655,17	11,285
655,36	11,176
655,56	11,529
655,76	11,361
655,96	11,417
656,15	11,196
656,35	11,271
656,55	11,469
656,75	11,350
656,94	11,166
657,14	11,159
657,34	11,233
657,54	11,299
657,73	11,180
657,93	11,148
658,13	11,149
658,33	11,266
658,52	11,212
658,72	11,298
658,92	11,216
659,11	11,235
659,31	11,333
659,51	11,294
659,71	11,315
659,90	11,380
660,10	11,087
660,30	11,318
660,50	11,277
660,69	11,187
660,89	11,329
661,09	11,163
661,28	11,166
661,48	11,194
661,68	11,237
661,87	11,179
662,07	11,125
662,27	11,136
662,47	11,074
662,66	11,266
662,86	11,197
663,06	11,210
663,25	11,278
663,45	11,156
663,65	11,152
663,84	11,210
664,04	10,995
664,24	11,160
664,44	11,084
664,63	11,130
664,83	11,182
665,03	11,226
665,22	11,242
665,42	11,233
665,62	11,310
665,81	11,105
666,01	11,136
666,21	11,201
666,40	11,063
666,60	11,025
666,80	11,240
666,99	11,296
667,19	11,034
667,39	11,168
667,58	11,098
667,78	11,333
667,98	11,004
668,17	11,130
668,37	11,258
668,57	11,024
668,76	11,093
668,96	11,021
669,16	11,124
669,35	11,031
669,55	11,069
669,74	11,391
669,94	11,228
670,14	11,200
670,33	11,177
670,53	11,186
670,73	11,101
670,92	11,230
671,12	11,158
671,32	10,997
671,51	11,219
671,71	11,216
671,90	11,254
672,10	11,161
672,30	11,235
672,49	11,268
672,69	11,101
672,89	11,278
673,08	11,270
673,28	11,055
673,47	11,261
673,67	11,118
673,87	11,323
674,06	11,215
674,26	11,360
674,45	11,011
674,65	11,230
674,85	11,352
675,04	11,169
675,24	11,207
675,43	11,220
675,63	11,339
675,83	11,156
676,02	11,328
676,22	11,300
676,41	11,248
676,61	11,221
676,81	11,138
677,00	11,324
677,20	11,214
677,39	11,236
677,59	11,368
677,79	11,417
677,98	11,444
678,18	11,436
678,37	11,276
678,57	11,306
678,76	11,337
678,96	11,279
679,16	11,292
679,35	11,207
679,55	11,376
679,74	11,261
679,94	11,237
680,13	11,343
680,33	11,355
680,53	11,190
680,72	11,355
680,92	11,296
681,11	11,357
681,31	11,465
681,50	11,413
681,70	11,538
681,89	11,361
682,09	11,423
682,28	11,494
682,48	11,533
682,68	11,597
682,87	11,432
683,07	11,520
683,26	11,560
683,46	11,590
683,65	11,594
683,85	11,346
684,04	11,628
684,24	11,524
684,43	11,401
684,63	11,514
684,82	11,411
685,02	11,552
685,21	11,579
685,41	11,594
685,60	11,551
685,80	11,372
686,00	11,631
686,19	11,636
686,39	11,514
686,58	11,683
686,78	11,699
686,97	11,606
687,17	11,514
687,36	11,578
687,56	11,677
687,75	11,500
687,95	11,575
688,14	11,431
688,34	11,743
688,53	11,587
688,73	11,657
688,92	11,788
689,12	11,660
689,31	11,610
689,51	11,721
689,70	11,688
689,89	11,627
690,09	11,715
690,28	11,607
690,48	11,781
690,67	11,730
690,87	11,826
691,06	11,723
691,26	11,846
691,45	11,849
691,65	11,803
691,84	11,847
692,04	11,833
692,23	11,863
692,43	12,014
692,62	11,919
692,82	12,006
693,01	11,954
693,20	12,118
693,40	12,198
693,59	12,099
693,79	12,079
693,98	12,267
694,18	12,127
694,37	12,470
694,57	12,419
694,76	12,468
694,95	12,634
695,15	12,561
695,34	12,755
695,54	12,758
695,73	12,778
695,93	12,850
696,12	13,142
696,32	13,176
696,51	13,190
696,70	13,194
696,90	13,230
697,09	13,553
697,29	13,613
697,48	13,866
697,67	13,755
697,87	14,167
698,06	14,211
698,26	14,342
698,45	14,299
698,65	14,560
698,84	14,717
699,03	14,798
699,23	14,692
699,42	14,854
699,62	15,286
699,81	15,467
700,00	15,621
700,20	15,673
700,39	15,800
700,59	16,047
700,78	16,418
700,97	16,421
701,17	16,593
701,36	16,836
701,56	17,049
701,75	17,116
701,94	17,705
702,14	17,735
702,33	17,881
702,52	18,092
702,72	18,258
702,91	18,543
703,11	18,681
703,30	18,829
703,49	19,168
703,69	19,275
703,88	19,634
704,07	19,670
704,27	19,972
704,46	20,163
704,66	20,337
704,85	20,739
705,04	20,971
705,24	21,057
705,43	21,236
705,62	21,460
705,82	21,706
706,01	22,003
706,20	22,197
706,40	22,530
706,59	22,579
706,78	22,909
706,98	23,253
707,17	23,268
707,36	23,541
707,56	23,945
707,75	24,197
707,94	24,465
708,14	24,722
708,33	25,038
708,52	25,100
708,72	25,342
708,91	25,747
709,10	25,623
709,30	26,135
709,49	26,414
709,68	26,684
709,88	26,830
710,07	27,295
710,26	27,265
710,46	27,662
710,65	27,683
710,84	28,107
711,04	28,354
711,23	28,455
711,42	28,921
711,61	29,247
711,81	29,333
712,00	29,375
712,19	29,606
712,39	30,021
712,58	29,951
712,77	30,647
712,97	30,573
713,16	30,920
713,35	31,147
713,54	31,395
713,74	31,491
713,93	32,146
714,12	32,146
714,32	32,436
714,51	32,883
714,70	33,025
714,89	33,224
715,09	33,433
715,28	33,616
715,47	33,612
715,66	34,256
715,86	34,487
716,05	34,581
716,24	34,669
716,44	35,427
716,63	35,331
716,82	35,719
717,01	35,587
717,21	35,886
717,40	36,063
717,59	36,558
717,78	36,892
717,98	37,219
718,17	37,582
718,36	37,640
718,55	37,892
718,75	38,329
718,94	38,669
719,13	38,618
719,32	39,024
719,52	39,108
719,71	39,159
719,90	39,525
720,09	40,070
720,28	40,206
720,48	40,403
720,67	40,604
720,86	40,636
721,05	41,337
721,25	41,463
721,44	41,618
721,63	41,931
721,82	41,903
722,01	42,495
722,21	42,701
722,40	42,804
722,59	43,343
722,78	43,538
722,98	43,469
723,17	43,994
723,36	44,446
723,55	44,621
723,74	44,401
723,94	44,639
724,13	44,847
724,32	45,676
724,51	45,508
724,70	46,076
724,89	46,103
725,09	46,394
725,28	46,701
725,47	46,590
725,66	46,757
725,85	47,081
726,05	47,347
726,24	48,042
726,43	47,905
726,62	48,139
726,81	48,754
727,00	48,282
727,20	48,955
727,39	49,174
727,58	49,100
727,77	49,773
727,96	50,049
728,15	50,445
728,35	50,209
728,54	50,596
728,73	50,833
728,92	50,525
729,11	51,553
729,30	51,478
729,50	51,155
729,69	51,806
729,88	52,234
730,07	52,300
730,26	52,402
730,45	53,034
730,64	53,166
730,84	53,327
731,03	53,203
731,22	53,309
731,41	53,591
731,60	54,105
731,79	54,619
731,98	54,475
732,18	54,766
732,37	54,904
732,56	54,957
732,75	55,006
732,94	55,434
733,13	55,574
733,32	55,849
733,51	55,865
733,71	56,234
733,90	56,238
734,09	56,743
734,28	56,858
734,47	56,780
734,66	56,770
734,85	56,928
735,04	57,153
735,23	57,908
735,42	57,592
735,62	57,762
735,81	58,066
736,00	57,854
736,19	58,662
736,38	58,545
736,57	58,810
736,76	59,004
736,95	58,735
737,14	59,168
737,33	59,403
737,52	59,643
737,72	59,514
737,91	59,489
738,10	59,742
738,29	60,188
738,48	60,446
738,67	60,220
738,86	60,531
739,05	60,585
739,24	60,668
739,43	61,397
739,62	61,526
739,81	61,257
740,00	61,436
740,19	61,275
740,39	61,800
740,58	61,783
740,77	61,985
740,96	61,833
741,15	62,368
741,34	62,231
741,53	62,149
741,72	63,114
741,91	62,581
742,10	62,639
742,29	63,047
742,48	63,251
742,67	63,445
742,86	63,464
743,05	63,097
743,24	63,464
743,43	63,475
743,62	63,917
743,81	63,229
744,00	63,816
744,19	63,898
744,38	64,349
744,57	64,269
744,76	64,490
744,95	64,216
745,14	64,346
745,33	64,779
745,52	64,484
745,71	64,965
745,90	64,856
746,09	65,109
746,28	65,274
746,47	65,199
746,66	65,346
746,85	65,645
747,04	65,162
747,23	65,304
747,42	65,178
747,61	65,655
747,80	65,668
747,99	65,878
748,18	65,997
748,37	65,967
748,56	66,133
748,75	66,371
748,94	66,309
749,13	66,195
749,32	66,621
749,51	66,576
749,70	66,572
749,89	66,598
750,08	66,971
750,27	66,727
750,46	66,683
750,65	67,054
750,84	66,400
751,03	66,909
751,22	66,951
751,41	66,832
751,60	66,686
751,79	67,008
751,98	66,900
752,17	67,237
752,36	66,783
752,55	67,359
752,74	67,720
752,93	67,626
753,12	67,629
753,30	67,377
753,49	67,562
753,68	67,581
753,87	67,699
754,06	68,074
754,25	68,070
754,44	68,376
754,63	68,153
754,82	67,536
755,01	67,566
755,20	68,260
755,39	68,044
755,58	67,684
755,77	68,106
755,96	68,223
756,14	68,035
756,33	68,245
756,52	68,667
756,71	68,160
756,90	68,468
757,09	68,568
757,28	68,566
757,47	68,708
757,66	68,842
757,85	68,778
758,04	68,795
758,22	69,173
758,41	68,370
758,60	68,443
758,79	68,302
758,98	68,417
759,17	68,383
759,36	69,014
759,55	68,332
759,74	68,365
759,92	68,728
760,11	69,311
760,30	69,369
760,49	68,832
760,68	69,423
760,87	68,652
761,06	68,767
761,25	69,094
761,43	69,107
761,62	69,165
761,81	69,140
762,00	69,036
762,19	69,467
762,38	69,133
762,57	69,167
762,76	69,059
762,94	68,982
763,13	69,271
763,32	69,326
763,51	69,290
763,70	69,490
763,89	69,184
764,07	69,220
764,26	69,209
764,45	69,384
764,64	69,423
764,83	69,279
765,02	69,159
765,21	69,212
765,39	69,534
765,58	69,570
765,77	69,413
765,96	69,603
766,15	69,496
766,34	69,193
766,52	69,605
766,71	68,728
766,90	69,454
767,09	69,752
767,28	69,131
767,46	69,212
767,65	69,412
767,84	69,822
768,03	69,224
768,22	69,491
768,40	69,759
768,59	69,239
768,78	69,578
768,97	69,374
769,16	69,786
769,34	69,461
769,53	69,673
769,72	69,750
769,91	69,588
770,10	70,145
770,28	69,498
770,47	69,553
770,66	69,863
770,85	69,579
771,04	69,277
771,22	69,712
771,41	69,551
771,60	69,619
771,79	69,873
771,98	69,422
772,16	69,564
772,35	69,902
772,54	69,575
772,73	69,708
772,91	69,335
773,10	69,891
773,29	69,898
773,48	69,918
773,66	69,542
773,85	69,804
774,04	69,507
774,23	69,305
774,41	69,389
774,60	69,401
774,79	69,546
774,98	70,015
775,16	69,341
775,35	69,300
775,54	69,713
775,73	69,417
775,91	69,768
776,10	70,598
776,29	69,788
776,48	69,587
776,66	69,729
776,85	69,816
777,04	69,595
777,23	69,896
777,41	69,708
777,60	69,334
777,79	69,336
777,97	70,013
778,16	69,788
778,35	69,975
778,54	69,884
778,72	70,005
778,91	69,645
779,10	69,724
779,28	69,814
779,47	70,201
779,66	70,011
779,85	70,084
780,03	69,472
780,22	69,846
780,41	69,923
780,59	70,030
780,78	69,781
780,97	69,671
781,15	69,384
781,34	69,309
781,53	69,916
781,71	70,316
781,90	69,896
782,09	69,805
782,27	69,999
782,46	69,442
782,65	69,850
782,84	69,502
783,02	69,583
783,21	69,531
783,40	69,932
783,58	69,629
783,77	70,092
783,96	69,660
784,14	69,592
784,33	68,913
784,52	69,462
784,70	69,792
784,89	69,530
785,07	69,652
785,26	69,479
785,45	69,500
785,63	70,476
785,82	69,552
786,01	69,348
786,19	69,766
786,38	69,663
786,57	70,044
786,75	69,786
786,94	69,767
787,13	69,536
787,31	69,577
787,50	69,714
787,68	69,649
787,87	70,064
788,06	69,578
788,24	69,689
788,43	69,658
788,62	69,908
788,80	69,789
788,99	69,642
789,17	69,512
789,36	69,302
789,55	69,762
789,73	69,379
789,92	69,833
790,10	69,615
790,29	69,734
790,48	69,828
790,66	69,935
790,85	70,116
791,03	69,606
791,22	69,849
791,41	69,597
791,59	70,120
791,78	69,672
791,96	69,716
792,15	70,049
792,34	70,011
792,52	69,519
792,71	70,017
792,89	69,697
793,08	69,882
793,27	69,824
793,45	69,676
793,64	69,796
793,82	69,862
794,01	69,615
794,19	70,330
794,38	69,758
794,57	70,185
794,75	70,003
794,94	69,922
795,12	70,050
795,31	69,939
795,49	70,004
795,68	69,940
795,86	70,012
796,05	69,842
796,24	69,860
796,42	69,900
796,61	69,924
796,79	69,953
796,98	69,699
797,16	69,736
797,35	70,303
797,53	70,220
797,72	69,142
797,90	69,845
798,09	69,582
798,27	69,964
798,46	69,761
798,65	70,363
798,83	69,547
799,02	69,756
799,20	69,370
799,39	69,859
799,57	70,160
799,76	70,052
799,94	69,676
800,13	70,370
800,31	70,119
800,50	70,138
800,68	70,199
800,87	69,460
801,05	70,139
801,24	69,816
801,42	70,085
801,61	69,633
801,79	69,900
801,98	69,751
802,16	69,449
802,35	69,715
802,53	70,598
802,72	69,869
802,90	70,061
803,09	69,509
803,27	69,827
803,46	70,225
803,64	69,991
803,83	69,880
804,01	70,083
804,20	69,942
804,38	69,836
804,56	69,915
804,75	69,761
804,93	69,720
805,12	70,081
805,30	69,716
805,49	70,130
805,67	69,704
805,86	69,931
806,04	69,998
806,23	70,080
806,41	70,192
806,59	70,265
806,78	69,724
806,96	69,322
807,15	70,306
807,33	69,916
807,52	69,365
807,70	69,859
807,89	69,573
808,07	69,653
808,25	69,670
808,44	70,328
808,62	70,424
808,81	70,012
808,99	69,508
809,18	69,950
809,36	70,188
809,54	69,791
809,73	70,064
809,91	69,954
810,10	69,659
810,28	69,503
810,47	70,029
810,65	70,229
810,83	69,948
811,02	70,018
811,20	69,878
811,39	70,105
811,57	70,280
811,75	69,653
811,94	69,691
812,12	69,907
812,31	69,947
812,49	70,104
812,67	69,905
812,86	70,066
813,04	69,575
813,23	69,860
813,41	69,733
813,59	69,928
813,78	69,937
813,96	70,329
814,14	69,516
814,33	69,822
814,51	69,521
814,70	69,913
814,88	69,905
815,06	70,219
815,25	69,825
815,43	69,885
815,61	69,900
815,80	70,247
815,98	70,116
816,16	69,974
816,35	69,863
816,53	70,612
816,72	70,468
816,90	70,064
817,08	70,139
817,27	69,914
817,45	69,977
817,63	69,922
817,82	69,990
818,00	70,023
818,18	70,061
818,37	69,746
818,55	70,120
818,73	70,316
818,92	70,021
819,10	70,337
819,28	69,583
819,47	70,004
819,65	70,183
819,83	69,948
820,02	69,878
820,20	70,175
820,38	69,489
820,57	69,627
820,75	70,094
820,93	70,212
821,11	70,084
821,30	70,211
821,48	69,730
821,66	69,899
821,85	70,001
822,03	70,051
822,21	70,005
822,40	70,146
822,58	70,418
822,76	69,891
822,94	69,696
823,13	69,692
823,31	69,967
823,49	69,580
823,68	70,427
823,86	70,186
824,04	69,998
824,22	70,041
824,41	70,545
824,59	69,993
824,77	70,468
824,96	70,167
825,14	70,199
825,32	69,940
825,50	69,843
825,69	70,750
825,87	70,140
826,05	70,149
826,23	70,193
826,42	69,524
826,60	69,800
826,78	70,268
826,96	69,831
827,15	69,983
827,33	69,614
827,51	69,883
827,69	69,692
827,88	69,309
828,06	70,021
828,24	69,945
828,42	69,132
828,61	70,400
828,79	70,016
828,97	69,892
829,15	70,103
829,34	70,346
829,52	69,531
829,70	70,538
829,88	69,870
830,06	70,635
830,25	70,810
830,43	70,092
830,61	69,993
830,79	69,853
830,97	70,094
831,16	69,910
831,34	69,843
831,52	69,801
831,70	70,050
831,89	70,404
832,07	69,356
832,25	69,726
832,43	69,926
832,61	70,170
832,80	70,038
832,98	70,406
833,16	69,903
833,34	70,049
833,52	70,040
833,70	69,970
833,89	70,278
834,07	69,819
834,25	70,368
834,43	70,120
834,61	69,483
834,80	69,428
834,98	69,319
835,16	70,578
835,34	69,987
835,52	69,691
835,70	69,990
835,89	70,222
836,07	70,145
836,25	69,621
836,43	70,125
836,61	70,005
836,79	70,050
836,97	69,894
837,16	70,200
837,34	70,116
837,52	70,282
837,70	69,792
837,88	69,502
838,06	69,929
838,24	70,010
838,43	69,786
838,61	69,517
838,79	70,039
838,97	69,546
839,15	69,827
839,33	70,338
839,51	69,748
839,70	69,929
839,88	70,717
840,06	70,487
840,24	69,876
840,42	70,310
840,60	70,022
840,78	70,683
840,96	69,927
841,14	69,930
841,33	69,986
841,51	70,386
841,69	69,962
841,87	69,391
842,05	69,871
842,23	70,552
842,41	69,877
842,59	69,720
842,77	70,064
842,95	69,932
843,14	69,703
843,32	70,109
843,50	69,873
843,68	69,848
843,86	70,206
844,04	69,790
844,22	69,816
844,40	70,450
844,58	69,894
844,76	70,179
844,94	69,947
845,12	69,847
845,30	69,354
845,49	69,704
845,67	69,630
845,85	70,145
846,03	70,549
846,21	69,900
846,39	70,388
846,57	70,276
846,75	70,174
846,93	69,889
847,11	70,080
847,29	69,504
847,47	69,821
847,65	69,566
847,83	70,469
848,01	70,237
848,19	70,166
848,37	70,238
848,55	69,442
848,73	69,966
848,91	69,969
849,09	69,891
849,27	69,809
849,46	70,595
849,64	69,589
849,82	70,145
850,00	70,387
850,18	69,762
850,36	70,052
850,54	69,915
850,72	69,478
850,90	69,848
851,08	70,394
851,26	69,787
851,44	70,240
851,62	70,391
851,80	69,776
851,98	69,583
852,16	70,006
852,34	69,756
852,52	69,475
852,70	70,138
852,88	70,082
853,06	69,868
853,24	69,915
853,42	70,153
853,60	69,872
853,78	69,824
853,96	70,026
854,14	70,058
854,31	70,721
854,49	69,591
854,67	69,954
854,85	69,301
855,03	70,430
855,21	70,192
855,39	70,175
855,57	69,983
855,75	69,951
855,93	69,937
856,11	70,152
856,29	69,912
856,47	70,431
856,65	69,804
856,83	70,322
857,01	69,744
857,19	69,633
857,37	70,276
857,55	70,452
857,73	69,701
857,91	69,821
858,09	69,658
858,26	70,857
858,44	69,702
858,62	70,066
858,80	69,954
858,98	70,523
859,16	70,276
859,34	70,117
859,52	70,429
859,70	70,252
859,88	70,036
860,06	70,092
860,24	70,686
860,42	70,501
860,59	70,361
860,77	70,621
860,95	69,972
861,13	69,832
861,31	69,389
861,49	70,603
861,67	70,133
861,85	70,412
862,03	70,771
862,21	70,016
862,38	69,814
862,56	70,412
862,74	70,500
862,92	70,301
863,10	69,917
863,28	70,323
863,46	69,610
863,64	70,017
863,82	70,436
863,99	69,514
864,17	69,793
864,35	69,842
864,53	69,888
864,71	70,442
864,89	70,131
865,07	69,990
865,24	69,653
865,42	70,669
865,60	69,661
865,78	69,463
865,96	69,786
866,14	69,365
866,32	69,529
866,49	69,924
866,67	69,762
866,85	70,239
867,03	70,704
867,21	70,303
867,39	70,304
867,56	69,794
867,74	70,216
867,92	70,054
868,10	70,094
868,28	70,441
868,46	70,685
868,63	69,555
868,81	70,052
868,99	70,694
869,17	70,653
869,35	70,585
869,53	70,135
869,70	69,913
869,88	69,530
870,06	69,937
870,24	70,193
870,42	70,457
870,59	69,419
870,77	70,407
870,95	70,391
871,13	70,117
871,31	69,739
871,48	69,573
871,66	69,440
871,84	70,509
872,02	70,269
872,20	69,909
872,37	69,882
872,55	70,386
872,73	70,118
872,91	69,806
873,08	69,785
873,26	69,991
873,44	70,553
873,62	70,241
873,80	69,350
873,97	70,873
874,15	70,261
874,33	69,371
874,51	70,289
874,68	69,758
874,86	69,832
875,04	69,584
875,22	69,615
875,39	70,276
875,57	69,710
875,75	70,859
875,93	70,514
876,10	69,881
876,28	69,750
876,46	70,219
876,64	70,180
876,81	70,310
876,99	69,617
877,17	69,772
877,35	69,833
877,52	70,025
877,70	70,252
877,88	70,485
878,06	69,888
878,23	70,041
878,41	70,394
878,59	70,095
878,76	69,773
878,94	70,017
879,12	70,518
879,30	70,019
879,47	70,009
879,65	69,734
879,83	70,495
880,00	70,207
880,18	69,972
880,36	69,708
880,53	70,436
880,71	70,044
880,89	69,502
881,07	69,999
881,24	69,606
881,42	70,257
881,60	69,854
881,77	68,761
881,95	70,239
882,13	69,424
882,30	70,682
882,48	69,863
882,66	69,441
882,83	69,955
883,01	70,508
883,19	70,791
883,36	70,118
883,54	70,722
883,72	70,752
883,89	70,030
884,07	68,998
884,25	69,586
884,42	70,184
884,60	69,759
884,78	68,939
884,95	70,351
885,13	70,389
885,31	69,593
885,48	70,124
885,66	70,165
885,84	69,577
886,01	70,066
886,19	69,900
886,36	69,446
886,54	70,194
886,72	69,408
886,89	69,448
887,07	69,575
887,25	69,717
887,42	70,086
887,60	70,040
887,78	70,321
887,95	69,805
888,13	69,168
888,30	69,699
888,48	70,185
888,66	69,439
888,83	70,234
889,01	70,151
889,18	70,131
889,36	70,095
889,54	70,403
889,71	70,390
889,89	70,307
890,06	70,449
890,24	69,537
890,42	69,999
890,59	69,668
890,77	70,308
890,94	70,047
891,12	70,769
891,30	69,944
891,47	70,260
891,65	70,088
891,82	70,124
892,00	69,694
892,17	69,972
892,35	69,618
892,53	69,829
892,70	69,655
892,88	70,224
893,05	70,622
893,23	69,946
893,40	69,490
893,58	69,591
893,75	70,231
893,93	69,839
894,11	70,011
894,28	70,216
894,46	69,699
894,63	69,818
894,81	69,981
894,98	69,971
895,16	69,874
895,33	70,838
895,51	70,090
895,68	69,576
895,86	70,569
896,04	70,531
896,21	69,726
896,39	70,199
896,56	70,748
896,74	70,384
896,91	70,135
897,09	70,137
897,26	70,325
897,44	69,252
897,61	70,193
897,79	70,400
897,96	69,770
898,14	70,185
898,31	70,212
898,49	70,507
898,66	70,274
898,84	69,821
899,01	70,165
899,19	70,286
899,36	70,007
899,54	69,512
899,71	70,370
899,89	70,312
900,06	69,989
900,24	69,955
900,41	70,074
900,59	69,801
900,76	69,395
900,94	68,984
901,11	70,089
901,29	69,951
901,46	70,826
901,63	70,512
901,81	70,413
901,98	70,220
902,16	70,047
902,33	71,022
902,51	69,436
902,68	70,439
902,86	69,852
903,03	70,028
903,21	69,890
903,38	70,354
903,56	69,837
903,73	69,835
903,90	69,528
904,08	69,706
904,25	70,610
904,43	70,204
904,60	69,971
904,78	69,914
904,95	70,331
905,12	69,512
905,30	69,669
905,47	70,225
905,65	69,136
905,82	69,558
906,00	70,543
906,17	69,859
906,34	70,580
906,52	69,531
906,69	69,928
906,87	69,670
907,04	70,232
907,21	70,066
907,39	69,674
907,56	70,528
907,74	70,944
907,91	70,360
908,08	70,328
908,26	70,599
908,43	70,904
908,61	70,707
908,78	69,267
908,95	70,511
909,13	70,159
909,30	71,205
909,48	70,202
909,65	70,384
909,82	70,856
910,00	70,080
910,17	70,316
910,34	69,946
910,52	70,774
910,69	69,492
910,87	69,086
911,04	70,292
911,21	70,129
911,39	70,142
911,56	70,141
911,73	70,074
911,91	69,696
912,08	70,092
912,25	69,937
912,43	70,036
912,60	70,409
912,77	69,814
912,95	69,824
913,12	69,368
913,29	70,030
913,47	70,080
913,64	69,334
913,81	71,148
913,99	70,195
914,16	70,428
914,33	70,139
914,51	68,713
914,68	70,283
914,85	70,119
915,03	69,328
915,20	70,816
915,37	69,961
915,55	70,139
915,72	70,125
915,89	70,629
916,07	69,965
916,24	70,300
916,41	69,695
916,59	69,823
916,76	70,728
916,93	69,948
917,10	70,173
917,28	70,205
917,45	70,233
917,62	71,213
917,80	69,719
917,97	70,863
918,14	70,603
918,31	69,763
918,49	70,165
918,66	69,747
918,83	69,438
919,01	70,205
919,18	70,133
919,35	70,652
919,52	70,364
919,70	69,330
919,87	69,660
920,04	69,673
920,21	69,434
920,39	69,510
920,56	69,274
920,73	70,382
920,90	70,497
921,08	70,069
921,25	69,883
921,42	71,011
921,59	69,950
921,77	70,386
921,94	71,377
922,11	70,010
922,28	69,841
922,46	70,041
922,63	69,384
922,80	69,427
922,97	69,871
923,15	70,097
923,32	70,277
923,49	69,827
923,66	70,769
923,83	69,682
924,01	70,074
924,18	70,068
924,35	69,764
924,52	69,549
924,69	70,863
924,87	69,444
925,04	69,758
925,21	69,715
925,38	70,248
925,55	69,971
925,73	70,137
925,90	69,436
926,07	69,828
926,24	70,903
926,41	70,238
926,59	68,872
926,76	70,375
926,93	69,565
927,10	69,567
927,27	69,897
927,45	70,241
927,62	71,093
927,79	70,380
927,96	69,965
928,13	69,897
928,30	70,338
928,48	68,925
928,65	70,405
928,82	69,144
928,99	70,752
929,16	69,910
929,33	69,935
929,50	70,830
929,68	70,003
929,85	70,361
930,02	69,831
930,19	70,086
930,36	70,139
930,53	69,308
930,70	70,672
930,88	69,878
931,05	69,516
931,22	69,442
931,39	70,253
931,56	69,840
931,73	70,665
931,90	70,459
932,08	70,554
932,25	70,365
932,42	70,276
932,59	69,974
932,76	70,189
932,93	69,712
933,10	69,442
933,27	70,301
933,44	70,182
933,62	71,390
933,79	69,698
933,96	69,783
934,13	68,381
934,30	69,880
934,47	70,417
934,64	69,914
934,81	69,685
934,98	69,709
935,15	69,866
935,32	68,859
935,50	68,647
935,67	70,201
935,84	69,147
936,01	71,192
936,18	69,514
936,35	71,429
936,52	70,279
936,69	70,007
936,86	69,913
937,03	70,095
937,20	68,556
937,37	70,814
937,54	72,570
937,71	70,275
937,89	71,019
938,06	70,242
938,23	68,903
938,40	69,667
938,57	69,184
938,74	70,793
938,91	67,971
939,08	70,355
939,25	67,825
939,42	70,134
939,59	70,932
939,76	71,549
939,93	70,006
940,10	69,303
940,27	70,521
940,44	70,733
940,61	69,312
940,78	69,538
940,95	69,509
941,12	67,564
941,29	68,873
941,46	70,016
941,63	69,035
941,80	70,530
941,97	68,531
942,14	68,909
942,31	67,993
942,48	69,990
942,65	69,837
942,82	67,734
942,99	69,698
943,16	68,252
943,33	72,569
943,50	69,771
943,67	69,588
943,84	71,307
944,01	71,678
944,18	67,172
944,35	71,295
944,52	69,160
944,69	72,072
944,86	70,081
945,03	70,959
945,20	68,914
945,37	68,006
945,54	68,559
945,71	69,992
945,88	69,623
946,05	69,268
946,22	70,720
946,39	70,196
946,56	69,055
946,73	71,377
946,90	71,915
947,07	68,474
947,23	68,376
947,40	70,697
947,57	71,030
947,74	71,267
947,91	69,611
948,08	71,298
948,25	67,788
948,42	68,221
948,59	69,913
948,76	69,385
948,93	68,228
949,10	71,438
949,27	68,902
949,44	69,356
949,60	69,115
949,77	68,786
949,94	68,077
950,11	68,711
950,28	70,575
950,45	69,621
950,62	71,156
950,79	69,381
950,96	70,131
951,13	69,412
951,30	69,565
951,46	69,167
951,63	69,196
951,80	70,018
951,97	70,513
952,14	67,915
952,31	71,072
952,48	72,775
952,65	69,634
952,81	69,683
952,98	70,609
953,15	69,264
953,32	69,881
953,49	67,210
953,66	68,187
953,83	68,099
954,00	67,170
954,16	71,539
954,33	70,468
954,50	66,898
954,67	68,014
954,84	70,240
955,01	69,814
955,18	68,789
955,34	69,326
955,51	68,907
955,68	69,524
955,85	69,763
956,02	70,609
956,19	70,396
956,35	69,005
956,52	69,042
956,69	69,176
956,86	69,530
957,03	70,474
957,20	70,601
957,36	68,182
957,53	70,306
957,70	70,655
957,87	68,232
958,04	69,720
958,21	67,861
958,37	69,817
958,54	69,051
958,71	66,523
958,88	70,168
959,05	68,292
959,21	68,143
959,38	68,791
959,55	68,913
959,72	70,420
959,89	71,658
960,05	68,494
960,22	68,193
960,39	67,769
960,56	68,232
960,72	69,555
960,89	69,496
961,06	68,968
961,23	69,036
961,40	69,443
961,56	67,882
961,73	69,856
961,90	66,844
962,07	68,381
962,23	68,498
962,40	68,234
962,57	68,802
962,74	68,017
962,90	68,302
963,07	67,907
963,24	70,325
963,41	70,846
963,57	69,376
963,74	68,496
963,91	68,690
964,08	68,180
964,24	68,535
964,41	66,821
964,58	68,186
964,75	68,115
964,91	69,466
965,08	68,410
965,25	70,623
965,42	68,060
965,58	69,921
965,75	67,593
965,92	68,151
966,08	69,248
966,25	69,725
966,42	69,295
966,59	69,802
966,75	70,117
966,92	69,697
967,09	66,811
967,25	70,018
967,42	69,018
967,59	69,999
967,75	67,693
967,92	68,243
968,09	69,226
968,26	67,795
968,42	67,924
968,59	68,476
968,76	69,411
968,92	69,599
969,09	68,923
969,26	70,939
969,42	67,174
969,59	68,930
969,76	69,562
969,92	70,665
970,09	69,250
970,26	68,620
970,42	68,800
970,59	68,685
970,76	67,857
970,92	69,622
971,09	69,242
971,26	69,490
971,42	68,304
971,59	69,350
971,76	69,920
971,92	68,163
972,09	69,710
972,25	69,519
972,42	68,455
972,59	68,319
972,75	70,476
972,92	67,122
973,09	68,668
973,25	70,548
973,42	68,609
973,58	69,824
973,75	70,166
973,92	69,706
974,08	70,703
974,25	68,689
974,42	69,438
974,58	68,840
974,75	69,980
974,91	71,052
975,08	68,903
975,25	69,728
975,41	67,861
975,58	69,995
975,74	68,036
975,91	70,419
976,08	69,699
976,24	67,755
976,41	66,125
976,57	67,477
976,74	68,740
976,91	69,227
977,07	68,695
977,24	68,242
977,40	69,242
977,57	68,783
977,73	69,876
977,90	71,944
978,07	67,718
978,23	68,111
978,40	68,994
978,56	67,227
978,73	68,797
978,89	67,956
979,06	68,896
979,22	69,644
979,39	68,977
979,56	67,701
979,72	70,038
979,89	67,398
980,05	68,212
980,22	71,421
980,38	68,926
980,55	69,335
980,71	68,289
980,88	67,554
981,04	67,012
981,21	68,302
981,37	69,575
981,54	67,458
981,70	71,249
981,87	70,293
982,04	69,661
982,20	69,996
982,37	67,260
982,53	68,620
982,70	67,691
982,86	69,987
983,03	70,683
983,19	69,236
983,36	68,286
983,52	71,531
983,69	68,889
983,85	68,569
984,02	69,367
984,18	67,600
984,35	69,928
984,51	71,441
984,68	71,346
984,84	68,693
985,00	68,555
985,17	68,428
985,33	70,290
985,50	68,298
985,66	68,031
985,83	69,578
985,99	67,324
986,16	69,400
986,32	71,073
986,49	68,660
986,65	69,303
986,82	68,098
986,98	70,424
987,15	69,276
987,31	66,969
987,47	68,256
987,64	68,792
987,80	70,294
987,97	70,073
988,13	69,173
988,30	70,391
988,46	70,463
988,63	72,451
988,79	68,250
988,95	69,989
989,12	68,518
989,28	69,762
989,45	67,833
989,61	70,495
989,77	69,330
989,94	67,646
990,10	71,019
990,27	68,268
990,43	69,633
990,60	70,102
990,76	69,060
990,92	68,842
991,09	68,945
991,25	67,923
991,42	72,583
991,58	69,986
991,74	68,506
991,91	68,841
992,07	68,483
992,24	66,707
992,40	67,707
992,56	69,357
992,73	64,379
992,89	71,083
993,05	68,788
993,22	67,905
993,38	65,843
993,55	68,093
993,71	69,691
993,87	71,921
994,04	68,613
994,20	70,782
994,36	68,594
994,53	70,517
994,69	69,267
994,85	68,801
995,02	69,735
995,18	67,197
995,34	69,482
995,51	69,755
995,67	68,664
995,84	72,193
996,00	69,585
996,16	68,192
996,33	71,628
996,49	68,813
996,65	69,881
996,82	70,303
996,98	67,809
997,14	69,193
997,31	68,430
997,47	73,102
997,63	68,995
997,79	68,414
997,96	68,042
998,12	71,300
998,28	69,176
998,45	69,011
998,61	70,734
998,77	68,460
998,94	66,680
999,10	67,381
999,26	67,555
999,43	69,580
999,59	68,407
999,75	70,191
999,91	69,337
1000,08	69,393
1000,24	68,996
1000,40	68,276
1000,57	65,816
1000,73	70,235
1000,89	72,166
1001,05	69,340
1001,22	70,449
1001,38	71,381
1001,54	70,214
1001,70	71,497
1001,87	69,659
1002,03	70,207
1002,19	70,572
1002,35	70,068
1002,52	72,015
1002,68	70,588
1002,84	68,249
1003,00	69,693
1003,17	68,729
1003,33	69,787
1003,49	68,065
1003,65	70,403
1003,82	70,083
1003,98	69,709
1004,14	69,519
1004,30	71,106
1004,47	70,916
1004,63	69,793
1004,79	67,594
1004,95	70,256
1005,11	70,650
1005,28	66,902
1005,44	71,089
1005,60	69,259
1005,76	68,804
1005,93	69,217
1006,09	70,295
1006,25	71,933
1006,41	68,828
1006,57	68,777
1006,74	65,270
1006,90	68,942
1007,06	64,459
1007,22	70,922
1007,38	71,452
1007,55	70,397
1007,71	70,585
1007,87	72,774
1008,03	69,713
1008,19	69,250
1008,35	67,905
1008,52	69,551
1008,68	69,735
1008,84	69,839
1009,00	67,459
1009,16	72,896
1009,32	68,460
1009,49	67,162
1009,65	72,071
1009,81	69,781
1009,97	68,412
1010,13	68,880
1010,29	70,156
1010,46	68,155
1010,62	70,757
1010,78	69,888
1010,94	67,337
1011,10	69,394
1011,26	71,047
1011,42	65,461
1011,59	69,825
1011,75	67,597
1011,91	72,073
1012,07	69,095
1012,23	68,309
1012,39	69,922
1012,55	69,072
1012,71	70,112
1012,88	66,847
1013,04	71,588
1013,20	69,236
1013,36	68,001
1013,52	67,340
1013,68	68,867
1013,84	72,629
1014,00	68,824
1014,16	68,016
1014,33	68,215
1014,49	66,577
1014,65	66,632
1014,81	67,665
1014,97	71,173
1015,13	69,504
1015,29	74,281
1015,45	70,452
1015,61	70,720
1015,77	69,427
1015,93	71,532
1016,09	66,144
1016,26	68,809
1016,42	69,305
1016,58	71,479
1016,74	68,518
1016,90	68,586
1017,06	74,593
1017,22	68,210
1017,38	69,515
1017,54	73,331
1017,70	70,433
1017,86	62,917
1018,02	75,997
1018,18	66,177
1018,34	69,125
1018,50	65,573
1018,66	64,391
1018,82	67,313
1018,98	69,387
1019,14	66,259
1019,31	73,262
1019,47	67,987
1019,63	71,109
1019,79	67,561
1019,95	68,135
1020,11	74,989
1020,27	65,803
1020,43	73,785
1020,59	72,455
1020,75	73,886
1020,91	72,429
1021,07	71,306
1021,23	73,003
1021,39	72,857
1021,55	68,227
1021,71	70,162
1021,87	67,969
1022,03	69,676
1022,19	71,134
1022,35	70,728
1022,51	80,000
1022,67	65,451
1022,83	68,779
1022,99	74,264
1023,15	67,566
1023,31	66,777
1023,47	69,394
1023,63	68,886
1023,79	71,848
1023,95	63,591
1024,10	77,299
1024,26	67,569
1024,42	76,334
1024,58	68,437
1024,74	69,513
1024,90	69,460
1025,06	67,982
1025,22	67,751
1025,38	71,111
1025,54	69,359
1025,70	75,914
1025,86	63,934
1026,02	70,791
1026,18	64,206
1026,34	69,551
1026,50	69,192
1026,66	70,055
1026,82	74,054
1026,98	72,942
1027,13	73,654
1027,29	64,921
1027,45	68,852
1027,61	65,182
1027,77	71,337
1027,93	70,979
1028,09	71,788
1028,25	69,807
1028,41	72,981
1028,57	67,885
1028,73	69,414
1028,88	72,508
1029,04	69,284
1029,20	78,112
1029,36	65,475
1029,52	70,381
1029,68	75,130
1029,84	67,799
1030,00	63,358
1030,16	63,987
1030,32	71,105
1030,47	71,985
1030,63	75,843
1030,79	72,869
1030,95	71,681
1031,11	65,135
1031,27	66,905
1031,43	68,851
1031,59	68,403
1031,74	66,782
1031,90	71,221
1032,06	70,420
1032,22	67,480
1032,38	68,621
1032,54	64,840
1032,69	71,190
1032,85	71,252
1033,01	67,368
1033,17	74,541
1033,33	69,259
1033,49	71,182
1033,65	65,125
1033,80	71,873
1033,96	62,334
1034,12	70,219
1034,28	62,274
1034,44	71,018
1034,60	68,273
1034,75	73,717
1034,91	68,154
1035,07	63,748
1035,23	60,555
1035,39	75,760
1035,54	65,018
1035,70	57,981
1035,86	71,299
1036,02	74,735
1036,18	62,569
1036,33	73,274
1036,49	76,894
1036,65	72,204
1036,81	77,702
1036,97	69,244
1037,12	77,527
1037,28	74,301
1037,44	63,985
1037,60	66,087
1037,76	81,562
1037,91	58,568
1038,07	65,285
1038,23	62,685
1038,39	72,782
1038,54	74,206
1038,70	75,000
1038,86	77,087
1039,02	72,021
1039,17	68,591
1039,33	74,151
1039,49	70,110
1039,65	66,352
1039,80	62,512
1039,96	65,194
1040,12	70,349
1040,28	72,737
>>>>> Data<<<<< Espectral Procesado Extremo
