Fichero De Datos De SpectraSuite
++++++++++++++++++++++++++++++++++++
Fecha: Mon Jul 06 11:52:13 CST 2026
Usuario: rofer
Presente Oscuro Del Espectro: Sí
La Referencia de Presente Del Espectro De: Sí
Muestreados de los componentes de Número de espectros: 1
Espectrómetros: USB4H06056
Tiempo de integración (usec): 300000 (USB4H06056)
Promedio de Espectros Hechos un: 5 (USB4H06056)
El Alisar Del Furgón: 0 (USB4H06056)
Párrafo de de Corregir del la del del de Eléctrica del obscuridad: No (USB4H06056)
Estrobo/Lámpara Permitido: No (USB4H06056)
Correct for Detector Non-linearity: No (USB4H06056)
Párrafo de de Corregir del la del del de Externa del luz: No (USB4H06056)
Procesado del espectro de Número de pixeles en: 3648
>>>>> Comienza Data<<<<< Espectral Procesado Del EL
345,09	-614,286
345,30	-614,286
345,52	-614,286
345,74	113,253
345,95	147,368
346,17	-335,294
346,39	2000,000
346,60	147,368
346,82	133,333
347,04	151,724
347,25	11,000
347,47	622,222
347,69	94,231
347,90	104,545
348,12	139,474
348,34	-85,714
348,56	-3133,333
348,77	-68,116
348,99	124,074
349,21	95,169
349,42	206,494
349,64	90,598
349,86	152,846
350,07	56,494
350,29	50,581
350,51	89,340
350,72	62,774
350,94	43,429
351,16	103,627
351,37	96,667
351,59	-286,441
351,81	136,975
352,02	124,265
352,24	78,049
352,46	236,066
352,67	140,488
352,89	88,356
353,10	73,333
353,32	78,157
353,54	65,464
353,75	46,565
353,97	117,073
354,19	93,870
354,40	117,045
354,62	136,364
354,84	130,303
355,05	96,835
355,27	88,750
355,49	116,346
355,70	56,522
355,92	74,429
356,14	124,000
356,35	80,838
356,57	76,543
356,78	135,000
357,00	92,829
357,22	74,453
357,43	62,264
357,65	57,944
357,87	140,120
358,08	73,034
358,30	105,830
358,51	69,421
358,73	86,222
358,95	112,609
359,16	44,218
359,38	113,793
359,60	104,211
359,81	167,123
360,03	81,739
360,24	87,500
360,46	80,743
360,68	126,036
360,89	120,721
361,11	87,500
361,33	60,403
361,54	88,115
361,76	88,095
361,97	142,778
362,19	77,246
362,41	160,526
362,62	111,885
362,84	66,284
363,05	113,679
363,27	97,378
363,49	62,979
363,70	144,262
363,92	54,701
364,13	84,906
364,35	141,781
364,57	128,049
364,78	61,538
365,00	80,488
365,21	119,487
365,43	111,189
365,65	94,714
365,86	132,828
366,08	83,420
366,29	198,261
366,51	135,417
366,73	71,564
366,94	143,750
367,16	132,680
367,37	121,402
367,59	58,879
367,80	117,164
368,02	101,463
368,24	98,298
368,45	78,289
368,67	124,757
368,88	113,740
369,10	58,333
369,31	130,769
369,53	68,571
369,75	152,917
369,96	104,000
370,18	105,392
370,39	116,393
370,61	132,039
370,82	111,163
371,04	213,253
371,26	159,459
371,47	100,000
371,69	131,068
371,90	158,683
372,12	171,795
372,33	114,286
372,55	133,000
372,76	259,322
372,98	142,857
373,20	122,530
373,41	345,333
373,63	62,290
373,84	111,982
374,06	112,712
374,27	141,600
374,49	126,000
374,70	73,641
374,92	145,263
375,13	160,000
375,35	118,636
375,57	107,373
375,78	95,833
376,00	111,481
376,21	100,000
376,43	116,955
376,64	89,286
376,86	82,222
377,07	115,663
377,29	144,776
377,50	78,683
377,72	130,769
377,93	82,759
378,15	188,083
378,36	94,056
378,58	153,668
378,80	140,066
379,01	121,549
379,23	134,516
379,44	165,441
379,66	123,134
379,87	86,807
380,09	160,784
380,30	147,566
380,52	125,000
380,73	131,655
380,95	168,649
381,16	108,380
381,38	142,857
381,59	117,073
381,81	145,113
382,02	129,433
382,24	113,873
382,45	141,447
382,67	117,083
382,88	110,794
383,10	118,333
383,31	122,535
383,53	108,638
383,74	98,977
383,96	129,245
384,17	165,174
384,39	86,159
384,60	137,681
384,82	117,647
385,03	132,508
385,25	103,273
385,46	113,542
385,68	152,326
385,89	139,381
386,11	105,957
386,32	127,863
386,54	104,500
386,75	139,223
386,97	90,909
387,18	153,257
387,40	138,462
387,61	94,034
387,83	92,784
388,04	95,879
388,25	139,100
388,47	120,229
388,68	104,735
388,90	124,063
389,11	162,590
389,33	118,767
389,54	151,701
389,76	158,423
389,97	123,858
390,19	103,441
390,40	138,024
390,62	141,104
390,83	156,940
391,05	99,353
391,26	119,487
391,47	90,438
391,69	122,938
391,90	110,451
392,12	126,076
392,33	134,483
392,55	125,624
392,76	123,743
392,98	101,717
393,19	188,973
393,41	103,393
393,62	129,314
393,83	88,496
394,05	103,089
394,26	145,915
394,48	132,055
394,69	123,851
394,91	119,653
395,12	128,899
395,34	125,989
395,55	128,964
395,76	122,676
395,98	149,864
396,19	116,887
396,41	118,831
396,62	167,005
396,84	113,793
397,05	117,872
397,26	98,077
397,48	132,579
397,69	120,777
397,91	116,667
398,12	144,144
398,33	128,423
398,55	101,232
398,76	112,422
398,98	135,652
399,19	109,596
399,41	109,811
399,62	144,785
399,83	125,934
400,05	134,468
400,26	126,984
400,48	113,133
400,69	123,622
400,90	104,984
401,12	128,044
401,33	128,491
401,55	98,832
401,76	113,300
401,97	121,124
402,19	124,744
402,40	97,959
402,62	116,972
402,83	109,077
403,04	115,873
403,26	101,893
403,47	119,847
403,69	108,764
403,90	118,211
404,11	104,870
404,33	108,859
404,54	104,560
404,76	115,604
404,97	100,679
405,18	102,672
405,40	120,513
405,61	104,769
405,83	93,875
406,04	112,500
406,25	121,509
406,47	100,713
406,68	112,451
406,89	107,309
407,11	95,720
407,32	103,453
407,54	107,542
407,75	109,691
407,96	112,997
408,18	104,615
408,39	100,989
408,60	105,488
408,82	109,266
409,03	105,080
409,24	91,183
409,46	103,717
409,67	99,758
409,89	87,416
410,10	85,308
410,31	86,310
410,53	99,469
410,74	110,824
410,95	87,116
411,17	101,045
411,38	101,629
411,59	83,976
411,81	96,346
412,02	93,783
412,23	95,626
412,45	100,938
412,66	97,518
412,87	93,623
413,09	89,168
413,30	81,741
413,51	75,956
413,73	81,218
413,94	77,861
414,15	90,890
414,37	81,938
414,58	84,206
414,79	78,736
415,01	81,323
415,22	76,210
415,43	72,176
415,65	79,495
415,86	77,860
416,07	67,429
416,29	73,338
416,50	71,752
416,71	73,532
416,93	67,370
417,14	75,392
417,35	72,865
417,57	65,234
417,78	66,860
417,99	64,205
418,21	59,716
418,42	66,827
418,63	65,421
418,85	68,777
419,06	66,186
419,27	63,001
419,48	61,057
419,70	58,727
419,91	65,734
420,12	62,828
420,34	64,839
420,55	47,660
420,76	59,990
420,98	56,301
421,19	56,021
421,40	53,423
421,61	57,530
421,83	52,820
422,04	56,218
422,25	50,565
422,47	56,489
422,68	50,926
422,89	53,105
423,11	50,374
423,32	48,952
423,53	48,728
423,74	42,846
423,96	51,990
424,17	49,267
424,38	46,494
424,59	45,906
424,81	46,072
425,02	44,675
425,23	45,750
425,45	48,684
425,66	40,358
425,87	41,846
426,08	43,179
426,30	41,382
426,51	45,927
426,72	44,851
426,93	42,839
427,15	40,275
427,36	40,206
427,57	43,379
427,79	41,305
428,00	42,348
428,21	103,205
428,42	39,866
428,64	42,547
428,85	39,407
429,06	42,087
429,27	40,000
429,49	39,580
429,70	41,046
429,91	39,352
430,12	38,051
430,34	38,527
430,55	40,207
430,76	40,501
430,97	38,820
431,19	39,357
431,40	39,768
431,61	41,055
431,82	39,207
432,03	38,581
432,25	37,303
432,46	39,089
432,67	37,950
432,88	39,354
433,10	36,504
433,31	35,736
433,52	36,518
433,73	36,206
433,95	39,797
434,16	38,500
434,37	38,170
434,58	37,244
434,79	36,702
435,01	38,102
435,22	35,262
435,43	37,387
435,64	34,531
435,86	41,237
436,07	38,040
436,28	37,827
436,49	36,392
436,70	36,412
436,92	36,183
437,13	36,190
437,34	36,234
437,55	36,401
437,76	37,666
437,98	36,052
438,19	37,045
438,40	36,674
438,61	37,549
438,82	35,463
439,04	35,323
439,25	38,002
439,46	36,015
439,67	35,922
439,88	34,563
440,10	35,250
440,31	34,869
440,52	34,976
440,73	33,729
440,94	37,644
441,16	35,732
441,37	35,790
441,58	35,268
441,79	35,499
442,00	36,620
442,21	34,898
442,43	34,803
442,64	35,868
442,85	36,910
443,06	35,698
443,27	36,051
443,48	37,092
443,70	37,081
443,91	35,947
444,12	35,158
444,33	37,188
444,54	35,436
444,75	35,584
444,97	36,269
445,18	38,135
445,39	36,434
445,60	36,418
445,81	37,482
446,02	35,860
446,24	36,461
446,45	36,384
446,66	36,191
446,87	36,148
447,08	34,869
447,29	35,500
447,51	34,889
447,72	35,059
447,93	36,759
448,14	36,077
448,35	35,476
448,56	36,121
448,77	37,504
448,99	36,713
449,20	35,213
449,41	37,278
449,62	37,561
449,83	36,348
450,04	35,746
450,25	34,554
450,46	36,395
450,68	36,425
450,89	36,063
451,10	35,887
451,31	35,499
451,52	35,818
451,73	36,231
451,94	37,480
452,15	36,215
452,37	36,502
452,58	37,495
452,79	37,545
453,00	35,823
453,21	35,764
453,42	35,398
453,63	36,843
453,84	36,294
454,06	36,778
454,27	37,098
454,48	37,324
454,69	36,275
454,90	38,049
455,11	37,614
455,32	37,995
455,53	37,647
455,74	38,190
455,95	38,295
456,17	35,769
456,38	36,971
456,59	35,989
456,80	36,868
457,01	36,568
457,22	37,068
457,43	37,486
457,64	37,872
457,85	36,929
458,06	36,534
458,27	36,600
458,49	35,677
458,70	36,633
458,91	37,650
459,12	37,118
459,33	38,899
459,54	37,759
459,75	37,724
459,96	37,496
460,17	37,933
460,38	36,665
460,59	37,493
460,80	37,076
461,01	35,571
461,23	36,529
461,44	39,597
461,65	37,379
461,86	37,563
462,07	38,414
462,28	38,058
462,49	37,921
462,70	37,029
462,91	36,310
463,12	36,906
463,33	39,315
463,54	36,760
463,75	37,369
463,96	36,509
464,17	37,459
464,38	36,309
464,59	38,710
464,81	38,448
465,02	37,106
465,23	38,543
465,44	39,524
465,65	37,115
465,86	38,504
466,07	38,507
466,28	37,746
466,49	36,836
466,70	36,677
466,91	38,278
467,12	36,621
467,33	37,771
467,54	37,832
467,75	36,998
467,96	36,651
468,17	36,481
468,38	37,667
468,59	38,122
468,80	38,089
469,01	38,565
469,22	38,035
469,43	37,946
469,64	38,210
469,85	36,952
470,06	37,610
470,27	37,335
470,48	37,590
470,69	37,943
470,90	37,768
471,11	37,905
471,32	38,432
471,53	37,561
471,74	38,526
471,95	37,911
472,16	38,079
472,37	38,595
472,58	38,019
472,79	37,880
473,00	37,185
473,21	37,240
473,42	38,080
473,63	38,343
473,84	38,642
474,05	37,472
474,26	37,550
474,47	38,519
474,68	37,733
474,89	37,653
475,10	38,069
475,31	38,715
475,52	38,386
475,73	37,929
475,94	38,381
476,15	37,294
476,36	38,905
476,57	38,432
476,78	38,074
476,99	36,932
477,20	38,992
477,41	38,062
477,62	38,316
477,83	38,023
478,04	38,066
478,25	37,777
478,46	38,182
478,67	38,671
478,88	38,565
479,09	38,397
479,30	38,330
479,51	38,225
479,72	37,365
479,93	38,659
480,14	39,687
480,35	37,758
480,56	38,488
480,77	38,482
480,98	38,204
481,18	38,471
481,39	38,224
481,60	38,928
481,81	38,630
482,02	38,833
482,23	38,569
482,44	38,074
482,65	37,925
482,86	37,742
483,07	38,672
483,28	39,106
483,49	38,721
483,70	38,187
483,91	38,321
484,12	38,410
484,33	38,208
484,53	39,110
484,74	38,682
484,95	38,032
485,16	38,387
485,37	38,161
485,58	38,595
485,79	39,162
486,00	39,244
486,21	38,443
486,42	38,889
486,63	38,616
486,84	38,956
487,05	39,163
487,25	38,473
487,46	37,894
487,67	39,474
487,88	39,279
488,09	39,413
488,30	39,017
488,51	45,672
488,72	38,779
488,93	39,983
489,14	38,478
489,35	39,052
489,55	38,633
489,76	38,701
489,97	38,908
490,18	38,443
490,39	38,973
490,60	38,717
490,81	39,907
491,02	39,319
491,23	38,713
491,43	38,850
491,64	38,756
491,85	38,599
492,06	39,612
492,27	39,089
492,48	39,304
492,69	39,013
492,90	38,769
493,11	39,134
493,31	38,712
493,52	39,458
493,73	39,212
493,94	38,875
494,15	39,120
494,36	38,964
494,57	38,621
494,78	39,364
494,98	39,094
495,19	38,624
495,40	38,713
495,61	38,609
495,82	39,012
496,03	38,921
496,24	39,015
496,44	39,665
496,65	39,397
496,86	39,059
497,07	39,710
497,28	38,893
497,49	39,344
497,70	39,431
497,90	39,579
498,11	39,111
498,32	40,348
498,53	39,548
498,74	39,546
498,95	38,868
499,15	39,195
499,36	39,482
499,57	38,839
499,78	39,351
499,99	39,665
500,20	38,900
500,40	39,474
500,61	39,547
500,82	39,548
501,03	39,186
501,24	38,886
501,45	39,494
501,65	39,224
501,86	39,514
502,07	40,098
502,28	39,973
502,49	39,705
502,70	39,540
502,90	39,597
503,11	40,022
503,32	39,575
503,53	39,409
503,74	40,182
503,94	39,472
504,15	39,960
504,36	40,120
504,57	40,284
504,78	39,721
504,98	39,799
505,19	40,359
505,40	39,960
505,61	39,663
505,82	39,896
506,02	40,159
506,23	39,853
506,44	39,820
506,65	40,513
506,86	39,208
507,06	40,088
507,27	40,551
507,48	40,207
507,69	40,048
507,90	40,314
508,10	39,999
508,31	39,905
508,52	40,448
508,73	40,601
508,94	40,288
509,14	40,159
509,35	40,261
509,56	40,272
509,77	41,065
509,97	41,078
510,18	40,946
510,39	40,130
510,60	40,748
510,80	40,460
511,01	40,937
511,22	41,350
511,43	40,760
511,64	40,605
511,84	40,764
512,05	41,313
512,26	40,983
512,47	41,228
512,67	40,834
512,88	41,006
513,09	41,274
513,30	41,489
513,50	41,452
513,71	41,186
513,92	40,853
514,13	40,701
514,33	41,347
514,54	41,616
514,75	41,202
514,96	41,619
515,16	42,037
515,37	42,069
515,58	42,009
515,78	41,894
515,99	42,229
516,20	41,678
516,41	41,909
516,61	41,869
516,82	42,590
517,03	42,360
517,24	42,544
517,44	42,354
517,65	42,381
517,86	42,804
518,07	42,366
518,27	42,199
518,48	42,913
518,69	42,945
518,89	42,485
519,10	43,163
519,31	43,573
519,52	43,156
519,72	42,732
519,93	43,673
520,14	43,587
520,34	43,631
520,55	43,594
520,76	43,317
520,96	43,836
521,17	44,467
521,38	43,766
521,59	44,231
521,79	43,887
522,00	44,393
522,21	44,342
522,41	44,382
522,62	44,904
522,83	44,046
523,03	45,284
523,24	45,703
523,45	45,040
523,66	44,628
523,86	45,283
524,07	45,743
524,28	45,526
524,48	45,501
524,69	45,823
524,90	45,819
525,10	45,941
525,31	45,904
525,52	45,934
525,72	46,338
525,93	46,404
526,14	46,095
526,34	46,706
526,55	46,648
526,76	46,523
526,96	46,568
527,17	46,958
527,38	47,350
527,58	47,092
527,79	47,008
528,00	47,238
528,20	47,775
528,41	47,418
528,62	47,947
528,82	47,972
529,03	47,333
529,24	47,377
529,44	48,374
529,65	48,215
529,85	47,987
530,06	48,667
530,27	48,325
530,47	47,674
530,68	48,033
530,89	48,772
531,09	48,493
531,30	48,727
531,51	49,188
531,71	48,843
531,92	49,231
532,13	48,953
532,33	48,822
532,54	49,129
532,74	49,539
532,95	49,488
533,16	49,356
533,36	49,479
533,57	49,550
533,78	50,351
533,98	49,676
534,19	49,945
534,39	49,584
534,60	49,714
534,81	50,126
535,01	50,697
535,22	50,130
535,42	49,884
535,63	49,920
535,84	49,974
536,04	50,526
536,25	50,205
536,45	50,454
536,66	50,444
536,87	50,317
537,07	50,479
537,28	50,760
537,48	50,109
537,69	50,372
537,90	50,617
538,10	51,168
538,31	50,805
538,51	51,017
538,72	50,880
538,93	51,005
539,13	50,986
539,34	51,315
539,54	51,344
539,75	50,636
539,96	50,578
540,16	51,438
540,37	51,381
540,57	51,368
540,78	51,692
540,98	51,424
541,19	51,473
541,40	51,074
541,60	50,942
541,81	51,156
542,01	51,799
542,22	51,055
542,42	51,214
542,63	51,373
542,83	51,375
543,04	51,754
543,25	51,036
543,45	52,099
543,66	51,481
543,86	51,397
544,07	51,694
544,27	51,565
544,48	51,574
544,68	51,838
544,89	51,589
545,10	52,036
545,30	51,411
545,51	51,031
545,71	51,719
545,92	51,305
546,12	52,095
546,33	51,578
546,53	51,418
546,74	51,524
546,94	51,969
547,15	51,842
547,36	51,579
547,56	51,617
547,77	51,711
547,97	52,064
548,18	51,904
548,38	52,034
548,59	52,083
548,79	51,726
549,00	51,774
549,20	51,680
549,41	52,055
549,61	52,202
549,82	51,971
550,02	51,804
550,23	51,859
550,43	52,263
550,64	51,984
550,84	51,509
551,05	51,937
551,25	51,920
551,46	52,046
551,66	52,121
551,87	52,232
552,07	51,803
552,28	51,971
552,48	52,240
552,69	52,114
552,89	52,266
553,10	52,023
553,30	51,918
553,51	52,091
553,71	52,474
553,92	52,438
554,12	52,433
554,33	52,311
554,53	51,869
554,74	52,570
554,94	52,214
555,15	52,309
555,35	52,424
555,56	51,771
555,76	51,923
555,97	52,477
556,17	52,280
556,38	52,325
556,58	52,420
556,78	52,768
556,99	52,439
557,19	52,821
557,40	52,697
557,60	52,513
557,81	52,225
558,01	52,510
558,22	52,624
558,42	51,962
558,63	52,526
558,83	52,750
559,04	52,029
559,24	51,788
559,44	51,867
559,65	52,706
559,85	52,362
560,06	52,289
560,26	52,574
560,47	52,323
560,67	52,368
560,88	52,277
561,08	52,228
561,28	52,389
561,49	52,608
561,69	52,747
561,90	52,334
562,10	52,000
562,31	51,993
562,51	52,598
562,71	52,310
562,92	51,931
563,12	52,148
563,33	52,324
563,53	52,186
563,74	52,105
563,94	52,317
564,14	51,249
564,35	51,793
564,55	51,802
564,76	51,888
564,96	51,721
565,17	52,174
565,37	52,087
565,57	51,914
565,78	51,313
565,98	51,759
566,19	51,346
566,39	51,873
566,59	51,193
566,80	51,697
567,00	51,512
567,21	51,689
567,41	51,529
567,61	51,422
567,82	51,604
568,02	51,173
568,23	51,147
568,43	50,795
568,63	51,241
568,84	50,848
569,04	50,346
569,24	51,188
569,45	50,711
569,65	50,738
569,86	50,787
570,06	50,751
570,26	50,679
570,47	51,080
570,67	50,616
570,87	50,505
571,08	50,312
571,28	50,124
571,49	50,419
571,69	50,287
571,89	50,101
572,10	50,254
572,30	49,629
572,50	49,804
572,71	50,120
572,91	49,649
573,11	49,793
573,32	49,812
573,52	48,924
573,73	49,030
573,93	49,125
574,13	49,998
574,34	49,321
574,54	48,926
574,74	49,265
574,95	49,365
575,15	49,023
575,35	49,068
575,56	48,894
575,76	48,619
575,96	48,626
576,17	49,129
576,37	48,877
576,57	48,584
576,78	48,313
576,98	48,580
577,18	48,460
577,39	48,611
577,59	48,601
577,79	48,361
578,00	48,270
578,20	48,068
578,40	48,169
578,61	48,144
578,81	48,272
579,01	48,324
579,22	48,518
579,42	48,137
579,62	47,709
579,82	47,556
580,03	48,020
580,23	47,664
580,43	48,105
580,64	47,425
580,84	47,484
581,04	48,087
581,25	47,287
581,45	47,250
581,65	47,660
581,86	47,268
582,06	47,620
582,26	47,338
582,46	47,047
582,67	47,127
582,87	47,181
583,07	47,013
583,28	46,744
583,48	47,181
583,68	46,729
583,88	46,775
584,09	46,745
584,29	46,617
584,49	46,791
584,70	46,959
584,90	47,068
585,10	46,850
585,30	46,544
585,51	46,938
585,71	46,927
585,91	46,870
586,11	46,666
586,32	46,823
586,52	46,505
586,72	46,797
586,92	46,151
587,13	46,323
587,33	46,451
587,53	46,086
587,74	46,295
587,94	46,405
588,14	46,158
588,34	46,247
588,55	45,730
588,75	45,889
588,95	45,938
589,15	45,517
589,36	45,229
589,56	45,644
589,76	45,804
589,96	45,648
590,16	45,358
590,37	45,936
590,57	45,531
590,77	45,442
590,97	45,663
591,18	45,378
591,38	45,364
591,58	42,877
591,78	45,565
591,99	45,384
592,19	45,439
592,39	45,527
592,59	45,464
592,79	45,235
593,00	45,642
593,20	45,835
593,40	45,258
593,60	45,311
593,81	44,947
594,01	45,463
594,21	45,160
594,41	45,209
594,61	45,116
594,82	45,161
595,02	44,975
595,22	45,116
595,42	45,101
595,62	44,954
595,83	44,815
596,03	45,555
596,23	45,150
596,43	45,208
596,63	44,854
596,84	45,116
597,04	45,163
597,24	45,201
597,44	44,417
597,64	45,401
597,84	44,868
598,05	44,556
598,25	44,916
598,45	44,785
598,65	44,920
598,85	44,490
599,06	44,868
599,26	44,976
599,46	44,616
599,66	44,788
599,86	44,682
600,06	45,416
600,27	44,873
600,47	44,718
600,67	43,943
600,87	44,955
601,07	44,418
601,27	44,652
601,48	44,935
601,68	44,388
601,88	44,746
602,08	44,503
602,28	44,518
602,48	44,630
602,68	44,340
602,89	44,435
603,09	44,325
603,29	44,393
603,49	44,176
603,69	44,664
603,89	44,754
604,09	44,715
604,30	44,363
604,50	44,591
604,70	44,318
604,90	44,561
605,10	44,425
605,30	44,587
605,50	44,505
605,71	44,660
605,91	44,462
606,11	44,345
606,31	44,503
606,51	44,320
606,71	44,105
606,91	44,245
607,11	44,210
607,32	43,832
607,52	44,266
607,72	44,471
607,92	44,709
608,12	44,546
608,32	44,438
608,52	44,301
608,72	44,925
608,92	44,355
609,12	43,977
609,33	44,356
609,53	44,270
609,73	44,253
609,93	44,143
610,13	44,418
610,33	44,345
610,53	44,355
610,73	44,055
610,93	43,949
611,13	44,127
611,34	44,277
611,54	44,322
611,74	44,224
611,94	44,082
612,14	43,749
612,34	44,217
612,54	43,755
612,74	44,139
612,94	43,920
613,14	43,867
613,34	43,736
613,54	43,908
613,74	43,916
613,95	44,088
614,15	43,629
614,35	43,942
614,55	43,734
614,75	43,922
614,95	43,954
615,15	43,570
615,35	43,693
615,55	43,590
615,75	43,732
615,95	43,271
616,15	43,839
616,35	43,975
616,55	43,682
616,75	43,581
616,95	43,334
617,15	43,496
617,35	43,553
617,56	43,553
617,76	44,052
617,96	43,573
618,16	43,435
618,36	43,293
618,56	43,486
618,76	43,148
618,96	43,274
619,16	43,584
619,36	43,571
619,56	43,265
619,76	43,587
619,96	43,303
620,16	43,275
620,36	43,252
620,56	43,273
620,76	43,396
620,96	43,266
621,16	43,328
621,36	43,134
621,56	43,174
621,76	43,228
621,96	43,615
622,16	43,305
622,36	43,524
622,56	43,289
622,76	43,421
622,96	43,080
623,16	42,948
623,36	43,240
623,56	42,989
623,76	43,142
623,96	43,283
624,16	43,000
624,36	43,186
624,56	43,033
624,76	42,951
624,96	43,278
625,16	43,051
625,36	42,826
625,56	42,960
625,76	42,574
625,96	43,016
626,16	43,202
626,36	43,101
626,56	43,309
626,76	42,851
626,96	43,079
627,16	42,790
627,36	42,611
627,56	43,116
627,76	42,776
627,96	42,944
628,16	43,161
628,36	42,762
628,56	42,598
628,75	42,973
628,95	42,970
629,15	43,103
629,35	43,247
629,55	42,769
629,75	42,905
629,95	42,888
630,15	42,989
630,35	42,733
630,55	42,671
630,75	42,747
630,95	42,557
631,15	43,187
631,35	42,712
631,55	42,577
631,75	43,028
631,95	42,899
632,15	43,033
632,34	42,551
632,54	42,620
632,74	42,480
632,94	42,532
633,14	42,535
633,34	42,780
633,54	42,754
633,74	42,575
633,94	42,386
634,14	42,603
634,34	42,788
634,54	42,694
634,74	42,384
634,93	42,429
635,13	42,738
635,33	42,542
635,53	42,435
635,73	42,707
635,93	42,198
636,13	42,095
636,33	42,803
636,53	42,682
636,73	42,393
636,93	42,537
637,12	42,571
637,32	42,467
637,52	42,450
637,72	42,134
637,92	42,105
638,12	42,456
638,32	42,594
638,52	42,270
638,72	41,965
638,91	42,291
639,11	42,265
639,31	42,089
639,51	41,983
639,71	41,964
639,91	42,005
640,11	42,224
640,31	42,084
640,50	42,115
640,70	41,654
640,90	41,943
641,10	42,158
641,30	42,039
641,50	41,617
641,70	42,158
641,89	42,083
642,09	41,816
642,29	41,878
642,49	41,905
642,69	41,507
642,89	42,286
643,09	41,727
643,28	41,682
643,48	41,863
643,68	41,529
643,88	41,907
644,08	41,485
644,28	41,479
644,48	41,235
644,67	41,386
644,87	41,085
645,07	41,260
645,27	41,340
645,47	41,221
645,67	41,054
645,86	41,678
646,06	41,339
646,26	41,358
646,46	41,042
646,66	41,120
646,85	41,141
647,05	40,792
647,25	41,018
647,45	40,781
647,65	41,069
647,85	40,591
648,04	40,883
648,24	40,580
648,44	41,028
648,64	41,051
648,84	40,853
649,03	40,689
649,23	40,911
649,43	41,046
649,63	40,831
649,83	40,647
650,02	40,690
650,22	40,662
650,42	40,750
650,62	40,814
650,82	40,313
651,01	40,648
651,21	40,729
651,41	40,521
651,61	40,427
651,81	40,459
652,00	40,362
652,20	40,462
652,40	40,334
652,60	40,207
652,79	40,530
652,99	40,312
653,19	40,138
653,39	40,240
653,59	40,321
653,78	40,215
653,98	40,650
654,18	40,432
654,38	40,306
654,57	40,178
654,77	40,082
654,97	40,197
655,17	40,264
655,36	40,178
655,56	40,432
655,76	40,574
655,96	40,020
656,15	40,149
656,35	40,543
656,55	40,559
656,75	40,009
656,94	39,985
657,14	40,188
657,34	39,958
657,54	40,262
657,73	40,081
657,93	40,157
658,13	39,866
658,33	40,336
658,52	40,245
658,72	40,314
658,92	40,105
659,11	40,270
659,31	39,978
659,51	39,886
659,71	40,079
659,90	40,189
660,10	40,081
660,30	40,019
660,50	40,318
660,69	40,323
660,89	39,675
661,09	39,823
661,28	39,895
661,48	40,001
661,68	40,201
661,87	39,876
662,07	39,848
662,27	40,116
662,47	39,824
662,66	39,772
662,86	39,888
663,06	40,068
663,25	39,843
663,45	39,894
663,65	39,439
663,84	39,781
664,04	39,528
664,24	39,681
664,44	39,431
664,63	39,895
664,83	39,671
665,03	39,509
665,22	39,934
665,42	39,623
665,62	39,985
665,81	39,636
666,01	39,500
666,21	39,501
666,40	39,411
666,60	39,669
666,80	39,827
666,99	39,680
667,19	39,853
667,39	39,749
667,58	39,906
667,78	39,548
667,98	39,656
668,17	39,532
668,37	39,788
668,57	39,516
668,76	39,438
668,96	39,585
669,16	39,697
669,35	39,670
669,55	39,892
669,74	39,365
669,94	39,650
670,14	40,020
670,33	39,458
670,53	39,723
670,73	39,501
670,92	39,724
671,12	39,731
671,32	39,724
671,51	39,765
671,71	39,457
671,90	39,682
672,10	39,511
672,30	39,709
672,49	39,526
672,69	39,500
672,89	39,905
673,08	39,302
673,28	39,600
673,47	39,692
673,67	39,480
673,87	39,684
674,06	39,537
674,26	39,563
674,45	39,921
674,65	39,883
674,85	39,821
675,04	39,798
675,24	39,398
675,43	40,017
675,63	39,655
675,83	39,559
676,02	39,797
676,22	39,436
676,41	39,759
676,61	39,869
676,81	40,317
677,00	39,793
677,20	39,659
677,39	39,687
677,59	39,880
677,79	39,775
677,98	40,269
678,18	39,730
678,37	39,832
678,57	39,773
678,76	39,760
678,96	39,934
679,16	40,209
679,35	39,720
679,55	40,217
679,74	40,233
679,94	39,449
680,13	39,921
680,33	40,014
680,53	39,822
680,72	40,054
680,92	40,075
681,11	40,181
681,31	39,894
681,50	40,404
681,70	40,072
681,89	40,067
682,09	39,777
682,28	39,974
682,48	40,160
682,68	40,275
682,87	39,954
683,07	40,298
683,26	40,065
683,46	40,131
683,65	40,623
683,85	40,327
684,04	40,609
684,24	40,297
684,43	40,021
684,63	40,061
684,82	40,342
685,02	40,331
685,21	40,308
685,41	40,178
685,60	40,093
685,80	40,189
686,00	40,582
686,19	40,468
686,39	40,526
686,58	40,300
686,78	40,357
686,97	40,332
687,17	40,485
687,36	40,519
687,56	40,538
687,75	40,442
687,95	40,420
688,14	40,610
688,34	40,264
688,53	40,530
688,73	40,513
688,92	40,629
689,12	40,882
689,31	40,594
689,51	40,787
689,70	40,859
689,89	40,582
690,09	40,748
690,28	40,798
690,48	40,744
690,67	40,518
690,87	41,072
691,06	41,155
691,26	40,643
691,45	41,050
691,65	41,307
691,84	40,828
692,04	41,240
692,23	41,536
692,43	41,181
692,62	41,522
692,82	41,132
693,01	41,378
693,20	41,841
693,40	41,786
693,59	41,629
693,79	41,507
693,98	41,607
694,18	42,415
694,37	42,290
694,57	42,315
694,76	42,217
694,95	42,920
695,15	42,777
695,34	42,967
695,54	42,791
695,73	43,076
695,93	43,047
696,12	43,752
696,32	43,612
696,51	43,823
696,70	43,909
696,90	43,370
697,09	44,379
697,29	44,383
697,48	44,619
697,67	44,857
697,87	44,937
698,06	45,270
698,26	45,111
698,45	45,789
698,65	46,024
698,84	45,929
699,03	46,598
699,23	46,340
699,42	46,649
699,62	46,789
699,81	46,862
700,00	47,307
700,20	47,488
700,39	47,869
700,59	48,049
700,78	48,234
700,97	48,266
701,17	48,630
701,36	49,137
701,56	49,487
701,75	49,115
701,94	49,524
702,14	50,029
702,33	50,118
702,52	50,556
702,72	50,714
702,91	51,025
703,11	51,288
703,30	51,587
703,49	52,012
703,69	52,576
703,88	52,790
704,07	53,251
704,27	53,279
704,46	53,584
704,66	53,595
704,85	53,810
705,04	54,371
705,24	53,936
705,43	55,100
705,62	54,631
705,82	55,266
706,01	55,589
706,20	55,729
706,40	56,026
706,59	56,539
706,78	56,992
706,98	57,155
707,17	57,269
707,36	57,428
707,56	57,584
707,75	57,828
707,94	58,219
708,14	57,985
708,33	58,571
708,52	59,387
708,72	59,108
708,91	59,414
709,10	59,915
709,30	60,320
709,49	60,327
709,68	60,732
709,88	61,134
710,07	61,207
710,26	61,378
710,46	62,130
710,65	62,242
710,84	62,397
711,04	62,769
711,23	62,871
711,42	62,960
711,61	63,039
711,81	63,725
712,00	63,782
712,19	64,011
712,39	64,606
712,58	64,380
712,77	64,291
712,97	64,790
713,16	65,251
713,35	65,005
713,54	65,668
713,74	66,000
713,93	65,947
714,12	66,482
714,32	66,957
714,51	66,839
714,70	67,505
714,89	67,258
715,09	67,350
715,28	68,037
715,47	68,246
715,66	68,327
715,86	68,792
716,05	69,146
716,24	68,659
716,44	69,533
716,63	69,937
716,82	69,412
717,01	70,374
717,21	70,494
717,40	70,584
717,59	71,210
717,78	70,562
717,98	71,157
718,17	71,324
718,36	71,746
718,55	71,778
718,75	71,874
718,94	72,564
719,13	72,434
719,32	73,090
719,52	72,670
719,71	73,144
719,90	73,011
720,09	73,436
720,28	73,647
720,48	74,418
720,67	74,272
720,86	74,841
721,05	74,453
721,25	75,188
721,44	75,316
721,63	75,202
721,82	75,690
722,01	76,078
722,21	76,720
722,40	76,568
722,59	76,312
722,78	77,249
722,98	77,216
723,17	77,789
723,36	77,292
723,55	77,516
723,74	78,126
723,94	78,257
724,13	77,890
724,32	78,315
724,51	79,323
724,70	78,921
724,89	79,310
725,09	79,551
725,28	79,362
725,47	80,313
725,66	79,737
725,85	80,255
726,05	80,649
726,24	81,179
726,43	81,216
726,62	81,286
726,81	81,716
727,00	81,792
727,20	82,125
727,39	82,000
727,58	82,615
727,77	82,518
727,96	82,946
728,15	83,148
728,35	83,024
728,54	83,243
728,73	83,873
728,92	83,165
729,11	84,040
729,30	83,885
729,50	84,606
729,69	84,864
729,88	84,938
730,07	84,419
730,26	85,031
730,45	85,557
730,64	85,209
730,84	85,596
731,03	86,154
731,22	86,097
731,41	86,449
731,60	86,661
731,79	86,794
731,98	87,084
732,18	87,269
732,37	87,102
732,56	87,672
732,75	87,397
732,94	87,355
733,13	87,407
733,32	88,562
733,51	88,460
733,71	88,069
733,90	88,139
734,09	87,982
734,28	88,687
734,47	88,586
734,66	88,681
734,85	88,302
735,04	89,585
735,23	89,166
735,42	89,535
735,62	89,384
735,81	89,258
736,00	89,195
736,19	89,905
736,38	89,895
736,57	90,152
736,76	89,780
736,95	89,978
737,14	90,461
737,33	90,251
737,52	89,916
737,72	91,257
737,91	90,668
738,10	90,854
738,29	91,560
738,48	91,622
738,67	91,384
738,86	90,962
739,05	91,888
739,24	92,345
739,43	91,111
739,62	91,391
739,81	92,309
740,00	91,929
740,19	92,056
740,39	92,233
740,58	92,001
740,77	92,546
740,96	92,308
741,15	92,491
741,34	93,288
741,53	93,051
741,72	92,593
741,91	93,007
742,10	92,987
742,29	92,899
742,48	92,633
742,67	93,585
742,86	93,359
743,05	93,484
743,24	93,862
743,43	93,583
743,62	93,893
743,81	93,614
744,00	93,794
744,19	94,453
744,38	94,913
744,57	94,879
744,76	94,389
744,95	94,274
745,14	94,312
745,33	93,964
745,52	94,464
745,71	94,487
745,90	93,995
746,09	94,793
746,28	94,578
746,47	94,786
746,66	94,485
746,85	94,840
747,04	95,203
747,23	94,860
747,42	95,131
747,61	95,517
747,80	95,546
747,99	95,825
748,18	95,334
748,37	95,501
748,56	95,325
748,75	95,919
748,94	96,236
749,13	95,451
749,32	95,653
749,51	95,192
749,70	95,407
749,89	95,283
750,08	95,754
750,27	95,919
750,46	96,087
750,65	96,247
750,84	95,790
751,03	95,637
751,22	96,055
751,41	96,816
751,60	95,944
751,79	95,859
751,98	95,929
752,17	96,867
752,36	96,470
752,55	96,192
752,74	96,202
752,93	96,368
753,12	96,214
753,30	96,589
753,49	96,631
753,68	96,485
753,87	96,957
754,06	96,485
754,25	97,023
754,44	97,404
754,63	96,109
754,82	96,954
755,01	96,987
755,20	96,347
755,39	96,122
755,58	96,790
755,77	96,621
755,96	96,928
756,14	96,810
756,33	96,276
756,52	96,653
756,71	96,997
756,90	97,006
757,09	97,284
757,28	97,691
757,47	96,871
757,66	96,791
757,85	97,134
758,04	96,999
758,22	97,023
758,41	97,072
758,60	96,278
758,79	97,530
758,98	97,148
759,17	97,605
759,36	96,858
759,55	97,161
759,74	97,450
759,92	97,387
760,11	97,847
760,30	97,431
760,49	97,551
760,68	97,415
760,87	97,280
761,06	97,254
761,25	97,408
761,43	97,901
761,62	96,427
761,81	97,605
762,00	97,293
762,19	97,244
762,38	97,721
762,57	98,190
762,76	97,468
762,94	97,003
763,13	97,591
763,32	96,869
763,51	97,013
763,70	97,676
763,89	97,346
764,07	97,241
764,26	97,288
764,45	97,349
764,64	97,970
764,83	97,061
765,02	97,288
765,21	97,601
765,39	97,791
765,58	97,719
765,77	97,074
765,96	97,777
766,15	97,232
766,34	97,690
766,52	97,597
766,71	96,805
766,90	97,615
767,09	97,277
767,28	97,807
767,46	98,179
767,65	98,444
767,84	97,315
768,03	97,646
768,22	97,239
768,40	97,314
768,59	97,768
768,78	97,374
768,97	97,694
769,16	97,407
769,34	98,263
769,53	97,772
769,72	97,946
769,91	97,329
770,10	97,447
770,28	96,796
770,47	97,095
770,66	97,611
770,85	97,481
771,04	97,605
771,22	97,603
771,41	98,000
771,60	97,517
771,79	97,258
771,98	97,645
772,16	97,932
772,35	97,692
772,54	96,974
772,73	98,449
772,91	97,997
773,10	97,071
773,29	97,008
773,48	97,185
773,66	97,446
773,85	97,923
774,04	98,084
774,23	97,495
774,41	97,755
774,60	97,468
774,79	98,142
774,98	97,303
775,16	97,491
775,35	97,477
775,54	97,947
775,73	97,300
775,91	98,074
776,10	96,587
776,29	97,421
776,48	97,623
776,66	98,660
776,85	97,710
777,04	97,375
777,23	97,457
777,41	98,166
777,60	97,645
777,79	98,006
777,97	97,449
778,16	97,416
778,35	98,229
778,54	97,262
778,72	97,265
778,91	98,106
779,10	97,163
779,28	97,610
779,47	98,007
779,66	97,902
779,85	96,887
780,03	97,553
780,22	97,338
780,41	97,702
780,59	97,507
780,78	96,937
780,97	97,928
781,15	97,364
781,34	97,449
781,53	97,629
781,71	97,073
781,90	97,506
782,09	97,955
782,27	97,687
782,46	97,057
782,65	97,674
782,84	97,909
783,02	97,803
783,21	97,811
783,40	96,897
783,58	97,841
783,77	98,783
783,96	97,708
784,14	97,473
784,33	97,524
784,52	97,933
784,70	97,700
784,89	97,399
785,07	97,431
785,26	97,898
785,45	97,819
785,63	97,452
785,82	98,232
786,01	97,408
786,19	97,646
786,38	98,546
786,57	98,152
786,75	97,997
786,94	96,778
787,13	97,325
787,31	97,562
787,50	97,776
787,68	98,127
787,87	97,043
788,06	98,059
788,24	97,735
788,43	97,752
788,62	97,943
788,80	98,142
788,99	97,885
789,17	97,306
789,36	97,360
789,55	98,211
789,73	97,408
789,92	97,410
790,10	97,240
790,29	97,703
790,48	97,561
790,66	97,041
790,85	98,374
791,03	97,404
791,22	97,843
791,41	97,286
791,59	97,833
791,78	96,927
791,96	97,316
792,15	97,680
792,34	97,159
792,52	97,783
792,71	97,969
792,89	96,903
793,08	97,499
793,27	97,915
793,45	97,427
793,64	97,868
793,82	97,512
794,01	97,281
794,19	97,140
794,38	97,723
794,57	97,201
794,75	97,841
794,94	97,490
795,12	96,911
795,31	97,594
795,49	98,272
795,68	97,911
795,86	98,507
796,05	97,901
796,24	97,925
796,42	97,343
796,61	97,571
796,79	97,211
796,98	97,606
797,16	97,950
797,35	97,737
797,53	97,860
797,72	97,409
797,90	98,880
798,09	97,631
798,27	97,777
798,46	97,173
798,65	97,412
798,83	97,775
799,02	97,454
799,20	97,515
799,39	97,831
799,57	97,660
799,76	96,931
799,94	97,857
800,13	97,751
800,31	97,391
800,50	97,957
800,68	97,934
800,87	98,303
801,05	98,162
801,24	97,652
801,42	97,029
801,61	96,872
801,79	97,356
801,98	97,183
802,16	98,210
802,35	97,646
802,53	97,811
802,72	97,425
802,90	96,905
803,09	97,014
803,27	97,267
803,46	97,655
803,64	97,482
803,83	97,400
804,01	97,911
804,20	97,356
804,38	97,529
804,56	97,405
804,75	97,082
804,93	97,657
805,12	97,942
805,30	97,265
805,49	97,000
805,67	97,700
805,86	97,281
806,04	97,665
806,23	97,570
806,41	97,378
806,59	97,196
806,78	97,129
806,96	97,133
807,15	97,360
807,33	97,788
807,52	97,523
807,70	97,453
807,89	96,920
808,07	97,277
808,25	97,656
808,44	97,667
808,62	97,148
808,81	97,553
808,99	96,338
809,18	96,860
809,36	98,185
809,54	97,707
809,73	97,632
809,91	97,416
810,10	96,647
810,28	97,448
810,47	97,764
810,65	97,426
810,83	97,725
811,02	97,813
811,20	97,145
811,39	97,254
811,57	97,475
811,75	97,311
811,94	96,762
812,12	97,100
812,31	96,884
812,49	96,930
812,67	97,897
812,86	97,756
813,04	97,746
813,23	97,685
813,41	98,081
813,59	97,325
813,78	97,847
813,96	97,571
814,14	98,148
814,33	97,339
814,51	97,329
814,70	97,568
814,88	97,808
815,06	97,570
815,25	97,479
815,43	97,194
815,61	97,416
815,80	97,707
815,98	97,594
816,16	96,496
816,35	97,316
816,53	97,350
816,72	96,789
816,90	97,132
817,08	97,024
817,27	96,854
817,45	96,893
817,63	97,098
817,82	97,153
818,00	97,101
818,18	97,438
818,37	97,079
818,55	97,413
818,73	97,206
818,92	97,099
819,10	97,076
819,28	96,433
819,47	96,869
819,65	98,064
819,83	96,824
820,02	97,292
820,20	96,977
820,38	97,471
820,57	96,979
820,75	97,549
820,93	97,392
821,11	97,481
821,30	97,543
821,48	97,144
821,66	97,321
821,85	97,117
822,03	97,307
822,21	96,225
822,40	97,358
822,58	97,070
822,76	97,010
822,94	96,720
823,13	97,249
823,31	97,352
823,49	96,995
823,68	97,254
823,86	97,229
824,04	96,983
824,22	97,110
824,41	97,051
824,59	97,250
824,77	97,823
824,96	97,251
825,14	96,849
825,32	97,276
825,50	97,486
825,69	97,186
825,87	97,045
826,05	97,493
826,23	96,706
826,42	97,300
826,60	97,763
826,78	97,332
826,96	97,458
827,15	97,470
827,33	97,308
827,51	97,975
827,69	97,560
827,88	97,574
828,06	97,993
828,24	97,420
828,42	97,384
828,61	97,440
828,79	97,236
828,97	97,168
829,15	97,443
829,34	96,813
829,52	96,974
829,70	96,491
829,88	97,645
830,06	97,263
830,25	97,740
830,43	97,543
830,61	97,693
830,79	97,654
830,97	97,082
831,16	97,835
831,34	98,181
831,52	97,283
831,70	97,745
831,89	97,534
832,07	97,306
832,25	96,927
832,43	97,639
832,61	97,395
832,80	97,814
832,98	97,562
833,16	97,286
833,34	97,654
833,52	97,256
833,70	97,988
833,89	97,523
834,07	97,252
834,25	96,864
834,43	96,897
834,61	97,206
834,80	97,435
834,98	96,813
835,16	96,892
835,34	97,338
835,52	97,481
835,70	98,362
835,89	97,157
836,07	97,696
836,25	97,521
836,43	98,141
836,61	96,933
836,79	97,923
836,97	97,588
837,16	97,174
837,34	96,919
837,52	97,547
837,70	98,029
837,88	97,462
838,06	97,419
838,24	97,413
838,43	97,379
838,61	97,671
838,79	98,130
838,97	97,327
839,15	97,714
839,33	96,782
839,51	97,868
839,70	97,293
839,88	97,457
840,06	97,111
840,24	99,212
840,42	97,549
840,60	97,178
840,78	97,579
840,96	97,811
841,14	97,214
841,33	97,869
841,51	97,416
841,69	97,828
841,87	98,051
842,05	98,059
842,23	98,037
842,41	96,596
842,59	97,940
842,77	97,109
842,95	97,876
843,14	98,036
843,32	97,895
843,50	96,612
843,68	97,772
843,86	97,542
844,04	97,444
844,22	97,403
844,40	96,978
844,58	97,346
844,76	97,368
844,94	97,340
845,12	96,352
845,30	97,148
845,49	97,366
845,67	98,154
845,85	98,172
846,03	97,853
846,21	97,368
846,39	97,583
846,57	97,960
846,75	98,110
846,93	98,150
847,11	98,080
847,29	97,376
847,47	97,639
847,65	97,415
847,83	97,885
848,01	97,955
848,19	97,255
848,37	97,856
848,55	97,425
848,73	98,244
848,91	97,202
849,09	97,611
849,27	98,347
849,46	97,708
849,64	97,722
849,82	97,500
850,00	97,744
850,18	96,893
850,36	97,379
850,54	97,577
850,72	97,314
850,90	97,793
851,08	98,127
851,26	96,915
851,44	97,176
851,62	97,491
851,80	97,528
851,98	97,640
852,16	97,654
852,34	97,548
852,52	98,792
852,70	97,816
852,88	98,379
853,06	98,083
853,24	97,159
853,42	98,084
853,60	97,588
853,78	97,529
853,96	98,224
854,14	97,602
854,31	97,308
854,49	97,762
854,67	98,129
854,85	97,461
855,03	97,687
855,21	96,814
855,39	97,385
855,57	97,218
855,75	97,659
855,93	97,234
856,11	97,190
856,29	98,226
856,47	97,422
856,65	97,213
856,83	97,066
857,01	97,867
857,19	97,408
857,37	97,235
857,55	97,628
857,73	97,182
857,91	97,879
858,09	97,621
858,26	98,356
858,44	98,036
858,62	97,844
858,80	97,212
858,98	98,006
859,16	98,048
859,34	97,688
859,52	97,370
859,70	98,087
859,88	97,599
860,06	97,897
860,24	97,767
860,42	96,702
860,59	97,846
860,77	97,387
860,95	97,674
861,13	97,487
861,31	97,740
861,49	97,715
861,67	97,654
861,85	97,156
862,03	97,314
862,21	97,508
862,38	97,690
862,56	97,854
862,74	97,473
862,92	97,750
863,10	97,692
863,28	98,144
863,46	98,381
863,64	98,453
863,82	98,757
863,99	98,088
864,17	97,813
864,35	97,683
864,53	97,582
864,71	97,497
864,89	96,547
865,07	98,036
865,24	97,489
865,42	97,866
865,60	98,299
865,78	97,403
865,96	97,036
866,14	97,874
866,32	97,573
866,49	97,609
866,67	97,637
866,85	97,724
867,03	97,864
867,21	97,594
867,39	97,889
867,56	97,744
867,74	97,881
867,92	98,639
868,10	97,844
868,28	97,948
868,46	97,245
868,63	97,907
868,81	98,002
868,99	97,857
869,17	97,852
869,35	98,195
869,53	97,953
869,70	97,148
869,88	98,242
870,06	97,890
870,24	98,070
870,42	98,118
870,59	97,256
870,77	97,555
870,95	97,508
871,13	98,383
871,31	97,574
871,48	98,307
871,66	97,559
871,84	97,510
872,02	97,833
872,20	96,867
872,37	97,654
872,55	97,192
872,73	97,553
872,91	98,581
873,08	97,019
873,26	98,115
873,44	97,270
873,62	98,477
873,80	98,148
873,97	98,446
874,15	97,509
874,33	97,739
874,51	97,102
874,68	97,543
874,86	97,588
875,04	98,475
875,22	98,005
875,39	97,942
875,57	97,299
875,75	97,428
875,93	98,725
876,10	97,798
876,28	97,530
876,46	98,160
876,64	98,149
876,81	98,356
876,99	97,701
877,17	98,885
877,35	97,888
877,52	98,692
877,70	98,140
877,88	97,489
878,06	97,824
878,23	97,540
878,41	98,001
878,59	97,296
878,76	97,820
878,94	98,053
879,12	97,747
879,30	97,625
879,47	98,086
879,65	98,453
879,83	98,768
880,00	97,513
880,18	98,101
880,36	98,033
880,53	97,862
880,71	97,639
880,89	97,211
881,07	97,604
881,24	98,020
881,42	98,092
881,60	97,993
881,77	98,611
881,95	97,481
882,13	98,090
882,30	97,323
882,48	98,259
882,66	98,048
882,83	97,902
883,01	97,476
883,19	98,380
883,36	98,490
883,54	98,243
883,72	97,213
883,89	97,429
884,07	97,865
884,25	97,134
884,42	98,644
884,60	98,245
884,78	97,640
884,95	97,821
885,13	98,277
885,31	98,293
885,48	98,168
885,66	96,968
885,84	97,101
886,01	98,469
886,19	97,540
886,36	97,358
886,54	98,699
886,72	98,433
886,89	98,156
887,07	97,741
887,25	98,862
887,42	97,832
887,60	97,083
887,78	97,758
887,95	98,241
888,13	98,840
888,30	97,683
888,48	97,223
888,66	97,261
888,83	98,347
889,01	97,464
889,18	98,250
889,36	97,627
889,54	98,364
889,71	97,415
889,89	99,211
890,06	97,541
890,24	96,750
890,42	98,406
890,59	97,618
890,77	97,844
890,94	98,001
891,12	98,748
891,30	97,555
891,47	99,789
891,65	98,908
891,82	99,334
892,00	98,477
892,17	98,414
892,35	99,240
892,53	97,597
892,70	98,166
892,88	96,632
893,05	97,933
893,23	98,276
893,40	98,415
893,58	98,138
893,75	99,155
893,93	98,428
894,11	98,177
894,28	98,994
894,46	98,149
894,63	98,380
894,81	99,009
894,98	98,299
895,16	98,507
895,33	97,690
895,51	97,281
895,68	99,055
895,86	98,260
896,04	97,020
896,21	98,209
896,39	98,660
896,56	97,793
896,74	99,313
896,91	97,073
897,09	96,521
897,26	97,600
897,44	97,990
897,61	98,232
897,79	97,776
897,96	97,337
898,14	97,786
898,31	97,227
898,49	97,813
898,66	98,152
898,84	98,409
899,01	97,330
899,19	97,056
899,36	97,978
899,54	96,899
899,71	97,955
899,89	97,420
900,06	97,339
900,24	97,186
900,41	98,881
900,59	97,578
900,76	98,979
900,94	97,614
901,11	97,099
901,29	98,022
901,46	97,817
901,63	97,974
901,81	98,949
901,98	98,070
902,16	97,333
902,33	97,322
902,51	98,516
902,68	98,063
902,86	98,678
903,03	98,690
903,21	96,587
903,38	98,532
903,56	98,850
903,73	97,433
903,90	98,421
904,08	98,114
904,25	98,969
904,43	97,602
904,60	97,525
904,78	98,294
904,95	97,650
905,12	98,353
905,30	97,347
905,47	97,975
905,65	98,722
905,82	97,631
906,00	98,491
906,17	97,647
906,34	96,338
906,52	98,539
906,69	97,839
906,87	97,701
907,04	97,203
907,21	98,301
907,39	98,270
907,56	97,216
907,74	98,311
907,91	97,920
908,08	97,277
908,26	98,269
908,43	98,652
908,61	98,465
908,78	97,803
908,95	96,925
909,13	98,182
909,30	98,754
909,48	96,813
909,65	98,804
909,82	98,062
910,00	99,005
910,17	99,130
910,34	98,981
910,52	98,351
910,69	98,784
910,87	97,502
911,04	99,264
911,21	97,558
911,39	98,276
911,56	98,260
911,73	98,569
911,91	97,113
912,08	98,750
912,25	98,669
912,43	98,801
912,60	99,623
912,77	97,762
912,95	97,640
913,12	97,511
913,29	98,295
913,47	98,667
913,64	100,542
913,81	97,946
913,99	97,443
914,16	99,417
914,33	98,769
914,51	98,858
914,68	97,946
914,85	97,770
915,03	99,554
915,20	97,915
915,37	98,253
915,55	98,622
915,72	97,449
915,89	98,069
916,07	98,792
916,24	99,036
916,41	97,597
916,59	97,992
916,76	97,420
916,93	96,690
917,10	97,498
917,28	96,862
917,45	97,788
917,62	98,149
917,80	98,698
917,97	98,273
918,14	97,833
918,31	98,064
918,49	97,866
918,66	98,993
918,83	98,656
919,01	97,484
919,18	96,912
919,35	97,824
919,52	98,093
919,70	98,600
919,87	96,775
920,04	98,593
920,21	98,699
920,39	97,621
920,56	99,037
920,73	98,399
920,90	97,964
921,08	97,500
921,25	98,632
921,42	99,357
921,59	98,328
921,77	98,979
921,94	98,629
922,11	100,272
922,28	99,003
922,46	97,309
922,63	98,242
922,80	98,690
922,97	98,000
923,15	98,365
923,32	98,382
923,49	99,647
923,66	99,111
923,83	97,543
924,01	98,507
924,18	99,209
924,35	98,783
924,52	98,333
924,69	99,619
924,87	98,608
925,04	99,667
925,21	98,527
925,38	97,909
925,55	97,279
925,73	97,090
925,90	97,219
926,07	98,625
926,24	98,404
926,41	98,998
926,59	98,470
926,76	99,314
926,93	98,150
927,10	99,102
927,27	97,622
927,45	97,940
927,62	99,581
927,79	98,621
927,96	98,755
928,13	99,442
928,30	98,562
928,48	99,554
928,65	99,080
928,82	96,940
928,99	98,859
929,16	99,034
929,33	98,904
929,50	97,556
929,68	99,343
929,85	97,980
930,02	98,924
930,19	98,817
930,36	98,243
930,53	99,505
930,70	98,972
930,88	99,055
931,05	97,462
931,22	99,407
931,39	99,056
931,56	98,081
931,73	99,673
931,90	97,481
932,08	98,707
932,25	99,138
932,42	98,205
932,59	98,078
932,76	98,978
932,93	100,276
933,10	98,697
933,27	99,501
933,44	99,693
933,62	97,457
933,79	99,565
933,96	99,266
934,13	97,630
934,30	98,588
934,47	100,142
934,64	99,181
934,81	98,392
934,98	100,054
935,15	96,983
935,32	98,888
935,50	96,206
935,67	97,869
935,84	96,580
936,01	97,625
936,18	98,947
936,35	98,714
936,52	97,065
936,69	96,666
936,86	98,848
937,03	102,490
937,20	97,094
937,37	99,645
937,54	96,723
937,71	96,060
937,89	98,608
938,06	98,711
938,23	96,192
938,40	99,589
938,57	99,332
938,74	98,298
938,91	101,280
939,08	97,098
939,25	98,695
939,42	98,344
939,59	98,505
939,76	101,711
939,93	97,505
940,10	99,490
940,27	99,532
940,44	99,698
940,61	96,541
940,78	98,513
940,95	97,784
941,12	103,052
941,29	96,172
941,46	100,463
941,63	100,249
941,80	97,807
941,97	99,498
942,14	99,838
942,31	101,380
942,48	100,443
942,65	100,606
942,82	103,695
942,99	104,811
943,16	99,183
943,33	100,389
943,50	102,554
943,67	104,342
943,84	101,967
944,01	99,952
944,18	99,291
944,35	101,295
944,52	96,589
944,69	98,934
944,86	101,603
945,03	101,451
945,20	101,505
945,37	101,470
945,54	99,427
945,71	96,898
945,88	100,289
946,05	98,125
946,22	97,193
946,39	99,378
946,56	98,174
946,73	99,147
946,90	95,502
947,07	101,341
947,23	99,083
947,40	100,816
947,57	99,620
947,74	97,457
947,91	96,594
948,08	98,429
948,25	103,440
948,42	97,187
948,59	96,382
948,76	101,054
948,93	98,591
949,10	95,636
949,27	99,023
949,44	100,101
949,60	100,159
949,77	96,731
949,94	97,029
950,11	99,396
950,28	98,323
950,45	99,631
950,62	101,699
950,79	99,254
950,96	97,028
951,13	98,929
951,30	100,755
951,46	97,813
951,63	99,981
951,80	99,422
951,97	99,946
952,14	97,554
952,31	98,864
952,48	99,076
952,65	95,775
952,81	100,751
952,98	99,058
953,15	98,878
953,32	99,266
953,49	95,725
953,66	96,244
953,83	95,713
954,00	95,587
954,16	97,024
954,33	98,964
954,50	98,857
954,67	97,768
954,84	99,110
955,01	98,703
955,18	97,488
955,34	95,343
955,51	98,784
955,68	97,858
955,85	96,965
956,02	97,384
956,19	95,796
956,35	102,409
956,52	96,921
956,69	96,657
956,86	98,573
957,03	99,647
957,20	97,855
957,36	99,210
957,53	99,546
957,70	96,001
957,87	96,944
958,04	97,689
958,21	98,940
958,37	98,143
958,54	97,496
958,71	96,372
958,88	97,542
959,05	100,073
959,21	99,530
959,38	99,811
959,55	97,670
959,72	99,205
959,89	99,611
960,05	100,266
960,22	100,204
960,39	98,507
960,56	97,279
960,72	98,854
960,89	97,993
961,06	98,665
961,23	97,643
961,40	94,147
961,56	97,939
961,73	95,719
961,90	97,619
962,07	97,958
962,23	97,030
962,40	98,904
962,57	97,664
962,74	98,757
962,90	95,351
963,07	99,451
963,24	94,051
963,41	98,135
963,57	99,411
963,74	99,775
963,91	96,541
964,08	97,119
964,24	97,220
964,41	98,704
964,58	96,232
964,75	95,941
964,91	100,845
965,08	96,461
965,25	97,308
965,42	95,926
965,58	100,439
965,75	98,423
965,92	96,430
966,08	97,637
966,25	98,497
966,42	99,207
966,59	95,552
966,75	98,266
966,92	98,023
967,09	100,028
967,25	97,062
967,42	95,872
967,59	98,378
967,75	96,551
967,92	96,736
968,09	99,426
968,26	97,567
968,42	97,886
968,59	97,444
968,76	96,785
968,92	98,453
969,09	98,664
969,26	97,785
969,42	98,499
969,59	97,785
969,76	97,422
969,92	98,292
970,09	98,817
970,26	97,583
970,42	99,054
970,59	97,740
970,76	98,018
970,92	98,252
971,09	97,840
971,26	95,146
971,42	96,926
971,59	99,060
971,76	96,690
971,92	96,529
972,09	98,604
972,25	97,770
972,42	96,219
972,59	98,208
972,75	98,542
972,92	97,996
973,09	101,021
973,25	95,899
973,42	96,547
973,58	98,060
973,75	100,586
973,92	99,761
974,08	96,308
974,25	97,545
974,42	96,012
974,58	97,970
974,75	97,596
974,91	98,549
975,08	96,220
975,25	97,724
975,41	97,117
975,58	101,233
975,74	95,115
975,91	97,409
976,08	99,056
976,24	100,845
976,41	96,955
976,57	97,486
976,74	99,922
976,91	97,320
977,07	98,200
977,24	98,664
977,40	98,076
977,57	97,551
977,73	95,626
977,90	96,640
978,07	99,779
978,23	98,316
978,40	99,953
978,56	95,703
978,73	99,548
978,89	97,769
979,06	97,484
979,22	96,639
979,39	95,936
979,56	97,571
979,72	98,922
979,89	100,258
980,05	95,385
980,22	99,022
980,38	98,018
980,55	95,935
980,71	95,471
980,88	96,788
981,04	96,359
981,21	95,558
981,37	97,698
981,54	99,983
981,70	97,016
981,87	96,856
982,04	94,129
982,20	99,250
982,37	97,822
982,53	95,188
982,70	98,485
982,86	100,970
983,03	98,639
983,19	96,615
983,36	95,704
983,52	95,744
983,69	98,348
983,85	97,964
984,02	98,227
984,18	95,463
984,35	100,070
984,51	97,459
984,68	96,334
984,84	97,343
985,00	100,482
985,17	97,907
985,33	96,694
985,50	100,054
985,66	98,050
985,83	94,057
985,99	99,796
986,16	97,560
986,32	97,966
986,49	96,280
986,65	96,896
986,82	98,085
986,98	97,411
987,15	93,789
987,31	98,301
987,47	99,282
987,64	95,061
987,80	95,959
987,97	95,501
988,13	97,335
988,30	99,043
988,46	97,141
988,63	97,131
988,79	94,828
988,95	99,200
989,12	96,879
989,28	98,303
989,45	96,005
989,61	97,242
989,77	96,253
989,94	96,681
990,10	96,747
990,27	94,646
990,43	102,365
990,60	97,572
990,76	99,025
990,92	100,838
991,09	101,411
991,25	96,889
991,42	102,398
991,58	97,892
991,74	97,320
991,91	98,077
992,07	96,408
992,24	98,773
992,40	98,956
992,56	100,966
992,73	97,407
992,89	94,850
993,05	96,199
993,22	99,478
993,38	99,031
993,55	96,803
993,71	101,293
993,87	99,263
994,04	96,028
994,20	97,314
994,36	96,429
994,53	100,361
994,69	100,944
994,85	101,034
995,02	98,798
995,18	100,299
995,34	101,356
995,51	95,220
995,67	98,345
995,84	95,280
996,00	98,057
996,16	101,260
996,33	99,093
996,49	100,360
996,65	102,237
996,82	95,711
996,98	98,375
997,14	94,933
997,31	97,692
997,47	97,475
997,63	97,484
997,79	95,816
997,96	98,266
998,12	96,470
998,28	100,220
998,45	98,717
998,61	95,790
998,77	98,539
998,94	93,020
999,10	100,428
999,26	98,610
999,43	101,774
999,59	99,158
999,75	95,892
999,91	102,648
1000,08	97,003
1000,24	96,546
1000,40	100,701
1000,57	93,189
1000,73	98,006
1000,89	94,746
1001,05	100,350
1001,22	96,947
1001,38	99,526
1001,54	101,415
1001,70	99,103
1001,87	99,745
1002,03	94,781
1002,19	97,905
1002,35	99,799
1002,52	98,152
1002,68	97,374
1002,84	99,971
1003,00	97,833
1003,17	96,850
1003,33	101,491
1003,49	100,551
1003,65	95,845
1003,82	91,528
1003,98	98,140
1004,14	97,658
1004,30	98,732
1004,47	99,620
1004,63	94,648
1004,79	99,396
1004,95	96,898
1005,11	98,475
1005,28	98,543
1005,44	99,666
1005,60	100,748
1005,76	97,783
1005,93	99,571
1006,09	97,892
1006,25	99,468
1006,41	98,423
1006,57	102,160
1006,74	96,695
1006,90	97,794
1007,06	101,305
1007,22	99,193
1007,38	95,064
1007,55	97,767
1007,71	98,998
1007,87	96,753
1008,03	100,235
1008,19	98,495
1008,35	95,645
1008,52	94,589
1008,68	98,211
1008,84	92,084
1009,00	95,894
1009,16	100,962
1009,32	95,931
1009,49	95,823
1009,65	98,761
1009,81	101,725
1009,97	91,733
1010,13	98,621
1010,29	100,000
1010,46	99,783
1010,62	98,783
1010,78	99,781
1010,94	97,285
1011,10	101,959
1011,26	99,375
1011,42	101,584
1011,59	97,933
1011,75	100,910
1011,91	96,102
1012,07	96,218
1012,23	97,090
1012,39	95,565
1012,55	98,714
1012,71	100,602
1012,88	102,463
1013,04	101,157
1013,20	96,132
1013,36	98,618
1013,52	93,630
1013,68	99,596
1013,84	97,631
1014,00	102,708
1014,16	94,716
1014,33	102,831
1014,49	97,450
1014,65	97,085
1014,81	99,667
1014,97	97,926
1015,13	99,054
1015,29	97,289
1015,45	91,588
1015,61	98,721
1015,77	95,635
1015,93	98,428
1016,09	99,553
1016,26	95,101
1016,42	95,843
1016,58	96,793
1016,74	97,273
1016,90	100,948
1017,06	95,779
1017,22	92,609
1017,38	103,867
1017,54	97,410
1017,70	96,590
1017,86	96,011
1018,02	95,672
1018,18	94,889
1018,34	94,364
1018,50	102,007
1018,66	100,250
1018,82	103,266
1018,98	97,823
1019,14	104,127
1019,31	99,689
1019,47	96,364
1019,63	97,588
1019,79	103,358
1019,95	99,951
1020,11	106,270
1020,27	102,603
1020,43	99,477
1020,59	93,747
1020,75	105,003
1020,91	98,428
1021,07	99,946
1021,23	106,854
1021,39	94,877
1021,55	102,211
1021,71	99,533
1021,87	96,364
1022,03	99,285
1022,19	108,751
1022,35	98,545
1022,51	102,689
1022,67	103,339
1022,83	100,625
1022,99	102,317
1023,15	102,203
1023,31	98,076
1023,47	93,468
1023,63	96,732
1023,79	102,020
1023,95	103,498
1024,10	103,140
1024,26	102,466
1024,42	100,948
1024,58	87,991
1024,74	104,651
1024,90	99,615
1025,06	98,218
1025,22	101,144
1025,38	99,405
1025,54	101,118
1025,70	99,556
1025,86	105,260
1026,02	102,660
1026,18	92,313
1026,34	101,103
1026,50	102,987
1026,66	94,724
1026,82	99,937
1026,98	90,199
1027,13	90,950
1027,29	104,502
1027,45	99,655
1027,61	95,672
1027,77	92,182
1027,93	93,415
1028,09	92,622
1028,25	95,884
1028,41	96,900
1028,57	105,935
1028,73	100,442
1028,88	101,473
1029,04	103,072
1029,20	105,350
1029,36	98,515
1029,52	102,686
1029,68	99,141
1029,84	96,740
1030,00	100,390
1030,16	108,583
1030,32	111,852
1030,47	97,895
1030,63	100,475
1030,79	98,833
1030,95	88,462
1031,11	104,511
1031,27	102,190
1031,43	98,169
1031,59	106,421
1031,74	100,575
1031,90	93,452
1032,06	102,919
1032,22	98,365
1032,38	103,037
1032,54	98,844
1032,69	100,345
1032,85	96,993
1033,01	98,029
1033,17	101,097
1033,33	85,928
1033,49	96,522
1033,65	93,838
1033,80	99,825
1033,96	94,648
1034,12	104,571
1034,28	112,877
1034,44	105,236
1034,60	101,119
1034,75	92,864
1034,91	104,771
1035,07	101,923
1035,23	101,925
1035,39	92,647
1035,54	91,707
1035,70	114,507
1035,86	98,989
1036,02	98,902
1036,18	98,875
1036,33	104,403
1036,49	116,837
1036,65	104,114
1036,81	103,376
1036,97	104,129
1037,12	89,753
1037,28	95,662
1037,44	105,797
1037,60	94,380
1037,76	104,306
1037,91	102,130
1038,07	105,569
1038,23	103,591
1038,39	105,074
1038,54	100,524
1038,70	102,457
1038,86	92,652
1039,02	105,192
1039,17	116,645
1039,33	106,429
1039,49	99,033
1039,65	93,026
1039,80	109,976
1039,96	91,703
1040,12	98,123
1040,28	112,381
>>>>> Data<<<<< Espectral Procesado Extremo
