Fichero De Datos De SpectraSuite
++++++++++++++++++++++++++++++++++++
Fecha: Mon Jul 06 11:54:57 CST 2026
Usuario: rofer
Presente Oscuro Del Espectro: Sí
La Referencia de Presente Del Espectro De: Sí
Muestreados de los componentes de Número de espectros: 1
Espectrómetros: USB4H06056
Tiempo de integración (usec): 300000 (USB4H06056)
Promedio de Espectros Hechos un: 5 (USB4H06056)
El Alisar Del Furgón: 0 (USB4H06056)
Párrafo de de Corregir del la del del de Eléctrica del obscuridad: No (USB4H06056)
Estrobo/Lámpara Permitido: No (USB4H06056)
Correct for Detector Non-linearity: No (USB4H06056)
Párrafo de de Corregir del la del del de Externa del luz: No (USB4H06056)
Procesado del espectro de Número de pixeles en: 3648
>>>>> Comienza Data<<<<< Espectral Procesado Del EL
345,09	-51,613
345,30	-51,613
345,52	-51,613
345,74	-588,889
345,95	140,000
346,17	50,000
346,39	58,333
346,60	55,714
346,82	-268,182
347,04	134,921
347,25	-23,158
347,47	-677,778
347,69	-169,643
347,90	203,333
348,12	127,419
348,34	140,741
348,56	-14,286
348,77	270,000
348,99	43,646
349,21	33,094
349,42	90,303
349,64	42,149
349,86	58,647
350,07	142,391
350,29	85,437
350,51	44,444
350,72	68,681
350,94	94,615
351,16	89,381
351,37	82,857
351,59	46,939
351,81	45,128
352,02	61,506
352,24	183,333
352,46	92,481
352,67	88,344
352,89	86,076
353,10	83,505
353,32	74,534
353,54	110,897
353,75	116,346
353,97	44,944
354,19	20,755
354,40	79,532
354,62	55,111
354,84	58,854
355,05	80,682
355,27	66,667
355,49	81,974
355,70	43,694
355,92	338,095
356,14	27,333
356,35	93,966
356,57	59,355
356,78	65,806
357,00	106,977
357,22	66,364
357,43	-44,615
357,65	-2700,000
357,87	33,884
358,08	100,962
358,30	48,619
358,51	147,321
358,73	59,130
358,95	72,680
359,16	207,627
359,38	-0,476
359,60	64,228
359,81	67,347
360,03	51,877
360,24	57,143
360,46	81,818
360,68	56,777
360,89	439,286
361,11	73,191
361,33	126,087
361,54	68,662
361,76	13,821
361,97	88,660
362,19	55,187
362,41	166,667
362,62	91,525
362,84	74,000
363,05	77,626
363,27	301,562
363,49	94,037
363,70	205,000
363,92	114,706
364,13	90,244
364,35	103,896
364,57	84,884
364,78	600,000
365,00	96,078
365,21	53,023
365,43	127,273
365,65	44,444
365,86	43,478
366,08	134,177
366,29	119,658
366,51	100,518
366,73	91,160
366,94	66,387
367,16	50,000
367,37	76,020
367,59	51,724
367,80	46,097
368,02	59,273
368,24	105,584
368,45	72,581
368,67	72,574
368,88	117,365
369,10	43,318
369,31	82,906
369,53	94,366
369,75	130,822
369,96	98,855
370,18	58,706
370,39	104,918
370,61	167,797
370,82	104,135
371,04	108,571
371,26	86,243
371,47	94,643
371,69	127,222
371,90	173,554
372,12	97,794
372,33	79,447
372,55	76,923
372,76	147,541
372,98	66,176
373,20	84,762
373,41	83,582
373,63	67,778
373,84	118,310
374,06	54,747
374,27	99,602
374,49	60,680
374,70	60,784
374,92	100,526
375,13	119,307
375,35	91,632
375,57	94,667
375,78	97,887
376,00	159,333
376,21	135,673
376,43	88,686
376,64	72,489
376,86	73,457
377,07	98,473
377,29	90,323
377,50	95,074
377,72	83,390
377,93	66,421
378,15	60,386
378,36	76,036
378,58	98,625
378,80	115,278
379,01	67,027
379,23	84,906
379,44	103,125
379,66	88,971
379,87	135,915
380,09	73,556
380,30	95,608
380,52	89,619
380,73	53,629
380,95	123,810
381,16	90,444
381,38	123,050
381,59	102,618
381,81	80,328
382,02	50,309
382,24	108,734
382,45	56,250
382,67	124,664
382,88	63,946
383,10	74,216
383,31	56,037
383,53	78,344
383,74	171,975
383,96	90,997
384,17	117,557
384,39	109,129
384,60	111,070
384,82	101,231
385,03	87,732
385,25	79,420
385,46	70,175
385,68	116,508
385,89	81,227
386,11	204,412
386,32	95,930
386,54	127,835
386,75	79,333
386,97	55,462
387,18	191,667
387,40	79,097
387,61	91,408
387,83	97,338
388,04	100,000
388,25	63,944
388,47	97,761
388,68	74,899
388,90	69,531
389,11	92,776
389,33	52,961
389,54	61,754
389,76	96,849
389,97	89,024
390,19	90,104
390,40	70,685
390,62	117,121
390,83	124,901
391,05	99,653
391,26	96,043
391,47	69,498
391,69	106,667
391,90	100,000
392,12	122,333
392,33	101,763
392,55	78,282
392,76	90,852
392,98	89,172
393,19	77,039
393,41	84,524
393,62	96,706
393,83	112,593
394,05	89,286
394,26	77,817
394,48	99,525
394,69	63,883
394,91	67,241
395,12	91,765
395,34	101,053
395,55	89,048
395,76	74,382
395,98	121,935
396,19	54,667
396,41	100,673
396,62	150,139
396,84	98,246
397,05	101,364
397,26	93,346
397,48	79,132
397,69	79,511
397,91	84,507
398,12	86,372
398,33	60,879
398,55	70,935
398,76	92,439
398,98	80,617
399,19	68,948
399,41	89,279
399,62	72,177
399,83	86,964
400,05	61,972
400,26	83,824
400,48	86,229
400,69	77,947
400,90	88,091
401,12	80,616
401,33	90,411
401,55	92,105
401,76	69,983
401,97	83,844
402,19	93,490
402,40	82,047
402,62	76,145
402,83	62,741
403,04	89,066
403,26	82,071
403,47	80,607
403,69	84,821
403,90	86,287
404,11	86,982
404,33	89,193
404,54	84,602
404,76	73,247
404,97	87,707
405,18	88,351
405,40	85,473
405,61	88,856
405,83	79,877
406,04	83,237
406,25	72,274
406,47	81,039
406,68	68,892
406,89	81,692
407,11	79,226
407,32	62,891
407,54	79,787
407,75	76,269
407,96	71,586
408,18	77,164
408,39	63,274
408,60	71,466
408,82	72,999
409,03	70,844
409,24	74,439
409,46	84,123
409,67	57,955
409,89	73,100
410,10	65,902
410,31	66,897
410,53	69,538
410,74	67,712
410,95	65,241
411,17	69,298
411,38	64,301
411,59	63,223
411,81	68,620
412,02	62,894
412,23	70,284
412,45	59,124
412,66	50,929
412,87	72,076
413,09	58,882
413,30	53,839
413,51	55,471
413,73	56,971
413,94	62,642
414,15	58,633
414,37	56,255
414,58	54,362
414,79	55,167
415,01	64,064
415,22	49,963
415,43	55,152
415,65	53,784
415,86	43,714
416,07	42,591
416,29	46,977
416,50	47,612
416,71	43,400
416,93	41,915
417,14	50,185
417,35	46,100
417,57	42,732
417,78	46,992
417,99	42,163
418,21	46,310
418,42	45,962
418,63	42,469
418,85	139,085
419,06	48,907
419,27	40,929
419,48	39,555
419,70	34,509
419,91	40,136
420,12	38,624
420,34	32,981
420,55	43,482
420,76	39,139
420,98	32,754
421,19	38,901
421,40	33,988
421,61	36,191
421,83	30,848
422,04	35,320
422,25	34,221
422,47	33,188
422,68	37,500
422,89	32,325
423,11	33,989
423,32	31,252
423,53	29,553
423,74	31,659
423,96	30,187
424,17	33,527
424,38	26,904
424,59	32,710
424,81	29,320
425,02	34,510
425,23	27,121
425,45	29,404
425,66	27,529
425,87	27,836
426,08	28,301
426,30	29,726
426,51	27,646
426,72	27,771
426,93	27,726
427,15	25,346
427,36	28,073
427,57	28,584
427,79	28,846
428,00	26,521
428,21	-6,207
428,42	28,755
428,64	25,549
428,85	26,416
429,06	24,187
429,27	24,199
429,49	24,141
429,70	25,103
429,91	24,399
430,12	27,654
430,34	24,918
430,55	25,146
430,76	26,524
430,97	23,893
431,19	21,961
431,40	25,930
431,61	25,556
431,82	22,651
432,03	23,662
432,25	24,799
432,46	25,589
432,67	23,460
432,88	23,517
433,10	26,533
433,31	20,259
433,52	22,987
433,73	23,604
433,95	23,740
434,16	24,117
434,37	24,794
434,58	25,709
434,79	24,704
435,01	26,255
435,22	23,147
435,43	24,149
435,64	23,852
435,86	24,140
436,07	22,405
436,28	24,345
436,49	21,726
436,70	21,913
436,92	24,442
437,13	23,567
437,34	24,578
437,55	23,879
437,76	22,175
437,98	25,467
438,19	21,864
438,40	23,958
438,61	24,458
438,82	24,691
439,04	21,468
439,25	25,340
439,46	22,380
439,67	19,809
439,88	23,812
440,10	22,944
440,31	23,078
440,52	23,547
440,73	23,276
440,94	22,579
441,16	23,109
441,37	21,652
441,58	21,614
441,79	23,222
442,00	26,501
442,21	24,152
442,43	21,674
442,64	22,815
442,85	22,326
443,06	22,467
443,27	22,110
443,48	22,438
443,70	23,346
443,91	22,224
444,12	21,397
444,33	23,329
444,54	23,492
444,75	22,468
444,97	22,657
445,18	22,118
445,39	23,002
445,60	22,882
445,81	23,247
446,02	22,701
446,24	23,236
446,45	22,639
446,66	22,994
446,87	23,673
447,08	23,562
447,29	22,415
447,51	22,921
447,72	24,158
447,93	23,645
448,14	26,193
448,35	22,643
448,56	22,813
448,77	22,615
448,99	21,568
449,20	22,374
449,41	22,709
449,62	23,045
449,83	23,616
450,04	23,167
450,25	21,720
450,46	23,140
450,68	23,024
450,89	21,959
451,10	22,022
451,31	23,320
451,52	23,374
451,73	22,631
451,94	22,417
452,15	23,624
452,37	22,878
452,58	23,377
452,79	22,398
453,00	21,506
453,21	23,002
453,42	23,905
453,63	22,572
453,84	25,414
454,06	22,875
454,27	23,651
454,48	22,971
454,69	22,801
454,90	23,730
455,11	23,303
455,32	21,847
455,53	23,743
455,74	22,564
455,95	23,524
456,17	23,935
456,38	24,242
456,59	22,947
456,80	24,036
457,01	23,915
457,22	23,727
457,43	22,684
457,64	23,817
457,85	24,411
458,06	23,731
458,27	22,923
458,49	21,993
458,70	24,194
458,91	23,203
459,12	23,330
459,33	23,854
459,54	23,685
459,75	23,464
459,96	22,880
460,17	24,511
460,38	23,692
460,59	24,501
460,80	23,873
461,01	24,970
461,23	24,044
461,44	24,273
461,65	23,176
461,86	23,674
462,07	24,105
462,28	24,189
462,49	23,413
462,70	25,325
462,91	24,660
463,12	24,714
463,33	23,223
463,54	23,402
463,75	25,153
463,96	23,765
464,17	24,307
464,38	25,690
464,59	23,698
464,81	23,138
465,02	23,680
465,23	22,972
465,44	23,478
465,65	23,361
465,86	24,871
466,07	23,039
466,28	23,620
466,49	22,995
466,70	23,775
466,91	24,456
467,12	24,218
467,33	24,023
467,54	25,249
467,75	23,559
467,96	23,345
468,17	24,995
468,38	24,247
468,59	25,805
468,80	23,491
469,01	24,022
469,22	24,674
469,43	23,451
469,64	24,782
469,85	24,475
470,06	23,764
470,27	23,733
470,48	24,401
470,69	24,745
470,90	23,644
471,11	24,429
471,32	24,012
471,53	24,011
471,74	23,772
471,95	24,581
472,16	24,867
472,37	24,961
472,58	24,669
472,79	24,017
473,00	24,153
473,21	24,362
473,42	23,858
473,63	23,053
473,84	23,664
474,05	24,371
474,26	25,032
474,47	24,052
474,68	23,843
474,89	24,812
475,10	24,407
475,31	23,828
475,52	24,965
475,73	23,949
475,94	24,911
476,15	25,454
476,36	24,458
476,57	24,231
476,78	24,013
476,99	25,106
477,20	24,192
477,41	23,707
477,62	24,536
477,83	24,546
478,04	24,084
478,25	24,781
478,46	24,395
478,67	24,811
478,88	23,775
479,09	23,392
479,30	23,583
479,51	23,999
479,72	23,827
479,93	24,706
480,14	23,538
480,35	24,129
480,56	23,289
480,77	24,183
480,98	24,570
481,18	24,738
481,39	23,954
481,60	24,123
481,81	24,081
482,02	24,101
482,23	24,890
482,44	24,670
482,65	24,193
482,86	24,719
483,07	24,404
483,28	24,962
483,49	23,600
483,70	24,746
483,91	24,230
484,12	24,209
484,33	24,551
484,53	24,500
484,74	24,590
484,95	24,426
485,16	25,189
485,37	24,439
485,58	24,818
485,79	24,171
486,00	24,158
486,21	23,979
486,42	24,450
486,63	24,057
486,84	24,315
487,05	23,961
487,25	24,420
487,46	24,487
487,67	24,436
487,88	24,542
488,09	24,608
488,30	24,855
488,51	25,320
488,72	24,285
488,93	24,837
489,14	24,555
489,35	24,787
489,55	24,108
489,76	24,258
489,97	24,719
490,18	24,477
490,39	24,824
490,60	24,610
490,81	24,568
491,02	24,407
491,23	24,900
491,43	24,748
491,64	24,170
491,85	24,636
492,06	24,602
492,27	24,649
492,48	24,594
492,69	24,210
492,90	24,274
493,11	24,742
493,31	24,943
493,52	24,645
493,73	24,684
493,94	25,104
494,15	24,731
494,36	24,933
494,57	24,617
494,78	24,311
494,98	24,531
495,19	24,846
495,40	24,670
495,61	25,103
495,82	24,823
496,03	24,606
496,24	24,354
496,44	24,823
496,65	24,782
496,86	25,109
497,07	24,964
497,28	25,050
497,49	25,219
497,70	24,966
497,90	24,408
498,11	24,559
498,32	24,816
498,53	25,356
498,74	24,480
498,95	24,949
499,15	24,814
499,36	25,300
499,57	24,976
499,78	24,984
499,99	25,160
500,20	25,399
500,40	24,687
500,61	24,806
500,82	24,962
501,03	25,195
501,24	25,252
501,45	25,395
501,65	25,651
501,86	25,381
502,07	24,888
502,28	25,291
502,49	25,261
502,70	24,899
502,90	25,019
503,11	24,900
503,32	25,237
503,53	24,785
503,74	25,643
503,94	24,964
504,15	24,992
504,36	24,977
504,57	25,327
504,78	25,542
504,98	25,221
505,19	25,425
505,40	25,542
505,61	25,614
505,82	25,513
506,02	25,294
506,23	25,026
506,44	25,357
506,65	25,509
506,86	25,572
507,06	25,787
507,27	25,524
507,48	25,811
507,69	25,387
507,90	25,177
508,10	25,774
508,31	25,552
508,52	25,613
508,73	25,279
508,94	25,463
509,14	25,746
509,35	25,742
509,56	26,053
509,77	25,504
509,97	25,588
510,18	25,885
510,39	26,076
510,60	25,864
510,80	25,731
511,01	26,065
511,22	26,169
511,43	26,146
511,64	25,859
511,84	25,509
512,05	25,747
512,26	26,470
512,47	26,555
512,67	25,887
512,88	26,575
513,09	26,015
513,30	26,310
513,50	25,768
513,71	26,166
513,92	26,262
514,13	26,300
514,33	26,843
514,54	26,327
514,75	26,435
514,96	26,258
515,16	26,560
515,37	27,018
515,58	26,415
515,78	26,415
515,99	26,754
516,20	26,857
516,41	27,082
516,61	26,751
516,82	26,851
517,03	27,352
517,24	27,123
517,44	27,435
517,65	27,259
517,86	27,376
518,07	27,400
518,27	27,466
518,48	27,617
518,69	27,552
518,89	27,727
519,10	27,611
519,31	27,850
519,52	28,224
519,72	27,660
519,93	28,363
520,14	28,017
520,34	28,270
520,55	28,021
520,76	28,449
520,96	28,313
521,17	28,768
521,38	28,551
521,59	28,835
521,79	28,900
522,00	28,975
522,21	29,056
522,41	28,870
522,62	29,290
522,83	28,748
523,03	28,872
523,24	29,611
523,45	29,578
523,66	29,192
523,86	29,490
524,07	29,880
524,28	29,625
524,48	29,498
524,69	29,863
524,90	29,899
525,10	29,804
525,31	29,645
525,52	29,753
525,72	30,444
525,93	30,387
526,14	30,546
526,34	30,667
526,55	31,131
526,76	30,646
526,96	31,268
527,17	31,328
527,38	30,970
527,58	30,824
527,79	31,278
528,00	31,079
528,20	31,432
528,41	30,711
528,62	31,534
528,82	31,577
529,03	31,718
529,24	31,791
529,44	32,055
529,65	31,886
529,85	31,890
530,06	32,290
530,27	32,271
530,47	31,927
530,68	32,250
530,89	32,490
531,09	32,255
531,30	32,534
531,51	32,629
531,71	32,433
531,92	33,286
532,13	32,812
532,33	33,156
532,54	33,073
532,74	33,072
532,95	33,237
533,16	33,260
533,36	33,032
533,57	33,268
533,78	33,263
533,98	33,700
534,19	33,187
534,39	33,633
534,60	34,187
534,81	33,382
535,01	33,164
535,22	33,896
535,42	33,610
535,63	33,908
535,84	33,784
536,04	34,004
536,25	33,753
536,45	33,873
536,66	33,558
536,87	34,107
537,07	34,377
537,28	34,105
537,48	34,258
537,69	34,652
537,90	34,633
538,10	34,501
538,31	34,714
538,51	34,834
538,72	34,544
538,93	34,803
539,13	34,613
539,34	34,241
539,54	35,087
539,75	35,112
539,96	34,422
540,16	34,646
540,37	35,231
540,57	34,992
540,78	35,434
540,98	34,828
541,19	34,967
541,40	34,989
541,60	34,885
541,81	34,621
542,01	34,820
542,22	34,779
542,42	35,264
542,63	35,007
542,83	35,416
543,04	34,950
543,25	34,985
543,45	35,147
543,66	34,914
543,86	34,997
544,07	34,862
544,27	35,221
544,48	35,336
544,68	35,231
544,89	35,156
545,10	35,508
545,30	34,924
545,51	35,056
545,71	34,845
545,92	35,471
546,12	35,028
546,33	35,844
546,53	35,378
546,74	35,427
546,94	35,616
547,15	35,562
547,36	35,560
547,56	35,675
547,77	35,245
547,97	35,330
548,18	35,488
548,38	35,842
548,59	35,315
548,79	35,876
549,00	35,750
549,20	35,494
549,41	35,480
549,61	35,522
549,82	35,429
550,02	35,457
550,23	35,977
550,43	35,604
550,64	35,537
550,84	35,883
551,05	35,717
551,25	35,684
551,46	35,536
551,66	35,488
551,87	35,906
552,07	35,547
552,28	35,666
552,48	35,837
552,69	35,763
552,89	35,874
553,10	35,803
553,30	35,549
553,51	36,050
553,71	35,738
553,92	36,047
554,12	35,626
554,33	35,996
554,53	36,114
554,74	36,087
554,94	35,631
555,15	35,710
555,35	35,686
555,56	35,796
555,76	35,582
555,97	35,394
556,17	35,774
556,38	35,716
556,58	35,310
556,78	35,778
556,99	35,654
557,19	35,700
557,40	35,543
557,60	35,670
557,81	35,601
558,01	35,874
558,22	35,881
558,42	36,044
558,63	35,601
558,83	35,780
559,04	35,801
559,24	35,652
559,44	35,677
559,65	36,026
559,85	36,058
560,06	35,712
560,26	35,533
560,47	35,759
560,67	35,765
560,88	35,689
561,08	35,821
561,28	35,907
561,49	36,038
561,69	35,342
561,90	35,795
562,10	35,797
562,31	35,550
562,51	35,721
562,71	35,510
562,92	35,579
563,12	35,578
563,33	35,464
563,53	35,483
563,74	35,527
563,94	35,725
564,14	35,180
564,35	35,494
564,55	34,697
564,76	35,189
564,96	35,302
565,17	35,484
565,37	35,452
565,57	34,888
565,78	35,155
565,98	34,919
566,19	35,062
566,39	34,722
566,59	35,132
566,80	35,187
567,00	34,926
567,21	35,129
567,41	34,829
567,61	34,497
567,82	34,547
568,02	34,473
568,23	34,630
568,43	34,412
568,63	34,756
568,84	34,554
569,04	34,170
569,24	34,619
569,45	34,135
569,65	34,248
569,86	34,205
570,06	34,138
570,26	34,167
570,47	34,032
570,67	34,066
570,87	34,119
571,08	33,831
571,28	33,590
571,49	33,467
571,69	34,096
571,89	33,272
572,10	33,404
572,30	33,271
572,50	33,764
572,71	33,146
572,91	33,583
573,11	33,516
573,32	33,455
573,52	32,961
573,73	33,503
573,93	33,219
574,13	32,698
574,34	33,080
574,54	32,916
574,74	32,869
574,95	32,485
575,15	32,763
575,35	32,616
575,56	32,436
575,76	32,249
575,96	32,213
576,17	32,568
576,37	32,458
576,57	32,412
576,78	32,013
576,98	32,154
577,18	32,389
577,39	32,130
577,59	32,136
577,79	31,744
578,00	31,947
578,20	31,964
578,40	31,986
578,61	31,717
578,81	32,169
579,01	31,333
579,22	31,707
579,42	31,681
579,62	31,320
579,82	31,422
580,03	31,615
580,23	31,745
580,43	31,274
580,64	31,367
580,84	31,469
581,04	31,194
581,25	31,179
581,45	31,151
581,65	30,587
581,86	31,061
582,06	30,700
582,26	30,992
582,46	31,294
582,67	30,966
582,87	30,810
583,07	30,904
583,28	30,728
583,48	30,921
583,68	30,967
583,88	30,562
584,09	30,749
584,29	30,772
584,49	30,521
584,70	30,672
584,90	30,190
585,10	30,360
585,30	30,384
585,51	30,224
585,71	30,201
585,91	30,190
586,11	30,409
586,32	30,253
586,52	30,108
586,72	30,371
586,92	30,135
587,13	30,063
587,33	30,260
587,53	30,346
587,74	30,052
587,94	30,163
588,14	30,140
588,34	30,370
588,55	29,983
588,75	29,907
588,95	30,229
589,15	29,878
589,36	30,092
589,56	30,130
589,76	29,941
589,96	29,782
590,16	29,936
590,37	29,882
590,57	29,774
590,77	29,586
590,97	29,600
591,18	29,725
591,38	29,682
591,58	28,705
591,78	29,418
591,99	29,565
592,19	29,400
592,39	29,341
592,59	29,331
592,79	29,475
593,00	29,354
593,20	29,375
593,40	29,138
593,60	29,141
593,81	29,479
594,01	29,477
594,21	29,379
594,41	29,320
594,61	29,437
594,82	29,383
595,02	29,342
595,22	29,430
595,42	29,253
595,62	29,552
595,83	29,463
596,03	29,697
596,23	29,281
596,43	29,231
596,63	29,128
596,84	28,973
597,04	29,298
597,24	28,948
597,44	29,513
597,64	29,200
597,84	29,156
598,05	29,171
598,25	28,787
598,45	29,036
598,65	29,137
598,85	28,821
599,06	28,983
599,26	28,943
599,46	28,750
599,66	29,049
599,86	29,091
600,06	28,682
600,27	28,733
600,47	28,748
600,67	28,933
600,87	29,122
601,07	29,014
601,27	28,919
601,48	28,790
601,68	28,937
601,88	29,117
602,08	28,562
602,28	28,622
602,48	28,877
602,68	28,633
602,89	28,686
603,09	28,587
603,29	28,720
603,49	28,825
603,69	28,721
603,89	28,863
604,09	28,962
604,30	28,509
604,50	28,437
604,70	28,560
604,90	28,564
605,10	28,764
605,30	28,690
605,50	28,925
605,71	28,395
605,91	28,433
606,11	28,482
606,31	28,709
606,51	28,761
606,71	28,640
606,91	28,501
607,11	28,346
607,32	28,716
607,52	28,738
607,72	28,581
607,92	28,315
608,12	28,707
608,32	28,571
608,52	28,224
608,72	28,455
608,92	28,718
609,12	28,558
609,33	28,488
609,53	28,561
609,73	28,442
609,93	28,449
610,13	28,395
610,33	28,225
610,53	28,487
610,73	28,438
610,93	28,513
611,13	28,237
611,34	28,254
611,54	28,305
611,74	28,248
611,94	28,445
612,14	28,099
612,34	28,453
612,54	28,034
612,74	28,127
612,94	28,046
613,14	28,333
613,34	28,165
613,54	27,892
613,74	28,301
613,95	27,942
614,15	28,153
614,35	28,224
614,55	28,175
614,75	28,187
614,95	27,598
615,15	28,003
615,35	28,214
615,55	27,755
615,75	27,838
615,95	27,992
616,15	28,241
616,35	28,082
616,55	28,098
616,75	27,826
616,95	27,708
617,15	27,887
617,35	27,799
617,56	27,703
617,76	27,877
617,96	28,006
618,16	27,995
618,36	28,022
618,56	27,659
618,76	27,747
618,96	28,051
619,16	27,626
619,36	27,648
619,56	27,654
619,76	27,919
619,96	27,670
620,16	27,837
620,36	27,693
620,56	27,438
620,76	27,639
620,96	27,800
621,16	27,541
621,36	27,794
621,56	27,669
621,76	27,747
621,96	27,894
622,16	27,723
622,36	27,528
622,56	27,597
622,76	27,531
622,96	27,428
623,16	27,355
623,36	27,651
623,56	27,390
623,76	27,508
623,96	27,548
624,16	27,355
624,36	27,520
624,56	27,457
624,76	27,372
624,96	27,764
625,16	27,403
625,36	27,485
625,56	27,326
625,76	27,489
625,96	27,376
626,16	27,511
626,36	27,340
626,56	27,530
626,76	27,166
626,96	27,218
627,16	27,310
627,36	27,590
627,56	27,308
627,76	27,371
627,96	27,331
628,16	27,270
628,36	27,254
628,56	27,336
628,75	27,214
628,95	26,926
629,15	27,413
629,35	27,192
629,55	27,344
629,75	27,390
629,95	27,484
630,15	27,298
630,35	27,355
630,55	27,027
630,75	27,124
630,95	27,257
631,15	27,049
631,35	27,183
631,55	27,223
631,75	27,349
631,95	27,228
632,15	27,557
632,34	27,457
632,54	27,242
632,74	27,278
632,94	27,593
633,14	27,224
633,34	27,385
633,54	27,428
633,74	27,164
633,94	27,214
634,14	26,829
634,34	27,141
634,54	27,101
634,74	27,048
634,93	27,049
635,13	27,063
635,33	27,243
635,53	27,252
635,73	27,032
635,93	27,133
636,13	27,092
636,33	27,042
636,53	27,004
636,73	27,132
636,93	26,981
637,12	27,147
637,32	26,743
637,52	27,065
637,72	27,023
637,92	26,784
638,12	26,913
638,32	26,995
638,52	26,990
638,72	26,842
638,91	26,563
639,11	26,885
639,31	27,158
639,51	27,017
639,71	26,672
639,91	26,733
640,11	27,074
640,31	26,528
640,50	26,357
640,70	26,552
640,90	26,715
641,10	26,352
641,30	26,578
641,50	26,673
641,70	26,389
641,89	26,427
642,09	26,640
642,29	26,474
642,49	26,312
642,69	26,532
642,89	26,408
643,09	26,598
643,28	26,156
643,48	26,424
643,68	26,345
643,88	26,235
644,08	26,348
644,28	26,240
644,48	26,328
644,67	26,513
644,87	26,222
645,07	26,307
645,27	26,069
645,47	26,059
645,67	26,046
645,86	26,005
646,06	25,896
646,26	26,298
646,46	26,069
646,66	25,919
646,85	25,997
647,05	25,982
647,25	25,677
647,45	26,043
647,65	26,142
647,85	26,237
648,04	25,823
648,24	26,167
648,44	25,832
648,64	25,973
648,84	25,700
649,03	25,975
649,23	25,479
649,43	25,680
649,63	25,738
649,83	25,579
650,02	25,861
650,22	25,677
650,42	25,707
650,62	25,616
650,82	25,490
651,01	25,784
651,21	25,677
651,41	25,752
651,61	25,777
651,81	25,602
652,00	25,817
652,20	25,794
652,40	25,557
652,60	25,715
652,79	25,742
652,99	25,400
653,19	25,365
653,39	25,606
653,59	25,274
653,78	25,497
653,98	25,509
654,18	25,426
654,38	25,594
654,57	25,265
654,77	25,284
654,97	25,140
655,17	25,489
655,36	25,438
655,56	25,194
655,76	25,104
655,96	25,190
656,15	25,212
656,35	25,179
656,55	25,379
656,75	25,323
656,94	25,248
657,14	25,271
657,34	25,272
657,54	25,391
657,73	25,457
657,93	25,081
658,13	25,275
658,33	25,255
658,52	25,149
658,72	23,711
658,92	25,241
659,11	25,463
659,31	25,265
659,51	24,931
659,71	25,298
659,90	25,262
660,10	25,114
660,30	25,173
660,50	25,094
660,69	24,958
660,89	25,053
661,09	24,849
661,28	24,982
661,48	25,130
661,68	25,085
661,87	25,112
662,07	24,823
662,27	24,990
662,47	24,938
662,66	24,881
662,86	25,080
663,06	25,123
663,25	25,120
663,45	25,176
663,65	25,118
663,84	25,142
664,04	25,005
664,24	25,099
664,44	24,725
664,63	25,085
664,83	24,847
665,03	25,057
665,22	25,205
665,42	24,573
665,62	25,002
665,81	24,989
666,01	24,858
666,21	24,924
666,40	24,965
666,60	24,877
666,80	24,914
666,99	25,213
667,19	24,758
667,39	24,887
667,58	24,949
667,78	25,044
667,98	24,782
668,17	25,151
668,37	24,803
668,57	24,705
668,76	24,888
668,96	24,785
669,16	24,964
669,35	25,141
669,55	25,065
669,74	24,980
669,94	24,967
670,14	25,069
670,33	24,840
670,53	24,971
670,73	24,875
670,92	24,941
671,12	24,750
671,32	24,785
671,51	25,076
671,71	25,006
671,90	24,774
672,10	25,009
672,30	25,214
672,49	25,142
672,69	25,070
672,89	24,945
673,08	25,121
673,28	25,159
673,47	25,116
673,67	24,878
673,87	24,920
674,06	24,946
674,26	24,829
674,45	24,954
674,65	24,867
674,85	24,824
675,04	25,079
675,24	25,063
675,43	25,124
675,63	25,187
675,83	25,051
676,02	25,189
676,22	24,971
676,41	25,037
676,61	24,927
676,81	24,904
677,00	24,997
677,20	25,139
677,39	24,942
677,59	25,210
677,79	25,234
677,98	24,924
678,18	25,200
678,37	25,245
678,57	25,465
678,76	25,292
678,96	25,297
679,16	25,165
679,35	25,277
679,55	25,127
679,74	25,139
679,94	24,956
680,13	25,239
680,33	25,027
680,53	25,032
680,72	25,135
680,92	25,373
681,11	25,168
681,31	25,373
681,50	25,377
681,70	25,277
681,89	25,280
682,09	25,328
682,28	25,230
682,48	25,584
682,68	25,410
682,87	25,197
683,07	25,368
683,26	25,531
683,46	25,208
683,65	25,261
683,85	25,355
684,04	25,358
684,24	25,118
684,43	25,511
684,63	25,380
684,82	25,373
685,02	25,514
685,21	25,261
685,41	25,769
685,60	25,352
685,80	25,279
686,00	25,574
686,19	25,487
686,39	25,544
686,58	25,666
686,78	25,523
686,97	25,664
687,17	25,755
687,36	25,544
687,56	25,606
687,75	25,398
687,95	25,705
688,14	25,523
688,34	25,651
688,53	25,599
688,73	25,445
688,92	25,505
689,12	25,858
689,31	25,516
689,51	25,632
689,70	25,871
689,89	25,564
690,09	25,522
690,28	25,745
690,48	25,659
690,67	25,750
690,87	26,110
691,06	25,721
691,26	25,767
691,45	25,853
691,65	25,986
691,84	25,806
692,04	26,220
692,23	26,225
692,43	25,940
692,62	26,021
692,82	26,298
693,01	26,326
693,20	26,131
693,40	26,772
693,59	26,553
693,79	26,686
693,98	26,565
694,18	26,805
694,37	26,741
694,57	27,209
694,76	26,918
694,95	27,261
695,15	27,235
695,34	27,565
695,54	27,585
695,73	27,526
695,93	27,672
696,12	28,202
696,32	27,894
696,51	27,905
696,70	28,492
696,90	28,472
697,09	28,817
697,29	28,616
697,48	29,012
697,67	29,204
697,87	29,189
698,06	29,645
698,26	29,623
698,45	29,411
698,65	30,049
698,84	30,437
699,03	30,477
699,23	30,826
699,42	30,988
699,62	30,979
699,81	31,332
700,00	31,617
700,20	31,728
700,39	32,052
700,59	32,406
700,78	32,324
700,97	32,912
701,17	33,033
701,36	33,122
701,56	33,376
701,75	33,458
701,94	33,990
702,14	34,267
702,33	34,639
702,52	34,784
702,72	34,828
702,91	35,155
703,11	35,621
703,30	35,620
703,49	36,015
703,69	36,293
703,88	36,517
704,07	36,598
704,27	37,136
704,46	37,473
704,66	37,703
704,85	37,813
705,04	37,918
705,24	38,294
705,43	38,418
705,62	38,896
705,82	38,588
706,01	39,398
706,20	39,659
706,40	39,823
706,59	40,218
706,78	40,408
706,98	40,795
707,17	40,990
707,36	40,906
707,56	41,392
707,75	41,873
707,94	42,371
708,14	42,417
708,33	42,664
708,52	42,849
708,72	42,833
708,91	43,070
709,10	43,827
709,30	43,959
709,49	44,559
709,68	44,572
709,88	44,698
710,07	44,758
710,26	45,467
710,46	45,715
710,65	45,871
710,84	45,963
711,04	46,396
711,23	46,520
711,42	47,120
711,61	46,811
711,81	47,649
712,00	47,594
712,19	48,104
712,39	48,136
712,58	48,329
712,77	48,776
712,97	49,116
713,16	48,828
713,35	49,023
713,54	49,550
713,74	49,797
713,93	50,270
714,12	50,150
714,32	50,790
714,51	51,026
714,70	51,049
714,89	51,104
715,09	51,194
715,28	51,710
715,47	52,180
715,66	52,473
715,86	52,934
716,05	52,769
716,24	53,218
716,44	53,428
716,63	53,837
716,82	53,752
717,01	53,543
717,21	54,212
717,40	54,554
717,59	55,154
717,78	54,953
717,98	54,828
718,17	55,901
718,36	55,647
718,55	56,306
718,75	56,593
718,94	56,665
719,13	56,594
719,32	57,046
719,52	57,243
719,71	57,352
719,90	57,844
720,09	57,925
720,28	57,651
720,48	58,623
720,67	58,721
720,86	58,978
721,05	58,914
721,25	59,310
721,44	59,762
721,63	60,285
721,82	60,343
722,01	60,668
722,21	60,396
722,40	60,721
722,59	61,199
722,78	61,416
722,98	61,647
723,17	61,809
723,36	62,009
723,55	62,346
723,74	62,478
723,94	62,665
724,13	62,828
724,32	62,925
724,51	63,756
724,70	63,879
724,89	64,177
725,09	64,145
725,28	64,669
725,47	64,469
725,66	65,041
725,85	65,107
726,05	64,940
726,24	65,235
726,43	65,909
726,62	65,655
726,81	66,049
727,00	66,723
727,20	66,760
727,39	66,634
727,58	67,181
727,77	67,221
727,96	67,528
728,15	67,474
728,35	68,033
728,54	67,923
728,73	67,843
728,92	68,266
729,11	68,669
729,30	68,733
729,50	69,332
729,69	69,241
729,88	69,207
730,07	69,574
730,26	69,500
730,45	70,057
730,64	70,040
730,84	70,459
731,03	70,417
731,22	70,902
731,41	70,849
731,60	70,821
731,79	71,326
731,98	71,470
732,18	71,306
732,37	71,703
732,56	71,766
732,75	72,330
732,94	72,367
733,13	72,550
733,32	72,916
733,51	72,860
733,71	73,154
733,90	73,127
734,09	73,010
734,28	73,465
734,47	73,207
734,66	74,011
734,85	74,257
735,04	74,566
735,23	74,385
735,42	74,259
735,62	74,816
735,81	74,622
736,00	74,514
736,19	74,879
736,38	75,364
736,57	75,568
736,76	75,835
736,95	75,285
737,14	75,935
737,33	75,639
737,52	75,708
737,72	76,104
737,91	76,067
738,10	76,677
738,29	76,956
738,48	76,618
738,67	76,772
738,86	77,040
739,05	76,842
739,24	77,336
739,43	76,992
739,62	77,136
739,81	77,524
740,00	77,655
740,19	77,906
740,39	77,932
740,58	78,079
740,77	77,680
740,96	78,049
741,15	78,683
741,34	78,224
741,53	78,423
741,72	79,053
741,91	78,724
742,10	78,934
742,29	78,960
742,48	79,211
742,67	79,220
742,86	78,981
743,05	79,260
743,24	78,741
743,43	80,345
743,62	79,947
743,81	79,507
744,00	79,483
744,19	79,773
744,38	80,330
744,57	79,668
744,76	80,104
744,95	79,747
745,14	80,046
745,33	80,479
745,52	80,008
745,71	80,436
745,90	80,801
746,09	80,749
746,28	80,193
746,47	80,778
746,66	81,052
746,85	80,756
747,04	81,220
747,23	81,385
747,42	81,627
747,61	81,189
747,80	81,272
747,99	81,154
748,18	81,073
748,37	81,239
748,56	81,662
748,75	81,426
748,94	82,241
749,13	81,970
749,32	81,903
749,51	82,289
749,70	81,971
749,89	81,553
750,08	82,500
750,27	81,670
750,46	81,932
750,65	81,877
750,84	82,203
751,03	82,544
751,22	82,471
751,41	82,292
751,60	82,131
751,79	81,935
751,98	82,405
752,17	82,770
752,36	82,256
752,55	82,345
752,74	82,394
752,93	82,152
753,12	82,424
753,30	83,164
753,49	82,704
753,68	82,822
753,87	82,258
754,06	82,852
754,25	82,688
754,44	82,989
754,63	82,952
754,82	82,824
755,01	82,425
755,20	83,233
755,39	83,129
755,58	83,206
755,77	82,730
755,96	82,668
756,14	83,476
756,33	83,172
756,52	82,627
756,71	83,079
756,90	83,370
757,09	83,051
757,28	83,900
757,47	83,347
757,66	83,398
757,85	83,578
758,04	83,546
758,22	83,102
758,41	83,455
758,60	83,490
758,79	83,449
758,98	83,356
759,17	83,182
759,36	83,294
759,55	83,489
759,74	83,622
759,92	83,504
760,11	82,952
760,30	83,377
760,49	83,306
760,68	83,487
760,87	83,455
761,06	83,302
761,25	83,420
761,43	83,641
761,62	83,646
761,81	82,839
762,00	83,476
762,19	83,737
762,38	83,568
762,57	83,366
762,76	83,357
762,94	83,505
763,13	83,544
763,32	83,344
763,51	82,709
763,70	83,871
763,89	83,359
764,07	83,761
764,26	83,835
764,45	83,053
764,64	83,381
764,83	83,370
765,02	83,655
765,21	83,278
765,39	83,721
765,58	84,239
765,77	84,048
765,96	83,438
766,15	84,190
766,34	83,920
766,52	83,877
766,71	83,957
766,90	83,376
767,09	83,981
767,28	83,936
767,46	83,653
767,65	84,373
767,84	84,062
768,03	84,042
768,22	84,124
768,40	84,150
768,59	84,016
768,78	84,136
768,97	83,834
769,16	83,916
769,34	83,613
769,53	84,016
769,72	83,663
769,91	83,814
770,10	83,938
770,28	84,485
770,47	83,856
770,66	83,566
770,85	84,029
771,04	84,141
771,22	83,513
771,41	83,662
771,60	83,321
771,79	83,869
771,98	84,326
772,16	83,426
772,35	84,655
772,54	84,653
772,73	83,942
772,91	83,730
773,10	83,586
773,29	84,319
773,48	83,804
773,66	83,709
773,85	83,710
774,04	83,741
774,23	84,026
774,41	83,851
774,60	83,751
774,79	83,916
774,98	83,827
775,16	83,825
775,35	83,573
775,54	84,295
775,73	83,650
775,91	83,648
776,10	84,083
776,29	84,228
776,48	83,456
776,66	84,565
776,85	84,171
777,04	83,959
777,23	84,210
777,41	84,397
777,60	83,846
777,79	84,079
777,97	84,386
778,16	83,888
778,35	83,984
778,54	83,747
778,72	83,747
778,91	84,207
779,10	83,741
779,28	84,495
779,47	83,533
779,66	84,229
779,85	83,571
780,03	83,726
780,22	84,050
780,41	84,229
780,59	83,844
780,78	83,776
780,97	83,716
781,15	84,000
781,34	83,618
781,53	83,960
781,71	83,748
781,90	83,978
782,09	84,274
782,27	83,918
782,46	83,949
782,65	83,688
782,84	83,754
783,02	83,781
783,21	84,010
783,40	84,170
783,58	84,252
783,77	84,047
783,96	84,532
784,14	84,141
784,33	84,596
784,52	83,968
784,70	83,453
784,89	84,453
785,07	83,780
785,26	84,227
785,45	84,065
785,63	84,007
785,82	84,141
786,01	84,189
786,19	84,063
786,38	84,123
786,57	83,726
786,75	83,894
786,94	83,634
787,13	84,293
787,31	83,502
787,50	84,065
787,68	83,878
787,87	83,842
788,06	84,072
788,24	84,083
788,43	83,807
788,62	83,703
788,80	83,440
788,99	83,369
789,17	83,939
789,36	83,833
789,55	84,156
789,73	84,011
789,92	84,005
790,10	83,472
790,29	84,038
790,48	83,333
790,66	83,589
790,85	83,950
791,03	84,382
791,22	84,268
791,41	84,353
791,59	83,674
791,78	83,879
791,96	83,761
792,15	84,534
792,34	83,953
792,52	84,077
792,71	83,513
792,89	83,628
793,08	84,056
793,27	83,363
793,45	83,963
793,64	83,875
793,82	84,313
794,01	83,793
794,19	84,238
794,38	83,688
794,57	84,024
794,75	83,892
794,94	84,020
795,12	84,242
795,31	84,250
795,49	83,779
795,68	83,463
795,86	84,259
796,05	84,388
796,24	84,328
796,42	84,118
796,61	84,092
796,79	83,836
796,98	83,516
797,16	84,371
797,35	83,634
797,53	83,968
797,72	83,523
797,90	83,901
798,09	84,307
798,27	84,180
798,46	83,767
798,65	83,907
798,83	83,641
799,02	84,350
799,20	83,810
799,39	84,324
799,57	83,941
799,76	84,323
799,94	83,745
800,13	83,754
800,31	84,213
800,50	84,132
800,68	83,830
800,87	83,122
801,05	83,928
801,24	84,453
801,42	84,128
801,61	83,912
801,79	84,881
801,98	83,681
802,16	84,173
802,35	84,048
802,53	83,960
802,72	84,058
802,90	83,461
803,09	84,215
803,27	83,887
803,46	84,085
803,64	84,187
803,83	83,857
804,01	84,327
804,20	84,203
804,38	83,766
804,56	84,226
804,75	84,115
804,93	84,921
805,12	83,902
805,30	84,131
805,49	83,365
805,67	83,701
805,86	84,367
806,04	84,735
806,23	84,577
806,41	83,785
806,59	83,873
806,78	83,721
806,96	83,840
807,15	84,133
807,33	83,968
807,52	83,869
807,70	84,117
807,89	84,314
808,07	84,046
808,25	84,357
808,44	84,407
808,62	83,988
808,81	84,233
808,99	83,563
809,18	83,461
809,36	83,846
809,54	83,985
809,73	84,097
809,91	83,407
810,10	83,958
810,28	84,607
810,47	84,216
810,65	83,794
810,83	84,130
811,02	83,888
811,20	84,170
811,39	83,324
811,57	83,674
811,75	84,353
811,94	83,698
812,12	83,549
812,31	84,289
812,49	83,642
812,67	83,334
812,86	83,893
813,04	83,863
813,23	83,696
813,41	83,719
813,59	84,383
813,78	83,304
813,96	83,916
814,14	84,659
814,33	83,933
814,51	84,476
814,70	84,132
814,88	83,686
815,06	83,903
815,25	83,810
815,43	83,827
815,61	83,849
815,80	84,339
815,98	84,461
816,16	83,704
816,35	84,322
816,53	83,883
816,72	83,830
816,90	83,886
817,08	83,528
817,27	84,089
817,45	84,176
817,63	84,012
817,82	84,601
818,00	83,973
818,18	84,214
818,37	83,898
818,55	84,505
818,73	84,017
818,92	83,809
819,10	84,624
819,28	83,414
819,47	84,097
819,65	84,080
819,83	83,646
820,02	83,990
820,20	83,589
820,38	83,986
820,57	83,069
820,75	83,901
820,93	84,305
821,11	83,947
821,30	84,376
821,48	83,797
821,66	83,902
821,85	83,780
822,03	83,524
822,21	83,796
822,40	84,278
822,58	83,589
822,76	83,984
822,94	83,781
823,13	84,033
823,31	84,125
823,49	84,224
823,68	83,365
823,86	83,715
824,04	84,210
824,22	84,005
824,41	84,175
824,59	83,954
824,77	84,636
824,96	83,328
825,14	83,952
825,32	84,488
825,50	84,130
825,69	84,048
825,87	84,204
826,05	84,109
826,23	84,121
826,42	84,332
826,60	83,768
826,78	83,944
826,96	84,785
827,15	84,580
827,33	83,457
827,51	84,540
827,69	84,532
827,88	83,220
828,06	84,458
828,24	84,000
828,42	84,306
828,61	84,356
828,79	83,098
828,97	83,518
829,15	83,961
829,34	84,037
829,52	83,694
829,70	84,002
829,88	83,798
830,06	84,708
830,25	84,226
830,43	84,358
830,61	83,682
830,79	84,147
830,97	83,941
831,16	84,254
831,34	83,455
831,52	83,372
831,70	83,941
831,89	83,666
832,07	84,610
832,25	83,466
832,43	84,036
832,61	83,854
832,80	83,470
832,98	84,381
833,16	83,461
833,34	83,905
833,52	83,575
833,70	83,578
833,89	84,152
834,07	84,069
834,25	83,990
834,43	84,247
834,61	83,526
834,80	84,092
834,98	84,002
835,16	83,470
835,34	84,022
835,52	83,985
835,70	84,053
835,89	84,454
836,07	84,501
836,25	83,555
836,43	83,937
836,61	83,789
836,79	83,781
836,97	83,357
837,16	84,475
837,34	83,470
837,52	83,977
837,70	83,560
837,88	84,076
838,06	83,319
838,24	83,817
838,43	83,925
838,61	84,222
838,79	83,710
838,97	83,735
839,15	83,878
839,33	83,957
839,51	84,107
839,70	84,081
839,88	83,565
840,06	83,230
840,24	83,997
840,42	83,302
840,60	84,180
840,78	83,934
840,96	83,202
841,14	84,023
841,33	83,954
841,51	83,562
841,69	83,943
841,87	83,970
842,05	84,014
842,23	83,960
842,41	83,836
842,59	84,244
842,77	84,674
842,95	84,071
843,14	84,544
843,32	83,671
843,50	84,401
843,68	83,272
843,86	84,504
844,04	84,274
844,22	84,499
844,40	83,631
844,58	84,076
844,76	83,919
844,94	84,015
845,12	84,143
845,30	84,434
845,49	84,536
845,67	84,051
845,85	84,690
846,03	83,728
846,21	84,075
846,39	84,541
846,57	83,784
846,75	83,347
846,93	84,318
847,11	83,473
847,29	84,532
847,47	84,199
847,65	83,651
847,83	84,406
848,01	84,099
848,19	84,790
848,37	83,916
848,55	84,111
848,73	84,003
848,91	84,092
849,09	83,387
849,27	83,382
849,46	84,422
849,64	84,215
849,82	83,684
850,00	84,073
850,18	82,873
850,36	83,578
850,54	83,693
850,72	83,708
850,90	84,661
851,08	82,936
851,26	83,955
851,44	83,993
851,62	84,134
851,80	83,613
851,98	83,535
852,16	83,988
852,34	84,042
852,52	84,614
852,70	83,209
852,88	84,115
853,06	83,774
853,24	83,108
853,42	83,483
853,60	83,417
853,78	84,407
853,96	84,817
854,14	84,502
854,31	84,137
854,49	83,742
854,67	83,389
854,85	83,549
855,03	84,034
855,21	84,471
855,39	84,640
855,57	85,000
855,75	83,209
855,93	83,597
856,11	84,801
856,29	83,732
856,47	84,317
856,65	83,705
856,83	83,901
857,01	83,047
857,19	83,946
857,37	83,006
857,55	84,153
857,73	84,095
857,91	84,012
858,09	84,544
858,26	83,871
858,44	84,766
858,62	83,739
858,80	83,804
858,98	83,040
859,16	83,230
859,34	83,037
859,52	83,407
859,70	84,145
859,88	84,008
860,06	83,676
860,24	83,838
860,42	84,274
860,59	83,673
860,77	83,562
860,95	83,073
861,13	84,118
861,31	84,270
861,49	84,094
861,67	83,297
861,85	83,819
862,03	84,442
862,21	84,141
862,38	84,507
862,56	83,993
862,74	83,486
862,92	83,495
863,10	83,158
863,28	84,307
863,46	84,532
863,64	84,249
863,82	83,617
863,99	84,053
864,17	83,625
864,35	83,728
864,53	84,838
864,71	84,120
864,89	84,086
865,07	83,298
865,24	83,433
865,42	84,276
865,60	84,692
865,78	84,115
865,96	84,580
866,14	84,632
866,32	83,719
866,49	84,349
866,67	84,346
866,85	84,198
867,03	83,308
867,21	84,533
867,39	84,148
867,56	83,631
867,74	83,386
867,92	83,410
868,10	83,683
868,28	83,850
868,46	83,846
868,63	84,448
868,81	84,287
868,99	83,728
869,17	84,021
869,35	84,044
869,53	83,539
869,70	83,598
869,88	84,755
870,06	84,046
870,24	84,328
870,42	83,599
870,59	83,819
870,77	83,655
870,95	84,011
871,13	84,041
871,31	84,075
871,48	83,692
871,66	83,436
871,84	83,587
872,02	83,391
872,20	83,068
872,37	83,824
872,55	83,468
872,73	84,176
872,91	84,121
873,08	84,487
873,26	83,946
873,44	84,085
873,62	83,872
873,80	84,399
873,97	83,622
874,15	83,265
874,33	84,169
874,51	83,224
874,68	83,197
874,86	84,081
875,04	83,444
875,22	84,072
875,39	84,368
875,57	83,728
875,75	83,956
875,93	84,406
876,10	83,953
876,28	83,367
876,46	84,112
876,64	84,672
876,81	84,583
876,99	84,080
877,17	83,552
877,35	83,537
877,52	83,749
877,70	83,481
877,88	84,426
878,06	83,257
878,23	84,018
878,41	83,958
878,59	84,008
878,76	83,118
878,94	83,327
879,12	84,489
879,30	83,706
879,47	83,416
879,65	84,541
879,83	84,484
880,00	83,145
880,18	85,023
880,36	84,467
880,53	83,672
880,71	85,230
880,89	83,302
881,07	83,593
881,24	82,821
881,42	83,962
881,60	83,795
881,77	83,409
881,95	83,544
882,13	84,216
882,30	83,614
882,48	83,236
882,66	84,341
882,83	83,850
883,01	83,421
883,19	83,868
883,36	83,716
883,54	83,322
883,72	84,158
883,89	84,021
884,07	83,469
884,25	84,145
884,42	84,003
884,60	84,338
884,78	83,986
884,95	84,288
885,13	83,699
885,31	84,298
885,48	83,159
885,66	83,136
885,84	82,955
886,01	84,248
886,19	82,731
886,36	84,411
886,54	83,963
886,72	84,041
886,89	84,018
887,07	84,055
887,25	84,240
887,42	84,435
887,60	84,482
887,78	83,871
887,95	83,697
888,13	84,119
888,30	84,048
888,48	83,490
888,66	83,048
888,83	83,757
889,01	83,535
889,18	83,640
889,36	83,497
889,54	83,337
889,71	84,180
889,89	83,075
890,06	84,270
890,24	83,930
890,42	82,978
890,59	83,393
890,77	84,432
890,94	83,617
891,12	83,886
891,30	83,579
891,47	83,444
891,65	84,334
891,82	83,563
892,00	83,852
892,17	83,944
892,35	84,005
892,53	84,127
892,70	84,100
892,88	83,993
893,05	83,733
893,23	85,375
893,40	83,944
893,58	83,259
893,75	83,846
893,93	83,974
894,11	83,643
894,28	82,973
894,46	84,296
894,63	84,256
894,81	83,447
894,98	85,107
895,16	84,041
895,33	83,048
895,51	83,905
895,68	84,698
895,86	83,472
896,04	83,572
896,21	83,280
896,39	84,458
896,56	84,514
896,74	84,301
896,91	84,029
897,09	84,782
897,26	84,059
897,44	84,587
897,61	83,817
897,79	84,093
897,96	83,659
898,14	83,156
898,31	84,083
898,49	83,351
898,66	84,689
898,84	84,642
899,01	84,806
899,19	85,110
899,36	84,071
899,54	84,348
899,71	83,941
899,89	83,708
900,06	83,590
900,24	83,720
900,41	84,404
900,59	84,012
900,76	83,673
900,94	83,510
901,11	84,617
901,29	83,909
901,46	84,795
901,63	83,285
901,81	83,827
901,98	84,391
902,16	83,117
902,33	83,878
902,51	83,813
902,68	84,896
902,86	84,003
903,03	84,789
903,21	84,666
903,38	84,243
903,56	84,941
903,73	84,284
903,90	83,635
904,08	84,027
904,25	84,627
904,43	82,973
904,60	82,977
904,78	83,887
904,95	84,318
905,12	84,824
905,30	84,520
905,47	83,529
905,65	83,390
905,82	83,322
906,00	83,958
906,17	84,322
906,34	84,041
906,52	84,305
906,69	83,660
906,87	84,116
907,04	84,249
907,21	83,794
907,39	83,747
907,56	83,567
907,74	84,093
907,91	83,628
908,08	83,110
908,26	83,228
908,43	84,556
908,61	83,988
908,78	84,792
908,95	84,123
909,13	83,718
909,30	84,014
909,48	83,934
909,65	83,906
909,82	84,473
910,00	85,065
910,17	84,051
910,34	83,657
910,52	84,064
910,69	84,059
910,87	84,374
911,04	83,587
911,21	83,919
911,39	83,957
911,56	83,423
911,73	83,456
911,91	83,591
912,08	84,401
912,25	83,539
912,43	83,971
912,60	84,713
912,77	84,163
912,95	83,972
913,12	83,752
913,29	83,746
913,47	84,066
913,64	83,304
913,81	84,237
913,99	84,116
914,16	84,081
914,33	84,775
914,51	84,662
914,68	83,807
914,85	82,812
915,03	83,699
915,20	83,832
915,37	83,952
915,55	83,815
915,72	84,251
915,89	84,626
916,07	83,678
916,24	83,900
916,41	83,818
916,59	83,946
916,76	83,842
916,93	84,057
917,10	84,703
917,28	83,511
917,45	83,775
917,62	84,409
917,80	84,915
917,97	83,782
918,14	85,050
918,31	84,569
918,49	84,278
918,66	84,228
918,83	83,715
919,01	84,137
919,18	83,695
919,35	84,338
919,52	84,580
919,70	83,779
919,87	83,293
920,04	82,900
920,21	83,587
920,39	84,038
920,56	83,849
920,73	84,044
920,90	84,341
921,08	83,907
921,25	83,810
921,42	84,975
921,59	84,367
921,77	83,450
921,94	84,459
922,11	83,554
922,28	83,155
922,46	84,017
922,63	83,732
922,80	83,686
922,97	83,595
923,15	83,504
923,32	83,843
923,49	84,500
923,66	84,484
923,83	84,058
924,01	84,548
924,18	84,921
924,35	82,981
924,52	83,273
924,69	83,454
924,87	83,707
925,04	84,527
925,21	84,321
925,38	84,803
925,55	83,394
925,73	84,246
925,90	82,649
926,07	84,444
926,24	84,025
926,41	84,202
926,59	83,421
926,76	84,710
926,93	83,973
927,10	83,575
927,27	84,304
927,45	84,699
927,62	83,249
927,79	84,664
927,96	84,582
928,13	83,478
928,30	85,566
928,48	84,362
928,65	84,197
928,82	82,004
928,99	83,688
929,16	84,376
929,33	85,511
929,50	83,764
929,68	83,796
929,85	84,173
930,02	82,829
930,19	85,306
930,36	85,176
930,53	83,833
930,70	84,180
930,88	84,137
931,05	84,705
931,22	83,486
931,39	84,409
931,56	83,419
931,73	82,980
931,90	83,176
932,08	82,739
932,25	84,574
932,42	82,695
932,59	82,843
932,76	83,073
932,93	84,084
933,10	83,127
933,27	83,660
933,44	83,178
933,62	83,485
933,79	81,519
933,96	82,648
934,13	83,232
934,30	83,309
934,47	82,494
934,64	82,513
934,81	83,084
934,98	86,309
935,15	84,093
935,32	83,920
935,50	83,900
935,67	84,161
935,84	83,452
936,01	82,529
936,18	82,015
936,35	84,722
936,52	82,588
936,69	81,982
936,86	83,080
937,03	83,944
937,20	82,560
937,37	83,171
937,54	82,816
937,71	83,682
937,89	84,158
938,06	82,817
938,23	83,457
938,40	83,336
938,57	84,405
938,74	83,627
938,91	82,977
939,08	82,417
939,25	85,451
939,42	83,763
939,59	83,673
939,76	82,241
939,93	81,802
940,10	82,766
940,27	84,979
940,44	83,080
940,61	85,349
940,78	84,687
940,95	84,815
941,12	81,868
941,29	84,700
941,46	84,586
941,63	82,260
941,80	82,878
941,97	86,134
942,14	84,095
942,31	84,700
942,48	84,960
942,65	82,773
942,82	85,730
942,99	85,446
943,16	85,194
943,33	82,680
943,50	84,102
943,67	83,423
943,84	82,516
944,01	86,410
944,18	84,197
944,35	83,173
944,52	84,591
944,69	83,089
944,86	82,206
945,03	82,430
945,20	85,647
945,37	84,186
945,54	82,039
945,71	83,654
945,88	83,378
946,05	83,125
946,22	83,954
946,39	80,688
946,56	79,329
946,73	81,198
946,90	82,470
947,07	83,565
947,23	84,684
947,40	84,156
947,57	82,210
947,74	84,192
947,91	80,266
948,08	83,741
948,25	83,729
948,42	84,011
948,59	85,028
948,76	82,469
948,93	86,260
949,10	85,045
949,27	79,052
949,44	86,360
949,60	84,017
949,77	85,398
949,94	81,909
950,11	84,170
950,28	83,568
950,45	84,496
950,62	83,889
950,79	83,408
950,96	84,587
951,13	83,657
951,30	83,916
951,46	82,499
951,63	82,149
951,80	81,854
951,97	83,848
952,14	81,993
952,31	83,876
952,48	83,248
952,65	83,840
952,81	83,663
952,98	80,282
953,15	84,693
953,32	82,940
953,49	85,365
953,66	83,709
953,83	84,730
954,00	84,556
954,16	85,739
954,33	82,864
954,50	81,999
954,67	84,841
954,84	81,703
955,01	83,582
955,18	85,066
955,34	84,506
955,51	81,945
955,68	83,081
955,85	84,148
956,02	82,391
956,19	83,423
956,35	82,939
956,52	82,984
956,69	81,496
956,86	83,357
957,03	84,376
957,20	82,514
957,36	82,148
957,53	82,943
957,70	81,742
957,87	83,345
958,04	80,669
958,21	84,090
958,37	82,044
958,54	82,278
958,71	84,177
958,88	83,067
959,05	83,172
959,21	83,397
959,38	82,329
959,55	82,347
959,72	83,567
959,89	84,304
960,05	84,269
960,22	83,369
960,39	85,185
960,56	83,445
960,72	83,074
960,89	82,613
961,06	81,020
961,23	82,839
961,40	81,169
961,56	85,758
961,73	84,895
961,90	83,242
962,07	82,855
962,23	83,331
962,40	82,444
962,57	83,038
962,74	85,096
962,90	84,376
963,07	84,334
963,24	82,311
963,41	84,732
963,57	83,004
963,74	82,094
963,91	81,640
964,08	80,645
964,24	83,972
964,41	82,337
964,58	83,191
964,75	83,271
964,91	83,589
965,08	81,884
965,25	83,877
965,42	82,909
965,58	82,993
965,75	84,009
965,92	84,681
966,08	83,037
966,25	83,318
966,42	84,970
966,59	83,121
966,75	83,013
966,92	83,383
967,09	83,718
967,25	83,514
967,42	84,775
967,59	83,214
967,75	83,246
967,92	80,893
968,09	81,598
968,26	84,274
968,42	85,040
968,59	82,280
968,76	81,619
968,92	83,126
969,09	84,629
969,26	81,775
969,42	82,072
969,59	83,837
969,76	84,219
969,92	82,884
970,09	83,777
970,26	84,725
970,42	83,395
970,59	82,192
970,76	84,344
970,92	83,813
971,09	80,966
971,26	82,846
971,42	84,396
971,59	84,533
971,76	82,398
971,92	83,154
972,09	83,715
972,25	84,482
972,42	83,700
972,59	81,801
972,75	83,236
972,92	83,941
973,09	83,747
973,25	82,504
973,42	82,557
973,58	84,361
973,75	82,363
973,92	84,785
974,08	84,331
974,25	84,605
974,42	83,055
974,58	84,163
974,75	84,581
974,91	83,937
975,08	82,706
975,25	81,910
975,41	83,392
975,58	84,965
975,74	82,145
975,91	82,865
976,08	83,401
976,24	83,316
976,41	82,709
976,57	84,733
976,74	84,996
976,91	81,226
977,07	84,282
977,24	82,649
977,40	83,988
977,57	84,814
977,73	81,225
977,90	82,349
978,07	82,433
978,23	82,587
978,40	84,358
978,56	84,280
978,73	80,430
978,89	83,429
979,06	81,592
979,22	83,948
979,39	85,214
979,56	83,996
979,72	81,616
979,89	82,373
980,05	83,295
980,22	83,415
980,38	83,384
980,55	82,070
980,71	83,065
980,88	85,163
981,04	84,561
981,21	83,385
981,37	83,852
981,54	82,105
981,70	82,526
981,87	81,644
982,04	82,534
982,20	83,659
982,37	84,397
982,53	80,974
982,70	85,127
982,86	82,305
983,03	81,768
983,19	83,917
983,36	82,358
983,52	83,073
983,69	82,704
983,85	83,474
984,02	85,576
984,18	82,064
984,35	84,734
984,51	83,666
984,68	83,869
984,84	83,103
985,00	84,029
985,17	83,674
985,33	84,010
985,50	82,344
985,66	84,768
985,83	83,286
985,99	81,984
986,16	83,971
986,32	82,976
986,49	84,257
986,65	82,873
986,82	84,244
986,98	82,773
987,15	86,354
987,31	82,729
987,47	82,012
987,64	84,672
987,80	85,163
987,97	83,508
988,13	81,746
988,30	84,150
988,46	81,400
988,63	82,427
988,79	85,061
988,95	85,423
989,12	82,295
989,28	84,792
989,45	87,612
989,61	83,954
989,77	85,023
989,94	82,493
990,10	83,876
990,27	83,308
990,43	84,892
990,60	84,089
990,76	82,882
990,92	84,203
991,09	84,308
991,25	82,468
991,42	84,897
991,58	83,854
991,74	80,640
991,91	85,648
992,07	85,069
992,24	80,899
992,40	83,327
992,56	86,027
992,73	85,899
992,89	84,225
993,05	85,766
993,22	83,300
993,38	81,476
993,55	84,412
993,71	84,615
993,87	83,051
994,04	85,896
994,20	86,795
994,36	83,738
994,53	84,039
994,69	85,989
994,85	81,512
995,02	85,911
995,18	81,897
995,34	83,962
995,51	86,887
995,67	85,092
995,84	86,059
996,00	83,195
996,16	84,993
996,33	86,783
996,49	85,664
996,65	83,427
996,82	83,956
996,98	85,370
997,14	82,378
997,31	85,959
997,47	83,149
997,63	84,745
997,79	82,729
997,96	85,396
998,12	83,922
998,28	84,449
998,45	85,069
998,61	78,854
998,77	85,555
998,94	85,229
999,10	87,150
999,26	83,243
999,43	84,865
999,59	82,369
999,75	83,800
999,91	82,339
1000,08	85,652
1000,24	85,857
1000,40	84,830
1000,57	84,437
1000,73	85,092
1000,89	83,010
1001,05	84,919
1001,22	85,407
1001,38	81,188
1001,54	84,073
1001,70	86,740
1001,87	84,187
1002,03	85,299
1002,19	81,620
1002,35	83,458
1002,52	85,600
1002,68	84,934
1002,84	80,885
1003,00	81,183
1003,17	85,035
1003,33	80,868
1003,49	86,939
1003,65	82,067
1003,82	85,283
1003,98	82,063
1004,14	85,409
1004,30	85,906
1004,47	81,856
1004,63	88,745
1004,79	83,213
1004,95	85,417
1005,11	83,616
1005,28	86,315
1005,44	87,918
1005,60	81,669
1005,76	85,976
1005,93	83,505
1006,09	86,561
1006,25	82,550
1006,41	83,580
1006,57	80,362
1006,74	85,362
1006,90	80,252
1007,06	85,918
1007,22	81,854
1007,38	86,300
1007,55	83,572
1007,71	86,047
1007,87	88,061
1008,03	84,920
1008,19	87,881
1008,35	83,788
1008,52	83,516
1008,68	80,603
1008,84	86,160
1009,00	86,472
1009,16	85,658
1009,32	89,255
1009,49	83,629
1009,65	89,086
1009,81	84,760
1009,97	81,220
1010,13	82,363
1010,29	83,110
1010,46	85,954
1010,62	83,164
1010,78	84,130
1010,94	88,447
1011,10	87,449
1011,26	87,047
1011,42	87,182
1011,59	80,397
1011,75	81,872
1011,91	84,673
1012,07	91,296
1012,23	82,761
1012,39	83,766
1012,55	85,485
1012,71	85,404
1012,88	79,740
1013,04	84,811
1013,20	85,332
1013,36	88,448
1013,52	89,081
1013,68	91,059
1013,84	85,869
1014,00	82,116
1014,16	78,491
1014,33	83,366
1014,49	86,653
1014,65	85,229
1014,81	84,271
1014,97	85,035
1015,13	84,170
1015,29	86,929
1015,45	87,705
1015,61	89,864
1015,77	84,855
1015,93	85,516
1016,09	88,490
1016,26	86,377
1016,42	84,590
1016,58	85,635
1016,74	82,866
1016,90	89,920
1017,06	84,101
1017,22	83,685
1017,38	85,760
1017,54	81,192
1017,70	86,509
1017,86	79,713
1018,02	83,474
1018,18	89,415
1018,34	86,546
1018,50	83,033
1018,66	80,714
1018,82	82,178
1018,98	80,502
1019,14	80,909
1019,31	84,032
1019,47	87,393
1019,63	89,085
1019,79	84,434
1019,95	88,596
1020,11	81,421
1020,27	83,379
1020,43	83,768
1020,59	93,698
1020,75	82,762
1020,91	83,810
1021,07	89,695
1021,23	85,936
1021,39	86,860
1021,55	76,058
1021,71	81,744
1021,87	92,377
1022,03	83,013
1022,19	87,423
1022,35	87,580
1022,51	87,338
1022,67	79,028
1022,83	85,827
1022,99	86,356
1023,15	83,351
1023,31	81,137
1023,47	85,269
1023,63	80,340
1023,79	91,981
1023,95	84,073
1024,10	82,044
1024,26	88,060
1024,42	87,323
1024,58	90,465
1024,74	83,462
1024,90	88,071
1025,06	90,012
1025,22	86,548
1025,38	88,916
1025,54	85,033
1025,70	83,928
1025,86	85,022
1026,02	90,540
1026,18	88,542
1026,34	84,095
1026,50	88,851
1026,66	91,063
1026,82	89,878
1026,98	87,774
1027,13	88,428
1027,29	79,174
1027,45	83,062
1027,61	87,624
1027,77	87,661
1027,93	90,879
1028,09	84,809
1028,25	85,625
1028,41	91,355
1028,57	88,798
1028,73	86,816
1028,88	85,054
1029,04	88,162
1029,20	87,935
1029,36	94,901
1029,52	83,042
1029,68	83,659
1029,84	79,751
1030,00	80,515
1030,16	83,994
1030,32	85,775
1030,47	84,006
1030,63	79,762
1030,79	84,804
1030,95	88,934
1031,11	88,714
1031,27	85,605
1031,43	83,467
1031,59	79,942
1031,74	91,014
1031,90	82,168
1032,06	84,241
1032,22	95,165
1032,38	83,457
1032,54	80,655
1032,69	88,103
1032,85	86,824
1033,01	87,057
1033,17	95,660
1033,33	83,422
1033,49	77,726
1033,65	83,761
1033,80	96,931
1033,96	84,821
1034,12	75,060
1034,28	96,642
1034,44	91,783
1034,60	77,975
1034,75	82,423
1034,91	79,020
1035,07	87,511
1035,23	91,558
1035,39	87,242
1035,54	76,375
1035,70	78,907
1035,86	90,875
1036,02	82,678
1036,18	76,204
1036,33	87,500
1036,49	86,443
1036,65	88,833
1036,81	78,242
1036,97	88,224
1037,12	96,281
1037,28	89,693
1037,44	76,569
1037,60	95,615
1037,76	90,041
1037,91	100,656
1038,07	79,979
1038,23	90,011
1038,39	83,391
1038,54	84,592
1038,70	81,828
1038,86	90,422
1039,02	103,617
1039,17	82,483
1039,33	93,948
1039,49	83,963
1039,65	89,141
1039,80	78,924
1039,96	83,807
1040,12	100,240
1040,28	88,033
>>>>> Data<<<<< Espectral Procesado Extremo
