Fichero De Datos De SpectraSuite
++++++++++++++++++++++++++++++++++++
Fecha: Mon Jul 06 12:08:25 CST 2026
Usuario: rofer
Presente Oscuro Del Espectro: Sí
La Referencia de Presente Del Espectro De: Sí
Muestreados de los componentes de Número de espectros: 1
Espectrómetros: USB4H06056
Tiempo de integración (usec): 300000 (USB4H06056)
Promedio de Espectros Hechos un: 5 (USB4H06056)
El Alisar Del Furgón: 0 (USB4H06056)
Párrafo de de Corregir del la del del de Eléctrica del obscuridad: No (USB4H06056)
Estrobo/Lámpara Permitido: No (USB4H06056)
Correct for Detector Non-linearity: No (USB4H06056)
Párrafo de de Corregir del la del del de Externa del luz: No (USB4H06056)
Procesado del espectro de Número de pixeles en: 3648
>>>>> Comienza Data<<<<< Espectral Procesado Del EL
345,09	66,667
345,30	66,667
345,52	66,667
345,74	42,727
345,95	143,529
346,17	90,625
346,39	68,852
346,60	-36,170
346,82	-0,000
347,04	-64,474
347,25	444,118
347,47	125,843
347,69	68,862
347,90	-308,333
348,12	-1000,000
348,34	3300,000
348,56	-21,918
348,77	98,438
348,99	68,667
349,21	-391,667
349,42	71,014
349,64	44,406
349,86	11,354
350,07	59,302
350,29	45,771
350,51	88,830
350,72	89,205
350,94	200,000
351,16	134,722
351,37	86,122
351,59	29,442
351,81	88,462
352,02	20,588
352,24	450,000
352,46	62,431
352,67	69,613
352,89	54,950
353,10	32,174
353,32	90,942
353,54	51,389
353,75	154,639
353,97	4,464
354,19	99,200
354,40	1,550
354,62	52,431
354,84	45,000
355,05	64,767
355,27	55,300
355,49	20,000
355,70	90,643
355,92	62,637
356,14	-50,000
356,35	42,748
356,57	241,176
356,78	21,875
357,00	51,337
357,22	92,248
357,43	32,800
357,65	36,364
357,87	38,485
358,08	65,014
358,30	61,794
358,51	49,697
358,73	128,082
358,95	43,564
359,16	49,235
359,38	137,037
359,60	-5,357
359,81	40,784
360,03	131,875
360,24	21,463
360,46	18,056
360,68	113,537
360,89	-16,162
361,11	55,745
361,33	113,740
361,54	111,050
361,76	-1,299
361,97	18,009
362,19	91,129
362,41	116,541
362,62	81,481
362,84	63,399
363,05	20,870
363,27	91,364
363,49	54,472
363,70	83,333
363,92	148,485
364,13	109,259
364,35	27,907
364,57	74,662
364,78	80,972
365,00	54,808
365,21	80,120
365,43	55,556
365,65	51,678
365,86	76,437
366,08	-25,843
366,29	73,881
366,51	61,081
366,73	61,174
366,94	49,162
367,16	65,942
367,37	90,942
367,59	79,279
367,80	82,938
368,02	106,250
368,24	155,556
368,45	54,037
368,67	67,568
368,88	79,592
369,10	77,729
369,31	106,400
369,53	66,810
369,75	50,244
369,96	41,975
370,18	76,596
370,39	61,950
370,61	85,204
370,82	105,714
371,04	89,305
371,26	75,210
371,47	48,837
371,69	51,955
371,90	49,000
372,12	48,927
372,33	55,000
372,55	52,521
372,76	72,360
372,98	65,854
373,20	85,455
373,41	56,013
373,63	140,476
373,84	51,415
374,06	67,778
374,27	60,082
374,49	54,589
374,70	145,865
374,92	62,917
375,13	94,872
375,35	84,375
375,57	65,083
375,78	32,057
376,00	122,936
376,21	169,668
376,43	71,831
376,64	97,561
376,86	128,070
377,07	60,302
377,29	71,375
377,50	32,510
377,72	104,452
377,93	115,385
378,15	52,137
378,36	61,429
378,58	82,388
378,80	74,744
379,01	79,412
379,23	73,267
379,44	61,638
379,66	76,923
379,87	125,714
380,09	48,328
380,30	50,482
380,52	54,624
380,73	96,711
380,95	82,988
381,16	100,493
381,38	73,443
381,59	98,276
381,81	103,782
382,02	84,080
382,24	59,004
382,45	102,954
382,67	59,322
382,88	69,965
383,10	85,714
383,31	51,863
383,53	96,578
383,74	88,474
383,96	86,207
384,17	101,170
384,39	50,136
384,60	117,434
384,82	92,568
385,03	82,673
385,25	73,316
385,46	89,671
385,68	48,201
385,89	90,045
386,11	71,687
386,32	92,571
386,54	81,818
386,75	59,544
386,97	101,582
387,18	87,632
387,40	64,238
387,61	88,162
387,83	88,889
388,04	84,091
388,25	65,429
388,47	70,909
388,68	61,373
388,90	104,106
389,11	66,201
389,33	67,062
389,54	62,949
389,76	77,023
389,97	67,397
390,19	91,667
390,40	65,231
390,62	81,096
390,83	85,854
391,05	72,527
391,26	69,620
391,47	103,838
391,69	84,091
391,90	83,603
392,12	59,497
392,33	72,525
392,55	96,095
392,76	76,607
392,98	59,950
393,19	87,854
393,41	64,764
393,62	53,191
393,83	84,422
394,05	98,101
394,26	74,444
394,48	67,210
394,69	69,643
394,91	67,489
395,12	58,969
395,34	62,585
395,55	76,871
395,76	81,104
395,98	59,252
396,19	89,325
396,41	69,313
396,62	64,286
396,84	81,687
397,05	85,714
397,26	63,867
397,48	89,636
397,69	61,011
397,91	76,245
398,12	77,358
398,33	52,167
398,55	52,857
398,76	64,113
398,98	70,338
399,19	65,552
399,41	71,681
399,62	55,822
399,83	49,418
400,05	65,608
400,26	66,344
400,48	53,081
400,69	63,931
400,90	71,637
401,12	71,545
401,33	74,127
401,55	77,315
401,76	58,931
401,97	60,099
402,19	70,228
402,40	76,529
402,62	68,431
402,83	79,128
403,04	67,863
403,26	70,598
403,47	83,866
403,69	85,512
403,90	76,183
404,11	79,782
404,33	82,181
404,54	76,480
404,76	68,899
404,97	80,800
405,18	68,526
405,40	69,689
405,61	62,287
405,83	63,717
406,04	69,388
406,25	64,571
406,47	71,287
406,68	55,263
406,89	63,034
407,11	57,230
407,32	60,790
407,54	60,132
407,75	61,098
407,96	59,472
408,18	48,353
408,39	71,465
408,60	62,864
408,82	62,833
409,03	62,945
409,24	58,809
409,46	57,953
409,67	60,829
409,89	58,333
410,10	50,166
410,31	60,450
410,53	56,418
410,74	62,657
410,95	53,760
411,17	47,783
411,38	48,612
411,59	56,829
411,81	58,716
412,02	56,012
412,23	42,172
412,45	54,040
412,66	52,151
412,87	57,118
413,09	52,884
413,30	51,036
413,51	52,941
413,73	44,885
413,94	48,691
414,15	43,425
414,37	44,136
414,58	50,141
414,79	46,528
415,01	39,088
415,22	50,500
415,43	43,958
415,65	43,801
415,86	38,721
416,07	46,503
416,29	40,369
416,50	30,584
416,71	40,609
416,93	46,247
417,14	41,089
417,35	41,047
417,57	36,332
417,78	36,243
417,99	40,411
418,21	34,938
418,42	37,747
418,63	33,128
418,85	36,412
419,06	34,749
419,27	35,815
419,48	34,716
419,70	32,125
419,91	37,801
420,12	33,723
420,34	35,398
420,55	33,050
420,76	31,009
420,98	25,579
421,19	30,779
421,40	32,065
421,61	28,909
421,83	33,832
422,04	29,958
422,25	28,508
422,47	27,661
422,68	27,700
422,89	27,375
423,11	29,246
423,32	24,927
423,53	27,839
423,74	27,001
423,96	27,208
424,17	28,466
424,38	31,313
424,59	27,747
424,81	27,325
425,02	25,739
425,23	24,860
425,45	25,156
425,66	26,919
425,87	25,228
426,08	28,000
426,30	25,855
426,51	23,519
426,72	25,920
426,93	28,009
427,15	22,210
427,36	22,818
427,57	26,071
427,79	23,584
428,00	25,147
428,21	-3,317
428,42	22,297
428,64	26,050
428,85	22,244
429,06	21,009
429,27	23,881
429,49	20,940
429,70	23,060
429,91	24,559
430,12	23,361
430,34	21,127
430,55	22,690
430,76	21,967
430,97	19,572
431,19	22,992
431,40	22,359
431,61	25,055
431,82	25,220
432,03	20,560
432,25	22,834
432,46	20,927
432,67	22,991
432,88	24,765
433,10	22,583
433,31	21,068
433,52	22,782
433,73	23,235
433,95	22,284
434,16	22,857
434,37	22,843
434,58	23,567
434,79	22,272
435,01	22,530
435,22	21,920
435,43	23,076
435,64	22,353
435,86	24,002
436,07	19,361
436,28	22,113
436,49	21,274
436,70	23,292
436,92	22,546
437,13	21,990
437,34	20,997
437,55	21,025
437,76	21,100
437,98	18,977
438,19	21,153
438,40	21,254
438,61	20,166
438,82	22,074
439,04	20,538
439,25	22,139
439,46	20,788
439,67	21,641
439,88	20,699
440,10	19,928
440,31	23,589
440,52	20,408
440,73	19,744
440,94	23,085
441,16	23,876
441,37	22,196
441,58	21,352
441,79	21,325
442,00	21,097
442,21	22,622
442,43	21,464
442,64	20,118
442,85	20,128
443,06	20,080
443,27	21,027
443,48	21,654
443,70	20,077
443,91	20,890
444,12	20,113
444,33	21,328
444,54	22,156
444,75	20,666
444,97	21,682
445,18	23,101
445,39	19,747
445,60	21,241
445,81	20,005
446,02	22,249
446,24	20,983
446,45	22,140
446,66	22,415
446,87	19,839
447,08	20,696
447,29	22,073
447,51	20,641
447,72	20,125
447,93	20,804
448,14	20,859
448,35	21,816
448,56	22,511
448,77	20,097
448,99	21,422
449,20	19,480
449,41	20,367
449,62	21,843
449,83	21,508
450,04	21,029
450,25	19,864
450,46	18,343
450,68	21,378
450,89	20,879
451,10	20,861
451,31	21,328
451,52	20,588
451,73	20,589
451,94	21,881
452,15	21,397
452,37	20,930
452,58	20,708
452,79	21,892
453,00	20,525
453,21	22,248
453,42	22,449
453,63	21,055
453,84	21,719
454,06	20,440
454,27	22,075
454,48	21,589
454,69	21,981
454,90	21,094
455,11	22,067
455,32	21,220
455,53	21,279
455,74	20,862
455,95	20,982
456,17	22,062
456,38	21,707
456,59	21,238
456,80	21,283
457,01	21,960
457,22	21,218
457,43	21,311
457,64	20,981
457,85	20,834
458,06	22,008
458,27	21,036
458,49	20,855
458,70	20,917
458,91	20,897
459,12	21,885
459,33	21,324
459,54	22,874
459,75	21,308
459,96	20,792
460,17	21,635
460,38	21,164
460,59	21,667
460,80	21,055
461,01	21,545
461,23	22,908
461,44	22,143
461,65	21,424
461,86	21,866
462,07	20,601
462,28	22,259
462,49	22,672
462,70	21,956
462,91	21,574
463,12	21,822
463,33	22,270
463,54	22,048
463,75	21,955
463,96	22,256
464,17	22,075
464,38	21,194
464,59	21,868
464,81	22,373
465,02	20,978
465,23	21,971
465,44	21,991
465,65	21,258
465,86	21,929
466,07	21,895
466,28	22,206
466,49	21,886
466,70	22,111
466,91	21,641
467,12	21,612
467,33	21,552
467,54	21,264
467,75	21,399
467,96	22,514
468,17	22,815
468,38	20,958
468,59	22,566
468,80	21,883
469,01	20,677
469,22	21,790
469,43	22,158
469,64	21,825
469,85	21,128
470,06	21,746
470,27	21,355
470,48	22,293
470,69	21,619
470,90	22,366
471,11	21,588
471,32	21,879
471,53	22,998
471,74	22,245
471,95	20,913
472,16	21,888
472,37	22,510
472,58	21,985
472,79	22,108
473,00	22,577
473,21	22,476
473,42	21,368
473,63	22,051
473,84	22,308
474,05	22,059
474,26	22,679
474,47	21,959
474,68	22,013
474,89	20,779
475,10	22,406
475,31	21,442
475,52	22,954
475,73	21,853
475,94	22,211
476,15	21,451
476,36	22,677
476,57	22,283
476,78	22,620
476,99	21,673
477,20	21,906
477,41	21,497
477,62	21,791
477,83	21,671
478,04	22,122
478,25	22,837
478,46	22,552
478,67	22,163
478,88	22,113
479,09	21,809
479,30	22,754
479,51	21,388
479,72	21,595
479,93	22,341
480,14	22,068
480,35	22,240
480,56	21,831
480,77	22,216
480,98	22,668
481,18	23,066
481,39	22,709
481,60	22,227
481,81	21,928
482,02	22,266
482,23	21,789
482,44	22,631
482,65	22,273
482,86	22,504
483,07	21,923
483,28	22,018
483,49	22,217
483,70	22,434
483,91	22,827
484,12	22,582
484,33	22,394
484,53	21,538
484,74	21,677
484,95	21,653
485,16	22,218
485,37	22,053
485,58	22,499
485,79	21,647
486,00	22,750
486,21	22,460
486,42	22,593
486,63	22,860
486,84	22,068
487,05	22,150
487,25	22,243
487,46	22,330
487,67	22,415
487,88	22,110
488,09	22,446
488,30	22,600
488,51	15,315
488,72	22,513
488,93	22,291
489,14	22,039
489,35	21,952
489,55	22,413
489,76	21,582
489,97	22,532
490,18	22,385
490,39	21,735
490,60	22,281
490,81	22,431
491,02	21,619
491,23	22,311
491,43	22,484
491,64	22,011
491,85	22,247
492,06	21,964
492,27	22,395
492,48	22,494
492,69	22,454
492,90	22,250
493,11	22,607
493,31	22,570
493,52	22,001
493,73	22,287
493,94	22,278
494,15	22,185
494,36	22,613
494,57	22,422
494,78	21,677
494,98	22,441
495,19	22,186
495,40	22,355
495,61	22,843
495,82	22,126
496,03	22,362
496,24	22,796
496,44	22,062
496,65	22,271
496,86	22,388
497,07	22,071
497,28	22,388
497,49	22,629
497,70	22,139
497,90	22,411
498,11	22,258
498,32	21,981
498,53	22,753
498,74	22,619
498,95	22,861
499,15	22,545
499,36	23,040
499,57	22,642
499,78	22,429
499,99	22,948
500,20	22,396
500,40	22,341
500,61	22,543
500,82	22,966
501,03	22,449
501,24	22,012
501,45	22,146
501,65	22,245
501,86	22,165
502,07	22,708
502,28	22,371
502,49	22,725
502,70	22,051
502,90	22,412
503,11	22,295
503,32	22,931
503,53	22,629
503,74	22,766
503,94	22,255
504,15	22,806
504,36	22,733
504,57	22,668
504,78	22,927
504,98	22,568
505,19	23,237
505,40	22,922
505,61	22,981
505,82	22,952
506,02	22,470
506,23	22,843
506,44	23,138
506,65	22,968
506,86	22,864
507,06	22,738
507,27	23,068
507,48	23,175
507,69	23,133
507,90	22,808
508,10	22,799
508,31	23,160
508,52	22,848
508,73	23,129
508,94	22,803
509,14	22,593
509,35	23,580
509,56	23,315
509,77	23,419
509,97	23,101
510,18	23,326
510,39	23,169
510,60	22,717
510,80	23,063
511,01	23,170
511,22	23,561
511,43	23,469
511,64	23,469
511,84	23,240
512,05	23,632
512,26	23,460
512,47	24,080
512,67	23,485
512,88	23,629
513,09	23,779
513,30	23,642
513,50	23,862
513,71	23,994
513,92	23,839
514,13	23,873
514,33	23,305
514,54	23,946
514,75	23,696
514,96	23,820
515,16	24,203
515,37	24,540
515,58	24,300
515,78	24,122
515,99	24,352
516,20	24,146
516,41	24,525
516,61	24,212
516,82	24,522
517,03	24,379
517,24	24,574
517,44	24,791
517,65	24,457
517,86	24,636
518,07	24,970
518,27	24,573
518,48	25,024
518,69	25,040
518,89	25,474
519,10	24,751
519,31	25,033
519,52	25,253
519,72	25,435
519,93	25,674
520,14	25,724
520,34	25,485
520,55	25,733
520,76	25,488
520,96	25,561
521,17	26,084
521,38	26,191
521,59	25,978
521,79	25,871
522,00	25,708
522,21	26,377
522,41	26,452
522,62	26,335
522,83	26,635
523,03	26,529
523,24	27,250
523,45	26,911
523,66	27,146
523,86	26,734
524,07	26,645
524,28	26,805
524,48	27,129
524,69	27,225
524,90	27,194
525,10	27,406
525,31	27,648
525,52	28,128
525,72	28,003
525,93	27,850
526,14	27,410
526,34	27,626
526,55	28,132
526,76	27,755
526,96	28,109
527,17	28,425
527,38	28,657
527,58	28,489
527,79	28,875
528,00	28,684
528,20	28,813
528,41	28,523
528,62	28,896
528,82	28,942
529,03	28,997
529,24	29,249
529,44	29,149
529,65	29,048
529,85	29,514
530,06	29,625
530,27	29,822
530,47	29,679
530,68	29,381
530,89	29,996
531,09	29,454
531,30	29,924
531,51	30,053
531,71	30,332
531,92	30,112
532,13	30,089
532,33	30,714
532,54	30,461
532,74	30,834
532,95	30,658
533,16	30,370
533,36	30,526
533,57	30,499
533,78	30,854
533,98	31,263
534,19	30,700
534,39	30,567
534,60	30,975
534,81	30,735
535,01	31,100
535,22	30,981
535,42	31,036
535,63	31,323
535,84	31,228
536,04	30,947
536,25	31,219
536,45	31,403
536,66	31,261
536,87	31,543
537,07	31,317
537,28	30,976
537,48	31,668
537,69	31,348
537,90	31,913
538,10	31,589
538,31	31,547
538,51	31,544
538,72	31,486
538,93	31,796
539,13	31,846
539,34	31,987
539,54	31,967
539,75	31,910
539,96	31,713
540,16	32,155
540,37	32,186
540,57	31,982
540,78	31,868
540,98	31,921
541,19	31,964
541,40	31,740
541,60	31,950
541,81	32,120
542,01	32,222
542,22	32,299
542,42	32,063
542,63	32,155
542,83	32,153
543,04	32,399
543,25	31,999
543,45	32,259
543,66	32,436
543,86	32,218
544,07	32,369
544,27	32,113
544,48	32,343
544,68	32,472
544,89	32,344
545,10	32,514
545,30	32,222
545,51	32,494
545,71	32,076
545,92	32,209
546,12	32,585
546,33	32,556
546,53	32,839
546,74	32,369
546,94	32,203
547,15	32,278
547,36	32,210
547,56	32,870
547,77	32,660
547,97	32,057
548,18	32,483
548,38	32,692
548,59	32,517
548,79	32,364
549,00	32,754
549,20	32,747
549,41	32,467
549,61	32,332
549,82	32,493
550,02	32,608
550,23	32,436
550,43	32,318
550,64	32,604
550,84	32,639
551,05	32,600
551,25	32,616
551,46	32,473
551,66	32,747
551,87	32,983
552,07	32,620
552,28	32,627
552,48	32,946
552,69	32,837
552,89	32,611
553,10	32,880
553,30	32,743
553,51	32,781
553,71	32,949
553,92	32,739
554,12	32,413
554,33	32,884
554,53	32,622
554,74	32,597
554,94	32,846
555,15	32,769
555,35	32,595
555,56	32,850
555,76	32,907
555,97	32,937
556,17	33,063
556,38	32,518
556,58	32,674
556,78	32,850
556,99	32,774
557,19	32,954
557,40	32,632
557,60	33,157
557,81	32,906
558,01	32,864
558,22	33,034
558,42	33,179
558,63	32,762
558,83	32,347
559,04	32,712
559,24	33,044
559,44	32,707
559,65	32,638
559,85	32,617
560,06	32,923
560,26	32,770
560,47	32,944
560,67	32,505
560,88	32,659
561,08	32,843
561,28	32,468
561,49	32,819
561,69	32,654
561,90	32,243
562,10	32,540
562,31	32,548
562,51	32,515
562,71	32,504
562,92	32,172
563,12	32,351
563,33	32,224
563,53	32,558
563,74	32,162
563,94	32,200
564,14	32,451
564,35	32,052
564,55	32,326
564,76	31,989
564,96	32,170
565,17	32,263
565,37	31,847
565,57	32,014
565,78	32,064
565,98	31,909
566,19	31,918
566,39	31,964
566,59	32,096
566,80	31,660
567,00	31,708
567,21	31,805
567,41	31,799
567,61	31,190
567,82	31,845
568,02	31,489
568,23	31,679
568,43	31,440
568,63	31,363
568,84	31,401
569,04	31,165
569,24	31,024
569,45	30,658
569,65	31,018
569,86	30,905
570,06	31,021
570,26	30,946
570,47	31,105
570,67	30,618
570,87	30,788
571,08	30,466
571,28	30,539
571,49	30,694
571,69	30,522
571,89	30,046
572,10	30,512
572,30	30,423
572,50	30,309
572,71	30,077
572,91	30,112
573,11	29,988
573,32	30,379
573,52	29,926
573,73	29,887
573,93	29,889
574,13	29,733
574,34	29,551
574,54	29,788
574,74	29,850
574,95	29,737
575,15	29,393
575,35	29,543
575,56	29,482
575,76	29,397
575,96	29,379
576,17	29,118
576,37	29,314
576,57	29,262
576,78	28,860
576,98	29,041
577,18	29,051
577,39	28,846
577,59	28,996
577,79	28,596
578,00	28,787
578,20	28,492
578,40	28,515
578,61	28,721
578,81	28,529
579,01	28,496
579,22	28,370
579,42	28,329
579,62	28,373
579,82	28,311
580,03	28,108
580,23	28,381
580,43	28,479
580,64	28,200
580,84	28,134
581,04	28,080
581,25	28,142
581,45	27,999
581,65	27,877
581,86	27,865
582,06	27,505
582,26	28,059
582,46	27,609
582,67	27,981
582,87	27,379
583,07	27,651
583,28	27,706
583,48	27,525
583,68	27,618
583,88	27,392
584,09	27,285
584,29	27,633
584,49	27,323
584,70	27,115
584,90	27,492
585,10	27,366
585,30	27,315
585,51	27,386
585,71	27,094
585,91	27,427
586,11	27,427
586,32	27,093
586,52	27,132
586,72	26,914
586,92	26,971
587,13	27,026
587,33	27,160
587,53	26,732
587,74	26,868
587,94	26,800
588,14	26,757
588,34	26,547
588,55	26,547
588,75	26,708
588,95	26,489
589,15	26,576
589,36	26,604
589,56	26,514
589,76	26,748
589,96	26,641
590,16	26,597
590,37	26,438
590,57	26,391
590,77	26,322
590,97	26,502
591,18	26,635
591,38	26,339
591,58	26,732
591,78	26,377
591,99	26,466
592,19	26,633
592,39	26,260
592,59	26,333
592,79	26,506
593,00	26,355
593,20	26,342
593,40	26,159
593,60	26,092
593,81	26,045
594,01	26,078
594,21	26,124
594,41	25,960
594,61	25,944
594,82	26,040
595,02	25,918
595,22	26,117
595,42	25,965
595,62	25,827
595,83	25,853
596,03	25,729
596,23	25,859
596,43	25,860
596,63	25,995
596,84	25,928
597,04	25,863
597,24	26,041
597,44	25,863
597,64	25,655
597,84	25,714
598,05	25,874
598,25	25,794
598,45	25,872
598,65	25,596
598,85	25,560
599,06	26,011
599,26	25,870
599,46	25,762
599,66	25,989
599,86	25,776
600,06	25,675
600,27	25,751
600,47	25,746
600,67	25,623
600,87	25,748
601,07	25,402
601,27	25,536
601,48	25,608
601,68	25,999
601,88	25,511
602,08	25,626
602,28	25,780
602,48	25,606
602,68	25,395
602,89	25,448
603,09	25,605
603,29	25,637
603,49	25,555
603,69	25,517
603,89	25,519
604,09	25,509
604,30	25,528
604,50	25,281
604,70	25,519
604,90	25,515
605,10	25,237
605,30	25,314
605,50	25,488
605,71	25,450
605,91	25,338
606,11	25,305
606,31	25,492
606,51	25,570
606,71	25,370
606,91	25,307
607,11	25,178
607,32	25,329
607,52	25,275
607,72	25,369
607,92	25,396
608,12	25,455
608,32	25,376
608,52	25,247
608,72	25,225
608,92	25,114
609,12	25,027
609,33	25,140
609,53	25,075
609,73	25,155
609,93	25,045
610,13	25,271
610,33	25,139
610,53	25,060
610,73	25,125
610,93	25,206
611,13	24,980
611,34	25,151
611,54	25,129
611,74	25,236
611,94	24,984
612,14	24,863
612,34	25,129
612,54	24,861
612,74	24,905
612,94	25,201
613,14	24,913
613,34	24,966
613,54	24,863
613,74	25,012
613,95	25,028
614,15	24,921
614,35	25,113
614,55	24,876
614,75	24,993
614,95	24,422
615,15	24,968
615,35	24,742
615,55	24,750
615,75	24,677
615,95	24,867
616,15	24,886
616,35	24,750
616,55	24,807
616,75	24,583
616,95	24,630
617,15	24,552
617,35	24,478
617,56	24,710
617,76	24,427
617,96	24,472
618,16	24,935
618,36	24,694
618,56	24,621
618,76	24,391
618,96	24,282
619,16	24,523
619,36	24,509
619,56	24,438
619,76	24,228
619,96	24,285
620,16	24,397
620,36	24,591
620,56	24,111
620,76	24,213
620,96	24,192
621,16	24,423
621,36	24,292
621,56	24,465
621,76	24,263
621,96	24,293
622,16	24,215
622,36	24,185
622,56	24,245
622,76	24,183
622,96	24,320
623,16	24,286
623,36	24,236
623,56	24,114
623,76	24,396
623,96	24,450
624,16	24,319
624,36	24,200
624,56	24,145
624,76	24,179
624,96	24,189
625,16	24,053
625,36	24,193
625,56	24,282
625,76	24,117
625,96	24,165
626,16	24,482
626,36	23,907
626,56	24,078
626,76	24,496
626,96	23,995
627,16	23,961
627,36	23,955
627,56	24,038
627,76	23,899
627,96	24,097
628,16	24,077
628,36	24,002
628,56	23,972
628,75	24,047
628,95	23,852
629,15	24,251
629,35	23,939
629,55	23,997
629,75	24,069
629,95	24,097
630,15	24,063
630,35	23,804
630,55	23,975
630,75	24,030
630,95	24,020
631,15	23,950
631,35	23,818
631,55	24,045
631,75	23,967
631,95	23,953
632,15	23,770
632,34	23,786
632,54	23,956
632,74	23,864
632,94	24,071
633,14	23,879
633,34	23,945
633,54	23,989
633,74	23,859
633,94	23,900
634,14	23,716
634,34	23,801
634,54	23,939
634,74	23,839
634,93	23,668
635,13	23,901
635,33	23,788
635,53	23,726
635,73	23,811
635,93	23,877
636,13	23,772
636,33	23,706
636,53	23,644
636,73	23,648
636,93	23,641
637,12	23,654
637,32	23,430
637,52	23,760
637,72	23,391
637,92	23,804
638,12	23,701
638,32	23,708
638,52	23,689
638,72	23,702
638,91	23,771
639,11	23,416
639,31	23,426
639,51	23,625
639,71	23,444
639,91	23,242
640,11	23,675
640,31	23,517
640,50	23,408
640,70	23,244
640,90	23,278
641,10	23,589
641,30	23,510
641,50	23,376
641,70	23,238
641,89	23,378
642,09	23,253
642,29	23,035
642,49	23,217
642,69	23,171
642,89	23,030
643,09	23,257
643,28	23,333
643,48	23,063
643,68	23,303
643,88	23,174
644,08	23,296
644,28	23,326
644,48	23,196
644,67	23,132
644,87	22,974
645,07	22,899
645,27	23,086
645,47	22,939
645,67	22,968
645,86	22,988
646,06	22,970
646,26	22,837
646,46	22,964
646,66	22,802
646,85	22,936
647,05	22,974
647,25	22,657
647,45	22,745
647,65	22,761
647,85	22,581
648,04	22,670
648,24	22,925
648,44	22,659
648,64	22,721
648,84	22,704
649,03	22,615
649,23	22,529
649,43	22,582
649,63	22,924
649,83	22,859
650,02	22,516
650,22	22,636
650,42	22,792
650,62	22,560
650,82	22,778
651,01	22,631
651,21	22,597
651,41	22,510
651,61	22,209
651,81	22,553
652,00	22,468
652,20	22,444
652,40	22,546
652,60	22,626
652,79	22,500
652,99	22,303
653,19	22,230
653,39	22,613
653,59	22,453
653,78	22,580
653,98	22,231
654,18	22,482
654,38	22,394
654,57	22,517
654,77	22,394
654,97	22,289
655,17	22,181
655,36	22,248
655,56	22,348
655,76	22,225
655,96	22,444
656,15	22,390
656,35	22,419
656,55	22,288
656,75	22,260
656,94	22,380
657,14	22,261
657,34	22,374
657,54	22,388
657,73	22,568
657,93	22,316
658,13	22,532
658,33	22,058
658,52	22,287
658,72	22,560
658,92	22,299
659,11	22,327
659,31	22,091
659,51	22,277
659,71	22,298
659,90	22,417
660,10	22,091
660,30	22,256
660,50	22,087
660,69	22,130
660,89	22,368
661,09	22,189
661,28	22,221
661,48	22,192
661,68	22,147
661,87	22,128
662,07	22,399
662,27	22,253
662,47	22,356
662,66	22,136
662,86	22,334
663,06	22,147
663,25	22,103
663,45	22,383
663,65	22,340
663,84	22,094
664,04	22,223
664,24	22,183
664,44	22,179
664,63	22,210
664,83	22,327
665,03	22,189
665,22	22,194
665,42	21,959
665,62	22,114
665,81	22,212
666,01	22,393
666,21	22,160
666,40	22,212
666,60	22,232
666,80	22,251
666,99	22,236
667,19	22,263
667,39	22,035
667,58	22,097
667,78	22,253
667,98	22,004
668,17	22,084
668,37	22,146
668,57	22,264
668,76	21,944
668,96	22,004
669,16	22,345
669,35	21,975
669,55	22,050
669,74	22,314
669,94	22,259
670,14	22,234
670,33	22,209
670,53	22,122
670,73	22,169
670,92	22,324
671,12	22,160
671,32	22,127
671,51	22,146
671,71	22,043
671,90	22,256
672,10	22,278
672,30	22,269
672,49	22,061
672,69	22,328
672,89	22,071
673,08	22,478
673,28	22,285
673,47	22,262
673,67	22,301
673,87	22,250
674,06	22,257
674,26	22,538
674,45	22,265
674,65	22,382
674,85	22,157
675,04	22,192
675,24	22,375
675,43	22,235
675,63	22,282
675,83	22,373
676,02	22,136
676,22	22,382
676,41	22,314
676,61	22,259
676,81	22,328
677,00	22,239
677,20	22,342
677,39	22,506
677,59	22,330
677,79	22,479
677,98	22,490
678,18	22,557
678,37	22,467
678,57	22,299
678,76	22,592
678,96	22,627
679,16	22,565
679,35	22,498
679,55	22,559
679,74	22,574
679,94	22,507
680,13	22,641
680,33	22,545
680,53	22,478
680,72	22,580
680,92	22,756
681,11	22,543
681,31	22,533
681,50	22,757
681,70	22,514
681,89	22,613
682,09	22,589
682,28	22,602
682,48	22,580
682,68	22,780
682,87	22,683
683,07	22,810
683,26	22,866
683,46	22,486
683,65	22,487
683,85	22,710
684,04	22,793
684,24	22,713
684,43	22,947
684,63	22,808
684,82	23,101
685,02	22,748
685,21	22,655
685,41	22,935
685,60	22,882
685,80	23,115
686,00	22,987
686,19	23,043
686,39	22,969
686,58	23,116
686,78	22,757
686,97	23,008
687,17	22,799
687,36	23,096
687,56	22,872
687,75	22,892
687,95	23,025
688,14	23,118
688,34	23,223
688,53	22,971
688,73	23,355
688,92	23,095
689,12	22,967
689,31	23,080
689,51	23,168
689,70	23,120
689,89	23,171
690,09	23,254
690,28	23,251
690,48	23,252
690,67	23,125
690,87	23,288
691,06	23,209
691,26	23,464
691,45	23,536
691,65	23,313
691,84	23,327
692,04	23,488
692,23	23,546
692,43	23,509
692,62	23,622
692,82	23,800
693,01	23,972
693,20	23,927
693,40	23,788
693,59	24,016
693,79	23,986
693,98	23,985
694,18	23,954
694,37	24,459
694,57	24,345
694,76	24,439
694,95	24,538
695,15	24,495
695,34	24,779
695,54	24,837
695,73	24,842
695,93	25,097
696,12	25,195
696,32	25,598
696,51	25,382
696,70	25,785
696,90	25,863
697,09	25,884
697,29	26,047
697,48	26,160
697,67	26,467
697,87	26,770
698,06	26,923
698,26	27,162
698,45	27,464
698,65	27,218
698,84	27,505
699,03	27,849
699,23	28,189
699,42	28,407
699,62	28,715
699,81	28,739
700,00	28,941
700,20	28,962
700,39	29,493
700,59	29,937
700,78	29,961
700,97	30,120
701,17	30,253
701,36	31,000
701,56	30,777
701,75	31,148
701,94	31,349
702,14	31,488
702,33	31,739
702,52	32,605
702,72	32,827
702,91	32,847
703,11	33,131
703,30	33,079
703,49	33,306
703,69	33,674
703,88	34,150
704,07	34,505
704,27	34,747
704,46	34,942
704,66	35,167
704,85	35,630
705,04	36,120
705,24	35,867
705,43	36,479
705,62	36,486
705,82	37,000
706,01	37,336
706,20	37,539
706,40	37,664
706,59	38,136
706,78	38,451
706,98	38,750
707,17	39,192
707,36	39,281
707,56	39,908
707,75	39,605
707,94	39,926
708,14	40,371
708,33	40,756
708,52	40,751
708,72	41,073
708,91	41,669
709,10	41,434
709,30	41,875
709,49	42,283
709,68	42,662
709,88	42,683
710,07	43,079
710,26	43,102
710,46	43,491
710,65	43,785
710,84	44,381
711,04	44,472
711,23	44,840
711,42	45,075
711,61	45,216
711,81	45,288
712,00	45,691
712,19	46,156
712,39	46,102
712,58	46,444
712,77	47,097
712,97	47,060
713,16	47,678
713,35	47,368
713,54	47,900
713,74	48,268
713,93	48,388
714,12	48,504
714,32	49,095
714,51	49,301
714,70	49,494
714,89	49,825
715,09	50,321
715,28	50,167
715,47	50,541
715,66	50,339
715,86	51,524
716,05	51,117
716,24	51,713
716,44	51,503
716,63	52,201
716,82	52,621
717,01	52,852
717,21	52,975
717,40	52,960
717,59	53,471
717,78	53,561
717,98	53,590
718,17	54,168
718,36	54,376
718,55	54,493
718,75	55,177
718,94	55,191
719,13	55,676
719,32	55,185
719,52	55,804
719,71	56,207
719,90	56,420
720,09	56,687
720,28	57,055
720,48	57,225
720,67	57,083
720,86	57,936
721,05	57,660
721,25	57,877
721,44	58,353
721,63	58,209
721,82	58,501
722,01	59,153
722,21	58,967
722,40	59,481
722,59	59,793
722,78	60,158
722,98	60,641
723,17	60,191
723,36	60,846
723,55	60,909
723,74	61,549
723,94	61,104
724,13	61,409
724,32	61,704
724,51	62,258
724,70	62,597
724,89	62,629
725,09	63,296
725,28	62,954
725,47	63,263
725,66	63,756
725,85	63,653
726,05	64,198
726,24	64,327
726,43	64,277
726,62	64,582
726,81	64,991
727,00	65,012
727,20	65,212
727,39	65,815
727,58	66,170
727,77	65,793
727,96	65,856
728,15	66,379
728,35	66,215
728,54	66,911
728,73	66,948
728,92	67,544
729,11	67,195
729,30	67,810
729,50	67,542
729,69	67,140
729,88	67,977
730,07	68,402
730,26	68,573
730,45	68,539
730,64	69,291
730,84	69,094
731,03	69,208
731,22	69,874
731,41	69,593
731,60	69,897
731,79	69,469
731,98	70,052
732,18	70,769
732,37	70,994
732,56	70,954
732,75	71,162
732,94	71,162
733,13	71,471
733,32	71,313
733,51	71,848
733,71	72,257
733,90	72,274
734,09	72,152
734,28	72,479
734,47	72,280
734,66	72,250
734,85	72,554
735,04	72,546
735,23	72,701
735,42	73,107
735,62	73,381
735,81	73,468
736,00	73,598
736,19	74,142
736,38	73,694
736,57	73,801
736,76	74,378
736,95	74,081
737,14	74,102
737,33	74,195
737,52	74,808
737,72	74,750
737,91	74,568
738,10	75,064
738,29	75,129
738,48	75,377
738,67	75,068
738,86	75,870
739,05	75,996
739,24	75,491
739,43	76,166
739,62	76,039
739,81	76,212
740,00	76,807
740,19	76,214
740,39	76,023
740,58	76,661
740,77	76,961
740,96	77,036
741,15	76,990
741,34	76,780
741,53	77,257
741,72	77,164
741,91	77,500
742,10	77,147
742,29	77,572
742,48	77,818
742,67	77,229
742,86	77,774
743,05	78,156
743,24	78,082
743,43	78,368
743,62	78,051
743,81	78,221
744,00	78,080
744,19	78,292
744,38	78,635
744,57	78,359
744,76	78,888
744,95	78,710
745,14	79,327
745,33	79,147
745,52	79,189
745,71	79,224
745,90	79,161
746,09	79,260
746,28	79,320
746,47	79,716
746,66	79,173
746,85	79,697
747,04	79,283
747,23	79,301
747,42	79,726
747,61	80,030
747,80	80,042
747,99	79,429
748,18	80,232
748,37	79,803
748,56	80,046
748,75	80,311
748,94	80,030
749,13	79,977
749,32	80,401
749,51	80,632
749,70	80,386
749,89	80,449
750,08	80,708
750,27	80,208
750,46	80,190
750,65	80,668
750,84	80,994
751,03	81,379
751,22	80,759
751,41	80,947
751,60	80,582
751,79	81,283
751,98	80,976
752,17	80,709
752,36	81,565
752,55	80,976
752,74	81,181
752,93	81,487
753,12	81,047
753,30	81,171
753,49	81,125
753,68	81,014
753,87	81,303
754,06	80,992
754,25	81,509
754,44	81,287
754,63	81,173
754,82	81,399
755,01	80,956
755,20	81,071
755,39	81,690
755,58	81,406
755,77	81,361
755,96	80,879
756,14	81,691
756,33	81,286
756,52	82,050
756,71	81,211
756,90	80,996
757,09	81,332
757,28	81,423
757,47	81,365
757,66	81,443
757,85	81,735
758,04	81,576
758,22	81,494
758,41	81,985
758,60	81,942
758,79	81,744
758,98	81,780
759,17	81,656
759,36	82,043
759,55	81,977
759,74	81,438
759,92	81,958
760,11	82,176
760,30	81,485
760,49	81,555
760,68	81,783
760,87	82,111
761,06	81,455
761,25	82,048
761,43	82,392
761,62	81,739
761,81	82,477
762,00	82,076
762,19	81,643
762,38	81,524
762,57	82,086
762,76	82,037
762,94	81,801
763,13	82,522
763,32	82,348
763,51	82,057
763,70	82,072
763,89	82,357
764,07	81,987
764,26	82,357
764,45	81,845
764,64	81,785
764,83	82,068
765,02	81,866
765,21	82,118
765,39	81,237
765,58	81,790
765,77	82,560
765,96	82,413
766,15	81,869
766,34	82,061
766,52	82,597
766,71	82,292
766,90	81,955
767,09	81,950
767,28	82,109
767,46	82,806
767,65	82,038
767,84	82,038
768,03	82,489
768,22	81,439
768,40	82,160
768,59	81,983
768,78	81,813
768,97	81,861
769,16	81,710
769,34	81,765
769,53	81,507
769,72	81,911
769,91	82,224
770,10	81,894
770,28	82,656
770,47	82,289
770,66	81,692
770,85	81,911
771,04	82,579
771,22	82,364
771,41	83,004
771,60	82,272
771,79	81,780
771,98	81,492
772,16	81,616
772,35	82,436
772,54	81,979
772,73	82,190
772,91	82,421
773,10	82,229
773,29	82,086
773,48	81,810
773,66	81,569
773,85	81,697
774,04	82,179
774,23	82,270
774,41	82,488
774,60	82,164
774,79	82,605
774,98	82,087
775,16	83,111
775,35	82,486
775,54	81,973
775,73	82,125
775,91	81,917
776,10	81,678
776,29	81,352
776,48	82,063
776,66	82,294
776,85	81,918
777,04	81,884
777,23	82,121
777,41	82,356
777,60	82,877
777,79	81,866
777,97	82,338
778,16	82,144
778,35	82,483
778,54	82,517
778,72	82,076
778,91	82,090
779,10	82,002
779,28	81,672
779,47	81,968
779,66	81,956
779,85	82,681
780,03	82,002
780,22	81,670
780,41	82,092
780,59	81,774
780,78	81,848
780,97	81,846
781,15	82,423
781,34	81,893
781,53	82,073
781,71	81,873
781,90	82,307
782,09	81,691
782,27	81,846
782,46	81,818
782,65	82,199
782,84	82,153
783,02	81,682
783,21	81,831
783,40	81,645
783,58	82,519
783,77	82,179
783,96	82,548
784,14	82,178
784,33	81,531
784,52	82,257
784,70	81,572
784,89	81,860
785,07	81,723
785,26	81,832
785,45	81,821
785,63	82,343
785,82	82,275
786,01	82,154
786,19	81,726
786,38	82,213
786,57	81,644
786,75	81,913
786,94	81,590
787,13	82,125
787,31	82,387
787,50	81,862
787,68	81,182
787,87	81,410
788,06	81,731
788,24	81,983
788,43	82,170
788,62	81,804
788,80	81,997
788,99	82,095
789,17	81,710
789,36	82,060
789,55	81,569
789,73	81,811
789,92	81,818
790,10	82,152
790,29	82,510
790,48	81,924
790,66	82,111
790,85	81,927
791,03	82,361
791,22	81,375
791,41	82,056
791,59	81,768
791,78	81,652
791,96	81,578
792,15	82,268
792,34	82,178
792,52	81,537
792,71	81,442
792,89	81,557
793,08	81,865
793,27	82,226
793,45	81,751
793,64	81,754
793,82	81,779
794,01	82,611
794,19	81,755
794,38	81,996
794,57	82,075
794,75	81,566
794,94	81,862
795,12	81,924
795,31	81,519
795,49	81,323
795,68	81,759
795,86	82,193
796,05	82,468
796,24	81,271
796,42	82,299
796,61	81,941
796,79	81,889
796,98	81,854
797,16	81,424
797,35	81,710
797,53	82,020
797,72	81,939
797,90	81,483
798,09	81,830
798,27	82,142
798,46	81,700
798,65	81,627
798,83	81,709
799,02	81,761
799,20	82,071
799,39	81,900
799,57	81,426
799,76	82,000
799,94	81,914
800,13	81,575
800,31	81,620
800,50	81,629
800,68	81,761
800,87	81,929
801,05	81,705
801,24	81,952
801,42	81,495
801,61	81,701
801,79	81,695
801,98	81,848
802,16	81,972
802,35	81,406
802,53	81,704
802,72	81,625
802,90	82,113
803,09	82,222
803,27	81,723
803,46	82,073
803,64	81,546
803,83	82,268
804,01	82,075
804,20	82,135
804,38	81,577
804,56	82,161
804,75	82,062
804,93	81,918
805,12	82,119
805,30	81,881
805,49	81,719
805,67	81,419
805,86	81,735
806,04	81,783
806,23	82,459
806,41	81,598
806,59	82,073
806,78	81,696
806,96	81,385
807,15	81,671
807,33	82,125
807,52	81,784
807,70	81,832
807,89	81,611
808,07	81,481
808,25	81,857
808,44	81,811
808,62	82,514
808,81	81,569
808,99	81,756
809,18	82,078
809,36	81,307
809,54	81,459
809,73	81,670
809,91	81,978
810,10	82,122
810,28	81,748
810,47	82,304
810,65	81,897
810,83	81,474
811,02	82,333
811,20	82,178
811,39	81,723
811,57	81,917
811,75	82,025
811,94	81,618
812,12	81,653
812,31	81,613
812,49	81,677
812,67	82,434
812,86	81,728
813,04	81,591
813,23	82,083
813,41	82,252
813,59	80,988
813,78	81,556
813,96	81,831
814,14	81,958
814,33	81,602
814,51	81,377
814,70	81,443
814,88	81,608
815,06	82,235
815,25	81,613
815,43	82,112
815,61	81,998
815,80	81,684
815,98	81,685
816,16	81,544
816,35	81,995
816,53	82,000
816,72	82,044
816,90	81,892
817,08	81,782
817,27	81,566
817,45	81,283
817,63	82,550
817,82	81,684
818,00	82,014
818,18	81,628
818,37	81,152
818,55	82,089
818,73	81,750
818,92	82,204
819,10	81,933
819,28	82,134
819,47	81,628
819,65	81,766
819,83	82,083
820,02	82,198
820,20	81,913
820,38	81,801
820,57	81,832
820,75	81,768
820,93	81,643
821,11	82,883
821,30	82,482
821,48	81,754
821,66	81,660
821,85	81,817
822,03	81,871
822,21	81,732
822,40	82,300
822,58	81,801
822,76	81,593
822,94	81,733
823,13	81,629
823,31	80,976
823,49	81,492
823,68	81,781
823,86	81,655
824,04	81,620
824,22	81,642
824,41	81,454
824,59	81,967
824,77	82,038
824,96	81,955
825,14	81,977
825,32	81,665
825,50	81,519
825,69	81,592
825,87	81,183
826,05	81,852
826,23	81,734
826,42	81,249
826,60	82,094
826,78	81,886
826,96	81,260
827,15	81,899
827,33	81,766
827,51	81,942
827,69	81,724
827,88	81,822
828,06	81,641
828,24	82,006
828,42	81,759
828,61	82,232
828,79	81,097
828,97	81,606
829,15	82,003
829,34	81,848
829,52	81,923
829,70	81,747
829,88	82,060
830,06	81,872
830,25	80,869
830,43	81,519
830,61	81,574
830,79	81,480
830,97	81,675
831,16	81,205
831,34	81,674
831,52	81,455
831,70	80,735
831,89	81,551
832,07	81,831
832,25	81,081
832,43	81,824
832,61	81,504
832,80	81,309
832,98	81,239
833,16	81,300
833,34	81,653
833,52	81,939
833,70	81,369
833,89	81,389
834,07	81,179
834,25	81,487
834,43	81,804
834,61	81,660
834,80	82,051
834,98	81,108
835,16	81,467
835,34	80,699
835,52	80,795
835,70	81,355
835,89	81,538
836,07	81,657
836,25	81,089
836,43	81,668
836,61	81,508
836,79	81,381
836,97	81,944
837,16	81,817
837,34	82,299
837,52	82,038
837,70	81,411
837,88	81,795
838,06	81,396
838,24	81,830
838,43	81,558
838,61	81,532
838,79	81,410
838,97	81,520
839,15	82,124
839,33	81,307
839,51	81,492
839,70	82,037
839,88	81,983
840,06	82,412
840,24	81,972
840,42	81,648
840,60	81,222
840,78	81,776
840,96	81,060
841,14	81,747
841,33	81,525
841,51	81,062
841,69	81,792
841,87	82,045
842,05	81,829
842,23	81,637
842,41	81,987
842,59	81,483
842,77	81,391
842,95	81,809
843,14	81,534
843,32	81,777
843,50	81,896
843,68	80,997
843,86	81,002
844,04	81,299
844,22	81,913
844,40	81,894
844,58	82,019
844,76	82,046
844,94	81,366
845,12	81,433
845,30	81,949
845,49	81,667
845,67	82,285
845,85	81,489
846,03	81,167
846,21	82,140
846,39	81,751
846,57	82,067
846,75	81,995
846,93	81,046
847,11	82,106
847,29	81,545
847,47	81,884
847,65	81,902
847,83	81,742
848,01	82,519
848,19	81,012
848,37	81,214
848,55	81,709
848,73	81,466
848,91	81,641
849,09	81,664
849,27	81,517
849,46	81,919
849,64	81,602
849,82	81,396
850,00	81,290
850,18	82,161
850,36	81,661
850,54	81,849
850,72	81,287
850,90	82,253
851,08	81,528
851,26	81,834
851,44	81,454
851,62	81,585
851,80	82,251
851,98	81,747
852,16	82,012
852,34	81,939
852,52	81,285
852,70	81,150
852,88	81,705
853,06	81,407
853,24	81,780
853,42	81,745
853,60	81,494
853,78	82,261
853,96	81,409
854,14	82,813
854,31	81,834
854,49	81,467
854,67	81,349
854,85	81,692
855,03	81,101
855,21	81,829
855,39	82,022
855,57	82,472
855,75	81,433
855,93	81,044
856,11	80,860
856,29	82,394
856,47	81,542
856,65	81,293
856,83	81,872
857,01	81,733
857,19	81,220
857,37	81,505
857,55	81,950
857,73	82,186
857,91	81,823
858,09	81,989
858,26	81,941
858,44	81,716
858,62	81,230
858,80	81,800
858,98	81,513
859,16	82,002
859,34	81,894
859,52	81,546
859,70	82,319
859,88	81,856
860,06	82,034
860,24	81,479
860,42	81,902
860,59	82,011
860,77	81,493
860,95	81,802
861,13	82,231
861,31	81,042
861,49	81,968
861,67	81,207
861,85	81,856
862,03	81,686
862,21	82,039
862,38	81,310
862,56	81,172
862,74	82,132
862,92	81,698
863,10	81,010
863,28	82,135
863,46	81,320
863,64	81,802
863,82	81,558
863,99	81,246
864,17	82,478
864,35	81,843
864,53	81,626
864,71	81,587
864,89	81,481
865,07	81,459
865,24	81,629
865,42	81,952
865,60	81,313
865,78	81,761
865,96	81,586
866,14	81,850
866,32	81,384
866,49	81,454
866,67	81,756
866,85	82,139
867,03	81,275
867,21	81,143
867,39	81,935
867,56	81,376
867,74	82,113
867,92	82,242
868,10	81,713
868,28	81,757
868,46	81,141
868,63	82,336
868,81	81,782
868,99	81,070
869,17	81,386
869,35	81,794
869,53	82,217
869,70	81,269
869,88	81,786
870,06	81,616
870,24	81,307
870,42	80,900
870,59	81,993
870,77	81,582
870,95	81,760
871,13	81,606
871,31	81,265
871,48	81,529
871,66	81,156
871,84	81,008
872,02	80,987
872,20	81,308
872,37	81,165
872,55	81,679
872,73	81,997
872,91	81,521
873,08	81,344
873,26	81,587
873,44	81,841
873,62	81,959
873,80	81,981
873,97	81,870
874,15	80,789
874,33	82,042
874,51	82,088
874,68	81,839
874,86	81,206
875,04	82,035
875,22	81,383
875,39	81,124
875,57	81,209
875,75	81,902
875,93	81,191
876,10	81,578
876,28	81,000
876,46	81,333
876,64	81,242
876,81	81,847
876,99	81,904
877,17	81,340
877,35	81,133
877,52	81,140
877,70	82,149
877,88	82,209
878,06	81,290
878,23	81,018
878,41	81,751
878,59	81,592
878,76	81,875
878,94	82,206
879,12	81,408
879,30	81,559
879,47	81,615
879,65	82,315
879,83	80,847
880,00	81,353
880,18	81,779
880,36	81,166
880,53	81,153
880,71	81,945
880,89	81,114
881,07	81,615
881,24	82,029
881,42	81,806
881,60	82,763
881,77	81,596
881,95	81,408
882,13	81,384
882,30	81,772
882,48	81,804
882,66	81,347
882,83	81,840
883,01	81,835
883,19	82,109
883,36	81,414
883,54	81,402
883,72	81,814
883,89	81,536
884,07	80,948
884,25	82,049
884,42	82,001
884,60	81,498
884,78	82,253
884,95	81,183
885,13	81,933
885,31	81,467
885,48	81,072
885,66	81,823
885,84	82,156
886,01	80,328
886,19	81,547
886,36	80,823
886,54	81,427
886,72	81,201
886,89	81,071
887,07	81,594
887,25	81,078
887,42	81,639
887,60	81,995
887,78	81,866
887,95	81,430
888,13	80,410
888,30	81,012
888,48	80,722
888,66	81,341
888,83	81,590
889,01	81,761
889,18	81,618
889,36	81,404
889,54	81,030
889,71	81,420
889,89	82,233
890,06	81,533
890,24	81,643
890,42	81,488
890,59	80,915
890,77	82,074
890,94	81,539
891,12	82,791
891,30	81,144
891,47	81,162
891,65	81,880
891,82	81,337
892,00	81,541
892,17	81,321
892,35	81,191
892,53	81,702
892,70	80,582
892,88	81,855
893,05	81,496
893,23	81,890
893,40	81,975
893,58	82,127
893,75	81,178
893,93	81,386
894,11	81,231
894,28	80,970
894,46	81,179
894,63	80,758
894,81	81,771
894,98	81,674
895,16	81,560
895,33	81,287
895,51	81,422
895,68	81,750
895,86	81,095
896,04	81,173
896,21	80,701
896,39	82,353
896,56	81,390
896,74	81,451
896,91	81,689
897,09	81,816
897,26	81,535
897,44	81,567
897,61	82,021
897,79	81,718
897,96	81,987
898,14	81,906
898,31	81,794
898,49	81,594
898,66	81,270
898,84	81,670
899,01	81,208
899,19	81,494
899,36	81,881
899,54	80,762
899,71	82,186
899,89	81,413
900,06	81,591
900,24	82,481
900,41	81,658
900,59	81,711
900,76	81,343
900,94	81,353
901,11	81,374
901,29	81,963
901,46	81,621
901,63	81,040
901,81	81,579
901,98	81,827
902,16	82,173
902,33	81,266
902,51	80,671
902,68	81,592
902,86	81,563
903,03	81,272
903,21	82,214
903,38	82,063
903,56	81,895
903,73	80,948
903,90	81,659
904,08	80,760
904,25	81,382
904,43	81,383
904,60	82,170
904,78	81,806
904,95	80,901
905,12	81,880
905,30	80,714
905,47	81,969
905,65	82,260
905,82	81,705
906,00	81,816
906,17	81,073
906,34	81,340
906,52	81,554
906,69	82,082
906,87	81,388
907,04	81,865
907,21	81,662
907,39	81,694
907,56	81,815
907,74	81,688
907,91	81,368
908,08	81,533
908,26	81,293
908,43	82,897
908,61	81,881
908,78	81,368
908,95	81,608
909,13	81,704
909,30	81,432
909,48	81,718
909,65	81,343
909,82	81,337
910,00	81,917
910,17	81,600
910,34	81,144
910,52	81,691
910,69	81,986
910,87	82,290
911,04	81,154
911,21	81,040
911,39	81,142
911,56	81,524
911,73	81,608
911,91	81,023
912,08	81,236
912,25	81,287
912,43	81,768
912,60	80,887
912,77	81,008
912,95	80,795
913,12	80,931
913,29	80,099
913,47	80,756
913,64	81,783
913,81	82,143
913,99	81,999
914,16	81,547
914,33	80,953
914,51	81,947
914,68	81,289
914,85	81,405
915,03	81,239
915,20	81,597
915,37	80,982
915,55	81,377
915,72	81,650
915,89	81,744
916,07	80,970
916,24	82,419
916,41	81,249
916,59	81,126
916,76	80,369
916,93	81,284
917,10	82,359
917,28	80,456
917,45	81,439
917,62	81,771
917,80	81,519
917,97	80,376
918,14	80,731
918,31	81,702
918,49	82,291
918,66	81,234
918,83	81,366
919,01	81,023
919,18	81,225
919,35	81,170
919,52	81,720
919,70	82,002
919,87	80,959
920,04	80,398
920,21	81,129
920,39	81,682
920,56	81,779
920,73	80,789
920,90	81,672
921,08	82,174
921,25	81,239
921,42	82,225
921,59	81,251
921,77	81,344
921,94	81,191
922,11	80,279
922,28	81,467
922,46	81,144
922,63	82,135
922,80	81,219
922,97	82,043
923,15	81,573
923,32	80,562
923,49	81,262
923,66	81,986
923,83	80,691
924,01	81,164
924,18	81,407
924,35	81,649
924,52	81,317
924,69	81,891
924,87	81,124
925,04	81,109
925,21	81,720
925,38	81,013
925,55	81,724
925,73	82,223
925,90	81,693
926,07	80,447
926,24	80,604
926,41	80,617
926,59	80,790
926,76	81,709
926,93	81,444
927,10	81,301
927,27	81,406
927,45	80,523
927,62	81,082
927,79	80,954
927,96	81,676
928,13	80,855
928,30	80,857
928,48	82,361
928,65	80,860
928,82	80,984
928,99	79,898
929,16	82,366
929,33	82,127
929,50	82,047
929,68	80,793
929,85	80,797
930,02	80,857
930,19	81,076
930,36	80,342
930,53	82,169
930,70	81,736
930,88	81,923
931,05	80,903
931,22	80,973
931,39	80,521
931,56	81,187
931,73	81,758
931,90	83,505
932,08	81,251
932,25	80,492
932,42	79,911
932,59	80,005
932,76	81,912
932,93	80,899
933,10	81,789
933,27	81,511
933,44	81,118
933,62	80,053
933,79	80,994
933,96	83,072
934,13	80,696
934,30	81,090
934,47	80,036
934,64	80,894
934,81	80,079
934,98	80,033
935,15	81,926
935,32	83,357
935,50	80,710
935,67	82,425
935,84	82,401
936,01	80,797
936,18	80,861
936,35	81,187
936,52	81,129
936,69	80,369
936,86	80,860
937,03	79,318
937,20	80,492
937,37	79,897
937,54	81,458
937,71	78,761
937,89	80,695
938,06	80,857
938,23	80,663
938,40	80,822
938,57	81,231
938,74	79,896
938,91	80,170
939,08	82,154
939,25	80,526
939,42	81,326
939,59	80,966
939,76	80,786
939,93	82,185
940,10	81,236
940,27	81,628
940,44	80,929
940,61	81,119
940,78	78,650
940,95	82,491
941,12	79,233
941,29	81,851
941,46	78,743
941,63	80,584
941,80	80,921
941,97	82,059
942,14	79,628
942,31	80,515
942,48	80,447
942,65	80,321
942,82	83,213
942,99	81,920
943,16	81,283
943,33	80,474
943,50	85,022
943,67	81,272
943,84	80,158
944,01	79,023
944,18	80,868
944,35	84,005
944,52	79,334
944,69	81,061
944,86	78,248
945,03	81,820
945,20	79,651
945,37	83,015
945,54	78,733
945,71	84,828
945,88	83,290
946,05	80,671
946,22	77,752
946,39	78,949
946,56	80,667
946,73	80,801
946,90	79,902
947,07	80,465
947,23	81,728
947,40	83,026
947,57	83,031
947,74	82,831
947,91	81,437
948,08	80,196
948,25	82,216
948,42	82,002
948,59	77,679
948,76	79,868
948,93	81,223
949,10	79,186
949,27	81,021
949,44	78,048
949,60	81,425
949,77	79,024
949,94	81,682
950,11	82,433
950,28	80,219
950,45	79,971
950,62	80,789
950,79	81,463
950,96	81,445
951,13	81,860
951,30	79,168
951,46	79,855
951,63	82,533
951,80	79,670
951,97	80,114
952,14	80,274
952,31	80,233
952,48	81,863
952,65	78,716
952,81	79,373
952,98	83,749
953,15	81,862
953,32	79,634
953,49	83,922
953,66	79,065
953,83	79,539
954,00	80,757
954,16	79,625
954,33	80,998
954,50	81,147
954,67	80,789
954,84	80,732
955,01	81,247
955,18	81,323
955,34	82,167
955,51	81,661
955,68	81,582
955,85	80,223
956,02	81,554
956,19	79,724
956,35	78,858
956,52	79,288
956,69	81,661
956,86	81,429
957,03	80,552
957,20	81,001
957,36	81,801
957,53	78,627
957,70	80,433
957,87	81,775
958,04	79,520
958,21	78,656
958,37	81,391
958,54	81,020
958,71	79,229
958,88	78,936
959,05	81,712
959,21	79,833
959,38	80,226
959,55	77,947
959,72	78,987
959,89	78,533
960,05	81,044
960,22	80,047
960,39	79,439
960,56	80,300
960,72	77,970
960,89	78,315
961,06	78,342
961,23	80,611
961,40	80,974
961,56	78,943
961,73	80,771
961,90	80,260
962,07	79,236
962,23	80,757
962,40	78,970
962,57	79,991
962,74	80,706
962,90	79,901
963,07	81,023
963,24	80,062
963,41	80,433
963,57	80,417
963,74	80,862
963,91	82,055
964,08	81,440
964,24	82,467
964,41	80,793
964,58	79,218
964,75	79,484
964,91	81,883
965,08	80,280
965,25	79,274
965,42	79,435
965,58	80,794
965,75	80,529
965,92	81,097
966,08	78,989
966,25	79,149
966,42	80,487
966,59	79,655
966,75	79,960
966,92	81,288
967,09	80,263
967,25	81,475
967,42	80,393
967,59	80,592
967,75	78,786
967,92	79,663
968,09	80,245
968,26	81,246
968,42	79,925
968,59	79,560
968,76	80,308
968,92	79,023
969,09	81,836
969,26	78,859
969,42	79,856
969,59	80,083
969,76	82,342
969,92	78,412
970,09	80,384
970,26	81,873
970,42	81,586
970,59	79,792
970,76	78,948
970,92	80,472
971,09	81,658
971,26	79,765
971,42	81,620
971,59	79,406
971,76	78,623
971,92	80,213
972,09	81,899
972,25	79,170
972,42	79,512
972,59	81,169
972,75	82,405
972,92	81,179
973,09	79,545
973,25	81,242
973,42	79,924
973,58	81,179
973,75	79,933
973,92	77,864
974,08	78,319
974,25	80,676
974,42	80,866
974,58	79,740
974,75	80,210
974,91	79,637
975,08	80,750
975,25	81,132
975,41	78,551
975,58	83,065
975,74	80,022
975,91	79,660
976,08	79,343
976,24	81,329
976,41	77,910
976,57	79,468
976,74	80,925
976,91	81,825
977,07	79,414
977,24	80,198
977,40	80,835
977,57	81,540
977,73	79,329
977,90	78,263
978,07	82,057
978,23	80,296
978,40	80,509
978,56	80,636
978,73	79,862
978,89	82,000
979,06	79,789
979,22	80,593
979,39	79,265
979,56	81,527
979,72	80,893
979,89	81,377
980,05	81,162
980,22	80,990
980,38	80,763
980,55	80,455
980,71	80,022
980,88	78,126
981,04	78,229
981,21	79,859
981,37	81,133
981,54	80,706
981,70	79,966
981,87	82,789
982,04	80,611
982,20	76,938
982,37	80,238
982,53	78,833
982,70	81,455
982,86	78,548
983,03	79,948
983,19	82,452
983,36	81,198
983,52	79,796
983,69	78,427
983,85	80,044
984,02	80,112
984,18	81,557
984,35	81,188
984,51	79,457
984,68	81,933
984,84	81,410
985,00	82,734
985,17	80,321
985,33	81,429
985,50	76,622
985,66	80,888
985,83	79,759
985,99	77,348
986,16	78,870
986,32	79,024
986,49	79,963
986,65	80,271
986,82	80,144
986,98	80,824
987,15	81,950
987,31	79,930
987,47	81,536
987,64	79,824
987,80	80,730
987,97	80,764
988,13	81,131
988,30	78,562
988,46	82,109
988,63	77,567
988,79	80,495
988,95	79,911
989,12	78,768
989,28	81,077
989,45	77,801
989,61	80,132
989,77	81,519
989,94	80,422
990,10	80,813
990,27	79,044
990,43	82,124
990,60	81,110
990,76	80,586
990,92	80,830
991,09	81,857
991,25	81,407
991,42	79,202
991,58	80,217
991,74	81,312
991,91	80,525
992,07	79,950
992,24	82,451
992,40	79,481
992,56	81,665
992,73	79,328
992,89	81,587
993,05	82,495
993,22	82,256
993,38	79,132
993,55	81,155
993,71	82,130
993,87	79,712
994,04	78,315
994,20	79,338
994,36	79,038
994,53	83,246
994,69	80,857
994,85	82,288
995,02	78,446
995,18	83,125
995,34	83,759
995,51	78,147
995,67	80,440
995,84	78,383
996,00	78,069
996,16	83,880
996,33	80,104
996,49	78,376
996,65	79,519
996,82	81,398
996,98	77,409
997,14	81,775
997,31	81,110
997,47	82,172
997,63	80,966
997,79	81,824
997,96	83,658
998,12	83,742
998,28	79,574
998,45	81,688
998,61	79,323
998,77	81,587
998,94	81,192
999,10	80,243
999,26	80,425
999,43	77,763
999,59	82,261
999,75	84,301
999,91	81,497
1000,08	80,073
1000,24	81,721
1000,40	81,462
1000,57	79,179
1000,73	82,104
1000,89	78,991
1001,05	80,663
1001,22	81,645
1001,38	83,719
1001,54	82,324
1001,70	84,541
1001,87	82,794
1002,03	83,283
1002,19	80,316
1002,35	81,873
1002,52	78,238
1002,68	80,524
1002,84	83,743
1003,00	82,478
1003,17	81,518
1003,33	82,330
1003,49	78,860
1003,65	83,226
1003,82	80,657
1003,98	80,634
1004,14	85,005
1004,30	83,982
1004,47	81,713
1004,63	83,602
1004,79	80,718
1004,95	80,229
1005,11	82,799
1005,28	82,514
1005,44	80,234
1005,60	79,179
1005,76	79,689
1005,93	81,169
1006,09	80,233
1006,25	82,634
1006,41	79,921
1006,57	78,844
1006,74	79,808
1006,90	78,322
1007,06	82,407
1007,22	81,936
1007,38	80,819
1007,55	81,114
1007,71	78,841
1007,87	82,993
1008,03	80,518
1008,19	80,740
1008,35	78,241
1008,52	80,943
1008,68	81,843
1008,84	80,447
1009,00	82,238
1009,16	78,776
1009,32	80,561
1009,49	81,620
1009,65	79,175
1009,81	84,212
1009,97	82,505
1010,13	82,669
1010,29	81,740
1010,46	82,650
1010,62	81,753
1010,78	80,204
1010,94	79,411
1011,10	83,487
1011,26	76,959
1011,42	81,403
1011,59	81,536
1011,75	76,482
1011,91	80,797
1012,07	77,837
1012,23	81,085
1012,39	82,877
1012,55	82,522
1012,71	84,095
1012,88	80,930
1013,04	84,363
1013,20	80,944
1013,36	78,944
1013,52	78,851
1013,68	77,939
1013,84	81,189
1014,00	80,288
1014,16	83,404
1014,33	88,190
1014,49	79,838
1014,65	83,153
1014,81	78,270
1014,97	82,452
1015,13	81,856
1015,29	81,650
1015,45	79,915
1015,61	81,808
1015,77	80,219
1015,93	80,000
1016,09	84,268
1016,26	82,219
1016,42	81,855
1016,58	84,568
1016,74	79,372
1016,90	80,712
1017,06	82,135
1017,22	84,834
1017,38	81,026
1017,54	77,043
1017,70	83,053
1017,86	82,454
1018,02	75,867
1018,18	81,010
1018,34	78,804
1018,50	87,282
1018,66	78,300
1018,82	77,930
1018,98	79,798
1019,14	78,571
1019,31	79,676
1019,47	77,464
1019,63	80,112
1019,79	81,416
1019,95	82,310
1020,11	76,690
1020,27	83,296
1020,43	88,076
1020,59	82,771
1020,75	79,112
1020,91	86,975
1021,07	77,448
1021,23	79,082
1021,39	88,947
1021,55	84,435
1021,71	86,310
1021,87	86,460
1022,03	80,275
1022,19	83,236
1022,35	81,534
1022,51	80,008
1022,67	85,908
1022,83	87,652
1022,99	77,943
1023,15	81,253
1023,31	72,895
1023,47	82,676
1023,63	78,248
1023,79	78,456
1023,95	86,012
1024,10	79,132
1024,26	87,437
1024,42	80,204
1024,58	81,588
1024,74	83,828
1024,90	81,398
1025,06	90,317
1025,22	87,333
1025,38	77,861
1025,54	78,447
1025,70	83,799
1025,86	84,607
1026,02	84,018
1026,18	71,549
1026,34	81,933
1026,50	78,214
1026,66	79,153
1026,82	78,238
1026,98	80,733
1027,13	85,283
1027,29	80,616
1027,45	83,909
1027,61	73,448
1027,77	86,730
1027,93	82,474
1028,09	86,386
1028,25	80,958
1028,41	86,307
1028,57	77,676
1028,73	83,212
1028,88	84,645
1029,04	87,723
1029,20	79,390
1029,36	72,703
1029,52	87,150
1029,68	78,462
1029,84	84,226
1030,00	75,720
1030,16	85,156
1030,32	84,178
1030,47	83,001
1030,63	90,023
1030,79	85,210
1030,95	84,831
1031,11	80,968
1031,27	85,775
1031,43	81,414
1031,59	85,118
1031,74	83,621
1031,90	80,363
1032,06	87,234
1032,22	78,743
1032,38	85,851
1032,54	82,531
1032,69	83,909
1032,85	71,657
1033,01	90,615
1033,17	76,480
1033,33	83,009
1033,49	84,841
1033,65	85,058
1033,80	84,478
1033,96	75,216
1034,12	82,068
1034,28	74,166
1034,44	86,976
1034,60	86,953
1034,75	82,815
1034,91	73,100
1035,07	84,492
1035,23	78,807
1035,39	78,776
1035,54	74,207
1035,70	78,901
1035,86	84,347
1036,02	75,913
1036,18	83,913
1036,33	70,393
1036,49	77,852
1036,65	75,593
1036,81	89,032
1036,97	86,590
1037,12	81,688
1037,28	78,479
1037,44	76,277
1037,60	83,944
1037,76	88,469
1037,91	85,506
1038,07	84,775
1038,23	79,719
1038,39	83,170
1038,54	83,052
1038,70	67,194
1038,86	81,168
1039,02	86,582
1039,17	84,183
1039,33	84,413
1039,49	81,788
1039,65	93,028
1039,80	80,171
1039,96	71,609
1040,12	91,130
1040,28	73,018
>>>>> Data<<<<< Espectral Procesado Extremo
