Fichero De Datos De SpectraSuite
++++++++++++++++++++++++++++++++++++
Fecha: Mon Jul 06 12:08:39 CST 2026
Usuario: rofer
Presente Oscuro Del Espectro: Sí
La Referencia de Presente Del Espectro De: Sí
Muestreados de los componentes de Número de espectros: 1
Espectrómetros: USB4H06056
Tiempo de integración (usec): 300000 (USB4H06056)
Promedio de Espectros Hechos un: 5 (USB4H06056)
El Alisar Del Furgón: 0 (USB4H06056)
Párrafo de de Corregir del la del del de Eléctrica del obscuridad: No (USB4H06056)
Estrobo/Lámpara Permitido: No (USB4H06056)
Correct for Detector Non-linearity: No (USB4H06056)
Párrafo de de Corregir del la del del de Externa del luz: No (USB4H06056)
Procesado del espectro de Número de pixeles en: 3648
>>>>> Comienza Data<<<<< Espectral Procesado Del EL
345,09	101,449
345,30	101,449
345,52	101,449
345,74	64,545
345,95	64,706
346,17	134,375
346,39	115,574
346,60	165,957
346,82	-570,000
347,04	101,316
347,25	264,706
347,47	3,371
347,69	42,515
347,90	-1266,667
348,12	-100,000
348,34	-200,000
348,56	45,205
348,77	48,438
348,99	38,667
349,21	-766,667
349,42	163,768
349,64	56,294
349,86	70,742
350,07	-6,977
350,29	29,851
350,51	72,872
350,72	46,591
350,94	-370,588
351,16	47,222
351,37	55,918
351,59	43,147
351,81	110,000
352,02	67,647
352,24	325,000
352,46	63,536
352,67	60,221
352,89	102,970
353,10	36,522
353,32	30,797
353,54	90,278
353,75	107,216
353,97	20,536
354,19	32,800
354,40	22,868
354,62	68,750
354,84	83,333
355,05	63,212
355,27	37,327
355,49	98,947
355,70	75,439
355,92	65,934
356,14	83,333
356,35	74,046
356,57	80,882
356,78	-11,458
357,00	72,727
357,22	65,891
357,43	36,000
357,65	94,805
357,87	42,727
358,08	43,802
358,30	75,083
358,51	54,545
358,73	106,849
358,95	61,881
359,16	91,437
359,38	92,593
359,60	21,429
359,81	30,196
360,03	100,625
360,24	52,195
360,46	145,833
360,68	111,354
360,89	17,172
361,11	85,106
361,33	160,305
361,54	91,713
361,76	15,584
361,97	47,393
362,19	65,726
362,41	93,233
362,62	67,725
362,84	73,203
363,05	106,957
363,27	107,727
363,49	40,244
363,70	77,083
363,92	162,121
364,13	4,938
364,35	29,457
364,57	50,338
364,78	36,032
365,00	12,500
365,21	122,892
365,43	26,389
365,65	52,013
365,86	78,736
366,08	46,067
366,29	-3,731
366,51	103,243
366,73	70,655
366,94	96,648
367,16	76,449
367,37	80,797
367,59	45,045
367,80	111,374
368,02	50,000
368,24	222,222
368,45	106,211
368,67	55,405
368,88	176,531
369,10	79,913
369,31	91,600
369,53	54,310
369,75	48,780
369,96	45,988
370,18	38,298
370,39	81,761
370,61	107,143
370,82	88,980
371,04	80,749
371,26	93,277
371,47	54,264
371,69	66,760
371,90	56,667
372,12	38,197
372,33	22,143
372,55	84,454
372,76	70,497
372,98	116,463
373,20	86,061
373,41	56,962
373,63	103,968
373,84	52,358
374,06	67,407
374,27	36,626
374,49	67,633
374,70	62,406
374,92	67,917
375,13	160,684
375,35	96,354
375,57	68,409
375,78	10,048
376,00	72,018
376,21	105,213
376,43	81,690
376,64	90,592
376,86	114,035
377,07	57,538
377,29	55,762
377,50	7,407
377,72	90,753
377,93	87,854
378,15	37,607
378,36	68,214
378,58	72,239
378,80	59,386
379,01	68,382
379,23	74,587
379,44	81,897
379,66	63,563
379,87	84,286
380,09	56,535
380,30	72,347
380,52	93,931
380,73	92,763
380,95	79,668
381,16	104,926
381,38	101,967
381,59	112,414
381,81	84,034
382,02	80,100
382,24	112,261
382,45	90,295
382,67	73,123
382,88	57,951
383,10	140,000
383,31	70,497
383,53	78,327
383,74	79,751
383,96	71,787
384,17	88,596
384,39	85,637
384,60	106,908
384,82	100,000
385,03	59,158
385,25	70,207
385,46	87,324
385,68	48,201
385,89	127,602
386,11	56,627
386,32	60,286
386,54	84,242
386,75	62,393
386,97	68,038
387,18	87,632
387,40	75,497
387,61	84,735
387,83	99,099
388,04	93,831
388,25	70,571
388,47	84,416
388,68	68,026
388,90	106,745
389,11	70,391
389,33	75,829
389,54	69,376
389,76	99,217
389,97	77,372
390,19	82,372
390,40	60,923
390,62	59,726
390,83	104,390
391,05	60,000
391,26	70,886
391,47	92,964
391,69	66,193
391,90	72,517
392,12	77,117
392,33	80,202
392,55	61,605
392,76	68,895
392,98	75,315
393,19	67,004
393,41	100,993
393,62	51,489
393,83	91,960
394,05	90,823
394,26	62,667
394,48	65,377
394,69	70,759
394,91	77,354
395,12	69,955
395,34	82,086
395,55	79,138
395,76	69,214
395,98	68,191
396,19	74,728
396,41	62,017
396,62	69,549
396,84	81,276
397,05	80,612
397,26	64,062
397,48	69,091
397,69	65,742
397,91	59,770
398,12	70,000
398,33	66,218
398,55	77,679
398,76	84,476
398,98	62,555
399,19	66,890
399,41	111,283
399,62	79,281
399,83	66,722
400,05	77,954
400,26	49,710
400,48	54,186
400,69	80,346
400,90	74,716
401,12	67,642
401,33	66,119
401,55	67,593
401,76	70,605
401,97	63,670
402,19	81,436
402,40	71,570
402,62	82,987
402,83	63,240
403,04	75,214
403,26	65,983
403,47	70,128
403,69	82,862
403,90	75,237
404,11	73,406
404,33	78,059
404,54	70,865
404,76	60,268
404,97	70,667
405,18	67,729
405,40	59,326
405,61	58,881
405,83	79,499
406,04	88,903
406,25	73,035
406,47	66,460
406,68	67,043
406,89	74,345
407,11	65,492
407,32	75,740
407,54	67,632
407,75	66,341
407,96	61,751
408,18	44,928
408,39	64,396
408,60	58,166
408,82	55,327
409,03	57,411
409,24	68,238
409,46	56,841
409,67	59,067
409,89	63,222
410,10	59,025
410,31	70,204
410,53	65,321
410,74	66,213
410,95	61,890
411,17	63,842
411,38	53,536
411,59	60,649
411,81	59,939
412,02	60,843
412,23	51,613
412,45	52,441
412,66	46,416
412,87	51,801
413,09	56,877
413,30	49,223
413,51	49,076
413,73	45,267
413,94	39,525
414,15	46,834
414,37	45,246
414,58	53,305
414,79	44,830
415,01	42,302
415,22	42,500
415,43	42,598
415,65	44,340
415,86	40,404
416,07	42,155
416,29	39,987
416,50	37,597
416,71	40,784
416,93	38,378
417,14	39,773
417,35	38,786
417,57	37,967
417,78	40,234
417,99	40,042
418,21	43,483
418,42	38,956
418,63	39,077
418,85	38,540
419,06	32,395
419,27	36,130
419,48	35,731
419,70	35,890
419,91	41,184
420,12	29,326
420,34	31,504
420,55	29,902
420,76	32,500
420,98	30,455
421,19	30,864
421,40	31,480
421,61	31,107
421,83	33,832
422,04	27,886
422,25	32,449
422,47	29,355
422,68	29,908
422,89	27,736
423,11	32,241
423,32	28,061
423,53	28,794
423,74	25,421
423,96	27,378
424,17	25,545
424,38	29,029
424,59	29,423
424,81	25,865
425,02	28,663
425,23	25,047
425,45	26,092
425,66	26,544
425,87	24,522
426,08	27,504
426,30	28,250
426,51	22,967
426,72	27,174
426,93	27,124
427,15	23,808
427,36	23,976
427,57	24,643
427,79	25,592
428,00	24,290
428,21	24,732
428,42	22,869
428,64	23,801
428,85	22,620
429,06	23,545
429,27	23,652
429,49	21,425
429,70	22,888
429,91	25,476
430,12	23,126
430,34	24,868
430,55	23,570
430,76	23,205
430,97	22,406
431,19	25,049
431,40	23,054
431,61	21,343
431,82	22,391
432,03	20,093
432,25	22,277
432,46	21,775
432,67	23,716
432,88	23,327
433,10	22,032
433,31	21,219
433,52	21,766
433,73	24,376
433,95	22,699
434,16	22,739
434,37	20,981
434,58	22,374
434,79	20,356
435,01	21,155
435,22	20,906
435,43	23,644
435,64	22,147
435,86	22,570
436,07	19,786
436,28	21,021
436,49	21,204
436,70	22,077
436,92	22,897
437,13	21,401
437,34	21,127
437,55	22,662
437,76	20,981
437,98	20,349
438,19	20,728
438,40	22,482
438,61	21,993
438,82	19,619
439,04	20,883
439,25	21,939
439,46	19,391
439,67	22,069
439,88	20,003
440,10	19,977
440,31	22,844
440,52	20,953
440,73	19,904
440,94	24,677
441,16	22,315
441,37	21,887
441,58	21,585
441,79	22,922
442,00	20,904
442,21	20,641
442,43	22,454
442,64	19,704
442,85	18,624
443,06	21,144
443,27	21,217
443,48	21,568
443,70	21,104
443,91	21,002
444,12	21,306
444,33	19,419
444,54	20,886
444,75	22,002
444,97	20,638
445,18	23,500
445,39	20,732
445,60	19,868
445,81	20,074
446,02	21,242
446,24	21,440
446,45	20,404
446,66	22,493
446,87	19,575
447,08	21,704
447,29	20,486
447,51	20,065
447,72	19,959
447,93	21,446
448,14	21,810
448,35	21,438
448,56	21,076
448,77	20,470
448,99	21,014
449,20	21,497
449,41	20,672
449,62	21,964
449,83	22,193
450,04	21,549
450,25	20,339
450,46	20,352
450,68	21,010
450,89	20,469
451,10	20,790
451,31	21,735
451,52	20,766
451,73	21,963
451,94	23,260
452,15	21,305
452,37	20,686
452,58	20,812
452,79	21,221
453,00	21,039
453,21	21,971
453,42	21,390
453,63	21,662
453,84	21,476
454,06	21,056
454,27	22,217
454,48	20,468
454,69	22,461
454,90	21,609
455,11	20,485
455,32	21,051
455,53	21,586
455,74	21,032
455,95	20,982
456,17	22,281
456,38	23,033
456,59	20,870
456,80	21,597
457,01	21,875
457,22	21,250
457,43	22,579
457,64	21,219
457,85	20,403
458,06	23,369
458,27	22,274
458,49	21,157
458,70	21,431
458,91	21,536
459,12	20,795
459,33	21,870
459,54	22,955
459,75	21,165
459,96	21,624
460,17	22,130
460,38	21,306
460,59	21,953
460,80	20,715
461,01	22,070
461,23	21,293
461,44	21,899
461,65	20,678
461,86	21,599
462,07	20,262
462,28	21,774
462,49	21,908
462,70	22,342
462,91	22,285
463,12	22,056
463,33	21,757
463,54	21,066
463,75	21,552
463,96	21,916
464,17	22,379
464,38	21,742
464,59	21,987
464,81	22,035
465,02	22,201
465,23	23,126
465,44	21,945
465,65	21,286
465,86	21,625
466,07	22,085
466,28	22,056
466,49	22,684
466,70	22,482
466,91	21,106
467,12	22,460
467,33	21,896
467,54	21,046
467,75	22,183
467,96	22,574
468,17	21,940
468,38	22,959
468,59	21,819
468,80	21,115
469,01	22,206
469,22	21,249
469,43	21,415
469,64	21,817
469,85	22,120
470,06	21,287
470,27	22,078
470,48	21,439
470,69	22,611
470,90	21,948
471,11	22,243
471,32	22,867
471,53	22,658
471,74	21,854
471,95	21,427
472,16	21,988
472,37	22,487
472,58	22,000
472,79	21,623
473,00	22,101
473,21	22,277
473,42	22,334
473,63	21,553
473,84	22,461
474,05	21,841
474,26	22,111
474,47	22,512
474,68	22,007
474,89	21,774
475,10	21,998
475,31	21,359
475,52	23,365
475,73	22,439
475,94	21,441
476,15	22,192
476,36	22,498
476,57	21,468
476,78	22,202
476,99	22,396
477,20	21,854
477,41	21,772
477,62	22,038
477,83	21,771
478,04	21,704
478,25	22,002
478,46	21,959
478,67	22,653
478,88	21,967
479,09	22,339
479,30	22,807
479,51	21,579
479,72	22,023
479,93	22,346
480,14	21,678
480,35	22,705
480,56	21,648
480,77	22,378
480,98	22,821
481,18	22,565
481,39	22,397
481,60	22,343
481,81	21,707
482,02	22,620
482,23	22,548
482,44	23,226
482,65	22,699
482,86	22,188
483,07	21,854
483,28	22,269
483,49	22,242
483,70	22,459
483,91	22,947
484,12	21,606
484,33	23,067
484,53	22,202
484,74	21,663
484,95	22,406
485,16	22,631
485,37	22,218
485,58	22,133
485,79	22,400
486,00	22,260
486,21	21,849
486,42	22,428
486,63	22,445
486,84	22,756
487,05	22,425
487,25	22,417
487,46	21,969
487,67	22,428
487,88	22,269
488,09	22,701
488,30	22,360
488,51	22,714
488,72	22,408
488,93	22,410
489,14	22,275
489,35	22,187
489,55	22,205
489,76	22,202
489,97	22,046
490,18	22,451
490,39	22,205
490,60	22,193
490,81	22,763
491,02	22,330
491,23	22,730
491,43	22,451
491,64	22,202
491,85	22,229
492,06	22,168
492,27	22,467
492,48	22,263
492,69	22,664
492,90	22,303
493,11	22,227
493,31	22,298
493,52	22,410
493,73	22,250
493,94	22,309
494,15	22,256
494,36	22,376
494,57	22,273
494,78	22,014
494,98	21,734
495,19	22,223
495,40	22,513
495,61	22,979
495,82	22,119
496,03	22,398
496,24	23,134
496,44	22,254
496,65	22,153
496,86	22,768
497,07	22,697
497,28	22,661
497,49	22,455
497,70	22,455
497,90	22,579
498,11	22,723
498,32	22,592
498,53	22,833
498,74	22,981
498,95	22,632
499,15	22,310
499,36	23,003
499,57	22,790
499,78	22,217
499,99	22,841
500,20	22,652
500,40	22,045
500,61	22,646
500,82	22,748
501,03	22,464
501,24	22,817
501,45	22,620
501,65	22,439
501,86	22,086
502,07	22,584
502,28	22,597
502,49	22,716
502,70	22,567
502,90	22,629
503,11	22,518
503,32	22,852
503,53	22,272
503,74	22,577
503,94	22,661
504,15	22,856
504,36	23,330
504,57	22,797
504,78	22,908
504,98	23,092
505,19	22,830
505,40	22,758
505,61	22,777
505,82	22,786
506,02	22,963
506,23	22,277
506,44	23,274
506,65	22,809
506,86	22,826
507,06	22,746
507,27	23,062
507,48	22,922
507,69	22,841
507,90	22,940
508,10	23,107
508,31	23,091
508,52	23,156
508,73	23,084
508,94	23,347
509,14	23,347
509,35	23,118
509,56	23,384
509,77	23,159
509,97	23,387
510,18	23,437
510,39	23,317
510,60	23,425
510,80	23,704
511,01	23,250
511,22	23,348
511,43	23,531
511,64	23,774
511,84	23,358
512,05	23,830
512,26	23,755
512,47	24,001
512,67	23,646
512,88	23,871
513,09	23,331
513,30	23,875
513,50	23,826
513,71	23,990
513,92	24,200
514,13	23,811
514,33	23,657
514,54	23,989
514,75	23,738
514,96	23,656
515,16	23,887
515,37	24,479
515,58	24,613
515,78	24,218
515,99	24,260
516,20	24,256
516,41	24,188
516,61	24,499
516,82	24,645
517,03	24,281
517,24	24,887
517,44	24,987
517,65	25,179
517,86	25,106
518,07	24,761
518,27	24,820
518,48	25,024
518,69	24,978
518,89	25,306
519,10	24,667
519,31	25,175
519,52	25,774
519,72	25,277
519,93	24,932
520,14	25,566
520,34	25,404
520,55	26,011
520,76	26,063
520,96	25,770
521,17	25,799
521,38	26,209
521,59	26,444
521,79	26,398
522,00	26,066
522,21	26,489
522,41	26,375
522,62	26,272
522,83	26,238
523,03	26,445
523,24	27,087
523,45	26,515
523,66	26,928
523,86	26,975
524,07	26,716
524,28	26,969
524,48	27,311
524,69	27,236
524,90	27,471
525,10	27,401
525,31	27,502
525,52	28,147
525,72	27,853
525,93	27,884
526,14	27,826
526,34	28,083
526,55	28,224
526,76	28,009
526,96	28,236
527,17	28,486
527,38	28,425
527,58	28,639
527,79	28,685
528,00	28,624
528,20	29,238
528,41	28,558
528,62	29,395
528,82	28,966
529,03	29,471
529,24	29,401
529,44	29,147
529,65	29,529
529,85	29,530
530,06	29,221
530,27	29,574
530,47	29,972
530,68	29,621
530,89	29,986
531,09	29,563
531,30	29,870
531,51	30,329
531,71	30,186
531,92	30,130
532,13	30,523
532,33	30,596
532,54	30,208
532,74	30,602
532,95	31,017
533,16	30,421
533,36	30,598
533,57	30,972
533,78	30,972
533,98	31,166
534,19	30,990
534,39	31,116
534,60	31,397
534,81	31,096
535,01	30,855
535,22	31,019
535,42	30,853
535,63	31,527
535,84	31,567
536,04	31,440
536,25	31,428
536,45	31,281
536,66	31,390
536,87	31,306
537,07	31,761
537,28	31,205
537,48	31,601
537,69	31,372
537,90	31,479
538,10	31,437
538,31	31,693
538,51	31,790
538,72	31,743
538,93	32,131
539,13	32,002
539,34	32,076
539,54	31,855
539,75	32,110
539,96	32,149
540,16	32,507
540,37	32,189
540,57	32,206
540,78	32,047
540,98	32,110
541,19	32,109
541,40	32,204
541,60	32,033
541,81	31,770
542,01	32,308
542,22	32,767
542,42	31,838
542,63	31,952
542,83	32,339
543,04	32,204
543,25	32,661
543,45	32,249
543,66	32,204
543,86	32,394
544,07	32,442
544,27	32,360
544,48	32,454
544,68	32,366
544,89	32,875
545,10	32,535
545,30	32,389
545,51	32,395
545,71	32,348
545,92	32,575
546,12	32,803
546,33	32,514
546,53	32,220
546,74	32,762
546,94	32,343
547,15	32,227
547,36	32,693
547,56	32,834
547,77	32,496
547,97	32,434
548,18	32,382
548,38	32,767
548,59	32,767
548,79	32,612
549,00	32,736
549,20	32,933
549,41	32,722
549,61	32,493
549,82	32,695
550,02	32,641
550,23	32,618
550,43	32,494
550,64	32,671
550,84	32,742
551,05	32,324
551,25	32,863
551,46	32,524
551,66	32,484
551,87	32,813
552,07	32,598
552,28	32,659
552,48	32,618
552,69	32,797
552,89	32,634
553,10	32,952
553,30	32,805
553,51	33,173
553,71	33,069
553,92	32,934
554,12	32,612
554,33	32,999
554,53	32,734
554,74	32,614
554,94	32,635
555,15	32,940
555,35	32,830
555,56	32,849
555,76	32,786
555,97	32,826
556,17	33,232
556,38	32,821
556,58	32,685
556,78	32,868
556,99	32,962
557,19	32,775
557,40	32,652
557,60	32,901
557,81	33,106
558,01	32,864
558,22	32,543
558,42	32,983
558,63	32,672
558,83	32,974
559,04	32,573
559,24	33,077
559,44	32,976
559,65	33,036
559,85	32,912
560,06	32,695
560,26	32,848
560,47	32,718
560,67	32,906
560,88	32,848
561,08	32,465
561,28	32,354
561,49	32,623
561,69	32,319
561,90	32,557
562,10	32,570
562,31	32,645
562,51	32,464
562,71	32,948
562,92	32,749
563,12	32,562
563,33	32,506
563,53	32,336
563,74	32,446
563,94	32,145
564,14	32,277
564,35	32,384
564,55	32,376
564,76	32,293
564,96	32,280
565,17	32,103
565,37	32,027
565,57	32,145
565,78	32,282
565,98	32,166
566,19	32,004
566,39	31,860
566,59	31,779
566,80	31,722
567,00	31,879
567,21	31,918
567,41	32,058
567,61	31,380
567,82	31,756
568,02	31,490
568,23	31,348
568,43	31,397
568,63	31,443
568,84	31,596
569,04	31,310
569,24	31,363
569,45	30,883
569,65	31,131
569,86	30,891
570,06	31,019
570,26	31,175
570,47	30,928
570,67	30,866
570,87	30,762
571,08	30,543
571,28	30,443
571,49	30,685
571,69	30,798
571,89	30,545
572,10	30,672
572,30	30,651
572,50	30,333
572,71	29,969
572,91	30,198
573,11	30,015
573,32	30,015
573,52	29,975
573,73	29,555
573,93	29,739
574,13	29,887
574,34	29,833
574,54	29,860
574,74	29,896
574,95	29,659
575,15	29,535
575,35	29,390
575,56	29,327
575,76	29,535
575,96	29,271
576,17	29,138
576,37	29,375
576,57	29,321
576,78	29,453
576,98	29,049
577,18	29,060
577,39	28,802
577,59	29,076
577,79	28,694
578,00	28,941
578,20	28,829
578,40	28,510
578,61	28,833
578,81	28,371
579,01	28,725
579,22	28,758
579,42	28,364
579,62	28,244
579,82	28,556
580,03	28,292
580,23	28,495
580,43	28,469
580,64	28,046
580,84	28,215
581,04	28,048
581,25	28,283
581,45	27,972
581,65	28,109
581,86	27,925
582,06	27,343
582,26	27,903
582,46	28,585
582,67	28,157
582,87	27,821
583,07	27,650
583,28	27,861
583,48	27,392
583,68	27,601
583,88	27,259
584,09	27,378
584,29	27,934
584,49	27,412
584,70	27,601
584,90	27,704
585,10	27,421
585,30	27,332
585,51	27,265
585,71	27,254
585,91	27,385
586,11	27,122
586,32	27,173
586,52	27,163
586,72	27,088
586,92	27,101
587,13	27,034
587,33	27,080
587,53	26,964
587,74	26,726
587,94	27,055
588,14	26,930
588,34	26,659
588,55	26,875
588,75	26,500
588,95	26,638
589,15	26,573
589,36	26,790
589,56	26,618
589,76	26,607
589,96	26,457
590,16	26,436
590,37	26,527
590,57	26,292
590,77	26,536
590,97	26,397
591,18	26,806
591,38	26,530
591,58	26,675
591,78	26,405
591,99	26,474
592,19	26,247
592,39	26,547
592,59	26,397
592,79	26,309
593,00	26,374
593,20	26,635
593,40	26,133
593,60	25,902
593,81	26,201
594,01	26,043
594,21	26,092
594,41	26,335
594,61	26,235
594,82	25,941
595,02	26,262
595,22	26,182
595,42	25,939
595,62	26,074
595,83	26,084
596,03	25,849
596,23	25,755
596,43	26,044
596,63	25,747
596,84	25,760
597,04	26,096
597,24	25,876
597,44	25,690
597,64	25,641
597,84	25,664
598,05	26,056
598,25	25,561
598,45	25,765
598,65	25,943
598,85	25,452
599,06	25,725
599,26	25,669
599,46	25,649
599,66	26,056
599,86	25,622
600,06	25,713
600,27	25,909
600,47	25,695
600,67	25,831
600,87	25,848
601,07	25,516
601,27	25,731
601,48	25,408
601,68	25,841
601,88	25,646
602,08	25,691
602,28	25,489
602,48	25,707
602,68	25,254
602,89	25,358
603,09	25,557
603,29	25,804
603,49	25,717
603,69	25,514
603,89	25,627
604,09	25,610
604,30	25,549
604,50	25,649
604,70	25,252
604,90	25,598
605,10	25,252
605,30	25,277
605,50	25,561
605,71	25,704
605,91	25,379
606,11	25,731
606,31	25,291
606,51	25,431
606,71	25,497
606,91	25,230
607,11	25,374
607,32	25,534
607,52	25,464
607,72	25,499
607,92	25,204
608,12	25,373
608,32	25,266
608,52	25,337
608,72	25,364
608,92	25,432
609,12	25,117
609,33	25,093
609,53	25,070
609,73	25,311
609,93	25,270
610,13	25,301
610,33	25,051
610,53	25,184
610,73	25,356
610,93	25,140
611,13	25,154
611,34	25,401
611,54	25,238
611,74	25,174
611,94	24,869
612,14	24,870
612,34	25,086
612,54	24,847
612,74	24,743
612,94	25,295
613,14	25,083
613,34	24,904
613,54	24,859
613,74	25,229
613,95	24,795
614,15	24,843
614,35	24,808
614,55	24,857
614,75	24,836
614,95	24,825
615,15	24,879
615,35	24,690
615,55	24,501
615,75	24,764
615,95	24,929
616,15	24,790
616,35	24,801
616,55	24,761
616,75	24,621
616,95	24,546
617,15	24,699
617,35	24,555
617,56	24,703
617,76	24,580
617,96	24,536
618,16	24,629
618,36	24,528
618,56	24,456
618,76	24,438
618,96	24,458
619,16	24,406
619,36	24,809
619,56	24,631
619,76	24,457
619,96	24,659
620,16	24,486
620,36	24,371
620,56	24,100
620,76	24,168
620,96	24,352
621,16	24,299
621,36	24,293
621,56	24,564
621,76	24,287
621,96	24,098
622,16	24,372
622,36	24,271
622,56	24,563
622,76	24,283
622,96	24,509
623,16	23,932
623,36	24,156
623,56	24,102
623,76	24,334
623,96	24,318
624,16	24,371
624,36	24,219
624,56	24,140
624,76	24,409
624,96	24,145
625,16	24,170
625,36	24,201
625,56	24,364
625,76	24,160
625,96	24,114
626,16	24,072
626,36	24,170
626,56	24,185
626,76	24,200
626,96	24,163
627,16	24,254
627,36	24,084
627,56	24,178
627,76	24,133
627,96	24,268
628,16	24,342
628,36	24,438
628,56	24,150
628,75	24,197
628,95	24,105
629,15	24,184
629,35	23,981
629,55	24,262
629,75	24,345
629,95	23,968
630,15	24,115
630,35	24,245
630,55	24,173
630,75	23,986
630,95	23,983
631,15	24,057
631,35	23,967
631,55	23,922
631,75	24,126
631,95	23,955
632,15	23,849
632,34	24,050
632,54	23,994
632,74	23,882
632,94	24,120
633,14	24,059
633,34	24,123
633,54	24,004
633,74	23,834
633,94	23,829
634,14	24,136
634,34	23,871
634,54	24,044
634,74	23,925
634,93	23,721
635,13	23,795
635,33	23,937
635,53	23,735
635,73	23,609
635,93	23,898
636,13	24,025
636,33	23,635
636,53	23,816
636,73	23,763
636,93	23,834
637,12	23,681
637,32	23,616
637,52	23,816
637,72	23,551
637,92	23,760
638,12	23,715
638,32	23,598
638,52	23,533
638,72	23,578
638,91	23,671
639,11	23,441
639,31	23,588
639,51	23,652
639,71	23,679
639,91	23,555
640,11	23,426
640,31	23,451
640,50	23,404
640,70	23,394
640,90	23,746
641,10	23,499
641,30	23,625
641,50	23,578
641,70	23,430
641,89	23,509
642,09	23,691
642,29	23,193
642,49	23,037
642,69	23,230
642,89	23,302
643,09	23,525
643,28	23,248
643,48	23,227
643,68	23,175
643,88	23,011
644,08	22,994
644,28	23,099
644,48	23,084
644,67	22,947
644,87	23,183
645,07	23,125
645,27	22,988
645,47	22,909
645,67	23,029
645,86	23,014
646,06	22,851
646,26	23,020
646,46	23,025
646,66	22,842
646,85	22,812
647,05	22,862
647,25	23,057
647,45	22,833
647,65	22,804
647,85	22,883
648,04	22,768
648,24	22,654
648,44	22,641
648,64	22,721
648,84	22,489
649,03	22,473
649,23	22,458
649,43	22,607
649,63	22,890
649,83	22,711
650,02	22,471
650,22	22,937
650,42	22,529
650,62	22,501
650,82	22,914
651,01	22,751
651,21	22,687
651,41	22,667
651,61	22,317
651,81	22,631
652,00	22,464
652,20	22,250
652,40	22,512
652,60	22,835
652,79	22,544
652,99	22,582
653,19	22,332
653,39	22,504
653,59	22,564
653,78	22,500
653,98	22,267
654,18	22,351
654,38	22,635
654,57	22,524
654,77	22,366
654,97	22,475
655,17	22,460
655,36	22,495
655,56	22,464
655,76	22,313
655,96	22,418
656,15	22,458
656,35	22,300
656,55	22,205
656,75	22,297
656,94	22,487
657,14	22,371
657,34	22,323
657,54	22,417
657,73	22,364
657,93	22,171
658,13	22,345
658,33	22,393
658,52	22,510
658,72	22,515
658,92	22,463
659,11	22,527
659,31	22,333
659,51	22,293
659,71	22,274
659,90	22,324
660,10	22,331
660,30	22,155
660,50	22,332
660,69	22,236
660,89	22,466
661,09	22,139
661,28	22,534
661,48	22,510
661,68	22,183
661,87	22,290
662,07	22,265
662,27	22,341
662,47	22,172
662,66	22,205
662,86	22,296
663,06	22,432
663,25	22,170
663,45	22,148
663,65	22,446
663,84	22,263
664,04	22,350
664,24	22,076
664,44	22,268
664,63	22,184
664,83	22,298
665,03	22,226
665,22	22,455
665,42	22,208
665,62	22,170
665,81	22,285
666,01	22,451
666,21	22,163
666,40	22,271
666,60	22,127
666,80	22,149
666,99	22,475
667,19	22,126
667,39	22,194
667,58	22,343
667,78	22,152
667,98	22,125
668,17	22,228
668,37	22,296
668,57	22,188
668,76	22,111
668,96	22,039
669,16	22,290
669,35	22,227
669,55	22,221
669,74	22,290
669,94	22,212
670,14	22,275
670,33	22,381
670,53	22,128
670,73	22,343
670,92	22,426
671,12	22,091
671,32	22,276
671,51	22,211
671,71	22,133
671,90	22,285
672,10	22,222
672,30	22,322
672,49	22,282
672,69	22,361
672,89	22,313
673,08	22,438
673,28	22,361
673,47	22,155
673,67	22,453
673,87	22,101
674,06	22,390
674,26	22,391
674,45	22,229
674,65	22,175
674,85	22,358
675,04	22,337
675,24	22,450
675,43	22,282
675,63	22,282
675,83	22,306
676,02	22,503
676,22	22,432
676,41	22,382
676,61	22,165
676,81	22,284
677,00	22,427
677,20	22,422
677,39	22,590
677,59	22,362
677,79	22,531
677,98	22,332
678,18	22,415
678,37	22,612
678,57	22,278
678,76	22,483
678,96	22,402
679,16	22,402
679,35	22,685
679,55	22,676
679,74	22,506
679,94	22,560
680,13	22,534
680,33	22,563
680,53	22,553
680,72	22,511
680,92	22,564
681,11	22,775
681,31	22,784
681,50	22,667
681,70	22,507
681,89	22,665
682,09	22,678
682,28	22,680
682,48	22,628
682,68	22,913
682,87	22,595
683,07	22,714
683,26	22,811
683,46	22,678
683,65	22,741
683,85	22,866
684,04	22,718
684,24	22,595
684,43	22,865
684,63	22,771
684,82	22,988
685,02	22,812
685,21	22,873
685,41	22,782
685,60	22,824
685,80	23,054
686,00	22,706
686,19	23,027
686,39	22,905
686,58	23,155
686,78	22,777
686,97	22,909
687,17	23,092
687,36	22,921
687,56	23,012
687,75	23,188
687,95	23,069
688,14	23,128
688,34	23,168
688,53	23,096
688,73	23,311
688,92	22,921
689,12	23,070
689,31	23,318
689,51	23,065
689,70	23,105
689,89	23,048
690,09	23,226
690,28	23,177
690,48	23,226
690,67	23,302
690,87	23,619
691,06	23,535
691,26	23,247
691,45	23,386
691,65	23,343
691,84	23,392
692,04	23,559
692,23	23,479
692,43	23,648
692,62	23,357
692,82	23,811
693,01	23,733
693,20	23,981
693,40	23,941
693,59	24,223
693,79	24,013
693,98	24,107
694,18	24,244
694,37	24,225
694,57	24,476
694,76	24,459
694,95	24,641
695,15	24,941
695,34	24,683
695,54	24,868
695,73	25,001
695,93	25,227
696,12	25,210
696,32	25,487
696,51	25,577
696,70	25,844
696,90	25,767
697,09	25,631
697,29	26,221
697,48	26,294
697,67	26,593
697,87	26,732
698,06	26,954
698,26	27,114
698,45	27,167
698,65	27,285
698,84	27,764
699,03	27,857
699,23	28,124
699,42	28,176
699,62	28,651
699,81	28,562
700,00	29,064
700,20	29,070
700,39	29,512
700,59	29,616
700,78	29,971
700,97	30,103
701,17	30,472
701,36	30,692
701,56	30,792
701,75	31,114
701,94	31,414
702,14	31,805
702,33	31,857
702,52	32,325
702,72	32,438
702,91	32,743
703,11	33,221
703,30	33,360
703,49	33,277
703,69	33,786
703,88	34,225
704,07	34,602
704,27	34,653
704,46	35,278
704,66	35,131
704,85	35,652
705,04	35,775
705,24	35,912
705,43	36,515
705,62	36,386
705,82	37,116
706,01	37,298
706,20	37,550
706,40	37,567
706,59	38,129
706,78	38,363
706,98	38,610
707,17	38,915
707,36	38,987
707,56	39,337
707,75	39,584
707,94	39,722
708,14	40,334
708,33	40,663
708,52	40,836
708,72	41,337
708,91	41,670
709,10	41,556
709,30	41,828
709,49	41,958
709,68	42,699
709,88	42,538
710,07	43,238
710,26	43,485
710,46	43,728
710,65	43,751
710,84	44,268
711,04	44,652
711,23	44,887
711,42	45,034
711,61	45,323
711,81	45,361
712,00	45,488
712,19	46,194
712,39	46,177
712,58	46,557
712,77	46,930
712,97	47,003
713,16	47,307
713,35	47,768
713,54	47,725
713,74	48,283
713,93	48,548
714,12	48,721
714,32	49,154
714,51	49,480
714,70	49,643
714,89	50,123
715,09	50,370
715,28	50,330
715,47	50,581
715,66	50,607
715,86	51,536
716,05	51,248
716,24	51,619
716,44	51,600
716,63	51,894
716,82	52,493
717,01	52,733
717,21	52,799
717,40	53,155
717,59	53,600
717,78	53,682
717,98	53,519
718,17	54,205
718,36	54,672
718,55	54,550
718,75	55,314
718,94	55,389
719,13	55,453
719,32	55,582
719,52	55,661
719,71	56,029
719,90	56,625
720,09	57,020
720,28	57,048
720,48	57,350
720,67	57,453
720,86	57,875
721,05	58,148
721,25	58,389
721,44	58,099
721,63	58,509
721,82	58,733
722,01	59,179
722,21	59,414
722,40	59,637
722,59	59,628
722,78	59,850
722,98	60,359
723,17	60,653
723,36	61,066
723,55	60,879
723,74	61,274
723,94	61,636
724,13	61,664
724,32	61,868
724,51	61,845
724,70	62,249
724,89	62,629
725,09	62,805
725,28	63,357
725,47	63,348
725,66	63,752
725,85	63,529
726,05	64,373
726,24	64,464
726,43	64,635
726,62	64,686
726,81	65,026
727,00	65,299
727,20	65,315
727,39	65,829
727,58	66,107
727,77	66,058
727,96	66,333
728,15	66,709
728,35	66,456
728,54	67,159
728,73	67,030
728,92	67,615
729,11	67,459
729,30	67,731
729,50	67,885
729,69	68,043
729,88	68,231
730,07	68,461
730,26	68,597
730,45	68,663
730,64	69,480
730,84	68,880
731,03	69,516
731,22	70,082
731,41	69,416
731,60	69,791
731,79	69,895
731,98	70,278
732,18	70,932
732,37	71,035
732,56	70,983
732,75	70,860
732,94	71,308
733,13	71,398
733,32	71,681
733,51	72,151
733,71	72,058
733,90	72,149
734,09	72,304
734,28	72,597
734,47	72,330
734,66	72,563
734,85	73,127
735,04	72,993
735,23	73,314
735,42	73,109
735,62	73,349
735,81	73,747
736,00	73,916
736,19	74,105
736,38	74,330
736,57	74,028
736,76	74,596
736,95	74,749
737,14	73,978
737,33	74,733
737,52	74,738
737,72	74,594
737,91	75,050
738,10	74,910
738,29	75,208
738,48	75,833
738,67	75,629
738,86	75,890
739,05	75,450
739,24	75,767
739,43	76,127
739,62	76,003
739,81	76,188
740,00	76,704
740,19	76,312
740,39	76,265
740,58	76,491
740,77	76,786
740,96	77,007
741,15	77,175
741,34	77,065
741,53	76,857
741,72	77,652
741,91	77,245
742,10	77,260
742,29	77,609
742,48	77,916
742,67	77,571
742,86	77,982
743,05	77,853
743,24	78,005
743,43	78,211
743,62	78,204
743,81	78,135
744,00	78,460
744,19	78,735
744,38	78,541
744,57	78,224
744,76	78,655
744,95	78,937
745,14	79,232
745,33	78,987
745,52	79,398
745,71	79,319
745,90	79,293
746,09	79,468
746,28	79,577
746,47	79,290
746,66	79,293
746,85	79,620
747,04	79,840
747,23	79,714
747,42	79,841
747,61	79,593
747,80	80,279
747,99	79,860
748,18	80,476
748,37	79,716
748,56	80,635
748,75	80,707
748,94	80,216
749,13	80,280
749,32	80,647
749,51	80,749
749,70	80,583
749,89	80,771
750,08	81,075
750,27	80,336
750,46	80,667
750,65	80,859
750,84	80,965
751,03	80,845
751,22	81,200
751,41	81,347
751,60	81,219
751,79	81,476
751,98	81,539
752,17	81,088
752,36	81,241
752,55	81,134
752,74	81,376
752,93	81,284
753,12	81,715
753,30	81,430
753,49	81,067
753,68	81,136
753,87	81,394
754,06	81,241
754,25	81,603
754,44	81,453
754,63	81,657
754,82	81,132
755,01	81,166
755,20	81,502
755,39	81,700
755,58	81,372
755,77	80,969
755,96	81,660
756,14	81,597
756,33	81,409
756,52	81,720
756,71	81,602
756,90	81,151
757,09	82,154
757,28	81,882
757,47	81,768
757,66	81,633
757,85	81,624
758,04	81,519
758,22	81,648
758,41	82,161
758,60	82,018
758,79	81,776
758,98	81,957
759,17	82,012
759,36	81,981
759,55	82,034
759,74	81,745
759,92	81,900
760,11	82,073
760,30	81,772
760,49	81,547
760,68	82,177
760,87	81,645
761,06	81,755
761,25	82,186
761,43	82,279
761,62	82,139
761,81	82,476
762,00	82,175
762,19	81,772
762,38	82,098
762,57	82,149
762,76	82,374
762,94	81,918
763,13	82,552
763,32	82,482
763,51	82,274
763,70	82,217
763,89	82,345
764,07	82,199
764,26	82,030
764,45	82,068
764,64	81,932
764,83	82,017
765,02	82,592
765,21	81,876
765,39	81,713
765,58	81,780
765,77	82,398
765,96	82,403
766,15	81,796
766,34	82,159
766,52	82,832
766,71	82,206
766,90	82,196
767,09	82,424
767,28	82,131
767,46	82,668
767,65	82,396
767,84	82,107
768,03	82,226
768,22	82,411
768,40	81,742
768,59	81,905
768,78	81,952
768,97	82,279
769,16	81,904
769,34	81,801
769,53	81,557
769,72	82,198
769,91	82,507
770,10	82,429
770,28	82,744
770,47	82,328
770,66	82,172
770,85	82,049
771,04	82,703
771,22	82,718
771,41	83,053
771,60	82,260
771,79	81,932
771,98	81,787
772,16	82,163
772,35	82,786
772,54	82,040
772,73	82,312
772,91	82,188
773,10	82,646
773,29	82,075
773,48	82,373
773,66	81,673
773,85	82,119
774,04	82,300
774,23	82,372
774,41	82,525
774,60	82,497
774,79	82,592
774,98	82,305
775,16	82,681
775,35	82,026
775,54	82,490
775,73	82,629
775,91	82,224
776,10	82,138
776,29	81,549
776,48	82,107
776,66	82,444
776,85	82,385
777,04	81,902
777,23	81,798
777,41	82,524
777,60	82,873
777,79	82,223
777,97	82,319
778,16	81,873
778,35	83,225
778,54	82,306
778,72	82,012
778,91	82,205
779,10	82,071
779,28	82,266
779,47	82,043
779,66	82,492
779,85	82,185
780,03	82,429
780,22	82,108
780,41	82,375
780,59	82,361
780,78	82,038
780,97	82,330
781,15	82,412
781,34	82,470
781,53	82,325
781,71	81,909
781,90	82,092
782,09	81,817
782,27	82,215
782,46	81,781
782,65	82,360
782,84	82,241
783,02	82,274
783,21	81,800
783,40	81,913
783,58	82,441
783,77	82,169
783,96	81,840
784,14	82,383
784,33	82,328
784,52	82,193
784,70	82,667
784,89	82,112
785,07	81,342
785,26	82,292
785,45	81,872
785,63	82,579
785,82	83,098
786,01	82,205
786,19	82,296
786,38	82,131
786,57	82,219
786,75	82,195
786,94	81,997
787,13	82,589
787,31	82,840
787,50	82,488
787,68	81,782
787,87	82,148
788,06	81,745
788,24	81,739
788,43	82,311
788,62	82,120
788,80	81,977
788,99	81,826
789,17	81,820
789,36	82,190
789,55	81,690
789,73	81,855
789,92	82,424
790,10	82,231
790,29	81,950
790,48	81,802
790,66	82,616
790,85	81,880
791,03	82,547
791,22	81,985
791,41	82,290
791,59	82,040
791,78	82,048
791,96	82,187
792,15	82,107
792,34	82,718
792,52	82,006
792,71	81,706
792,89	81,637
793,08	81,976
793,27	81,618
793,45	81,953
793,64	82,347
793,82	82,093
794,01	82,565
794,19	81,716
794,38	81,719
794,57	81,873
794,75	81,956
794,94	82,246
795,12	82,008
795,31	82,159
795,49	82,179
795,68	81,739
795,86	82,614
796,05	82,431
796,24	81,924
796,42	81,971
796,61	82,463
796,79	82,270
796,98	82,302
797,16	82,302
797,35	81,817
797,53	82,061
797,72	82,327
797,90	81,847
798,09	82,521
798,27	82,548
798,46	82,175
798,65	81,811
798,83	81,803
799,02	81,865
799,20	81,798
799,39	82,009
799,57	82,426
799,76	82,183
799,94	82,079
800,13	81,791
800,31	81,599
800,50	81,990
800,68	81,827
800,87	81,892
801,05	81,991
801,24	82,043
801,42	82,361
801,61	82,252
801,79	81,746
801,98	82,265
802,16	82,005
802,35	82,077
802,53	81,919
802,72	81,483
802,90	81,969
803,09	82,347
803,27	81,873
803,46	82,251
803,64	82,000
803,83	81,819
804,01	82,661
804,20	82,176
804,38	81,762
804,56	81,904
804,75	82,229
804,93	82,004
805,12	81,866
805,30	81,617
805,49	81,964
805,67	82,234
805,86	81,699
806,04	82,172
806,23	82,415
806,41	81,680
806,59	82,353
806,78	81,691
806,96	80,954
807,15	82,107
807,33	82,091
807,52	82,283
807,70	82,362
807,89	82,075
808,07	81,663
808,25	81,941
808,44	81,868
808,62	82,464
808,81	81,453
808,99	81,658
809,18	81,516
809,36	81,295
809,54	81,812
809,73	82,357
809,91	81,853
810,10	82,000
810,28	82,086
810,47	82,119
810,65	81,980
810,83	81,765
811,02	82,254
811,20	81,679
811,39	82,043
811,57	81,716
811,75	82,200
811,94	81,741
812,12	81,628
812,31	81,629
812,49	82,196
812,67	81,807
812,86	82,017
813,04	82,089
813,23	81,955
813,41	82,350
813,59	81,775
813,78	82,253
813,96	81,941
814,14	81,784
814,33	81,699
814,51	81,892
814,70	81,929
814,88	81,909
815,06	82,305
815,25	81,852
815,43	82,434
815,61	81,781
815,80	81,481
815,98	82,339
816,16	81,522
816,35	82,135
816,53	82,066
816,72	82,425
816,90	81,999
817,08	82,380
817,27	81,943
817,45	81,835
817,63	82,584
817,82	81,585
818,00	82,153
818,18	82,061
818,37	81,590
818,55	81,947
818,73	82,025
818,92	82,210
819,10	82,208
819,28	80,933
819,47	82,179
819,65	81,912
819,83	82,058
820,02	82,129
820,20	81,826
820,38	82,181
820,57	81,751
820,75	81,596
820,93	82,040
821,11	82,770
821,30	82,295
821,48	81,937
821,66	82,020
821,85	82,548
822,03	82,531
822,21	82,504
822,40	82,503
822,58	81,842
822,76	81,158
822,94	81,594
823,13	82,059
823,31	81,470
823,49	81,341
823,68	81,719
823,86	82,240
824,04	82,315
824,22	81,743
824,41	81,607
824,59	81,761
824,77	81,798
824,96	81,964
825,14	81,516
825,32	81,915
825,50	82,330
825,69	81,862
825,87	81,619
826,05	81,665
826,23	81,778
826,42	81,512
826,60	82,528
826,78	81,961
826,96	81,513
827,15	82,203
827,33	82,174
827,51	82,012
827,69	81,749
827,88	81,981
828,06	81,982
828,24	82,185
828,42	81,718
828,61	81,987
828,79	81,281
828,97	81,616
829,15	81,904
829,34	82,100
829,52	82,105
829,70	82,351
829,88	82,349
830,06	81,502
830,25	81,018
830,43	81,813
830,61	81,786
830,79	81,820
830,97	82,614
831,16	81,223
831,34	81,738
831,52	81,358
831,70	81,572
831,89	81,482
832,07	82,121
832,25	80,975
832,43	81,502
832,61	81,396
832,80	81,334
832,98	81,469
833,16	81,669
833,34	81,593
833,52	82,095
833,70	81,837
833,89	81,439
834,07	81,354
834,25	82,178
834,43	82,006
834,61	81,978
834,80	81,690
834,98	81,157
835,16	81,841
835,34	81,373
835,52	81,441
835,70	82,053
835,89	82,188
836,07	82,202
836,25	82,502
836,43	81,758
836,61	81,886
836,79	81,616
836,97	81,766
837,16	81,599
837,34	82,382
837,52	82,178
837,70	81,386
837,88	81,510
838,06	81,167
838,24	81,606
838,43	81,526
838,61	81,759
838,79	81,864
838,97	81,466
839,15	81,774
839,33	81,809
839,51	81,726
839,70	81,543
839,88	81,442
840,06	82,158
840,24	82,244
840,42	82,247
840,60	82,010
840,78	81,855
840,96	81,995
841,14	81,680
841,33	81,800
841,51	81,326
841,69	82,465
841,87	81,638
842,05	82,135
842,23	81,950
842,41	82,187
842,59	81,951
842,77	81,916
842,95	81,892
843,14	81,806
843,32	81,704
843,50	81,694
843,68	81,514
843,86	81,664
844,04	81,613
844,22	82,193
844,40	82,312
844,58	82,019
844,76	81,781
844,94	81,645
845,12	81,664
845,30	81,789
845,49	81,703
845,67	82,715
845,85	82,181
846,03	80,908
846,21	82,504
846,39	81,874
846,57	81,989
846,75	81,734
846,93	81,420
847,11	82,486
847,29	81,856
847,47	82,349
847,65	81,913
847,83	81,613
848,01	82,352
848,19	81,197
848,37	81,779
848,55	81,965
848,73	81,761
848,91	82,275
849,09	81,993
849,27	81,874
849,46	81,719
849,64	82,044
849,82	81,105
850,00	81,254
850,18	81,931
850,36	81,359
850,54	81,836
850,72	81,686
850,90	82,528
851,08	81,477
851,26	82,096
851,44	81,036
851,62	81,260
851,80	82,173
851,98	81,790
852,16	81,764
852,34	82,193
852,52	81,012
852,70	81,908
852,88	81,855
853,06	81,778
853,24	81,934
853,42	81,457
853,60	81,202
853,78	81,898
853,96	81,617
854,14	82,251
854,31	81,771
854,49	81,794
854,67	81,878
854,85	81,773
855,03	82,112
855,21	81,491
855,39	81,654
855,57	81,555
855,75	81,712
855,93	81,416
856,11	81,400
856,29	81,815
856,47	81,584
856,65	82,092
856,83	81,963
857,01	82,092
857,19	81,980
857,37	81,413
857,55	81,897
857,73	82,414
857,91	81,704
858,09	81,798
858,26	82,190
858,44	81,618
858,62	81,945
858,80	81,611
858,98	82,116
859,16	82,226
859,34	81,629
859,52	81,868
859,70	82,491
859,88	82,257
860,06	82,329
860,24	82,014
860,42	82,237
860,59	82,279
860,77	81,938
860,95	81,351
861,13	81,681
861,31	81,417
861,49	81,575
861,67	81,660
861,85	81,330
862,03	81,863
862,21	82,047
862,38	81,415
862,56	81,157
862,74	81,886
862,92	82,059
863,10	81,500
863,28	82,155
863,46	81,916
863,64	81,933
863,82	81,974
863,99	81,300
864,17	81,289
864,35	81,384
864,53	82,443
864,71	82,636
864,89	81,389
865,07	81,248
865,24	82,210
865,42	82,138
865,60	80,869
865,78	81,773
865,96	81,253
866,14	81,988
866,32	81,657
866,49	82,031
866,67	81,684
866,85	81,992
867,03	81,497
867,21	81,073
867,39	81,817
867,56	81,747
867,74	81,953
867,92	81,391
868,10	81,571
868,28	81,559
868,46	81,843
868,63	82,894
868,81	81,677
868,99	81,965
869,17	81,610
869,35	81,855
869,53	82,217
869,70	82,125
869,88	82,432
870,06	81,813
870,24	81,322
870,42	82,187
870,59	82,421
870,77	81,919
870,95	81,478
871,13	81,529
871,31	81,787
871,48	80,871
871,66	81,307
871,84	81,514
872,02	81,249
872,20	81,767
872,37	81,553
872,55	81,937
872,73	81,678
872,91	81,394
873,08	82,174
873,26	81,216
873,44	81,949
873,62	82,094
873,80	81,846
873,97	82,411
874,15	81,138
874,33	81,876
874,51	82,147
874,68	81,756
874,86	81,398
875,04	81,911
875,22	81,081
875,39	81,592
875,57	81,701
875,75	82,453
875,93	81,830
876,10	82,440
876,28	80,850
876,46	80,806
876,64	81,385
876,81	81,752
876,99	81,891
877,17	81,307
877,35	82,030
877,52	81,952
877,70	82,075
877,88	81,837
878,06	81,474
878,23	82,248
878,41	81,689
878,59	81,519
878,76	81,763
878,94	82,440
879,12	82,729
879,30	81,936
879,47	81,943
879,65	81,257
879,83	80,267
880,00	81,432
880,18	81,603
880,36	81,397
880,53	81,073
880,71	81,229
880,89	81,768
881,07	81,871
881,24	81,959
881,42	82,158
881,60	82,983
881,77	82,355
881,95	82,169
882,13	82,030
882,30	81,363
882,48	81,693
882,66	81,846
882,83	82,140
883,01	82,374
883,19	82,435
883,36	82,056
883,54	81,542
883,72	81,915
883,89	81,900
884,07	80,859
884,25	82,651
884,42	81,316
884,60	82,113
884,78	82,202
884,95	81,267
885,13	81,742
885,31	81,567
885,48	81,645
885,66	81,921
885,84	82,746
886,01	80,993
886,19	81,940
886,36	82,168
886,54	81,333
886,72	81,055
886,89	81,293
887,07	82,121
887,25	81,735
887,42	82,109
887,60	82,515
887,78	81,832
887,95	82,314
888,13	81,082
888,30	81,897
888,48	80,971
888,66	80,815
888,83	81,640
889,01	81,917
889,18	81,211
889,36	82,003
889,54	81,079
889,71	82,663
889,89	81,720
890,06	82,065
890,24	81,156
890,42	81,090
890,59	81,791
890,77	81,393
890,94	81,986
891,12	82,674
891,30	81,076
891,47	81,263
891,65	82,730
891,82	81,321
892,00	81,675
892,17	81,758
892,35	81,837
892,53	82,138
892,70	80,539
892,88	80,775
893,05	81,783
893,23	81,761
893,40	81,786
893,58	81,456
893,75	81,384
893,93	82,059
894,11	81,767
894,28	81,178
894,46	81,649
894,63	81,317
894,81	81,627
894,98	81,505
895,16	81,696
895,33	81,381
895,51	80,805
895,68	81,654
895,86	81,468
896,04	81,191
896,21	80,738
896,39	82,315
896,56	81,995
896,74	81,874
896,91	82,104
897,09	81,192
897,26	82,002
897,44	81,549
897,61	82,173
897,79	82,269
897,96	81,857
898,14	82,451
898,31	82,249
898,49	81,538
898,66	81,372
898,84	82,804
899,01	82,319
899,19	81,395
899,36	81,494
899,54	82,257
899,71	81,293
899,89	80,905
900,06	81,815
900,24	81,517
900,41	82,278
900,59	81,633
900,76	81,587
900,94	81,380
901,11	81,346
901,29	81,825
901,46	81,490
901,63	81,854
901,81	81,838
901,98	82,046
902,16	81,725
902,33	81,831
902,51	81,954
902,68	81,779
902,86	81,426
903,03	82,815
903,21	82,022
903,38	82,234
903,56	81,720
903,73	81,041
903,90	82,221
904,08	81,333
904,25	81,451
904,43	82,314
904,60	82,127
904,78	81,670
904,95	81,666
905,12	81,534
905,30	81,805
905,47	81,782
905,65	81,412
905,82	82,039
906,00	82,187
906,17	81,974
906,34	81,186
906,52	81,713
906,69	82,944
906,87	81,432
907,04	81,805
907,21	81,718
907,39	82,015
907,56	81,746
907,74	81,347
907,91	80,973
908,08	81,612
908,26	80,996
908,43	82,231
908,61	81,954
908,78	81,653
908,95	81,418
909,13	81,450
909,30	81,366
909,48	81,543
909,65	81,776
909,82	81,534
910,00	81,740
910,17	81,006
910,34	81,453
910,52	81,082
910,69	81,882
910,87	82,223
911,04	81,591
911,21	81,939
911,39	81,146
911,56	81,462
911,73	81,464
911,91	81,380
912,08	81,992
912,25	82,058
912,43	81,598
912,60	81,710
912,77	81,527
912,95	81,688
913,12	80,961
913,29	80,850
913,47	81,683
913,64	81,864
913,81	82,598
913,99	81,973
914,16	81,097
914,33	81,194
914,51	81,312
914,68	82,249
914,85	81,244
915,03	81,548
915,20	82,375
915,37	81,752
915,55	81,525
915,72	82,134
915,89	81,100
916,07	82,227
916,24	82,631
916,41	81,762
916,59	81,480
916,76	80,568
916,93	81,390
917,10	82,470
917,28	81,352
917,45	81,574
917,62	82,049
917,80	81,480
917,97	81,572
918,14	80,699
918,31	82,148
918,49	81,185
918,66	80,774
918,83	81,648
919,01	80,631
919,18	81,727
919,35	81,285
919,52	81,623
919,70	81,541
919,87	80,941
920,04	81,071
920,21	80,953
920,39	81,742
920,56	82,047
920,73	81,027
920,90	81,509
921,08	81,069
921,25	81,598
921,42	81,439
921,59	81,989
921,77	80,428
921,94	81,873
922,11	80,879
922,28	81,607
922,46	81,606
922,63	82,070
922,80	81,682
922,97	81,250
923,15	81,773
923,32	81,574
923,49	81,017
923,66	80,977
923,83	80,438
924,01	80,715
924,18	81,945
924,35	81,043
924,52	81,317
924,69	81,771
924,87	81,704
925,04	81,434
925,21	81,536
925,38	81,122
925,55	82,171
925,73	83,429
925,90	82,505
926,07	81,493
926,24	82,123
926,41	80,271
926,59	81,746
926,76	82,555
926,93	81,453
927,10	81,978
927,27	81,592
927,45	80,556
927,62	82,030
927,79	81,626
927,96	81,887
928,13	81,124
928,30	81,723
928,48	81,361
928,65	81,374
928,82	81,512
928,99	80,749
929,16	81,113
929,33	81,071
929,50	82,552
929,68	81,363
929,85	81,359
930,02	80,449
930,19	81,683
930,36	80,457
930,53	81,222
930,70	81,832
930,88	80,715
931,05	81,415
931,22	80,663
931,39	81,457
931,56	82,245
931,73	82,123
931,90	82,322
932,08	80,931
932,25	81,119
932,42	79,894
932,59	80,851
932,76	81,511
932,93	82,154
933,10	80,646
933,27	82,513
933,44	80,425
933,62	80,913
933,79	81,543
933,96	81,528
934,13	80,816
934,30	81,090
934,47	79,864
934,64	81,721
934,81	81,752
934,98	80,925
935,15	80,912
935,32	81,272
935,50	81,316
935,67	82,033
935,84	81,709
936,01	82,203
936,18	80,843
936,35	82,536
936,52	81,278
936,69	81,753
936,86	83,015
937,03	83,422
937,20	80,921
937,37	81,682
937,54	81,480
937,71	82,091
937,89	80,061
938,06	81,916
938,23	81,897
938,40	81,318
938,57	80,190
938,74	81,615
938,91	81,306
939,08	81,078
939,25	81,797
939,42	79,797
939,59	79,172
939,76	80,755
939,93	82,329
940,10	79,587
940,27	80,825
940,44	81,573
940,61	81,274
940,78	79,607
940,95	82,473
941,12	81,519
941,29	83,888
941,46	81,650
941,63	81,469
941,80	82,309
941,97	81,794
942,14	80,939
942,31	79,325
942,48	81,297
942,65	80,934
942,82	82,367
942,99	79,819
943,16	80,456
943,33	80,847
943,50	85,107
943,67	82,592
943,84	80,407
944,01	79,721
944,18	81,372
944,35	83,024
944,52	80,698
944,69	80,798
944,86	79,549
945,03	83,212
945,20	81,436
945,37	83,618
945,54	81,561
945,71	80,714
945,88	84,078
946,05	80,020
946,22	82,259
946,39	78,544
946,56	77,544
946,73	80,175
946,90	82,663
947,07	82,326
947,23	80,531
947,40	80,301
947,57	80,291
947,74	82,738
947,91	82,157
948,08	80,053
948,25	79,938
948,42	80,830
948,59	79,616
948,76	82,027
948,93	80,972
949,10	79,979
949,27	81,345
949,44	80,513
949,60	83,536
949,77	80,144
949,94	80,927
950,11	81,366
950,28	81,928
950,45	80,687
950,62	79,722
950,79	81,888
950,96	81,709
951,13	80,784
951,30	80,807
951,46	79,639
951,63	80,571
951,80	79,775
951,97	79,945
952,14	81,232
952,31	81,292
952,48	81,204
952,65	80,303
952,81	80,888
952,98	80,397
953,15	81,121
953,32	77,562
953,49	80,506
953,66	81,666
953,83	79,805
954,00	81,449
954,16	80,025
954,33	79,682
954,50	79,964
954,67	82,607
954,84	82,020
955,01	81,329
955,18	81,228
955,34	79,701
955,51	80,463
955,68	81,048
955,85	80,576
956,02	80,627
956,19	78,745
956,35	80,912
956,52	79,652
956,69	79,540
956,86	80,778
957,03	82,742
957,20	80,264
957,36	79,861
957,53	82,015
957,70	80,846
957,87	81,700
958,04	79,237
958,21	80,060
958,37	82,625
958,54	81,131
958,71	80,854
958,88	79,315
959,05	82,356
959,21	81,248
959,38	80,070
959,55	78,879
959,72	78,952
959,89	79,730
960,05	79,895
960,22	78,913
960,39	79,822
960,56	80,792
960,72	80,091
960,89	81,523
961,06	79,581
961,23	79,965
961,40	81,034
961,56	78,695
961,73	82,020
961,90	81,830
962,07	79,654
962,23	82,075
962,40	80,970
962,57	80,308
962,74	82,368
962,90	80,983
963,07	80,302
963,24	81,328
963,41	80,599
963,57	80,655
963,74	79,974
963,91	79,926
964,08	81,486
964,24	82,076
964,41	81,480
964,58	80,053
964,75	80,821
964,91	81,186
965,08	79,463
965,25	79,773
965,42	80,486
965,58	81,322
965,75	80,540
965,92	81,717
966,08	79,598
966,25	79,974
966,42	80,593
966,59	80,453
966,75	78,698
966,92	80,588
967,09	80,780
967,25	79,975
967,42	80,829
967,59	81,615
967,75	82,198
967,92	79,859
968,09	80,408
968,26	81,802
968,42	79,937
968,59	79,232
968,76	81,376
968,92	80,362
969,09	81,754
969,26	79,034
969,42	80,942
969,59	80,393
969,76	81,740
969,92	80,545
970,09	78,938
970,26	81,117
970,42	80,521
970,59	80,162
970,76	79,442
970,92	81,499
971,09	80,691
971,26	79,348
971,42	81,669
971,59	80,914
971,76	80,456
971,92	79,995
972,09	80,471
972,25	79,170
972,42	80,501
972,59	79,844
972,75	81,598
972,92	78,873
973,09	79,341
973,25	79,825
973,42	81,245
973,58	80,793
973,75	80,045
973,92	81,061
974,08	78,466
974,25	80,216
974,42	82,125
974,58	80,502
974,75	80,786
974,91	79,501
975,08	80,117
975,25	80,331
975,41	80,676
975,58	80,924
975,74	77,282
975,91	82,349
976,08	80,210
976,24	80,907
976,41	80,526
976,57	79,583
976,74	80,507
976,91	82,247
977,07	79,285
977,24	81,913
977,40	81,299
977,57	81,694
977,73	78,524
977,90	79,044
978,07	80,100
978,23	79,628
978,40	79,926
978,56	80,059
978,73	78,653
978,89	80,410
979,06	81,432
979,22	82,480
979,39	79,373
979,56	79,414
979,72	80,893
979,89	81,791
980,05	80,971
980,22	80,758
980,38	81,939
980,55	78,578
980,71	79,775
980,88	79,692
981,04	80,247
981,21	79,045
981,37	82,129
981,54	79,914
981,70	78,953
981,87	82,475
982,04	79,434
982,20	79,228
982,37	80,522
982,53	79,930
982,70	79,344
982,86	79,931
983,03	80,980
983,19	81,435
983,36	82,298
983,52	78,806
983,69	78,220
983,85	80,247
984,02	79,363
984,18	78,754
984,35	80,253
984,51	83,172
984,68	81,735
984,84	84,990
985,00	80,893
985,17	79,135
985,33	79,379
985,50	78,368
985,66	81,468
985,83	78,646
985,99	77,532
986,16	80,033
986,32	82,773
986,49	80,367
986,65	80,904
986,82	82,270
986,98	81,139
987,15	80,288
987,31	81,186
987,47	81,332
987,64	80,426
987,80	80,569
987,97	81,893
988,13	80,591
988,30	79,511
988,46	78,501
988,63	81,802
988,79	81,796
988,95	80,887
989,12	79,816
989,28	82,176
989,45	77,965
989,61	80,030
989,77	79,775
989,94	81,153
990,10	80,428
990,27	81,166
990,43	82,158
990,60	81,093
990,76	79,828
990,92	81,347
991,09	80,751
991,25	79,726
991,42	81,802
991,58	79,498
991,74	80,963
991,91	79,317
992,07	82,567
992,24	80,165
992,40	80,375
992,56	81,629
992,73	82,107
992,89	81,903
993,05	83,115
993,22	81,610
993,38	81,690
993,55	82,170
993,71	79,749
993,87	81,078
994,04	79,354
994,20	80,735
994,36	81,808
994,53	82,666
994,69	81,234
994,85	81,806
995,02	78,075
995,18	78,680
995,34	82,639
995,51	80,971
995,67	77,696
995,84	79,753
996,00	81,458
996,16	83,922
996,33	78,827
996,49	80,296
996,65	81,318
996,82	80,365
996,98	79,479
997,14	82,144
997,31	78,878
997,47	84,247
997,63	80,802
997,79	82,659
997,96	83,865
998,12	82,559
998,28	83,504
998,45	83,658
998,61	78,578
998,77	81,650
998,94	79,030
999,10	79,939
999,26	79,839
999,43	81,168
999,59	78,861
999,75	82,358
999,91	80,356
1000,08	82,018
1000,24	81,610
1000,40	81,800
1000,57	80,233
1000,73	81,836
1000,89	80,688
1001,05	79,408
1001,22	81,439
1001,38	80,693
1001,54	84,021
1001,70	83,023
1001,87	81,614
1002,03	82,139
1002,19	79,318
1002,35	80,412
1002,52	77,708
1002,68	79,597
1002,84	80,664
1003,00	82,722
1003,17	82,337
1003,33	79,921
1003,49	78,427
1003,65	83,474
1003,82	79,634
1003,98	79,763
1004,14	84,701
1004,30	79,990
1004,47	81,995
1004,63	79,345
1004,79	82,019
1004,95	78,806
1005,11	81,904
1005,28	83,351
1005,44	78,026
1005,60	82,537
1005,76	84,536
1005,93	80,378
1006,09	82,270
1006,25	81,156
1006,41	78,873
1006,57	78,318
1006,74	83,931
1006,90	78,140
1007,06	83,095
1007,22	80,799
1007,38	78,106
1007,55	85,200
1007,71	85,580
1007,87	86,527
1008,03	80,096
1008,19	80,915
1008,35	79,763
1008,52	81,423
1008,68	83,039
1008,84	79,315
1009,00	78,064
1009,16	84,388
1009,32	79,921
1009,49	81,106
1009,65	77,531
1009,81	81,169
1009,97	80,776
1010,13	79,816
1010,29	82,038
1010,46	83,267
1010,62	81,846
1010,78	84,219
1010,94	81,681
1011,10	81,264
1011,26	78,344
1011,42	80,863
1011,59	77,868
1011,75	81,039
1011,91	82,528
1012,07	79,697
1012,23	84,259
1012,39	81,213
1012,55	83,110
1012,71	81,287
1012,88	83,156
1013,04	83,198
1013,20	80,643
1013,36	79,778
1013,52	80,077
1013,68	85,021
1013,84	83,007
1014,00	79,087
1014,16	79,922
1014,33	82,320
1014,49	76,556
1014,65	85,618
1014,81	78,479
1014,97	81,702
1015,13	76,918
1015,29	81,472
1015,45	78,742
1015,61	81,360
1015,77	80,255
1015,93	77,348
1016,09	84,696
1016,26	75,937
1016,42	79,443
1016,58	83,835
1016,74	80,431
1016,90	80,821
1017,06	82,324
1017,22	75,790
1017,38	78,379
1017,54	75,067
1017,70	83,053
1017,86	82,254
1018,02	78,682
1018,18	78,061
1018,34	81,755
1018,50	85,176
1018,66	78,790
1018,82	80,282
1018,98	88,782
1019,14	81,275
1019,31	76,192
1019,47	82,856
1019,63	81,232
1019,79	84,932
1019,95	85,444
1020,11	76,607
1020,27	84,688
1020,43	84,490
1020,59	85,835
1020,75	78,206
1020,91	87,844
1021,07	77,277
1021,23	76,699
1021,39	86,765
1021,55	78,315
1021,71	82,325
1021,87	86,553
1022,03	79,255
1022,19	81,681
1022,35	80,264
1022,51	78,837
1022,67	85,958
1022,83	83,333
1022,99	81,730
1023,15	79,102
1023,31	76,484
1023,47	82,368
1023,63	80,387
1023,79	81,951
1023,95	83,215
1024,10	83,264
1024,26	89,838
1024,42	78,405
1024,58	84,322
1024,74	83,498
1024,90	80,452
1025,06	86,863
1025,22	83,110
1025,38	75,306
1025,54	80,185
1025,70	79,811
1025,86	81,381
1026,02	82,991
1026,18	76,976
1026,34	79,632
1026,50	84,166
1026,66	83,055
1026,82	75,963
1026,98	78,599
1027,13	84,861
1027,29	81,479
1027,45	82,096
1027,61	92,069
1027,77	80,687
1027,93	84,467
1028,09	82,426
1028,25	78,532
1028,41	90,458
1028,57	84,037
1028,73	88,122
1028,88	83,249
1029,04	89,163
1029,20	83,433
1029,36	82,294
1029,52	88,682
1029,68	77,793
1029,84	82,562
1030,00	79,460
1030,16	80,540
1030,32	79,875
1030,47	87,435
1030,63	85,659
1030,79	78,440
1030,95	73,947
1031,11	81,034
1031,27	89,809
1031,43	84,038
1031,59	79,346
1031,74	86,176
1031,90	86,233
1032,06	76,809
1032,22	82,203
1032,38	83,049
1032,54	80,668
1032,69	86,107
1032,85	73,328
1033,01	88,385
1033,17	84,373
1033,33	81,785
1033,49	83,968
1033,65	86,615
1033,80	85,638
1033,96	71,049
1034,12	71,726
1034,28	87,122
1034,44	92,045
1034,60	82,180
1034,75	87,660
1034,91	83,055
1035,07	94,267
1035,23	78,336
1035,39	77,551
1035,54	83,556
1035,70	73,582
1035,86	84,672
1036,02	82,284
1036,18	83,913
1036,33	71,528
1036,49	89,163
1036,65	72,881
1036,81	91,889
1036,97	77,620
1037,12	76,115
1037,28	84,601
1037,44	84,502
1037,60	77,089
1037,76	95,155
1037,91	73,747
1038,07	76,036
1038,23	84,023
1038,39	86,693
1038,54	80,993
1038,70	74,156
1038,86	81,269
1039,02	82,865
1039,17	78,662
1039,33	77,653
1039,49	76,772
1039,65	70,915
1039,80	76,956
1039,96	74,322
1040,12	88,068
1040,28	88,047
>>>>> Data<<<<< Espectral Procesado Extremo
