Fichero De Datos De SpectraSuite
++++++++++++++++++++++++++++++++++++
Fecha: Mon Jul 06 10:31:34 CST 2026
Usuario: HP
Presente Oscuro Del Espectro: Sí
La Referencia de Presente Del Espectro De: Sí
Muestreados de los componentes de Número de espectros: 1
Espectrómetros: USB4H06056
Tiempo de integración (usec): 300000 (USB4H06056)
Promedio de Espectros Hechos un: 5 (USB4H06056)
El Alisar Del Furgón: 0 (USB4H06056)
Párrafo de de Corregir del la del del de Eléctrica del obscuridad: No (USB4H06056)
Estrobo/Lámpara Permitido: No (USB4H06056)
Correct for Detector Non-linearity: No (USB4H06056)
Párrafo de de Corregir del la del del de Externa del luz: No (USB4H06056)
Procesado del espectro de Número de pixeles en: 3648
>>>>> Comienza Data<<<<< Espectral Procesado Del EL
345.09	16.667
345.30	16.667
345.52	16.667
345.74	276.923
345.95	633.333
346.17	-33.333
346.39	362.500
346.60	56.098
346.82	-255.556
347.04	-900.000
347.25	8.889
347.47	-2.500
347.69	188.889
347.90	-91.111
348.12	81.250
348.34	122.353
348.56	-2180.000
348.77	-55.696
348.99	125.806
349.21	21.341
349.42	570.588
349.64	99.387
349.86	1700.000
350.07	34.400
350.29	100.000
350.51	-1500.000
350.72	-16.774
350.94	66.667
351.16	61.111
351.37	-180.000
351.59	165.714
351.81	48.462
352.02	49.167
352.24	118.033
352.46	-890.000
352.67	-35.366
352.89	133.594
353.10	71.127
353.32	105.128
353.54	64.198
353.75	-100.000
353.97	33.529
354.19	73.504
354.40	281.818
354.62	131.169
354.84	75.862
355.05	96.610
355.27	518.750
355.49	64.103
355.70	20.968
355.92	326.667
356.14	39.490
356.35	-1183.333
356.57	27.473
356.78	54.945
357.00	452.632
357.22	43.269
357.43	47.333
357.65	21.429
357.87	28.571
358.08	294.000
358.30	63.636
358.51	68.027
358.73	-72.727
358.95	177.778
359.16	24.405
359.38	32.667
359.60	87.037
359.81	-42.857
360.03	173.770
360.24	77.011
360.46	37.500
360.68	102.985
360.89	88.571
361.11	231.707
361.33	120.000
361.54	280.357
361.76	29.870
361.97	83.607
362.19	280.702
362.41	20.301
362.62	1.961
362.84	200.000
363.05	67.176
363.27	51.064
363.49	114.286
363.70	78.740
363.92	100.000
364.13	88.462
364.35	35.556
364.57	197.500
364.78	-9.524
365.00	63.492
365.21	13.761
365.43	81.579
365.65	157.500
365.86	35.897
366.08	49.254
366.29	110.596
366.51	103.774
366.73	39.130
366.94	43.836
367.16	30.645
367.37	166.667
367.59	35.079
367.80	184.270
368.02	45.455
368.24	-23.288
368.45	82.707
368.67	56.593
368.88	4.444
369.10	55.128
369.31	76.129
369.53	45.423
369.75	93.000
369.96	266.667
370.18	63.077
370.39	77.253
370.61	54.286
370.82	209.434
371.04	88.000
371.26	146.043
371.47	56.154
371.69	82.759
371.90	92.481
372.12	41.566
372.33	83.439
372.55	17.808
372.76	57.692
372.98	35.294
373.20	76.829
373.41	107.925
373.63	49.462
373.84	62.308
374.06	32.919
374.27	49.130
374.49	88.288
374.70	52.439
374.92	47.000
375.13	22.353
375.35	61.250
375.57	42.857
375.78	71.658
376.00	74.915
376.21	87.160
376.43	140.909
376.64	98.462
376.86	82.000
377.07	61.677
377.29	152.083
377.50	89.286
377.72	100.000
377.93	56.107
378.15	59.355
378.36	78.409
378.58	128.462
378.80	-3.571
379.01	48.958
379.23	54.128
379.44	10.000
379.66	97.340
379.87	78.161
380.09	2.542
380.30	6.987
380.52	17.708
380.73	-16.216
380.95	104.580
381.16	34.118
381.38	48.831
381.59	67.808
381.81	48.125
382.02	46.341
382.24	-2.174
382.45	35.714
382.67	87.330
382.88	69.872
383.10	43.564
383.31	-46.535
383.53	71.831
383.74	45.625
383.96	127.068
384.17	91.667
384.39	25.564
384.60	106.548
384.82	154.348
385.03	43.069
385.25	73.301
385.46	58.730
385.68	40.945
385.89	33.333
386.11	32.597
386.32	67.485
386.54	32.000
386.75	101.389
386.97	155.556
387.18	54.709
387.40	93.617
387.61	47.761
387.83	63.902
388.04	117.544
388.25	54.098
388.47	51.639
388.68	85.366
388.90	46.528
389.11	104.587
389.33	56.881
389.54	89.840
389.76	140.000
389.97	54.848
390.19	46.502
390.40	-15.000
390.62	56.627
390.83	77.489
391.05	78.723
391.26	-85.556
391.47	55.789
391.69	119.429
391.90	73.427
392.12	104.145
392.33	36.478
392.55	62.882
392.76	84.564
392.98	0.000
393.19	74.007
393.41	79.268
393.62	56.872
393.83	71.200
394.05	52.571
394.26	38.267
394.48	61.832
394.69	53.535
394.91	83.810
395.12	91.964
395.34	47.143
395.55	19.557
395.76	60.726
395.98	42.985
396.19	49.714
396.41	60.777
396.62	85.222
396.84	92.069
397.05	71.674
397.26	56.447
397.48	50.206
397.69	72.894
397.91	29.891
398.12	-9.783
398.33	26.807
398.55	63.014
398.76	47.152
398.98	46.023
399.19	51.493
399.41	76.449
399.62	40.175
399.83	77.337
400.05	68.923
400.26	86.250
400.48	48.824
400.69	6.608
400.90	50.168
401.12	46.313
401.33	55.394
401.55	38.753
401.76	37.261
401.97	63.158
402.19	69.373
402.40	53.659
402.62	46.866
402.83	-8.696
403.04	43.384
403.26	38.205
403.47	42.535
403.69	58.400
403.90	41.553
404.11	37.166
404.33	47.301
404.54	42.520
404.76	26.197
404.97	34.463
405.18	40.989
405.40	48.320
405.61	44.499
405.83	44.369
406.04	2.477
406.25	41.961
406.47	62.500
406.68	45.085
406.89	56.939
407.11	54.023
407.32	35.604
407.54	49.606
407.75	36.784
407.96	46.539
408.18	39.767
408.39	27.640
408.60	39.726
408.82	42.007
409.03	42.116
409.24	39.918
409.46	51.520
409.67	38.278
409.89	27.480
410.10	29.981
410.31	26.866
410.53	28.962
410.74	40.000
410.95	19.583
411.17	42.424
411.38	45.402
411.59	33.886
411.81	43.162
412.02	44.779
412.23	41.966
412.45	19.286
412.66	26.325
412.87	13.257
413.09	31.392
413.30	26.984
413.51	31.788
413.73	23.540
413.94	30.085
414.15	38.773
414.37	37.037
414.58	30.055
414.79	31.069
415.01	31.858
415.22	29.479
415.43	32.532
415.65	14.437
415.86	17.349
416.07	28.094
416.29	32.824
416.50	29.368
416.71	30.903
416.93	23.542
417.14	20.075
417.35	22.505
417.57	26.667
417.78	25.312
417.99	30.480
418.21	25.105
418.42	29.249
418.63	23.328
418.85	24.582
419.06	21.773
419.27	22.832
419.48	16.639
419.70	25.233
419.91	24.485
420.12	16.121
420.34	23.639
420.55	21.756
420.76	17.029
420.98	17.241
421.19	25.623
421.40	14.370
421.61	13.677
421.83	16.731
422.04	17.145
422.25	14.162
422.47	21.059
422.68	22.067
422.89	19.977
423.11	17.794
423.32	10.182
423.53	6.406
423.74	8.938
423.96	17.934
424.17	14.554
424.38	15.598
424.59	12.847
424.81	17.190
425.02	14.235
425.23	16.294
425.45	15.304
425.66	11.676
425.87	9.609
426.08	12.224
426.30	8.921
426.51	16.423
426.72	9.617
426.93	15.264
427.15	9.548
427.36	12.849
427.57	14.286
427.79	9.280
428.00	12.916
428.21	52.712
428.42	9.362
428.64	13.896
428.85	12.746
429.06	13.885
429.27	16.743
429.49	7.677
429.70	7.849
429.91	14.242
430.12	15.090
430.34	11.626
430.55	11.819
430.76	14.627
430.97	14.781
431.19	12.403
431.40	9.395
431.61	13.006
431.82	10.854
432.03	10.233
432.25	14.730
432.46	11.518
432.67	5.005
432.88	12.246
433.10	7.572
433.31	6.477
433.52	13.862
433.73	12.350
433.95	9.028
434.16	7.835
434.37	11.989
434.58	10.907
434.79	10.179
435.01	8.914
435.22	12.811
435.43	13.077
435.64	8.982
435.86	10.166
436.07	9.603
436.28	11.450
436.49	11.945
436.70	5.785
436.92	9.386
437.13	11.549
437.34	13.068
437.55	6.910
437.76	10.574
437.98	9.536
438.19	10.266
438.40	10.895
438.61	15.758
438.82	7.992
439.04	9.179
439.25	12.751
439.46	7.663
439.67	8.399
439.88	9.671
440.10	10.415
440.31	9.195
440.52	10.492
440.73	12.363
440.94	10.859
441.16	10.145
441.37	9.080
441.58	9.353
441.79	10.447
442.00	11.213
442.21	10.939
442.43	11.467
442.64	10.665
442.85	12.245
443.06	9.041
443.27	10.721
443.48	10.829
443.70	11.686
443.91	11.766
444.12	12.014
444.33	10.448
444.54	9.569
444.75	7.886
444.97	8.819
445.18	7.902
445.39	7.984
445.60	10.537
445.81	8.646
446.02	11.231
446.24	10.874
446.45	11.502
446.66	12.553
446.87	9.917
447.08	6.783
447.29	6.628
447.51	10.714
447.72	9.752
447.93	10.197
448.14	9.210
448.35	9.907
448.56	11.025
448.77	8.964
448.99	9.956
449.20	8.563
449.41	11.646
449.62	8.772
449.83	8.767
450.04	11.733
450.25	9.752
450.46	9.040
450.68	12.380
450.89	12.104
451.10	9.503
451.31	10.059
451.52	12.156
451.73	9.350
451.94	12.264
452.15	12.795
452.37	10.270
452.58	8.722
452.79	9.877
453.00	9.051
453.21	8.926
453.42	7.014
453.63	12.568
453.84	12.846
454.06	10.756
454.27	11.478
454.48	9.881
454.69	10.991
454.90	9.970
455.11	10.968
455.32	10.240
455.53	9.989
455.74	9.958
455.95	10.478
456.17	10.353
456.38	11.501
456.59	9.229
456.80	9.042
457.01	9.983
457.22	10.422
457.43	11.034
457.64	8.266
457.85	10.854
458.06	10.260
458.27	10.155
458.49	11.262
458.70	11.052
458.91	10.599
459.12	11.208
459.33	9.908
459.54	11.311
459.75	11.011
459.96	9.766
460.17	12.135
460.38	11.997
460.59	10.907
460.80	9.458
461.01	10.498
461.23	10.056
461.44	9.252
461.65	8.751
461.86	10.670
462.07	10.652
462.28	10.843
462.49	11.703
462.70	9.532
462.91	9.338
463.12	11.608
463.33	9.680
463.54	10.059
463.75	9.780
463.96	10.043
464.17	9.681
464.38	10.211
464.59	11.021
464.81	9.802
465.02	10.511
465.23	8.649
465.44	11.152
465.65	10.181
465.86	10.165
466.07	9.535
466.28	9.511
466.49	11.188
466.70	9.327
466.91	10.121
467.12	11.235
467.33	9.982
467.54	10.020
467.75	11.142
467.96	10.630
468.17	10.406
468.38	10.929
468.59	10.679
468.80	11.579
469.01	11.464
469.22	9.994
469.43	10.110
469.64	11.671
469.85	12.360
470.06	9.929
470.27	11.513
470.48	11.120
470.69	11.730
470.90	10.527
471.11	11.814
471.32	10.855
471.53	10.501
471.74	10.902
471.95	9.924
472.16	11.018
472.37	11.380
472.58	12.523
472.79	9.285
473.00	9.974
473.21	10.225
473.42	11.442
473.63	10.528
473.84	10.450
474.05	10.375
474.26	10.646
474.47	8.644
474.68	10.224
474.89	10.172
475.10	9.112
475.31	9.618
475.52	10.814
475.73	12.058
475.94	11.213
476.15	10.005
476.36	11.955
476.57	9.968
476.78	12.084
476.99	10.633
477.20	10.385
477.41	9.635
477.62	10.513
477.83	11.555
478.04	10.098
478.25	10.072
478.46	10.565
478.67	9.766
478.88	10.927
479.09	11.172
479.30	10.611
479.51	10.616
479.72	11.175
479.93	10.995
480.14	9.570
480.35	9.680
480.56	10.722
480.77	10.710
480.98	10.727
481.18	10.028
481.39	10.563
481.60	10.451
481.81	9.743
482.02	10.702
482.23	10.195
482.44	10.537
482.65	9.822
482.86	10.636
483.07	10.613
483.28	11.213
483.49	10.297
483.70	9.002
483.91	9.849
484.12	10.365
484.33	11.120
484.53	10.689
484.74	10.597
484.95	10.135
485.16	10.817
485.37	10.903
485.58	10.819
485.79	10.707
486.00	10.115
486.21	10.384
486.42	10.526
486.63	10.468
486.84	10.772
487.05	10.413
487.25	10.940
487.46	10.420
487.67	10.117
487.88	10.346
488.09	10.811
488.30	10.807
488.51	10.029
488.72	10.243
488.93	10.650
489.14	10.975
489.35	10.613
489.55	10.416
489.76	10.294
489.97	10.006
490.18	10.361
490.39	10.516
490.60	9.648
490.81	10.182
491.02	9.899
491.23	10.491
491.43	10.495
491.64	10.689
491.85	10.343
492.06	10.510
492.27	10.389
492.48	10.483
492.69	10.988
492.90	10.510
493.11	10.534
493.31	10.650
493.52	10.017
493.73	10.428
493.94	10.516
494.15	10.523
494.36	10.570
494.57	9.818
494.78	10.766
494.98	10.458
495.19	10.803
495.40	10.386
495.61	10.588
495.82	11.010
496.03	10.478
496.24	10.490
496.44	10.338
496.65	10.521
496.86	10.433
497.07	10.963
497.28	10.609
497.49	11.572
497.70	9.849
497.90	10.102
498.11	10.477
498.32	11.023
498.53	10.511
498.74	10.609
498.95	10.199
499.15	10.949
499.36	11.143
499.57	10.598
499.78	10.839
499.99	10.319
500.20	10.363
500.40	10.942
500.61	10.834
500.82	10.211
501.03	10.470
501.24	10.517
501.45	9.966
501.65	10.526
501.86	10.533
502.07	10.978
502.28	10.669
502.49	10.635
502.70	10.693
502.90	10.314
503.11	11.170
503.32	10.572
503.53	10.466
503.74	10.182
503.94	10.297
504.15	10.862
504.36	10.629
504.57	10.328
504.78	10.523
504.98	10.522
505.19	10.619
505.40	11.415
505.61	10.828
505.82	10.892
506.02	10.900
506.23	10.487
506.44	11.053
506.65	10.873
506.86	10.674
507.06	10.027
507.27	10.477
507.48	10.544
507.69	10.331
507.90	10.480
508.10	11.161
508.31	11.113
508.52	10.972
508.73	11.125
508.94	10.787
509.14	10.879
509.35	11.257
509.56	10.537
509.77	10.768
509.97	10.412
510.18	11.149
510.39	10.975
510.60	11.447
510.80	11.309
511.01	10.569
511.22	10.779
511.43	11.113
511.64	11.221
511.84	10.650
512.05	11.054
512.26	10.899
512.47	10.608
512.67	11.195
512.88	11.254
513.09	11.658
513.30	11.376
513.50	11.188
513.71	11.081
513.92	10.878
514.13	11.121
514.33	11.024
514.54	11.196
514.75	11.396
514.96	11.308
515.16	11.083
515.37	11.044
515.58	11.494
515.78	11.193
515.99	11.269
516.20	11.101
516.41	11.893
516.61	11.246
516.82	11.307
517.03	11.090
517.24	11.191
517.44	11.608
517.65	11.310
517.86	11.621
518.07	11.733
518.27	11.703
518.48	11.563
518.69	11.703
518.89	11.577
519.10	11.745
519.31	12.057
519.52	11.923
519.72	11.432
519.93	12.173
520.14	11.794
520.34	12.062
520.55	11.878
520.76	12.312
520.96	12.214
521.17	11.989
521.38	12.734
521.59	12.528
521.79	12.359
522.00	12.029
522.21	12.593
522.41	11.972
522.62	12.449
522.83	12.770
523.03	12.366
523.24	12.487
523.45	12.775
523.66	12.330
523.86	12.546
524.07	13.074
524.28	13.014
524.48	12.668
524.69	13.241
524.90	13.233
525.10	12.751
525.31	13.654
525.52	13.138
525.72	13.247
525.93	13.139
526.14	13.571
526.34	13.244
526.55	13.342
526.76	13.017
526.96	13.929
527.17	13.405
527.38	14.128
527.58	13.827
527.79	13.750
528.00	14.027
528.20	13.710
528.41	13.959
528.62	13.885
528.82	14.078
529.03	14.225
529.24	13.804
529.44	14.647
529.65	14.527
529.85	14.190
530.06	14.179
530.27	14.328
530.47	14.962
530.68	14.004
530.89	14.615
531.09	14.285
531.30	14.618
531.51	14.978
531.71	14.925
531.92	14.402
532.13	14.920
532.33	15.049
532.54	15.003
532.74	14.760
532.95	15.025
533.16	15.267
533.36	15.246
533.57	15.143
533.78	15.447
533.98	15.515
534.19	14.997
534.39	15.125
534.60	15.560
534.81	15.577
535.01	15.061
535.22	15.526
535.42	15.544
535.63	15.417
535.84	15.602
536.04	14.899
536.25	15.413
536.45	15.363
536.66	16.114
536.87	15.302
537.07	15.746
537.28	15.305
537.48	15.650
537.69	15.760
537.90	15.808
538.10	16.167
538.31	15.763
538.51	15.557
538.72	16.087
538.93	15.524
539.13	15.878
539.34	15.578
539.54	16.105
539.75	15.774
539.96	15.900
540.16	15.802
540.37	15.958
540.57	16.462
540.78	15.962
540.98	16.267
541.19	15.830
541.40	15.354
541.60	15.829
541.81	16.026
542.01	16.000
542.22	16.187
542.42	16.108
542.63	16.072
542.83	15.889
543.04	16.635
543.25	15.809
543.45	16.155
543.66	16.394
543.86	15.905
544.07	16.231
544.27	15.978
544.48	15.867
544.68	16.275
544.89	16.352
545.10	16.061
545.30	16.004
545.51	16.125
545.71	16.384
545.92	16.540
546.12	16.250
546.33	16.934
546.53	16.267
546.74	16.270
546.94	16.270
547.15	16.033
547.36	16.085
547.56	16.547
547.77	16.374
547.97	16.500
548.18	16.371
548.38	16.274
548.59	16.651
548.79	16.310
549.00	16.227
549.20	16.429
549.41	16.734
549.61	16.140
549.82	16.322
550.02	15.971
550.23	16.222
550.43	16.526
550.64	16.433
550.84	16.337
551.05	16.411
551.25	16.361
551.46	16.603
551.66	16.229
551.87	16.346
552.07	16.519
552.28	16.065
552.48	16.168
552.69	16.185
552.89	16.380
553.10	16.687
553.30	16.383
553.51	16.262
553.71	16.223
553.92	16.463
554.12	16.254
554.33	16.264
554.53	16.574
554.74	16.779
554.94	16.452
555.15	16.632
555.35	16.597
555.56	16.483
555.76	16.463
555.97	16.475
556.17	16.719
556.38	16.765
556.58	16.761
556.78	16.491
556.99	16.720
557.19	16.353
557.40	16.473
557.60	16.431
557.81	16.482
558.01	16.444
558.22	16.541
558.42	16.377
558.63	16.239
558.83	16.681
559.04	16.134
559.24	16.451
559.44	16.813
559.65	16.366
559.85	16.047
560.06	16.084
560.26	16.636
560.47	16.448
560.67	16.424
560.88	16.450
561.08	16.688
561.28	16.309
561.49	16.459
561.69	16.337
561.90	16.418
562.10	16.101
562.31	16.283
562.51	16.426
562.71	16.335
562.92	15.971
563.12	16.223
563.33	16.149
563.53	16.080
563.74	15.846
563.94	15.901
564.14	16.106
564.35	15.936
564.55	15.749
564.76	15.999
564.96	15.810
565.17	16.022
565.37	16.331
565.57	15.763
565.78	15.900
565.98	15.785
566.19	15.721
566.39	15.689
566.59	15.530
566.80	15.865
567.00	15.725
567.21	15.540
567.41	15.743
567.61	15.575
567.82	15.713
568.02	15.488
568.23	15.613
568.43	15.544
568.63	15.315
568.84	15.327
569.04	15.450
569.24	15.401
569.45	15.020
569.65	15.155
569.86	15.418
570.06	15.157
570.26	14.675
570.47	14.741
570.67	15.008
570.87	14.561
571.08	15.057
571.28	14.569
571.49	14.919
571.69	14.643
571.89	14.596
572.10	14.600
572.30	14.747
572.50	14.540
572.71	14.582
572.91	14.621
573.11	14.580
573.32	14.362
573.52	14.416
573.73	14.178
573.93	14.484
574.13	14.358
574.34	14.382
574.54	14.653
574.74	14.090
574.95	14.183
575.15	13.995
575.35	14.027
575.56	13.807
575.76	13.925
575.96	13.739
576.17	14.149
576.37	14.198
576.57	13.876
576.78	13.904
576.98	13.897
577.18	13.927
577.39	13.748
577.59	13.734
577.79	13.570
578.00	13.474
578.20	13.986
578.40	13.566
578.61	13.565
578.81	13.363
579.01	13.719
579.22	13.534
579.42	13.288
579.62	13.398
579.82	13.464
580.03	13.385
580.23	13.240
580.43	13.321
580.64	13.117
580.84	13.200
581.04	13.131
581.25	12.911
581.45	13.087
581.65	13.266
581.86	12.874
582.06	13.239
582.26	13.155
582.46	12.055
582.67	12.898
582.87	12.715
583.07	12.789
583.28	12.909
583.48	13.025
583.68	12.987
583.88	12.811
584.09	12.778
584.29	12.801
584.49	12.867
584.70	12.730
584.90	12.730
585.10	12.681
585.30	12.387
585.51	12.691
585.71	12.750
585.91	12.785
586.11	12.459
586.32	12.873
586.52	12.872
586.72	12.508
586.92	12.670
587.13	12.659
587.33	12.678
587.53	12.452
587.74	12.499
587.94	12.879
588.14	12.436
588.34	12.582
588.55	12.451
588.75	12.217
588.95	12.431
589.15	12.427
589.36	12.405
589.56	12.299
589.76	11.858
589.96	12.421
590.16	12.262
590.37	12.275
590.57	12.215
590.77	12.195
590.97	12.529
591.18	12.257
591.38	12.031
591.58	15.422
591.78	12.443
591.99	12.684
592.19	12.055
592.39	12.367
592.59	11.941
592.79	12.325
593.00	12.199
593.20	12.280
593.40	12.135
593.60	11.967
593.81	12.224
594.01	12.083
594.21	11.745
594.41	11.909
594.61	12.153
594.82	12.227
595.02	11.912
595.22	12.155
595.42	11.932
595.62	11.913
595.83	11.898
596.03	11.605
596.23	12.138
596.43	12.008
596.63	12.622
596.84	11.886
597.04	11.978
597.24	12.193
597.44	11.740
597.64	11.942
597.84	12.187
598.05	11.790
598.25	12.207
598.45	12.113
598.65	11.789
598.85	11.873
599.06	11.621
599.26	11.547
599.46	11.955
599.66	11.970
599.86	12.101
600.06	11.942
600.27	11.836
600.47	11.816
600.67	11.886
600.87	11.616
601.07	11.918
601.27	11.924
601.48	12.019
601.68	12.206
601.88	11.679
602.08	11.522
602.28	11.636
602.48	11.700
602.68	12.035
602.89	11.457
603.09	11.564
603.29	12.074
603.49	12.037
603.69	11.522
603.89	11.788
604.09	11.894
604.30	11.842
604.50	11.751
604.70	11.504
604.90	11.660
605.10	11.643
605.30	11.605
605.50	11.681
605.71	11.706
605.91	11.768
606.11	11.843
606.31	11.634
606.51	11.835
606.71	11.621
606.91	11.636
607.11	11.657
607.32	11.633
607.52	11.379
607.72	11.792
607.92	11.395
608.12	11.750
608.32	11.681
608.52	11.478
608.72	11.641
608.92	11.609
609.12	11.566
609.33	11.552
609.53	11.276
609.73	11.452
609.93	11.544
610.13	11.716
610.33	11.143
610.53	11.690
610.73	11.688
610.93	11.701
611.13	11.589
611.34	11.439
611.54	11.680
611.74	11.319
611.94	11.396
612.14	11.688
612.34	11.433
612.54	11.133
612.74	11.313
612.94	11.507
613.14	11.501
613.34	11.509
613.54	11.485
613.74	11.442
613.95	11.413
614.15	11.271
614.35	11.342
614.55	11.409
614.75	11.382
614.95	11.509
615.15	11.384
615.35	11.236
615.55	11.343
615.75	11.464
615.95	11.423
616.15	11.532
616.35	11.288
616.55	11.547
616.75	11.333
616.95	11.431
617.15	11.326
617.35	11.334
617.56	11.418
617.76	11.290
617.96	11.415
618.16	11.193
618.36	11.253
618.56	11.201
618.76	11.433
618.96	11.436
619.16	10.990
619.36	11.277
619.56	11.105
619.76	11.427
619.96	11.113
620.16	11.168
620.36	11.180
620.56	11.180
620.76	11.296
620.96	11.207
621.16	11.133
621.36	11.038
621.56	11.089
621.76	11.091
621.96	10.964
622.16	11.111
622.36	11.053
622.56	11.278
622.76	11.085
622.96	10.961
623.16	11.048
623.36	10.716
623.56	11.188
623.76	10.840
623.96	11.198
624.16	10.865
624.36	11.313
624.56	10.813
624.76	11.099
624.96	10.822
625.16	11.195
625.36	10.996
625.56	11.445
625.76	11.318
625.96	11.195
626.16	11.001
626.36	11.322
626.56	11.071
626.76	10.895
626.96	11.382
627.16	11.068
627.36	11.018
627.56	11.076
627.76	11.092
627.96	11.219
628.16	11.267
628.36	11.120
628.56	11.088
628.75	11.065
628.95	11.288
629.15	11.244
629.35	10.881
629.55	11.049
629.75	11.226
629.95	11.035
630.15	11.028
630.35	11.115
630.55	10.932
630.75	10.853
630.95	10.727
631.15	10.924
631.35	10.956
631.55	10.760
631.75	10.765
631.95	11.163
632.15	11.049
632.34	11.137
632.54	10.877
632.74	10.913
632.94	10.988
633.14	10.914
633.34	10.734
633.54	10.775
633.74	10.932
633.94	10.693
634.14	11.002
634.34	10.821
634.54	10.832
634.74	10.800
634.93	10.756
635.13	10.757
635.33	10.923
635.53	11.016
635.73	10.944
635.93	10.794
636.13	11.020
636.33	10.711
636.53	10.865
636.73	10.936
636.93	10.920
637.12	10.913
637.32	10.586
637.52	10.734
637.72	10.764
637.92	10.580
638.12	10.647
638.32	10.961
638.52	10.764
638.72	10.916
638.91	10.934
639.11	10.966
639.31	10.617
639.51	10.898
639.71	10.630
639.91	10.768
640.11	10.603
640.31	10.902
640.50	10.726
640.70	10.840
640.90	10.699
641.10	10.641
641.30	10.574
641.50	10.673
641.70	10.914
641.89	10.535
642.09	10.533
642.29	10.680
642.49	10.605
642.69	10.330
642.89	10.551
643.09	10.773
643.28	10.583
643.48	10.689
643.68	10.669
643.88	10.557
644.08	10.553
644.28	10.361
644.48	10.501
644.67	10.238
644.87	10.311
645.07	10.429
645.27	10.595
645.47	10.621
645.67	10.476
645.86	10.433
646.06	10.395
646.26	10.578
646.46	10.377
646.66	10.619
646.85	10.367
647.05	10.462
647.25	10.603
647.45	10.194
647.65	10.422
647.85	10.394
648.04	10.511
648.24	10.310
648.44	10.273
648.64	10.428
648.84	10.215
649.03	10.247
649.23	10.424
649.43	10.277
649.63	10.300
649.83	10.214
650.02	10.220
650.22	10.458
650.42	10.480
650.62	9.963
650.82	10.347
651.01	10.573
651.21	10.145
651.41	10.333
651.61	10.468
651.81	10.474
652.00	10.254
652.20	10.319
652.40	10.302
652.60	10.472
652.79	10.412
652.99	10.110
653.19	10.352
653.39	10.291
653.59	10.386
653.78	10.282
653.98	10.096
654.18	10.247
654.38	10.152
654.57	10.153
654.77	10.412
654.97	10.222
655.17	10.186
655.36	9.945
655.56	10.265
655.76	10.486
655.96	10.234
656.15	10.374
656.35	10.395
656.55	10.387
656.75	10.200
656.94	10.051
657.14	10.339
657.34	10.140
657.54	10.274
657.73	10.304
657.93	9.960
658.13	10.139
658.33	10.007
658.52	10.124
658.72	12.309
658.92	10.146
659.11	10.442
659.31	10.206
659.51	10.333
659.71	10.144
659.90	10.362
660.10	10.073
660.30	10.271
660.50	10.247
660.69	10.037
660.89	10.217
661.09	10.106
661.28	9.935
661.48	10.284
661.68	10.217
661.87	10.223
662.07	9.956
662.27	10.229
662.47	10.255
662.66	10.111
662.86	10.462
663.06	10.143
663.25	10.099
663.45	10.337
663.65	10.344
663.84	10.427
664.04	10.105
664.24	10.130
664.44	10.111
664.63	10.454
664.83	10.252
665.03	9.894
665.22	10.045
665.42	10.128
665.62	10.462
665.81	9.960
666.01	10.201
666.21	10.280
666.40	10.079
666.60	10.072
666.80	10.293
666.99	10.390
667.19	9.914
667.39	10.264
667.58	10.055
667.78	10.445
667.98	10.379
668.17	10.559
668.37	10.373
668.57	10.172
668.76	10.151
668.96	10.047
669.16	10.483
669.35	10.034
669.55	10.171
669.74	10.348
669.94	10.169
670.14	10.058
670.33	10.432
670.53	10.397
670.73	10.184
670.92	10.372
671.12	10.425
671.32	10.086
671.51	10.327
671.71	10.258
671.90	10.536
672.10	10.293
672.30	10.295
672.49	10.305
672.69	10.279
672.89	10.478
673.08	10.034
673.28	10.023
673.47	10.185
673.67	10.321
673.87	10.477
674.06	10.203
674.26	10.396
674.45	10.376
674.65	10.517
674.85	10.297
675.04	10.228
675.24	10.529
675.43	10.770
675.63	10.408
675.83	10.634
676.02	10.431
676.22	10.320
676.41	10.314
676.61	10.209
676.81	10.661
677.00	10.383
677.20	10.461
677.39	10.507
677.59	10.351
677.79	10.513
677.98	10.580
678.18	10.380
678.37	10.365
678.57	10.328
678.76	10.625
678.96	10.663
679.16	10.539
679.35	10.664
679.55	10.688
679.74	10.379
679.94	10.554
680.13	10.494
680.33	10.615
680.53	10.743
680.72	10.629
680.92	10.556
681.11	10.523
681.31	10.897
681.50	10.270
681.70	10.719
681.89	10.739
682.09	10.784
682.28	10.816
682.48	10.802
682.68	10.706
682.87	10.683
683.07	10.922
683.26	10.834
683.46	10.819
683.65	10.744
683.85	10.446
684.04	10.686
684.24	10.623
684.43	11.071
684.63	10.970
684.82	10.908
685.02	10.896
685.21	10.961
685.41	11.057
685.60	11.102
685.80	11.047
686.00	10.954
686.19	10.972
686.39	10.910
686.58	10.821
686.78	10.961
686.97	11.122
687.17	10.986
687.36	11.100
687.56	11.237
687.75	11.007
687.95	11.199
688.14	11.331
688.34	11.157
688.53	11.171
688.73	11.129
688.92	11.065
689.12	11.028
689.31	11.130
689.51	11.200
689.70	11.223
689.89	11.279
690.09	11.082
690.28	11.321
690.48	11.165
690.67	11.219
690.87	11.394
691.06	11.197
691.26	11.293
691.45	11.219
691.65	11.019
691.84	11.324
692.04	11.119
692.23	11.333
692.43	11.200
692.62	11.415
692.82	11.856
693.01	11.560
693.20	11.308
693.40	11.784
693.59	11.659
693.79	11.541
693.98	11.701
694.18	11.738
694.37	11.740
694.57	11.587
694.76	11.573
694.95	12.015
695.15	11.895
695.34	12.176
695.54	12.230
695.73	12.139
695.93	12.296
696.12	12.323
696.32	12.444
696.51	12.540
696.70	12.590
696.90	12.577
697.09	12.789
697.29	12.987
697.48	12.885
697.67	12.988
697.87	13.283
698.06	13.384
698.26	13.378
698.45	13.306
698.65	13.574
698.84	14.044
699.03	13.684
699.23	13.973
699.42	14.096
699.62	14.392
699.81	14.215
700.00	14.672
700.20	14.745
700.39	14.986
700.59	14.929
700.78	15.239
700.97	15.626
701.17	15.685
701.36	15.587
701.56	15.847
701.75	16.141
701.94	16.512
702.14	16.277
702.33	16.882
702.52	17.086
702.72	17.002
702.91	17.681
703.11	17.730
703.30	17.718
703.49	18.018
703.69	18.480
703.88	18.370
704.07	18.556
704.27	18.999
704.46	18.813
704.66	19.375
704.85	19.589
705.04	19.678
705.24	20.155
705.43	20.321
705.62	20.331
705.82	20.981
706.01	21.032
706.20	21.408
706.40	21.581
706.59	21.989
706.78	22.090
706.98	22.245
707.17	22.149
707.36	22.674
707.56	22.679
707.75	23.122
707.94	23.442
708.14	23.232
708.33	23.969
708.52	23.885
708.72	24.588
708.91	24.568
709.10	24.940
709.30	25.014
709.49	25.152
709.68	25.335
709.88	26.239
710.07	26.392
710.26	26.381
710.46	26.682
710.65	26.920
710.84	27.053
711.04	27.309
711.23	27.631
711.42	27.847
711.61	28.402
711.81	28.334
712.00	28.594
712.19	28.855
712.39	29.214
712.58	29.134
712.77	29.770
712.97	29.737
713.16	30.172
713.35	30.131
713.54	30.691
713.74	30.940
713.93	30.847
714.12	31.199
714.32	31.801
714.51	32.083
714.70	31.980
714.89	32.386
715.09	32.717
715.28	33.245
715.47	33.323
715.66	33.259
715.86	34.151
716.05	34.182
716.24	34.410
716.44	34.370
716.63	35.014
716.82	34.957
717.01	35.330
717.21	35.699
717.40	35.841
717.59	36.438
717.78	36.039
717.98	36.722
718.17	37.293
718.36	37.456
718.55	37.786
718.75	37.624
718.94	38.327
719.13	38.189
719.32	38.438
719.52	39.122
719.71	39.257
719.90	39.449
720.09	39.920
720.28	40.333
720.48	40.513
720.67	40.618
720.86	40.628
721.05	41.083
721.25	40.689
721.44	41.860
721.63	41.999
721.82	42.170
722.01	42.564
722.21	42.729
722.40	43.352
722.59	43.166
722.78	43.578
722.98	44.023
723.17	44.421
723.36	44.678
723.55	44.678
723.74	45.262
723.94	45.522
724.13	45.574
724.32	45.603
724.51	46.206
724.70	46.535
724.89	46.563
725.09	46.658
725.28	47.109
725.47	47.405
725.66	47.386
725.85	48.181
726.05	47.974
726.24	48.807
726.43	48.749
726.62	49.018
726.81	49.336
727.00	49.791
727.20	49.716
727.39	50.007
727.58	50.110
727.77	50.528
727.96	50.732
728.15	51.020
728.35	51.604
728.54	52.343
728.73	52.727
728.92	52.493
729.11	53.021
729.30	52.619
729.50	52.518
729.69	53.964
729.88	53.268
730.07	53.180
730.26	53.716
730.45	53.970
730.64	54.618
730.84	54.858
731.03	54.763
731.22	55.382
731.41	55.791
731.60	55.811
731.79	55.937
731.98	56.145
732.18	56.487
732.37	57.013
732.56	56.724
732.75	57.488
732.94	57.219
733.13	57.351
733.32	58.132
733.51	57.809
733.71	57.760
733.90	58.906
734.09	58.943
734.28	59.274
734.47	58.958
734.66	59.307
734.85	59.898
735.04	60.026
735.23	60.199
735.42	60.025
735.62	60.701
735.81	60.887
736.00	60.771
736.19	60.923
736.38	61.755
736.57	61.604
736.76	61.998
736.95	61.962
737.14	61.985
737.33	62.596
737.52	61.685
737.72	62.796
737.91	63.228
738.10	63.553
738.29	63.013
738.48	63.646
738.67	63.941
738.86	64.160
739.05	63.609
739.24	64.276
739.43	63.994
739.62	64.796
739.81	64.408
740.00	65.384
740.19	65.093
740.39	65.330
740.58	65.811
740.77	65.594
740.96	65.477
741.15	65.680
741.34	65.710
741.53	66.119
741.72	66.524
741.91	66.386
742.10	66.075
742.29	66.869
742.48	66.811
742.67	67.195
742.86	66.806
743.05	67.903
743.24	67.665
743.43	67.266
743.62	67.750
743.81	67.976
744.00	67.956
744.19	67.711
744.38	68.210
744.57	67.578
744.76	68.795
744.95	68.863
745.14	68.702
745.33	69.211
745.52	69.270
745.71	69.419
745.90	69.140
746.09	68.856
746.28	69.372
746.47	69.911
746.66	69.244
746.85	69.463
747.04	69.744
747.23	70.472
747.42	70.197
747.61	70.120
747.80	70.023
747.99	69.990
748.18	70.857
748.37	70.311
748.56	70.642
748.75	70.996
748.94	71.019
749.13	71.043
749.32	70.670
749.51	71.056
749.70	70.506
749.89	71.409
750.08	71.719
750.27	71.507
750.46	71.576
750.65	71.730
750.84	71.835
751.03	71.457
751.22	71.613
751.41	72.435
751.60	71.783
751.79	72.036
751.98	71.838
752.17	72.561
752.36	72.124
752.55	72.315
752.74	72.106
752.93	72.476
753.12	73.194
753.30	72.611
753.49	72.875
753.68	73.279
753.87	72.578
754.06	72.448
754.25	72.259
754.44	73.006
754.63	72.517
754.82	72.952
755.01	73.083
755.20	73.289
755.39	73.167
755.58	73.042
755.77	73.314
755.96	73.277
756.14	73.241
756.33	73.064
756.52	73.355
756.71	73.025
756.90	73.630
757.09	73.809
757.28	73.370
757.47	72.988
757.66	73.174
757.85	74.165
758.04	74.172
758.22	74.069
758.41	73.821
758.60	73.557
758.79	73.575
758.98	74.090
759.17	73.709
759.36	74.092
759.55	73.667
759.74	73.825
759.92	73.993
760.11	74.723
760.30	74.202
760.49	74.450
760.68	73.842
760.87	74.088
761.06	74.828
761.25	74.084
761.43	74.232
761.62	73.955
761.81	74.101
762.00	74.346
762.19	74.338
762.38	74.943
762.57	74.328
762.76	75.196
762.94	74.242
763.13	74.499
763.32	74.803
763.51	74.819
763.70	74.087
763.89	74.564
764.07	74.439
764.26	74.296
764.45	74.483
764.64	74.747
764.83	74.411
765.02	74.234
765.21	74.767
765.39	75.091
765.58	74.587
765.77	74.339
765.96	74.546
766.15	74.338
766.34	74.211
766.52	74.495
766.71	74.988
766.90	75.611
767.09	75.399
767.28	75.061
767.46	74.616
767.65	74.243
767.84	74.945
768.03	75.144
768.22	74.839
768.40	74.669
768.59	75.133
768.78	74.783
768.97	74.391
769.16	75.078
769.34	75.354
769.53	74.675
769.72	75.135
769.91	75.062
770.10	75.355
770.28	74.956
770.47	75.180
770.66	75.494
770.85	75.653
771.04	75.461
771.22	75.372
771.41	75.280
771.60	74.762
771.79	75.324
771.98	74.957
772.16	74.967
772.35	75.118
772.54	74.902
772.73	74.990
772.91	74.655
773.10	74.781
773.29	75.290
773.48	75.136
773.66	74.841
773.85	75.285
774.04	75.434
774.23	74.564
774.41	74.452
774.60	74.932
774.79	74.798
774.98	74.845
775.16	75.604
775.35	75.187
775.54	75.146
775.73	74.698
775.91	74.643
776.10	75.734
776.29	74.780
776.48	74.896
776.66	75.173
776.85	75.586
777.04	75.343
777.23	74.901
777.41	75.183
777.60	75.504
777.79	75.531
777.97	75.847
778.16	74.929
778.35	75.603
778.54	75.737
778.72	75.705
778.91	74.545
779.10	75.043
779.28	75.083
779.47	75.204
779.66	74.803
779.85	75.463
780.03	75.317
780.22	75.458
780.41	75.574
780.59	74.442
780.78	75.070
780.97	74.550
781.15	75.564
781.34	75.373
781.53	75.502
781.71	74.625
781.90	75.923
782.09	75.209
782.27	75.470
782.46	75.444
782.65	75.365
782.84	75.269
783.02	75.249
783.21	75.169
783.40	75.613
783.58	75.476
783.77	75.142
783.96	74.992
784.14	75.134
784.33	75.178
784.52	75.743
784.70	75.039
784.89	74.367
785.07	75.870
785.26	75.382
785.45	75.291
785.63	75.183
785.82	75.422
786.01	75.642
786.19	75.358
786.38	75.839
786.57	74.790
786.75	75.227
786.94	75.747
787.13	75.067
787.31	75.383
787.50	75.211
787.68	75.960
787.87	75.217
788.06	75.932
788.24	75.505
788.43	75.367
788.62	74.969
788.80	75.603
788.99	76.065
789.17	75.541
789.36	76.097
789.55	75.322
789.73	74.547
789.92	75.814
790.10	76.000
790.29	75.908
790.48	75.334
790.66	74.961
790.85	75.750
791.03	75.574
791.22	75.017
791.41	75.037
791.59	76.031
791.78	75.113
791.96	74.935
792.15	75.583
792.34	75.771
792.52	75.440
792.71	75.552
792.89	75.721
793.08	74.622
793.27	75.652
793.45	75.579
793.64	75.538
793.82	75.726
794.01	76.500
794.19	75.682
794.38	75.055
794.57	75.505
794.75	75.559
794.94	75.126
795.12	74.875
795.31	75.449
795.49	75.143
795.68	75.447
795.86	75.152
796.05	75.242
796.24	75.452
796.42	75.420
796.61	75.043
796.79	75.316
796.98	75.284
797.16	75.615
797.35	75.367
797.53	75.620
797.72	75.602
797.90	75.244
798.09	74.969
798.27	75.281
798.46	75.693
798.65	75.535
798.83	75.891
799.02	75.705
799.20	75.857
799.39	74.357
799.57	75.224
799.76	75.392
799.94	75.425
800.13	75.620
800.31	74.790
800.50	75.357
800.68	75.145
800.87	74.958
801.05	75.323
801.24	75.332
801.42	75.489
801.61	74.963
801.79	75.347
801.98	75.598
802.16	75.460
802.35	75.919
802.53	75.578
802.72	75.150
802.90	75.208
803.09	75.330
803.27	75.396
803.46	75.626
803.64	74.796
803.83	75.588
804.01	75.775
804.20	74.814
804.38	75.910
804.56	75.481
804.75	75.116
804.93	75.480
805.12	75.370
805.30	75.923
805.49	75.023
805.67	75.529
805.86	75.129
806.04	75.672
806.23	74.649
806.41	76.118
806.59	75.697
806.78	76.241
806.96	75.647
807.15	74.999
807.33	75.749
807.52	75.905
807.70	75.231
807.89	75.401
808.07	75.500
808.25	76.144
808.44	75.721
808.62	75.716
808.81	76.316
808.99	75.676
809.18	75.641
809.36	75.396
809.54	75.871
809.73	75.560
809.91	75.983
810.10	75.173
810.28	75.669
810.47	75.776
810.65	75.822
810.83	76.685
811.02	75.650
811.20	74.884
811.39	75.656
811.57	75.609
811.75	76.002
811.94	75.247
812.12	76.100
812.31	75.189
812.49	75.240
812.67	76.000
812.86	75.416
813.04	75.536
813.23	76.055
813.41	75.411
813.59	75.809
813.78	75.799
813.96	76.281
814.14	75.141
814.33	75.020
814.51	76.187
814.70	75.690
814.88	75.558
815.06	75.843
815.25	75.894
815.43	76.146
815.61	75.869
815.80	76.180
815.98	75.500
816.16	75.415
816.35	76.027
816.53	75.128
816.72	75.475
816.90	75.960
817.08	75.896
817.27	74.698
817.45	75.535
817.63	76.089
817.82	75.445
818.00	75.857
818.18	75.573
818.37	75.724
818.55	75.227
818.73	74.722
818.92	75.588
819.10	76.034
819.28	74.687
819.47	75.749
819.65	75.877
819.83	74.656
820.02	75.668
820.20	75.906
820.38	75.368
820.57	75.281
820.75	75.998
820.93	75.778
821.11	75.108
821.30	75.227
821.48	75.167
821.66	75.478
821.85	75.954
822.03	75.348
822.21	75.583
822.40	76.297
822.58	75.861
822.76	75.161
822.94	75.684
823.13	75.763
823.31	75.880
823.49	75.612
823.68	76.212
823.86	75.265
824.04	75.441
824.22	75.398
824.41	75.870
824.59	75.704
824.77	75.089
824.96	76.370
825.14	76.258
825.32	75.778
825.50	75.978
825.69	75.481
825.87	75.145
826.05	75.684
826.23	75.996
826.42	75.206
826.60	75.211
826.78	76.276
826.96	75.555
827.15	75.451
827.33	75.769
827.51	75.614
827.69	75.383
827.88	75.656
828.06	75.648
828.24	75.892
828.42	74.934
828.61	76.135
828.79	75.797
828.97	76.030
829.15	76.262
829.34	76.394
829.52	76.053
829.70	75.774
829.88	75.996
830.06	75.785
830.25	76.385
830.43	75.373
830.61	75.587
830.79	75.967
830.97	74.651
831.16	76.017
831.34	75.814
831.52	75.867
831.70	76.438
831.89	75.457
832.07	76.054
832.25	76.665
832.43	76.846
832.61	75.621
832.80	76.285
832.98	74.996
833.16	75.665
833.34	75.053
833.52	75.492
833.70	75.468
833.89	76.239
834.07	75.340
834.25	75.307
834.43	76.639
834.61	76.959
834.80	76.209
834.98	76.306
835.16	75.303
835.34	75.713
835.52	76.695
835.70	75.629
835.89	75.785
836.07	75.633
836.25	75.460
836.43	76.184
836.61	75.228
836.79	75.054
836.97	75.456
837.16	76.430
837.34	75.573
837.52	75.607
837.70	74.473
837.88	75.430
838.06	75.782
838.24	75.743
838.43	75.018
838.61	76.362
838.79	76.550
838.97	75.350
839.15	75.639
839.33	76.278
839.51	76.250
839.70	75.450
839.88	76.434
840.06	76.154
840.24	75.758
840.42	76.330
840.60	75.773
840.78	75.972
840.96	75.573
841.14	76.036
841.33	76.372
841.51	76.125
841.69	76.299
841.87	75.756
842.05	76.090
842.23	75.303
842.41	76.680
842.59	76.144
842.77	75.661
842.95	76.740
843.14	75.722
843.32	76.021
843.50	75.282
843.68	76.619
843.86	75.728
844.04	75.703
844.22	75.880
844.40	75.542
844.58	76.496
844.76	75.620
844.94	75.494
845.12	76.123
845.30	75.727
845.49	75.982
845.67	75.788
845.85	76.697
846.03	75.889
846.21	75.981
846.39	75.399
846.57	76.381
846.75	76.426
846.93	76.321
847.11	76.296
847.29	75.486
847.47	76.447
847.65	76.096
847.83	76.948
848.01	75.872
848.19	76.349
848.37	76.687
848.55	76.480
848.73	75.848
848.91	76.346
849.09	75.719
849.27	75.978
849.46	76.796
849.64	75.436
849.82	76.758
850.00	76.380
850.18	76.407
850.36	75.217
850.54	76.182
850.72	75.808
850.90	76.018
851.08	76.308
851.26	76.242
851.44	76.115
851.62	75.928
851.80	76.685
851.98	76.157
852.16	77.087
852.34	76.703
852.52	75.553
852.70	75.572
852.88	75.889
853.06	76.184
853.24	76.260
853.42	76.644
853.60	76.193
853.78	76.145
853.96	76.636
854.14	75.807
854.31	76.612
854.49	76.548
854.67	76.055
854.85	76.525
855.03	76.608
855.21	76.131
855.39	76.607
855.57	76.803
855.75	75.687
855.93	76.138
856.11	76.068
856.29	76.079
856.47	76.402
856.65	76.086
856.83	76.002
857.01	77.143
857.19	76.679
857.37	76.135
857.55	75.207
857.73	76.414
857.91	76.074
858.09	76.751
858.26	76.230
858.44	75.834
858.62	76.158
858.80	76.131
858.98	76.256
859.16	76.805
859.34	76.279
859.52	76.435
859.70	76.667
859.88	77.101
860.06	75.927
860.24	76.694
860.42	76.535
860.59	76.723
860.77	76.517
860.95	76.525
861.13	76.417
861.31	77.077
861.49	76.263
861.67	76.820
861.85	75.952
862.03	76.350
862.21	76.445
862.38	75.818
862.56	75.619
862.74	76.264
862.92	76.260
863.10	76.935
863.28	76.908
863.46	76.473
863.64	75.995
863.82	76.610
863.99	77.024
864.17	75.334
864.35	76.596
864.53	76.346
864.71	76.174
864.89	76.236
865.07	76.329
865.24	75.921
865.42	77.178
865.60	76.317
865.78	75.705
865.96	76.227
866.14	75.601
866.32	76.183
866.49	77.181
866.67	76.838
866.85	76.625
867.03	75.811
867.21	75.875
867.39	77.660
867.56	76.378
867.74	75.591
867.92	76.231
868.10	77.028
868.28	75.785
868.46	76.528
868.63	76.954
868.81	76.835
868.99	77.359
869.17	75.754
869.35	76.539
869.53	75.939
869.70	75.828
869.88	75.888
870.06	76.419
870.24	76.353
870.42	76.724
870.59	76.426
870.77	76.411
870.95	77.019
871.13	75.796
871.31	76.333
871.48	76.239
871.66	76.597
871.84	77.544
872.02	76.778
872.20	76.707
872.37	76.252
872.55	76.824
872.73	77.476
872.91	77.356
873.08	76.506
873.26	77.395
873.44	76.172
873.62	76.273
873.80	75.739
873.97	76.738
874.15	76.261
874.33	76.243
874.51	76.404
874.68	76.239
874.86	76.191
875.04	75.960
875.22	76.021
875.39	77.619
875.57	75.998
875.75	75.769
875.93	76.698
876.10	77.311
876.28	76.753
876.46	76.903
876.64	76.728
876.81	75.627
876.99	75.736
877.17	75.735
877.35	75.786
877.52	76.484
877.70	77.032
877.88	76.303
878.06	75.547
878.23	77.204
878.41	75.773
878.59	76.235
878.76	77.191
878.94	75.726
879.12	76.795
879.30	77.640
879.47	76.079
879.65	76.042
879.83	76.796
880.00	76.964
880.18	76.513
880.36	76.664
880.53	76.873
880.71	76.396
880.89	77.096
881.07	78.329
881.24	75.885
881.42	76.548
881.60	77.066
881.77	77.607
881.95	77.258
882.13	76.599
882.30	75.419
882.48	76.102
882.66	75.973
882.83	75.835
883.01	76.115
883.19	76.991
883.36	75.858
883.54	76.005
883.72	77.328
883.89	76.488
884.07	77.057
884.25	75.607
884.42	77.224
884.60	76.223
884.78	76.945
884.95	76.619
885.13	75.935
885.31	76.920
885.48	77.042
885.66	76.485
885.84	76.241
886.01	76.776
886.19	77.235
886.36	76.516
886.54	76.282
886.72	77.040
886.89	75.742
887.07	75.673
887.25	76.372
887.42	76.754
887.60	76.359
887.78	77.202
887.95	76.504
888.13	76.192
888.30	77.145
888.48	76.722
888.66	75.674
888.83	76.620
889.01	76.478
889.18	75.353
889.36	75.882
889.54	77.085
889.71	76.138
889.89	75.892
890.06	76.043
890.24	75.450
890.42	76.446
890.59	76.446
890.77	76.172
890.94	77.151
891.12	76.423
891.30	77.057
891.47	77.244
891.65	77.270
891.82	77.821
892.00	76.703
892.17	77.156
892.35	75.979
892.53	77.765
892.70	77.168
892.88	77.328
893.05	75.761
893.23	77.108
893.40	77.733
893.58	76.007
893.75	76.969
893.93	76.413
894.11	76.645
894.28	76.038
894.46	77.092
894.63	76.311
894.81	77.552
894.98	76.560
895.16	76.270
895.33	75.759
895.51	76.732
895.68	77.388
895.86	77.561
896.04	76.281
896.21	75.408
896.39	76.404
896.56	76.790
896.74	75.804
896.91	77.936
897.09	77.377
897.26	76.213
897.44	76.167
897.61	76.491
897.79	76.833
897.96	76.611
898.14	76.420
898.31	76.583
898.49	76.301
898.66	76.866
898.84	77.311
899.01	76.998
899.19	76.020
899.36	76.674
899.54	76.141
899.71	76.780
899.89	76.930
900.06	76.884
900.24	75.058
900.41	76.287
900.59	76.109
900.76	77.953
900.94	75.985
901.11	77.167
901.29	77.217
901.46	77.444
901.63	76.593
901.81	75.836
901.98	76.564
902.16	76.332
902.33	76.774
902.51	77.265
902.68	76.692
902.86	77.064
903.03	76.297
903.21	75.534
903.38	77.814
903.56	76.637
903.73	76.852
903.90	77.278
904.08	75.958
904.25	76.548
904.43	76.336
904.60	77.043
904.78	75.866
904.95	76.619
905.12	76.515
905.30	77.082
905.47	75.938
905.65	76.778
905.82	76.445
906.00	76.203
906.17	77.475
906.34	76.922
906.52	76.942
906.69	78.560
906.87	77.093
907.04	76.475
907.21	77.099
907.39	77.369
907.56	77.783
907.74	77.229
907.91	76.906
908.08	76.544
908.26	76.698
908.43	77.090
908.61	77.752
908.78	76.143
908.95	76.786
909.13	77.156
909.30	77.235
909.48	76.264
909.65	77.180
909.82	78.028
910.00	78.243
910.17	77.939
910.34	77.670
910.52	76.545
910.69	76.445
910.87	78.084
911.04	76.739
911.21	77.190
911.39	76.090
911.56	76.193
911.73	76.783
911.91	77.676
912.08	76.498
912.25	75.816
912.43	77.603
912.60	76.271
912.77	77.209
912.95	77.047
913.12	76.972
913.29	77.585
913.47	77.274
913.64	76.901
913.81	76.521
913.99	75.898
914.16	77.994
914.33	76.880
914.51	77.014
914.68	75.822
914.85	77.958
915.03	76.860
915.20	76.482
915.37	77.301
915.55	76.505
915.72	76.841
915.89	76.512
916.07	75.974
916.24	77.266
916.41	77.546
916.59	77.278
916.76	77.189
916.93	77.500
917.10	76.772
917.28	76.963
917.45	78.025
917.62	75.850
917.80	76.772
917.97	76.830
918.14	77.718
918.31	76.586
918.49	76.372
918.66	77.265
918.83	77.336
919.01	76.041
919.18	77.216
919.35	77.708
919.52	76.675
919.70	77.496
919.87	77.957
920.04	77.348
920.21	78.822
920.39	77.332
920.56	77.604
920.73	76.721
920.90	76.729
921.08	76.548
921.25	77.906
921.42	77.528
921.59	76.653
921.77	78.287
921.94	76.674
922.11	76.497
922.28	76.911
922.46	77.691
922.63	76.652
922.80	75.993
922.97	76.939
923.15	77.790
923.32	76.443
923.49	77.221
923.66	78.081
923.83	76.754
924.01	77.160
924.18	77.094
924.35	76.675
924.52	78.028
924.69	76.383
924.87	76.887
925.04	78.534
925.21	78.243
925.38	76.255
925.55	77.473
925.73	77.795
925.90	76.293
926.07	77.306
926.24	78.563
926.41	76.983
926.59	76.796
926.76	78.151
926.93	77.654
927.10	77.512
927.27	76.999
927.45	76.630
927.62	76.328
927.79	77.187
927.96	76.916
928.13	76.519
928.30	77.464
928.48	77.078
928.65	76.177
928.82	77.439
928.99	76.943
929.16	77.056
929.33	75.495
929.50	77.624
929.68	76.723
929.85	75.936
930.02	78.039
930.19	77.952
930.36	77.269
930.53	77.414
930.70	78.555
930.88	77.374
931.05	79.195
931.22	76.556
931.39	77.598
931.56	76.603
931.73	75.782
931.90	76.012
932.08	77.872
932.25	77.266
932.42	77.309
932.59	75.059
932.76	77.395
932.93	78.352
933.10	76.730
933.27	78.227
933.44	78.024
933.62	77.419
933.79	78.438
933.96	76.771
934.13	77.343
934.30	76.965
934.47	76.761
934.64	77.554
934.81	77.322
934.98	76.794
935.15	76.614
935.32	75.080
935.50	78.860
935.67	77.321
935.84	79.673
936.01	76.924
936.18	77.420
936.35	78.871
936.52	78.387
936.69	76.975
936.86	75.040
937.03	78.891
937.20	78.753
937.37	78.408
937.54	77.256
937.71	79.597
937.89	77.961
938.06	77.764
938.23	77.845
938.40	77.393
938.57	79.424
938.74	78.672
938.91	79.498
939.08	77.995
939.25	78.528
939.42	79.630
939.59	79.943
939.76	77.247
939.93	78.271
940.10	77.831
940.27	76.534
940.44	78.271
940.61	78.372
940.78	80.799
940.95	78.732
941.12	76.905
941.29	77.838
941.46	75.833
941.63	79.126
941.80	77.409
941.97	75.926
942.14	78.659
942.31	74.321
942.48	72.228
942.65	75.822
942.82	76.377
942.99	79.613
943.16	77.303
943.33	75.437
943.50	78.042
943.67	83.497
943.84	78.231
944.01	81.662
944.18	73.765
944.35	76.970
944.52	79.600
944.69	79.965
944.86	76.001
945.03	78.412
945.20	75.059
945.37	79.419
945.54	81.174
945.71	78.972
945.88	79.730
946.05	78.766
946.22	76.099
946.39	73.871
946.56	80.319
946.73	77.459
946.90	79.560
947.07	79.756
947.23	80.897
947.40	78.058
947.57	74.490
947.74	78.742
947.91	81.807
948.08	74.768
948.25	79.968
948.42	81.310
948.59	76.313
948.76	80.272
948.93	75.764
949.10	79.912
949.27	75.966
949.44	78.826
949.60	78.884
949.77	75.558
949.94	77.054
950.11	74.827
950.28	78.193
950.45	78.258
950.62	78.666
950.79	76.456
950.96	75.638
951.13	81.664
951.30	76.778
951.46	75.673
951.63	77.204
951.80	76.431
951.97	75.660
952.14	78.420
952.31	76.125
952.48	74.712
952.65	74.269
952.81	75.006
952.98	77.152
953.15	79.236
953.32	78.194
953.49	77.634
953.66	78.583
953.83	77.268
954.00	77.793
954.16	76.287
954.33	74.756
954.50	77.068
954.67	77.012
954.84	77.373
955.01	76.609
955.18	75.906
955.34	77.793
955.51	78.465
955.68	75.022
955.85	77.212
956.02	76.155
956.19	76.752
956.35	76.103
956.52	80.182
956.69	74.844
956.86	76.672
957.03	75.279
957.20	78.676
957.36	76.277
957.53	77.315
957.70	78.475
957.87	78.167
958.04	75.984
958.21	77.983
958.37	78.455
958.54	76.688
958.71	77.190
958.88	74.448
959.05	74.414
959.21	77.375
959.38	77.971
959.55	76.145
959.72	76.016
959.89	75.537
960.05	76.220
960.22	75.465
960.39	74.032
960.56	77.357
960.72	76.652
960.89	75.831
961.06	76.917
961.23	75.921
961.40	78.086
961.56	75.941
961.73	76.372
961.90	78.056
962.07	74.748
962.23	75.520
962.40	77.415
962.57	79.370
962.74	76.961
962.90	73.227
963.07	78.275
963.24	80.106
963.41	77.782
963.57	76.914
963.74	77.067
963.91	75.160
964.08	78.834
964.24	79.976
964.41	76.559
964.58	75.620
964.75	74.860
964.91	76.375
965.08	77.322
965.25	73.328
965.42	77.170
965.58	74.763
965.75	77.747
965.92	75.839
966.08	74.094
966.25	77.023
966.42	75.010
966.59	76.920
966.75	75.619
966.92	74.140
967.09	76.218
967.25	77.250
967.42	75.440
967.59	75.488
967.75	77.883
967.92	76.952
968.09	76.402
968.26	78.267
968.42	81.470
968.59	78.049
968.76	77.896
968.92	75.811
969.09	77.243
969.26	78.929
969.42	78.601
969.59	79.345
969.76	75.852
969.92	75.847
970.09	76.006
970.26	77.961
970.42	78.832
970.59	77.119
970.76	77.785
970.92	79.858
971.09	75.267
971.26	78.905
971.42	75.940
971.59	78.176
971.76	75.535
971.92	82.315
972.09	75.972
972.25	77.053
972.42	77.789
972.59	74.120
972.75	78.741
972.92	80.131
973.09	77.313
973.25	77.817
973.42	74.163
973.58	79.380
973.75	77.233
973.92	76.877
974.08	78.562
974.25	76.487
974.42	77.785
974.58	77.213
974.75	77.737
974.91	75.371
975.08	76.525
975.25	76.133
975.41	77.269
975.58	76.009
975.74	77.458
975.91	76.401
976.08	79.642
976.24	74.490
976.41	75.105
976.57	79.962
976.74	77.634
976.91	78.299
977.07	78.338
977.24	77.989
977.40	75.966
977.57	79.686
977.73	77.058
977.90	76.867
978.07	77.089
978.23	80.237
978.40	80.602
978.56	74.956
978.73	78.971
978.89	75.560
979.06	75.106
979.22	79.048
979.39	75.265
979.56	76.310
979.72	78.200
979.89	75.088
980.05	76.661
980.22	78.519
980.38	78.112
980.55	79.653
980.71	75.445
980.88	79.169
981.04	74.367
981.21	79.817
981.37	77.683
981.54	78.693
981.70	79.197
981.87	75.609
982.04	78.008
982.20	76.419
982.37	78.506
982.53	76.765
982.70	78.153
982.86	77.734
983.03	76.155
983.19	77.743
983.36	79.348
983.52	77.391
983.69	74.842
983.85	79.402
984.02	78.018
984.18	79.622
984.35	77.636
984.51	76.818
984.68	77.108
984.84	78.807
985.00	75.385
985.17	79.075
985.33	77.354
985.50	77.822
985.66	78.233
985.83	74.051
985.99	79.336
986.16	78.345
986.32	79.624
986.49	74.584
986.65	82.295
986.82	77.484
986.98	76.649
987.15	76.768
987.31	78.105
987.47	74.481
987.64	80.936
987.80	78.839
987.97	79.010
988.13	78.389
988.30	75.296
988.46	77.208
988.63	79.284
988.79	76.888
988.95	76.582
989.12	83.314
989.28	78.455
989.45	77.464
989.61	77.265
989.77	76.111
989.94	79.682
990.10	77.906
990.27	78.033
990.43	77.641
990.60	77.441
990.76	76.752
990.92	75.484
991.09	78.336
991.25	76.279
991.42	77.388
991.58	81.420
991.74	76.903
991.91	75.209
992.07	76.178
992.24	78.690
992.40	80.914
992.56	77.893
992.73	82.480
992.89	77.670
993.05	75.463
993.22	75.493
993.38	81.124
993.55	74.693
993.71	78.629
993.87	82.046
994.04	77.144
994.20	79.734
994.36	78.173
994.53	76.358
994.69	78.031
994.85	82.567
995.02	77.895
995.18	78.424
995.34	78.502
995.51	84.968
995.67	80.478
995.84	79.125
996.00	82.803
996.16	76.866
996.33	76.645
996.49	83.482
996.65	77.687
996.82	77.119
996.98	79.704
997.14	72.757
997.31	79.125
997.47	79.696
997.63	76.405
997.79	76.716
997.96	81.212
998.12	78.323
998.28	80.275
998.45	78.091
998.61	73.645
998.77	79.799
998.94	76.519
999.10	82.747
999.26	81.720
999.43	78.663
999.59	82.614
999.75	78.027
999.91	77.449
1000.08	74.981
1000.24	81.376
1000.40	82.258
1000.57	79.430
1000.73	80.381
1000.89	77.941
1001.05	80.916
1001.22	76.833
1001.38	79.368
1001.54	77.958
1001.70	79.025
1001.87	77.647
1002.03	83.406
1002.19	81.635
1002.35	78.500
1002.52	76.672
1002.68	78.735
1002.84	81.870
1003.00	81.600
1003.17	77.054
1003.33	82.157
1003.49	81.651
1003.65	76.200
1003.82	78.525
1003.98	80.629
1004.14	85.136
1004.30	80.421
1004.47	80.094
1004.63	74.097
1004.79	77.518
1004.95	79.771
1005.11	82.128
1005.28	80.857
1005.44	83.145
1005.60	84.464
1005.76	77.505
1005.93	76.841
1006.09	82.056
1006.25	81.768
1006.41	75.341
1006.57	84.762
1006.74	79.791
1006.90	76.152
1007.06	75.886
1007.22	73.610
1007.38	81.889
1007.55	77.664
1007.71	77.517
1007.87	78.298
1008.03	82.186
1008.19	81.734
1008.35	80.711
1008.52	80.124
1008.68	83.885
1008.84	80.117
1009.00	76.122
1009.16	80.797
1009.32	78.282
1009.49	80.355
1009.65	85.647
1009.81	76.693
1009.97	84.063
1010.13	74.098
1010.29	78.671
1010.46	83.619
1010.62	75.620
1010.78	80.950
1010.94	79.450
1011.10	79.130
1011.26	80.011
1011.42	77.970
1011.59	80.995
1011.75	79.499
1011.91	78.889
1012.07	79.880
1012.23	82.991
1012.39	81.351
1012.55	80.830
1012.71	83.029
1012.88	72.103
1013.04	80.101
1013.20	81.262
1013.36	79.136
1013.52	81.073
1013.68	79.127
1013.84	74.754
1014.00	78.622
1014.16	84.096
1014.33	77.462
1014.49	83.921
1014.65	73.534
1014.81	86.542
1014.97	82.332
1015.13	85.554
1015.29	82.484
1015.45	84.487
1015.61	81.176
1015.77	81.378
1015.93	77.162
1016.09	89.118
1016.26	75.059
1016.42	79.480
1016.58	77.325
1016.74	76.665
1016.90	78.309
1017.06	85.901
1017.22	76.314
1017.38	80.905
1017.54	75.756
1017.70	78.103
1017.86	84.532
1018.02	77.669
1018.18	88.186
1018.34	80.581
1018.50	75.275
1018.66	80.493
1018.82	77.785
1018.98	82.587
1019.14	80.116
1019.31	84.214
1019.47	77.690
1019.63	86.109
1019.79	78.599
1019.95	79.684
1020.11	82.901
1020.27	91.012
1020.43	79.823
1020.59	73.633
1020.75	82.557
1020.91	75.313
1021.07	72.396
1021.23	79.137
1021.39	86.417
1021.55	79.668
1021.71	79.729
1021.87	82.166
1022.03	76.985
1022.19	84.323
1022.35	86.387
1022.51	87.011
1022.67	80.745
1022.83	77.937
1022.99	81.148
1023.15	82.024
1023.31	78.490
1023.47	79.054
1023.63	83.247
1023.79	87.610
1023.95	83.585
1024.10	73.939
1024.26	83.692
1024.42	84.711
1024.58	81.629
1024.74	71.019
1024.90	74.777
1025.06	80.614
1025.22	86.265
1025.38	80.286
1025.54	90.151
1025.70	89.091
1025.86	80.879
1026.02	88.301
1026.18	76.877
1026.34	82.102
1026.50	78.875
1026.66	74.211
1026.82	73.892
1026.98	85.375
1027.13	82.302
1027.29	82.421
1027.45	90.194
1027.61	87.348
1027.77	82.020
1027.93	97.309
1028.09	77.395
1028.25	90.715
1028.41	81.874
1028.57	76.885
1028.73	78.648
1028.88	94.431
1029.04	77.869
1029.20	83.860
1029.36	89.541
1029.52	77.495
1029.68	73.607
1029.84	71.524
1030.00	94.765
1030.16	85.681
1030.32	80.882
1030.47	80.307
1030.63	75.996
1030.79	74.149
1030.95	94.018
1031.11	85.768
1031.27	89.966
1031.43	92.289
1031.59	86.490
1031.74	82.021
1031.90	82.635
1032.06	86.277
1032.22	96.778
1032.38	90.212
1032.54	89.036
1032.69	87.243
1032.85	83.267
1033.01	93.787
1033.17	76.027
1033.33	74.804
1033.49	75.228
1033.65	87.348
1033.80	84.414
1033.96	76.709
1034.12	87.417
1034.28	83.047
1034.44	74.123
1034.60	80.390
1034.75	70.164
1034.91	85.571
1035.07	115.261
1035.23	73.556
1035.39	80.797
1035.54	69.003
1035.70	82.042
1035.86	76.848
1036.02	105.449
1036.18	69.060
1036.33	77.226
1036.49	94.836
1036.65	89.098
1036.81	96.810
1036.97	95.334
1037.12	88.486
1037.28	77.259
1037.44	75.036
1037.60	97.785
1037.76	84.884
1037.91	81.064
1038.07	98.046
1038.23	83.244
1038.39	104.020
1038.54	78.045
1038.70	93.318
1038.86	85.127
1039.02	76.817
1039.17	75.189
1039.33	76.344
1039.49	84.105
1039.65	79.685
1039.80	96.416
1039.96	69.856
1040.12	77.897
1040.28	92.373
>>>>> Data<<<<< Espectral Procesado Extremo
