Fichero De Datos De SpectraSuite
++++++++++++++++++++++++++++++++++++
Fecha: Mon Jul 06 10:51:49 CST 2026
Usuario: HP
Presente Oscuro Del Espectro: Sí
La Referencia de Presente Del Espectro De: Sí
Muestreados de los componentes de Número de espectros: 1
Espectrómetros: USB4H06056
Tiempo de integración (usec): 300000 (USB4H06056)
Promedio de Espectros Hechos un: 5 (USB4H06056)
El Alisar Del Furgón: 0 (USB4H06056)
Párrafo de de Corregir del la del del de Eléctrica del obscuridad: No (USB4H06056)
Estrobo/Lámpara Permitido: No (USB4H06056)
Correct for Detector Non-linearity: No (USB4H06056)
Párrafo de de Corregir del la del del de Externa del luz: No (USB4H06056)
Procesado del espectro de Número de pixeles en: 3648
>>>>> Comienza Data<<<<< Espectral Procesado Del EL
345.09	-1083.333
345.30	-1083.333
345.52	-1083.333
345.74	-143.750
345.95	-48.214
346.17	51.376
346.39	26.119
346.60	65.957
346.82	0.000
347.04	113.636
347.25	220.000
347.47	-40.816
347.69	-43.103
347.90	-37.209
348.12	26.415
348.34	118.182
348.56	79.268
348.77	-139.286
348.99	116.667
349.21	10.465
349.42	792.308
349.64	140.909
349.86	35.484
350.07	5.556
350.29	4.000
350.51	-41.176
350.72	142.105
350.94	3.333
351.16	225.000
351.37	0.535
351.59	8200.000
351.81	-3375.000
352.02	-48.905
352.24	100.000
352.46	64.865
352.67	-77.778
352.89	62.162
353.10	33.636
353.32	-95.000
353.54	1.449
353.75	-73.611
353.97	100.922
354.19	-25.301
354.40	875.000
354.62	42.149
354.84	96.000
355.05	117.647
355.27	1162.500
355.49	43.529
355.70	46.875
355.92	-11.852
356.14	5.556
356.35	21.769
356.57	57.480
356.78	-36.508
357.00	-85.000
357.22	48.649
357.43	453.846
357.65	3150.000
357.87	43.038
358.08	101.471
358.30	-82.192
358.51	-46.835
358.73	362.791
358.95	36.932
359.16	3.922
359.38	127.434
359.60	78.992
359.81	265.000
360.03	104.255
360.24	22.388
360.46	-117.857
360.68	0.000
360.89	-180.000
361.11	6.667
361.33	55.172
361.54	9.091
361.76	36.296
361.97	-7.071
362.19	11.243
362.41	-190.909
362.62	380.000
362.84	9.639
363.05	20.455
363.27	38.406
363.49	183.193
363.70	39.521
363.92	4.545
364.13	74.033
364.35	8.850
364.57	28.788
364.78	-37.143
365.00	52.632
365.21	-32.847
365.43	-56.522
365.65	7.787
365.86	88.050
366.08	71.212
366.29	-19.084
366.51	59.615
366.73	126.316
366.94	195.833
367.16	-12.613
367.37	12.963
367.59	43.210
367.80	-188.889
368.02	27.957
368.24	1175.000
368.45	-27.397
368.67	17.808
368.88	146.341
369.10	116.129
369.31	21.569
369.53	-22.857
369.75	33.166
369.96	38.333
370.18	-1.695
370.39	-54.118
370.61	638.889
370.82	-32.558
371.04	55.758
371.26	75.862
371.47	25.328
371.69	9.804
371.90	84.270
372.12	95.745
372.33	29.379
372.55	62.838
372.76	79.532
372.98	43.590
373.20	-117.391
373.41	131.343
373.63	-13.636
373.84	85.517
374.06	47.518
374.27	58.333
374.49	172.917
374.70	52.206
374.92	24.823
375.13	3.571
375.35	410.526
375.57	-9.278
375.78	37.705
376.00	-34.375
376.21	9.211
376.43	34.375
376.64	72.050
376.86	33.333
377.07	25.843
377.29	96.226
377.50	69.643
377.72	-106.897
377.93	65.041
378.15	89.189
378.36	34.630
378.58	-0.000
378.80	102.339
379.01	17.308
379.23	27.820
379.44	-96.212
379.66	19.858
379.87	52.985
380.09	9.412
380.30	78.231
380.52	-61.538
380.73	73.770
380.95	103.571
381.16	71.921
381.38	79.012
381.59	-233.333
381.81	80.488
382.02	166.667
382.24	58.242
382.45	10.526
382.67	43.689
382.88	33.166
383.10	11.976
383.31	40.714
383.53	68.208
383.74	24.370
383.96	90.741
384.17	-58.140
384.39	76.923
384.60	112.500
384.82	-76.543
385.03	27.801
385.25	21.176
385.46	46.429
385.68	63.636
385.89	53.030
386.11	37.017
386.32	40.805
386.54	0.680
386.75	12.583
386.97	74.678
387.18	107.975
387.40	41.379
387.61	143.182
387.83	58.861
388.04	62.500
388.25	10.795
388.47	29.412
388.68	53.275
388.90	68.750
389.11	-19.048
389.33	35.948
389.54	50.920
389.76	28.095
389.97	-2.963
390.19	41.038
390.40	78.710
390.62	40.367
390.83	16.760
391.05	38.321
391.26	24.020
391.47	14.833
391.69	2.083
391.90	107.692
392.12	68.519
392.33	106.061
392.55	51.049
392.76	35.517
392.98	41.026
393.19	51.383
393.41	-6.742
393.62	55.515
393.83	1.463
394.05	49.091
394.26	-28.571
394.48	-45.122
394.69	18.487
394.91	19.786
395.12	65.870
395.34	44.758
395.55	56.383
395.76	69.325
395.98	13.793
396.19	48.433
396.41	81.661
396.62	4.615
396.84	10.881
397.05	40.520
397.26	46.809
397.48	73.714
397.69	49.778
397.91	18.702
398.12	-23.757
398.33	77.407
398.55	16.541
398.76	16.301
398.98	54.783
399.19	4.255
399.41	83.684
399.62	68.240
399.83	33.452
400.05	34.375
400.26	62.000
400.48	50.000
400.69	31.308
400.90	30.363
401.12	52.045
401.33	12.153
401.55	55.556
401.76	18.182
401.97	71.770
402.19	58.824
402.40	21.927
402.62	8.560
402.83	-8.155
403.04	31.429
403.26	35.351
403.47	47.458
403.69	43.149
403.90	36.992
404.11	17.838
404.33	46.429
404.54	26.316
404.76	53.846
404.97	25.081
405.18	42.494
405.40	7.385
405.61	36.842
405.83	36.508
406.04	42.239
406.25	41.259
406.47	52.326
406.68	41.411
406.89	-2.601
407.11	29.095
407.32	46.988
407.54	16.788
407.75	37.685
407.96	23.873
408.18	53.005
408.39	39.401
408.60	103.797
408.82	5.172
409.03	31.784
409.24	49.353
409.46	33.508
409.67	27.567
409.89	13.825
410.10	27.002
410.31	31.757
410.53	39.842
410.74	33.043
410.95	44.158
411.17	18.605
411.38	21.868
411.59	43.167
411.81	41.781
412.02	32.542
412.23	22.679
412.45	42.347
412.66	34.904
412.87	25.318
413.09	-13.927
413.30	29.907
413.51	25.500
413.73	28.455
413.94	20.577
414.15	32.084
414.37	29.608
414.58	33.388
414.79	16.867
415.01	25.589
415.22	13.609
415.43	16.412
415.65	31.287
415.86	17.361
416.07	14.938
416.29	28.608
416.50	9.914
416.71	23.023
416.93	13.953
417.14	27.392
417.35	22.577
417.57	25.386
417.78	30.177
417.99	13.561
418.21	9.631
418.42	20.668
418.63	9.032
418.85	215.568
419.06	11.992
419.27	15.891
419.48	18.946
419.70	15.637
419.91	26.644
420.12	19.355
420.34	23.177
420.55	5.540
420.76	20.642
420.98	19.287
421.19	17.570
421.40	14.341
421.61	8.348
421.83	10.295
422.04	23.054
422.25	12.181
422.47	8.252
422.68	21.497
422.89	15.782
423.11	16.203
423.32	18.054
423.53	17.764
423.74	17.386
423.96	12.931
424.17	20.539
424.38	10.728
424.59	10.808
424.81	6.667
425.02	15.616
425.23	11.184
425.45	10.381
425.66	19.039
425.87	11.566
426.08	17.423
426.30	18.452
426.51	12.898
426.72	3.473
426.93	16.138
427.15	11.123
427.36	11.549
427.57	12.403
427.79	10.982
428.00	10.667
428.21	11.144
428.42	9.597
428.64	13.661
428.85	13.827
429.06	10.282
429.27	10.487
429.49	16.149
429.70	13.241
429.91	13.427
430.12	8.848
430.34	6.283
430.55	13.959
430.76	10.280
430.97	12.691
431.19	9.107
431.40	12.328
431.61	5.293
431.82	13.693
432.03	9.844
432.25	12.032
432.46	13.017
432.67	12.712
432.88	9.329
433.10	12.820
433.31	10.460
433.52	10.806
433.73	8.324
433.95	10.278
434.16	11.128
434.37	7.943
434.58	15.179
434.79	10.945
435.01	10.116
435.22	9.727
435.43	10.854
435.64	8.733
435.86	7.580
436.07	13.780
436.28	9.489
436.49	9.784
436.70	10.692
436.92	8.618
437.13	7.768
437.34	9.239
437.55	10.683
437.76	9.111
437.98	12.325
438.19	10.472
438.40	5.581
438.61	11.629
438.82	10.042
439.04	6.870
439.25	10.586
439.46	14.340
439.67	9.466
439.88	9.241
440.10	11.360
440.31	11.229
440.52	10.117
440.73	8.851
440.94	9.174
441.16	12.137
441.37	11.988
441.58	7.953
441.79	11.599
442.00	9.394
442.21	11.706
442.43	11.087
442.64	10.662
442.85	10.014
443.06	8.947
443.27	6.939
443.48	8.912
443.70	14.587
443.91	9.858
444.12	10.654
444.33	10.886
444.54	8.734
444.75	9.177
444.97	11.705
445.18	10.637
445.39	10.005
445.60	10.465
445.81	8.990
446.02	6.823
446.24	9.369
446.45	12.043
446.66	9.699
446.87	10.637
447.08	9.380
447.29	9.107
447.51	11.119
447.72	11.759
447.93	10.371
448.14	7.835
448.35	11.317
448.56	9.326
448.77	10.072
448.99	11.979
449.20	9.782
449.41	12.276
449.62	8.926
449.83	9.325
450.04	9.021
450.25	7.423
450.46	11.430
450.68	10.067
450.89	11.161
451.10	10.169
451.31	11.086
451.52	9.629
451.73	10.423
451.94	9.636
452.15	10.424
452.37	11.143
452.58	11.504
452.79	9.958
453.00	8.629
453.21	10.046
453.42	7.320
453.63	11.120
453.84	11.912
454.06	9.739
454.27	11.416
454.48	10.208
454.69	11.012
454.90	8.247
455.11	9.963
455.32	9.676
455.53	10.157
455.74	8.967
455.95	10.537
456.17	8.795
456.38	10.218
456.59	9.493
456.80	10.690
457.01	10.165
457.22	8.749
457.43	10.210
457.64	9.868
457.85	8.853
458.06	11.589
458.27	9.686
458.49	11.118
458.70	10.378
458.91	9.472
459.12	9.386
459.33	8.016
459.54	11.885
459.75	11.421
459.96	10.343
460.17	9.315
460.38	9.128
460.59	9.199
460.80	9.954
461.01	8.635
461.23	11.854
461.44	8.995
461.65	10.831
461.86	10.907
462.07	10.843
462.28	10.294
462.49	10.248
462.70	8.484
462.91	10.079
463.12	11.180
463.33	9.772
463.54	11.235
463.75	11.393
463.96	9.527
464.17	11.090
464.38	11.518
464.59	10.775
464.81	10.597
465.02	11.421
465.23	11.186
465.44	11.943
465.65	10.950
465.86	11.061
466.07	8.862
466.28	10.725
466.49	9.871
466.70	10.645
466.91	9.889
467.12	10.128
467.33	10.920
467.54	11.371
467.75	10.226
467.96	9.964
468.17	10.999
468.38	11.880
468.59	10.687
468.80	11.207
469.01	10.545
469.22	11.231
469.43	11.245
469.64	11.176
469.85	10.821
470.06	11.167
470.27	10.526
470.48	9.438
470.69	10.002
470.90	11.006
471.11	11.687
471.32	11.088
471.53	9.516
471.74	11.095
471.95	10.325
472.16	11.152
472.37	11.264
472.58	10.168
472.79	9.183
473.00	10.304
473.21	11.293
473.42	10.509
473.63	10.226
473.84	11.054
474.05	11.724
474.26	10.512
474.47	9.184
474.68	11.760
474.89	10.833
475.10	11.379
475.31	10.975
475.52	11.407
475.73	10.721
475.94	10.239
476.15	9.627
476.36	10.856
476.57	10.807
476.78	10.471
476.99	10.830
477.20	11.026
477.41	12.266
477.62	11.024
477.83	11.014
478.04	10.919
478.25	11.534
478.46	11.579
478.67	9.527
478.88	10.937
479.09	11.160
479.30	11.684
479.51	12.186
479.72	11.877
479.93	10.307
480.14	11.092
480.35	10.628
480.56	11.254
480.77	10.783
480.98	10.894
481.18	11.997
481.39	11.173
481.60	12.122
481.81	10.927
482.02	10.995
482.23	10.738
482.44	9.820
482.65	10.895
482.86	11.617
483.07	10.679
483.28	9.989
483.49	10.708
483.70	10.612
483.91	11.151
484.12	11.812
484.33	10.381
484.53	10.848
484.74	12.264
484.95	10.586
485.16	12.294
485.37	11.115
485.58	11.798
485.79	11.537
486.00	10.779
486.21	11.460
486.42	11.568
486.63	10.399
486.84	10.790
487.05	10.495
487.25	11.213
487.46	10.402
487.67	11.161
487.88	10.694
488.09	10.853
488.30	10.383
488.51	20.027
488.72	11.128
488.93	11.269
489.14	10.704
489.35	10.748
489.55	11.130
489.76	11.619
489.97	10.890
490.18	11.033
490.39	11.741
490.60	10.156
490.81	11.035
491.02	10.682
491.23	11.796
491.43	10.658
491.64	11.450
491.85	10.608
492.06	11.268
492.27	10.785
492.48	10.903
492.69	11.422
492.90	11.176
493.11	11.132
493.31	11.192
493.52	11.371
493.73	11.054
493.94	11.051
494.15	12.505
494.36	12.346
494.57	11.657
494.78	11.139
494.98	11.304
495.19	11.232
495.40	11.536
495.61	10.740
495.82	11.251
496.03	10.837
496.24	11.193
496.44	10.919
496.65	11.184
496.86	11.386
497.07	10.336
497.28	10.465
497.49	12.451
497.70	11.754
497.90	11.554
498.11	11.659
498.32	11.144
498.53	10.720
498.74	11.645
498.95	11.178
499.15	11.341
499.36	11.224
499.57	11.568
499.78	11.657
499.99	11.291
500.20	11.047
500.40	12.061
500.61	11.954
500.82	11.373
501.03	11.496
501.24	11.203
501.45	11.564
501.65	11.232
501.86	11.536
502.07	12.493
502.28	11.695
502.49	11.648
502.70	11.900
502.90	11.006
503.11	11.526
503.32	11.381
503.53	10.748
503.74	11.440
503.94	12.048
504.15	11.446
504.36	11.372
504.57	11.838
504.78	10.819
504.98	11.581
505.19	11.015
505.40	11.436
505.61	11.020
505.82	11.088
506.02	11.708
506.23	10.908
506.44	11.731
506.65	11.299
506.86	11.185
507.06	10.451
507.27	12.246
507.48	11.571
507.69	11.285
507.90	11.968
508.10	11.420
508.31	12.119
508.52	11.494
508.73	11.951
508.94	12.072
509.14	10.811
509.35	11.530
509.56	11.082
509.77	11.580
509.97	11.541
510.18	11.503
510.39	11.831
510.60	11.079
510.80	12.193
511.01	11.442
511.22	11.669
511.43	11.652
511.64	11.731
511.84	11.812
512.05	11.940
512.26	12.401
512.47	11.586
512.67	11.574
512.88	10.937
513.09	11.936
513.30	12.087
513.50	11.901
513.71	11.421
513.92	11.835
514.13	11.818
514.33	11.911
514.54	11.756
514.75	11.272
514.96	11.355
515.16	12.190
515.37	11.715
515.58	11.650
515.78	11.957
515.99	11.475
516.20	11.992
516.41	11.241
516.61	12.192
516.82	12.588
517.03	12.148
517.24	12.121
517.44	11.789
517.65	12.409
517.86	12.396
518.07	12.080
518.27	12.089
518.48	12.268
518.69	12.508
518.89	11.682
519.10	12.525
519.31	12.186
519.52	12.146
519.72	12.818
519.93	12.429
520.14	11.892
520.34	12.731
520.55	12.608
520.76	12.185
520.96	12.837
521.17	12.390
521.38	12.355
521.59	12.657
521.79	12.587
522.00	12.559
522.21	12.537
522.41	13.023
522.62	13.345
522.83	12.990
523.03	12.953
523.24	13.484
523.45	13.308
523.66	13.440
523.86	13.692
524.07	13.586
524.28	13.590
524.48	12.894
524.69	13.047
524.90	13.707
525.10	12.754
525.31	13.347
525.52	13.365
525.72	13.803
525.93	13.466
526.14	14.042
526.34	13.283
526.55	13.805
526.76	14.719
526.96	13.877
527.17	14.120
527.38	13.843
527.58	14.463
527.79	14.026
528.00	13.805
528.20	14.122
528.41	13.663
528.62	14.054
528.82	14.602
529.03	14.308
529.24	14.200
529.44	14.602
529.65	14.424
529.85	14.448
530.06	14.325
530.27	14.520
530.47	14.701
530.68	14.453
530.89	15.002
531.09	14.052
531.30	15.172
531.51	14.814
531.71	15.006
531.92	14.955
532.13	14.579
532.33	15.230
532.54	14.892
532.74	14.878
532.95	15.161
533.16	15.137
533.36	14.968
533.57	15.348
533.78	15.855
533.98	15.133
534.19	15.325
534.39	15.332
534.60	15.204
534.81	15.398
535.01	15.012
535.22	15.396
535.42	15.300
535.63	16.102
535.84	15.209
536.04	15.660
536.25	15.892
536.45	14.916
536.66	15.928
536.87	15.524
537.07	15.656
537.28	15.140
537.48	16.137
537.69	15.281
537.90	15.341
538.10	15.717
538.31	15.348
538.51	15.879
538.72	15.730
538.93	15.583
539.13	16.005
539.34	16.287
539.54	16.011
539.75	15.423
539.96	16.015
540.16	15.961
540.37	16.365
540.57	15.742
540.78	15.734
540.98	16.160
541.19	16.293
541.40	16.060
541.60	16.462
541.81	16.283
542.01	15.965
542.22	16.309
542.42	16.266
542.63	16.046
542.83	16.224
543.04	16.663
543.25	16.113
543.45	15.943
543.66	15.879
543.86	15.638
544.07	16.209
544.27	15.808
544.48	16.155
544.68	16.306
544.89	16.035
545.10	16.670
545.30	16.142
545.51	16.094
545.71	16.692
545.92	16.117
546.12	16.464
546.33	16.255
546.53	16.541
546.74	16.498
546.94	16.164
547.15	15.788
547.36	16.272
547.56	16.479
547.77	16.277
547.97	16.745
548.18	16.348
548.38	16.552
548.59	16.612
548.79	15.668
549.00	16.218
549.20	16.737
549.41	16.131
549.61	16.732
549.82	16.681
550.02	16.448
550.23	16.372
550.43	16.054
550.64	16.358
550.84	16.581
551.05	16.332
551.25	16.362
551.46	16.545
551.66	16.465
551.87	16.612
552.07	16.157
552.28	16.460
552.48	15.980
552.69	16.478
552.89	16.669
553.10	16.473
553.30	16.316
553.51	16.713
553.71	16.331
553.92	16.460
554.12	16.373
554.33	16.671
554.53	16.276
554.74	16.528
554.94	16.750
555.15	16.204
555.35	17.128
555.56	16.684
555.76	16.323
555.97	16.644
556.17	16.676
556.38	16.873
556.58	16.634
556.78	16.436
556.99	16.917
557.19	16.490
557.40	16.393
557.60	16.652
557.81	16.753
558.01	17.002
558.22	16.582
558.42	16.597
558.63	16.476
558.83	16.980
559.04	16.515
559.24	16.658
559.44	16.431
559.65	16.452
559.85	16.514
560.06	16.366
560.26	16.369
560.47	16.472
560.67	16.510
560.88	16.523
561.08	16.293
561.28	16.138
561.49	16.478
561.69	16.001
561.90	16.436
562.10	16.358
562.31	16.909
562.51	16.234
562.71	16.333
562.92	16.047
563.12	16.314
563.33	16.181
563.53	16.514
563.74	16.188
563.94	16.528
564.14	16.022
564.35	16.413
564.55	15.992
564.76	15.938
564.96	16.145
565.17	16.071
565.37	16.091
565.57	16.310
565.78	15.965
565.98	15.881
566.19	15.884
566.39	15.924
566.59	16.176
566.80	15.949
567.00	16.007
567.21	16.066
567.41	16.030
567.61	16.114
567.82	15.960
568.02	15.803
568.23	15.716
568.43	15.856
568.63	15.338
568.84	15.463
569.04	15.661
569.24	15.570
569.45	15.407
569.65	15.555
569.86	15.618
570.06	15.298
570.26	15.454
570.47	15.165
570.67	15.395
570.87	15.006
571.08	15.384
571.28	15.075
571.49	15.033
571.69	15.222
571.89	14.994
572.10	14.806
572.30	15.149
572.50	15.048
572.71	14.950
572.91	14.802
573.11	14.681
573.32	14.967
573.52	14.849
573.73	14.640
573.93	14.796
574.13	14.495
574.34	14.751
574.54	14.816
574.74	14.233
574.95	15.178
575.15	14.697
575.35	14.569
575.56	14.756
575.76	14.348
575.96	14.324
576.17	14.608
576.37	14.224
576.57	14.677
576.78	14.079
576.98	14.334
577.18	14.412
577.39	14.218
577.59	13.928
577.79	13.848
578.00	14.616
578.20	14.227
578.40	14.064
578.61	14.127
578.81	14.477
579.01	14.273
579.22	14.064
579.42	13.992
579.62	13.477
579.82	13.955
580.03	13.878
580.23	14.160
580.43	14.019
580.64	13.890
580.84	13.895
581.04	13.883
581.25	13.743
581.45	13.303
581.65	13.465
581.86	13.289
582.06	14.099
582.26	13.739
582.46	13.606
582.67	13.822
582.87	13.677
583.07	13.757
583.28	13.653
583.48	13.663
583.68	14.010
583.88	13.600
584.09	13.502
584.29	13.794
584.49	13.436
584.70	13.634
584.90	13.120
585.10	13.454
585.30	13.223
585.51	13.265
585.71	13.423
585.91	13.578
586.11	13.470
586.32	13.131
586.52	13.678
586.72	13.171
586.92	13.592
587.13	13.554
587.33	13.122
587.53	13.256
587.74	13.199
587.94	13.206
588.14	13.201
588.34	13.798
588.55	13.188
588.75	13.194
588.95	13.178
589.15	13.279
589.36	13.262
589.56	12.581
589.76	13.504
589.96	13.035
590.16	12.884
590.37	13.247
590.57	13.131
590.77	12.818
590.97	13.075
591.18	13.086
591.38	13.132
591.58	17.532
591.78	12.893
591.99	12.986
592.19	12.794
592.39	12.838
592.59	13.158
592.79	12.841
593.00	13.116
593.20	12.789
593.40	12.656
593.60	12.992
593.81	13.035
594.01	13.118
594.21	12.937
594.41	12.489
594.61	12.786
594.82	12.984
595.02	12.903
595.22	12.944
595.42	12.583
595.62	12.708
595.83	12.919
596.03	12.794
596.23	13.003
596.43	12.882
596.63	12.846
596.84	12.686
597.04	12.765
597.24	12.960
597.44	12.882
597.64	12.573
597.84	12.660
598.05	13.127
598.25	12.799
598.45	12.662
598.65	12.955
598.85	13.041
599.06	12.761
599.26	12.869
599.46	12.776
599.66	12.896
599.86	12.943
600.06	12.999
600.27	13.074
600.47	13.035
600.67	12.840
600.87	12.722
601.07	13.134
601.27	12.568
601.48	12.638
601.68	12.828
601.88	12.576
602.08	12.993
602.28	12.548
602.48	12.226
602.68	12.739
602.89	12.856
603.09	12.765
603.29	12.683
603.49	12.792
603.69	12.809
603.89	12.796
604.09	12.869
604.30	12.748
604.50	12.794
604.70	12.599
604.90	12.719
605.10	12.364
605.30	12.571
605.50	12.928
605.71	12.472
605.91	13.025
606.11	12.860
606.31	12.832
606.51	12.811
606.71	12.621
606.91	12.741
607.11	12.550
607.32	12.690
607.52	12.587
607.72	12.684
607.92	12.375
608.12	12.624
608.32	12.787
608.52	12.643
608.72	12.800
608.92	12.669
609.12	12.352
609.33	12.871
609.53	12.691
609.73	12.463
609.93	12.577
610.13	12.555
610.33	12.762
610.53	12.374
610.73	12.547
610.93	12.726
611.13	12.637
611.34	12.609
611.54	12.445
611.74	12.417
611.94	12.795
612.14	12.403
612.34	12.216
612.54	12.380
612.74	12.550
612.94	12.262
613.14	12.325
613.34	12.434
613.54	12.531
613.74	12.652
613.95	12.545
614.15	12.543
614.35	12.311
614.55	12.526
614.75	12.728
614.95	12.569
615.15	12.537
615.35	12.323
615.55	12.237
615.75	12.237
615.95	12.603
616.15	12.333
616.35	12.390
616.55	12.422
616.75	12.367
616.95	12.372
617.15	12.605
617.35	12.682
617.56	12.189
617.76	12.269
617.96	12.390
618.16	12.437
618.36	12.418
618.56	12.392
618.76	12.403
618.96	12.432
619.16	12.242
619.36	12.300
619.56	12.441
619.76	12.515
619.96	12.707
620.16	12.521
620.36	12.330
620.56	12.279
620.76	12.267
620.96	12.495
621.16	12.274
621.36	12.504
621.56	12.249
621.76	12.406
621.96	12.193
622.16	12.540
622.36	12.396
622.56	12.368
622.76	12.231
622.96	12.336
623.16	12.156
623.36	12.074
623.56	12.564
623.76	11.920
623.96	12.378
624.16	12.083
624.36	12.460
624.56	12.365
624.76	12.451
624.96	12.197
625.16	12.640
625.36	12.006
625.56	12.321
625.76	12.221
625.96	12.191
626.16	12.096
626.36	12.167
626.56	12.241
626.76	12.506
626.96	12.421
627.16	12.094
627.36	12.568
627.56	12.428
627.76	12.282
627.96	12.246
628.16	12.420
628.36	12.322
628.56	12.079
628.75	12.320
628.95	12.367
629.15	12.272
629.35	12.208
629.55	12.100
629.75	12.116
629.95	12.443
630.15	11.952
630.35	12.089
630.55	12.138
630.75	12.016
630.95	12.294
631.15	12.241
631.35	12.077
631.55	12.497
631.75	12.297
631.95	12.286
632.15	12.258
632.34	12.422
632.54	12.383
632.74	11.954
632.94	11.925
633.14	12.092
633.34	12.374
633.54	12.088
633.74	12.517
633.94	12.291
634.14	12.590
634.34	12.145
634.54	12.197
634.74	12.171
634.93	12.152
635.13	12.114
635.33	12.182
635.53	12.248
635.73	12.312
635.93	11.960
636.13	12.060
636.33	12.047
636.53	11.977
636.73	11.964
636.93	11.813
637.12	12.096
637.32	12.223
637.52	12.124
637.72	12.232
637.92	12.065
638.12	12.277
638.32	12.107
638.52	12.483
638.72	12.185
638.91	12.229
639.11	12.324
639.31	12.140
639.51	12.197
639.71	11.988
639.91	12.077
640.11	11.850
640.31	12.113
640.50	12.212
640.70	11.936
640.90	12.037
641.10	12.052
641.30	11.963
641.50	12.251
641.70	12.324
641.89	12.188
642.09	11.976
642.29	12.175
642.49	11.937
642.69	11.901
642.89	12.030
643.09	11.834
643.28	12.237
643.48	11.767
643.68	12.035
643.88	11.986
644.08	12.119
644.28	12.056
644.48	11.605
644.67	12.004
644.87	12.045
645.07	11.991
645.27	12.043
645.47	11.965
645.67	11.823
645.86	11.880
646.06	11.948
646.26	12.041
646.46	11.968
646.66	11.778
646.85	11.814
647.05	11.834
647.25	12.115
647.45	11.930
647.65	11.761
647.85	11.773
648.04	11.594
648.24	11.832
648.44	11.750
648.64	11.866
648.84	11.925
649.03	11.937
649.23	11.657
649.43	11.669
649.63	11.903
649.83	11.650
650.02	11.972
650.22	11.890
650.42	11.564
650.62	11.955
650.82	11.979
651.01	11.854
651.21	11.791
651.41	11.951
651.61	11.914
651.81	11.775
652.00	11.553
652.20	11.922
652.40	11.765
652.60	11.562
652.79	11.510
652.99	12.132
653.19	11.509
653.39	11.869
653.59	11.642
653.78	11.824
653.98	11.727
654.18	11.460
654.38	11.605
654.57	11.886
654.77	11.573
654.97	11.857
655.17	11.514
655.36	12.078
655.56	11.814
655.76	11.638
655.96	11.656
656.15	11.988
656.35	12.038
656.55	11.769
656.75	11.956
656.94	11.723
657.14	11.758
657.34	11.302
657.54	11.670
657.73	11.739
657.93	11.552
658.13	11.692
658.33	11.580
658.52	11.566
658.72	12.000
658.92	11.717
659.11	11.900
659.31	11.598
659.51	11.861
659.71	11.695
659.90	11.653
660.10	11.744
660.30	11.813
660.50	11.720
660.69	11.880
660.89	11.682
661.09	11.677
661.28	11.781
661.48	11.770
661.68	11.580
661.87	11.541
662.07	11.506
662.27	11.747
662.47	11.600
662.66	11.856
662.86	11.690
663.06	11.859
663.25	11.590
663.45	11.867
663.65	11.778
663.84	11.789
664.04	11.703
664.24	11.508
664.44	11.838
664.63	11.680
664.83	11.594
665.03	11.791
665.22	11.672
665.42	11.771
665.62	11.662
665.81	11.697
666.01	11.783
666.21	11.823
666.40	11.689
666.60	11.621
666.80	11.682
666.99	12.176
667.19	11.288
667.39	11.642
667.58	11.831
667.78	11.662
667.98	11.385
668.17	11.456
668.37	11.543
668.57	11.923
668.76	11.719
668.96	11.479
669.16	11.654
669.35	11.789
669.55	11.543
669.74	11.859
669.94	11.901
670.14	11.777
670.33	11.672
670.53	11.827
670.73	11.667
670.92	11.606
671.12	11.946
671.32	11.727
671.51	11.738
671.71	11.923
671.90	11.869
672.10	11.745
672.30	11.884
672.49	11.880
672.69	11.747
672.89	11.844
673.08	11.863
673.28	11.827
673.47	11.868
673.67	12.043
673.87	11.925
674.06	11.896
674.26	12.003
674.45	11.871
674.65	12.082
674.85	11.855
675.04	11.972
675.24	11.699
675.43	12.258
675.63	11.978
675.83	11.910
676.02	11.676
676.22	11.826
676.41	11.968
676.61	11.988
676.81	12.152
677.00	11.637
677.20	11.991
677.39	12.023
677.59	11.856
677.79	11.875
677.98	12.107
678.18	12.091
678.37	12.119
678.57	12.033
678.76	11.977
678.96	12.216
679.16	11.831
679.35	11.891
679.55	12.333
679.74	12.113
679.94	12.224
680.13	12.164
680.33	12.107
680.53	12.211
680.72	12.184
680.92	12.067
681.11	12.362
681.31	12.062
681.50	12.072
681.70	12.217
681.89	12.111
682.09	12.248
682.28	11.881
682.48	12.228
682.68	12.239
682.87	12.068
683.07	12.140
683.26	12.181
683.46	11.982
683.65	12.306
683.85	12.232
684.04	12.121
684.24	12.367
684.43	12.205
684.63	12.147
684.82	12.272
685.02	11.990
685.21	12.302
685.41	12.398
685.60	12.019
685.80	12.296
686.00	12.363
686.19	12.290
686.39	12.573
686.58	12.133
686.78	12.219
686.97	12.588
687.17	12.343
687.36	12.422
687.56	12.489
687.75	12.227
687.95	12.170
688.14	12.280
688.34	12.256
688.53	12.241
688.73	12.297
688.92	12.585
689.12	12.585
689.31	12.664
689.51	12.482
689.70	12.551
689.89	12.439
690.09	12.467
690.28	12.291
690.48	12.390
690.67	12.227
690.87	12.444
691.06	12.207
691.26	12.236
691.45	12.472
691.65	12.320
691.84	12.498
692.04	12.263
692.23	12.471
692.43	12.616
692.62	12.564
692.82	12.701
693.01	12.322
693.20	12.497
693.40	12.702
693.59	12.632
693.79	12.752
693.98	12.705
694.18	13.017
694.37	12.414
694.57	12.515
694.76	12.746
694.95	13.120
695.15	13.026
695.34	12.797
695.54	13.181
695.73	13.103
695.93	12.955
696.12	13.264
696.32	12.961
696.51	13.103
696.70	13.281
696.90	13.373
697.09	12.998
697.29	13.483
697.48	13.333
697.67	13.275
697.87	13.549
698.06	13.368
698.26	13.830
698.45	13.710
698.65	13.836
698.84	13.900
699.03	13.898
699.23	14.129
699.42	14.096
699.62	14.296
699.81	14.442
700.00	14.661
700.20	14.605
700.39	14.697
700.59	14.723
700.78	15.179
700.97	15.012
701.17	15.267
701.36	15.007
701.56	15.365
701.75	15.592
701.94	15.570
702.14	15.840
702.33	15.847
702.52	16.100
702.72	16.282
702.91	16.261
703.11	16.681
703.30	16.793
703.49	16.970
703.69	16.842
703.88	17.402
704.07	17.193
704.27	17.797
704.46	18.050
704.66	18.080
704.85	18.242
705.04	18.363
705.24	18.439
705.43	18.896
705.62	18.760
705.82	18.961
706.01	19.305
706.20	19.504
706.40	19.657
706.59	20.059
706.78	20.148
706.98	20.123
707.17	20.943
707.36	20.626
707.56	20.894
707.75	20.739
707.94	20.916
708.14	21.757
708.33	21.798
708.52	21.622
708.72	21.803
708.91	22.294
709.10	22.276
709.30	22.707
709.49	22.598
709.68	22.932
709.88	23.216
710.07	23.368
710.26	23.912
710.46	23.739
710.65	24.276
710.84	23.911
711.04	24.115
711.23	24.893
711.42	25.093
711.61	25.106
711.81	25.475
712.00	25.902
712.19	25.836
712.39	25.709
712.58	26.191
712.77	26.566
712.97	26.835
713.16	26.419
713.35	26.790
713.54	27.513
713.74	27.166
713.93	27.828
714.12	28.271
714.32	27.996
714.51	28.516
714.70	28.630
714.89	29.068
715.09	28.948
715.28	29.480
715.47	29.748
715.66	30.109
715.86	30.617
716.05	30.769
716.24	30.662
716.44	30.780
716.63	31.513
716.82	31.083
717.01	31.603
717.21	32.110
717.40	32.317
717.59	32.469
717.78	33.129
717.98	32.501
718.17	33.536
718.36	33.548
718.55	33.591
718.75	34.311
718.94	34.476
719.13	34.676
719.32	34.450
719.52	35.094
719.71	35.329
719.90	35.260
720.09	36.077
720.28	36.187
720.48	36.625
720.67	36.433
720.86	36.721
721.05	37.626
721.25	37.610
721.44	37.656
721.63	38.168
721.82	37.779
722.01	38.728
722.21	38.296
722.40	38.612
722.59	39.242
722.78	39.663
722.98	39.198
723.17	40.028
723.36	40.297
723.55	40.609
723.74	40.723
723.94	40.674
724.13	41.162
724.32	41.892
724.51	41.896
724.70	42.066
724.89	42.477
725.09	42.863
725.28	42.785
725.47	43.217
725.66	43.320
725.85	43.626
726.05	44.006
726.24	44.050
726.43	44.721
726.62	44.377
726.81	45.064
727.00	45.363
727.20	45.728
727.39	45.728
727.58	45.919
727.77	46.891
727.96	46.307
728.15	47.057
728.35	46.827
728.54	47.747
728.73	47.334
728.92	47.933
729.11	48.133
729.30	47.893
729.50	48.550
729.69	49.119
729.88	49.032
730.07	49.706
730.26	49.680
730.45	50.184
730.64	50.436
730.84	50.274
731.03	50.704
731.22	50.832
731.41	51.603
731.60	51.732
731.79	51.755
731.98	51.827
732.18	52.292
732.37	52.229
732.56	52.499
732.75	52.947
732.94	53.210
733.13	53.388
733.32	53.618
733.51	53.867
733.71	54.417
733.90	53.938
734.09	54.624
734.28	55.254
734.47	55.141
734.66	54.767
734.85	56.100
735.04	56.233
735.23	55.815
735.42	55.885
735.62	56.210
735.81	56.043
736.00	56.862
736.19	56.456
736.38	57.168
736.57	56.955
736.76	57.770
736.95	57.538
737.14	57.770
737.33	58.122
737.52	58.489
737.72	58.831
737.91	58.707
738.10	58.916
738.29	59.165
738.48	59.078
738.67	59.086
738.86	59.742
739.05	58.857
739.24	59.921
739.43	59.950
739.62	60.280
739.81	60.464
740.00	60.320
740.19	60.758
740.39	61.198
740.58	61.487
740.77	61.026
740.96	61.113
741.15	61.363
741.34	61.790
741.53	61.582
741.72	61.943
741.91	62.499
742.10	62.312
742.29	62.522
742.48	62.040
742.67	62.755
742.86	63.173
743.05	63.540
743.24	63.485
743.43	63.521
743.62	63.570
743.81	63.466
744.00	64.421
744.19	63.735
744.38	64.116
744.57	64.048
744.76	64.873
744.95	64.940
745.14	64.361
745.33	64.416
745.52	64.621
745.71	64.882
745.90	64.667
746.09	65.075
746.28	65.149
746.47	66.166
746.66	65.107
746.85	65.573
747.04	66.039
747.23	66.318
747.42	66.044
747.61	66.431
747.80	65.774
747.99	66.178
748.18	67.155
748.37	66.759
748.56	66.895
748.75	66.349
748.94	66.820
749.13	66.742
749.32	67.150
749.51	66.420
749.70	67.459
749.89	67.189
750.08	67.444
750.27	67.774
750.46	67.600
750.65	67.258
750.84	67.206
751.03	68.066
751.22	67.620
751.41	67.866
751.60	68.338
751.79	68.038
751.98	67.588
752.17	68.492
752.36	68.348
752.55	68.241
752.74	68.230
752.93	68.689
753.12	68.832
753.30	68.728
753.49	68.080
753.68	68.837
753.87	68.205
754.06	68.635
754.25	68.407
754.44	68.842
754.63	68.424
754.82	69.258
755.01	68.886
755.20	68.991
755.39	68.327
755.58	68.786
755.77	68.952
755.96	69.410
756.14	69.090
756.33	68.799
756.52	68.307
756.71	68.822
756.90	69.650
757.09	69.721
757.28	69.644
757.47	69.953
757.66	70.154
757.85	69.975
758.04	70.253
758.22	69.574
758.41	69.797
758.60	70.204
758.79	69.888
758.98	69.747
759.17	70.103
759.36	69.155
759.55	70.079
759.74	70.233
759.92	70.159
760.11	70.209
760.30	70.228
760.49	70.381
760.68	70.604
760.87	69.753
761.06	70.733
761.25	69.827
761.43	70.396
761.62	70.549
761.81	70.788
762.00	70.434
762.19	70.017
762.38	69.834
762.57	70.927
762.76	71.518
762.94	70.887
763.13	70.309
763.32	71.039
763.51	70.736
763.70	71.675
763.89	70.980
764.07	70.232
764.26	70.691
764.45	70.974
764.64	71.751
764.83	70.331
765.02	70.266
765.21	70.541
765.39	70.070
765.58	70.748
765.77	70.445
765.96	70.362
766.15	70.314
766.34	70.974
766.52	70.695
766.71	70.781
766.90	70.551
767.09	70.319
767.28	70.362
767.46	70.536
767.65	70.805
767.84	70.688
768.03	71.224
768.22	70.938
768.40	70.407
768.59	70.902
768.78	70.811
768.97	71.850
769.16	71.058
769.34	70.567
769.53	71.259
769.72	70.761
769.91	71.156
770.10	70.756
770.28	71.167
770.47	71.460
770.66	71.197
770.85	70.567
771.04	71.549
771.22	71.042
771.41	71.410
771.60	70.550
771.79	71.671
771.98	70.844
772.16	71.537
772.35	70.849
772.54	71.717
772.73	71.361
772.91	71.662
773.10	71.202
773.29	71.779
773.48	70.759
773.66	71.672
773.85	71.896
774.04	71.552
774.23	70.233
774.41	71.254
774.60	71.540
774.79	71.334
774.98	71.239
775.16	70.744
775.35	71.060
775.54	71.364
775.73	71.484
775.91	71.327
776.10	71.554
776.29	70.344
776.48	71.025
776.66	70.871
776.85	71.281
777.04	70.044
777.23	71.774
777.41	71.366
777.60	71.136
777.79	70.173
777.97	70.834
778.16	70.909
778.35	71.039
778.54	70.195
778.72	71.443
778.91	71.095
779.10	71.987
779.28	71.500
779.47	70.722
779.66	70.883
779.85	71.386
780.03	70.710
780.22	70.846
780.41	71.498
780.59	70.971
780.78	70.528
780.97	70.346
781.15	71.187
781.34	71.614
781.53	70.923
781.71	72.054
781.90	71.525
782.09	71.455
782.27	71.227
782.46	70.805
782.65	71.148
782.84	71.748
783.02	71.578
783.21	71.607
783.40	70.770
783.58	71.013
783.77	72.087
783.96	71.549
784.14	70.896
784.33	71.506
784.52	71.140
784.70	71.857
784.89	71.562
785.07	70.409
785.26	71.562
785.45	71.662
785.63	71.388
785.82	71.508
786.01	71.315
786.19	71.277
786.38	71.175
786.57	71.150
786.75	71.410
786.94	71.872
787.13	71.844
787.31	72.054
787.50	71.402
787.68	72.418
787.87	71.713
788.06	71.966
788.24	71.654
788.43	71.344
788.62	71.032
788.80	71.332
788.99	71.358
789.17	71.812
789.36	71.530
789.55	71.661
789.73	71.450
789.92	71.142
790.10	72.246
790.29	70.773
790.48	71.480
790.66	71.452
790.85	71.460
791.03	71.946
791.22	71.634
791.41	72.484
791.59	72.184
791.78	71.049
791.96	71.040
792.15	71.341
792.34	71.249
792.52	71.582
792.71	71.679
792.89	72.069
793.08	70.749
793.27	71.428
793.45	71.643
793.64	71.199
793.82	70.855
794.01	71.359
794.19	71.342
794.38	71.388
794.57	70.147
794.75	71.290
794.94	71.369
795.12	70.938
795.31	71.618
795.49	70.969
795.68	71.555
795.86	71.209
796.05	71.625
796.24	72.251
796.42	71.837
796.61	71.323
796.79	70.988
796.98	71.687
797.16	71.360
797.35	71.855
797.53	71.791
797.72	71.941
797.90	71.297
798.09	71.207
798.27	71.431
798.46	71.680
798.65	72.026
798.83	71.622
799.02	71.671
799.20	71.302
799.39	70.822
799.57	71.620
799.76	71.163
799.94	71.654
800.13	71.459
800.31	71.540
800.50	71.055
800.68	71.209
800.87	71.656
801.05	71.012
801.24	71.860
801.42	70.520
801.61	71.374
801.79	71.824
801.98	71.641
802.16	71.343
802.35	71.641
802.53	70.878
802.72	70.962
802.90	72.059
803.09	71.289
803.27	71.194
803.46	71.556
803.64	71.208
803.83	71.441
804.01	71.524
804.20	71.629
804.38	71.632
804.56	71.775
804.75	71.281
804.93	71.811
805.12	71.582
805.30	71.511
805.49	72.169
805.67	71.551
805.86	71.293
806.04	71.572
806.23	71.437
806.41	71.373
806.59	71.754
806.78	70.924
806.96	72.122
807.15	71.938
807.33	70.884
807.52	72.121
807.70	71.418
807.89	71.402
808.07	70.878
808.25	71.730
808.44	72.307
808.62	71.251
808.81	71.555
808.99	71.089
809.18	72.334
809.36	71.399
809.54	71.516
809.73	72.049
809.91	70.956
810.10	71.569
810.28	72.139
810.47	71.347
810.65	70.843
810.83	71.990
811.02	71.036
811.20	71.350
811.39	71.567
811.57	71.834
811.75	71.790
811.94	71.961
812.12	71.839
812.31	71.463
812.49	71.174
812.67	71.956
812.86	72.167
813.04	71.616
813.23	71.590
813.41	71.669
813.59	71.338
813.78	70.997
813.96	71.643
814.14	71.845
814.33	71.353
814.51	71.265
814.70	71.347
814.88	71.246
815.06	71.357
815.25	71.914
815.43	71.644
815.61	71.132
815.80	71.250
815.98	71.108
816.16	71.536
816.35	71.756
816.53	71.634
816.72	72.009
816.90	71.726
817.08	71.469
817.27	71.949
817.45	71.627
817.63	71.388
817.82	71.265
818.00	71.230
818.18	71.366
818.37	71.544
818.55	71.418
818.73	71.442
818.92	71.775
819.10	71.347
819.28	72.083
819.47	70.948
819.65	71.411
819.83	72.376
820.02	71.270
820.20	71.652
820.38	71.100
820.57	72.209
820.75	72.313
820.93	71.913
821.11	71.516
821.30	71.104
821.48	71.363
821.66	72.016
821.85	71.863
822.03	71.002
822.21	72.164
822.40	71.412
822.58	71.366
822.76	71.948
822.94	72.263
823.13	71.717
823.31	70.907
823.49	71.484
823.68	71.609
823.86	71.409
824.04	71.487
824.22	72.220
824.41	71.506
824.59	71.112
824.77	71.878
824.96	71.508
825.14	71.903
825.32	71.912
825.50	71.974
825.69	71.448
825.87	71.057
826.05	71.432
826.23	71.813
826.42	72.085
826.60	70.276
826.78	71.555
826.96	71.093
827.15	71.866
827.33	71.632
827.51	72.096
827.69	72.150
827.88	71.865
828.06	72.072
828.24	71.891
828.42	71.726
828.61	71.777
828.79	72.403
828.97	71.976
829.15	71.623
829.34	71.232
829.52	73.030
829.70	72.082
829.88	71.617
830.06	71.620
830.25	71.914
830.43	71.754
830.61	71.710
830.79	72.150
830.97	71.684
831.16	70.649
831.34	71.776
831.52	72.169
831.70	72.247
831.89	72.236
832.07	71.181
832.25	71.062
832.43	71.010
832.61	72.121
832.80	72.024
832.98	72.000
833.16	71.319
833.34	70.972
833.52	70.918
833.70	71.888
833.89	70.987
834.07	70.945
834.25	71.377
834.43	71.961
834.61	71.289
834.80	71.077
834.98	71.443
835.16	72.248
835.34	71.824
835.52	71.550
835.70	71.107
835.89	71.389
836.07	71.483
836.25	71.701
836.43	71.815
836.61	71.682
836.79	72.488
836.97	71.523
837.16	71.505
837.34	71.765
837.52	72.898
837.70	71.219
837.88	72.183
838.06	72.138
838.24	71.749
838.43	72.375
838.61	71.567
838.79	71.583
838.97	71.386
839.15	71.439
839.33	71.876
839.51	72.543
839.70	71.214
839.88	71.820
840.06	72.249
840.24	71.822
840.42	71.755
840.60	71.831
840.78	71.443
840.96	72.463
841.14	72.240
841.33	71.324
841.51	72.383
841.69	71.268
841.87	72.086
842.05	71.523
842.23	71.513
842.41	72.546
842.59	71.700
842.77	71.182
842.95	70.516
843.14	72.176
843.32	71.496
843.50	72.376
843.68	71.628
843.86	72.015
844.04	72.461
844.22	71.212
844.40	72.044
844.58	72.165
844.76	71.116
844.94	72.210
845.12	71.970
845.30	71.310
845.49	71.935
845.67	71.305
845.85	71.474
846.03	71.193
846.21	71.905
846.39	72.008
846.57	72.079
846.75	70.968
846.93	71.394
847.11	71.961
847.29	71.538
847.47	71.748
847.65	71.794
847.83	71.484
848.01	71.060
848.19	71.811
848.37	71.498
848.55	72.656
848.73	71.765
848.91	71.345
849.09	71.920
849.27	72.553
849.46	72.017
849.64	71.734
849.82	72.163
850.00	71.468
850.18	72.173
850.36	71.223
850.54	71.799
850.72	71.990
850.90	71.433
851.08	72.251
851.26	71.254
851.44	71.999
851.62	71.641
851.80	72.043
851.98	72.258
852.16	72.614
852.34	71.956
852.52	71.520
852.70	72.749
852.88	71.668
853.06	72.617
853.24	71.132
853.42	71.187
853.60	71.193
853.78	72.247
853.96	72.266
854.14	71.932
854.31	71.720
854.49	71.583
854.67	72.591
854.85	71.517
855.03	71.558
855.21	70.891
855.39	71.732
855.57	72.070
855.75	71.656
855.93	71.649
856.11	72.425
856.29	72.310
856.47	72.022
856.65	71.168
856.83	71.905
857.01	71.365
857.19	70.690
857.37	71.626
857.55	71.555
857.73	72.443
857.91	72.220
858.09	71.659
858.26	71.625
858.44	72.877
858.62	70.865
858.80	72.045
858.98	72.414
859.16	71.720
859.34	72.763
859.52	71.566
859.70	71.765
859.88	72.209
860.06	71.900
860.24	72.031
860.42	71.953
860.59	72.775
860.77	72.027
860.95	71.731
861.13	70.783
861.31	72.027
861.49	71.813
861.67	72.623
861.85	72.370
862.03	71.298
862.21	72.229
862.38	71.636
862.56	72.437
862.74	72.884
862.92	71.842
863.10	71.750
863.28	72.365
863.46	71.718
863.64	72.037
863.82	72.428
863.99	71.724
864.17	71.352
864.35	71.884
864.53	72.729
864.71	72.892
864.89	70.630
865.07	71.757
865.24	71.438
865.42	71.192
865.60	71.482
865.78	71.818
865.96	71.519
866.14	72.080
866.32	71.712
866.49	72.163
866.67	72.438
866.85	72.103
867.03	71.695
867.21	70.757
867.39	72.674
867.56	71.000
867.74	72.052
867.92	71.642
868.10	71.738
868.28	71.728
868.46	71.911
868.63	72.121
868.81	72.414
868.99	72.291
869.17	72.806
869.35	72.014
869.53	71.857
869.70	72.009
869.88	72.988
870.06	71.753
870.24	71.933
870.42	71.514
870.59	72.230
870.77	71.731
870.95	71.923
871.13	71.847
871.31	72.287
871.48	72.514
871.66	72.548
871.84	72.219
872.02	71.497
872.20	71.067
872.37	71.966
872.55	72.084
872.73	71.291
872.91	72.712
873.08	72.614
873.26	72.559
873.44	71.665
873.62	71.251
873.80	72.667
873.97	71.327
874.15	72.749
874.33	72.469
874.51	72.124
874.68	71.641
874.86	71.294
875.04	72.421
875.22	71.774
875.39	71.745
875.57	73.069
875.75	71.183
875.93	72.342
876.10	71.708
876.28	73.504
876.46	71.756
876.64	73.042
876.81	70.851
876.99	72.064
877.17	70.728
877.35	72.108
877.52	71.769
877.70	71.057
877.88	72.508
878.06	71.388
878.23	70.858
878.41	71.970
878.59	72.930
878.76	71.398
878.94	72.283
879.12	72.160
879.30	70.770
879.47	72.030
879.65	72.711
879.83	72.191
880.00	72.985
880.18	72.620
880.36	71.285
880.53	72.462
880.71	72.898
880.89	71.189
881.07	72.192
881.24	71.983
881.42	72.848
881.60	70.876
881.77	72.205
881.95	72.990
882.13	71.970
882.30	73.382
882.48	72.331
882.66	71.268
882.83	71.393
883.01	71.875
883.19	72.471
883.36	72.771
883.54	73.047
883.72	71.400
883.89	72.258
884.07	72.042
884.25	72.285
884.42	70.765
884.60	71.638
884.78	71.872
884.95	71.505
885.13	72.456
885.31	71.075
885.48	71.942
885.66	71.795
885.84	71.797
886.01	73.599
886.19	70.487
886.36	72.627
886.54	70.904
886.72	72.318
886.89	71.639
887.07	72.242
887.25	72.568
887.42	72.271
887.60	72.121
887.78	70.444
887.95	72.005
888.13	70.615
888.30	72.024
888.48	70.799
888.66	73.420
888.83	71.199
889.01	70.700
889.18	72.949
889.36	72.375
889.54	72.061
889.71	71.279
889.89	72.280
890.06	71.953
890.24	71.416
890.42	71.366
890.59	71.912
890.77	72.236
890.94	71.682
891.12	70.986
891.30	70.587
891.47	72.204
891.65	73.383
891.82	71.629
892.00	72.365
892.17	71.379
892.35	72.189
892.53	73.739
892.70	72.398
892.88	72.034
893.05	73.188
893.23	72.169
893.40	71.957
893.58	71.938
893.75	72.792
893.93	72.042
894.11	72.093
894.28	73.488
894.46	72.344
894.63	73.372
894.81	73.382
894.98	72.308
895.16	71.558
895.33	71.433
895.51	71.860
895.68	72.216
895.86	72.390
896.04	73.201
896.21	72.469
896.39	71.314
896.56	73.481
896.74	71.684
896.91	74.023
897.09	71.638
897.26	72.373
897.44	71.638
897.61	70.743
897.79	72.529
897.96	72.702
898.14	71.476
898.31	71.251
898.49	71.471
898.66	72.791
898.84	72.787
899.01	71.294
899.19	73.039
899.36	72.284
899.54	72.984
899.71	72.084
899.89	72.716
900.06	72.547
900.24	73.035
900.41	71.763
900.59	73.105
900.76	72.592
900.94	72.519
901.11	72.301
901.29	72.579
901.46	72.637
901.63	72.325
901.81	71.411
901.98	72.634
902.16	72.626
902.33	72.151
902.51	72.885
902.68	72.123
902.86	72.593
903.03	72.415
903.21	72.452
903.38	72.674
903.56	74.238
903.73	72.673
903.90	72.520
904.08	72.140
904.25	71.778
904.43	72.193
904.60	72.268
904.78	72.469
904.95	73.364
905.12	71.778
905.30	72.464
905.47	72.194
905.65	73.599
905.82	73.132
906.00	71.444
906.17	72.574
906.34	72.961
906.52	72.998
906.69	72.285
906.87	72.451
907.04	72.562
907.21	72.870
907.39	73.168
907.56	71.785
907.74	73.069
907.91	72.372
908.08	72.766
908.26	72.816
908.43	72.683
908.61	73.033
908.78	72.818
908.95	71.933
909.13	71.844
909.30	71.652
909.48	72.537
909.65	72.897
909.82	73.030
910.00	72.390
910.17	71.904
910.34	72.274
910.52	73.214
910.69	71.679
910.87	73.182
911.04	72.096
911.21	71.759
911.39	73.637
911.56	71.904
911.73	73.591
911.91	72.964
912.08	72.375
912.25	71.533
912.43	72.461
912.60	72.254
912.77	72.511
912.95	73.281
913.12	71.971
913.29	71.960
913.47	72.984
913.64	72.514
913.81	72.493
913.99	72.710
914.16	72.304
914.33	72.982
914.51	73.631
914.68	70.829
914.85	72.086
915.03	73.485
915.20	72.622
915.37	72.108
915.55	72.915
915.72	73.177
915.89	73.140
916.07	73.615
916.24	72.660
916.41	71.945
916.59	72.289
916.76	70.985
916.93	72.735
917.10	72.174
917.28	72.975
917.45	72.941
917.62	73.368
917.80	72.521
917.97	72.531
918.14	72.549
918.31	72.795
918.49	72.589
918.66	72.718
918.83	72.599
919.01	72.641
919.18	71.935
919.35	71.449
919.52	72.361
919.70	72.971
919.87	71.792
920.04	72.197
920.21	74.013
920.39	73.133
920.56	72.304
920.73	72.902
920.90	72.417
921.08	73.615
921.25	73.027
921.42	72.625
921.59	71.455
921.77	72.430
921.94	73.094
922.11	73.143
922.28	72.804
922.46	71.832
922.63	72.908
922.80	73.186
922.97	72.505
923.15	72.279
923.32	73.369
923.49	73.925
923.66	72.882
923.83	71.819
924.01	73.102
924.18	73.212
924.35	72.072
924.52	71.578
924.69	73.070
924.87	72.314
925.04	72.077
925.21	71.952
925.38	72.952
925.55	72.320
925.73	71.982
925.90	70.373
926.07	73.595
926.24	71.610
926.41	72.948
926.59	72.470
926.76	70.861
926.93	72.080
927.10	74.017
927.27	72.064
927.45	72.592
927.62	71.944
927.79	73.885
927.96	70.592
928.13	71.860
928.30	71.291
928.48	72.489
928.65	70.186
928.82	72.115
928.99	71.583
929.16	73.467
929.33	71.342
929.50	72.812
929.68	73.667
929.85	73.152
930.02	72.662
930.19	70.974
930.36	73.388
930.53	72.209
930.70	72.707
930.88	73.119
931.05	73.368
931.22	73.795
931.39	72.450
931.56	73.087
931.73	72.633
931.90	73.188
932.08	71.863
932.25	73.347
932.42	71.146
932.59	72.174
932.76	72.723
932.93	72.635
933.10	72.941
933.27	73.335
933.44	73.791
933.62	71.186
933.79	70.872
933.96	74.498
934.13	73.723
934.30	75.355
934.47	72.359
934.64	73.104
934.81	73.594
934.98	73.610
935.15	70.977
935.32	72.544
935.50	72.930
935.67	72.050
935.84	70.978
936.01	73.322
936.18	72.871
936.35	73.528
936.52	72.691
936.69	71.240
936.86	72.120
937.03	72.804
937.20	74.256
937.37	70.086
937.54	70.908
937.71	74.706
937.89	71.268
938.06	74.566
938.23	69.618
938.40	73.912
938.57	75.685
938.74	74.061
938.91	76.120
939.08	77.004
939.25	72.134
939.42	74.822
939.59	69.301
939.76	71.026
939.93	67.687
940.10	68.402
940.27	71.465
940.44	76.964
940.61	69.872
940.78	70.157
940.95	76.066
941.12	66.270
941.29	68.318
941.46	75.825
941.63	70.618
941.80	65.921
941.97	74.489
942.14	76.972
942.31	73.322
942.48	72.447
942.65	69.825
942.82	69.399
942.99	72.515
943.16	71.715
943.33	72.313
943.50	75.057
943.67	73.473
943.84	71.971
944.01	72.547
944.18	76.114
944.35	67.493
944.52	73.636
944.69	73.649
944.86	67.068
945.03	69.589
945.20	75.240
945.37	75.138
945.54	77.014
945.71	74.124
945.88	71.948
946.05	72.603
946.22	67.750
946.39	73.285
946.56	72.374
946.73	70.549
946.90	68.382
947.07	71.978
947.23	70.914
947.40	68.643
947.57	72.924
947.74	73.227
947.91	75.493
948.08	72.575
948.25	73.395
948.42	70.851
948.59	73.508
948.76	69.037
948.93	70.997
949.10	73.862
949.27	71.271
949.44	73.026
949.60	73.742
949.77	75.361
949.94	73.204
950.11	75.874
950.28	74.668
950.45	70.427
950.62	72.038
950.79	71.961
950.96	69.514
951.13	70.895
951.30	70.134
951.46	72.910
951.63	72.178
951.80	71.855
951.97	74.497
952.14	70.844
952.31	67.911
952.48	71.855
952.65	71.705
952.81	70.684
952.98	74.773
953.15	73.099
953.32	70.611
953.49	68.098
953.66	69.754
953.83	71.541
954.00	69.308
954.16	67.215
954.33	67.655
954.50	70.803
954.67	69.076
954.84	69.054
955.01	70.980
955.18	73.142
955.34	72.949
955.51	72.673
955.68	73.328
955.85	70.280
956.02	73.342
956.19	68.914
956.35	69.871
956.52	71.171
956.69	72.427
956.86	71.328
957.03	70.023
957.20	70.028
957.36	72.809
957.53	69.075
957.70	71.671
957.87	73.098
958.04	71.347
958.21	72.048
958.37	71.615
958.54	68.606
958.71	74.267
958.88	71.709
959.05	71.875
959.21	71.057
959.38	69.646
959.55	70.573
959.72	76.049
959.89	72.729
960.05	70.225
960.22	74.077
960.39	71.967
960.56	72.530
960.72	71.981
960.89	70.926
961.06	70.016
961.23	72.324
961.40	70.791
961.56	72.304
961.73	73.071
961.90	72.810
962.07	69.754
962.23	71.205
962.40	69.460
962.57	71.439
962.74	74.690
962.90	73.714
963.07	72.328
963.24	73.498
963.41	72.448
963.57	72.470
963.74	69.977
963.91	72.914
964.08	72.250
964.24	72.719
964.41	74.605
964.58	71.957
964.75	68.673
964.91	69.919
965.08	74.173
965.25	73.147
965.42	74.131
965.58	71.003
965.75	72.210
965.92	71.362
966.08	72.511
966.25	71.729
966.42	71.743
966.59	71.171
966.75	69.943
966.92	70.685
967.09	70.761
967.25	69.973
967.42	73.124
967.59	69.466
967.75	75.275
967.92	71.115
968.09	72.915
968.26	72.165
968.42	74.108
968.59	72.614
968.76	71.409
968.92	70.520
969.09	72.721
969.26	70.374
969.42	74.078
969.59	70.854
969.76	69.277
969.92	72.304
970.09	69.590
970.26	72.345
970.42	71.110
970.59	69.229
970.76	68.717
970.92	70.787
971.09	71.661
971.26	71.340
971.42	70.791
971.59	69.458
971.76	71.388
971.92	71.294
972.09	73.702
972.25	72.516
972.42	71.132
972.59	72.379
972.75	74.369
972.92	72.819
973.09	72.796
973.25	69.901
973.42	71.301
973.58	70.075
973.75	72.511
973.92	73.335
974.08	72.684
974.25	72.409
974.42	71.863
974.58	72.164
974.75	70.949
974.91	71.958
975.08	72.707
975.25	72.502
975.41	71.269
975.58	72.668
975.74	71.216
975.91	69.709
976.08	72.177
976.24	70.862
976.41	69.311
976.57	71.804
976.74	69.823
976.91	68.939
977.07	73.957
977.24	73.491
977.40	70.849
977.57	73.488
977.73	75.368
977.90	70.272
978.07	69.009
978.23	73.233
978.40	71.749
978.56	69.743
978.73	69.447
978.89	68.007
979.06	71.475
979.22	69.814
979.39	73.069
979.56	71.669
979.72	70.964
979.89	75.814
980.05	72.469
980.22	66.762
980.38	71.823
980.55	71.332
980.71	71.800
980.88	71.884
981.04	67.385
981.21	68.808
981.37	72.720
981.54	72.228
981.70	72.468
981.87	78.382
982.04	68.139
982.20	74.734
982.37	72.230
982.53	71.028
982.70	71.282
982.86	69.994
983.03	71.939
983.19	72.186
983.36	73.362
983.52	72.357
983.69	71.659
983.85	71.779
984.02	70.061
984.18	73.856
984.35	70.948
984.51	72.602
984.68	72.269
984.84	69.251
985.00	71.038
985.17	73.237
985.33	71.637
985.50	73.109
985.66	72.238
985.83	71.570
985.99	73.520
986.16	72.782
986.32	73.190
986.49	71.424
986.65	73.279
986.82	71.081
986.98	66.286
987.15	72.135
987.31	71.429
987.47	75.769
987.64	67.498
987.80	72.206
987.97	72.730
988.13	70.355
988.30	69.770
988.46	72.068
988.63	69.245
988.79	70.657
988.95	73.067
989.12	71.281
989.28	74.077
989.45	72.165
989.61	72.577
989.77	70.676
989.94	67.227
990.10	68.699
990.27	79.375
990.43	76.431
990.60	70.793
990.76	69.194
990.92	72.256
991.09	72.332
991.25	73.072
991.42	67.188
991.58	73.159
991.74	72.095
991.91	70.212
992.07	76.596
992.24	71.007
992.40	70.674
992.56	71.510
992.73	74.694
992.89	70.024
993.05	72.617
993.22	73.102
993.38	68.970
993.55	70.450
993.71	77.278
993.87	67.675
994.04	69.656
994.20	73.065
994.36	69.839
994.53	75.558
994.69	68.411
994.85	73.601
995.02	72.481
995.18	68.615
995.34	69.432
995.51	75.181
995.67	73.570
995.84	76.851
996.00	69.297
996.16	71.059
996.33	70.004
996.49	71.732
996.65	70.786
996.82	73.032
996.98	71.622
997.14	74.320
997.31	74.455
997.47	71.764
997.63	76.084
997.79	76.285
997.96	68.691
998.12	73.099
998.28	71.649
998.45	73.050
998.61	67.969
998.77	74.024
998.94	69.602
999.10	74.652
999.26	71.157
999.43	74.989
999.59	71.524
999.75	69.492
999.91	70.839
1000.08	69.264
1000.24	70.475
1000.40	72.500
1000.57	67.225
1000.73	72.086
1000.89	77.823
1001.05	72.768
1001.22	74.611
1001.38	72.232
1001.54	75.361
1001.70	70.210
1001.87	69.265
1002.03	71.622
1002.19	71.935
1002.35	74.363
1002.52	67.273
1002.68	70.554
1002.84	69.527
1003.00	65.136
1003.17	69.373
1003.33	68.226
1003.49	75.547
1003.65	73.343
1003.82	69.503
1003.98	70.481
1004.14	76.763
1004.30	65.135
1004.47	82.263
1004.63	69.498
1004.79	71.192
1004.95	73.415
1005.11	68.728
1005.28	73.733
1005.44	68.621
1005.60	65.476
1005.76	73.762
1005.93	74.212
1006.09	71.673
1006.25	75.000
1006.41	77.203
1006.57	73.280
1006.74	72.216
1006.90	71.183
1007.06	75.295
1007.22	73.428
1007.38	67.977
1007.55	72.253
1007.71	70.536
1007.87	72.177
1008.03	69.438
1008.19	67.435
1008.35	72.667
1008.52	77.486
1008.68	58.973
1008.84	74.946
1009.00	73.768
1009.16	68.643
1009.32	68.459
1009.49	72.968
1009.65	73.155
1009.81	70.222
1009.97	72.441
1010.13	73.084
1010.29	73.438
1010.46	73.484
1010.62	72.249
1010.78	74.906
1010.94	72.098
1011.10	77.660
1011.26	65.517
1011.42	70.706
1011.59	73.786
1011.75	74.041
1011.91	73.748
1012.07	73.036
1012.23	71.335
1012.39	79.438
1012.55	68.671
1012.71	75.548
1012.88	73.702
1013.04	73.878
1013.20	76.886
1013.36	80.358
1013.52	71.410
1013.68	68.669
1013.84	72.747
1014.00	73.034
1014.16	66.309
1014.33	71.901
1014.49	69.654
1014.65	62.283
1014.81	72.855
1014.97	70.309
1015.13	66.955
1015.29	62.415
1015.45	72.173
1015.61	71.099
1015.77	75.762
1015.93	70.437
1016.09	69.824
1016.26	80.510
1016.42	71.366
1016.58	69.538
1016.74	74.288
1016.90	64.567
1017.06	82.629
1017.22	67.547
1017.38	82.412
1017.54	71.247
1017.70	68.213
1017.86	79.264
1018.02	73.676
1018.18	78.668
1018.34	74.101
1018.50	78.670
1018.66	64.467
1018.82	73.798
1018.98	64.984
1019.14	74.196
1019.31	65.680
1019.47	66.341
1019.63	74.336
1019.79	73.468
1019.95	82.040
1020.11	78.777
1020.27	77.718
1020.43	72.543
1020.59	66.077
1020.75	74.590
1020.91	76.963
1021.07	62.625
1021.23	59.217
1021.39	71.034
1021.55	76.023
1021.71	68.193
1021.87	77.988
1022.03	71.875
1022.19	69.573
1022.35	73.230
1022.51	38.668
1022.67	75.631
1022.83	83.874
1022.99	76.645
1023.15	78.397
1023.31	78.444
1023.47	69.274
1023.63	67.127
1023.79	65.296
1023.95	74.136
1024.10	71.860
1024.26	59.801
1024.42	75.934
1024.58	73.734
1024.74	77.485
1024.90	65.288
1025.06	72.210
1025.22	70.293
1025.38	74.548
1025.54	61.650
1025.70	78.345
1025.86	69.809
1026.02	74.589
1026.18	79.797
1026.34	60.217
1026.50	66.542
1026.66	63.982
1026.82	68.158
1026.98	81.038
1027.13	83.784
1027.29	72.654
1027.45	73.107
1027.61	71.374
1027.77	82.156
1027.93	75.691
1028.09	74.690
1028.25	81.728
1028.41	86.509
1028.57	88.081
1028.73	79.798
1028.88	65.281
1029.04	78.352
1029.20	70.117
1029.36	75.839
1029.52	84.106
1029.68	87.623
1029.84	67.677
1030.00	68.300
1030.16	75.089
1030.32	71.821
1030.47	74.232
1030.63	71.039
1030.79	53.678
1030.95	70.461
1031.11	61.135
1031.27	61.054
1031.43	81.351
1031.59	60.615
1031.74	52.740
1031.90	73.671
1032.06	71.703
1032.22	55.294
1032.38	68.140
1032.54	68.312
1032.69	65.552
1032.85	67.899
1033.01	61.392
1033.17	71.982
1033.33	70.226
1033.49	74.915
1033.65	61.341
1033.80	61.525
1033.96	85.067
1034.12	82.609
1034.28	65.976
1034.44	74.373
1034.60	65.971
1034.75	69.231
1034.91	76.396
1035.07	48.348
1035.23	72.270
1035.39	59.768
1035.54	79.443
1035.70	79.116
1035.86	75.676
1036.02	71.472
1036.18	61.646
1036.33	71.676
1036.49	69.628
1036.65	75.097
1036.81	66.348
1036.97	74.129
1037.12	66.245
1037.28	79.459
1037.44	65.815
1037.60	65.630
1037.76	76.148
1037.91	75.901
1038.07	75.064
1038.23	81.633
1038.39	76.994
1038.54	83.238
1038.70	61.460
1038.86	98.881
1039.02	86.222
1039.17	85.208
1039.33	72.035
1039.49	82.798
1039.65	89.817
1039.80	90.776
1039.96	82.598
1040.12	59.544
1040.28	72.865
>>>>> Data<<<<< Espectral Procesado Extremo
