Fichero De Datos De SpectraSuite
++++++++++++++++++++++++++++++++++++
Fecha: Mon Jul 06 10:54:36 CST 2026
Usuario: HP
Presente Oscuro Del Espectro: Sí
La Referencia de Presente Del Espectro De: Sí
Muestreados de los componentes de Número de espectros: 1
Espectrómetros: USB4H06056
Tiempo de integración (usec): 300000 (USB4H06056)
Promedio de Espectros Hechos un: 5 (USB4H06056)
El Alisar Del Furgón: 0 (USB4H06056)
Párrafo de de Corregir del la del del de Eléctrica del obscuridad: No (USB4H06056)
Estrobo/Lámpara Permitido: No (USB4H06056)
Correct for Detector Non-linearity: No (USB4H06056)
Párrafo de de Corregir del la del del de Externa del luz: No (USB4H06056)
Procesado del espectro de Número de pixeles en: 3648
>>>>> Comienza Data<<<<< Espectral Procesado Del EL
345.09	750.000
345.30	750.000
345.52	750.000
345.74	-218.750
345.95	92.857
346.17	-10.092
346.39	8.209
346.60	173.404
346.82	0.000
347.04	163.636
347.25	-140.000
347.47	-81.633
347.69	62.069
347.90	29.457
348.12	24.528
348.34	-48.485
348.56	101.220
348.77	32.143
348.99	-458.333
349.21	50.000
349.42	-30.769
349.64	38.636
349.86	83.871
350.07	-7.407
350.29	-61.600
350.51	120.588
350.72	-15.789
350.94	-5.000
351.16	140.000
351.37	11.230
351.59	7500.000
351.81	-3000.000
352.02	56.204
352.24	-11.111
352.46	9.459
352.67	-148.889
352.89	110.811
353.10	20.000
353.32	120.000
353.54	30.435
353.75	87.500
353.97	42.396
354.19	25.301
354.40	750.000
354.62	84.298
354.84	-12.000
355.05	187.255
355.27	1150.000
355.49	59.412
355.70	-73.437
355.92	-1.481
356.14	112.963
356.35	46.939
356.57	48.031
356.78	187.302
357.00	-58.333
357.22	105.405
357.43	76.923
357.65	-375.000
357.87	70.886
358.08	75.490
358.30	16.438
358.51	17.722
358.73	206.977
358.95	56.250
359.16	27.451
359.38	86.726
359.60	46.218
359.81	180.000
360.03	85.106
360.24	52.239
360.46	167.857
360.68	7.429
360.89	630.000
361.11	105.833
361.33	296.552
361.54	-86.364
361.76	81.481
361.97	-70.707
362.19	68.047
362.41	95.455
362.62	-720.000
362.84	46.988
363.05	60.227
363.27	60.870
363.49	58.824
363.70	50.299
363.92	52.273
364.13	71.823
364.35	65.487
364.57	47.727
364.78	-50.000
365.00	-105.263
365.21	-25.547
365.43	-75.362
365.65	51.230
365.86	120.126
366.08	89.394
366.29	12.214
366.51	-32.692
366.73	185.965
366.94	333.333
367.16	89.189
367.37	75.926
367.59	72.222
367.80	-66.667
368.02	-9.677
368.24	1325.000
368.45	-30.137
368.67	27.854
368.88	73.171
369.10	175.806
369.31	48.039
369.53	-11.429
369.75	53.769
369.96	56.667
370.18	13.559
370.39	32.941
370.61	-105.556
370.82	40.310
371.04	81.212
371.26	156.897
371.47	73.362
371.69	-0.654
371.90	78.090
372.12	-74.468
372.33	-42.373
372.55	50.676
372.76	28.655
372.98	3.846
373.20	-100.000
373.41	13.433
373.63	12.727
373.84	33.793
374.06	68.794
374.27	225.000
374.49	196.528
374.70	8.088
374.92	85.816
375.13	-79.762
375.35	736.842
375.57	40.206
375.78	0.820
376.00	43.750
376.21	13.158
376.43	-18.750
376.64	43.478
376.86	-143.590
377.07	73.034
377.29	-49.057
377.50	70.536
377.72	-49.425
377.93	95.935
378.15	109.910
378.36	53.307
378.58	-35.385
378.80	40.936
379.01	-12.821
379.23	-5.263
379.44	-47.727
379.66	-19.858
379.87	100.746
380.09	52.941
380.30	55.782
380.52	-100.000
380.73	68.852
380.95	64.286
381.16	63.547
381.38	93.827
381.59	366.667
381.81	92.683
382.02	64.444
382.24	34.432
382.45	28.947
382.67	58.252
382.88	54.271
383.10	29.940
383.31	12.143
383.53	61.850
383.74	-17.647
383.96	62.037
384.17	39.535
384.39	70.673
384.60	93.750
384.82	-37.037
385.03	28.216
385.25	65.294
385.46	46.429
385.68	31.818
385.89	56.061
386.11	56.906
386.32	29.885
386.54	59.184
386.75	65.563
386.97	23.605
387.18	43.558
387.40	56.158
387.61	59.091
387.83	67.089
388.04	-170.833
388.25	35.795
388.47	13.725
388.68	51.965
388.90	100.000
389.11	157.143
389.33	21.569
389.54	36.196
389.76	48.095
389.97	48.148
390.19	29.717
390.40	67.742
390.62	8.257
390.83	84.358
391.05	37.591
391.26	25.980
391.47	9.091
391.69	93.056
391.90	57.014
392.12	9.259
392.33	-127.273
392.55	88.112
392.76	17.931
392.98	18.974
393.19	26.087
393.41	2.809
393.62	29.044
393.83	21.951
394.05	79.394
394.26	23.529
394.48	24.390
394.69	68.487
394.91	29.412
395.12	57.679
395.34	79.032
395.55	26.596
395.76	50.000
395.98	-7.471
396.19	56.410
396.41	22.837
396.62	93.077
396.84	45.078
397.05	69.517
397.26	7.447
397.48	0.571
397.69	37.778
397.91	51.145
398.12	7.182
398.33	82.593
398.55	32.707
398.76	41.379
398.98	31.014
399.19	42.553
399.41	47.368
399.62	74.249
399.83	37.011
400.05	59.028
400.26	48.400
400.48	42.969
400.69	26.636
400.90	50.165
401.12	53.532
401.33	55.208
401.55	58.848
401.76	48.617
401.97	77.273
402.19	47.405
402.40	23.256
402.62	43.191
402.83	33.047
403.04	42.143
403.26	45.521
403.47	51.186
403.69	57.260
403.90	60.163
404.11	61.081
404.33	64.011
404.54	56.140
404.76	60.839
404.97	56.352
405.18	48.346
405.40	24.923
405.61	40.461
405.83	72.063
406.04	44.275
406.25	50.699
406.47	31.395
406.68	46.626
406.89	9.827
407.11	32.759
407.32	40.964
407.54	47.202
407.75	51.970
407.96	44.032
408.18	14.208
408.39	38.653
408.60	44.726
408.82	13.218
409.03	53.717
409.24	56.034
409.46	23.822
409.67	27.947
409.89	31.106
410.10	38.215
410.31	34.009
410.53	36.148
410.74	36.957
410.95	43.127
411.17	31.290
411.38	31.435
411.59	48.807
411.81	42.979
412.02	42.518
412.23	47.143
412.45	39.626
412.66	8.351
412.87	60.191
413.09	14.155
413.30	13.785
413.51	46.333
413.73	40.813
413.94	34.808
414.15	40.780
414.37	30.189
414.58	39.474
414.79	11.446
415.01	40.973
415.22	27.217
415.43	29.068
415.65	29.971
415.86	8.333
416.07	17.427
416.29	35.823
416.50	13.793
416.71	27.674
416.93	24.935
417.14	41.746
417.35	13.252
417.57	19.810
417.78	23.621
417.99	11.787
418.21	23.053
418.42	33.820
418.63	18.387
418.85	219.568
419.06	22.696
419.27	7.605
419.48	18.440
419.70	24.303
419.91	20.483
420.12	20.369
420.34	29.770
420.55	18.028
420.76	21.468
420.98	29.417
421.19	18.692
421.40	17.733
421.61	19.449
421.83	14.126
422.04	24.166
422.25	22.538
422.47	12.418
422.68	16.484
422.89	18.754
423.11	17.273
423.32	19.394
423.53	19.095
423.74	14.510
423.96	16.844
424.17	19.596
424.38	13.444
424.59	12.083
424.81	6.944
425.02	16.599
425.23	13.325
425.45	13.783
425.66	10.202
425.87	12.289
426.08	17.035
426.30	14.975
426.51	15.269
426.72	5.121
426.93	17.013
427.15	13.838
427.36	10.697
427.57	13.124
427.79	16.296
428.00	16.213
428.21	17.114
428.42	15.017
428.64	14.251
428.85	21.588
429.06	15.423
429.27	15.452
429.49	17.569
429.70	14.318
429.91	15.431
430.12	15.785
430.34	11.990
430.55	16.292
430.76	16.215
430.97	12.112
431.19	10.911
431.40	13.411
431.61	9.675
431.82	15.961
432.03	9.676
432.25	16.901
432.46	7.727
432.67	15.174
432.88	11.393
433.10	15.297
433.31	11.978
433.52	10.452
433.73	10.291
433.95	15.185
434.16	9.841
434.37	11.015
434.58	14.167
434.79	14.055
435.01	11.929
435.22	11.349
435.43	10.191
435.64	11.417
435.86	11.298
436.07	15.323
436.28	9.709
436.49	9.854
436.70	15.889
436.92	10.763
437.13	11.705
437.34	10.053
437.55	9.018
437.76	11.948
437.98	11.122
438.19	13.203
438.40	11.358
438.61	15.145
438.82	9.913
439.04	8.911
439.25	12.874
439.46	14.723
439.67	11.298
439.88	12.258
440.10	13.178
440.31	12.644
440.52	11.378
440.73	11.664
440.94	12.193
441.16	11.852
441.37	11.271
441.58	11.869
441.79	8.863
442.00	11.329
442.21	11.320
442.43	12.636
442.64	11.293
442.85	13.463
443.06	12.711
443.27	6.335
443.48	12.184
443.70	18.617
443.91	12.242
444.12	9.533
444.33	13.890
444.54	11.081
444.75	12.164
444.97	12.610
445.18	13.424
445.39	11.586
445.60	11.596
445.81	11.395
446.02	6.691
446.24	9.521
446.45	12.117
446.66	13.355
446.87	10.053
447.08	11.762
447.29	9.977
447.51	13.449
447.72	13.633
447.93	10.756
448.14	11.692
448.35	11.035
448.56	10.760
448.77	11.712
448.99	11.767
449.20	10.016
449.41	12.276
449.62	12.919
449.83	11.352
450.04	10.835
450.25	9.285
450.46	11.784
450.68	11.121
450.89	12.388
451.10	11.837
451.31	12.919
451.52	9.829
451.73	12.530
451.94	11.207
452.15	10.532
452.37	11.697
452.58	11.635
452.79	11.651
453.00	9.980
453.21	13.018
453.42	10.365
453.63	11.809
453.84	12.430
454.06	11.918
454.27	11.928
454.48	11.675
454.69	12.757
454.90	10.683
455.11	12.087
455.32	12.746
455.53	13.298
455.74	10.745
455.95	12.932
456.17	10.271
456.38	8.882
456.59	10.841
456.80	11.412
457.01	11.448
457.22	11.036
457.43	12.690
457.64	12.193
457.85	8.437
458.06	12.405
458.27	12.151
458.49	14.421
458.70	14.748
458.91	10.817
459.12	12.175
459.33	12.369
459.54	11.692
459.75	13.308
459.96	11.113
460.17	11.474
460.38	10.355
460.59	11.685
460.80	12.973
461.01	10.930
461.23	11.726
461.44	11.049
461.65	12.574
461.86	11.711
462.07	12.829
462.28	12.322
462.49	11.992
462.70	10.554
462.91	12.617
463.12	11.252
463.33	12.367
463.54	12.399
463.75	13.339
463.96	12.572
464.17	12.316
464.38	11.820
464.59	12.803
464.81	13.353
465.02	14.664
465.23	12.509
465.44	12.894
465.65	10.950
465.86	11.683
466.07	12.582
466.28	11.174
466.49	12.457
466.70	12.456
466.91	12.011
467.12	12.274
467.33	13.547
467.54	12.796
467.75	12.920
467.96	11.960
468.17	13.266
468.38	12.215
468.59	11.339
468.80	11.662
469.01	12.379
469.22	12.168
469.43	13.142
469.64	10.846
469.85	14.330
470.06	12.073
470.27	13.218
470.48	11.971
470.69	12.138
470.90	11.666
471.11	12.207
471.32	12.218
471.53	11.210
471.74	13.190
471.95	12.614
472.16	13.583
472.37	12.273
472.58	11.341
472.79	12.375
473.00	11.596
473.21	13.015
473.42	12.749
473.63	10.742
473.84	13.551
474.05	12.153
474.26	12.803
474.47	13.110
474.68	13.967
474.89	11.835
475.10	13.012
475.31	12.987
475.52	12.094
475.73	11.926
475.94	12.939
476.15	12.370
476.36	14.007
476.57	11.113
476.78	12.538
476.99	12.150
477.20	12.394
477.41	13.428
477.62	12.286
477.83	12.542
478.04	12.727
478.25	13.458
478.46	12.930
478.67	11.610
478.88	11.407
479.09	11.487
479.30	13.130
479.51	13.148
479.72	14.479
479.93	11.776
480.14	12.659
480.35	12.676
480.56	12.667
480.77	11.952
480.98	12.653
481.18	12.141
481.39	12.986
481.60	12.861
481.81	13.171
482.02	11.921
482.23	12.994
482.44	11.205
482.65	12.727
482.86	13.347
483.07	12.137
483.28	12.785
483.49	12.345
483.70	13.414
483.91	12.777
484.12	11.785
484.33	12.084
484.53	12.893
484.74	13.901
484.95	12.102
485.16	13.252
485.37	12.160
485.58	13.987
485.79	12.873
486.00	12.558
486.21	12.628
486.42	13.476
486.63	13.069
486.84	12.132
487.05	12.747
487.25	12.956
487.46	11.271
487.67	13.238
487.88	12.531
488.09	13.278
488.30	12.652
488.51	11.908
488.72	13.134
488.93	12.641
489.14	12.348
489.35	12.556
489.55	12.726
489.76	13.822
489.97	13.115
490.18	12.641
490.39	13.102
490.60	12.388
490.81	12.629
491.02	12.975
491.23	12.265
491.43	14.296
491.64	13.656
491.85	13.449
492.06	12.991
492.27	12.473
492.48	13.003
492.69	13.115
492.90	12.967
493.11	12.719
493.31	13.631
493.52	12.831
493.73	12.187
493.94	12.401
494.15	13.089
494.36	13.421
494.57	12.650
494.78	13.299
494.98	12.810
495.19	13.435
495.40	12.845
495.61	12.595
495.82	13.619
496.03	12.712
496.24	13.051
496.44	13.124
496.65	12.898
496.86	12.622
497.07	12.591
497.28	12.514
497.49	13.226
497.70	12.740
497.90	13.685
498.11	13.429
498.32	12.913
498.53	12.564
498.74	13.496
498.95	13.340
499.15	12.852
499.36	12.937
499.57	12.646
499.78	12.776
499.99	13.221
500.20	13.018
500.40	12.759
500.61	13.153
500.82	12.860
501.03	12.691
501.24	13.174
501.45	13.418
501.65	12.862
501.86	12.934
502.07	13.629
502.28	13.332
502.49	13.848
502.70	13.489
502.90	12.898
503.11	13.308
503.32	12.661
503.53	13.035
503.74	13.257
503.94	13.923
504.15	13.282
504.36	13.230
504.57	13.629
504.78	12.653
504.98	13.377
505.19	13.824
505.40	13.318
505.61	13.078
505.82	12.846
506.02	13.269
506.23	13.094
506.44	13.012
506.65	12.935
506.86	13.457
507.06	12.305
507.27	13.461
507.48	14.116
507.69	13.306
507.90	13.699
508.10	12.960
508.31	14.029
508.52	13.130
508.73	13.291
508.94	14.046
509.14	13.390
509.35	13.520
509.56	12.841
509.77	13.632
509.97	13.132
510.18	13.570
510.39	12.960
510.60	13.243
510.80	13.890
511.01	13.199
511.22	13.441
511.43	14.071
511.64	13.073
511.84	13.755
512.05	13.489
512.26	14.051
512.47	13.499
512.67	13.393
512.88	13.369
513.09	13.812
513.30	13.273
513.50	13.580
513.71	13.483
513.92	13.552
514.13	13.426
514.33	14.183
514.54	13.305
514.75	13.843
514.96	13.725
515.16	13.759
515.37	13.872
515.58	13.793
515.78	13.546
515.99	13.821
516.20	13.827
516.41	14.086
516.61	14.366
516.82	14.044
517.03	13.867
517.24	14.453
517.44	14.275
517.65	14.246
517.86	14.438
518.07	14.733
518.27	14.470
518.48	13.988
518.69	14.635
518.89	14.086
519.10	14.585
519.31	14.351
519.52	15.050
519.72	14.594
519.93	14.295
520.14	14.909
520.34	14.608
520.55	14.700
520.76	15.121
520.96	14.364
521.17	14.700
521.38	14.865
521.59	15.399
521.79	14.563
522.00	14.706
522.21	15.137
522.41	14.997
522.62	15.358
522.83	15.069
523.03	15.650
523.24	15.470
523.45	15.525
523.66	15.763
523.86	15.677
524.07	15.794
524.28	16.461
524.48	15.301
524.69	16.068
524.90	16.308
525.10	15.397
525.31	15.712
525.52	16.301
525.72	16.022
525.93	15.860
526.14	16.132
526.34	15.932
526.55	16.046
526.76	16.058
526.96	15.831
527.17	16.547
527.38	16.879
527.58	16.951
527.79	16.255
528.00	16.480
528.20	16.404
528.41	16.522
528.62	16.544
528.82	16.270
529.03	17.218
529.24	16.773
529.44	17.152
529.65	16.888
529.85	17.044
530.06	17.242
530.27	17.598
530.47	17.109
530.68	17.450
530.89	17.640
531.09	16.554
531.30	17.384
531.51	16.976
531.71	17.533
531.92	17.815
532.13	17.576
532.33	17.806
532.54	18.032
532.74	17.251
532.95	17.714
533.16	18.068
533.36	17.917
533.57	17.723
533.78	18.247
533.98	18.147
534.19	17.901
534.39	18.078
534.60	18.700
534.81	18.056
535.01	18.318
535.22	18.326
535.42	17.756
535.63	17.972
535.84	18.081
536.04	18.434
536.25	18.607
536.45	17.890
536.66	18.942
536.87	18.849
537.07	18.263
537.28	18.071
537.48	18.540
537.69	18.744
537.90	18.154
538.10	18.318
538.31	18.564
538.51	19.110
538.72	18.957
538.93	19.042
539.13	18.779
539.34	18.874
539.54	18.770
539.75	18.787
539.96	18.885
540.16	19.084
540.37	18.908
540.57	19.363
540.78	18.841
540.98	19.032
541.19	18.963
541.40	18.842
541.60	18.828
541.81	18.922
542.01	19.217
542.22	19.111
542.42	19.025
542.63	18.919
542.83	18.846
543.04	19.403
543.25	19.541
543.45	19.359
543.66	18.833
543.86	19.207
544.07	18.841
544.27	19.179
544.48	19.085
544.68	19.364
544.89	19.034
545.10	19.477
545.30	19.256
545.51	18.679
545.71	18.926
545.92	19.137
546.12	19.321
546.33	19.104
546.53	19.897
546.74	19.270
546.94	19.437
547.15	19.571
547.36	19.135
547.56	19.584
547.77	19.760
547.97	19.241
548.18	19.368
548.38	18.883
548.59	19.610
548.79	19.157
549.00	18.902
549.20	19.266
549.41	19.185
549.61	19.466
549.82	19.257
550.02	19.467
550.23	19.356
550.43	19.603
550.64	19.458
550.84	19.417
551.05	19.431
551.25	19.553
551.46	19.546
551.66	19.637
551.87	19.530
552.07	19.505
552.28	19.580
552.48	19.515
552.69	19.428
552.89	19.549
553.10	19.672
553.30	19.656
553.51	19.510
553.71	19.175
553.92	19.555
554.12	19.284
554.33	19.698
554.53	20.212
554.74	19.592
554.94	19.964
555.15	19.246
555.35	19.607
555.56	19.511
555.76	19.821
555.97	19.855
556.17	19.794
556.38	19.822
556.58	19.405
556.78	20.237
556.99	19.977
557.19	19.932
557.40	19.677
557.60	19.592
557.81	19.610
558.01	19.962
558.22	19.432
558.42	19.783
558.63	19.643
558.83	19.836
559.04	19.623
559.24	19.857
559.44	19.815
559.65	19.836
559.85	19.874
560.06	19.441
560.26	19.444
560.47	19.465
560.67	19.904
560.88	19.396
561.08	19.691
561.28	19.439
561.49	19.822
561.69	19.764
561.90	19.331
562.10	19.534
562.31	19.909
562.51	19.094
562.71	19.187
562.92	18.773
563.12	19.359
563.33	19.481
563.53	19.027
563.74	19.073
563.94	19.002
564.14	19.063
564.35	18.856
564.55	18.679
564.76	18.953
564.96	19.559
565.17	19.187
565.37	19.230
565.57	19.226
565.78	19.162
565.98	18.970
566.19	19.132
566.39	19.063
566.59	19.234
566.80	18.864
567.00	18.707
567.21	18.638
567.41	19.152
567.61	18.954
567.82	18.611
568.02	18.858
568.23	18.763
568.43	18.668
568.63	18.510
568.84	18.120
569.04	18.316
569.24	18.680
569.45	18.247
569.65	18.212
569.86	18.398
570.06	18.338
570.26	18.547
570.47	18.276
570.67	18.123
570.87	17.813
571.08	18.133
571.28	18.510
571.49	18.110
571.69	18.185
571.89	17.870
572.10	17.835
572.30	18.151
572.50	18.129
572.71	17.628
572.91	17.559
573.11	17.483
573.32	17.773
573.52	17.544
573.73	17.433
573.93	17.710
574.13	17.611
574.34	17.721
574.54	17.461
574.74	17.344
574.95	17.447
575.15	17.674
575.35	17.462
575.56	17.569
575.76	17.340
575.96	17.305
576.17	17.455
576.37	17.152
576.57	17.526
576.78	16.830
576.98	16.915
577.18	16.834
577.39	16.981
577.59	16.518
577.79	16.374
578.00	17.208
578.20	16.807
578.40	16.754
578.61	16.768
578.81	16.953
579.01	16.726
579.22	16.633
579.42	16.421
579.62	16.291
579.82	16.602
580.03	16.532
580.23	16.510
580.43	16.682
580.64	16.392
580.84	16.534
581.04	16.165
581.25	16.444
581.45	15.754
581.65	16.297
581.86	16.157
582.06	16.716
582.26	16.578
582.46	16.277
582.67	16.447
582.87	16.059
583.07	16.230
583.28	16.140
583.48	16.157
583.68	15.881
583.88	15.864
584.09	16.019
584.29	16.262
584.49	15.726
584.70	16.156
584.90	15.849
585.10	16.059
585.30	15.817
585.51	15.741
585.71	15.685
585.91	16.183
586.11	16.029
586.32	15.760
586.52	15.819
586.72	15.832
586.92	16.025
587.13	15.669
587.33	15.350
587.53	15.990
587.74	15.776
587.94	15.966
588.14	15.612
588.34	16.739
588.55	15.463
588.75	15.669
588.95	15.690
589.15	15.649
589.36	15.802
589.56	15.429
589.76	16.041
589.96	15.584
590.16	15.487
590.37	15.509
590.57	15.836
590.77	15.233
590.97	15.432
591.18	15.550
591.38	15.813
591.58	20.208
591.78	15.603
591.99	15.292
592.19	15.338
592.39	15.739
592.59	15.324
592.79	15.603
593.00	15.546
593.20	15.533
593.40	15.125
593.60	15.726
593.81	14.986
594.01	15.362
594.21	15.578
594.41	15.325
594.61	15.404
594.82	15.373
595.02	15.196
595.22	15.351
595.42	14.693
595.62	15.348
595.83	15.174
596.03	15.308
596.23	15.420
596.43	15.323
596.63	15.077
596.84	15.484
597.04	15.512
597.24	15.581
597.44	15.387
597.64	15.208
597.84	14.857
598.05	15.375
598.25	15.176
598.45	15.385
598.65	15.121
598.85	15.394
599.06	15.329
599.26	15.319
599.46	15.274
599.66	15.039
599.86	14.898
600.06	15.209
600.27	14.995
600.47	15.244
600.67	15.219
600.87	14.941
601.07	15.441
601.27	15.157
601.48	15.020
601.68	15.534
601.88	14.902
602.08	15.257
602.28	15.241
602.48	15.025
602.68	14.846
602.89	15.137
603.09	15.540
603.29	14.988
603.49	15.085
603.69	15.137
603.89	15.157
604.09	15.317
604.30	14.999
604.50	15.204
604.70	14.831
604.90	15.013
605.10	14.944
605.30	14.967
605.50	15.079
605.71	14.970
605.91	15.294
606.11	15.246
606.31	15.172
606.51	15.160
606.71	15.338
606.91	15.016
607.11	15.049
607.32	15.078
607.52	15.000
607.72	15.115
607.92	14.885
608.12	15.239
608.32	15.336
608.52	14.956
608.72	14.705
608.92	14.958
609.12	14.716
609.33	15.237
609.53	14.706
609.73	14.929
609.93	14.878
610.13	14.861
610.33	15.048
610.53	15.029
610.73	15.064
610.93	14.757
611.13	15.206
611.34	15.174
611.54	14.686
611.74	14.561
611.94	14.693
612.14	14.676
612.34	14.636
612.54	14.643
612.74	14.811
612.94	14.126
613.14	14.788
613.34	14.837
613.54	14.814
613.74	14.681
613.95	15.036
614.15	14.800
614.35	14.387
614.55	14.672
614.75	14.555
614.95	14.829
615.15	14.949
615.35	14.457
615.55	14.770
615.75	14.592
615.95	14.873
616.15	14.620
616.35	14.654
616.55	14.740
616.75	14.662
616.95	14.423
617.15	14.658
617.35	14.623
617.56	14.595
617.76	14.642
617.96	14.514
618.16	14.725
618.36	14.808
618.56	14.399
618.76	14.577
618.96	14.764
619.16	14.436
619.36	14.542
619.56	14.655
619.76	14.731
619.96	15.064
620.16	14.715
620.36	14.641
620.56	14.562
620.76	15.000
620.96	14.432
621.16	14.685
621.36	14.884
621.56	14.390
621.76	14.615
621.96	14.539
622.16	14.562
622.36	14.339
622.56	14.766
622.76	14.634
622.96	14.582
623.16	14.448
623.36	14.377
623.56	14.671
623.76	14.423
623.96	14.532
624.16	14.585
624.36	14.924
624.56	14.464
624.76	14.421
624.96	14.503
625.16	14.628
625.36	14.554
625.56	14.587
625.76	14.680
625.96	14.469
626.16	14.451
626.36	14.114
626.56	14.432
626.76	14.313
626.96	14.432
627.16	14.359
627.36	14.671
627.56	14.546
627.76	14.709
627.96	14.513
628.16	14.704
628.36	14.407
628.56	14.217
628.75	14.416
628.95	14.584
629.15	14.599
629.35	14.406
629.55	14.290
629.75	14.252
629.95	14.701
630.15	14.536
630.35	14.343
630.55	14.412
630.75	14.356
630.95	14.208
631.15	14.497
631.35	14.464
631.55	14.192
631.75	14.732
631.95	14.288
632.15	14.433
632.34	14.265
632.54	14.544
632.74	14.289
632.94	14.069
633.14	14.302
633.34	14.550
633.54	14.183
633.74	14.478
633.94	14.210
634.14	14.524
634.34	14.376
634.54	14.439
634.74	14.214
634.93	14.341
635.13	14.170
635.33	14.584
635.53	14.519
635.73	14.185
635.93	14.249
636.13	14.354
636.33	14.254
636.53	14.802
636.73	14.485
636.93	14.275
637.12	14.214
637.32	14.159
637.52	14.174
637.72	14.476
637.92	14.078
638.12	14.581
638.32	14.201
638.52	14.096
638.72	14.473
638.91	14.121
639.11	14.053
639.31	14.507
639.51	14.200
639.71	14.014
639.91	14.054
640.11	13.951
640.31	14.252
640.50	14.095
640.70	14.400
640.90	14.037
641.10	14.180
641.30	14.279
641.50	14.367
641.70	14.403
641.89	14.243
642.09	14.403
642.29	14.284
642.49	14.150
642.69	14.020
642.89	14.246
643.09	14.058
643.28	14.244
643.48	14.034
643.68	13.954
643.88	14.080
644.08	14.133
644.28	13.987
644.48	13.817
644.67	13.883
644.87	14.111
645.07	13.749
645.27	14.044
645.47	14.073
645.67	14.134
645.86	13.810
646.06	14.086
646.26	14.041
646.46	14.032
646.66	14.301
646.85	14.054
647.05	13.947
647.25	13.932
647.45	14.267
647.65	14.144
647.85	14.049
648.04	13.676
648.24	14.021
648.44	14.107
648.64	13.801
648.84	13.973
649.03	14.082
649.23	13.873
649.43	13.851
649.63	13.851
649.83	13.916
650.02	14.119
650.22	14.016
650.42	13.372
650.62	13.923
650.82	13.953
651.01	13.741
651.21	13.566
651.41	14.005
651.61	13.971
651.81	13.731
652.00	13.817
652.20	14.218
652.40	13.942
652.60	13.599
652.79	13.408
652.99	14.136
653.19	13.563
653.39	13.714
653.59	14.107
653.78	13.727
653.98	13.783
654.18	13.883
654.38	13.622
654.57	13.821
654.77	13.607
654.97	13.943
655.17	13.448
655.36	13.920
655.56	13.859
655.76	13.598
655.96	13.600
656.15	13.543
656.35	13.768
656.55	13.941
656.75	14.012
656.94	13.985
657.14	13.790
657.34	13.411
657.54	13.604
657.73	13.995
657.93	13.835
658.13	13.526
658.33	13.437
658.52	13.837
658.72	13.732
658.92	13.970
659.11	13.996
659.31	13.727
659.51	13.532
659.71	14.006
659.90	13.807
660.10	13.861
660.30	13.751
660.50	13.571
660.69	13.673
660.89	13.725
661.09	13.506
661.28	14.004
661.48	13.729
661.68	13.525
661.87	13.825
662.07	13.565
662.27	13.779
662.47	13.687
662.66	13.733
662.86	13.741
663.06	13.889
663.25	13.617
663.45	13.683
663.65	13.730
663.84	13.663
664.04	13.782
664.24	13.619
664.44	13.742
664.63	13.552
664.83	13.605
665.03	13.667
665.22	13.918
665.42	13.771
665.62	13.556
665.81	13.569
666.01	13.910
666.21	14.002
666.40	13.457
666.60	13.745
666.80	13.629
666.99	14.053
667.19	13.429
667.39	13.321
667.58	13.710
667.78	13.938
667.98	13.542
668.17	13.848
668.37	13.730
668.57	14.085
668.76	13.495
668.96	13.773
669.16	13.657
669.35	13.593
669.55	13.794
669.74	13.718
669.94	13.915
670.14	13.564
670.33	13.518
670.53	13.852
670.73	13.917
670.92	13.655
671.12	13.587
671.32	13.849
671.51	13.619
671.71	13.525
671.90	13.772
672.10	13.806
672.30	13.956
672.49	13.949
672.69	13.846
672.89	13.764
673.08	13.789
673.28	13.757
673.47	13.827
673.67	13.674
673.87	13.790
674.06	13.745
674.26	13.762
674.45	13.946
674.65	13.958
674.85	13.864
675.04	13.780
675.24	13.819
675.43	13.858
675.63	13.795
675.83	14.038
676.02	13.748
676.22	13.701
676.41	13.773
676.61	13.929
676.81	13.831
677.00	13.742
677.20	13.832
677.39	13.618
677.59	13.987
677.79	13.849
677.98	13.713
678.18	13.766
678.37	14.092
678.57	13.950
678.76	13.982
678.96	14.025
679.16	13.648
679.35	14.088
679.55	13.952
679.74	13.954
679.94	13.880
680.13	13.920
680.33	14.029
680.53	14.081
680.72	14.071
680.92	13.919
681.11	14.143
681.31	14.176
681.50	14.098
681.70	14.069
681.89	14.064
682.09	14.168
682.28	13.761
682.48	14.269
682.68	14.181
682.87	13.822
683.07	14.168
683.26	14.093
683.46	13.856
683.65	14.343
683.85	14.298
684.04	14.045
684.24	13.803
684.43	14.027
684.63	13.984
684.82	13.922
685.02	14.253
685.21	14.264
685.41	14.085
685.60	14.131
685.80	13.949
686.00	14.002
686.19	14.104
686.39	14.475
686.58	14.110
686.78	14.031
686.97	14.266
687.17	14.167
687.36	14.344
687.56	13.955
687.75	14.079
687.95	14.350
688.14	14.085
688.34	14.342
688.53	14.464
688.73	14.088
688.92	14.333
689.12	14.456
689.31	14.354
689.51	14.349
689.70	14.441
689.89	14.017
690.09	14.368
690.28	14.284
690.48	14.273
690.67	14.335
690.87	14.435
691.06	14.543
691.26	14.071
691.45	14.451
691.65	14.453
691.84	14.390
692.04	14.446
692.23	14.410
692.43	14.675
692.62	14.612
692.82	14.630
693.01	14.235
693.20	14.353
693.40	14.504
693.59	14.697
693.79	14.495
693.98	14.648
694.18	14.771
694.37	14.565
694.57	14.940
694.76	14.939
694.95	15.020
695.15	14.912
695.34	14.569
695.54	15.142
695.73	15.108
695.93	14.887
696.12	15.353
696.32	14.971
696.51	15.366
696.70	15.223
696.90	15.501
697.09	15.428
697.29	15.510
697.48	15.741
697.67	15.840
697.87	15.556
698.06	15.704
698.26	16.048
698.45	15.982
698.65	15.908
698.84	16.150
699.03	16.449
699.23	16.365
699.42	16.624
699.62	16.681
699.81	16.886
700.00	17.111
700.20	17.055
700.39	17.207
700.59	17.347
700.78	17.526
700.97	17.537
701.17	17.927
701.36	17.857
701.56	17.980
701.75	18.293
701.94	18.395
702.14	18.728
702.33	18.840
702.52	18.899
702.72	19.034
702.91	19.508
703.11	19.544
703.30	19.727
703.49	20.010
703.69	20.003
703.88	20.242
704.07	20.323
704.27	20.746
704.46	20.892
704.66	21.469
704.85	21.536
705.04	21.506
705.24	21.123
705.43	22.010
705.62	22.283
705.82	22.319
706.01	22.679
706.20	23.215
706.40	22.918
706.59	22.932
706.78	23.391
706.98	23.638
707.17	24.116
707.36	24.350
707.56	24.708
707.75	24.600
707.94	24.777
708.14	25.041
708.33	25.195
708.52	25.537
708.72	25.789
708.91	25.875
709.10	26.186
709.30	26.522
709.49	27.294
709.68	27.387
709.88	26.979
710.07	27.319
710.26	27.845
710.46	28.206
710.65	27.908
710.84	28.451
711.04	28.374
711.23	29.004
711.42	28.990
711.61	29.224
711.81	29.829
712.00	30.228
712.19	29.941
712.39	30.645
712.58	30.911
712.77	31.620
712.97	31.258
713.16	31.201
713.35	31.785
713.54	31.988
713.74	32.142
713.93	32.368
714.12	32.701
714.32	32.897
714.51	33.589
714.70	33.474
714.89	34.213
715.09	34.599
715.28	34.483
715.47	34.765
715.66	35.006
715.86	35.295
716.05	35.726
716.24	36.068
716.44	36.438
716.63	36.812
716.82	36.768
717.01	37.549
717.21	37.142
717.40	37.320
717.59	37.922
717.78	38.427
717.98	37.838
718.17	39.118
718.36	39.181
718.55	39.226
718.75	39.920
718.94	40.208
719.13	40.166
719.32	40.432
719.52	41.064
719.71	41.265
719.90	41.290
720.09	42.005
720.28	42.327
720.48	42.675
720.67	42.719
720.86	43.157
721.05	43.614
721.25	43.676
721.44	43.946
721.63	44.403
721.82	44.420
722.01	44.838
722.21	44.701
722.40	44.985
722.59	45.293
722.78	45.737
722.98	46.202
723.17	45.666
723.36	46.339
723.55	46.819
723.74	47.394
723.94	47.490
724.13	47.817
724.32	48.507
724.51	48.248
724.70	49.168
724.89	49.433
725.09	49.474
725.28	49.687
725.47	50.274
725.66	50.289
725.85	51.093
726.05	51.366
726.24	51.404
726.43	51.861
726.62	52.218
726.81	52.291
727.00	52.775
727.20	52.993
727.39	53.630
727.58	53.393
727.77	54.173
727.96	54.274
728.15	54.615
728.35	54.677
728.54	54.927
728.73	54.957
728.92	56.076
729.11	55.912
729.30	55.954
729.50	56.901
729.69	57.272
729.88	57.530
730.07	57.374
730.26	57.900
730.45	58.071
730.64	58.219
730.84	59.181
731.03	58.872
731.22	58.732
731.41	59.938
731.60	60.254
731.79	59.610
731.98	60.179
732.18	60.706
732.37	61.109
732.56	60.807
732.75	61.594
732.94	61.098
733.13	62.079
733.32	62.485
733.51	62.136
733.71	62.625
733.90	63.097
734.09	63.720
734.28	64.167
734.47	63.688
734.66	64.014
734.85	65.299
735.04	64.495
735.23	64.561
735.42	65.421
735.62	65.145
735.81	65.298
736.00	66.056
736.19	66.264
736.38	66.829
736.57	66.967
736.76	67.123
736.95	67.185
737.14	67.010
737.33	67.696
737.52	68.202
737.72	68.639
737.91	68.526
738.10	68.224
738.29	68.315
738.48	69.148
738.67	68.954
738.86	69.856
739.05	68.988
739.24	69.426
739.43	69.927
739.62	70.225
739.81	70.762
740.00	70.666
740.19	71.002
740.39	70.916
740.58	71.502
740.77	71.288
740.96	71.625
741.15	71.870
741.34	72.257
741.53	71.923
741.72	72.913
741.91	72.220
742.10	72.830
742.29	72.885
742.48	72.782
742.67	73.222
742.86	73.610
743.05	73.429
743.24	73.865
743.43	73.703
743.62	74.213
743.81	74.698
744.00	75.447
744.19	75.134
744.38	74.521
744.57	74.279
744.76	74.957
744.95	75.502
745.14	75.799
745.33	75.277
745.52	75.544
745.71	75.413
745.90	74.983
746.09	76.673
746.28	76.347
746.47	76.610
746.66	75.949
746.85	76.678
747.04	76.641
747.23	77.454
747.42	76.906
747.61	77.352
747.80	77.802
747.99	77.071
748.18	77.186
748.37	77.347
748.56	78.134
748.75	77.642
748.94	78.347
749.13	78.245
749.32	77.719
749.51	77.687
749.70	79.011
749.89	78.355
750.08	78.111
750.27	78.607
750.46	79.073
750.65	78.902
750.84	78.155
751.03	80.277
751.22	79.203
751.41	79.366
751.60	79.763
751.79	79.962
751.98	79.557
752.17	80.341
752.36	80.096
752.55	79.900
752.74	79.729
752.93	80.075
753.12	80.453
753.30	80.108
753.49	79.789
753.68	80.444
753.87	80.274
754.06	80.735
754.25	79.749
754.44	80.239
754.63	81.183
754.82	80.779
755.01	80.975
755.20	80.705
755.39	80.866
755.58	80.420
755.77	80.660
755.96	81.120
756.14	80.806
756.33	81.269
756.52	81.031
756.71	80.610
756.90	81.432
757.09	81.930
757.28	81.903
757.47	81.721
757.66	81.748
757.85	81.730
758.04	81.770
758.22	81.384
758.41	82.225
758.60	82.232
758.79	81.656
758.98	81.728
759.17	81.941
759.36	80.997
759.55	83.038
759.74	82.689
759.92	82.538
760.11	81.949
760.30	81.824
760.49	81.948
760.68	82.914
760.87	82.231
761.06	82.891
761.25	81.994
761.43	82.758
761.62	82.508
761.81	81.249
762.00	82.452
762.19	82.478
762.38	82.837
762.57	82.538
762.76	83.535
762.94	82.185
763.13	82.623
763.32	83.189
763.51	83.094
763.70	83.660
763.89	82.794
764.07	83.124
764.26	82.814
764.45	82.628
764.64	83.425
764.83	82.687
765.02	83.249
765.21	82.622
765.39	82.719
765.58	83.079
765.77	82.806
765.96	82.338
766.15	83.818
766.34	83.460
766.52	82.951
766.71	82.681
766.90	82.249
767.09	83.759
767.28	83.241
767.46	82.359
767.65	83.047
767.84	82.957
768.03	83.518
768.22	83.273
768.40	83.410
768.59	83.193
768.78	83.076
768.97	84.056
769.16	83.941
769.34	83.448
769.53	83.107
769.72	83.335
769.91	83.436
770.10	83.093
770.28	83.834
770.47	84.049
770.66	83.636
770.85	83.456
771.04	83.671
771.22	83.685
771.41	83.555
771.60	83.372
771.79	84.371
771.98	82.942
772.16	83.847
772.35	83.132
772.54	84.639
772.73	83.574
772.91	83.577
773.10	84.128
773.29	84.387
773.48	83.043
773.66	83.411
773.85	84.615
774.04	84.022
774.23	83.131
774.41	84.039
774.60	84.188
774.79	83.914
774.98	83.449
775.16	83.961
775.35	83.180
775.54	84.276
775.73	83.443
775.91	82.840
776.10	84.267
776.29	83.432
776.48	83.505
776.66	83.892
776.85	84.002
777.04	83.277
777.23	84.021
777.41	83.799
777.60	83.618
777.79	83.422
777.97	84.044
778.16	83.549
778.35	82.982
778.54	82.923
778.72	84.131
778.91	83.260
779.10	84.658
779.28	83.941
779.47	83.031
779.66	83.613
779.85	84.562
780.03	84.095
780.22	84.499
780.41	83.535
780.59	84.652
780.78	83.784
780.97	83.722
781.15	83.373
781.34	84.304
781.53	83.185
781.71	84.622
781.90	84.493
782.09	84.084
782.27	83.640
782.46	83.238
782.65	83.336
782.84	84.311
783.02	83.716
783.21	83.917
783.40	84.295
783.58	84.636
783.77	84.056
783.96	84.038
784.14	83.557
784.33	83.764
784.52	83.914
784.70	83.962
784.89	83.831
785.07	84.246
785.26	83.829
785.45	84.348
785.63	84.164
785.82	84.084
786.01	83.999
786.19	84.650
786.38	83.456
786.57	83.522
786.75	84.208
786.94	84.568
787.13	84.009
787.31	85.334
787.50	84.415
787.68	84.711
787.87	82.894
788.06	84.334
788.24	84.660
788.43	83.756
788.62	83.733
788.80	84.310
788.99	84.317
789.17	84.461
789.36	85.028
789.55	84.227
789.73	84.004
789.92	83.985
790.10	84.213
790.29	83.482
790.48	84.112
790.66	83.557
790.85	83.364
791.03	84.428
791.22	83.198
791.41	84.413
791.59	85.046
791.78	84.493
791.96	84.262
792.15	84.182
792.34	83.758
792.52	84.577
792.71	84.412
792.89	84.372
793.08	84.032
793.27	84.168
793.45	83.409
793.64	84.274
793.82	83.896
794.01	83.689
794.19	84.724
794.38	83.487
794.57	83.530
794.75	84.058
794.94	84.547
795.12	84.601
795.31	84.494
795.49	83.476
795.68	84.482
795.86	84.266
796.05	84.303
796.24	85.073
796.42	85.005
796.61	84.750
796.79	84.547
796.98	85.237
797.16	84.242
797.35	83.904
797.53	84.542
797.72	84.956
797.90	84.309
798.09	84.268
798.27	84.926
798.46	84.582
798.65	84.211
798.83	84.132
799.02	85.006
799.20	83.944
799.39	83.777
799.57	83.817
799.76	83.584
799.94	84.519
800.13	84.750
800.31	84.269
800.50	84.149
800.68	83.781
800.87	84.386
801.05	84.412
801.24	84.983
801.42	83.389
801.61	84.597
801.79	84.571
801.98	84.241
802.16	84.150
802.35	84.309
802.53	84.068
802.72	84.087
802.90	84.742
803.09	84.191
803.27	85.205
803.46	84.575
803.64	84.462
803.83	84.286
804.01	83.644
804.20	83.956
804.38	83.893
804.56	84.603
804.75	84.651
804.93	84.390
805.12	84.897
805.30	84.001
805.49	84.796
805.67	84.378
805.86	84.139
806.04	84.526
806.23	84.307
806.41	83.651
806.59	83.788
806.78	84.119
806.96	84.881
807.15	84.716
807.33	83.989
807.52	84.576
807.70	84.216
807.89	84.271
808.07	83.526
808.25	84.140
808.44	84.692
808.62	83.944
808.81	85.045
808.99	84.049
809.18	84.361
809.36	84.066
809.54	83.660
809.73	84.772
809.91	84.492
810.10	84.520
810.28	84.367
810.47	85.239
810.65	83.663
810.83	84.306
811.02	83.875
811.20	84.656
811.39	83.766
811.57	85.104
811.75	85.177
811.94	84.438
812.12	83.746
812.31	84.595
812.49	84.237
812.67	84.709
812.86	85.172
813.04	84.507
813.23	85.017
813.41	84.162
813.59	84.485
813.78	83.812
813.96	85.000
814.14	84.531
814.33	84.609
814.51	84.471
814.70	84.363
814.88	84.331
815.06	84.655
815.25	85.243
815.43	84.303
815.61	84.291
815.80	84.223
815.98	84.622
816.16	85.043
816.35	84.755
816.53	84.809
816.72	84.255
816.90	84.708
817.08	84.699
817.27	85.059
817.45	83.834
817.63	85.024
817.82	84.282
818.00	84.390
818.18	84.616
818.37	85.408
818.55	84.605
818.73	84.675
818.92	84.778
819.10	84.251
819.28	85.244
819.47	84.275
819.65	85.420
819.83	84.914
820.02	84.399
820.20	84.686
820.38	84.951
820.57	85.092
820.75	85.057
820.93	84.281
821.11	84.207
821.30	83.487
821.48	84.337
821.66	84.644
821.85	84.590
822.03	83.867
822.21	85.260
822.40	84.587
822.58	84.346
822.76	84.886
822.94	84.736
823.13	84.670
823.31	84.787
823.49	84.565
823.68	84.443
823.86	84.861
824.04	84.601
824.22	85.343
824.41	84.693
824.59	84.420
824.77	84.794
824.96	84.874
825.14	84.573
825.32	84.904
825.50	84.218
825.69	84.396
825.87	85.035
826.05	84.915
826.23	84.564
826.42	85.384
826.60	84.581
826.78	84.725
826.96	83.673
827.15	84.390
827.33	84.728
827.51	84.847
827.69	84.282
827.88	84.749
828.06	84.977
828.24	85.234
828.42	85.126
828.61	84.124
828.79	85.736
828.97	84.575
829.15	84.834
829.34	84.501
829.52	84.760
829.70	85.270
829.88	85.399
830.06	84.560
830.25	84.729
830.43	83.712
830.61	84.717
830.79	84.673
830.97	85.023
831.16	83.425
831.34	85.110
831.52	85.357
831.70	85.595
831.89	85.286
832.07	84.291
832.25	84.717
832.43	85.163
832.61	85.563
832.80	85.089
832.98	84.546
833.16	85.261
833.34	84.526
833.52	83.577
833.70	84.456
833.89	85.844
834.07	84.109
834.25	84.813
834.43	85.576
834.61	84.422
834.80	84.061
834.98	85.768
835.16	86.468
835.34	85.107
835.52	84.944
835.70	84.294
835.89	85.098
836.07	85.327
836.25	85.212
836.43	85.266
836.61	84.857
836.79	85.076
836.97	85.329
837.16	84.289
837.34	84.406
837.52	85.444
837.70	83.989
837.88	84.823
838.06	85.876
838.24	85.253
838.43	84.835
838.61	84.669
838.79	84.395
838.97	84.604
839.15	84.092
839.33	85.363
839.51	84.727
839.70	83.035
839.88	84.264
840.06	85.481
840.24	85.185
840.42	84.445
840.60	84.621
840.78	84.558
840.96	84.804
841.14	85.092
841.33	85.115
841.51	85.929
841.69	84.884
841.87	85.705
842.05	84.589
842.23	85.394
842.41	84.778
842.59	84.643
842.77	84.612
842.95	84.596
843.14	84.513
843.32	85.239
843.50	84.832
843.68	85.029
843.86	86.474
844.04	84.999
844.22	84.455
844.40	85.084
844.58	85.695
844.76	84.708
844.94	84.831
845.12	85.224
845.30	85.082
845.49	84.811
845.67	85.168
845.85	85.398
846.03	84.441
846.21	84.910
846.39	85.567
846.57	84.845
846.75	84.952
846.93	84.480
847.11	84.965
847.29	85.291
847.47	85.291
847.65	85.654
847.83	84.354
848.01	84.933
848.19	85.183
848.37	84.012
848.55	85.067
848.73	84.087
848.91	84.210
849.09	84.187
849.27	85.618
849.46	84.477
849.64	85.289
849.82	84.876
850.00	85.540
850.18	86.137
850.36	84.435
850.54	85.354
850.72	85.920
850.90	85.589
851.08	85.148
851.26	83.949
851.44	85.672
851.62	84.957
851.80	84.524
851.98	85.757
852.16	85.809
852.34	85.033
852.52	84.857
852.70	84.446
852.88	84.571
853.06	85.147
853.24	83.707
853.42	84.673
853.60	84.620
853.78	84.681
853.96	85.979
854.14	85.467
854.31	85.426
854.49	84.425
854.67	85.545
854.85	85.398
855.03	83.748
855.21	84.144
855.39	85.415
855.57	85.919
855.75	84.792
855.93	84.654
856.11	85.746
856.29	84.855
856.47	85.564
856.65	83.923
856.83	85.232
857.01	84.744
857.19	84.780
857.37	84.195
857.55	85.463
857.73	84.109
857.91	85.210
858.09	84.487
858.26	86.412
858.44	85.741
858.62	85.017
858.80	85.143
858.98	86.064
859.16	84.536
859.34	84.962
859.52	84.634
859.70	84.623
859.88	85.804
860.06	85.301
860.24	85.257
860.42	86.023
860.59	84.817
860.77	85.465
860.95	85.210
861.13	84.269
861.31	84.745
861.49	85.484
861.67	85.097
861.85	85.224
862.03	84.897
862.21	85.103
862.38	85.129
862.56	85.121
862.74	85.946
862.92	84.966
863.10	85.093
863.28	85.372
863.46	85.417
863.64	85.058
863.82	84.182
863.99	83.921
864.17	83.438
864.35	85.797
864.53	84.583
864.71	86.186
864.89	85.379
865.07	83.945
865.24	85.067
865.42	85.388
865.60	84.826
865.78	85.014
865.96	84.784
866.14	85.826
866.32	85.541
866.49	85.820
866.67	84.984
866.85	85.730
867.03	85.439
867.21	85.048
867.39	85.755
867.56	84.163
867.74	85.297
867.92	85.245
868.10	85.135
868.28	84.804
868.46	85.165
868.63	85.915
868.81	84.892
868.99	85.934
869.17	84.250
869.35	86.133
869.53	84.969
869.70	85.586
869.88	86.445
870.06	85.176
870.24	84.602
870.42	84.862
870.59	84.818
870.77	84.413
870.95	85.103
871.13	85.961
871.31	86.141
871.48	85.342
871.66	85.999
871.84	86.700
872.02	84.824
872.20	84.882
872.37	85.771
872.55	84.757
872.73	85.343
872.91	85.579
873.08	86.027
873.26	85.118
873.44	85.783
873.62	84.613
873.80	85.050
873.97	84.683
874.15	85.992
874.33	85.997
874.51	86.079
874.68	84.417
874.86	85.041
875.04	86.362
875.22	86.322
875.39	85.327
875.57	86.279
875.75	84.789
875.93	85.291
876.10	85.495
876.28	85.154
876.46	85.317
876.64	85.294
876.81	84.783
876.99	85.531
877.17	83.930
877.35	85.281
877.52	85.453
877.70	84.708
877.88	85.992
878.06	85.928
878.23	84.727
878.41	85.963
878.59	86.054
878.76	84.513
878.94	86.026
879.12	85.071
879.30	84.679
879.47	85.904
879.65	85.511
879.83	84.639
880.00	85.715
880.18	86.950
880.36	85.419
880.53	86.110
880.71	85.280
880.89	85.214
881.07	85.498
881.24	85.111
881.42	85.233
881.60	84.863
881.77	85.327
881.95	86.478
882.13	86.161
882.30	86.512
882.48	85.935
882.66	84.611
882.83	85.662
883.01	83.658
883.19	85.982
883.36	86.383
883.54	84.741
883.72	83.744
883.89	85.124
884.07	86.194
884.25	85.793
884.42	85.098
884.60	84.612
884.78	84.619
884.95	84.700
885.13	86.592
885.31	84.189
885.48	86.057
885.66	84.364
885.84	84.661
886.01	85.907
886.19	84.608
886.36	86.468
886.54	84.852
886.72	85.703
886.89	85.273
887.07	84.744
887.25	85.778
887.42	85.020
887.60	85.306
887.78	85.198
887.95	85.113
888.13	84.499
888.30	84.950
888.48	84.353
888.66	87.091
888.83	85.282
889.01	85.271
889.18	85.353
889.36	85.805
889.54	85.714
889.71	85.489
889.89	84.477
890.06	84.584
890.24	85.253
890.42	85.196
890.59	84.738
890.77	85.488
890.94	84.278
891.12	84.542
891.30	84.649
891.47	86.649
891.65	86.400
891.82	84.208
892.00	85.391
892.17	85.167
892.35	86.613
892.53	85.667
892.70	86.832
892.88	85.637
893.05	85.253
893.23	84.492
893.40	85.756
893.58	86.436
893.75	85.074
893.93	85.529
894.11	85.751
894.28	86.412
894.46	87.014
894.63	86.210
894.81	85.042
894.98	85.260
895.16	85.535
895.33	85.140
895.51	84.553
895.68	85.064
895.86	85.524
896.04	85.734
896.21	85.923
896.39	85.305
896.56	86.716
896.74	86.340
896.91	87.624
897.09	85.593
897.26	86.665
897.44	84.541
897.61	84.979
897.79	85.803
897.96	86.896
898.14	85.359
898.31	85.680
898.49	85.890
898.66	87.113
898.84	85.304
899.01	85.072
899.19	85.987
899.36	83.948
899.54	87.394
899.71	85.712
899.89	86.933
900.06	85.781
900.24	85.600
900.41	84.597
900.59	86.078
900.76	86.500
900.94	85.813
901.11	85.366
901.29	85.496
901.46	84.657
901.63	85.887
901.81	85.331
901.98	85.520
902.16	87.239
902.33	85.387
902.51	87.165
902.68	85.740
902.86	85.850
903.03	86.513
903.21	86.290
903.38	85.903
903.56	86.151
903.73	85.467
903.90	86.102
904.08	86.158
904.25	85.847
904.43	86.430
904.60	85.601
904.78	86.522
904.95	88.009
905.12	85.977
905.30	84.513
905.47	84.101
905.65	86.434
905.82	86.011
906.00	84.521
906.17	85.536
906.34	86.194
906.52	87.846
906.69	86.378
906.87	86.022
907.04	86.869
907.21	85.857
907.39	86.259
907.56	85.142
907.74	85.079
907.91	85.155
908.08	85.590
908.26	87.953
908.43	85.274
908.61	86.186
908.78	85.971
908.95	85.457
909.13	85.594
909.30	86.497
909.48	85.700
909.65	86.632
909.82	85.663
910.00	86.083
910.17	85.260
910.34	86.209
910.52	85.485
910.69	85.359
910.87	86.452
911.04	85.988
911.21	85.788
911.39	86.210
911.56	86.526
911.73	87.031
911.91	86.140
912.08	86.331
912.25	85.056
912.43	85.406
912.60	85.809
912.77	86.712
912.95	86.165
913.12	85.757
913.29	85.355
913.47	85.737
913.64	85.825
913.81	86.012
913.99	85.908
914.16	87.002
914.33	84.490
914.51	86.497
914.68	84.951
914.85	85.223
915.03	85.830
915.20	86.139
915.37	83.002
915.55	87.508
915.72	86.609
915.89	86.131
916.07	86.430
916.24	85.554
916.41	86.044
916.59	84.948
916.76	84.998
916.93	85.551
917.10	85.409
917.28	86.267
917.45	84.819
917.62	86.094
917.80	85.895
917.97	85.853
918.14	85.677
918.31	84.610
918.49	85.803
918.66	86.678
918.83	86.615
919.01	86.736
919.18	85.355
919.35	86.226
919.52	86.027
919.70	87.209
919.87	87.103
920.04	86.630
920.21	87.716
920.39	86.839
920.56	85.019
920.73	86.891
920.90	86.197
921.08	86.846
921.25	86.299
921.42	87.671
921.59	84.978
921.77	85.282
921.94	85.323
922.11	86.339
922.28	84.183
922.46	86.769
922.63	87.018
922.80	87.431
922.97	86.652
923.15	85.530
923.32	85.928
923.49	87.706
923.66	85.643
923.83	85.705
924.01	85.658
924.18	85.681
924.35	86.732
924.52	85.777
924.69	87.270
924.87	87.346
925.04	84.515
925.21	84.976
925.38	86.920
925.55	85.177
925.73	86.008
925.90	84.391
926.07	86.478
926.24	85.934
926.41	86.350
926.59	87.200
926.76	85.914
926.93	86.330
927.10	85.056
927.27	86.014
927.45	87.688
927.62	84.967
927.79	86.718
927.96	86.064
928.13	85.216
928.30	85.144
928.48	87.399
928.65	84.703
928.82	86.230
928.99	85.595
929.16	86.360
929.33	85.379
929.50	85.489
929.68	87.636
929.85	86.814
930.02	84.143
930.19	86.483
930.36	87.688
930.53	85.504
930.70	85.748
930.88	85.876
931.05	85.399
931.22	86.240
931.39	85.048
931.56	85.626
931.73	85.454
931.90	87.209
932.08	84.903
932.25	85.222
932.42	86.039
932.59	87.242
932.76	85.607
932.93	85.167
933.10	87.880
933.27	85.687
933.44	86.538
933.62	84.075
933.79	85.798
933.96	88.418
934.13	88.082
934.30	86.670
934.47	83.686
934.64	88.357
934.81	86.720
934.98	87.336
935.15	86.030
935.32	85.287
935.50	85.195
935.67	85.188
935.84	84.850
936.01	85.870
936.18	84.254
936.35	85.338
936.52	84.783
936.69	85.979
936.86	84.166
937.03	85.396
937.20	87.748
937.37	86.155
937.54	86.415
937.71	88.329
937.89	85.206
938.06	88.873
938.23	83.605
938.40	86.463
938.57	87.584
938.74	88.160
938.91	89.118
939.08	85.323
939.25	85.131
939.42	85.178
939.59	82.909
939.76	84.931
939.93	84.787
940.10	86.417
940.27	84.080
940.44	87.475
940.61	83.350
940.78	85.242
940.95	85.255
941.12	88.196
941.29	84.896
941.46	91.123
941.63	81.266
941.80	82.869
941.97	87.727
942.14	89.077
942.31	84.791
942.48	90.589
942.65	87.341
942.82	83.088
942.99	89.630
943.16	86.899
943.33	87.695
943.50	84.572
943.67	93.235
943.84	82.888
944.01	86.849
944.18	85.548
944.35	78.512
944.52	82.597
944.69	83.195
944.86	86.919
945.03	82.981
945.20	86.889
945.37	89.779
945.54	88.466
945.71	88.856
945.88	82.786
946.05	84.356
946.22	88.789
946.39	87.007
946.56	88.584
946.73	81.991
946.90	89.319
947.07	81.835
947.23	86.689
947.40	79.593
947.57	85.549
947.74	85.964
947.91	86.377
948.08	81.364
948.25	87.487
948.42	81.402
948.59	88.025
948.76	81.542
948.93	83.918
949.10	91.501
949.27	86.497
949.44	87.055
949.60	89.168
949.77	87.845
949.94	88.357
950.11	91.747
950.28	88.094
950.45	85.403
950.62	82.226
950.79	86.680
950.96	85.069
951.13	83.915
951.30	85.888
951.46	86.409
951.63	90.054
951.80	88.205
951.97	86.417
952.14	82.667
952.31	84.954
952.48	87.146
952.65	83.187
952.81	85.386
952.98	87.694
953.15	85.746
953.32	86.391
953.49	85.890
953.66	85.410
953.83	88.655
954.00	82.964
954.16	84.348
954.33	83.526
954.50	84.848
954.67	82.283
954.84	85.068
955.01	81.781
955.18	83.936
955.34	86.868
955.51	84.589
955.68	85.987
955.85	80.509
956.02	85.450
956.19	84.711
956.35	82.983
956.52	86.153
956.69	86.074
956.86	84.932
957.03	83.785
957.20	84.888
957.36	84.182
957.53	80.560
957.70	84.128
957.87	84.962
958.04	83.705
958.21	84.836
958.37	88.847
958.54	83.467
958.71	87.588
958.88	84.171
959.05	83.182
959.21	86.628
959.38	83.101
959.55	82.146
959.72	84.889
959.89	83.416
960.05	85.674
960.22	85.659
960.39	87.247
960.56	84.527
960.72	86.975
960.89	83.447
961.06	81.728
961.23	87.110
961.40	85.607
961.56	84.299
961.73	86.430
961.90	86.393
962.07	84.371
962.23	87.109
962.40	84.880
962.57	85.148
962.74	86.927
962.90	86.249
963.07	84.665
963.24	86.647
963.41	88.101
963.57	86.293
963.74	84.718
963.91	84.779
964.08	86.654
964.24	82.080
964.41	86.731
964.58	87.573
964.75	80.820
964.91	83.551
965.08	85.759
965.25	85.150
965.42	84.902
965.58	85.637
965.75	85.293
965.92	84.368
966.08	87.456
966.25	86.614
966.42	85.420
966.59	85.770
966.75	81.789
966.92	83.196
967.09	82.726
967.25	82.746
967.42	86.904
967.59	83.706
967.75	87.251
967.92	80.247
968.09	85.175
968.26	84.817
968.42	85.466
968.59	86.747
968.76	84.596
968.92	86.821
969.09	87.047
969.26	83.188
969.42	85.361
969.59	81.825
969.76	82.934
969.92	81.060
970.09	83.939
970.26	87.101
970.42	87.728
970.59	85.023
970.76	85.681
970.92	87.062
971.09	88.148
971.26	84.877
971.42	86.835
971.59	83.726
971.76	82.525
971.92	86.189
972.09	85.724
972.25	85.250
972.42	87.823
972.59	87.743
972.75	83.912
972.92	86.397
973.09	85.863
973.25	83.711
973.42	84.214
973.58	85.037
973.75	82.850
973.92	84.907
974.08	85.832
974.25	85.984
974.42	87.668
974.58	87.756
974.75	87.384
974.91	87.024
975.08	83.415
975.25	86.338
975.41	87.614
975.58	88.265
975.74	84.814
975.91	81.497
976.08	85.811
976.24	84.926
976.41	85.354
976.57	84.992
976.74	86.537
976.91	87.064
977.07	84.815
977.24	84.987
977.40	82.464
977.57	84.411
977.73	87.500
977.90	83.092
978.07	84.729
978.23	85.528
978.40	81.347
978.56	83.598
978.73	86.230
978.89	84.481
979.06	86.384
979.22	82.402
979.39	86.639
979.56	90.179
979.72	85.322
979.89	86.557
980.05	85.913
980.22	85.005
980.38	85.114
980.55	82.140
980.71	87.092
980.88	86.069
981.04	81.481
981.21	84.922
981.37	85.142
981.54	85.933
981.70	84.985
981.87	86.002
982.04	83.826
982.20	84.801
982.37	85.245
982.53	86.476
982.70	85.357
982.86	83.924
983.03	85.147
983.19	85.200
983.36	82.288
983.52	85.124
983.69	87.065
983.85	82.801
984.02	83.675
984.18	89.750
984.35	87.629
984.51	80.962
984.68	83.524
984.84	85.874
985.00	82.925
985.17	88.345
985.33	90.494
985.50	90.505
985.66	83.930
985.83	86.429
985.99	87.065
986.16	86.059
986.32	89.325
986.49	84.981
986.65	86.264
986.82	86.756
986.98	82.827
987.15	86.052
987.31	84.994
987.47	89.203
987.64	85.011
987.80	87.651
987.97	85.388
988.13	86.347
988.30	83.045
988.46	83.197
988.63	82.118
988.79	84.916
988.95	87.719
989.12	84.643
989.28	89.351
989.45	83.088
989.61	85.445
989.77	85.938
989.94	79.855
990.10	84.204
990.27	89.244
990.43	86.667
990.60	85.241
990.76	80.317
990.92	85.704
991.09	85.580
991.25	82.955
991.42	85.225
991.58	84.171
991.74	82.635
991.91	80.027
992.07	84.912
992.24	89.676
992.40	87.979
992.56	85.007
992.73	88.163
992.89	81.176
993.05	84.437
993.22	88.504
993.38	84.325
993.55	88.180
993.71	89.067
993.87	86.352
994.04	82.206
994.20	94.234
994.36	84.365
994.53	88.376
994.69	87.514
994.85	88.586
995.02	83.217
995.18	84.326
995.34	84.579
995.51	92.237
995.67	85.355
995.84	87.101
996.00	83.885
996.16	85.828
996.33	82.684
996.49	87.466
996.65	80.206
996.82	82.656
996.98	86.447
997.14	84.913
997.31	84.385
997.47	82.440
997.63	83.118
997.79	89.397
997.96	85.120
998.12	91.186
998.28	84.421
998.45	85.218
998.61	79.528
998.77	84.677
998.94	80.966
999.10	88.470
999.26	80.321
999.43	82.103
999.59	82.223
999.75	88.726
999.91	84.430
1000.08	85.398
1000.24	86.568
1000.40	91.798
1000.57	84.805
1000.73	80.061
1000.89	94.758
1001.05	86.607
1001.22	89.387
1001.38	86.949
1001.54	90.918
1001.70	86.061
1001.87	80.824
1002.03	86.586
1002.19	87.179
1002.35	79.269
1002.52	87.226
1002.68	82.350
1002.84	84.879
1003.00	81.584
1003.17	83.910
1003.33	85.456
1003.49	85.756
1003.65	86.793
1003.82	84.519
1003.98	83.077
1004.14	83.366
1004.30	77.298
1004.47	86.316
1004.63	79.324
1004.79	89.191
1004.95	86.401
1005.11	83.671
1005.28	83.103
1005.44	82.605
1005.60	92.702
1005.76	84.268
1005.93	87.855
1006.09	89.631
1006.25	85.817
1006.41	86.981
1006.57	82.901
1006.74	80.981
1006.90	84.677
1007.06	91.300
1007.22	91.218
1007.38	86.321
1007.55	81.593
1007.71	85.032
1007.87	81.452
1008.03	82.324
1008.19	85.026
1008.35	81.612
1008.52	91.200
1008.68	80.869
1008.84	86.505
1009.00	87.852
1009.16	85.299
1009.32	85.378
1009.49	88.869
1009.65	93.991
1009.81	83.167
1009.97	93.043
1010.13	91.682
1010.29	84.764
1010.46	88.612
1010.62	81.639
1010.78	81.523
1010.94	89.446
1011.10	91.024
1011.26	80.440
1011.42	82.034
1011.59	83.495
1011.75	93.159
1011.91	87.612
1012.07	89.116
1012.23	90.664
1012.39	93.420
1012.55	87.842
1012.71	92.260
1012.88	86.716
1013.04	86.805
1013.20	86.336
1013.36	88.353
1013.52	81.403
1013.68	87.782
1013.84	86.266
1014.00	83.951
1014.16	81.199
1014.33	88.567
1014.49	78.887
1014.65	78.636
1014.81	84.246
1014.97	78.407
1015.13	89.362
1015.29	83.849
1015.45	87.277
1015.61	95.031
1015.77	88.026
1015.93	82.655
1016.09	81.258
1016.26	81.934
1016.42	89.335
1016.58	84.538
1016.74	84.408
1016.90	83.307
1017.06	99.816
1017.22	80.745
1017.38	93.074
1017.54	86.180
1017.70	81.749
1017.86	81.377
1018.02	83.100
1018.18	86.589
1018.34	80.474
1018.50	98.523
1018.66	83.386
1018.82	79.768
1018.98	86.808
1019.14	92.846
1019.31	74.640
1019.47	87.724
1019.63	89.701
1019.79	87.909
1019.95	92.411
1020.11	87.511
1020.27	89.398
1020.43	87.409
1020.59	80.547
1020.75	74.499
1020.91	88.783
1021.07	95.691
1021.23	74.087
1021.39	76.649
1021.55	88.109
1021.71	84.563
1021.87	95.618
1022.03	87.689
1022.19	88.283
1022.35	83.802
1022.51	96.612
1022.67	89.791
1022.83	89.435
1022.99	90.269
1023.15	97.654
1023.31	96.109
1023.47	84.264
1023.63	75.518
1023.79	72.919
1023.95	80.257
1024.10	84.031
1024.26	99.668
1024.42	102.967
1024.58	90.823
1024.74	83.723
1024.90	85.166
1025.06	84.792
1025.22	82.531
1025.38	94.570
1025.54	94.203
1025.70	72.474
1025.86	70.819
1026.02	103.286
1026.18	76.041
1026.34	81.836
1026.50	85.821
1026.66	77.964
1026.82	78.275
1026.98	85.440
1027.13	95.946
1027.29	81.808
1027.45	88.136
1027.61	80.103
1027.77	83.271
1027.93	81.436
1028.09	75.434
1028.25	101.111
1028.41	104.497
1028.57	97.093
1028.73	86.420
1028.88	75.393
1029.04	79.705
1029.20	101.312
1029.36	103.356
1029.52	81.854
1029.68	103.376
1029.84	75.126
1030.00	98.703
1030.16	73.191
1030.32	100.434
1030.47	90.387
1030.63	77.662
1030.79	85.014
1030.95	87.127
1031.11	78.748
1031.27	97.365
1031.43	87.703
1031.59	70.112
1031.74	75.890
1031.90	90.977
1032.06	84.066
1032.22	79.160
1032.38	96.189
1032.54	88.312
1032.69	94.041
1032.85	82.544
1033.01	88.608
1033.17	77.198
1033.33	93.233
1033.49	81.695
1033.65	88.588
1033.80	90.603
1033.96	81.040
1034.12	104.000
1034.28	88.083
1034.44	84.409
1034.60	93.900
1034.75	87.598
1034.91	88.288
1035.07	75.478
1035.23	76.603
1035.39	99.007
1035.54	105.782
1035.70	87.348
1035.86	82.830
1036.02	92.261
1036.18	82.487
1036.33	69.557
1036.49	73.021
1036.65	89.961
1036.81	76.077
1036.97	77.778
1037.12	81.769
1037.28	71.975
1037.44	86.741
1037.60	82.370
1037.76	76.855
1037.91	81.594
1038.07	73.028
1038.23	81.633
1038.39	91.837
1038.54	79.429
1038.70	64.503
1038.86	102.461
1039.02	119.111
1039.17	91.875
1039.33	72.182
1039.49	92.817
1039.65	98.695
1039.80	101.887
1039.96	87.990
1040.12	79.876
1040.28	82.543
>>>>> Data<<<<< Espectral Procesado Extremo
