Fichero De Datos De SpectraSuite
++++++++++++++++++++++++++++++++++++
Fecha: Mon Jul 06 10:54:13 CST 2026
Usuario: HP
Presente Oscuro Del Espectro: Sí
La Referencia de Presente Del Espectro De: Sí
Muestreados de los componentes de Número de espectros: 1
Espectrómetros: USB4H06056
Tiempo de integración (usec): 300000 (USB4H06056)
Promedio de Espectros Hechos un: 5 (USB4H06056)
El Alisar Del Furgón: 0 (USB4H06056)
Párrafo de de Corregir del la del del de Eléctrica del obscuridad: No (USB4H06056)
Estrobo/Lámpara Permitido: No (USB4H06056)
Correct for Detector Non-linearity: No (USB4H06056)
Párrafo de de Corregir del la del del de Externa del luz: No (USB4H06056)
Procesado del espectro de Número de pixeles en: 3648
>>>>> Comienza Data<<<<< Espectral Procesado Del EL
345.09	133.333
345.30	133.333
345.52	133.333
345.74	-59.375
345.95	169.643
346.17	140.367
346.39	29.851
346.60	143.617
346.82	0.000
347.04	95.455
347.25	-212.000
347.47	-120.408
347.69	-37.931
347.90	44.186
348.12	150.943
348.34	-115.152
348.56	-20.732
348.77	110.714
348.99	-541.667
349.21	143.023
349.42	484.615
349.64	347.727
349.86	125.806
350.07	23.457
350.29	9.600
350.51	173.529
350.72	252.632
350.94	61.667
351.16	505.000
351.37	33.155
351.59	-15500.000
351.81	-1350.000
352.02	36.496
352.24	355.556
352.46	-35.135
352.67	-51.111
352.89	13.514
353.10	70.000
353.32	115.000
353.54	-31.884
353.75	37.500
353.97	71.429
354.19	121.687
354.40	-650.000
354.62	30.579
354.84	68.000
355.05	86.275
355.27	1137.500
355.49	45.294
355.70	-31.250
355.92	17.778
356.14	42.593
356.35	31.973
356.57	-1.575
356.78	-30.159
357.00	-85.000
357.22	210.811
357.43	246.154
357.65	2450.000
357.87	20.253
358.08	58.333
358.30	-38.356
358.51	-10.127
358.73	320.930
358.95	9.091
359.16	-30.392
359.38	71.681
359.60	14.286
359.81	365.000
360.03	187.234
360.24	55.224
360.46	157.143
360.68	-29.143
360.89	340.000
361.11	48.333
361.33	168.966
361.54	177.273
361.76	33.333
361.97	101.010
362.19	46.154
362.41	195.455
362.62	-1280.000
362.84	24.096
363.05	78.409
363.27	44.928
363.49	31.933
363.70	46.108
363.92	34.848
364.13	40.884
364.35	-3.540
364.57	-17.424
364.78	-81.429
365.00	52.632
365.21	38.686
365.43	-127.536
365.65	45.492
365.86	70.440
366.08	-10.606
366.29	-3.817
366.51	30.769
366.73	5.263
366.94	-79.167
367.16	81.081
367.37	-24.074
367.59	38.889
367.80	170.370
368.02	-20.430
368.24	-525.000
368.45	-63.014
368.67	25.114
368.88	-14.634
369.10	191.935
369.31	44.608
369.53	27.857
369.75	28.643
369.96	47.083
370.18	5.085
370.39	-12.941
370.61	155.556
370.82	-18.605
371.04	80.606
371.26	79.310
371.47	54.148
371.69	38.562
371.90	84.831
372.12	-168.085
372.33	49.153
372.55	12.162
372.76	67.251
372.98	26.923
373.20	91.304
373.41	123.134
373.63	11.818
373.84	54.483
374.06	21.986
374.27	-25.000
374.49	222.222
374.70	-31.618
374.92	72.340
375.13	130.952
375.35	536.842
375.57	21.649
375.78	1.639
376.00	51.042
376.21	151.316
376.43	81.250
376.64	66.460
376.86	70.513
377.07	126.966
377.29	222.642
377.50	166.071
377.72	-9.195
377.93	50.407
378.15	83.784
378.36	21.401
378.58	33.077
378.80	53.801
379.01	4.487
379.23	54.887
379.44	18.182
379.66	-9.929
379.87	0.746
380.09	-74.118
380.30	51.020
380.52	70.513
380.73	-31.148
380.95	149.107
381.16	71.429
381.38	55.556
381.59	-116.667
381.81	63.902
382.02	105.556
382.24	42.125
382.45	-62.281
382.67	33.010
382.88	22.613
383.10	44.910
383.31	42.857
383.53	16.185
383.74	47.059
383.96	154.630
384.17	3.488
384.39	38.462
384.60	34.375
384.82	-93.827
385.03	50.207
385.25	92.941
385.46	0.000
385.68	186.364
385.89	184.848
386.11	42.541
386.32	61.494
386.54	41.497
386.75	75.497
386.97	33.476
387.18	44.785
387.40	43.842
387.61	128.409
387.83	95.570
388.04	-168.750
388.25	45.455
388.47	34.314
388.68	90.393
388.90	77.083
389.11	-71.429
389.33	35.294
389.54	68.098
389.76	69.048
389.97	22.222
390.19	29.245
390.40	1.935
390.62	38.532
390.83	44.134
391.05	48.905
391.26	50.980
391.47	66.986
391.69	27.778
391.90	76.471
392.12	66.667
392.33	-136.364
392.55	69.231
392.76	51.724
392.98	13.846
393.19	50.198
393.41	40.449
393.62	61.765
393.83	32.195
394.05	46.061
394.26	30.252
394.48	6.707
394.69	33.613
394.91	7.487
395.12	58.362
395.34	52.419
395.55	97.872
395.76	67.178
395.98	61.494
396.19	37.892
396.41	35.640
396.62	143.077
396.84	58.031
397.05	53.160
397.26	43.617
397.48	42.286
397.69	71.556
397.91	46.183
398.12	17.127
398.33	74.444
398.55	33.835
398.76	42.947
398.98	38.261
399.19	46.099
399.41	7.368
399.62	80.258
399.83	37.367
400.05	67.014
400.26	59.600
400.48	47.656
400.69	14.486
400.90	33.333
401.12	93.680
401.33	60.417
401.55	44.033
401.76	42.688
401.97	74.402
402.19	57.093
402.40	35.880
402.62	41.245
402.83	18.455
403.04	32.500
403.26	37.530
403.47	51.186
403.69	56.646
403.90	41.463
404.11	51.351
404.33	27.747
404.54	45.322
404.76	16.783
404.97	6.189
405.18	39.186
405.40	44.308
405.61	61.184
405.83	52.381
406.04	48.601
406.25	55.594
406.47	32.558
406.68	49.387
406.89	30.636
407.11	39.871
407.32	39.518
407.54	44.769
407.75	45.813
407.96	38.196
408.18	23.497
408.39	25.436
408.60	18.987
408.82	3.161
409.03	56.506
409.24	33.836
409.46	34.293
409.67	39.734
409.89	40.323
410.10	38.215
410.31	47.973
410.53	39.314
410.74	38.478
410.95	37.457
411.17	25.370
411.38	28.702
411.59	34.056
411.81	61.473
412.02	39.430
412.23	35.536
412.45	28.912
412.66	56.745
412.87	41.561
413.09	13.470
413.30	42.757
413.51	35.833
413.73	34.309
413.94	37.885
414.15	36.732
414.37	25.109
414.58	15.954
414.79	26.104
415.01	36.107
415.22	16.820
415.43	31.989
415.65	25.585
415.86	28.056
416.07	21.300
416.29	34.557
416.50	16.523
416.71	24.070
416.93	21.576
417.14	29.904
417.35	28.098
417.57	22.420
417.78	26.119
417.99	17.617
418.21	18.443
418.42	24.322
418.63	23.333
418.85	224.865
419.06	20.515
419.27	15.778
419.48	24.316
419.70	30.677
419.91	31.141
420.12	20.276
420.34	30.270
420.55	21.315
420.76	12.385
420.98	22.609
421.19	23.364
421.40	21.974
421.61	19.361
421.83	13.727
422.04	24.685
422.25	20.204
422.47	10.212
422.68	22.527
422.89	18.613
423.11	9.707
423.32	20.874
423.53	17.831
423.74	17.778
423.96	19.164
424.17	22.492
424.38	18.344
424.59	20.947
424.81	15.139
425.02	17.467
425.23	14.932
425.45	13.264
425.66	19.810
425.87	16.988
426.08	15.653
426.30	16.657
426.51	21.573
426.72	7.887
426.93	16.302
427.15	15.822
427.36	14.423
427.57	12.970
427.79	17.966
428.00	15.253
428.21	68.109
428.42	13.376
428.64	14.644
428.85	15.299
429.06	18.750
429.27	15.684
429.49	16.149
429.70	17.056
429.91	12.914
430.12	14.140
430.34	13.189
430.55	15.082
430.76	15.097
430.97	14.469
431.19	9.622
431.40	17.493
431.61	11.627
431.82	13.265
432.03	8.624
432.25	14.125
432.46	13.554
432.67	13.801
432.88	11.989
433.10	11.954
433.31	13.032
433.52	12.299
433.73	8.816
433.95	13.563
434.16	12.453
434.37	8.580
434.58	17.022
434.79	11.582
435.01	7.759
435.22	14.812
435.43	12.620
435.64	10.344
435.86	11.834
436.07	14.902
436.28	9.599
436.49	7.730
436.70	13.671
436.92	12.135
437.13	8.612
437.34	9.558
437.55	11.550
437.76	13.367
437.98	13.691
438.19	14.680
438.40	11.847
438.61	12.024
438.82	8.492
439.04	8.101
439.25	12.325
439.46	13.544
439.67	12.489
439.88	12.163
440.10	14.490
440.31	13.528
440.52	9.397
440.73	14.861
440.94	11.364
441.16	9.418
441.37	13.572
441.58	9.228
441.79	9.062
442.00	10.504
442.21	12.617
442.43	14.647
442.64	11.608
442.85	11.933
443.06	11.293
443.27	7.573
443.48	12.849
443.70	16.043
443.91	12.189
444.12	12.150
444.33	12.546
444.54	8.761
444.75	11.302
444.97	11.625
445.18	11.583
445.39	9.539
445.60	11.780
445.81	12.661
446.02	7.508
446.24	10.565
446.45	13.461
446.66	12.882
446.87	9.469
447.08	11.712
447.29	10.463
447.51	13.016
447.72	12.813
447.93	10.082
448.14	8.968
448.35	10.777
448.56	10.497
448.77	10.418
448.99	11.297
449.20	10.578
449.41	13.048
449.62	10.464
449.83	10.822
450.04	8.603
450.25	12.372
450.46	11.961
450.68	11.614
450.89	10.067
451.10	11.266
451.31	12.405
451.52	12.469
451.73	12.530
451.94	11.056
452.15	10.769
452.37	12.982
452.58	11.395
452.79	12.341
453.00	10.808
453.21	13.365
453.42	10.408
453.63	11.329
453.84	11.114
454.06	11.982
454.27	12.673
454.48	13.561
454.69	14.482
454.90	10.454
455.11	11.147
455.32	11.518
455.53	10.785
455.74	10.465
455.95	11.516
456.17	10.830
456.38	11.595
456.59	8.669
456.80	13.859
457.01	12.365
457.22	10.618
457.43	11.132
457.64	11.626
457.85	9.091
458.06	15.575
458.27	12.671
458.49	13.333
458.70	13.636
458.91	11.667
459.12	12.043
459.33	12.145
459.54	13.423
459.75	12.385
459.96	13.136
460.17	11.708
460.38	10.125
460.59	12.450
460.80	13.522
461.01	13.127
461.23	13.760
461.44	11.697
461.65	14.225
461.86	11.672
462.07	11.612
462.28	13.185
462.49	11.974
462.70	12.344
462.91	12.905
463.12	11.634
463.33	10.618
463.54	11.450
463.75	13.286
463.96	13.628
464.17	11.983
464.38	12.602
464.59	13.026
464.81	13.336
465.02	13.095
465.23	11.030
465.44	11.538
465.65	13.357
465.86	12.237
466.07	12.058
466.28	13.119
466.49	12.752
466.70	12.372
466.91	11.304
467.12	12.860
467.33	12.102
467.54	12.924
467.75	12.173
467.96	9.122
468.17	12.655
468.38	11.411
468.59	11.705
468.80	11.788
469.01	11.315
469.22	12.793
469.43	12.035
469.64	12.286
469.85	12.684
470.06	13.010
470.27	13.068
470.48	11.495
470.69	12.386
470.90	11.936
471.11	12.223
471.32	12.115
471.53	11.997
471.74	11.759
471.95	12.270
472.16	13.714
472.37	12.112
472.58	11.848
472.79	12.346
473.00	12.918
473.21	12.082
473.42	11.905
473.63	11.186
473.84	13.162
474.05	12.554
474.26	11.968
474.47	12.278
474.68	12.698
474.89	11.808
475.10	13.180
475.31	13.554
475.52	12.886
475.73	13.054
475.94	11.589
476.15	12.446
476.36	12.878
476.57	11.355
476.78	11.988
476.99	12.309
477.20	14.192
477.41	13.155
477.62	12.690
477.83	11.866
478.04	12.113
478.25	13.736
478.46	12.364
478.67	11.865
478.88	11.552
479.09	12.943
479.30	12.674
479.51	13.235
479.72	12.998
479.93	11.598
480.14	12.333
480.35	12.196
480.56	12.314
480.77	12.143
480.98	13.108
481.18	12.666
481.39	12.946
481.60	12.581
481.81	12.320
482.02	11.675
482.23	12.445
482.44	10.987
482.65	12.213
482.86	13.782
483.07	11.805
483.28	13.180
483.49	12.683
483.70	13.340
483.91	12.641
484.12	13.741
484.33	12.599
484.53	12.893
484.74	14.099
484.95	13.015
485.16	13.626
485.37	12.436
485.58	13.504
485.79	12.456
486.00	11.716
486.21	13.648
486.42	13.334
486.63	12.683
486.84	12.999
487.05	12.163
487.25	13.827
487.46	12.148
487.67	13.254
487.88	12.442
488.09	13.531
488.30	12.502
488.51	22.058
488.72	13.699
488.93	12.725
489.14	11.354
489.35	13.247
489.55	12.327
489.76	13.070
489.97	12.137
490.18	13.379
490.39	12.942
490.60	12.091
490.81	12.059
491.02	12.619
491.23	13.728
491.43	13.163
491.64	12.612
491.85	12.135
492.06	12.901
492.27	12.952
492.48	13.153
492.69	12.986
492.90	12.665
493.11	12.997
493.31	12.926
493.52	12.784
493.73	11.978
493.94	12.851
494.15	13.342
494.36	13.395
494.57	12.978
494.78	13.185
494.98	12.996
495.19	13.038
495.40	13.011
495.61	12.659
495.82	13.441
496.03	12.448
496.24	12.569
496.44	13.260
496.65	13.071
496.86	12.969
497.07	12.328
497.28	13.450
497.49	13.387
497.70	13.197
497.90	13.762
498.11	13.399
498.32	13.632
498.53	12.193
498.74	13.767
498.95	13.164
499.15	13.180
499.36	13.447
499.57	13.382
499.78	12.461
499.99	12.961
500.20	13.149
500.40	13.054
500.61	13.504
500.82	13.197
501.03	12.680
501.24	13.403
501.45	12.967
501.65	13.141
501.86	13.235
502.07	14.086
502.28	13.387
502.49	13.537
502.70	13.065
502.90	13.082
503.11	13.151
503.32	12.612
503.53	13.529
503.74	13.018
503.94	14.015
504.15	12.986
504.36	13.129
504.57	13.092
504.78	12.986
504.98	12.792
505.19	13.251
505.40	13.030
505.61	12.933
505.82	13.467
506.02	13.321
506.23	13.022
506.44	13.606
506.65	13.175
506.86	13.446
507.06	12.345
507.27	13.033
507.48	13.687
507.69	13.306
507.90	13.342
508.10	12.672
508.31	13.623
508.52	13.335
508.73	13.291
508.94	13.651
509.14	13.111
509.35	13.048
509.56	13.112
509.77	14.057
509.97	13.083
510.18	14.044
510.39	13.534
510.60	13.311
510.80	13.722
511.01	13.213
511.22	13.592
511.43	13.446
511.64	13.841
511.84	13.230
512.05	13.965
512.26	13.956
512.47	13.896
512.67	13.866
512.88	13.501
513.09	13.635
513.30	13.709
513.50	13.871
513.71	14.157
513.92	13.911
514.13	13.458
514.33	14.280
514.54	13.421
514.75	14.082
514.96	13.617
515.16	14.320
515.37	13.623
515.58	14.057
515.78	13.882
515.99	14.097
516.20	13.532
516.41	13.746
516.61	14.149
516.82	14.225
517.03	13.916
517.24	14.426
517.44	13.981
517.65	14.170
517.86	13.844
518.07	14.724
518.27	14.245
518.48	14.385
518.69	14.697
518.89	14.183
519.10	14.816
519.31	14.390
519.52	14.073
519.72	14.852
519.93	14.941
520.14	14.319
520.34	14.238
520.55	15.084
520.76	14.743
520.96	14.593
521.17	14.636
521.38	14.702
521.59	14.839
521.79	14.644
522.00	14.939
522.21	14.965
522.41	14.605
522.62	15.573
522.83	15.623
523.03	15.315
523.24	15.922
523.45	15.496
523.66	14.737
523.86	15.978
524.07	15.501
524.28	15.728
524.48	15.226
524.69	15.572
524.90	16.205
525.10	15.774
525.31	15.915
525.52	15.934
525.72	16.614
525.93	15.864
526.14	16.346
526.34	15.940
526.55	15.789
526.76	16.462
526.96	16.314
527.17	16.205
527.38	16.781
527.58	16.826
527.79	16.607
528.00	17.125
528.20	16.321
528.41	16.319
528.62	16.180
528.82	17.263
529.03	16.646
529.24	17.143
529.44	17.156
529.65	16.716
529.85	17.374
530.06	17.621
530.27	16.913
530.47	17.194
530.68	16.589
530.89	17.664
531.09	16.895
531.30	17.761
531.51	17.364
531.71	17.556
531.92	18.200
532.13	17.576
532.33	17.477
532.54	18.217
532.74	17.390
532.95	17.384
533.16	17.830
533.36	17.759
533.57	17.300
533.78	18.719
533.98	17.879
534.19	18.099
534.39	17.780
534.60	18.056
534.81	18.423
535.01	17.888
535.22	18.300
535.42	18.326
535.63	18.250
535.84	18.261
536.04	18.026
536.25	18.322
536.45	18.010
536.66	18.379
536.87	18.538
537.07	18.169
537.28	17.791
537.48	18.364
537.69	18.544
537.90	18.408
538.10	18.497
538.31	18.501
538.51	18.557
538.72	18.844
538.93	18.530
539.13	18.919
539.34	18.853
539.54	18.408
539.75	18.745
539.96	18.664
540.16	19.126
540.37	18.793
540.57	19.067
540.78	18.544
540.98	19.169
541.19	19.115
541.40	19.266
541.60	19.114
541.81	18.868
542.01	19.272
542.22	18.960
542.42	19.140
542.63	18.668
542.83	19.168
543.04	19.470
543.25	19.136
543.45	19.017
543.66	18.886
543.86	19.068
544.07	19.122
544.27	19.009
544.48	18.954
544.68	19.479
544.89	19.313
545.10	19.448
545.30	19.531
545.51	19.239
545.71	19.445
545.92	19.403
546.12	19.292
546.33	19.258
546.53	19.559
546.74	19.283
546.94	18.976
547.15	19.362
547.36	19.467
547.56	19.202
547.77	19.858
547.97	19.266
548.18	19.327
548.38	19.153
548.59	19.908
548.79	18.988
549.00	19.020
549.20	19.438
549.41	19.703
549.61	19.675
549.82	19.682
550.02	19.519
550.23	19.759
550.43	19.005
550.64	19.586
550.84	19.747
551.05	19.404
551.25	19.281
551.46	19.528
551.66	19.565
551.87	19.470
552.07	19.783
552.28	19.711
552.48	19.371
552.69	19.413
552.89	19.529
553.10	19.601
553.30	18.898
553.51	19.781
553.71	19.620
553.92	19.667
554.12	19.056
554.33	19.745
554.53	20.053
554.74	19.890
554.94	19.864
555.15	19.203
555.35	19.706
555.56	19.619
555.76	19.983
555.97	20.184
556.17	19.283
556.38	19.799
556.58	20.174
556.78	19.956
556.99	19.892
557.19	19.646
557.40	19.245
557.60	19.506
557.81	20.045
558.01	19.911
558.22	19.387
558.42	19.800
558.63	19.484
558.83	19.796
559.04	19.674
559.24	19.752
559.44	19.708
559.65	19.622
559.85	19.530
560.06	19.747
560.26	19.651
560.47	19.454
560.67	19.868
560.88	19.469
561.08	18.918
561.28	19.388
561.49	19.844
561.69	19.725
561.90	19.221
562.10	19.711
562.31	19.699
562.51	19.285
562.71	19.461
562.92	19.074
563.12	19.539
563.33	19.135
563.53	18.949
563.74	19.322
563.94	19.093
564.14	19.267
564.35	19.186
564.55	18.903
564.76	19.258
564.96	19.300
565.17	19.280
565.37	18.804
565.57	19.294
565.78	19.088
565.98	19.100
566.19	18.832
566.39	19.230
566.59	18.896
566.80	18.827
567.00	18.725
567.21	18.759
567.41	19.353
567.61	19.037
567.82	18.527
568.02	18.637
568.23	18.887
568.43	18.967
568.63	18.489
568.84	18.378
569.04	18.300
569.24	19.051
569.45	18.525
569.65	18.234
569.86	18.161
570.06	18.509
570.26	18.271
570.47	18.041
570.67	18.228
570.87	18.037
571.08	17.988
571.28	17.999
571.49	17.854
571.69	18.209
571.89	17.931
572.10	17.769
572.30	18.264
572.50	18.092
572.71	17.784
572.91	17.710
573.11	17.627
573.32	17.833
573.52	17.736
573.73	17.446
573.93	17.759
574.13	17.506
574.34	17.453
574.54	17.391
574.74	17.264
574.95	17.542
575.15	17.677
575.35	17.328
575.56	17.399
575.76	17.030
575.96	17.004
576.17	17.375
576.37	17.241
576.57	17.216
576.78	16.945
576.98	17.117
577.18	16.760
577.39	16.852
577.59	16.523
577.79	16.963
578.00	16.988
578.20	17.294
578.40	16.769
578.61	16.584
578.81	17.167
579.01	16.567
579.22	16.444
579.42	16.882
579.62	16.548
579.82	16.706
580.03	16.700
580.23	16.295
580.43	16.824
580.64	16.710
580.84	16.670
581.04	16.082
581.25	16.429
581.45	16.039
581.65	16.620
581.86	16.532
582.06	16.495
582.26	16.267
582.46	17.328
582.67	16.324
582.87	15.893
583.07	16.346
583.28	16.201
583.48	15.939
583.68	16.416
583.88	16.081
584.09	16.092
584.29	16.170
584.49	15.910
584.70	16.214
584.90	15.909
585.10	16.231
585.30	16.112
585.51	15.767
585.71	15.844
585.91	15.704
586.11	15.990
586.32	15.811
586.52	16.040
586.72	16.108
586.92	16.030
587.13	15.887
587.33	15.979
587.53	15.633
587.74	15.886
587.94	15.858
588.14	15.893
588.34	16.241
588.55	15.228
588.75	15.982
588.95	15.835
589.15	15.653
589.36	15.812
589.56	15.623
589.76	15.614
589.96	15.863
590.16	15.492
590.37	15.497
590.57	15.589
590.77	15.805
590.97	15.571
591.18	15.503
591.38	15.722
591.58	19.887
591.78	15.498
591.99	15.651
592.19	15.267
592.39	15.014
592.59	15.410
592.79	15.561
593.00	15.556
593.20	15.415
593.40	15.420
593.60	15.296
593.81	15.007
594.01	15.261
594.21	15.364
594.41	15.176
594.61	15.829
594.82	15.412
595.02	15.329
595.22	15.211
595.42	14.939
595.62	15.119
595.83	15.479
596.03	15.653
596.23	15.576
596.43	15.476
596.63	15.244
596.84	15.373
597.04	15.050
597.24	15.297
597.44	15.675
597.64	15.183
597.84	14.915
598.05	15.236
598.25	15.289
598.45	15.291
598.65	15.076
598.85	15.054
599.06	14.976
599.26	15.049
599.46	14.976
599.66	14.941
599.86	15.210
600.06	15.036
600.27	15.254
600.47	14.932
600.67	15.292
600.87	14.961
601.07	15.427
601.27	15.108
601.48	15.383
601.68	15.485
601.88	15.085
602.08	15.434
602.28	15.167
602.48	15.162
602.68	15.108
602.89	14.980
603.09	15.449
603.29	15.124
603.49	15.087
603.69	15.333
603.89	15.205
604.09	15.093
604.30	14.941
604.50	14.937
604.70	14.811
604.90	14.918
605.10	15.189
605.30	14.945
605.50	15.133
605.71	15.147
605.91	15.632
606.11	14.825
606.31	15.061
606.51	15.103
606.71	15.100
606.91	14.930
607.11	14.971
607.32	14.966
607.52	14.871
607.72	15.195
607.92	14.919
608.12	14.853
608.32	14.949
608.52	14.937
608.72	14.848
608.92	15.189
609.12	14.803
609.33	15.098
609.53	14.881
609.73	14.844
609.93	14.826
610.13	14.957
610.33	15.021
610.53	14.554
610.73	15.140
610.93	14.628
611.13	14.784
611.34	15.014
611.54	14.653
611.74	14.691
611.94	14.965
612.14	14.960
612.34	14.971
612.54	14.773
612.74	14.924
612.94	14.732
613.14	14.967
613.34	14.868
613.54	14.930
613.74	14.871
613.95	14.873
614.15	14.834
614.35	14.558
614.55	14.928
614.75	14.689
614.95	14.780
615.15	14.966
615.35	14.685
615.55	14.557
615.75	14.424
615.95	14.887
616.15	14.849
616.35	14.779
616.55	14.659
616.75	14.462
616.95	14.906
617.15	14.545
617.35	14.908
617.56	14.673
617.76	14.800
617.96	14.912
618.16	14.494
618.36	14.622
618.56	14.544
618.76	14.476
618.96	14.534
619.16	14.195
619.36	14.496
619.56	14.816
619.76	14.787
619.96	14.883
620.16	14.497
620.36	14.673
620.56	14.474
620.76	14.729
620.96	14.879
621.16	14.629
621.36	14.630
621.56	14.386
621.76	14.529
621.96	14.581
622.16	14.332
622.36	14.669
622.56	14.750
622.76	14.529
622.96	14.441
623.16	14.410
623.36	14.611
623.56	14.925
623.76	14.485
623.96	14.344
624.16	14.637
624.36	14.534
624.56	14.468
624.76	14.510
624.96	14.604
625.16	14.882
625.36	14.377
625.56	14.633
625.76	14.567
625.96	14.521
626.16	14.526
626.36	14.212
626.56	14.305
626.76	14.442
626.96	14.436
627.16	14.393
627.36	14.579
627.56	14.353
627.76	14.635
627.96	14.174
628.16	14.295
628.36	14.409
628.56	14.358
628.75	14.629
628.95	14.748
629.15	14.766
629.35	14.511
629.55	14.539
629.75	14.663
629.95	14.436
630.15	14.485
630.35	14.299
630.55	14.550
630.75	14.721
630.95	14.384
631.15	14.277
631.35	14.394
631.55	14.716
631.75	14.554
631.95	14.469
632.15	14.390
632.34	14.465
632.54	14.475
632.74	14.372
632.94	14.256
633.14	14.564
633.34	14.509
633.54	14.606
633.74	14.689
633.94	14.412
634.14	14.508
634.34	14.651
634.54	14.314
634.74	14.369
634.93	14.211
635.13	14.366
635.33	14.073
635.53	14.547
635.73	14.416
635.93	14.029
636.13	14.573
636.33	14.805
636.53	14.478
636.73	14.523
636.93	14.440
637.12	14.472
637.32	14.288
637.52	14.598
637.72	14.261
637.92	14.399
638.12	14.504
638.32	14.355
638.52	14.368
638.72	14.460
638.91	14.146
639.11	14.476
639.31	14.646
639.51	14.376
639.71	14.155
639.91	14.059
640.11	14.329
640.31	14.307
640.50	14.305
640.70	14.178
640.90	14.514
641.10	14.048
641.30	14.190
641.50	14.517
641.70	14.251
641.89	14.247
642.09	14.270
642.29	14.221
642.49	14.079
642.69	14.143
642.89	14.184
643.09	13.869
643.28	14.332
643.48	14.288
643.68	13.943
643.88	13.970
644.08	14.106
644.28	13.899
644.48	14.072
644.67	13.928
644.87	13.902
645.07	14.198
645.27	14.243
645.47	14.215
645.67	14.132
645.86	14.049
646.06	13.942
646.26	13.974
646.46	14.034
646.66	14.029
646.85	14.112
647.05	13.901
647.25	13.941
647.45	14.131
647.65	13.938
647.85	14.068
648.04	13.834
648.24	13.833
648.44	14.112
648.64	13.718
648.84	13.718
649.03	14.050
649.23	14.033
649.43	13.701
649.63	13.751
649.83	13.794
650.02	14.121
650.22	13.870
650.42	13.931
650.62	13.879
650.82	14.182
651.01	13.808
651.21	14.158
651.41	14.164
651.61	14.142
651.81	13.890
652.00	13.955
652.20	13.925
652.40	13.852
652.60	13.554
652.79	13.556
652.99	13.957
653.19	13.899
653.39	13.541
653.59	13.954
653.78	13.824
653.98	13.694
654.18	13.439
654.38	13.820
654.57	14.034
654.77	13.776
654.97	13.755
655.17	13.887
655.36	13.780
655.56	14.027
655.76	13.731
655.96	13.589
656.15	13.779
656.35	13.802
656.55	13.598
656.75	13.847
656.94	13.737
657.14	13.841
657.34	13.616
657.54	13.704
657.73	13.813
657.93	13.852
658.13	13.802
658.33	13.639
658.52	13.994
658.72	13.982
658.92	14.114
659.11	13.949
659.31	13.844
659.51	13.805
659.71	13.773
659.90	13.708
660.10	13.760
660.30	13.766
660.50	13.834
660.69	13.843
660.89	13.537
661.09	13.668
661.28	14.021
661.48	13.910
661.68	13.746
661.87	13.629
662.07	13.885
662.27	13.878
662.47	13.707
662.66	13.785
662.86	13.697
663.06	13.838
663.25	13.725
663.45	14.091
663.65	13.809
663.84	13.867
664.04	13.545
664.24	13.446
664.44	13.684
664.63	13.787
664.83	13.909
665.03	13.836
665.22	13.721
665.42	13.664
665.62	13.688
665.81	13.659
666.01	13.702
666.21	13.684
666.40	13.970
666.60	13.719
666.80	14.003
666.99	13.875
667.19	13.545
667.39	13.554
667.58	13.723
667.78	13.886
667.98	13.555
668.17	13.688
668.37	13.712
668.57	13.963
668.76	14.084
668.96	13.715
669.16	13.704
669.35	13.745
669.55	13.654
669.74	13.734
669.94	13.747
670.14	13.325
670.33	13.873
670.53	13.861
670.73	13.713
670.92	13.563
671.12	13.716
671.32	14.055
671.51	13.663
671.71	13.518
671.90	13.802
672.10	13.873
672.30	13.961
672.49	13.954
672.69	13.753
672.89	14.014
673.08	13.844
673.28	14.072
673.47	13.950
673.67	13.964
673.87	13.892
674.06	13.855
674.26	13.664
674.45	14.025
674.65	14.267
674.85	13.838
675.04	13.988
675.24	13.934
675.43	14.103
675.63	14.101
675.83	13.926
676.02	13.730
676.22	13.671
676.41	13.828
676.61	13.801
676.81	13.974
677.00	13.852
677.20	13.624
677.39	13.763
677.59	13.943
677.79	13.705
677.98	13.784
678.18	13.634
678.37	13.823
678.57	14.124
678.76	13.856
678.96	14.109
679.16	13.878
679.35	13.903
679.55	14.019
679.74	13.921
679.94	14.349
680.13	14.006
680.33	14.049
680.53	13.943
680.72	14.403
680.92	13.972
681.11	13.913
681.31	13.977
681.50	14.167
681.70	13.877
681.89	13.936
682.09	14.197
682.28	13.821
682.48	14.161
682.68	14.052
682.87	14.006
683.07	13.913
683.26	14.152
683.46	13.887
683.65	13.952
683.85	14.122
684.04	14.054
684.24	14.174
684.43	14.139
684.63	13.866
684.82	13.808
685.02	14.061
685.21	14.302
685.41	14.319
685.60	14.259
685.80	13.812
686.00	14.136
686.19	14.105
686.39	14.475
686.58	14.578
686.78	14.214
686.97	14.381
687.17	14.210
687.36	14.457
687.56	14.265
687.75	14.283
687.95	14.254
688.14	14.329
688.34	14.088
688.53	14.371
688.73	14.107
688.92	14.338
689.12	14.356
689.31	14.577
689.51	14.648
689.70	14.467
689.89	14.533
690.09	14.203
690.28	14.540
690.48	14.032
690.67	14.329
690.87	14.518
691.06	14.530
691.26	14.473
691.45	14.380
691.65	14.134
691.84	14.573
692.04	14.286
692.23	14.712
692.43	14.420
692.62	14.747
692.82	14.708
693.01	14.714
693.20	14.509
693.40	14.758
693.59	14.580
693.79	14.967
693.98	14.608
694.18	14.779
694.37	14.819
694.57	14.913
694.76	14.800
694.95	14.937
695.15	14.995
695.34	15.022
695.54	15.358
695.73	15.202
695.93	15.206
696.12	15.171
696.32	15.037
696.51	15.748
696.70	15.593
696.90	15.610
697.09	15.522
697.29	15.936
697.48	15.772
697.67	15.855
697.87	15.861
698.06	15.780
698.26	16.203
698.45	16.095
698.65	16.036
698.84	16.158
699.03	16.521
699.23	16.549
699.42	16.456
699.62	16.934
699.81	16.905
700.00	16.920
700.20	17.401
700.39	17.133
700.59	17.360
700.78	17.685
700.97	17.652
701.17	17.766
701.36	18.158
701.56	18.120
701.75	18.161
701.94	18.530
702.14	18.737
702.33	18.886
702.52	19.503
702.72	18.795
702.91	19.566
703.11	19.363
703.30	19.792
703.49	20.028
703.69	20.039
703.88	20.346
704.07	20.422
704.27	20.652
704.46	21.066
704.66	21.421
704.85	21.569
705.04	21.484
705.24	21.662
705.43	22.129
705.62	22.116
705.82	22.367
706.01	22.733
706.20	22.980
706.40	23.174
706.59	23.162
706.78	23.692
706.98	23.979
707.17	23.914
707.36	24.198
707.56	24.583
707.75	24.338
707.94	24.862
708.14	25.027
708.33	25.092
708.52	25.347
708.72	25.808
708.91	25.586
709.10	26.704
709.30	26.426
709.49	27.018
709.68	27.101
709.88	27.622
710.07	27.626
710.26	27.730
710.46	28.071
710.65	28.202
710.84	28.543
711.04	28.667
711.23	29.345
711.42	29.216
711.61	29.548
711.81	29.868
712.00	30.109
712.19	29.949
712.39	30.428
712.58	31.030
712.77	31.487
712.97	31.392
713.16	31.503
713.35	31.697
713.54	32.124
713.74	32.623
713.93	32.564
714.12	33.190
714.32	32.781
714.51	33.787
714.70	33.850
714.89	34.169
715.09	34.463
715.28	34.429
715.47	34.377
715.66	35.450
715.86	35.634
716.05	35.931
716.24	36.058
716.44	36.376
716.63	36.369
716.82	36.756
717.01	37.420
717.21	37.429
717.40	37.734
717.59	37.562
717.78	38.409
717.98	38.099
718.17	38.828
718.36	39.420
718.55	39.218
718.75	39.282
718.94	40.367
719.13	40.307
719.32	40.110
719.52	40.938
719.71	41.110
719.90	41.178
720.09	41.992
720.28	42.427
720.48	42.549
720.67	42.746
720.86	42.812
721.05	43.488
721.25	43.584
721.44	43.773
721.63	44.230
721.82	44.828
722.01	44.603
722.21	44.300
722.40	44.893
722.59	45.816
722.78	45.577
722.98	45.959
723.17	46.295
723.36	46.685
723.55	46.917
723.74	47.292
723.94	47.292
724.13	48.050
724.32	48.630
724.51	48.749
724.70	48.847
724.89	49.958
725.09	49.615
725.28	49.685
725.47	50.496
725.66	50.241
725.85	50.623
726.05	51.533
726.24	51.225
726.43	51.989
726.62	51.983
726.81	52.270
727.00	53.114
727.20	53.047
727.39	53.834
727.58	53.795
727.77	54.332
727.96	53.587
728.15	54.759
728.35	54.246
728.54	54.931
728.73	55.512
728.92	56.083
729.11	56.423
729.30	55.881
729.50	56.875
729.69	57.240
729.88	57.196
730.07	57.469
730.26	57.692
730.45	57.976
730.64	58.659
730.84	59.181
731.03	59.080
731.22	59.523
731.41	60.041
731.60	60.761
731.79	59.757
731.98	60.010
732.18	60.922
732.37	60.691
732.56	61.276
732.75	61.665
732.94	61.651
733.13	61.739
733.32	62.312
733.51	62.723
733.71	62.555
733.90	62.646
734.09	63.458
734.28	63.734
734.47	64.012
734.66	64.511
734.85	65.389
735.04	64.861
735.23	65.080
735.42	65.692
735.62	65.475
735.81	65.010
736.00	66.356
736.19	65.950
736.38	66.143
736.57	66.827
736.76	66.540
736.95	66.798
737.14	67.027
737.33	67.679
737.52	67.801
737.72	68.403
737.91	68.636
738.10	68.224
738.29	68.442
738.48	69.066
738.67	69.009
738.86	70.310
739.05	69.311
739.24	68.945
739.43	69.860
739.62	70.443
739.81	70.156
740.00	70.500
740.19	70.461
740.39	71.318
740.58	71.424
740.77	71.169
740.96	71.225
741.15	71.606
741.34	72.362
741.53	72.336
741.72	72.506
741.91	72.181
742.10	72.509
742.29	73.413
742.48	72.706
742.67	73.601
742.86	73.825
743.05	73.250
743.24	73.766
743.43	74.168
743.62	73.853
743.81	74.589
744.00	75.272
744.19	74.779
744.38	74.595
744.57	75.467
744.76	75.187
744.95	75.269
745.14	75.867
745.33	75.514
745.52	75.039
745.71	76.010
745.90	75.720
746.09	76.423
746.28	76.000
746.47	76.829
746.66	76.590
746.85	77.079
747.04	76.639
747.23	77.354
747.42	76.792
747.61	77.439
747.80	77.312
747.99	77.326
748.18	77.223
748.37	77.561
748.56	77.885
748.75	77.686
748.94	78.613
749.13	77.758
749.32	77.932
749.51	78.061
749.70	78.878
749.89	78.516
750.08	78.288
750.27	78.398
750.46	78.957
750.65	78.915
750.84	78.608
751.03	79.592
751.22	78.977
751.41	79.493
751.60	79.199
751.79	79.702
751.98	79.912
752.17	80.211
752.36	80.353
752.55	79.908
752.74	80.341
752.93	79.853
753.12	80.224
753.30	79.987
753.49	79.587
753.68	80.741
753.87	80.332
754.06	80.808
754.25	80.549
754.44	80.353
754.63	80.505
754.82	81.145
755.01	80.387
755.20	80.982
755.39	80.147
755.58	81.134
755.77	80.702
755.96	81.394
756.14	81.203
756.33	81.646
756.52	80.781
756.71	80.685
756.90	81.034
757.09	81.764
757.28	81.662
757.47	81.079
757.66	81.466
757.85	82.186
758.04	82.126
758.22	81.607
758.41	81.847
758.60	82.225
758.79	81.001
758.98	81.411
759.17	81.673
759.36	81.834
759.55	82.857
759.74	82.340
759.92	82.297
760.11	82.206
760.30	82.029
760.49	82.531
760.68	82.820
760.87	81.859
761.06	82.808
761.25	81.848
761.43	82.642
761.62	82.448
761.81	81.999
762.00	82.299
762.19	82.400
762.38	82.582
762.57	82.953
762.76	83.860
762.94	82.538
763.13	82.611
763.32	83.203
763.51	83.281
763.70	83.598
763.89	82.745
764.07	82.726
764.26	82.849
764.45	82.826
764.64	83.428
764.83	82.668
765.02	82.876
765.21	82.945
765.39	82.768
765.58	82.986
765.77	82.107
765.96	82.608
766.15	82.878
766.34	83.379
766.52	83.223
766.71	83.861
766.90	82.542
767.09	84.097
767.28	82.915
767.46	82.519
767.65	83.149
767.84	82.636
768.03	82.898
768.22	83.458
768.40	82.794
768.59	83.090
768.78	83.580
768.97	83.528
769.16	83.770
769.34	82.970
769.53	84.120
769.72	83.529
769.91	83.572
770.10	83.570
770.28	84.007
770.47	83.408
770.66	83.804
770.85	83.323
771.04	83.242
771.22	83.773
771.41	84.442
771.60	83.470
771.79	84.576
771.98	83.817
772.16	84.097
772.35	83.638
772.54	83.249
772.73	83.744
772.91	83.839
773.10	83.260
773.29	83.154
773.48	83.192
773.66	83.329
773.85	83.818
774.04	83.798
774.23	82.652
774.41	84.039
774.60	84.068
774.79	83.640
774.98	83.551
775.16	83.780
775.35	82.911
775.54	84.235
775.73	83.506
775.91	83.867
776.10	83.537
776.29	83.606
776.48	83.818
776.66	83.223
776.85	83.128
777.04	82.934
777.23	83.728
777.41	84.045
777.60	83.858
777.79	83.093
777.97	83.800
778.16	83.866
778.35	83.277
778.54	83.640
778.72	83.684
778.91	82.970
779.10	83.679
779.28	83.774
779.47	83.117
779.66	83.875
779.85	84.077
780.03	83.737
780.22	83.717
780.41	83.506
780.59	83.738
780.78	82.370
780.97	83.563
781.15	83.633
781.34	84.090
781.53	83.254
781.71	84.186
781.90	84.419
782.09	83.830
782.27	83.023
782.46	83.294
782.65	83.451
782.84	83.790
783.02	83.998
783.21	84.503
783.40	83.793
783.58	83.390
783.77	84.202
783.96	83.746
784.14	84.293
784.33	84.867
784.52	84.123
784.70	84.300
784.89	84.087
785.07	84.109
785.26	83.913
785.45	84.178
785.63	83.771
785.82	84.006
786.01	84.069
786.19	83.591
786.38	83.832
786.57	84.295
786.75	84.127
786.94	83.829
787.13	83.953
787.31	84.310
787.50	84.665
787.68	84.916
787.87	83.726
788.06	84.229
788.24	84.008
788.43	83.902
788.62	83.747
788.80	84.028
788.99	84.527
789.17	84.095
789.36	84.418
789.55	83.382
789.73	84.532
789.92	84.062
790.10	84.536
790.29	84.294
790.48	84.224
790.66	83.855
790.85	83.961
791.03	83.962
791.22	84.248
791.41	83.987
791.59	84.915
791.78	84.717
791.96	83.431
792.15	83.762
792.34	84.388
792.52	84.625
792.71	84.695
792.89	84.552
793.08	84.340
793.27	84.008
793.45	84.596
793.64	83.996
793.82	83.981
794.01	84.254
794.19	83.825
794.38	83.705
794.57	83.252
794.75	84.809
794.94	83.933
795.12	83.894
795.31	84.081
795.49	84.495
795.68	84.546
795.86	84.114
796.05	84.727
796.24	85.005
796.42	84.764
796.61	84.189
796.79	83.953
796.98	84.690
797.16	84.672
797.35	84.213
797.53	84.540
797.72	84.718
797.90	84.340
798.09	84.136
798.27	83.992
798.46	84.023
798.65	84.275
798.83	84.645
799.02	84.717
799.20	84.263
799.39	83.659
799.57	84.202
799.76	84.289
799.94	84.633
800.13	84.408
800.31	83.878
800.50	83.379
800.68	84.131
800.87	84.463
801.05	84.163
801.24	84.729
801.42	83.369
801.61	83.750
801.79	84.961
801.98	84.279
802.16	84.348
802.35	84.626
802.53	84.402
802.72	84.177
802.90	84.932
803.09	84.489
803.27	84.716
803.46	84.459
803.64	84.790
803.83	83.837
804.01	83.701
804.20	84.644
804.38	83.496
804.56	84.515
804.75	83.966
804.93	84.850
805.12	84.720
805.30	83.659
805.49	84.344
805.67	83.985
805.86	83.711
806.04	85.263
806.23	84.445
806.41	84.361
806.59	83.610
806.78	84.275
806.96	85.576
807.15	84.006
807.33	84.290
807.52	84.383
807.70	84.870
807.89	83.517
808.07	84.121
808.25	84.250
808.44	84.247
808.62	84.180
808.81	84.493
808.99	83.935
809.18	84.535
809.36	84.501
809.54	85.011
809.73	84.507
809.91	85.195
810.10	83.937
810.28	85.022
810.47	84.580
810.65	83.690
810.83	84.227
811.02	83.682
811.20	84.197
811.39	83.603
811.57	85.107
811.75	85.412
811.94	85.213
812.12	84.899
812.31	84.823
812.49	84.500
812.67	84.963
812.86	85.309
813.04	84.657
813.23	84.178
813.41	84.817
813.59	84.957
813.78	83.967
813.96	84.362
814.14	84.548
814.33	83.578
814.51	84.419
814.70	83.769
814.88	83.703
815.06	83.847
815.25	84.688
815.43	84.565
815.61	84.369
815.80	83.661
815.98	84.850
816.16	84.250
816.35	85.024
816.53	84.060
816.72	84.800
816.90	84.112
817.08	84.471
817.27	84.831
817.45	83.543
817.63	84.417
817.82	84.496
818.00	84.254
818.18	85.018
818.37	84.976
818.55	84.593
818.73	84.675
818.92	84.953
819.10	84.525
819.28	83.944
819.47	84.289
819.65	84.951
819.83	84.346
820.02	84.980
820.20	84.812
820.38	84.204
820.57	84.375
820.75	85.189
820.93	85.155
821.11	83.763
821.30	84.422
821.48	84.123
821.66	84.847
821.85	84.411
822.03	84.062
822.21	84.618
822.40	84.926
822.58	84.384
822.76	84.774
822.94	85.055
823.13	84.383
823.31	84.915
823.49	84.494
823.68	85.297
823.86	84.604
824.04	83.773
824.22	85.175
824.41	84.614
824.59	83.949
824.77	84.824
824.96	84.783
825.14	84.686
825.32	84.046
825.50	84.520
825.69	85.154
825.87	84.041
826.05	84.434
826.23	83.982
826.42	83.924
826.60	84.309
826.78	84.571
826.96	84.005
827.15	84.654
827.33	84.802
827.51	84.887
827.69	84.869
827.88	85.135
828.06	85.104
828.24	85.523
828.42	84.651
828.61	83.927
828.79	84.707
828.97	84.437
829.15	84.402
829.34	84.125
829.52	84.732
829.70	85.097
829.88	84.921
830.06	85.134
830.25	85.249
830.43	84.176
830.61	84.549
830.79	84.353
830.97	85.157
831.16	83.816
831.34	84.448
831.52	85.062
831.70	85.194
831.89	85.555
832.07	84.419
832.25	83.944
832.43	85.716
832.61	85.214
832.80	84.509
832.98	84.620
833.16	85.163
833.34	84.413
833.52	83.805
833.70	84.598
833.89	83.915
834.07	83.145
834.25	85.164
834.43	85.264
834.61	84.196
834.80	84.437
834.98	85.176
835.16	85.109
835.34	85.266
835.52	85.364
835.70	84.357
835.89	84.909
836.07	85.136
836.25	84.890
836.43	84.446
836.61	84.506
836.79	84.922
836.97	84.345
837.16	84.018
837.34	83.984
837.52	85.692
837.70	83.842
837.88	85.167
838.06	85.170
838.24	85.111
838.43	84.832
838.61	85.057
838.79	84.303
838.97	83.957
839.15	84.547
839.33	84.959
839.51	85.405
839.70	83.641
839.88	84.715
840.06	84.863
840.24	84.696
840.42	85.308
840.60	84.176
840.78	84.750
840.96	85.591
841.14	85.223
841.33	84.887
841.51	85.315
841.69	85.802
841.87	85.423
842.05	84.613
842.23	84.966
842.41	84.468
842.59	84.402
842.77	84.170
842.95	84.662
843.14	84.884
843.32	85.547
843.50	85.191
843.68	85.071
843.86	85.282
844.04	85.166
844.22	84.135
844.40	84.850
844.58	85.259
844.76	84.041
844.94	84.710
845.12	84.488
845.30	83.954
845.49	84.529
845.67	84.131
845.85	84.809
846.03	85.014
846.21	84.867
846.39	85.057
846.57	85.007
846.75	83.450
846.93	84.751
847.11	85.542
847.29	84.688
847.47	84.978
847.65	85.239
847.83	85.095
848.01	84.453
848.19	84.611
848.37	84.607
848.55	85.060
848.73	85.606
848.91	84.985
849.09	84.885
849.27	84.855
849.46	84.701
849.64	84.527
849.82	84.932
850.00	84.748
850.18	84.643
850.36	84.756
850.54	85.264
850.72	85.539
850.90	85.173
851.08	85.650
851.26	85.518
851.44	85.393
851.62	85.052
851.80	84.359
851.98	84.747
852.16	86.166
852.34	84.337
852.52	85.241
852.70	85.186
852.88	84.795
853.06	85.101
853.24	83.978
853.42	84.209
853.60	84.617
853.78	84.731
853.96	85.256
854.14	84.529
854.31	85.277
854.49	84.269
854.67	85.216
854.85	85.553
855.03	83.937
855.21	84.625
855.39	84.278
855.57	85.145
855.75	84.262
855.93	84.607
856.11	85.063
856.29	85.231
856.47	85.147
856.65	84.326
856.83	85.493
857.01	84.415
857.19	84.098
857.37	84.549
857.55	85.475
857.73	84.883
857.91	85.899
858.09	84.404
858.26	86.091
858.44	85.605
858.62	83.947
858.80	84.554
858.98	85.009
859.16	84.760
859.34	84.541
859.52	85.418
859.70	83.813
859.88	85.556
860.06	86.082
860.24	84.694
860.42	85.068
860.59	85.776
860.77	85.576
860.95	85.152
861.13	84.013
861.31	84.688
861.49	85.103
861.67	85.487
861.85	86.491
862.03	84.847
862.21	84.751
862.38	85.303
862.56	85.859
862.74	86.742
862.92	85.284
863.10	85.621
863.28	84.166
863.46	85.060
863.64	84.510
863.82	85.350
863.99	84.829
864.17	84.565
864.35	85.305
864.53	84.188
864.71	85.790
864.89	85.145
865.07	84.747
865.24	84.550
865.42	85.273
865.60	85.140
865.78	85.053
865.96	85.437
866.14	85.263
866.32	84.729
866.49	85.561
866.67	85.107
866.85	85.307
867.03	84.761
867.21	83.825
867.39	86.280
867.56	84.814
867.74	85.332
867.92	86.388
868.10	84.315
868.28	84.955
868.46	85.165
868.63	85.598
868.81	84.198
868.99	85.853
869.17	84.541
869.35	84.608
869.53	85.324
869.70	85.374
869.88	85.884
870.06	85.812
870.24	85.204
870.42	84.936
870.59	83.988
870.77	85.181
870.95	84.104
871.13	85.283
871.31	85.221
871.48	84.036
871.66	85.503
871.84	85.313
872.02	84.409
872.20	84.003
872.37	85.767
872.55	84.061
872.73	84.665
872.91	86.032
873.08	86.312
873.26	85.250
873.44	84.810
873.62	85.378
873.80	84.621
873.97	85.025
874.15	85.158
874.33	85.198
874.51	83.889
874.68	85.208
874.86	84.784
875.04	85.754
875.22	84.964
875.39	86.316
875.57	85.347
875.75	86.430
875.93	85.717
876.10	84.677
876.28	85.665
876.46	84.937
876.64	87.143
876.81	84.899
876.99	85.168
877.17	84.439
877.35	85.889
877.52	83.837
877.70	84.064
877.88	87.101
878.06	84.911
878.23	85.340
878.41	84.276
878.59	85.228
878.76	85.228
878.94	86.492
879.12	84.759
879.30	83.677
879.47	85.738
879.65	84.780
879.83	84.573
880.00	85.533
880.18	85.382
880.36	84.907
880.53	85.611
880.71	84.701
880.89	84.911
881.07	84.291
881.24	85.892
881.42	85.812
881.60	84.605
881.77	85.623
881.95	87.486
882.13	84.891
882.30	85.412
882.48	85.507
882.66	85.015
882.83	85.254
883.01	84.267
883.19	85.108
883.36	84.862
883.54	85.541
883.72	83.744
883.89	84.692
884.07	85.115
884.25	84.466
884.42	85.098
884.60	85.134
884.78	84.894
884.95	84.863
885.13	85.556
885.31	84.212
885.48	85.519
885.66	84.428
885.84	84.508
886.01	86.468
886.19	84.520
886.36	85.551
886.54	84.970
886.72	86.043
886.89	84.139
887.07	84.246
887.25	85.982
887.42	85.228
887.60	85.271
887.78	84.050
887.95	84.033
888.13	85.308
888.30	85.143
888.48	84.035
888.66	86.731
888.83	84.905
889.01	84.963
889.18	86.062
889.36	85.956
889.54	86.040
889.71	84.403
889.89	85.211
890.06	85.779
890.24	84.701
890.42	86.243
890.59	85.344
890.77	84.953
890.94	84.856
891.12	85.729
891.30	85.239
891.47	85.967
891.65	86.436
891.82	85.224
892.00	84.687
892.17	84.495
892.35	85.804
892.53	86.087
892.70	86.266
892.88	85.564
893.05	84.926
893.23	84.906
893.40	85.835
893.58	85.532
893.75	84.807
893.93	85.560
894.11	84.837
894.28	86.566
894.46	86.299
894.63	86.014
894.81	85.353
894.98	85.852
895.16	86.402
895.33	84.938
895.51	84.764
895.68	85.567
895.86	85.671
896.04	86.120
896.21	85.954
896.39	85.160
896.56	85.488
896.74	85.332
896.91	86.498
897.09	85.176
897.26	86.444
897.44	84.341
897.61	84.647
897.79	85.882
897.96	86.305
898.14	84.523
898.31	85.281
898.49	84.739
898.66	86.286
898.84	85.708
899.01	85.549
899.19	86.267
899.36	86.200
899.54	86.287
899.71	85.894
899.89	85.152
900.06	86.748
900.24	85.860
900.41	84.825
900.59	86.048
900.76	85.995
900.94	84.907
901.11	85.612
901.29	86.055
901.46	85.544
901.63	85.402
901.81	85.072
901.98	85.339
902.16	87.355
902.33	86.239
902.51	85.177
902.68	84.759
902.86	86.014
903.03	87.221
903.21	85.873
903.38	86.196
903.56	86.670
903.73	84.654
903.90	86.765
904.08	85.781
904.25	85.623
904.43	86.393
904.60	86.073
904.78	85.796
904.95	87.581
905.12	84.898
905.30	84.861
905.47	85.164
905.65	85.799
905.82	85.107
906.00	85.336
906.17	85.774
906.34	87.358
906.52	86.514
906.69	85.125
906.87	86.077
907.04	85.619
907.21	85.416
907.39	87.219
907.56	84.536
907.74	86.078
907.91	85.856
908.08	85.764
908.26	86.597
908.43	85.354
908.61	86.517
908.78	85.251
908.95	86.072
909.13	86.386
909.30	85.574
909.48	85.894
909.65	87.253
909.82	85.675
910.00	86.766
910.17	85.949
910.34	86.599
910.52	86.727
910.69	85.717
910.87	87.259
911.04	85.183
911.21	84.918
911.39	85.821
911.56	85.580
911.73	86.573
911.91	85.666
912.08	86.382
912.25	86.118
912.43	85.081
912.60	85.944
912.77	85.871
912.95	85.193
913.12	85.744
913.29	85.885
913.47	86.495
913.64	86.175
913.81	86.521
913.99	86.795
914.16	86.564
914.33	86.701
914.51	86.988
914.68	86.679
914.85	85.496
915.03	87.170
915.20	84.716
915.37	85.334
915.55	86.309
915.72	85.725
915.89	85.110
916.07	86.828
916.24	85.465
916.41	85.352
916.59	85.579
916.76	85.520
916.93	85.351
917.10	85.251
917.28	85.860
917.45	84.998
917.62	86.325
917.80	86.285
917.97	87.235
918.14	85.635
918.31	85.876
918.49	83.180
918.66	85.933
918.83	85.653
919.01	85.252
919.18	84.588
919.35	86.452
919.52	86.662
919.70	86.556
919.87	85.474
920.04	86.496
920.21	86.886
920.39	85.331
920.56	85.585
920.73	86.041
920.90	86.485
921.08	85.847
921.25	87.025
921.42	86.558
921.59	84.387
921.77	84.452
921.94	86.111
922.11	84.623
922.28	84.301
922.46	85.668
922.63	88.220
922.80	87.335
922.97	87.111
923.15	86.941
923.32	86.905
923.49	85.327
923.66	86.701
923.83	85.566
924.01	86.012
924.18	85.343
924.35	87.111
924.52	85.151
924.69	88.233
924.87	84.977
925.04	84.859
925.21	85.534
925.38	87.334
925.55	84.550
925.73	85.853
925.90	84.152
926.07	86.211
926.24	86.316
926.41	85.889
926.59	87.127
926.76	84.840
926.93	86.214
927.10	85.750
927.27	87.003
927.45	86.951
927.62	83.758
927.79	87.971
927.96	83.718
928.13	85.963
928.30	85.182
928.48	85.834
928.65	87.081
928.82	85.846
928.99	86.496
929.16	88.939
929.33	86.109
929.50	86.652
929.68	86.161
929.85	86.399
930.02	84.872
930.19	86.685
930.36	86.924
930.53	86.183
930.70	85.035
930.88	86.402
931.05	85.629
931.22	87.900
931.39	85.901
931.56	85.496
931.73	87.666
931.90	86.713
932.08	83.382
932.25	85.641
932.42	86.596
932.59	86.734
932.76	85.193
932.93	86.258
933.10	86.755
933.27	85.364
933.44	85.513
933.62	85.054
933.79	86.508
933.96	88.168
934.13	87.658
934.30	85.900
934.47	85.094
934.64	85.716
934.81	84.196
934.98	86.914
935.15	84.566
935.32	85.016
935.50	88.335
935.67	84.136
935.84	84.980
936.01	85.408
936.18	86.664
936.35	88.967
936.52	84.980
936.69	87.623
936.86	83.699
937.03	84.869
937.20	82.893
937.37	84.183
937.54	86.989
937.71	85.733
937.89	85.679
938.06	88.512
938.23	82.754
938.40	85.020
938.57	87.429
938.74	87.616
938.91	88.422
939.08	89.884
939.25	84.279
939.42	87.604
939.59	79.543
939.76	84.686
939.93	82.344
940.10	82.633
940.27	81.474
940.44	86.602
940.61	82.205
940.78	82.297
940.95	86.024
941.12	84.028
941.29	86.863
941.46	84.960
941.63	82.949
941.80	84.629
941.97	86.144
942.14	89.590
942.31	84.303
942.48	91.710
942.65	83.240
942.82	85.277
942.99	87.680
943.16	84.696
943.33	87.335
943.50	83.965
943.67	92.415
943.84	80.759
944.01	83.671
944.18	83.541
944.35	81.543
944.52	86.104
944.69	82.840
944.86	84.178
945.03	82.184
945.20	84.551
945.37	86.425
945.54	88.098
945.71	90.359
945.88	86.189
946.05	86.282
946.22	87.930
946.39	88.041
946.56	86.834
946.73	82.858
946.90	88.158
947.07	81.511
947.23	83.959
947.40	85.377
947.57	86.667
947.74	89.380
947.91	89.737
948.08	83.260
948.25	84.690
948.42	86.767
948.59	85.941
948.76	79.259
948.93	84.509
949.10	84.957
949.27	86.945
949.44	82.074
949.60	88.229
949.77	87.385
949.94	84.651
950.11	87.720
950.28	89.227
950.45	85.561
950.62	83.887
950.79	86.081
950.96	85.380
951.13	84.522
951.30	83.942
951.46	84.985
951.63	89.319
951.80	85.008
951.97	89.645
952.14	86.578
952.31	82.515
952.48	86.110
952.65	83.070
952.81	83.500
952.98	86.992
953.15	85.268
953.32	86.165
953.49	83.910
953.66	84.877
953.83	84.818
954.00	84.289
954.16	81.414
954.33	82.109
954.50	87.701
954.67	83.315
954.84	88.038
955.01	85.761
955.18	82.892
955.34	84.456
955.51	83.911
955.68	83.015
955.85	84.249
956.02	84.510
956.19	84.330
956.35	84.606
956.52	84.992
956.69	86.429
956.86	84.074
957.03	86.445
957.20	84.737
957.36	88.652
957.53	82.652
957.70	86.069
957.87	83.375
958.04	83.358
958.21	85.277
958.37	84.376
958.54	83.491
958.71	86.350
958.88	86.307
959.05	83.755
959.21	90.427
959.38	83.810
959.55	81.930
959.72	87.556
959.89	84.855
960.05	83.848
960.22	85.683
960.39	84.505
960.56	82.861
960.72	82.918
960.89	84.361
961.06	85.539
961.23	86.270
961.40	83.940
961.56	86.936
961.73	85.171
961.90	84.122
962.07	83.038
962.23	85.334
962.40	85.434
962.57	84.798
962.74	86.069
962.90	87.558
963.07	87.082
963.24	83.868
963.41	84.605
963.57	84.325
963.74	82.054
963.91	84.522
964.08	85.251
964.24	85.603
964.41	84.489
964.58	84.734
964.75	82.961
964.91	82.605
965.08	84.409
965.25	83.727
965.42	86.605
965.58	83.672
965.75	85.842
965.92	85.564
966.08	86.384
966.25	83.361
966.42	86.579
966.59	86.001
966.75	84.054
966.92	86.667
967.09	84.116
967.25	81.877
967.42	86.597
967.59	86.787
967.75	88.140
967.92	83.566
968.09	87.503
968.26	85.637
968.42	86.671
968.59	84.222
968.76	84.781
968.92	85.457
969.09	88.186
969.26	82.601
969.42	85.218
969.59	82.175
969.76	84.293
969.92	85.323
970.09	83.869
970.26	86.161
970.42	86.551
970.59	83.131
970.76	83.639
970.92	85.982
971.09	86.380
971.26	85.176
971.42	81.631
971.59	83.726
971.76	83.306
971.92	85.411
972.09	83.377
972.25	83.922
972.42	85.627
972.59	86.578
972.75	85.769
972.92	86.152
973.09	86.957
973.25	85.411
973.42	84.625
973.58	85.811
973.75	84.769
973.92	84.571
974.08	85.110
974.25	85.788
974.42	83.357
974.58	84.233
974.75	85.965
974.91	87.805
975.08	84.805
975.25	85.148
975.41	88.426
975.58	87.513
975.74	85.931
975.91	82.790
976.08	84.073
976.24	83.350
976.41	87.076
976.57	85.422
976.74	87.714
976.91	83.295
977.07	83.364
977.24	82.651
977.40	80.726
977.57	85.219
977.73	84.895
977.90	81.493
978.07	84.624
978.23	83.145
978.40	82.172
978.56	83.676
978.73	84.178
978.89	83.192
979.06	88.353
979.22	84.972
979.39	85.412
979.56	84.571
979.72	82.259
979.89	88.561
980.05	84.413
980.22	81.965
980.38	85.593
980.55	83.815
980.71	89.011
980.88	85.787
981.04	83.886
981.21	81.710
981.37	83.194
981.54	87.437
981.70	84.463
981.87	86.472
982.04	85.153
982.20	87.016
982.37	83.198
982.53	82.793
982.70	84.589
982.86	84.497
983.03	87.982
983.19	85.143
983.36	81.977
983.52	87.290
983.69	84.622
983.85	84.190
984.02	85.492
984.18	84.730
984.35	85.858
984.51	86.066
984.68	85.546
984.84	82.056
985.00	79.475
985.17	85.335
985.33	88.413
985.50	87.198
985.66	84.879
985.83	85.321
985.99	84.655
986.16	86.844
986.32	88.037
986.49	85.339
986.65	85.857
986.82	87.333
986.98	84.271
987.15	81.777
987.31	83.960
987.47	85.374
987.64	85.934
987.80	88.042
987.97	86.216
988.13	83.666
988.30	85.125
988.46	82.188
988.63	80.786
988.79	85.678
988.95	83.138
989.12	84.288
989.28	89.185
989.45	85.138
989.61	85.544
989.77	88.037
989.94	83.515
990.10	82.485
990.27	87.895
990.43	85.724
990.60	85.586
990.76	80.755
990.92	85.951
991.09	83.707
991.25	84.229
991.42	81.431
991.58	86.339
991.74	81.351
991.91	81.566
992.07	88.772
992.24	87.230
992.40	86.632
992.56	88.889
992.73	89.536
992.89	84.049
993.05	80.381
993.22	86.095
993.38	84.004
993.55	85.802
993.71	86.054
993.87	86.427
994.04	87.089
994.20	87.946
994.36	81.717
994.53	87.490
994.69	86.168
994.85	88.586
995.02	85.388
995.18	85.313
995.34	83.836
995.51	84.111
995.67	87.185
995.84	87.334
996.00	84.406
996.16	84.076
996.33	88.469
996.49	87.081
996.65	80.511
996.82	83.849
996.98	89.984
997.14	85.862
997.31	86.916
997.47	84.982
997.63	81.868
997.79	86.079
997.96	80.677
998.12	87.594
998.28	84.579
998.45	85.708
998.61	83.639
998.77	87.861
998.94	85.755
999.10	89.637
999.26	85.473
999.43	85.638
999.59	85.179
999.75	87.263
999.91	86.409
1000.08	83.865
1000.24	87.658
1000.40	86.447
1000.57	80.745
1000.73	87.949
1000.89	90.054
1001.05	88.661
1001.22	87.557
1001.38	86.634
1001.54	86.959
1001.70	90.117
1001.87	87.993
1002.03	89.637
1002.19	86.014
1002.35	86.003
1002.52	81.072
1002.68	85.702
1002.84	82.607
1003.00	83.927
1003.17	85.564
1003.33	87.031
1003.49	85.999
1003.65	84.698
1003.82	77.638
1003.98	86.923
1004.14	85.253
1004.30	77.112
1004.47	87.842
1004.63	84.186
1004.79	84.766
1004.95	85.787
1005.11	88.372
1005.28	85.356
1005.44	85.296
1005.60	84.938
1005.76	86.010
1005.93	81.292
1006.09	88.723
1006.25	89.845
1006.41	88.118
1006.57	85.194
1006.74	88.864
1006.90	84.677
1007.06	83.781
1007.22	96.261
1007.38	88.470
1007.55	87.308
1007.71	82.826
1007.87	86.751
1008.03	84.581
1008.19	81.099
1008.35	83.600
1008.52	93.257
1008.68	81.321
1008.84	84.247
1009.00	88.146
1009.16	83.521
1009.32	82.236
1009.49	83.157
1009.65	93.664
1009.81	82.722
1009.97	90.301
1010.13	87.938
1010.29	81.845
1010.46	84.703
1010.62	86.005
1010.78	81.835
1010.94	94.723
1011.10	89.761
1011.26	79.548
1011.42	84.836
1011.59	81.917
1011.75	86.317
1011.91	88.960
1012.07	86.580
1012.23	84.287
1012.39	90.884
1012.55	88.043
1012.71	80.822
1012.88	87.188
1013.04	80.509
1013.20	91.774
1013.36	94.418
1013.52	87.823
1013.68	87.577
1013.84	91.774
1014.00	84.860
1014.16	84.543
1014.33	78.650
1014.49	86.422
1014.65	80.863
1014.81	88.240
1014.97	84.134
1015.13	88.231
1015.29	81.358
1015.45	85.268
1015.61	83.765
1015.77	86.284
1015.93	80.468
1016.09	83.221
1016.26	85.907
1016.42	86.633
1016.58	84.923
1016.74	86.057
1016.90	80.157
1017.06	102.206
1017.22	80.590
1017.38	88.405
1017.54	89.118
1017.70	82.890
1017.86	79.969
1018.02	83.022
1018.18	96.490
1018.34	80.556
1018.50	95.199
1018.66	87.281
1018.82	81.758
1018.98	88.274
1019.14	97.830
1019.31	79.920
1019.47	90.976
1019.63	89.452
1019.79	86.230
1019.95	86.425
1020.11	86.201
1020.27	91.465
1020.43	82.535
1020.59	78.859
1020.75	78.415
1020.91	85.418
1021.07	97.595
1021.23	79.478
1021.39	86.809
1021.55	96.101
1021.71	84.224
1021.87	85.259
1022.03	84.091
1022.19	73.388
1022.35	80.892
1022.51	58.762
1022.67	91.548
1022.83	82.762
1022.99	91.659
1023.15	90.714
1023.31	100.631
1023.47	78.212
1023.63	79.072
1023.79	84.955
1023.95	87.068
1024.10	81.694
1024.26	78.848
1024.42	97.143
1024.58	76.793
1024.74	87.135
1024.90	89.909
1025.06	93.545
1025.22	90.481
1025.38	82.014
1025.54	88.852
1025.70	94.129
1025.86	83.614
1026.02	88.171
1026.18	78.274
1026.34	76.308
1026.50	78.607
1026.66	82.998
1026.82	78.275
1026.98	86.117
1027.13	88.784
1027.29	83.524
1027.45	90.734
1027.61	85.494
1027.77	83.767
1027.93	80.663
1028.09	104.839
1028.25	90.741
1028.41	100.947
1028.57	95.203
1028.73	74.972
1028.88	83.708
1029.04	88.315
1029.20	99.708
1029.36	98.255
1029.52	91.258
1029.68	92.405
1029.84	71.970
1030.00	83.285
1030.16	82.444
1030.32	75.867
1030.47	83.044
1030.63	80.260
1030.79	82.970
1030.95	83.469
1031.11	90.539
1031.27	91.801
1031.43	85.811
1031.59	82.682
1031.74	90.411
1031.90	83.436
1032.06	89.698
1032.22	84.874
1032.38	74.543
1032.54	88.442
1032.69	94.331
1032.85	80.917
1033.01	84.019
1033.17	71.684
1033.33	88.722
1033.49	89.831
1033.65	78.887
1033.80	100.000
1033.96	77.685
1034.12	96.696
1034.28	93.955
1034.44	84.229
1034.60	91.172
1034.75	78.022
1034.91	97.838
1035.07	86.087
1035.23	96.360
1035.39	82.781
1035.54	103.640
1035.70	65.701
1035.86	97.297
1036.02	93.323
1036.18	86.690
1036.33	80.732
1036.49	75.929
1036.65	97.683
1036.81	79.107
1036.97	83.582
1037.12	75.271
1037.28	93.790
1037.44	91.693
1037.60	85.333
1037.76	100.353
1037.91	97.154
1038.07	88.041
1038.23	88.571
1038.39	97.403
1038.54	107.810
1038.70	69.980
1038.86	82.774
1039.02	106.444
1039.17	95.417
1039.33	75.256
1039.49	85.066
1039.65	114.360
1039.80	89.518
1039.96	69.853
1040.12	85.062
1040.28	83.681
>>>>> Data<<<<< Espectral Procesado Extremo
