Fichero De Datos De SpectraSuite
++++++++++++++++++++++++++++++++++++
Fecha: Mon Jul 06 10:46:51 CST 2026
Usuario: HP
Presente Oscuro Del Espectro: Sí
La Referencia de Presente Del Espectro De: Sí
Muestreados de los componentes de Número de espectros: 1
Espectrómetros: USB4H06056
Tiempo de integración (usec): 300000 (USB4H06056)
Promedio de Espectros Hechos un: 5 (USB4H06056)
El Alisar Del Furgón: 0 (USB4H06056)
Párrafo de de Corregir del la del del de Eléctrica del obscuridad: No (USB4H06056)
Estrobo/Lámpara Permitido: No (USB4H06056)
Correct for Detector Non-linearity: No (USB4H06056)
Párrafo de de Corregir del la del del de Externa del luz: No (USB4H06056)
Procesado del espectro de Número de pixeles en: 3648
>>>>> Comienza Data<<<<< Espectral Procesado Del EL
345.09	44.068
345.30	44.068
345.52	44.068
345.74	71.930
345.95	-57.143
346.17	49.640
346.39	-212.500
346.60	-112.500
346.82	44.828
347.04	-2.174
347.25	-61.765
347.47	-14.286
347.69	21.739
347.90	5350.000
348.12	5.263
348.34	100.000
348.56	10.526
348.77	733.333
348.99	256.522
349.21	63.309
349.42	170.423
349.64	182.353
349.86	35.417
350.07	98.529
350.29	-118.519
350.51	63.158
350.72	-3300.000
350.94	75.862
351.16	82.031
351.37	79.487
351.59	90.972
351.81	288.571
352.02	80.000
352.24	22.059
352.46	38.889
352.67	90.698
352.89	27.273
353.10	52.857
353.32	96.250
353.54	31.967
353.75	67.677
353.97	68.085
354.19	38.222
354.40	36.937
354.62	-22.353
354.84	271.429
355.05	-166.667
355.27	78.519
355.49	50.000
355.70	46.951
355.92	57.447
356.14	83.654
356.35	6.250
356.57	70.175
356.78	-16.667
357.00	48.980
357.22	41.053
357.43	73.418
357.65	77.841
357.87	21.374
358.08	133.621
358.30	56.897
358.51	77.358
358.73	98.857
358.95	17.544
359.16	71.053
359.38	2000.000
359.60	43.709
359.81	-144.000
360.03	-42.373
360.24	-35.000
360.46	75.000
360.68	7.692
360.89	46.471
361.11	38.636
361.33	122.330
361.54	-100.000
361.76	113.472
361.97	46.860
362.19	28.070
362.41	57.831
362.62	-0.000
362.84	148.148
363.05	88.406
363.27	240.000
363.49	166.129
363.70	38.571
363.92	-250.000
364.13	43.258
364.35	-10.843
364.57	55.484
364.78	84.416
365.00	118.750
365.21	17.797
365.43	89.041
365.65	108.235
365.86	90.426
366.08	95.070
366.29	206.122
366.51	62.338
366.73	97.030
366.94	130.097
367.16	79.605
367.37	206.250
367.59	71.161
367.80	492.857
368.02	-61.364
368.24	-133.333
368.45	46.154
368.67	-100.000
368.88	8.621
369.10	-128.571
369.31	47.863
369.53	10.744
369.75	32.258
369.96	34.247
370.18	177.500
370.39	110.714
370.61	105.747
370.82	77.128
371.04	72.903
371.26	44.882
371.47	-8.219
371.69	7.595
371.90	90.566
372.12	233.824
372.33	-31.646
372.55	67.925
372.76	62.617
372.98	229.167
373.20	11.962
373.41	60.094
373.63	25.333
373.84	52.201
374.06	23.894
374.27	105.000
374.49	172.857
374.70	52.564
374.92	42.727
375.13	83.085
375.35	28.090
375.57	68.224
375.78	83.088
376.00	46.358
376.21	102.857
376.43	3.125
376.64	56.849
376.86	80.392
377.07	-73.077
377.29	40.719
377.50	117.355
377.72	62.500
377.93	72.000
378.15	56.849
378.36	119.588
378.58	44.726
378.80	-95.876
379.01	63.636
379.23	-190.000
379.44	266.071
379.66	52.444
379.87	107.937
380.09	43.820
380.30	-87.273
380.52	83.936
380.73	50.000
380.95	33.333
381.16	65.021
381.38	74.576
381.59	-174.000
381.81	26.667
382.02	82.119
382.24	67.073
382.45	84.167
382.67	95.652
382.88	75.694
383.10	109.489
383.31	13.386
383.53	44.000
383.74	101.379
383.96	53.793
384.17	55.251
384.39	53.371
384.60	64.671
384.82	112.613
385.03	70.673
385.25	186.275
385.46	35.115
385.68	91.667
385.89	62.874
386.11	45.217
386.32	-33.333
386.54	75.556
386.75	49.630
386.97	61.538
387.18	99.367
387.40	122.674
387.61	9.821
387.83	111.236
388.04	-292.000
388.25	85.484
388.47	81.871
388.68	50.980
388.90	75.824
389.11	49.545
389.33	13.018
389.54	190.099
389.76	71.579
389.97	26.846
390.19	-5.036
390.40	22.619
390.62	53.797
390.83	67.224
391.05	99.119
391.26	50.746
391.47	74.346
391.69	93.056
391.90	91.960
392.12	18.687
392.33	86.047
392.55	41.317
392.76	45.029
392.98	51.079
393.19	54.217
393.41	87.838
393.62	76.577
393.83	50.761
394.05	33.740
394.26	101.351
394.48	30.556
394.69	78.007
394.91	63.115
395.12	43.969
395.34	73.786
395.55	106.771
395.76	52.595
395.98	69.652
396.19	41.209
396.41	97.980
396.62	67.176
396.84	70.144
397.05	24.306
397.26	36.691
397.48	55.442
397.69	68.750
397.91	78.027
398.12	81.570
398.33	59.551
398.55	55.398
398.76	-16.794
398.98	40.767
399.19	70.052
399.41	47.937
399.62	72.866
399.83	64.261
400.05	32.599
400.26	9.957
400.48	77.917
400.69	47.735
400.90	32.414
401.12	42.614
401.33	72.836
401.55	16.279
401.76	76.847
401.97	101.348
402.19	33.453
402.40	58.082
402.62	45.000
402.83	41.528
403.04	58.912
403.26	1.261
403.47	68.293
403.69	10.819
403.90	63.172
404.11	89.423
404.33	42.955
404.54	49.057
404.76	82.895
404.97	51.145
405.18	58.118
405.40	59.536
405.61	71.704
405.83	50.888
406.04	67.590
406.25	31.546
406.47	32.152
406.68	68.974
406.89	78.607
407.11	35.800
407.32	64.096
407.54	35.294
407.75	42.985
407.96	49.241
408.18	57.983
408.39	36.650
408.60	43.561
408.82	39.840
409.03	46.560
409.24	67.475
409.46	65.690
409.67	26.866
409.89	42.523
410.10	42.308
410.31	70.619
410.53	39.876
410.74	49.076
410.95	49.123
411.17	54.424
411.38	60.980
411.59	44.346
411.81	54.399
412.02	50.864
412.23	54.390
412.45	49.385
412.66	48.928
412.87	33.109
413.09	42.301
413.30	33.391
413.51	44.920
413.73	30.485
413.94	37.364
414.15	35.581
414.37	38.214
414.58	43.176
414.79	27.727
415.01	34.154
415.22	46.121
415.43	36.931
415.65	35.406
415.86	27.682
416.07	33.041
416.29	33.579
416.50	25.615
416.71	30.409
416.93	34.134
417.14	26.543
417.35	27.458
417.57	31.863
417.78	26.626
417.99	25.971
418.21	33.236
418.42	26.132
418.63	28.844
418.85	34.211
419.06	31.511
419.27	37.905
419.48	17.076
419.70	23.019
419.91	26.618
420.12	29.614
420.34	26.682
420.55	27.762
420.76	25.209
420.98	18.447
421.19	22.959
421.40	21.877
421.61	22.643
421.83	17.587
422.04	26.384
422.25	11.154
422.47	23.387
422.68	25.773
422.89	14.307
423.11	29.058
423.32	32.450
423.53	20.455
423.74	14.511
423.96	23.544
424.17	27.045
424.38	22.517
424.59	23.383
424.81	16.079
425.02	19.988
425.23	28.069
425.45	20.871
425.66	23.438
425.87	18.250
426.08	23.629
426.30	15.512
426.51	23.042
426.72	17.852
426.93	20.853
427.15	21.205
427.36	17.241
427.57	14.687
427.79	19.780
428.00	17.894
428.21	69.519
428.42	18.591
428.64	20.591
428.85	16.322
429.06	19.602
429.27	15.879
429.49	17.594
429.70	12.945
429.91	14.580
430.12	18.705
430.34	12.414
430.55	15.839
430.76	16.473
430.97	14.603
431.19	17.661
431.40	19.653
431.61	15.684
431.82	17.721
432.03	18.869
432.25	16.026
432.46	16.038
432.67	15.852
432.88	15.337
433.10	14.517
433.31	16.027
433.52	12.532
433.73	12.152
433.95	14.859
434.16	12.943
434.37	15.266
434.58	13.651
434.79	14.990
435.01	16.323
435.22	15.976
435.43	16.305
435.64	15.299
435.86	13.579
436.07	16.699
436.28	17.669
436.49	14.065
436.70	16.969
436.92	11.985
437.13	11.247
437.34	13.205
437.55	14.787
437.76	13.776
437.98	12.457
438.19	14.901
438.40	12.422
438.61	14.101
438.82	14.311
439.04	15.463
439.25	13.856
439.46	14.417
439.67	15.987
439.88	12.349
440.10	16.254
440.31	15.007
440.52	14.514
440.73	13.309
440.94	12.288
441.16	15.236
441.37	16.074
441.58	13.101
441.79	14.598
442.00	9.555
442.21	15.377
442.43	17.116
442.64	13.202
442.85	10.508
443.06	16.720
443.27	14.961
443.48	11.857
443.70	13.476
443.91	16.062
444.12	15.733
444.33	14.329
444.54	15.383
444.75	14.871
444.97	11.553
445.18	14.617
445.39	15.491
445.60	15.908
445.81	14.483
446.02	13.106
446.24	12.157
446.45	13.819
446.66	13.554
446.87	12.751
447.08	11.504
447.29	12.980
447.51	13.027
447.72	12.853
447.93	13.266
448.14	14.580
448.35	17.248
448.56	12.784
448.77	13.085
448.99	14.226
449.20	13.643
449.41	13.925
449.62	16.719
449.83	13.714
450.04	14.088
450.25	15.133
450.46	14.221
450.68	14.093
450.89	13.871
451.10	14.749
451.31	16.120
451.52	14.213
451.73	15.607
451.94	15.538
452.15	13.043
452.37	13.823
452.58	13.665
452.79	15.877
453.00	13.950
453.21	15.863
453.42	11.400
453.63	15.227
453.84	14.522
454.06	15.040
454.27	17.113
454.48	15.115
454.69	16.532
454.90	16.620
455.11	14.561
455.32	14.413
455.53	14.737
455.74	14.183
455.95	14.429
456.17	15.128
456.38	13.809
456.59	14.714
456.80	16.498
457.01	15.240
457.22	15.949
457.43	15.959
457.64	14.969
457.85	15.799
458.06	16.279
458.27	15.656
458.49	14.912
458.70	15.387
458.91	14.853
459.12	18.176
459.33	16.113
459.54	16.147
459.75	15.679
459.96	15.286
460.17	14.942
460.38	15.504
460.59	14.648
460.80	15.239
461.01	15.219
461.23	17.907
461.44	14.478
461.65	15.166
461.86	15.062
462.07	16.167
462.28	14.994
462.49	16.141
462.70	13.738
462.91	16.253
463.12	15.138
463.33	15.735
463.54	14.782
463.75	16.901
463.96	15.383
464.17	14.000
464.38	15.931
464.59	14.042
464.81	15.934
465.02	15.227
465.23	14.078
465.44	15.698
465.65	15.240
465.86	15.453
466.07	14.497
466.28	15.710
466.49	15.218
466.70	14.994
466.91	15.581
467.12	15.666
467.33	16.413
467.54	16.455
467.75	15.938
467.96	17.105
468.17	18.025
468.38	16.001
468.59	15.324
468.80	16.088
469.01	17.479
469.22	15.288
469.43	15.601
469.64	16.194
469.85	15.589
470.06	16.250
470.27	17.134
470.48	15.899
470.69	14.319
470.90	15.917
471.11	15.607
471.32	15.893
471.53	16.492
471.74	14.567
471.95	16.485
472.16	16.038
472.37	14.733
472.58	16.636
472.79	16.249
473.00	15.064
473.21	16.894
473.42	15.052
473.63	15.603
473.84	17.012
474.05	16.062
474.26	15.278
474.47	15.077
474.68	14.314
474.89	16.214
475.10	16.598
475.31	16.686
475.52	15.186
475.73	15.586
475.94	15.364
476.15	16.566
476.36	15.625
476.57	15.708
476.78	16.925
476.99	14.888
477.20	17.302
477.41	14.850
477.62	15.824
477.83	15.028
478.04	16.015
478.25	15.378
478.46	16.892
478.67	16.088
478.88	17.569
479.09	17.403
479.30	15.822
479.51	17.003
479.72	16.208
479.93	17.270
480.14	16.604
480.35	15.986
480.56	16.412
480.77	15.942
480.98	16.234
481.18	15.585
481.39	16.450
481.60	15.832
481.81	16.254
482.02	16.424
482.23	15.873
482.44	16.510
482.65	16.644
482.86	16.735
483.07	15.467
483.28	15.898
483.49	15.985
483.70	16.175
483.91	17.118
484.12	15.382
484.33	16.075
484.53	16.482
484.74	15.861
484.95	17.514
485.16	16.931
485.37	16.502
485.58	15.330
485.79	16.108
486.00	16.378
486.21	16.386
486.42	15.811
486.63	15.672
486.84	16.173
487.05	16.425
487.25	16.782
487.46	15.789
487.67	14.998
487.88	16.773
488.09	16.606
488.30	16.670
488.51	5.852
488.72	15.814
488.93	16.639
489.14	16.097
489.35	16.858
489.55	17.069
489.76	17.017
489.97	16.175
490.18	16.541
490.39	17.147
490.60	16.266
490.81	15.467
491.02	17.071
491.23	16.868
491.43	16.000
491.64	16.652
491.85	16.640
492.06	16.763
492.27	15.906
492.48	16.964
492.69	17.016
492.90	16.960
493.11	16.034
493.31	16.791
493.52	16.377
493.73	17.543
493.94	16.268
494.15	17.024
494.36	16.405
494.57	16.209
494.78	16.389
494.98	16.754
495.19	16.574
495.40	16.191
495.61	16.717
495.82	16.857
496.03	17.591
496.24	16.594
496.44	16.933
496.65	16.204
496.86	16.960
497.07	16.670
497.28	16.514
497.49	17.390
497.70	16.727
497.90	16.879
498.11	17.789
498.32	17.373
498.53	16.799
498.74	16.050
498.95	17.645
499.15	17.087
499.36	16.990
499.57	17.542
499.78	17.047
499.99	17.431
500.20	17.319
500.40	16.874
500.61	16.830
500.82	16.822
501.03	17.366
501.24	16.214
501.45	16.741
501.65	17.250
501.86	16.773
502.07	17.370
502.28	17.182
502.49	16.851
502.70	17.369
502.90	17.084
503.11	17.248
503.32	17.065
503.53	17.452
503.74	16.756
503.94	17.763
504.15	16.986
504.36	16.995
504.57	17.042
504.78	16.963
504.98	17.309
505.19	18.079
505.40	17.147
505.61	17.109
505.82	17.176
506.02	16.854
506.23	17.209
506.44	17.640
506.65	16.886
506.86	17.828
507.06	17.379
507.27	17.325
507.48	17.298
507.69	17.267
507.90	17.674
508.10	17.703
508.31	17.410
508.52	16.985
508.73	17.839
508.94	17.501
509.14	18.547
509.35	17.660
509.56	17.848
509.77	17.188
509.97	17.745
510.18	18.267
510.39	17.396
510.60	17.792
510.80	18.083
511.01	17.635
511.22	17.676
511.43	18.038
511.64	18.144
511.84	17.658
512.05	18.016
512.26	18.029
512.47	18.025
512.67	17.974
512.88	17.904
513.09	18.092
513.30	17.773
513.50	18.280
513.71	18.021
513.92	18.138
514.13	17.877
514.33	18.128
514.54	17.786
514.75	19.039
514.96	18.341
515.16	18.090
515.37	18.767
515.58	18.693
515.78	18.564
515.99	18.570
516.20	18.485
516.41	19.452
516.61	18.415
516.82	18.762
517.03	18.489
517.24	18.918
517.44	19.722
517.65	19.335
517.86	18.745
518.07	18.825
518.27	19.029
518.48	19.879
518.69	19.349
518.89	19.348
519.10	19.676
519.31	19.344
519.52	19.418
519.72	19.707
519.93	19.497
520.14	19.787
520.34	19.874
520.55	20.192
520.76	20.094
520.96	19.870
521.17	19.871
521.38	20.062
521.59	20.261
521.79	20.067
522.00	20.571
522.21	20.001
522.41	20.706
522.62	20.917
522.83	20.568
523.03	20.560
523.24	20.612
523.45	20.792
523.66	21.033
523.86	20.841
524.07	21.045
524.28	21.305
524.48	21.816
524.69	21.787
524.90	21.369
525.10	21.791
525.31	21.716
525.52	21.202
525.72	21.492
525.93	21.683
526.14	21.593
526.34	21.793
526.55	22.166
526.76	21.940
526.96	22.329
527.17	23.195
527.38	22.067
527.58	22.101
527.79	22.468
528.00	22.807
528.20	22.728
528.41	23.084
528.62	23.185
528.82	22.686
529.03	23.516
529.24	23.201
529.44	23.344
529.65	23.177
529.85	23.567
530.06	23.839
530.27	23.420
530.47	23.437
530.68	23.347
530.89	23.980
531.09	23.939
531.30	24.012
531.51	23.743
531.71	23.833
531.92	24.047
532.13	24.094
532.33	24.353
532.54	24.596
532.74	24.287
532.95	24.370
533.16	25.030
533.36	24.711
533.57	24.418
533.78	24.876
533.98	24.397
534.19	24.791
534.39	24.416
534.60	25.612
534.81	24.550
535.01	25.141
535.22	25.125
535.42	25.333
535.63	25.241
535.84	25.331
536.04	25.139
536.25	25.283
536.45	25.280
536.66	24.890
536.87	25.531
537.07	25.869
537.28	26.113
537.48	25.167
537.69	25.680
537.90	25.622
538.10	25.868
538.31	25.329
538.51	26.024
538.72	26.014
538.93	26.104
539.13	25.612
539.34	26.267
539.54	26.186
539.75	25.346
539.96	25.970
540.16	26.025
540.37	26.309
540.57	25.977
540.78	25.544
540.98	26.128
541.19	26.095
541.40	26.159
541.60	26.436
541.81	26.159
542.01	26.427
542.22	26.130
542.42	26.110
542.63	27.037
542.83	26.285
543.04	26.383
543.25	26.105
543.45	26.525
543.66	26.608
543.86	26.802
544.07	26.309
544.27	26.379
544.48	26.350
544.68	26.810
544.89	26.884
545.10	26.632
545.30	27.090
545.51	26.423
545.71	26.540
545.92	26.870
546.12	26.462
546.33	26.884
546.53	26.428
546.74	26.596
546.94	26.506
547.15	26.613
547.36	26.801
547.56	26.807
547.77	26.753
547.97	27.118
548.18	26.384
548.38	26.488
548.59	26.559
548.79	26.343
549.00	26.805
549.20	26.629
549.41	26.855
549.61	26.922
549.82	26.906
550.02	27.139
550.23	27.129
550.43	27.207
550.64	27.593
550.84	26.785
551.05	27.278
551.25	27.227
551.46	26.960
551.66	27.231
551.87	27.138
552.07	27.175
552.28	27.061
552.48	27.117
552.69	26.884
552.89	27.324
553.10	27.333
553.30	27.168
553.51	27.272
553.71	27.255
553.92	26.935
554.12	27.244
554.33	27.337
554.53	27.018
554.74	27.127
554.94	27.434
555.15	27.115
555.35	27.088
555.56	27.624
555.76	27.173
555.97	27.010
556.17	27.394
556.38	27.491
556.58	26.751
556.78	27.441
556.99	27.398
557.19	27.160
557.40	27.302
557.60	27.705
557.81	27.273
558.01	27.219
558.22	27.186
558.42	27.199
558.63	27.156
558.83	27.047
559.04	27.080
559.24	27.202
559.44	27.322
559.65	27.438
559.85	27.214
560.06	26.934
560.26	27.404
560.47	27.227
560.67	31.810
560.88	27.376
561.08	26.967
561.28	26.940
561.49	27.208
561.69	27.249
561.90	27.302
562.10	26.604
562.31	26.684
562.51	26.970
562.71	26.887
562.92	27.136
563.12	26.856
563.33	27.105
563.53	27.589
563.74	26.850
563.94	26.837
564.14	26.881
564.35	26.195
564.55	26.884
564.76	26.703
564.96	26.996
565.17	26.680
565.37	26.887
565.57	26.386
565.78	26.563
565.98	26.642
566.19	26.865
566.39	26.366
566.59	26.461
566.80	26.174
567.00	25.902
567.21	26.724
567.41	26.401
567.61	26.492
567.82	26.339
568.02	26.037
568.23	26.125
568.43	26.229
568.63	26.276
568.84	26.274
569.04	25.778
569.24	25.867
569.45	25.817
569.65	25.750
569.86	25.718
570.06	25.719
570.26	25.551
570.47	25.960
570.67	25.451
570.87	25.927
571.08	25.543
571.28	25.543
571.49	25.500
571.69	25.677
571.89	25.079
572.10	25.331
572.30	25.074
572.50	25.163
572.71	24.692
572.91	25.031
573.11	24.909
573.32	25.164
573.52	24.516
573.73	24.687
573.93	24.487
574.13	24.759
574.34	24.204
574.54	24.514
574.74	24.526
574.95	25.079
575.15	24.760
575.35	24.028
575.56	24.436
575.76	24.175
575.96	24.196
576.17	24.381
576.37	24.191
576.57	24.059
576.78	24.262
576.98	24.134
577.18	23.978
577.39	24.062
577.59	23.855
577.79	23.489
578.00	23.617
578.20	24.195
578.40	23.886
578.61	23.526
578.81	23.543
579.01	23.398
579.22	23.274
579.42	23.482
579.62	23.357
579.82	23.445
580.03	23.363
580.23	23.396
580.43	23.291
580.64	23.351
580.84	22.908
581.04	23.036
581.25	23.191
581.45	23.309
581.65	23.193
581.86	23.372
582.06	23.607
582.26	22.691
582.46	22.958
582.67	22.995
582.87	23.038
583.07	22.809
583.28	22.972
583.48	22.792
583.68	22.252
583.88	22.695
584.09	22.618
584.29	22.654
584.49	22.728
584.70	22.911
584.90	22.344
585.10	22.538
585.30	22.807
585.51	22.500
585.71	22.812
585.91	22.254
586.11	22.376
586.32	22.551
586.52	22.692
586.72	22.477
586.92	22.392
587.13	22.699
587.33	22.426
587.53	22.221
587.74	21.987
587.94	22.234
588.14	22.519
588.34	22.844
588.55	22.639
588.75	22.113
588.95	22.095
589.15	22.184
589.36	21.800
589.56	22.016
589.76	22.031
589.96	22.137
590.16	22.178
590.37	22.054
590.57	21.924
590.77	21.886
590.97	21.874
591.18	21.509
591.38	21.968
591.58	25.934
591.78	22.148
591.99	22.041
592.19	21.962
592.39	21.856
592.59	21.894
592.79	21.970
593.00	21.942
593.20	21.524
593.40	21.973
593.60	22.081
593.81	21.303
594.01	21.921
594.21	21.732
594.41	21.588
594.61	21.519
594.82	21.975
595.02	22.135
595.22	21.663
595.42	21.957
595.62	21.782
595.83	21.901
596.03	21.625
596.23	21.798
596.43	21.630
596.63	21.708
596.84	21.531
597.04	21.594
597.24	21.879
597.44	21.724
597.64	21.480
597.84	21.229
598.05	21.531
598.25	21.644
598.45	21.651
598.65	21.547
598.85	21.572
599.06	21.571
599.26	21.615
599.46	21.412
599.66	21.569
599.86	21.527
600.06	21.427
600.27	21.314
600.47	21.703
600.67	21.392
600.87	21.384
601.07	21.749
601.27	21.862
601.48	21.597
601.68	21.680
601.88	21.583
602.08	21.572
602.28	21.636
602.48	21.482
602.68	21.504
602.89	21.794
603.09	21.331
603.29	21.258
603.49	21.634
603.69	21.306
603.89	21.579
604.09	21.931
604.30	21.319
604.50	21.569
604.70	21.490
604.90	21.520
605.10	21.354
605.30	21.966
605.50	21.302
605.71	21.372
605.91	21.418
606.11	21.275
606.31	21.417
606.51	21.441
606.71	21.440
606.91	21.293
607.11	21.530
607.32	21.330
607.52	21.527
607.72	21.043
607.92	21.409
608.12	21.430
608.32	21.738
608.52	21.096
608.72	21.670
608.92	21.138
609.12	21.212
609.33	21.240
609.53	21.556
609.73	21.584
609.93	21.193
610.13	21.146
610.33	21.142
610.53	21.178
610.73	21.210
610.93	21.585
611.13	21.333
611.34	21.485
611.54	21.559
611.74	21.275
611.94	21.062
612.14	21.081
612.34	21.219
612.54	21.175
612.74	21.236
612.94	21.326
613.14	20.985
613.34	21.338
613.54	21.233
613.74	21.315
613.95	21.152
614.15	21.206
614.35	21.167
614.55	21.244
614.75	21.139
614.95	21.122
615.15	21.003
615.35	21.213
615.55	21.258
615.75	21.504
615.95	21.139
616.15	20.896
616.35	21.284
616.55	21.067
616.75	20.954
616.95	20.962
617.15	20.956
617.35	20.918
617.56	21.082
617.76	20.858
617.96	21.218
618.16	20.692
618.36	20.821
618.56	20.985
618.76	20.897
618.96	20.899
619.16	20.872
619.36	21.286
619.56	21.059
619.76	21.130
619.96	20.984
620.16	20.827
620.36	20.841
620.56	20.917
620.76	21.152
620.96	20.750
621.16	20.971
621.36	20.893
621.56	20.737
621.76	20.984
621.96	21.014
622.16	20.656
622.36	20.775
622.56	20.771
622.76	21.004
622.96	20.841
623.16	20.538
623.36	20.926
623.56	20.988
623.76	20.988
623.96	21.012
624.16	20.943
624.36	20.710
624.56	21.000
624.76	21.212
624.96	21.090
625.16	20.743
625.36	21.197
625.56	20.685
625.76	21.061
625.96	20.826
626.16	20.757
626.36	21.170
626.56	21.031
626.76	21.154
626.96	20.631
627.16	20.876
627.36	20.736
627.56	20.757
627.76	20.895
627.96	20.930
628.16	20.705
628.36	20.447
628.56	20.704
628.75	21.086
628.95	20.645
629.15	20.638
629.35	20.626
629.55	20.833
629.75	21.069
629.95	20.832
630.15	20.817
630.35	20.700
630.55	20.889
630.75	20.935
630.95	20.581
631.15	20.969
631.35	20.746
631.55	20.748
631.75	20.898
631.95	20.830
632.15	20.903
632.34	20.741
632.54	20.669
632.74	20.904
632.94	20.629
633.14	20.748
633.34	20.591
633.54	20.638
633.74	20.569
633.94	20.508
634.14	20.969
634.34	20.901
634.54	20.718
634.74	20.492
634.93	20.643
635.13	20.747
635.33	20.907
635.53	20.598
635.73	20.620
635.93	20.712
636.13	20.902
636.33	20.575
636.53	21.055
636.73	20.749
636.93	20.832
637.12	20.573
637.32	20.401
637.52	20.499
637.72	20.693
637.92	20.814
638.12	20.810
638.32	20.753
638.52	20.876
638.72	20.852
638.91	20.660
639.11	20.368
639.31	20.572
639.51	20.770
639.71	20.830
639.91	20.698
640.11	20.465
640.31	20.159
640.50	20.315
640.70	20.504
640.90	20.283
641.10	20.366
641.30	20.564
641.50	20.549
641.70	20.766
641.89	20.280
642.09	20.570
642.29	20.430
642.49	20.754
642.69	20.401
642.89	20.494
643.09	20.746
643.28	20.534
643.48	20.468
643.68	20.299
643.88	20.315
644.08	20.402
644.28	20.449
644.48	20.771
644.67	20.148
644.87	20.287
645.07	20.326
645.27	20.305
645.47	20.363
645.67	19.950
645.86	20.022
646.06	20.118
646.26	20.239
646.46	20.457
646.66	20.314
646.85	20.194
647.05	20.114
647.25	20.115
647.45	19.989
647.65	20.358
647.85	20.447
648.04	19.955
648.24	20.351
648.44	20.265
648.64	19.985
648.84	20.341
649.03	19.866
649.23	19.986
649.43	20.252
649.63	20.362
649.83	20.278
650.02	19.921
650.22	19.936
650.42	20.385
650.62	20.168
650.82	20.536
651.01	20.209
651.21	20.087
651.41	20.099
651.61	19.927
651.81	20.246
652.00	20.248
652.20	20.184
652.40	19.934
652.60	20.059
652.79	20.193
652.99	19.949
653.19	20.128
653.39	20.204
653.59	20.147
653.78	20.039
653.98	19.718
654.18	19.935
654.38	20.128
654.57	19.902
654.77	20.125
654.97	20.265
655.17	19.957
655.36	19.858
655.56	19.969
655.76	19.907
655.96	20.232
656.15	19.821
656.35	20.070
656.55	20.062
656.75	19.876
656.94	19.901
657.14	20.192
657.34	19.905
657.54	20.300
657.73	20.056
657.93	19.988
658.13	20.130
658.33	19.965
658.52	20.029
658.72	21.658
658.92	19.889
659.11	19.958
659.31	20.041
659.51	19.852
659.71	19.901
659.90	20.114
660.10	19.923
660.30	20.161
660.50	19.985
660.69	19.994
660.89	20.115
661.09	19.865
661.28	19.958
661.48	20.100
661.68	19.620
661.87	20.085
662.07	20.195
662.27	19.837
662.47	19.844
662.66	19.764
662.86	19.680
663.06	20.055
663.25	19.833
663.45	20.290
663.65	20.084
663.84	19.783
664.04	20.201
664.24	19.923
664.44	19.886
664.63	20.021
664.83	19.924
665.03	19.930
665.22	20.227
665.42	19.760
665.62	19.987
665.81	20.087
666.01	19.946
666.21	20.181
666.40	19.735
666.60	19.539
666.80	20.068
666.99	19.890
667.19	19.896
667.39	19.821
667.58	19.987
667.78	20.071
667.98	19.679
668.17	19.936
668.37	19.852
668.57	19.722
668.76	19.787
668.96	20.046
669.16	20.140
669.35	20.222
669.55	20.126
669.74	20.068
669.94	20.014
670.14	20.141
670.33	20.067
670.53	20.425
670.73	20.125
670.92	20.215
671.12	20.341
671.32	20.071
671.51	20.199
671.71	19.877
671.90	20.220
672.10	20.003
672.30	20.148
672.49	20.041
672.69	20.176
672.89	20.249
673.08	20.224
673.28	20.039
673.47	20.213
673.67	20.289
673.87	20.150
674.06	20.242
674.26	20.241
674.45	20.260
674.65	20.458
674.85	20.117
675.04	20.386
675.24	20.355
675.43	20.083
675.63	20.176
675.83	20.391
676.02	20.313
676.22	20.482
676.41	20.322
676.61	20.373
676.81	20.374
677.00	20.561
677.20	20.399
677.39	20.120
677.59	20.319
677.79	20.372
677.98	20.481
678.18	20.499
678.37	20.629
678.57	20.659
678.76	20.625
678.96	20.150
679.16	20.578
679.35	20.570
679.55	20.510
679.74	20.672
679.94	20.299
680.13	20.598
680.33	20.322
680.53	20.576
680.72	20.274
680.92	20.609
681.11	20.274
681.31	20.552
681.50	20.426
681.70	20.631
681.89	20.745
682.09	20.729
682.28	20.603
682.48	20.671
682.68	20.701
682.87	20.653
683.07	20.651
683.26	20.595
683.46	20.709
683.65	20.883
683.85	20.626
684.04	20.464
684.24	20.759
684.43	20.773
684.63	20.900
684.82	20.833
685.02	21.363
685.21	20.760
685.41	20.857
685.60	20.752
685.80	20.691
686.00	20.925
686.19	21.174
686.39	20.773
686.58	20.856
686.78	20.984
686.97	20.961
687.17	20.938
687.36	20.850
687.56	21.008
687.75	21.004
687.95	21.101
688.14	21.452
688.34	21.324
688.53	20.641
688.73	21.169
688.92	20.802
689.12	20.900
689.31	20.983
689.51	21.064
689.70	20.856
689.89	21.148
690.09	20.892
690.28	21.044
690.48	21.229
690.67	21.398
690.87	21.321
691.06	21.562
691.26	21.308
691.45	21.318
691.65	21.667
691.84	21.394
692.04	21.617
692.23	21.476
692.43	21.447
692.62	21.433
692.82	21.627
693.01	21.515
693.20	21.789
693.40	21.709
693.59	21.446
693.79	21.525
693.98	21.485
694.18	21.463
694.37	21.706
694.57	22.015
694.76	21.787
694.95	22.058
695.15	22.022
695.34	22.070
695.54	22.434
695.73	22.365
695.93	22.260
696.12	22.373
696.32	22.535
696.51	22.717
696.70	22.799
696.90	23.081
697.09	22.971
697.29	23.169
697.48	23.447
697.67	23.605
697.87	23.431
698.06	23.278
698.26	23.954
698.45	23.673
698.65	24.092
698.84	24.281
699.03	24.488
699.23	24.866
699.42	24.460
699.62	24.971
699.81	25.156
700.00	24.956
700.20	25.536
700.39	25.706
700.59	26.030
700.78	25.797
700.97	26.186
701.17	26.309
701.36	26.369
701.56	27.011
701.75	26.817
701.94	27.135
702.14	27.216
702.33	27.464
702.52	27.848
702.72	28.385
702.91	28.241
703.11	28.528
703.30	28.674
703.49	28.580
703.69	29.336
703.88	29.457
704.07	29.734
704.27	30.264
704.46	30.119
704.66	30.113
704.85	30.854
705.04	30.870
705.24	30.962
705.43	31.102
705.62	31.387
705.82	31.873
706.01	31.918
706.20	32.299
706.40	32.905
706.59	32.746
706.78	32.822
706.98	33.452
707.17	33.619
707.36	33.577
707.56	34.030
707.75	34.041
707.94	34.382
708.14	35.113
708.33	34.987
708.52	35.315
708.72	35.382
708.91	35.956
709.10	36.021
709.30	36.261
709.49	36.353
709.68	36.677
709.88	37.285
710.07	37.286
710.26	37.722
710.46	37.461
710.65	38.283
710.84	37.875
711.04	38.226
711.23	38.909
711.42	39.065
711.61	38.620
711.81	39.381
712.00	39.516
712.19	39.748
712.39	39.971
712.58	40.770
712.77	40.934
712.97	40.742
713.16	41.046
713.35	41.444
713.54	41.614
713.74	41.905
713.93	41.856
714.12	42.632
714.32	42.184
714.51	42.856
714.70	43.060
714.89	42.981
715.09	43.587
715.28	43.764
715.47	44.177
715.66	43.457
715.86	44.600
716.05	45.185
716.24	45.398
716.44	44.955
716.63	45.795
716.82	46.016
717.01	45.783
717.21	46.081
717.40	46.565
717.59	46.934
717.78	46.802
717.98	47.578
718.17	47.323
718.36	47.468
718.55	48.191
718.75	48.378
718.94	48.327
719.13	48.449
719.32	48.871
719.52	48.777
719.71	49.464
719.90	50.152
720.09	49.887
720.28	50.286
720.48	49.931
720.67	50.951
720.86	50.926
721.05	51.147
721.25	51.746
721.44	52.278
721.63	52.267
721.82	52.188
722.01	52.558
722.21	52.100
722.40	52.889
722.59	53.402
722.78	53.372
722.98	53.962
723.17	53.728
723.36	54.503
723.55	54.844
723.74	55.077
723.94	54.873
724.13	54.883
724.32	54.861
724.51	55.777
724.70	56.580
724.89	56.180
725.09	56.696
725.28	56.803
725.47	57.194
725.66	56.858
725.85	57.412
726.05	57.885
726.24	58.337
726.43	57.979
726.62	58.367
726.81	58.187
727.00	58.692
727.20	59.170
727.39	58.927
727.58	59.592
727.77	59.658
727.96	59.659
728.15	59.796
728.35	60.028
728.54	60.276
728.73	60.364
728.92	61.038
729.11	60.556
729.30	61.571
729.50	61.492
729.69	61.429
729.88	62.226
730.07	62.715
730.26	62.989
730.45	62.141
730.64	62.814
730.84	63.090
731.03	63.009
731.22	63.596
731.41	63.698
731.60	63.792
731.79	64.263
731.98	64.813
732.18	64.366
732.37	64.411
732.56	65.028
732.75	64.743
732.94	64.649
733.13	65.694
733.32	65.560
733.51	66.013
733.71	65.738
733.90	66.134
734.09	65.676
734.28	66.336
734.47	66.749
734.66	65.918
734.85	66.259
735.04	67.093
735.23	67.551
735.42	67.684
735.62	67.795
735.81	67.064
736.00	68.011
736.19	68.221
736.38	68.647
736.57	68.528
736.76	68.584
736.95	68.327
737.14	68.972
737.33	69.311
737.52	69.427
737.72	69.234
737.91	69.191
738.10	69.766
738.29	69.632
738.48	69.474
738.67	69.541
738.86	70.711
739.05	70.385
739.24	70.526
739.43	70.188
739.62	70.031
739.81	71.026
740.00	71.120
740.19	71.422
740.39	70.977
740.58	71.415
740.77	70.983
740.96	72.364
741.15	71.497
741.34	71.979
741.53	71.618
741.72	71.890
741.91	72.241
742.10	71.978
742.29	72.617
742.48	72.781
742.67	72.455
742.86	72.363
743.05	72.436
743.24	72.586
743.43	72.700
743.62	72.958
743.81	73.018
744.00	73.861
744.19	73.133
744.38	72.974
744.57	72.616
744.76	74.111
744.95	73.725
745.14	73.364
745.33	73.609
745.52	73.770
745.71	74.366
745.90	74.535
746.09	74.120
746.28	74.561
746.47	74.694
746.66	74.710
746.85	74.596
747.04	74.361
747.23	74.635
747.42	75.040
747.61	74.909
747.80	74.188
747.99	74.999
748.18	74.899
748.37	74.675
748.56	74.710
748.75	74.716
748.94	74.797
749.13	74.911
749.32	74.935
749.51	75.878
749.70	75.548
749.89	75.125
750.08	75.689
750.27	76.202
750.46	75.689
750.65	75.213
750.84	75.954
751.03	75.586
751.22	75.792
751.41	76.422
751.60	76.051
751.79	75.722
751.98	76.461
752.17	76.003
752.36	75.754
752.55	76.126
752.74	76.413
752.93	76.381
753.12	76.769
753.30	76.410
753.49	76.064
753.68	76.356
753.87	76.751
754.06	76.636
754.25	76.880
754.44	76.706
754.63	76.580
754.82	76.532
755.01	77.257
755.20	76.670
755.39	76.535
755.58	76.657
755.77	76.946
755.96	76.655
756.14	77.188
756.33	77.531
756.52	77.129
756.71	77.210
756.90	77.197
757.09	77.809
757.28	76.633
757.47	77.489
757.66	77.303
757.85	76.848
758.04	77.229
758.22	77.528
758.41	77.161
758.60	76.735
758.79	76.776
758.98	77.739
759.17	77.439
759.36	77.285
759.55	77.325
759.74	77.118
759.92	77.356
760.11	77.700
760.30	77.107
760.49	77.794
760.68	77.547
760.87	77.656
761.06	77.441
761.25	78.267
761.43	77.341
761.62	77.558
761.81	78.090
762.00	78.021
762.19	78.915
762.38	77.946
762.57	76.989
762.76	77.457
762.94	77.669
763.13	77.723
763.32	78.335
763.51	77.520
763.70	78.067
763.89	78.373
764.07	77.838
764.26	77.966
764.45	78.092
764.64	78.270
764.83	77.830
765.02	78.838
765.21	77.246
765.39	77.762
765.58	78.180
765.77	78.012
765.96	78.122
766.15	78.016
766.34	78.532
766.52	78.141
766.71	77.359
766.90	78.248
767.09	78.279
767.28	77.444
767.46	78.724
767.65	77.997
767.84	78.773
768.03	78.138
768.22	78.581
768.40	78.095
768.59	78.209
768.78	77.865
768.97	77.871
769.16	78.776
769.34	77.613
769.53	77.710
769.72	77.982
769.91	77.340
770.10	77.907
770.28	78.308
770.47	78.447
770.66	78.191
770.85	78.274
771.04	77.803
771.22	77.759
771.41	78.156
771.60	77.692
771.79	78.489
771.98	78.106
772.16	78.943
772.35	78.491
772.54	79.033
772.73	78.389
772.91	78.226
773.10	78.440
773.29	78.111
773.48	78.123
773.66	77.554
773.85	78.792
774.04	78.443
774.23	78.198
774.41	78.559
774.60	78.231
774.79	77.896
774.98	78.142
775.16	78.325
775.35	77.617
775.54	78.388
775.73	77.362
775.91	78.433
776.10	78.717
776.29	78.918
776.48	78.376
776.66	77.700
776.85	78.418
777.04	77.779
777.23	78.945
777.41	77.847
777.60	78.322
777.79	78.759
777.97	78.162
778.16	78.024
778.35	78.106
778.54	77.724
778.72	78.484
778.91	77.380
779.10	78.225
779.28	78.883
779.47	78.094
779.66	77.461
779.85	78.615
780.03	77.181
780.22	78.149
780.41	79.012
780.59	78.551
780.78	77.396
780.97	78.271
781.15	78.034
781.34	77.453
781.53	78.507
781.71	78.530
781.90	78.540
782.09	77.971
782.27	78.562
782.46	78.696
782.65	77.877
782.84	78.038
783.02	78.147
783.21	77.266
783.40	77.853
783.58	77.750
783.77	78.199
783.96	78.662
784.14	78.138
784.33	77.644
784.52	78.646
784.70	78.328
784.89	78.852
785.07	78.619
785.26	78.685
785.45	78.874
785.63	78.150
785.82	77.619
786.01	80.130
786.19	78.027
786.38	78.323
786.57	77.843
786.75	78.699
786.94	79.687
787.13	78.603
787.31	78.483
787.50	77.995
787.68	78.392
787.87	78.717
788.06	78.793
788.24	78.589
788.43	78.503
788.62	78.564
788.80	78.244
788.99	78.540
789.17	78.171
789.36	78.687
789.55	78.730
789.73	78.661
789.92	79.232
790.10	78.862
790.29	77.968
790.48	78.767
790.66	79.118
790.85	78.105
791.03	78.727
791.22	78.913
791.41	78.174
791.59	79.017
791.78	78.733
791.96	77.983
792.15	78.418
792.34	78.936
792.52	78.819
792.71	78.683
792.89	78.383
793.08	78.590
793.27	78.020
793.45	78.806
793.64	78.356
793.82	78.388
794.01	77.700
794.19	78.363
794.38	77.749
794.57	78.307
794.75	77.928
794.94	78.245
795.12	78.815
795.31	78.618
795.49	78.406
795.68	78.511
795.86	79.410
796.05	79.010
796.24	78.478
796.42	78.452
796.61	78.452
796.79	78.382
796.98	78.602
797.16	78.312
797.35	78.971
797.53	78.862
797.72	77.703
797.90	78.559
798.09	78.721
798.27	78.433
798.46	78.879
798.65	78.417
798.83	79.482
799.02	78.586
799.20	78.991
799.39	78.588
799.57	79.464
799.76	78.966
799.94	78.938
800.13	78.181
800.31	78.782
800.50	78.980
800.68	79.387
800.87	79.144
801.05	78.633
801.24	78.728
801.42	79.135
801.61	78.081
801.79	79.105
801.98	77.842
802.16	78.423
802.35	78.479
802.53	78.609
802.72	78.840
802.90	78.284
803.09	78.788
803.27	79.097
803.46	78.956
803.64	77.859
803.83	79.049
804.01	78.528
804.20	78.717
804.38	78.167
804.56	79.012
804.75	79.186
804.93	79.125
805.12	78.332
805.30	79.253
805.49	77.901
805.67	78.536
805.86	78.238
806.04	79.553
806.23	78.829
806.41	79.355
806.59	78.192
806.78	78.821
806.96	78.006
807.15	78.225
807.33	78.456
807.52	79.608
807.70	78.745
807.89	79.166
808.07	78.417
808.25	78.823
808.44	78.177
808.62	78.562
808.81	78.709
808.99	77.978
809.18	78.653
809.36	78.139
809.54	78.477
809.73	78.025
809.91	78.482
810.10	79.065
810.28	78.265
810.47	78.169
810.65	78.123
810.83	77.644
811.02	79.334
811.20	79.036
811.39	79.180
811.57	78.266
811.75	78.028
811.94	78.151
812.12	78.767
812.31	78.827
812.49	78.719
812.67	78.918
812.86	78.520
813.04	78.997
813.23	78.478
813.41	78.291
813.59	78.491
813.78	78.558
813.96	78.703
814.14	78.419
814.33	78.948
814.51	78.984
814.70	78.897
814.88	78.625
815.06	78.362
815.25	78.830
815.43	78.677
815.61	78.512
815.80	78.506
815.98	79.364
816.16	78.948
816.35	78.628
816.53	79.115
816.72	79.199
816.90	79.567
817.08	78.693
817.27	78.884
817.45	79.041
817.63	78.400
817.82	78.136
818.00	79.950
818.18	78.245
818.37	79.427
818.55	78.589
818.73	78.217
818.92	78.835
819.10	79.336
819.28	79.311
819.47	78.184
819.65	77.976
819.83	78.279
820.02	78.659
820.20	78.127
820.38	77.801
820.57	78.972
820.75	79.163
820.93	79.220
821.11	78.666
821.30	78.618
821.48	79.504
821.66	78.741
821.85	78.334
822.03	78.861
822.21	79.234
822.40	79.799
822.58	78.270
822.76	79.682
822.94	79.199
823.13	78.626
823.31	78.715
823.49	78.681
823.68	79.263
823.86	78.251
824.04	78.913
824.22	79.277
824.41	78.839
824.59	78.564
824.77	78.485
824.96	78.505
825.14	79.545
825.32	79.085
825.50	78.621
825.69	79.009
825.87	78.317
826.05	79.034
826.23	79.879
826.42	79.211
826.60	78.714
826.78	79.168
826.96	78.700
827.15	77.979
827.33	79.466
827.51	78.324
827.69	78.693
827.88	79.135
828.06	78.930
828.24	79.018
828.42	79.718
828.61	78.579
828.79	78.667
828.97	78.620
829.15	77.688
829.34	78.909
829.52	78.351
829.70	79.205
829.88	79.320
830.06	79.409
830.25	78.512
830.43	79.051
830.61	79.557
830.79	79.429
830.97	79.399
831.16	79.419
831.34	79.017
831.52	79.079
831.70	79.317
831.89	79.062
832.07	79.101
832.25	79.131
832.43	78.645
832.61	78.850
832.80	78.451
832.98	78.786
833.16	78.406
833.34	78.633
833.52	78.634
833.70	78.967
833.89	79.111
834.07	78.811
834.25	78.184
834.43	79.407
834.61	80.123
834.80	79.003
834.98	78.738
835.16	80.242
835.34	78.493
835.52	78.914
835.70	79.278
835.89	79.254
836.07	79.182
836.25	79.182
836.43	79.067
836.61	78.800
836.79	79.042
836.97	78.986
837.16	79.227
837.34	79.014
837.52	79.013
837.70	78.445
837.88	78.696
838.06	79.148
838.24	78.458
838.43	79.149
838.61	78.735
838.79	78.681
838.97	79.613
839.15	78.951
839.33	80.153
839.51	78.256
839.70	79.266
839.88	79.433
840.06	78.806
840.24	78.804
840.42	78.704
840.60	79.923
840.78	79.623
840.96	79.019
841.14	79.426
841.33	78.389
841.51	78.915
841.69	79.231
841.87	79.134
842.05	79.198
842.23	79.094
842.41	78.620
842.59	78.384
842.77	78.877
842.95	79.055
843.14	80.033
843.32	78.936
843.50	79.286
843.68	78.608
843.86	78.298
844.04	78.060
844.22	79.409
844.40	79.057
844.58	78.469
844.76	79.436
844.94	78.745
845.12	79.612
845.30	79.826
845.49	79.172
845.67	78.745
845.85	78.370
846.03	77.904
846.21	79.268
846.39	79.142
846.57	78.522
846.75	78.698
846.93	78.959
847.11	79.075
847.29	79.143
847.47	78.049
847.65	78.459
847.83	79.483
848.01	79.282
848.19	78.681
848.37	79.610
848.55	78.405
848.73	79.905
848.91	79.488
849.09	79.092
849.27	80.017
849.46	80.411
849.64	79.782
849.82	78.520
850.00	79.127
850.18	79.417
850.36	79.194
850.54	79.559
850.72	79.665
850.90	78.824
851.08	79.153
851.26	79.803
851.44	79.461
851.62	79.748
851.80	78.573
851.98	78.553
852.16	79.147
852.34	79.415
852.52	79.375
852.70	78.421
852.88	80.014
853.06	79.432
853.24	78.688
853.42	78.688
853.60	78.184
853.78	78.443
853.96	78.300
854.14	79.330
854.31	79.068
854.49	79.048
854.67	78.868
854.85	78.950
855.03	78.991
855.21	79.322
855.39	78.876
855.57	79.152
855.75	79.050
855.93	78.694
856.11	78.471
856.29	80.063
856.47	79.139
856.65	78.861
856.83	79.139
857.01	79.225
857.19	78.661
857.37	79.380
857.55	79.286
857.73	78.967
857.91	79.415
858.09	79.834
858.26	77.811
858.44	78.710
858.62	79.163
858.80	79.369
858.98	79.543
859.16	79.019
859.34	78.758
859.52	79.391
859.70	78.914
859.88	79.122
860.06	80.070
860.24	80.349
860.42	79.678
860.59	79.295
860.77	79.591
860.95	79.615
861.13	79.234
861.31	79.478
861.49	78.977
861.67	79.202
861.85	79.641
862.03	78.926
862.21	77.921
862.38	78.757
862.56	79.045
862.74	79.005
862.92	79.067
863.10	79.314
863.28	80.210
863.46	79.391
863.64	79.504
863.82	79.479
863.99	78.506
864.17	78.939
864.35	79.612
864.53	79.033
864.71	80.084
864.89	80.030
865.07	79.362
865.24	78.346
865.42	78.986
865.60	80.285
865.78	79.523
865.96	78.888
866.14	79.051
866.32	79.817
866.49	79.359
866.67	79.263
866.85	79.263
867.03	80.305
867.21	80.148
867.39	78.545
867.56	79.292
867.74	79.376
867.92	79.996
868.10	79.246
868.28	79.235
868.46	79.093
868.63	79.794
868.81	78.945
868.99	79.069
869.17	78.990
869.35	79.305
869.53	80.049
869.70	80.319
869.88	79.245
870.06	79.359
870.24	79.106
870.42	80.074
870.59	78.163
870.77	78.950
870.95	80.029
871.13	78.138
871.31	78.892
871.48	79.353
871.66	79.739
871.84	78.575
872.02	80.098
872.20	78.916
872.37	79.772
872.55	80.453
872.73	79.186
872.91	79.071
873.08	79.543
873.26	80.394
873.44	79.466
873.62	78.441
873.80	78.644
873.97	79.742
874.15	79.871
874.33	79.065
874.51	79.084
874.68	79.189
874.86	79.906
875.04	78.475
875.22	78.986
875.39	78.618
875.57	80.429
875.75	79.335
875.93	78.965
876.10	79.048
876.28	78.963
876.46	80.278
876.64	79.615
876.81	80.159
876.99	79.657
877.17	79.931
877.35	78.443
877.52	79.329
877.70	79.967
877.88	80.190
878.06	80.580
878.23	79.556
878.41	80.150
878.59	79.717
878.76	79.642
878.94	80.320
879.12	80.198
879.30	78.510
879.47	80.015
879.65	79.670
879.83	78.674
880.00	79.932
880.18	79.010
880.36	79.731
880.53	79.750
880.71	79.411
880.89	80.278
881.07	80.469
881.24	80.136
881.42	80.120
881.60	79.146
881.77	79.509
881.95	79.429
882.13	80.228
882.30	79.588
882.48	80.551
882.66	79.058
882.83	80.183
883.01	80.231
883.19	79.664
883.36	81.094
883.54	79.533
883.72	78.744
883.89	79.173
884.07	78.895
884.25	78.415
884.42	79.731
884.60	79.819
884.78	80.241
884.95	78.902
885.13	80.148
885.31	79.247
885.48	79.796
885.66	79.329
885.84	80.447
886.01	79.857
886.19	80.057
886.36	80.032
886.54	79.945
886.72	80.138
886.89	79.488
887.07	80.587
887.25	79.793
887.42	79.330
887.60	78.875
887.78	79.567
887.95	79.963
888.13	78.925
888.30	78.608
888.48	79.955
888.66	80.386
888.83	80.135
889.01	79.870
889.18	77.593
889.36	78.470
889.54	80.119
889.71	78.970
889.89	80.422
890.06	80.482
890.24	80.248
890.42	79.632
890.59	79.671
890.77	79.365
890.94	80.608
891.12	78.804
891.30	79.816
891.47	78.959
891.65	79.500
891.82	78.960
892.00	80.366
892.17	79.542
892.35	79.283
892.53	78.970
892.70	79.542
892.88	79.421
893.05	79.839
893.23	79.388
893.40	80.428
893.58	79.265
893.75	80.356
893.93	79.655
894.11	79.218
894.28	80.305
894.46	79.892
894.63	80.500
894.81	78.968
894.98	80.064
895.16	81.427
895.33	79.130
895.51	80.061
895.68	79.529
895.86	79.010
896.04	80.367
896.21	79.269
896.39	79.400
896.56	79.499
896.74	79.614
896.91	78.420
897.09	79.401
897.26	78.489
897.44	79.379
897.61	79.314
897.79	79.706
897.96	78.714
898.14	79.579
898.31	79.397
898.49	79.739
898.66	80.128
898.84	80.108
899.01	79.699
899.19	79.623
899.36	79.363
899.54	78.875
899.71	79.695
899.89	79.459
900.06	79.122
900.24	80.221
900.41	80.290
900.59	78.836
900.76	79.424
900.94	80.095
901.11	79.555
901.29	79.715
901.46	81.415
901.63	80.229
901.81	79.427
901.98	80.332
902.16	79.474
902.33	79.661
902.51	80.139
902.68	79.660
902.86	79.981
903.03	79.886
903.21	80.684
903.38	79.091
903.56	79.518
903.73	78.794
903.90	79.728
904.08	79.538
904.25	79.418
904.43	80.720
904.60	79.241
904.78	78.822
904.95	79.967
905.12	80.090
905.30	81.823
905.47	79.216
905.65	80.130
905.82	79.962
906.00	80.023
906.17	79.493
906.34	80.582
906.52	80.147
906.69	79.024
906.87	79.621
907.04	81.190
907.21	80.777
907.39	80.214
907.56	81.054
907.74	80.162
907.91	79.789
908.08	79.486
908.26	80.093
908.43	81.351
908.61	80.483
908.78	78.922
908.95	77.851
909.13	78.577
909.30	77.803
909.48	79.655
909.65	79.776
909.82	79.851
910.00	81.055
910.17	78.666
910.34	80.252
910.52	79.605
910.69	78.574
910.87	79.139
911.04	81.213
911.21	80.648
911.39	80.920
911.56	79.725
911.73	80.378
911.91	80.071
912.08	78.744
912.25	79.646
912.43	81.090
912.60	80.730
912.77	80.470
912.95	79.822
913.12	81.019
913.29	80.326
913.47	80.352
913.64	79.759
913.81	80.015
913.99	78.663
914.16	79.782
914.33	78.796
914.51	82.032
914.68	79.507
914.85	79.803
915.03	79.444
915.20	78.985
915.37	80.053
915.55	80.411
915.72	78.828
915.89	79.642
916.07	80.405
916.24	80.023
916.41	80.874
916.59	80.399
916.76	79.777
916.93	79.837
917.10	78.673
917.28	80.364
917.45	79.637
917.62	80.547
917.80	79.170
917.97	79.284
918.14	81.320
918.31	79.579
918.49	81.946
918.66	81.557
918.83	78.972
919.01	78.872
919.18	79.317
919.35	79.070
919.52	79.769
919.70	79.357
919.87	80.193
920.04	81.190
920.21	79.119
920.39	79.093
920.56	78.881
920.73	80.658
920.90	80.205
921.08	80.315
921.25	78.761
921.42	79.564
921.59	79.295
921.77	81.057
921.94	79.981
922.11	79.622
922.28	80.288
922.46	81.558
922.63	79.454
922.80	79.741
922.97	81.190
923.15	79.472
923.32	79.094
923.49	81.325
923.66	79.496
923.83	80.632
924.01	78.837
924.18	79.881
924.35	80.553
924.52	79.800
924.69	79.146
924.87	78.749
925.04	79.887
925.21	80.519
925.38	82.016
925.55	80.208
925.73	79.196
925.90	80.854
926.07	81.252
926.24	79.974
926.41	80.619
926.59	79.997
926.76	79.440
926.93	78.856
927.10	80.608
927.27	81.013
927.45	79.585
927.62	81.218
927.79	82.213
927.96	82.417
928.13	80.975
928.30	79.821
928.48	80.797
928.65	80.020
928.82	79.623
928.99	79.642
929.16	79.224
929.33	79.728
929.50	79.236
929.68	80.308
929.85	80.371
930.02	79.918
930.19	80.301
930.36	80.472
930.53	79.456
930.70	80.937
930.88	80.497
931.05	80.533
931.22	81.617
931.39	80.238
931.56	78.168
931.73	80.031
931.90	79.548
932.08	79.254
932.25	80.651
932.42	81.226
932.59	80.314
932.76	80.230
932.93	79.808
933.10	80.722
933.27	79.909
933.44	79.758
933.62	79.679
933.79	80.203
933.96	79.709
934.13	79.569
934.30	81.292
934.47	80.728
934.64	78.500
934.81	79.783
934.98	81.050
935.15	79.378
935.32	79.165
935.50	79.668
935.67	81.048
935.84	81.323
936.01	81.608
936.18	79.410
936.35	81.721
936.52	82.368
936.69	78.423
936.86	81.543
937.03	78.883
937.20	78.297
937.37	81.327
937.54	78.744
937.71	79.033
937.89	80.000
938.06	80.394
938.23	78.515
938.40	79.203
938.57	80.005
938.74	77.912
938.91	76.133
939.08	78.395
939.25	77.425
939.42	76.429
939.59	81.508
939.76	75.317
939.93	82.422
940.10	77.559
940.27	80.747
940.44	79.335
940.61	76.330
940.78	82.340
940.95	79.591
941.12	77.622
941.29	80.946
941.46	80.971
941.63	82.244
941.80	81.687
941.97	83.183
942.14	76.274
942.31	77.380
942.48	80.335
942.65	79.821
942.82	78.259
942.99	76.174
943.16	79.845
943.33	82.442
943.50	82.401
943.67	82.115
943.84	81.025
944.01	85.573
944.18	81.501
944.35	77.132
944.52	78.936
944.69	78.422
944.86	82.486
945.03	79.365
945.20	77.765
945.37	81.629
945.54	78.603
945.71	79.049
945.88	80.388
946.05	78.737
946.22	81.073
946.39	82.393
946.56	82.588
946.73	75.565
946.90	82.577
947.07	79.626
947.23	81.920
947.40	87.006
947.57	78.007
947.74	78.509
947.91	76.051
948.08	78.551
948.25	80.361
948.42	79.563
948.59	83.199
948.76	79.630
948.93	78.954
949.10	79.113
949.27	80.159
949.44	80.303
949.60	77.246
949.77	77.072
949.94	79.005
950.11	78.730
950.28	77.872
950.45	80.181
950.62	80.531
950.79	78.497
950.96	78.052
951.13	76.431
951.30	83.618
951.46	81.051
951.63	75.341
951.80	80.710
951.97	81.067
952.14	80.310
952.31	74.774
952.48	78.842
952.65	78.828
952.81	80.689
952.98	78.977
953.15	80.960
953.32	84.032
953.49	79.176
953.66	76.558
953.83	83.747
954.00	78.392
954.16	79.954
954.33	81.407
954.50	80.058
954.67	79.073
954.84	78.566
955.01	81.753
955.18	81.931
955.34	83.627
955.51	75.599
955.68	80.946
955.85	80.798
956.02	81.460
956.19	75.872
956.35	78.615
956.52	78.867
956.69	79.018
956.86	77.855
957.03	79.779
957.20	81.750
957.36	79.930
957.53	82.533
957.70	78.416
957.87	82.339
958.04	77.841
958.21	81.696
958.37	76.177
958.54	79.036
958.71	78.848
958.88	83.066
959.05	81.777
959.21	79.545
959.38	80.109
959.55	80.679
959.72	79.595
959.89	77.529
960.05	80.862
960.22	77.865
960.39	79.601
960.56	79.969
960.72	76.648
960.89	78.757
961.06	80.964
961.23	80.859
961.40	80.474
961.56	77.614
961.73	77.513
961.90	74.649
962.07	77.978
962.23	77.126
962.40	80.106
962.57	78.852
962.74	78.758
962.90	79.978
963.07	77.694
963.24	80.115
963.41	81.415
963.57	82.656
963.74	78.915
963.91	79.211
964.08	79.644
964.24	80.501
964.41	81.139
964.58	78.088
964.75	81.121
964.91	76.918
965.08	79.829
965.25	79.178
965.42	78.553
965.58	83.727
965.75	77.837
965.92	79.454
966.08	78.217
966.25	79.764
966.42	79.710
966.59	80.860
966.75	79.346
966.92	79.876
967.09	79.426
967.25	77.867
967.42	78.760
967.59	80.314
967.75	77.529
967.92	81.847
968.09	82.539
968.26	81.766
968.42	80.055
968.59	76.532
968.76	81.481
968.92	80.748
969.09	78.685
969.26	77.429
969.42	78.981
969.59	80.397
969.76	78.726
969.92	80.607
970.09	81.100
970.26	78.687
970.42	79.509
970.59	78.607
970.76	79.298
970.92	79.687
971.09	81.076
971.26	80.646
971.42	76.955
971.59	82.431
971.76	79.700
971.92	78.465
972.09	78.649
972.25	78.400
972.42	79.968
972.59	80.329
972.75	76.959
972.92	77.112
973.09	78.137
973.25	80.467
973.42	79.282
973.58	77.720
973.75	78.242
973.92	80.483
974.08	79.267
974.25	80.709
974.42	79.459
974.58	81.378
974.75	80.254
974.91	77.192
975.08	79.711
975.25	75.364
975.41	75.454
975.58	76.606
975.74	80.525
975.91	75.745
976.08	80.336
976.24	78.860
976.41	74.346
976.57	80.753
976.74	81.274
976.91	77.487
977.07	81.377
977.24	72.547
977.40	79.582
977.57	78.329
977.73	78.539
977.90	79.274
978.07	79.662
978.23	84.527
978.40	78.188
978.56	78.853
978.73	78.146
978.89	79.163
979.06	78.527
979.22	81.060
979.39	78.305
979.56	80.410
979.72	79.478
979.89	78.895
980.05	80.231
980.22	77.364
980.38	79.150
980.55	79.708
980.71	77.813
980.88	79.959
981.04	82.057
981.21	80.348
981.37	81.172
981.54	78.772
981.70	75.789
981.87	80.208
982.04	81.640
982.20	78.608
982.37	84.024
982.53	80.047
982.70	80.905
982.86	74.739
983.03	77.811
983.19	82.543
983.36	76.529
983.52	79.189
983.69	80.588
983.85	80.594
984.02	80.447
984.18	80.566
984.35	79.067
984.51	80.766
984.68	78.351
984.84	80.061
985.00	82.321
985.17	79.437
985.33	81.368
985.50	78.946
985.66	80.858
985.83	77.836
985.99	80.876
986.16	80.022
986.32	76.207
986.49	76.860
986.65	79.411
986.82	75.404
986.98	78.253
987.15	78.230
987.31	79.872
987.47	80.543
987.64	76.203
987.80	77.188
987.97	81.265
988.13	73.424
988.30	79.911
988.46	81.488
988.63	73.851
988.79	77.736
988.95	74.086
989.12	77.887
989.28	76.392
989.45	81.912
989.61	81.073
989.77	75.955
989.94	76.247
990.10	83.572
990.27	77.477
990.43	76.248
990.60	80.385
990.76	80.713
990.92	79.442
991.09	78.569
991.25	79.882
991.42	80.130
991.58	79.386
991.74	82.181
991.91	80.691
992.07	78.678
992.24	78.990
992.40	81.070
992.56	78.006
992.73	81.523
992.89	78.346
993.05	81.376
993.22	80.040
993.38	81.494
993.55	74.772
993.71	76.301
993.87	80.829
994.04	77.417
994.20	77.748
994.36	74.721
994.53	81.437
994.69	83.412
994.85	77.929
995.02	80.154
995.18	81.169
995.34	80.071
995.51	81.243
995.67	83.423
995.84	79.420
996.00	77.349
996.16	81.145
996.33	80.773
996.49	83.024
996.65	81.932
996.82	78.264
996.98	81.070
997.14	80.380
997.31	79.410
997.47	82.884
997.63	81.889
997.79	77.398
997.96	78.872
998.12	88.482
998.28	79.335
998.45	81.669
998.61	80.575
998.77	79.292
998.94	76.031
999.10	85.032
999.26	76.639
999.43	72.918
999.59	78.787
999.75	76.999
999.91	83.128
1000.08	80.781
1000.24	78.233
1000.40	78.295
1000.57	76.998
1000.73	79.910
1000.89	74.639
1001.05	80.612
1001.22	76.482
1001.38	76.448
1001.54	75.352
1001.70	77.886
1001.87	77.115
1002.03	80.683
1002.19	84.269
1002.35	81.280
1002.52	78.691
1002.68	81.409
1002.84	86.151
1003.00	82.330
1003.17	78.063
1003.33	80.957
1003.49	86.007
1003.65	76.634
1003.82	73.645
1003.98	79.840
1004.14	78.490
1004.30	78.265
1004.47	77.144
1004.63	76.899
1004.79	76.498
1004.95	77.174
1005.11	81.018
1005.28	85.728
1005.44	75.530
1005.60	77.789
1005.76	78.913
1005.93	78.357
1006.09	83.308
1006.25	80.245
1006.41	84.034
1006.57	83.147
1006.74	81.493
1006.90	78.845
1007.06	80.715
1007.22	77.450
1007.38	76.675
1007.55	80.042
1007.71	81.833
1007.87	80.513
1008.03	83.116
1008.19	82.272
1008.35	80.150
1008.52	79.572
1008.68	84.666
1008.84	85.932
1009.00	75.000
1009.16	81.781
1009.32	79.514
1009.49	79.052
1009.65	76.335
1009.81	78.205
1009.97	77.091
1010.13	75.415
1010.29	82.072
1010.46	77.394
1010.62	79.101
1010.78	80.011
1010.94	79.067
1011.10	78.969
1011.26	81.135
1011.42	84.820
1011.59	79.174
1011.75	85.584
1011.91	76.208
1012.07	84.467
1012.23	75.162
1012.39	84.841
1012.55	80.125
1012.71	82.814
1012.88	77.830
1013.04	76.717
1013.20	78.471
1013.36	82.584
1013.52	77.176
1013.68	80.719
1013.84	81.300
1014.00	80.704
1014.16	81.801
1014.33	79.295
1014.49	81.498
1014.65	76.240
1014.81	83.411
1014.97	78.119
1015.13	76.868
1015.29	85.983
1015.45	83.202
1015.61	78.623
1015.77	80.501
1015.93	76.912
1016.09	82.582
1016.26	86.528
1016.42	75.221
1016.58	74.882
1016.74	76.391
1016.90	86.137
1017.06	88.308
1017.22	75.700
1017.38	81.556
1017.54	80.273
1017.70	87.481
1017.86	80.318
1018.02	75.561
1018.18	87.520
1018.34	83.857
1018.50	78.287
1018.66	78.239
1018.82	88.880
1018.98	76.401
1019.14	85.066
1019.31	80.253
1019.47	80.668
1019.63	75.935
1019.79	93.346
1019.95	79.160
1020.11	79.659
1020.27	78.054
1020.43	86.118
1020.59	91.870
1020.75	79.340
1020.91	85.585
1021.07	75.346
1021.23	83.229
1021.39	86.560
1021.55	102.287
1021.71	88.533
1021.87	89.241
1022.03	83.205
1022.19	92.239
1022.35	90.534
1022.51	56.010
1022.67	91.503
1022.83	86.130
1022.99	80.640
1023.15	86.606
1023.31	88.062
1023.47	77.730
1023.63	77.113
1023.79	67.116
1023.95	81.895
1024.10	83.535
1024.26	84.032
1024.42	85.888
1024.58	87.907
1024.74	95.243
1024.90	83.383
1025.06	89.924
1025.22	80.843
1025.38	95.030
1025.54	71.566
1025.70	80.993
1025.86	70.793
1026.02	85.541
1026.18	82.989
1026.34	75.025
1026.50	74.643
1026.66	83.122
1026.82	73.777
1026.98	73.577
1027.13	82.909
1027.29	87.755
1027.45	84.235
1027.61	81.264
1027.77	86.437
1027.93	76.842
1028.09	74.378
1028.25	87.592
1028.41	95.107
1028.57	74.371
1028.73	81.155
1028.88	77.139
1029.04	75.333
1029.20	73.090
1029.36	89.338
1029.52	92.173
1029.68	98.298
1029.84	83.431
1030.00	92.809
1030.16	70.424
1030.32	89.277
1030.47	81.971
1030.63	81.786
1030.79	70.872
1030.95	78.626
1031.11	78.058
1031.27	90.545
1031.43	80.559
1031.59	74.212
1031.74	97.350
1031.90	86.561
1032.06	66.621
1032.22	83.546
1032.38	77.575
1032.54	76.316
1032.69	82.115
1032.85	99.697
1033.01	82.129
1033.17	85.423
1033.33	80.032
1033.49	76.648
1033.65	72.569
1033.80	80.641
1033.96	75.195
1034.12	92.654
1034.28	84.553
1034.44	76.997
1034.60	70.817
1034.75	71.831
1034.91	87.087
1035.07	82.967
1035.23	91.195
1035.39	96.522
1035.54	88.383
1035.70	78.392
1035.86	92.282
1036.02	67.297
1036.18	79.320
1036.33	76.935
1036.49	89.071
1036.65	73.605
1036.81	79.294
1036.97	84.281
1037.12	94.737
1037.28	81.729
1037.44	82.714
1037.60	74.781
1037.76	85.191
1037.91	73.342
1038.07	99.589
1038.23	93.827
1038.39	87.070
1038.54	70.213
1038.70	84.107
1038.86	99.461
1039.02	97.162
1039.17	92.238
1039.33	91.501
1039.49	58.584
1039.65	64.159
1039.80	68.510
1039.96	96.413
1040.12	104.432
1040.28	86.752
>>>>> Data<<<<< Espectral Procesado Extremo
