Fichero De Datos De SpectraSuite
++++++++++++++++++++++++++++++++++++
Fecha: Mon Jul 06 10:47:22 CST 2026
Usuario: HP
Presente Oscuro Del Espectro: Sí
La Referencia de Presente Del Espectro De: Sí
Muestreados de los componentes de Número de espectros: 1
Espectrómetros: USB4H06056
Tiempo de integración (usec): 300000 (USB4H06056)
Promedio de Espectros Hechos un: 5 (USB4H06056)
El Alisar Del Furgón: 0 (USB4H06056)
Párrafo de de Corregir del la del del de Eléctrica del obscuridad: No (USB4H06056)
Estrobo/Lámpara Permitido: No (USB4H06056)
Correct for Detector Non-linearity: No (USB4H06056)
Párrafo de de Corregir del la del del de Externa del luz: No (USB4H06056)
Procesado del espectro de Número de pixeles en: 3648
>>>>> Comienza Data<<<<< Espectral Procesado Del EL
345.09	37.288
345.30	37.288
345.52	37.288
345.74	49.123
345.95	-57.143
346.17	10.072
346.39	-518.750
346.60	-1025.000
346.82	-143.103
347.04	36.957
347.25	282.353
347.47	51.020
347.69	304.348
347.90	2150.000
348.12	215.789
348.34	-775.000
348.56	86.842
348.77	-166.667
348.99	260.870
349.21	28.777
349.42	159.155
349.64	114.706
349.86	93.750
350.07	30.882
350.29	-125.926
350.51	96.241
350.72	-1400.000
350.94	-10.345
351.16	162.500
351.37	179.487
351.59	30.556
351.81	131.429
352.02	88.000
352.24	26.471
352.46	105.556
352.67	87.209
352.89	45.455
353.10	188.571
353.32	75.000
353.54	50.000
353.75	11.111
353.97	-3.191
354.19	34.667
354.40	-7.207
354.62	62.353
354.84	133.333
355.05	277.778
355.27	88.889
355.49	193.750
355.70	81.098
355.92	64.539
356.14	87.981
356.35	-22.917
356.57	24.561
356.78	92.308
357.00	-279.592
357.22	53.684
357.43	96.203
357.65	116.477
357.87	74.046
358.08	93.966
358.30	67.241
358.51	49.686
358.73	19.429
358.95	138.596
359.16	115.789
359.38	1400.000
359.60	84.768
359.81	240.000
360.03	15.254
360.24	-55.000
360.46	23.750
360.68	135.897
360.89	96.471
361.11	59.091
361.33	57.282
361.54	111.111
361.76	107.254
361.97	100.966
362.19	46.199
362.41	96.386
362.62	-12.698
362.84	-22.222
363.05	49.275
363.27	-80.000
363.49	-25.806
363.70	87.143
363.92	10.714
364.13	73.596
364.35	36.145
364.57	81.935
364.78	9.091
365.00	43.750
365.21	64.407
365.43	45.205
365.65	80.000
365.86	69.149
366.08	132.394
366.29	-122.449
366.51	153.247
366.73	75.248
366.94	74.757
367.16	41.447
367.37	178.125
367.59	40.449
367.80	828.571
368.02	18.182
368.24	20.833
368.45	90.598
368.67	-32.653
368.88	34.483
369.10	-357.143
369.31	107.692
369.53	74.380
369.75	111.290
369.96	26.712
370.18	152.500
370.39	109.821
370.61	120.690
370.82	111.702
371.04	23.226
371.26	59.843
371.47	43.151
371.69	40.506
371.90	60.377
372.12	89.706
372.33	88.608
372.55	37.736
372.76	61.682
372.98	-133.333
373.20	56.938
373.41	47.418
373.63	-6.667
373.84	56.604
374.06	34.513
374.27	177.500
374.49	107.143
374.70	15.812
374.92	6.818
375.13	68.159
375.35	69.101
375.57	137.383
375.78	58.824
376.00	92.715
376.21	77.143
376.43	72.656
376.64	130.822
376.86	125.490
377.07	-23.077
377.29	110.778
377.50	49.587
377.72	68.750
377.93	234.000
378.15	32.877
378.36	79.381
378.58	40.506
378.80	20.619
379.01	62.937
379.23	-26.000
379.44	66.071
379.66	21.778
379.87	115.873
380.09	69.663
380.30	-9.091
380.52	31.727
380.73	80.645
380.95	91.111
381.16	93.416
381.38	58.192
381.59	106.000
381.81	59.394
382.02	65.563
382.24	88.415
382.45	47.500
382.67	52.174
382.88	51.389
383.10	112.409
383.31	66.929
383.53	80.500
383.74	53.793
383.96	94.483
384.17	38.813
384.39	60.674
384.60	12.575
384.82	92.793
385.03	85.096
385.25	200.000
385.46	62.595
385.68	87.778
385.89	56.287
386.11	185.217
386.32	95.238
386.54	55.556
386.75	82.963
386.97	72.065
387.18	94.937
387.40	97.093
387.61	67.857
387.83	91.011
388.04	-192.000
388.25	-8.065
388.47	86.550
388.68	141.176
388.90	78.022
389.11	32.727
389.33	41.420
389.54	69.307
389.76	75.263
389.97	90.604
390.19	-15.108
390.40	8.730
390.62	44.937
390.83	47.826
391.05	76.652
391.26	39.403
391.47	87.958
391.69	163.194
391.90	110.050
392.12	64.646
392.33	137.209
392.55	80.838
392.76	116.959
392.98	57.194
393.19	71.687
393.41	50.676
393.62	102.703
393.83	59.898
394.05	65.041
394.26	51.351
394.48	63.426
394.69	98.625
394.91	46.311
395.12	68.093
395.34	83.495
395.55	22.396
395.76	55.363
395.98	71.642
396.19	67.582
396.41	79.798
396.62	47.710
396.84	96.043
397.05	-2.778
397.26	43.165
397.48	51.361
397.69	82.955
397.91	31.839
398.12	75.768
398.33	51.311
398.55	49.716
398.76	107.634
398.98	66.202
399.19	48.958
399.41	42.857
399.62	59.756
399.83	37.801
400.05	-1.322
400.26	75.758
400.48	63.333
400.69	27.178
400.90	64.483
401.12	48.295
401.33	30.448
401.55	50.233
401.76	86.207
401.97	69.811
402.19	53.237
402.40	74.521
402.62	45.333
402.83	43.522
403.04	30.211
403.26	2.941
403.47	74.564
403.69	48.246
403.90	57.258
404.11	69.231
404.33	48.409
404.54	55.472
404.76	71.579
404.97	14.885
405.18	50.588
405.40	35.825
405.61	56.270
405.83	51.775
406.04	52.632
406.25	40.379
406.47	65.316
406.68	55.131
406.89	53.731
407.11	49.881
407.32	60.106
407.54	50.980
407.75	42.090
407.96	54.230
408.18	34.034
408.39	47.573
408.60	44.697
408.82	58.021
409.03	32.798
409.24	51.515
409.46	39.331
409.67	41.365
409.89	56.075
410.10	78.022
410.31	72.680
410.53	51.860
410.74	26.078
410.95	47.870
411.17	52.922
411.38	41.569
411.59	72.949
411.81	51.346
412.02	48.369
412.23	55.889
412.45	33.846
412.66	47.587
412.87	26.050
413.09	63.186
413.30	33.907
413.51	41.355
413.73	25.825
413.94	51.938
414.15	35.438
414.37	51.098
414.58	46.850
414.79	27.424
415.01	44.769
415.22	42.960
415.43	24.187
415.65	28.807
415.86	28.874
416.07	23.655
416.29	32.842
416.50	35.745
416.71	33.654
416.93	33.507
417.14	26.543
417.35	21.130
417.57	32.635
417.78	32.025
417.99	44.785
418.21	28.474
418.42	36.934
418.63	23.224
418.85	-140.132
419.06	24.254
419.27	28.476
419.48	27.710
419.70	26.509
419.91	26.983
420.12	26.989
420.34	28.091
420.55	18.697
420.76	35.846
420.98	27.713
421.19	14.390
421.40	25.834
421.61	25.786
421.83	19.041
422.04	28.181
422.25	17.036
422.47	26.882
422.68	29.768
422.89	18.102
423.11	25.184
423.32	24.952
423.53	21.950
423.74	24.290
423.96	21.102
424.17	18.865
424.38	25.166
424.59	21.953
424.81	23.077
425.02	18.636
425.23	24.121
425.45	25.725
425.66	20.257
425.87	19.851
426.08	18.969
426.30	17.115
426.51	17.484
426.72	15.309
426.93	17.813
427.15	16.327
427.36	17.691
427.57	12.991
427.79	19.636
428.00	13.551
428.21	66.796
428.42	22.207
428.64	22.749
428.85	19.654
429.06	17.467
429.27	14.364
429.49	13.928
429.70	13.577
429.91	18.611
430.12	14.177
430.34	15.335
430.55	14.485
430.76	11.938
430.97	17.861
431.19	18.939
431.40	15.772
431.61	15.959
431.82	14.130
432.03	20.546
432.25	17.701
432.46	17.664
432.67	18.333
432.88	17.470
433.10	15.238
433.31	16.067
433.52	15.555
433.73	12.187
433.95	14.754
434.16	12.766
434.37	13.550
434.58	15.945
434.79	13.818
435.01	12.020
435.22	15.571
435.43	13.018
435.64	13.880
435.86	15.239
436.07	14.444
436.28	18.632
436.49	15.074
436.70	18.017
436.92	13.531
437.13	11.379
437.34	16.908
437.55	12.610
437.76	8.626
437.98	12.736
438.19	12.858
438.40	13.582
438.61	16.102
438.82	14.398
439.04	13.658
439.25	13.641
439.46	13.201
439.67	13.846
439.88	11.877
440.10	14.166
440.31	13.879
440.52	13.841
440.73	14.754
440.94	13.625
441.16	15.678
441.37	12.258
441.58	16.662
441.79	12.253
442.00	12.905
442.21	13.797
442.43	17.063
442.64	12.404
442.85	14.526
443.06	15.429
443.27	14.701
443.48	13.342
443.70	15.317
443.91	14.943
444.12	14.693
444.33	16.444
444.54	13.039
444.75	15.690
444.97	11.456
445.18	13.421
445.39	14.530
445.60	14.806
445.81	14.603
446.02	10.957
446.24	11.704
446.45	16.209
446.66	13.027
446.87	11.583
447.08	13.131
447.29	15.035
447.51	13.115
447.72	13.104
447.93	12.194
448.14	12.892
448.35	15.962
448.56	14.648
448.77	15.148
448.99	14.204
449.20	13.381
449.41	12.760
449.62	16.698
449.83	14.430
450.04	13.554
450.25	16.281
450.46	14.303
450.68	13.460
450.89	14.337
451.10	15.987
451.31	15.206
451.52	15.078
451.73	14.372
451.94	17.452
452.15	14.280
452.37	13.369
452.58	14.306
452.79	15.666
453.00	12.968
453.21	18.103
453.42	15.416
453.63	13.615
453.84	15.932
454.06	16.196
454.27	15.144
454.48	14.589
454.69	16.572
454.90	13.364
455.11	13.918
455.32	16.604
455.53	16.013
455.74	15.074
455.95	13.736
456.17	14.797
456.38	14.760
456.59	14.095
456.80	15.165
457.01	16.724
457.22	14.441
457.43	17.616
457.64	14.344
457.85	14.058
458.06	14.371
458.27	14.909
458.49	15.655
458.70	15.279
458.91	15.544
459.12	16.586
459.33	16.625
459.54	17.424
459.75	14.593
459.96	13.809
460.17	15.063
460.38	15.861
460.59	13.588
460.80	14.325
461.01	15.894
461.23	16.819
461.44	15.716
461.65	15.342
461.86	13.655
462.07	14.985
462.28	15.863
462.49	15.756
462.70	13.791
462.91	16.253
463.12	15.019
463.33	14.807
463.54	14.320
463.75	16.438
463.96	15.993
464.17	14.914
464.38	15.221
464.59	15.057
464.81	14.864
465.02	16.237
465.23	15.122
465.44	16.414
465.65	16.525
465.86	15.163
466.07	15.145
466.28	15.185
466.49	15.543
466.70	16.755
466.91	14.204
467.12	16.012
467.33	15.292
467.54	13.339
467.75	15.300
467.96	16.690
468.17	16.699
468.38	16.108
468.59	15.430
468.80	15.928
469.01	16.439
469.22	15.465
469.43	14.771
469.64	15.029
469.85	15.589
470.06	15.963
470.27	15.397
470.48	15.841
470.69	14.941
470.90	15.903
471.11	14.869
471.32	15.268
471.53	15.501
471.74	15.769
471.95	17.160
472.16	15.396
472.37	13.566
472.58	15.601
472.79	15.918
473.00	15.963
473.21	15.895
473.42	15.751
473.63	15.509
473.84	15.377
474.05	16.406
474.26	15.611
474.47	14.847
474.68	14.427
474.89	15.925
475.10	16.333
475.31	16.168
475.52	16.819
475.73	16.413
475.94	16.766
476.15	16.294
476.36	14.303
476.57	16.146
476.78	16.212
476.99	15.610
477.20	16.843
477.41	16.640
477.62	15.348
477.83	15.769
478.04	16.026
478.25	16.395
478.46	16.437
478.67	14.843
478.88	16.342
479.09	15.899
479.30	14.576
479.51	17.129
479.72	15.641
479.93	16.121
480.14	16.594
480.35	15.754
480.56	15.232
480.77	16.051
480.98	16.468
481.18	15.576
481.39	15.995
481.60	15.965
481.81	16.847
482.02	15.147
482.23	15.827
482.44	15.701
482.65	16.110
482.86	15.936
483.07	16.686
483.28	15.444
483.49	16.742
483.70	15.465
483.91	17.093
484.12	15.211
484.33	16.800
484.53	16.085
484.74	15.471
484.95	16.182
485.16	17.227
485.37	16.362
485.58	15.654
485.79	16.148
486.00	16.530
486.21	16.434
486.42	17.261
486.63	16.010
486.84	16.149
487.05	16.057
487.25	16.975
487.46	16.829
487.67	15.811
487.88	16.095
488.09	16.374
488.30	16.798
488.51	16.127
488.72	15.982
488.93	16.763
489.14	16.910
489.35	15.765
489.55	16.787
489.76	16.542
489.97	15.913
490.18	16.679
490.39	16.820
490.60	17.120
490.81	16.211
491.02	16.773
491.23	15.815
491.43	15.859
491.64	16.414
491.85	16.263
492.06	16.710
492.27	16.358
492.48	16.607
492.69	16.232
492.90	16.346
493.11	16.358
493.31	16.071
493.52	15.535
493.73	17.680
493.94	16.348
494.15	16.678
494.36	15.477
494.57	16.202
494.78	16.202
494.98	17.322
495.19	15.818
495.40	16.544
495.61	16.908
495.82	17.081
496.03	17.241
496.24	16.688
496.44	16.695
496.65	16.221
496.86	16.338
497.07	16.889
497.28	16.774
497.49	17.054
497.70	16.475
497.90	16.477
498.11	17.163
498.32	16.959
498.53	16.733
498.74	16.802
498.95	16.826
499.15	17.202
499.36	16.542
499.57	17.076
499.78	16.844
499.99	17.119
500.20	17.057
500.40	17.460
500.61	16.592
500.82	16.994
501.03	17.056
501.24	16.235
501.45	16.631
501.65	16.788
501.86	16.488
502.07	16.940
502.28	17.628
502.49	17.395
502.70	16.865
502.90	16.626
503.11	17.279
503.32	17.183
503.53	16.768
503.74	16.700
503.94	17.388
504.15	17.396
504.36	16.985
504.57	17.365
504.78	17.196
504.98	16.758
505.19	17.940
505.40	17.235
505.61	17.045
505.82	16.995
506.02	17.693
506.23	17.194
506.44	16.909
506.65	16.881
506.86	17.116
507.06	17.312
507.27	17.810
507.48	16.579
507.69	17.837
507.90	16.680
508.10	17.417
508.31	17.004
508.52	17.452
508.73	17.972
508.94	17.628
509.14	17.548
509.35	17.780
509.56	17.926
509.77	17.170
509.97	17.493
510.18	17.438
510.39	17.282
510.60	17.228
510.80	17.803
511.01	17.743
511.22	17.598
511.43	17.621
511.64	17.736
511.84	17.318
512.05	17.867
512.26	17.372
512.47	17.888
512.67	18.089
512.88	18.229
513.09	18.445
513.30	17.210
513.50	17.886
513.71	18.297
513.92	18.600
514.13	17.961
514.33	18.137
514.54	18.304
514.75	18.294
514.96	18.202
515.16	18.375
515.37	18.561
515.58	19.303
515.78	18.218
515.99	18.446
516.20	18.596
516.41	18.910
516.61	18.419
516.82	18.986
517.03	18.793
517.24	18.469
517.44	19.048
517.65	18.946
517.86	18.640
518.07	18.909
518.27	19.228
518.48	19.146
518.69	19.646
518.89	19.468
519.10	19.520
519.31	19.030
519.52	19.584
519.72	19.568
519.93	19.381
520.14	20.132
520.34	19.772
520.55	19.573
520.76	19.818
520.96	19.570
521.17	19.250
521.38	19.856
521.59	20.342
521.79	20.140
522.00	20.571
522.21	19.944
522.41	20.566
522.62	20.522
522.83	20.341
523.03	20.266
523.24	20.259
523.45	20.185
523.66	21.177
523.86	20.972
524.07	21.104
524.28	21.270
524.48	20.949
524.69	21.267
524.90	21.066
525.10	21.141
525.31	21.755
525.52	22.062
525.72	21.600
525.93	21.512
526.14	21.712
526.34	21.114
526.55	22.178
526.76	21.460
526.96	21.962
527.17	22.140
527.38	21.734
527.58	22.773
527.79	22.551
528.00	22.338
528.20	22.370
528.41	22.667
528.62	22.361
528.82	22.967
529.03	22.771
529.24	22.932
529.44	22.630
529.65	23.499
529.85	23.627
530.06	23.364
530.27	23.159
530.47	23.003
530.68	23.219
530.89	23.277
531.09	23.495
531.30	24.038
531.51	23.846
531.71	24.063
531.92	24.155
532.13	23.707
532.33	23.683
532.54	24.242
532.74	24.498
532.95	24.288
533.16	23.890
533.36	24.885
533.57	24.142
533.78	24.459
533.98	24.191
534.19	24.667
534.39	24.894
534.60	24.743
534.81	24.602
535.01	24.955
535.22	25.381
535.42	24.618
535.63	24.658
535.84	25.286
536.04	25.517
536.25	25.096
536.45	25.321
536.66	25.830
536.87	25.476
537.07	25.487
537.28	25.298
537.48	24.909
537.69	25.388
537.90	25.295
538.10	25.925
538.31	25.393
538.51	25.383
538.72	25.804
538.93	25.661
539.13	25.575
539.34	25.915
539.54	26.084
539.75	25.756
539.96	25.453
540.16	26.083
540.37	25.605
540.57	25.776
540.78	25.945
540.98	26.064
541.19	25.956
541.40	26.288
541.60	26.169
541.81	26.436
542.01	26.479
542.22	26.140
542.42	26.469
542.63	26.104
542.83	25.973
543.04	26.060
543.25	25.699
543.45	26.074
543.66	26.342
543.86	26.229
544.07	26.015
544.27	26.273
544.48	26.215
544.68	26.619
544.89	26.804
545.10	26.484
545.30	26.221
545.51	26.503
545.71	25.834
545.92	26.698
546.12	26.257
546.33	26.257
546.53	26.549
546.74	26.260
546.94	26.096
547.15	26.697
547.36	26.427
547.56	26.627
547.77	26.332
547.97	26.662
548.18	26.071
548.38	26.337
548.59	26.260
548.79	26.524
549.00	26.887
549.20	26.702
549.41	27.218
549.61	27.118
549.82	26.874
550.02	26.557
550.23	26.913
550.43	26.839
550.64	26.704
550.84	26.575
551.05	27.218
551.25	26.731
551.46	27.329
551.66	26.508
551.87	26.854
552.07	26.943
552.28	26.811
552.48	26.676
552.69	26.926
552.89	27.128
553.10	26.812
553.30	26.931
553.51	27.160
553.71	26.885
553.92	26.838
554.12	27.190
554.33	27.046
554.53	27.032
554.74	27.207
554.94	27.116
555.15	26.991
555.35	27.241
555.56	27.045
555.76	27.132
555.97	26.977
556.17	27.337
556.38	27.029
556.58	27.067
556.78	27.287
556.99	27.104
557.19	27.043
557.40	27.289
557.60	27.421
557.81	27.070
558.01	26.904
558.22	27.269
558.42	27.095
558.63	26.957
558.83	27.210
559.04	27.633
559.24	27.130
559.44	27.139
559.65	27.164
559.85	26.990
560.06	26.622
560.26	26.961
560.47	27.232
560.67	31.542
560.88	26.589
561.08	27.201
561.28	27.267
561.49	27.274
561.69	27.346
561.90	26.912
562.10	26.794
562.31	27.244
562.51	26.874
562.71	26.582
562.92	26.858
563.12	26.731
563.33	26.761
563.53	27.014
563.74	26.715
563.94	26.647
564.14	26.795
564.35	26.363
564.55	26.884
564.76	26.773
564.96	26.422
565.17	26.916
565.37	26.383
565.57	26.509
565.78	26.739
565.98	26.285
566.19	26.608
566.39	26.517
566.59	25.974
566.80	26.026
567.00	26.297
567.21	26.047
567.41	26.208
567.61	25.993
567.82	26.152
568.02	25.832
568.23	25.936
568.43	26.358
568.63	26.311
568.84	26.042
569.04	25.710
569.24	25.232
569.45	25.534
569.65	25.704
569.86	25.758
570.06	25.714
570.26	25.770
570.47	25.174
570.67	25.162
570.87	25.719
571.08	25.253
571.28	24.773
571.49	25.343
571.69	25.185
571.89	25.310
572.10	25.211
572.30	25.431
572.50	25.459
572.71	25.001
572.91	25.312
573.11	24.624
573.32	24.918
573.52	24.482
573.73	24.731
573.93	24.711
574.13	24.555
574.34	24.319
574.54	24.265
574.74	24.111
574.95	24.825
575.15	24.472
575.35	24.598
575.56	24.054
575.76	23.888
575.96	23.681
576.17	24.258
576.37	24.189
576.57	24.173
576.78	23.795
576.98	23.952
577.18	23.746
577.39	23.817
577.59	23.865
577.79	23.705
578.00	23.350
578.20	23.670
578.40	23.519
578.61	23.113
578.81	23.455
579.01	23.391
579.22	23.517
579.42	23.168
579.62	22.907
579.82	23.012
580.03	22.713
580.23	23.233
580.43	23.310
580.64	22.986
580.84	22.768
581.04	23.031
581.25	23.382
581.45	23.159
581.65	22.844
581.86	22.972
582.06	22.931
582.26	22.938
582.46	22.601
582.67	22.689
582.87	22.805
583.07	22.786
583.28	22.565
583.48	22.518
583.68	22.417
583.88	22.755
584.09	22.361
584.29	21.969
584.49	22.458
584.70	22.707
584.90	22.638
585.10	22.000
585.30	22.409
585.51	22.211
585.71	22.694
585.91	22.168
586.11	22.344
586.32	22.059
586.52	22.495
586.72	21.906
586.92	22.167
587.13	22.215
587.33	21.972
587.53	22.144
587.74	22.152
587.94	22.095
588.14	22.124
588.34	22.152
588.55	22.291
588.75	21.956
588.95	21.685
589.15	21.975
589.36	21.718
589.56	21.472
589.76	22.035
589.96	21.582
590.16	21.995
590.37	21.198
590.57	21.687
590.77	22.073
590.97	21.821
591.18	21.593
591.38	22.118
591.58	26.545
591.78	21.002
591.99	21.447
592.19	21.330
592.39	21.906
592.59	21.832
592.79	21.957
593.00	21.855
593.20	21.672
593.40	21.921
593.60	22.050
593.81	21.476
594.01	21.724
594.21	21.534
594.41	21.827
594.61	21.893
594.82	21.469
595.02	21.501
595.22	21.178
595.42	21.723
595.62	21.328
595.83	21.611
596.03	21.453
596.23	21.513
596.43	21.398
596.63	21.325
596.84	21.559
597.04	21.259
597.24	21.422
597.44	21.498
597.64	21.312
597.84	21.364
598.05	21.342
598.25	21.360
598.45	21.059
598.65	21.623
598.85	21.424
599.06	21.327
599.26	21.179
599.46	21.637
599.66	21.552
599.86	21.449
600.06	21.444
600.27	21.393
600.47	21.499
600.67	21.049
600.87	21.500
601.07	21.484
601.27	21.068
601.48	21.503
601.68	21.396
601.88	21.492
602.08	21.343
602.28	21.392
602.48	21.523
602.68	21.154
602.89	21.452
603.09	21.195
603.29	21.047
603.49	21.694
603.69	21.033
603.89	21.303
604.09	21.183
604.30	21.049
604.50	21.577
604.70	21.273
604.90	21.390
605.10	21.269
605.30	21.162
605.50	21.132
605.71	21.366
605.91	21.237
606.11	21.352
606.31	21.048
606.51	21.592
606.71	21.053
606.91	20.947
607.11	21.335
607.32	21.766
607.52	21.157
607.72	21.069
607.92	21.147
608.12	21.170
608.32	21.314
608.52	21.031
608.72	21.313
608.92	20.953
609.12	21.373
609.33	21.100
609.53	21.234
609.73	21.059
609.93	20.943
610.13	21.413
610.33	21.066
610.53	21.162
610.73	21.080
610.93	21.290
611.13	21.035
611.34	21.388
611.54	20.945
611.74	21.154
611.94	21.025
612.14	21.017
612.34	21.059
612.54	21.123
612.74	21.042
612.94	21.408
613.14	21.039
613.34	21.145
613.54	21.066
613.74	21.219
613.95	21.067
614.15	21.199
614.35	20.788
614.55	20.806
614.75	21.033
614.95	21.338
615.15	20.762
615.35	21.029
615.55	21.155
615.75	21.129
615.95	20.722
616.15	21.063
616.35	21.280
616.55	20.608
616.75	20.939
616.95	20.899
617.15	20.763
617.35	20.907
617.56	20.580
617.76	20.951
617.96	21.046
618.16	20.930
618.36	21.041
618.56	20.612
618.76	21.289
618.96	20.646
619.16	20.770
619.36	21.065
619.56	20.752
619.76	20.754
619.96	20.787
620.16	20.591
620.36	20.833
620.56	20.885
620.76	20.660
620.96	20.669
621.16	20.652
621.36	20.598
621.56	20.429
621.76	20.682
621.96	20.757
622.16	20.653
622.36	20.911
622.56	20.614
622.76	20.887
622.96	20.397
623.16	20.596
623.36	20.484
623.56	20.844
623.76	20.696
623.96	20.605
624.16	20.728
624.36	20.669
624.56	20.775
624.76	20.750
624.96	20.638
625.16	20.493
625.36	21.012
625.56	20.706
625.76	21.061
625.96	20.371
626.16	20.272
626.36	20.613
626.56	20.467
626.76	20.891
626.96	20.656
627.16	20.004
627.36	20.327
627.56	20.479
627.76	20.316
627.96	20.688
628.16	20.414
628.36	20.667
628.56	20.571
628.75	20.813
628.95	20.667
629.15	20.795
629.35	20.699
629.55	20.443
629.75	20.502
629.95	20.652
630.15	20.646
630.35	20.646
630.55	20.694
630.75	20.512
630.95	20.341
631.15	20.551
631.35	20.352
631.55	20.511
631.75	20.450
631.95	20.310
632.15	20.611
632.34	20.601
632.54	20.658
632.74	20.457
632.94	20.513
633.14	20.533
633.34	20.315
633.54	20.499
633.74	20.442
633.94	20.551
634.14	20.825
634.34	20.546
634.54	20.767
634.74	20.576
634.93	20.449
635.13	20.638
635.33	20.170
635.53	20.472
635.73	20.427
635.93	20.599
636.13	20.493
636.33	20.142
636.53	20.453
636.73	20.547
636.93	20.688
637.12	20.481
637.32	20.322
637.52	20.601
637.72	20.497
637.92	20.374
638.12	20.452
638.32	20.378
638.52	20.681
638.72	20.290
638.91	20.258
639.11	20.408
639.31	20.472
639.51	20.122
639.71	20.323
639.91	20.238
640.11	20.357
640.31	20.152
640.50	20.164
640.70	20.248
640.90	20.439
641.10	20.076
641.30	20.071
641.50	20.120
641.70	20.282
641.89	20.184
642.09	20.266
642.29	20.534
642.49	20.232
642.69	20.014
642.89	20.486
643.09	20.589
643.28	20.422
643.48	19.996
643.68	20.160
643.88	20.009
644.08	20.118
644.28	19.633
644.48	20.098
644.67	19.955
644.87	20.237
645.07	20.315
645.27	20.111
645.47	20.069
645.67	19.998
645.86	19.929
646.06	20.271
646.26	19.939
646.46	19.914
646.66	19.902
646.85	20.012
647.05	19.775
647.25	19.815
647.45	19.643
647.65	19.820
647.85	20.113
648.04	19.800
648.24	19.856
648.44	19.916
648.64	19.676
648.84	20.075
649.03	19.574
649.23	19.599
649.43	19.915
649.63	19.787
649.83	20.165
650.02	19.747
650.22	19.793
650.42	19.771
650.62	19.629
650.82	19.916
651.01	19.752
651.21	19.881
651.41	19.792
651.61	19.981
651.81	19.747
652.00	19.862
652.20	19.877
652.40	19.749
652.60	19.627
652.79	20.059
652.99	19.592
653.19	19.786
653.39	20.055
653.59	19.681
653.78	20.034
653.98	19.683
654.18	19.901
654.38	19.533
654.57	19.525
654.77	19.775
654.97	19.914
655.17	19.412
655.36	19.661
655.56	19.656
655.76	19.694
655.96	19.694
656.15	19.489
656.35	19.800
656.55	19.502
656.75	19.910
656.94	19.584
657.14	19.844
657.34	19.616
657.54	19.691
657.73	19.897
657.93	19.696
658.13	19.659
658.33	19.404
658.52	19.681
658.72	19.207
658.92	19.328
659.11	19.601
659.31	19.871
659.51	19.632
659.71	19.680
659.90	19.631
660.10	19.578
660.30	19.772
660.50	19.466
660.69	19.438
660.89	19.928
661.09	19.552
661.28	19.807
661.48	19.962
661.68	19.417
661.87	19.740
662.07	19.981
662.27	19.630
662.47	19.807
662.66	19.641
662.86	19.685
663.06	19.708
663.25	19.628
663.45	19.813
663.65	19.953
663.84	19.849
664.04	19.494
664.24	19.579
664.44	19.268
664.63	19.897
664.83	19.739
665.03	19.769
665.22	19.891
665.42	19.639
665.62	19.961
665.81	19.916
666.01	19.853
666.21	19.807
666.40	19.775
666.60	19.797
666.80	19.622
666.99	19.785
667.19	19.631
667.39	19.467
667.58	19.850
667.78	19.826
667.98	19.216
668.17	19.711
668.37	19.608
668.57	19.800
668.76	19.605
668.96	19.880
669.16	19.827
669.35	19.850
669.55	19.828
669.74	19.784
669.94	19.810
670.14	19.817
670.33	19.612
670.53	19.560
670.73	19.783
670.92	20.092
671.12	19.834
671.32	19.829
671.51	19.930
671.71	19.848
671.90	19.885
672.10	19.767
672.30	19.923
672.49	19.850
672.69	19.617
672.89	19.892
673.08	19.700
673.28	19.832
673.47	20.054
673.67	19.748
673.87	20.117
674.06	19.937
674.26	20.072
674.45	20.156
674.65	20.300
674.85	19.906
675.04	19.979
675.24	20.245
675.43	19.968
675.63	19.990
675.83	19.934
676.02	20.122
676.22	20.132
676.41	19.916
676.61	20.020
676.81	19.902
677.00	19.868
677.20	20.033
677.39	19.715
677.59	20.179
677.79	20.278
677.98	20.187
678.18	19.977
678.37	20.050
678.57	20.051
678.76	20.258
678.96	20.095
679.16	20.202
679.35	20.486
679.55	20.171
679.74	20.267
679.94	20.068
680.13	20.522
680.33	20.117
680.53	20.037
680.72	20.134
680.92	20.262
681.11	19.909
681.31	20.054
681.50	20.390
681.70	20.402
681.89	20.352
682.09	20.061
682.28	20.662
682.48	20.081
682.68	20.474
682.87	20.190
683.07	20.281
683.26	20.148
683.46	20.618
683.65	20.185
683.85	20.539
684.04	20.200
684.24	20.146
684.43	20.478
684.63	20.098
684.82	20.512
685.02	20.585
685.21	20.324
685.41	20.487
685.60	20.403
685.80	20.448
686.00	20.750
686.19	20.334
686.39	20.300
686.58	20.654
686.78	20.873
686.97	20.779
687.17	20.693
687.36	20.417
687.56	20.687
687.75	20.759
687.95	20.752
688.14	20.573
688.34	20.696
688.53	20.539
688.73	20.531
688.92	20.357
689.12	20.542
689.31	20.563
689.51	20.619
689.70	20.564
689.89	20.988
690.09	20.677
690.28	20.423
690.48	20.763
690.67	20.510
690.87	20.614
691.06	20.655
691.26	20.709
691.45	21.171
691.65	20.902
691.84	21.079
692.04	20.968
692.23	20.924
692.43	20.979
692.62	21.305
692.82	20.802
693.01	21.066
693.20	21.279
693.40	21.482
693.59	21.317
693.79	20.918
693.98	20.907
694.18	21.192
694.37	21.470
694.57	21.378
694.76	21.622
694.95	21.566
695.15	21.538
695.34	21.412
695.54	21.651
695.73	21.713
695.93	22.076
696.12	22.123
696.32	22.240
696.51	22.124
696.70	22.272
696.90	22.776
697.09	22.645
697.29	22.572
697.48	22.879
697.67	23.335
697.87	23.090
698.06	23.108
698.26	23.359
698.45	23.500
698.65	23.920
698.84	23.985
699.03	24.099
699.23	24.058
699.42	24.334
699.62	24.645
699.81	24.802
700.00	24.489
700.20	24.907
700.39	25.125
700.59	25.481
700.78	25.361
700.97	26.051
701.17	25.798
701.36	26.037
701.56	26.682
701.75	26.796
701.94	26.899
702.14	27.059
702.33	27.032
702.52	27.003
702.72	27.720
702.91	27.929
703.11	27.790
703.30	28.416
703.49	28.357
703.69	28.394
703.88	29.080
704.07	29.249
704.27	29.491
704.46	29.524
704.66	29.839
704.85	30.249
705.04	30.575
705.24	30.413
705.43	30.864
705.62	31.061
705.82	31.553
706.01	31.307
706.20	31.772
706.40	32.044
706.59	32.513
706.78	32.489
706.98	32.860
707.17	33.206
707.36	33.435
707.56	33.288
707.75	33.898
707.94	33.725
708.14	34.720
708.33	34.640
708.52	34.507
708.72	35.126
708.91	35.442
709.10	35.543
709.30	35.884
709.49	35.775
709.68	36.361
709.88	36.412
710.07	36.917
710.26	37.046
710.46	37.444
710.65	36.883
710.84	37.776
711.04	37.836
711.23	38.199
711.42	38.315
711.61	38.694
711.81	38.833
712.00	39.421
712.19	39.610
712.39	39.726
712.58	40.180
712.77	40.409
712.97	40.141
713.16	40.352
713.35	40.617
713.54	41.434
713.74	41.464
713.93	41.816
714.12	41.901
714.32	41.983
714.51	41.708
714.70	42.285
714.89	42.590
715.09	43.358
715.28	43.235
715.47	43.629
715.66	43.410
715.86	44.188
716.05	44.097
716.24	44.356
716.44	44.609
716.63	45.713
716.82	45.702
717.01	45.772
717.21	45.889
717.40	46.046
717.59	46.328
717.78	46.511
717.98	47.005
718.17	47.060
718.36	47.398
718.55	47.632
718.75	47.584
718.94	47.927
719.13	48.032
719.32	48.434
719.52	48.688
719.71	49.188
719.90	49.639
720.09	49.676
720.28	49.970
720.48	49.319
720.67	50.457
720.86	50.638
721.05	50.175
721.25	51.110
721.44	51.129
721.63	51.652
721.82	51.336
722.01	51.901
722.21	51.800
722.40	52.690
722.59	52.749
722.78	52.926
722.98	53.526
723.17	53.387
723.36	53.931
723.55	54.169
723.74	54.467
723.94	54.704
724.13	54.408
724.32	55.003
724.51	55.067
724.70	55.666
724.89	55.662
725.09	55.890
725.28	56.548
725.47	56.574
725.66	56.548
725.85	57.259
726.05	57.503
726.24	57.723
726.43	57.063
726.62	57.764
726.81	57.944
727.00	58.536
727.20	59.105
727.39	58.865
727.58	59.557
727.77	58.965
727.96	59.545
728.15	59.514
728.35	59.948
728.54	59.913
728.73	60.466
728.92	60.835
729.11	60.462
729.30	60.849
729.50	61.075
729.69	60.950
729.88	61.766
730.07	61.597
730.26	62.115
730.45	61.457
730.64	62.563
730.84	62.409
731.03	62.849
731.22	63.160
731.41	62.974
731.60	63.390
731.79	63.656
731.98	64.213
732.18	64.333
732.37	63.999
732.56	64.444
732.75	64.414
732.94	64.159
733.13	65.547
733.32	65.153
733.51	65.095
733.71	65.593
733.90	65.995
734.09	65.493
734.28	66.175
734.47	66.004
734.66	65.740
734.85	66.492
735.04	66.723
735.23	66.612
735.42	67.224
735.62	67.144
735.81	67.378
736.00	67.307
736.19	67.922
736.38	67.898
736.57	67.640
736.76	67.802
736.95	68.055
737.14	68.784
737.33	69.092
737.52	69.819
737.72	69.287
737.91	68.813
738.10	68.792
738.29	69.010
738.48	68.539
738.67	68.964
738.86	69.594
739.05	69.087
739.24	69.932
739.43	70.169
739.62	70.357
739.81	70.193
740.00	70.058
740.19	70.822
740.39	71.034
740.58	71.466
740.77	70.879
740.96	71.451
741.15	71.393
741.34	70.596
741.53	70.966
741.72	71.851
741.91	71.845
742.10	71.818
742.29	71.943
742.48	72.209
742.67	72.539
742.86	72.196
743.05	72.098
743.24	72.518
743.43	72.818
743.62	72.086
743.81	72.800
744.00	73.216
744.19	73.030
744.38	73.044
744.57	72.624
744.76	73.268
744.95	73.226
745.14	72.936
745.33	73.742
745.52	73.207
745.71	74.392
745.90	73.394
746.09	73.629
746.28	74.355
746.47	74.375
746.66	74.146
746.85	74.047
747.04	74.270
747.23	73.620
747.42	74.088
747.61	74.770
747.80	74.079
747.99	74.090
748.18	74.412
748.37	74.433
748.56	74.166
748.75	74.188
748.94	74.708
749.13	74.097
749.32	74.574
749.51	75.362
749.70	75.428
749.89	75.569
750.08	75.376
750.27	75.166
750.46	75.205
750.65	75.496
750.84	75.058
751.03	75.913
751.22	75.737
751.41	76.076
751.60	75.936
751.79	75.272
751.98	75.432
752.17	75.492
752.36	75.533
752.55	75.778
752.74	76.498
752.93	75.593
753.12	76.363
753.30	75.711
753.49	75.382
753.68	76.491
753.87	76.689
754.06	75.726
754.25	76.267
754.44	76.253
754.63	75.881
754.82	76.117
755.01	76.811
755.20	75.986
755.39	76.329
755.58	76.674
755.77	76.899
755.96	75.969
756.14	77.141
756.33	76.747
756.52	76.097
756.71	76.393
756.90	76.836
757.09	77.570
757.28	76.507
757.47	76.684
757.66	76.330
757.85	76.647
758.04	76.751
758.22	77.478
758.41	76.875
758.60	77.035
758.79	77.053
758.98	76.806
759.17	77.177
759.36	76.877
759.55	77.168
759.74	76.482
759.92	77.283
760.11	76.604
760.30	77.224
760.49	76.604
760.68	77.527
760.87	77.380
761.06	76.574
761.25	77.552
761.43	77.065
761.62	77.384
761.81	77.249
762.00	77.031
762.19	78.133
762.38	77.531
762.57	77.300
762.76	77.060
762.94	77.529
763.13	77.268
763.32	77.756
763.51	77.584
763.70	77.950
763.89	77.220
764.07	77.406
764.26	76.948
764.45	76.897
764.64	77.720
764.83	77.616
765.02	78.126
765.21	76.913
765.39	77.524
765.58	77.255
765.77	77.597
765.96	78.117
766.15	78.451
766.34	78.232
766.52	77.733
766.71	77.774
766.90	78.243
767.09	77.610
767.28	77.634
767.46	77.676
767.65	78.290
767.84	78.160
768.03	77.651
768.22	77.861
768.40	77.715
768.59	78.295
768.78	77.652
768.97	77.718
769.16	77.770
769.34	77.167
769.53	77.605
769.72	77.991
769.91	77.796
770.10	78.028
770.28	78.161
770.47	78.291
770.66	77.303
770.85	77.788
771.04	78.278
771.22	77.217
771.41	77.813
771.60	77.715
771.79	77.545
771.98	77.850
772.16	78.176
772.35	77.921
772.54	78.158
772.73	77.858
772.91	77.798
773.10	78.297
773.29	78.123
773.48	77.780
773.66	77.463
773.85	77.471
774.04	78.048
774.23	78.076
774.41	77.882
774.60	77.948
774.79	78.090
774.98	78.263
775.16	78.473
775.35	77.793
775.54	78.422
775.73	77.077
775.91	77.898
776.10	77.912
776.29	78.132
776.48	78.347
776.66	77.367
776.85	78.469
777.04	77.635
777.23	78.604
777.41	78.070
777.60	77.802
777.79	78.369
777.97	77.990
778.16	78.051
778.35	77.752
778.54	77.125
778.72	78.246
778.91	77.273
779.10	77.468
779.28	78.063
779.47	77.471
779.66	77.338
779.85	77.655
780.03	77.558
780.22	77.681
780.41	78.686
780.59	77.901
780.78	77.470
780.97	77.358
781.15	77.717
781.34	76.709
781.53	78.392
781.71	78.007
781.90	77.636
782.09	78.253
782.27	78.594
782.46	79.188
782.65	77.164
782.84	77.306
783.02	77.993
783.21	77.967
783.40	77.993
783.58	77.614
783.77	77.501
783.96	78.463
784.14	77.661
784.33	77.609
784.52	78.149
784.70	78.010
784.89	78.247
785.07	77.627
785.26	78.288
785.45	77.446
785.63	77.817
785.82	78.391
786.01	78.722
786.19	77.795
786.38	78.637
786.57	78.737
786.75	78.460
786.94	78.766
787.13	78.501
787.31	78.331
787.50	78.051
787.68	77.494
787.87	78.278
788.06	78.513
788.24	77.912
788.43	78.209
788.62	78.093
788.80	77.383
788.99	78.263
789.17	79.030
789.36	77.907
789.55	78.404
789.73	78.343
789.92	77.743
790.10	78.605
790.29	78.350
790.48	77.715
790.66	78.916
790.85	78.048
791.03	78.116
791.22	78.723
791.41	77.515
791.59	78.432
791.78	78.680
791.96	77.838
792.15	78.551
792.34	78.424
792.52	78.520
792.71	78.076
792.89	77.963
793.08	78.264
793.27	78.156
793.45	77.912
793.64	78.276
793.82	77.654
794.01	78.291
794.19	78.006
794.38	77.978
794.57	78.468
794.75	78.209
794.94	78.047
795.12	77.698
795.31	78.247
795.49	78.447
795.68	78.119
795.86	78.638
796.05	78.100
796.24	78.424
796.42	78.457
796.61	78.443
796.79	77.716
796.98	78.844
797.16	78.619
797.35	78.891
797.53	78.534
797.72	78.417
797.90	78.096
798.09	78.084
798.27	78.787
798.46	78.206
798.65	78.327
798.83	78.602
799.02	78.059
799.20	78.223
799.39	78.348
799.57	78.586
799.76	78.536
799.94	77.915
800.13	77.873
800.31	78.091
800.50	78.655
800.68	78.312
800.87	78.686
801.05	78.679
801.24	79.064
801.42	77.911
801.61	78.016
801.79	78.817
801.98	78.148
802.16	78.801
802.35	78.253
802.53	77.907
802.72	78.227
802.90	78.335
803.09	78.390
803.27	78.553
803.46	78.220
803.64	77.133
803.83	78.667
804.01	78.312
804.20	78.693
804.38	78.562
804.56	78.100
804.75	78.941
804.93	78.246
805.12	77.859
805.30	78.213
805.49	77.904
805.67	78.662
805.86	78.160
806.04	78.876
806.23	78.384
806.41	79.150
806.59	78.333
806.78	78.390
806.96	78.227
807.15	77.812
807.33	77.683
807.52	78.653
807.70	78.050
807.89	78.265
808.07	78.249
808.25	78.710
808.44	78.248
808.62	78.248
808.81	78.609
808.99	77.927
809.18	77.675
809.36	77.761
809.54	78.797
809.73	78.055
809.91	79.060
810.10	78.448
810.28	79.258
810.47	78.610
810.65	77.927
810.83	78.283
811.02	78.374
811.20	78.536
811.39	77.966
811.57	78.447
811.75	77.884
811.94	78.136
812.12	78.222
812.31	77.770
812.49	78.411
812.67	78.654
812.86	78.221
813.04	79.146
813.23	78.046
813.41	78.580
813.59	78.578
813.78	79.154
813.96	78.056
814.14	77.775
814.33	77.832
814.51	78.195
814.70	78.588
814.88	78.148
815.06	77.836
815.25	78.028
815.43	78.518
815.61	78.543
815.80	78.158
815.98	78.547
816.16	78.508
816.35	78.104
816.53	79.270
816.72	79.330
816.90	78.302
817.08	78.521
817.27	78.591
817.45	78.700
817.63	78.013
817.82	77.439
818.00	78.295
818.18	78.041
818.37	78.849
818.55	78.661
818.73	78.246
818.92	78.361
819.10	78.500
819.28	78.829
819.47	77.919
819.65	78.280
819.83	78.677
820.02	78.735
820.20	78.412
820.38	77.983
820.57	79.134
820.75	78.768
820.93	78.677
821.11	78.526
821.30	78.519
821.48	79.357
821.66	78.410
821.85	78.345
822.03	78.352
822.21	78.028
822.40	79.559
822.58	78.531
822.76	79.256
822.94	79.045
823.13	78.214
823.31	78.227
823.49	78.625
823.68	78.626
823.86	78.724
824.04	78.072
824.22	78.803
824.41	78.605
824.59	78.587
824.77	78.186
824.96	78.989
825.14	78.241
825.32	78.725
825.50	78.794
825.69	78.570
825.87	78.794
826.05	78.933
826.23	80.210
826.42	78.950
826.60	78.468
826.78	78.334
826.96	78.552
827.15	77.851
827.33	79.668
827.51	78.861
827.69	78.414
827.88	78.634
828.06	78.252
828.24	78.402
828.42	78.978
828.61	78.160
828.79	78.614
828.97	78.576
829.15	77.782
829.34	78.461
829.52	78.401
829.70	79.223
829.88	78.983
830.06	78.986
830.25	78.605
830.43	79.444
830.61	79.067
830.79	79.366
830.97	78.895
831.16	78.694
831.34	78.641
831.52	79.405
831.70	78.610
831.89	78.750
832.07	79.116
832.25	78.333
832.43	78.497
832.61	78.317
832.80	78.618
832.98	79.121
833.16	77.823
833.34	78.287
833.52	78.397
833.70	78.384
833.89	79.083
834.07	78.428
834.25	78.236
834.43	78.925
834.61	79.177
834.80	78.167
834.98	78.627
835.16	79.595
835.34	78.577
835.52	79.147
835.70	78.182
835.89	79.473
836.07	79.054
836.25	78.113
836.43	79.176
836.61	78.503
836.79	78.472
836.97	78.807
837.16	79.186
837.34	78.466
837.52	78.817
837.70	78.530
837.88	78.651
838.06	78.475
838.24	78.653
838.43	78.745
838.61	78.786
838.79	78.812
838.97	78.809
839.15	79.340
839.33	78.768
839.51	78.127
839.70	78.704
839.88	78.744
840.06	78.958
840.24	78.542
840.42	78.268
840.60	78.886
840.78	79.743
840.96	79.081
841.14	78.969
841.33	78.067
841.51	78.804
841.69	79.134
841.87	79.033
842.05	78.770
842.23	78.810
842.41	78.983
842.59	77.808
842.77	78.731
842.95	78.693
843.14	79.993
843.32	78.420
843.50	78.130
843.68	78.605
843.86	79.071
844.04	77.685
844.22	79.088
844.40	78.563
844.58	77.645
844.76	79.366
844.94	78.443
845.12	79.055
845.30	79.324
845.49	78.722
845.67	78.250
845.85	78.717
846.03	78.109
846.21	79.129
846.39	79.037
846.57	78.434
846.75	79.227
846.93	78.846
847.11	79.031
847.29	79.205
847.47	79.172
847.65	78.652
847.83	79.085
848.01	78.074
848.19	78.337
848.37	78.518
848.55	77.974
848.73	78.851
848.91	78.364
849.09	79.130
849.27	79.026
849.46	78.810
849.64	79.198
849.82	78.350
850.00	79.389
850.18	79.603
850.36	79.058
850.54	79.404
850.72	78.978
850.90	78.732
851.08	78.053
851.26	77.591
851.44	78.515
851.62	78.512
851.80	78.661
851.98	78.210
852.16	77.949
852.34	79.607
852.52	79.602
852.70	78.026
852.88	77.901
853.06	79.346
853.24	79.315
853.42	78.684
853.60	77.572
853.78	78.526
853.96	79.024
854.14	78.819
854.31	78.879
854.49	79.468
854.67	78.951
854.85	78.765
855.03	78.478
855.21	79.078
855.39	78.730
855.57	78.772
855.75	78.688
855.93	78.286
856.11	78.867
856.29	78.913
856.47	78.655
856.65	78.344
856.83	78.792
857.01	78.915
857.19	78.399
857.37	78.936
857.55	78.940
857.73	79.358
857.91	78.538
858.09	79.592
858.26	77.674
858.44	78.897
858.62	78.756
858.80	79.365
858.98	78.113
859.16	79.577
859.34	79.378
859.52	78.748
859.70	78.664
859.88	79.095
860.06	79.271
860.24	79.731
860.42	79.287
860.59	77.601
860.77	78.620
860.95	78.525
861.13	78.633
861.31	79.393
861.49	78.204
861.67	79.311
861.85	77.848
862.03	79.032
862.21	78.240
862.38	78.726
862.56	78.687
862.74	79.060
862.92	79.278
863.10	79.216
863.28	79.225
863.46	78.938
863.64	78.980
863.82	79.817
863.99	77.801
864.17	79.218
864.35	79.937
864.53	78.950
864.71	78.601
864.89	77.984
865.07	79.395
865.24	79.523
865.42	79.014
865.60	79.440
865.78	78.478
865.96	79.280
866.14	79.157
866.32	78.268
866.49	79.310
866.67	79.754
866.85	79.114
867.03	79.348
867.21	79.860
867.39	78.165
867.56	79.209
867.74	78.620
867.92	79.154
868.10	79.602
868.28	78.343
868.46	79.817
868.63	79.454
868.81	78.729
868.99	79.311
869.17	78.712
869.35	78.416
869.53	78.972
869.70	79.562
869.88	78.353
870.06	78.853
870.24	78.543
870.42	80.048
870.59	78.064
870.77	79.147
870.95	79.632
871.13	78.108
871.31	78.525
871.48	78.268
871.66	80.322
871.84	79.014
872.02	79.750
872.20	78.243
872.37	79.165
872.55	79.146
872.73	79.407
872.91	78.487
873.08	79.039
873.26	79.472
873.44	78.072
873.62	79.504
873.80	79.028
873.97	79.610
874.15	80.161
874.33	78.783
874.51	78.971
874.68	78.703
874.86	79.169
875.04	78.547
875.22	78.857
875.39	78.695
875.57	78.883
875.75	78.590
875.93	78.768
876.10	79.146
876.28	79.116
876.46	79.464
876.64	80.084
876.81	79.235
876.99	79.511
877.17	79.017
877.35	78.453
877.52	79.580
877.70	78.827
877.88	79.041
878.06	78.794
878.23	79.504
878.41	78.695
878.59	79.248
878.76	80.104
878.94	79.120
879.12	79.350
879.30	78.856
879.47	79.262
879.65	79.478
879.83	77.814
880.00	78.934
880.18	78.636
880.36	79.089
880.53	79.299
880.71	79.975
880.89	79.619
881.07	80.788
881.24	79.567
881.42	78.634
881.60	78.237
881.77	79.531
881.95	79.305
882.13	79.948
882.30	79.733
882.48	79.662
882.66	79.889
882.83	78.835
883.01	79.554
883.19	79.259
883.36	79.252
883.54	80.061
883.72	78.771
883.89	78.911
884.07	79.299
884.25	78.213
884.42	79.284
884.60	79.465
884.78	79.333
884.95	79.001
885.13	78.531
885.31	79.036
885.48	79.970
885.66	78.809
885.84	78.935
886.01	79.316
886.19	80.102
886.36	79.043
886.54	80.018
886.72	78.755
886.89	80.311
887.07	80.387
887.25	79.483
887.42	79.279
887.60	79.184
887.78	79.908
887.95	78.582
888.13	79.223
888.30	78.412
888.48	79.200
888.66	79.378
888.83	78.004
889.01	79.018
889.18	77.112
889.36	78.413
889.54	80.079
889.71	78.857
889.89	80.609
890.06	79.921
890.24	80.185
890.42	79.649
890.59	79.990
890.77	80.100
890.94	78.709
891.12	79.118
891.30	77.567
891.47	79.107
891.65	79.293
891.82	79.271
892.00	79.325
892.17	77.865
892.35	78.506
892.53	77.803
892.70	79.438
892.88	78.500
893.05	79.553
893.23	79.966
893.40	79.495
893.58	80.052
893.75	78.485
893.93	78.695
894.11	78.784
894.28	79.052
894.46	79.217
894.63	80.523
894.81	79.589
894.98	81.088
895.16	81.374
895.33	80.294
895.51	80.400
895.68	78.766
895.86	78.731
896.04	79.118
896.21	79.281
896.39	77.984
896.56	80.064
896.74	80.065
896.91	78.391
897.09	80.778
897.26	78.074
897.44	80.709
897.61	78.639
897.79	79.217
897.96	78.969
898.14	79.567
898.31	79.345
898.49	78.954
898.66	79.470
898.84	80.034
899.01	78.678
899.19	80.411
899.36	78.278
899.54	80.228
899.71	78.733
899.89	79.590
900.06	78.791
900.24	79.288
900.41	79.508
900.59	79.651
900.76	78.865
900.94	79.386
901.11	79.510
901.29	79.324
901.46	80.355
901.63	79.648
901.81	79.110
901.98	79.266
902.16	78.714
902.33	80.155
902.51	79.651
902.68	79.740
902.86	79.034
903.03	79.368
903.21	80.000
903.38	78.422
903.56	78.755
903.73	77.984
903.90	79.433
904.08	79.413
904.25	78.492
904.43	81.031
904.60	80.178
904.78	78.794
904.95	80.576
905.12	79.610
905.30	79.528
905.47	78.436
905.65	80.403
905.82	79.755
906.00	79.088
906.17	79.379
906.34	79.726
906.52	80.468
906.69	79.668
906.87	78.686
907.04	79.317
907.21	79.604
907.39	79.143
907.56	79.825
907.74	80.792
907.91	79.453
908.08	79.070
908.26	79.050
908.43	78.515
908.61	79.672
908.78	79.137
908.95	78.661
909.13	79.181
909.30	78.445
909.48	79.844
909.65	78.578
909.82	79.594
910.00	79.882
910.17	79.096
910.34	79.037
910.52	79.834
910.69	78.868
910.87	78.468
911.04	79.425
911.21	80.297
911.39	79.186
911.56	79.773
911.73	80.258
911.91	79.115
912.08	78.667
912.25	79.057
912.43	80.648
912.60	79.543
912.77	80.016
912.95	80.584
913.12	79.345
913.29	79.842
913.47	79.302
913.64	79.135
913.81	79.718
913.99	79.128
914.16	79.665
914.33	80.152
914.51	80.798
914.68	78.588
914.85	79.979
915.03	78.703
915.20	78.501
915.37	79.820
915.55	78.336
915.72	79.863
915.89	79.115
916.07	79.104
916.24	78.225
916.41	79.241
916.59	79.647
916.76	79.144
916.93	80.171
917.10	78.994
917.28	80.756
917.45	79.507
917.62	79.277
917.80	79.762
917.97	78.198
918.14	80.897
918.31	80.163
918.49	79.284
918.66	81.021
918.83	78.031
919.01	78.314
919.18	79.683
919.35	78.617
919.52	80.504
919.70	80.245
919.87	78.053
920.04	80.060
920.21	79.133
920.39	78.349
920.56	79.028
920.73	80.148
920.90	79.450
921.08	79.905
921.25	80.055
921.42	79.319
921.59	79.424
921.77	80.110
921.94	79.391
922.11	79.119
922.28	80.516
922.46	79.434
922.63	78.538
922.80	79.815
922.97	81.084
923.15	79.715
923.32	78.900
923.49	79.665
923.66	78.636
923.83	79.697
924.01	79.859
924.18	80.616
924.35	79.667
924.52	81.411
924.69	79.948
924.87	80.043
925.04	79.332
925.21	79.862
925.38	79.463
925.55	79.976
925.73	78.343
925.90	79.672
926.07	80.835
926.24	79.268
926.41	79.682
926.59	78.747
926.76	80.161
926.93	80.993
927.10	80.077
927.27	81.269
927.45	79.490
927.62	79.413
927.79	80.075
927.96	80.973
928.13	79.496
928.30	80.113
928.48	79.901
928.65	80.286
928.82	78.819
928.99	80.705
929.16	78.573
929.33	79.322
929.50	80.811
929.68	79.852
929.85	78.890
930.02	77.133
930.19	78.959
930.36	79.821
930.53	80.530
930.70	79.012
930.88	79.741
931.05	79.677
931.22	80.458
931.39	79.925
931.56	77.742
931.73	78.160
931.90	80.189
932.08	77.304
932.25	79.389
932.42	79.284
932.59	79.410
932.76	78.618
932.93	79.886
933.10	79.254
933.27	79.547
933.44	78.811
933.62	79.795
933.79	80.567
933.96	79.648
934.13	78.357
934.30	82.171
934.47	80.175
934.64	78.903
934.81	80.212
934.98	80.860
935.15	80.152
935.32	79.920
935.50	79.625
935.67	80.449
935.84	79.908
936.01	81.559
936.18	78.244
936.35	80.125
936.52	79.636
936.69	78.578
936.86	79.227
937.03	81.485
937.20	78.867
937.37	81.307
937.54	80.224
937.71	79.685
937.89	79.745
938.06	79.752
938.23	80.501
938.40	82.374
938.57	80.455
938.74	79.093
938.91	79.871
939.08	78.186
939.25	80.604
939.42	78.439
939.59	77.682
939.76	80.854
939.93	83.298
940.10	80.139
940.27	79.420
940.44	79.181
940.61	78.837
940.78	79.214
940.95	81.417
941.12	77.589
941.29	82.852
941.46	84.288
941.63	82.244
941.80	78.594
941.97	84.882
942.14	74.862
942.31	76.986
942.48	78.030
942.65	78.774
942.82	78.364
942.99	75.460
943.16	75.415
943.33	82.713
943.50	80.449
943.67	83.840
943.84	79.680
944.01	83.281
944.18	79.532
944.35	78.419
944.52	79.675
944.69	77.740
944.86	79.979
945.03	78.295
945.20	76.249
945.37	82.633
945.54	75.347
945.71	81.845
945.88	83.473
946.05	80.733
946.22	75.598
946.39	83.679
946.56	83.623
946.73	84.532
946.90	84.736
947.07	76.611
947.23	81.275
947.40	86.648
947.57	74.890
947.74	78.154
947.91	79.987
948.08	79.121
948.25	78.330
948.42	79.132
948.59	82.710
948.76	77.616
948.93	80.741
949.10	78.106
949.27	80.985
949.44	78.346
949.60	76.584
949.77	75.414
949.94	80.715
950.11	78.904
950.28	76.181
950.45	78.661
950.62	76.153
950.79	80.406
950.96	79.244
951.13	79.936
951.30	80.545
951.46	77.065
951.63	75.982
951.80	82.194
951.97	74.831
952.14	78.166
952.31	78.153
952.48	79.816
952.65	79.631
952.81	78.346
952.98	77.879
953.15	79.675
953.32	82.157
953.49	77.532
953.66	79.673
953.83	79.156
954.00	78.392
954.16	78.292
954.33	80.654
954.50	83.386
954.67	76.023
954.84	83.501
955.01	82.051
955.18	80.229
955.34	81.637
955.51	77.425
955.68	80.025
955.85	77.696
956.02	79.587
956.19	76.702
956.35	80.316
956.52	79.858
956.69	75.856
956.86	77.087
957.03	77.898
957.20	80.229
957.36	80.279
957.53	80.024
957.70	77.420
957.87	78.566
958.04	76.352
958.21	77.491
958.37	76.497
958.54	78.991
958.71	77.419
958.88	82.905
959.05	81.641
959.21	77.337
959.38	79.517
959.55	76.686
959.72	79.727
959.89	80.871
960.05	82.003
960.22	80.293
960.39	79.092
960.56	80.257
960.72	77.586
960.89	76.889
961.06	79.493
961.23	78.439
961.40	79.151
961.56	78.229
961.73	79.457
961.90	79.176
962.07	78.774
962.23	77.665
962.40	81.256
962.57	77.907
962.74	77.828
962.90	81.070
963.07	80.690
963.24	79.689
963.41	80.168
963.57	80.471
963.74	77.681
963.91	80.902
964.08	80.601
964.24	81.220
964.41	78.605
964.58	77.962
964.75	79.507
964.91	75.608
965.08	78.529
965.25	78.548
965.42	78.596
965.58	81.324
965.75	80.021
965.92	78.132
966.08	80.126
966.25	79.764
966.42	81.614
966.59	80.434
966.75	78.255
966.92	78.768
967.09	77.021
967.25	79.481
967.42	78.335
967.59	80.780
967.75	80.865
967.92	78.582
968.09	81.836
968.26	80.079
968.42	78.020
968.59	79.191
968.76	79.108
968.92	78.500
969.09	80.035
969.26	77.813
969.42	77.114
969.59	79.484
969.76	80.199
969.92	82.178
970.09	81.624
970.26	77.223
970.42	79.444
970.59	78.133
970.76	82.901
970.92	79.709
971.09	79.062
971.26	80.800
971.42	75.983
971.59	79.757
971.76	77.604
971.92	79.222
972.09	78.021
972.25	79.427
972.42	78.575
972.59	80.036
972.75	79.098
972.92	81.348
973.09	79.574
973.25	80.118
973.42	79.576
973.58	77.351
973.75	77.626
973.92	80.910
974.08	78.723
974.25	79.073
974.42	80.766
974.58	78.092
974.75	79.215
974.91	78.206
975.08	80.140
975.25	77.937
975.41	76.658
975.58	76.137
975.74	79.488
975.91	76.769
976.08	80.720
976.24	78.076
976.41	76.440
976.57	78.157
976.74	76.410
976.91	77.649
977.07	79.098
977.24	74.896
977.40	80.081
977.57	78.517
977.73	79.016
977.90	80.048
978.07	81.255
978.23	82.955
978.40	78.188
978.56	78.418
978.73	79.185
978.89	76.437
979.06	76.847
979.22	79.577
979.39	78.554
979.56	80.113
979.72	75.715
979.89	79.290
980.05	77.296
980.22	77.461
980.38	74.775
980.55	83.163
980.71	76.671
980.88	77.884
981.04	80.154
981.21	77.375
981.37	79.574
981.54	77.728
981.70	77.243
981.87	79.268
982.04	81.296
982.20	74.543
982.37	80.924
982.53	77.873
982.70	80.063
982.86	76.217
983.03	77.281
983.19	81.106
983.36	77.682
983.52	76.020
983.69	83.392
983.85	80.099
984.02	77.714
984.18	76.615
984.35	81.750
984.51	79.089
984.68	78.811
984.84	79.755
985.00	76.977
985.17	79.161
985.33	78.921
985.50	81.429
985.66	82.367
985.83	80.521
985.99	81.420
986.16	77.793
986.32	79.545
986.49	80.726
986.65	81.981
986.82	76.060
986.98	78.777
987.15	79.197
987.31	83.542
987.47	82.636
987.64	77.440
987.80	77.099
987.97	81.674
988.13	79.273
988.30	83.006
988.46	78.325
988.63	75.625
988.79	76.977
988.95	75.987
989.12	77.115
989.28	75.089
989.45	79.757
989.61	79.701
989.77	76.286
989.94	78.890
990.10	82.606
990.27	78.771
990.43	79.304
990.60	81.057
990.76	80.080
990.92	80.690
991.09	81.457
991.25	77.460
991.42	78.764
991.58	78.477
991.74	74.509
991.91	80.164
992.07	78.911
992.24	80.075
992.40	78.394
992.56	77.642
992.73	84.352
992.89	79.941
993.05	79.461
993.22	79.973
993.38	79.172
993.55	78.836
993.71	78.167
993.87	85.542
994.04	77.116
994.20	80.393
994.36	75.804
994.53	82.600
994.69	84.279
994.85	80.294
995.02	78.261
995.18	81.028
995.34	83.410
995.51	79.734
995.67	83.315
995.84	76.450
996.00	79.421
996.16	83.042
996.33	81.099
996.49	81.764
996.65	78.448
996.82	80.165
996.98	77.528
997.14	83.395
997.31	78.150
997.47	81.442
997.63	82.161
997.79	80.481
997.96	77.744
998.12	78.582
998.28	81.640
998.45	77.925
998.61	78.558
998.77	83.997
998.94	79.144
999.10	81.477
999.26	77.346
999.43	72.727
999.59	79.470
999.75	72.353
999.91	77.737
1000.08	86.720
1000.24	76.409
1000.40	77.474
1000.57	79.580
1000.73	80.155
1000.89	76.993
1001.05	79.039
1001.22	77.249
1001.38	78.309
1001.54	81.141
1001.70	81.778
1001.87	78.489
1002.03	79.775
1002.19	79.252
1002.35	79.810
1002.52	76.889
1002.68	77.000
1002.84	81.385
1003.00	80.628
1003.17	77.498
1003.33	85.239
1003.49	82.295
1003.65	79.903
1003.82	73.136
1003.98	76.332
1004.14	76.944
1004.30	80.249
1004.47	76.013
1004.63	78.284
1004.79	79.424
1004.95	77.635
1005.11	79.256
1005.28	82.980
1005.44	77.051
1005.60	74.623
1005.76	76.336
1005.93	79.046
1006.09	78.733
1006.25	74.224
1006.41	82.192
1006.57	78.032
1006.74	79.879
1006.90	82.630
1007.06	80.861
1007.22	81.612
1007.38	78.610
1007.55	77.972
1007.71	86.305
1007.87	78.942
1008.03	82.436
1008.19	84.236
1008.35	79.950
1008.52	82.482
1008.68	83.297
1008.84	85.387
1009.00	74.423
1009.16	78.036
1009.32	79.567
1009.49	81.745
1009.65	87.500
1009.81	80.100
1009.97	78.157
1010.13	80.446
1010.29	81.213
1010.46	80.227
1010.62	77.233
1010.78	76.590
1010.94	75.977
1011.10	83.024
1011.26	89.592
1011.42	85.812
1011.59	80.838
1011.75	76.866
1011.91	74.164
1012.07	77.198
1012.23	72.565
1012.39	84.902
1012.55	75.016
1012.71	80.539
1012.88	75.425
1013.04	78.090
1013.20	79.936
1013.36	81.336
1013.52	84.977
1013.68	89.709
1013.84	75.169
1014.00	81.486
1014.16	78.238
1014.33	77.812
1014.49	75.505
1014.65	83.580
1014.81	80.080
1014.97	80.787
1015.13	76.016
1015.29	87.458
1015.45	85.132
1015.61	86.232
1015.77	83.705
1015.93	80.289
1016.09	81.489
1016.26	93.750
1016.42	84.808
1016.58	83.886
1016.74	79.240
1016.90	80.436
1017.06	77.615
1017.22	65.464
1017.38	81.340
1017.54	84.003
1017.70	81.859
1017.86	76.339
1018.02	83.408
1018.18	79.280
1018.34	74.215
1018.50	77.770
1018.66	79.767
1018.82	91.229
1018.98	77.950
1019.14	85.809
1019.31	78.390
1019.47	80.313
1019.63	80.140
1019.79	88.078
1019.95	88.550
1020.11	87.186
1020.27	80.920
1020.43	92.685
1020.59	83.469
1020.75	76.715
1020.91	82.372
1021.07	78.187
1021.23	91.525
1021.39	89.850
1021.55	85.636
1021.71	88.000
1021.87	71.429
1022.03	81.834
1022.19	86.887
1022.35	78.141
1022.51	83.887
1022.67	75.070
1022.83	90.010
1022.99	81.378
1023.15	83.787
1023.31	80.257
1023.47	79.116
1023.63	83.761
1023.79	79.784
1023.95	76.227
1024.10	77.023
1024.26	79.661
1024.42	79.159
1024.58	84.146
1024.74	85.629
1024.90	80.681
1025.06	90.791
1025.22	79.285
1025.38	91.785
1025.54	77.618
1025.70	77.715
1025.86	85.559
1026.02	83.215
1026.18	88.397
1026.34	76.412
1026.50	70.692
1026.66	75.527
1026.82	74.700
1026.98	84.103
1027.13	85.249
1027.29	87.540
1027.45	83.890
1027.61	83.660
1027.77	84.713
1027.93	81.148
1028.09	76.971
1028.25	78.747
1028.41	99.122
1028.57	82.874
1028.73	72.644
1028.88	80.685
1029.04	81.499
1029.20	79.788
1029.36	94.240
1029.52	76.788
1029.68	84.686
1029.84	81.447
1030.00	94.301
1030.16	74.801
1030.32	88.529
1030.47	77.432
1030.63	81.669
1030.79	77.064
1030.95	79.771
1031.11	83.693
1031.27	74.545
1031.43	84.134
1031.59	112.034
1031.74	94.840
1031.90	79.315
1032.06	77.975
1032.22	73.642
1032.38	71.708
1032.54	66.362
1032.69	85.248
1032.85	90.166
1033.01	72.668
1033.17	96.552
1033.33	90.096
1033.49	91.261
1033.65	84.761
1033.80	76.010
1033.96	74.935
1034.12	78.261
1034.28	110.569
1034.44	76.309
1034.60	68.273
1034.75	69.577
1034.91	74.488
1035.07	84.203
1035.23	96.855
1035.39	84.696
1035.54	81.319
1035.70	90.285
1035.86	81.040
1036.02	94.622
1036.18	70.680
1036.33	67.375
1036.49	92.714
1036.65	77.143
1036.81	90.530
1036.97	72.074
1037.12	88.158
1037.28	59.706
1037.44	90.000
1037.60	89.842
1037.76	73.211
1037.91	70.501
1038.07	111.910
1038.23	91.005
1038.39	98.527
1038.54	84.397
1038.70	86.429
1038.86	100.898
1039.02	70.306
1039.17	76.354
1039.33	76.492
1039.49	70.181
1039.65	82.965
1039.80	51.767
1039.96	71.973
1040.12	95.761
1040.28	98.718
>>>>> Data<<<<< Espectral Procesado Extremo
