Fichero De Datos De SpectraSuite
++++++++++++++++++++++++++++++++++++
Fecha: Mon Jul 06 10:49:18 CST 2026
Usuario: HP
Presente Oscuro Del Espectro: Sí
La Referencia de Presente Del Espectro De: Sí
Muestreados de los componentes de Número de espectros: 1
Espectrómetros: USB4H06056
Tiempo de integración (usec): 300000 (USB4H06056)
Promedio de Espectros Hechos un: 5 (USB4H06056)
El Alisar Del Furgón: 0 (USB4H06056)
Párrafo de de Corregir del la del del de Eléctrica del obscuridad: No (USB4H06056)
Estrobo/Lámpara Permitido: No (USB4H06056)
Correct for Detector Non-linearity: No (USB4H06056)
Párrafo de de Corregir del la del del de Externa del luz: No (USB4H06056)
Procesado del espectro de Número de pixeles en: 3648
>>>>> Comienza Data<<<<< Espectral Procesado Del EL
345.09	-253.333
345.30	-253.333
345.52	-253.333
345.74	47.059
345.95	-12.941
346.17	24.242
346.39	-24.658
346.60	44.037
346.82	-600.000
347.04	-10.526
347.25	30.263
347.47	30.137
347.69	-105.263
347.90	83.544
348.12	-6900.000
348.34	-120.833
348.56	321.739
348.77	41.538
348.99	150.000
349.21	-3.922
349.42	-42.857
349.64	100.769
349.86	86.413
350.07	47.177
350.29	96.000
350.51	16.190
350.72	27.673
350.94	41.176
351.16	46.591
351.37	-0.000
351.59	-22.388
351.81	11.111
352.02	-325.000
352.24	-57.983
352.46	61.538
352.67	87.129
352.89	233.803
353.10	51.095
353.32	39.683
353.54	10.317
353.75	64.615
353.97	13.665
354.19	-21.212
354.40	141.935
354.62	-2920.000
354.84	61.871
355.05	-573.333
355.27	-258.333
355.49	-197.436
355.70	80.952
355.92	61.988
356.14	97.351
356.35	-2.198
356.57	89.320
356.78	107.229
357.00	59.259
357.22	47.590
357.43	94.578
357.65	113.924
357.87	2.907
358.08	77.982
358.30	48.872
358.51	-84.211
358.73	104.000
358.95	88.496
359.16	152.830
359.38	103.509
359.60	-1328.571
359.81	97.297
360.03	30.288
360.24	556.250
360.46	-5.941
360.68	92.308
360.89	118.966
361.11	189.583
361.33	-0.000
361.54	95.402
361.76	94.203
361.97	73.228
362.19	766.667
362.41	25.806
362.62	-8.696
362.84	10.843
363.05	59.184
363.27	100.000
363.49	-22.727
363.70	100.862
363.92	41.667
364.13	-9.302
364.35	32.821
364.57	13.761
364.78	86.420
365.00	-566.667
365.21	66.364
365.43	120.482
365.65	62.903
365.86	10.156
366.08	130.392
366.29	95.420
366.51	80.583
366.73	64.072
366.94	84.524
367.16	40.625
367.37	57.343
367.59	102.459
367.80	73.239
368.02	112.121
368.24	24.615
368.45	259.091
368.67	76.617
368.88	51.235
369.10	71.505
369.31	4.902
369.53	481.818
369.75	1120.000
369.96	81.553
370.18	16.071
370.39	50.000
370.61	65.672
370.82	33.945
371.04	77.844
371.26	62.814
371.47	56.250
371.69	134.615
371.90	96.875
372.12	161.421
372.33	101.942
372.55	12.556
372.76	54.237
372.98	139.344
373.20	100.000
373.41	62.195
373.63	61.224
373.84	46.988
374.06	158.824
374.27	87.209
374.49	64.662
374.70	86.508
374.92	-140.000
375.13	33.333
375.35	102.381
375.57	119.149
375.78	54.913
376.00	123.358
376.21	100.000
376.43	110.891
376.64	142.708
376.86	99.074
377.07	314.286
377.29	77.723
377.50	77.315
377.72	82.407
377.93	253.191
378.15	218.605
378.36	98.437
378.58	255.844
378.80	17.647
379.01	186.842
379.23	20.139
379.44	186.170
379.66	71.605
379.87	83.243
380.09	54.938
380.30	27.979
380.52	190.000
380.73	71.901
380.95	-51.515
381.16	165.714
381.38	130.882
381.59	212.048
381.81	97.778
382.02	82.081
382.24	34.000
382.45	27.807
382.67	103.788
382.88	63.529
383.10	145.038
383.31	5.660
383.53	77.169
383.74	-47.619
383.96	123.333
384.17	70.330
384.39	85.246
384.60	138.012
384.82	63.682
385.03	48.214
385.25	71.707
385.46	65.269
385.68	1.709
385.89	110.000
386.11	52.593
386.32	153.237
386.54	73.063
386.75	76.087
386.97	50.373
387.18	95.364
387.40	70.051
387.61	49.763
387.83	108.290
388.04	51.515
388.25	57.500
388.47	126.293
388.68	24.706
388.90	49.035
389.11	93.564
389.33	89.671
389.54	94.771
389.76	97.462
389.97	100.943
390.19	61.905
390.40	87.755
390.62	102.890
390.83	129.412
391.05	65.939
391.26	56.800
391.47	122.464
391.69	124.719
391.90	49.763
392.12	75.166
392.33	2.765
392.55	63.816
392.76	48.014
392.98	54.425
393.19	113.084
393.41	95.897
393.62	93.776
393.83	76.510
394.05	100.373
394.26	82.787
394.48	162.963
394.69	108.017
394.91	95.951
395.12	45.662
395.34	83.060
395.55	89.286
395.76	106.855
395.98	80.511
396.19	120.952
396.41	45.545
396.62	80.537
396.84	125.455
397.05	44.076
397.26	108.834
397.48	121.081
397.69	35.433
397.91	121.053
398.12	84.615
398.33	100.000
398.55	72.015
398.76	66.288
398.98	102.747
399.19	78.073
399.41	45.847
399.62	52.853
399.83	108.824
400.05	65.385
400.26	75.389
400.48	101.923
400.69	70.684
400.90	68.992
401.12	110.241
401.33	86.014
401.55	64.516
401.76	69.912
401.97	54.878
402.19	94.118
402.40	71.362
402.62	81.509
402.83	90.816
403.04	87.931
403.26	77.673
403.47	70.847
403.69	62.869
403.90	68.376
404.11	62.201
404.33	87.968
404.54	99.321
404.76	73.900
404.97	77.108
405.18	58.808
405.40	62.998
405.61	75.502
405.83	75.571
406.04	50.780
406.25	72.959
406.47	30.562
406.68	92.978
406.89	74.088
407.11	66.765
407.32	84.956
407.54	91.195
407.75	86.581
407.96	60.845
408.18	78.947
408.39	69.305
408.60	73.529
408.82	63.620
409.03	66.309
409.24	56.140
409.46	79.508
409.67	72.021
409.89	69.557
410.10	56.090
410.31	71.094
410.53	41.481
410.74	71.362
410.95	59.268
411.17	70.534
411.38	54.878
411.59	68.670
411.81	44.112
412.02	81.462
412.23	61.078
412.45	78.571
412.66	59.537
412.87	62.642
413.09	72.656
413.30	63.466
413.51	57.434
413.73	59.496
413.94	49.508
414.15	48.232
414.37	59.961
414.58	64.029
414.79	56.148
415.01	56.006
415.22	55.210
415.43	47.820
415.65	55.114
415.86	51.886
416.07	51.558
416.29	58.008
416.50	48.153
416.71	44.344
416.93	47.128
417.14	34.503
417.35	47.430
417.57	38.318
417.78	40.054
417.99	51.290
418.21	33.964
418.42	36.593
418.63	30.747
418.85	152.643
419.06	34.636
419.27	37.288
419.48	40.087
419.70	41.607
419.91	27.565
420.12	35.451
420.34	31.401
420.55	53.009
420.76	37.354
420.98	22.531
421.19	36.013
421.40	23.534
421.61	37.220
421.83	30.787
422.04	28.541
422.25	27.952
422.47	32.074
422.68	31.948
422.89	32.841
423.11	33.878
423.32	23.712
423.53	40.090
423.74	30.119
423.96	28.362
424.17	30.044
424.38	23.899
424.59	32.387
424.81	27.412
425.02	26.425
425.23	27.774
425.45	27.209
425.66	27.560
425.87	27.144
426.08	25.581
426.30	25.768
426.51	24.136
426.72	24.769
426.93	29.798
427.15	23.797
427.36	27.006
427.57	23.014
427.79	24.638
428.00	28.224
428.21	24.653
428.42	22.167
428.64	23.911
428.85	21.795
429.06	25.558
429.27	28.363
429.49	19.372
429.70	27.582
429.91	23.307
430.12	24.019
430.34	24.869
430.55	25.591
430.76	22.783
430.97	26.683
431.19	27.355
431.40	21.042
431.61	27.176
431.82	22.441
432.03	25.800
432.25	20.631
432.46	24.056
432.67	25.119
432.88	25.918
433.10	22.652
433.31	24.443
433.52	20.279
433.73	22.599
433.95	21.460
434.16	24.714
434.37	20.212
434.58	20.883
434.79	21.193
435.01	23.752
435.22	20.112
435.43	20.897
435.64	23.639
435.86	26.039
436.07	16.712
436.28	23.177
436.49	21.029
436.70	22.448
436.92	24.651
437.13	23.437
437.34	21.544
437.55	22.754
437.76	23.291
437.98	25.364
438.19	22.380
438.40	23.017
438.61	22.884
438.82	19.460
439.04	19.921
439.25	21.605
439.46	22.274
439.67	21.575
439.88	25.051
440.10	23.469
440.31	23.932
440.52	24.161
440.73	20.456
440.94	24.706
441.16	22.722
441.37	24.447
441.58	18.923
441.79	23.033
442.00	25.235
442.21	20.836
442.43	20.027
442.64	22.187
442.85	21.275
443.06	21.585
443.27	20.706
443.48	20.434
443.70	22.381
443.91	21.725
444.12	17.911
444.33	20.730
444.54	24.043
444.75	22.048
444.97	23.618
445.18	20.793
445.39	19.148
445.60	20.249
445.81	21.228
446.02	22.498
446.24	22.598
446.45	21.532
446.66	19.253
446.87	19.576
447.08	22.233
447.29	20.654
447.51	23.181
447.72	21.211
447.93	20.912
448.14	21.787
448.35	23.551
448.56	23.012
448.77	20.831
448.99	21.079
449.20	21.958
449.41	22.748
449.62	21.829
449.83	21.725
450.04	18.582
450.25	22.230
450.46	22.746
450.68	23.614
450.89	22.984
451.10	23.317
451.31	23.850
451.52	23.346
451.73	20.382
451.94	21.373
452.15	21.000
452.37	21.891
452.58	20.229
452.79	18.696
453.00	23.006
453.21	21.246
453.42	20.778
453.63	21.329
453.84	20.928
454.06	23.420
454.27	21.588
454.48	20.351
454.69	20.411
454.90	22.426
455.11	22.631
455.32	21.107
455.53	22.385
455.74	20.990
455.95	22.020
456.17	21.489
456.38	20.628
456.59	22.080
456.80	23.560
457.01	24.822
457.22	21.956
457.43	21.400
457.64	22.925
457.85	19.850
458.06	23.387
458.27	23.447
458.49	22.888
458.70	23.999
458.91	23.746
459.12	21.323
459.33	21.564
459.54	21.799
459.75	23.529
459.96	23.425
460.17	23.101
460.38	23.380
460.59	23.365
460.80	21.210
461.01	23.007
461.23	24.143
461.44	21.990
461.65	24.963
461.86	23.278
462.07	22.703
462.28	24.974
462.49	23.548
462.70	25.537
462.91	22.981
463.12	22.558
463.33	22.399
463.54	22.395
463.75	23.594
463.96	24.532
464.17	24.014
464.38	24.663
464.59	23.312
464.81	22.818
465.02	23.840
465.23	23.506
465.44	25.882
465.65	22.689
465.86	21.360
466.07	23.019
466.28	21.464
466.49	23.333
466.70	23.033
466.91	22.995
467.12	23.050
467.33	23.211
467.54	22.662
467.75	25.091
467.96	24.340
468.17	23.353
468.38	23.784
468.59	23.492
468.80	24.059
469.01	21.989
469.22	22.418
469.43	21.980
469.64	21.815
469.85	21.872
470.06	23.014
470.27	22.980
470.48	22.583
470.69	23.510
470.90	23.364
471.11	23.985
471.32	22.926
471.53	24.778
471.74	22.326
471.95	23.803
472.16	22.959
472.37	22.804
472.58	23.141
472.79	22.728
473.00	21.467
473.21	23.530
473.42	24.431
473.63	25.341
473.84	22.360
474.05	23.626
474.26	21.904
474.47	24.110
474.68	23.968
474.89	22.794
475.10	23.664
475.31	23.047
475.52	23.815
475.73	23.777
475.94	24.231
476.15	22.933
476.36	22.916
476.57	22.248
476.78	24.454
476.99	23.760
477.20	24.507
477.41	24.351
477.62	23.738
477.83	23.117
478.04	23.827
478.25	23.481
478.46	23.271
478.67	22.866
478.88	24.084
479.09	23.534
479.30	23.771
479.51	22.191
479.72	22.904
479.93	23.282
480.14	23.588
480.35	23.675
480.56	23.429
480.77	23.846
480.98	22.338
481.18	22.893
481.39	22.385
481.60	24.115
481.81	24.623
482.02	22.768
482.23	23.444
482.44	23.340
482.65	24.211
482.86	23.700
483.07	23.642
483.28	24.309
483.49	23.596
483.70	23.135
483.91	24.654
484.12	23.949
484.33	24.206
484.53	22.928
484.74	22.957
484.95	24.144
485.16	24.016
485.37	23.503
485.58	22.415
485.79	22.375
486.00	23.919
486.21	24.100
486.42	23.814
486.63	23.602
486.84	23.180
487.05	23.982
487.25	24.039
487.46	23.476
487.67	23.338
487.88	24.218
488.09	23.696
488.30	25.546
488.51	12.812
488.72	23.051
488.93	23.901
489.14	24.556
489.35	24.461
489.55	24.339
489.76	23.627
489.97	23.879
490.18	24.149
490.39	23.855
490.60	24.592
490.81	24.069
491.02	24.226
491.23	24.413
491.43	23.952
491.64	24.812
491.85	24.448
492.06	24.395
492.27	23.576
492.48	23.581
492.69	24.320
492.90	23.958
493.11	24.477
493.31	24.579
493.52	24.428
493.73	24.223
493.94	24.193
494.15	24.675
494.36	24.307
494.57	24.477
494.78	24.326
494.98	23.916
495.19	24.246
495.40	23.850
495.61	23.191
495.82	25.026
496.03	24.807
496.24	24.299
496.44	24.452
496.65	24.732
496.86	24.743
497.07	24.791
497.28	24.641
497.49	23.804
497.70	24.531
497.90	24.346
498.11	25.073
498.32	24.916
498.53	24.768
498.74	24.277
498.95	24.733
499.15	24.799
499.36	24.704
499.57	24.893
499.78	24.001
499.99	23.927
500.20	24.312
500.40	24.972
500.61	24.600
500.82	24.543
501.03	24.650
501.24	24.528
501.45	24.161
501.65	24.515
501.86	24.287
502.07	24.727
502.28	24.700
502.49	23.569
502.70	24.924
502.90	24.923
503.11	25.346
503.32	24.632
503.53	24.979
503.74	25.086
503.94	24.820
504.15	25.987
504.36	24.832
504.57	24.996
504.78	24.982
504.98	25.045
505.19	24.550
505.40	24.756
505.61	25.016
505.82	25.103
506.02	24.879
506.23	24.930
506.44	24.679
506.65	25.815
506.86	24.092
507.06	24.364
507.27	25.119
507.48	25.249
507.69	24.018
507.90	24.764
508.10	24.904
508.31	25.291
508.52	24.961
508.73	25.320
508.94	25.615
509.14	24.681
509.35	25.429
509.56	25.060
509.77	25.390
509.97	25.439
510.18	25.243
510.39	25.202
510.60	25.609
510.80	25.129
511.01	25.077
511.22	25.737
511.43	25.429
511.64	25.119
511.84	25.721
512.05	26.196
512.26	25.720
512.47	25.137
512.67	25.202
512.88	25.940
513.09	25.675
513.30	25.762
513.50	25.909
513.71	25.690
513.92	25.937
514.13	26.386
514.33	25.912
514.54	25.602
514.75	26.077
514.96	26.397
515.16	25.968
515.37	25.853
515.58	25.577
515.78	25.940
515.99	27.061
516.20	26.716
516.41	26.478
516.61	26.014
516.82	26.299
517.03	25.909
517.24	26.384
517.44	26.460
517.65	26.386
517.86	26.765
518.07	26.625
518.27	26.866
518.48	26.740
518.69	26.892
518.89	26.915
519.10	27.673
519.31	26.925
519.52	26.617
519.72	27.445
519.93	27.773
520.14	27.448
520.34	27.283
520.55	27.036
520.76	27.444
520.96	27.359
521.17	27.214
521.38	27.830
521.59	27.272
521.79	27.933
522.00	27.757
522.21	28.233
522.41	27.933
522.62	28.226
522.83	28.276
523.03	27.801
523.24	28.767
523.45	28.426
523.66	28.320
523.86	28.037
524.07	28.490
524.28	28.619
524.48	28.328
524.69	28.715
524.90	29.280
525.10	28.645
525.31	29.432
525.52	28.662
525.72	29.437
525.93	28.733
526.14	29.341
526.34	28.747
526.55	29.533
526.76	29.282
526.96	29.759
527.17	29.753
527.38	29.762
527.58	29.353
527.79	29.629
528.00	29.789
528.20	30.236
528.41	29.993
528.62	29.999
528.82	30.165
529.03	30.496
529.24	29.806
529.44	30.468
529.65	30.262
529.85	30.128
530.06	30.571
530.27	30.644
530.47	30.118
530.68	30.952
530.89	31.023
531.09	30.985
531.30	31.155
531.51	31.176
531.71	30.969
531.92	31.199
532.13	31.784
532.33	31.657
532.54	31.448
532.74	31.107
532.95	31.393
533.16	31.708
533.36	31.673
533.57	31.675
533.78	32.059
533.98	31.692
534.19	31.327
534.39	31.994
534.60	32.469
534.81	32.094
535.01	31.810
535.22	32.147
535.42	31.762
535.63	32.115
535.84	32.075
536.04	32.591
536.25	32.387
536.45	32.464
536.66	31.988
536.87	32.455
537.07	32.184
537.28	32.262
537.48	32.379
537.69	32.616
537.90	32.036
538.10	32.509
538.31	32.667
538.51	33.247
538.72	32.220
538.93	32.922
539.13	32.456
539.34	32.952
539.54	33.434
539.75	32.549
539.96	32.686
540.16	32.677
540.37	32.649
540.57	32.614
540.78	32.525
540.98	33.270
541.19	33.361
541.40	32.980
541.60	32.840
541.81	32.932
542.01	32.849
542.22	33.134
542.42	33.023
542.63	33.195
542.83	32.937
543.04	32.915
543.25	33.164
543.45	32.653
543.66	33.546
543.86	34.192
544.07	33.276
544.27	32.826
544.48	33.484
544.68	33.141
544.89	33.549
545.10	34.122
545.30	33.466
545.51	33.266
545.71	33.510
545.92	33.160
546.12	33.420
546.33	33.344
546.53	33.474
546.74	33.508
546.94	33.709
547.15	33.077
547.36	33.594
547.56	33.213
547.77	34.118
547.97	33.627
548.18	33.759
548.38	33.333
548.59	33.733
548.79	33.743
549.00	33.898
549.20	34.313
549.41	33.519
549.61	33.931
549.82	34.018
550.02	33.823
550.23	34.047
550.43	33.696
550.64	33.268
550.84	33.670
551.05	33.803
551.25	33.798
551.46	33.838
551.66	33.961
551.87	34.238
552.07	34.253
552.28	33.685
552.48	33.905
552.69	34.173
552.89	33.637
553.10	34.018
553.30	33.808
553.51	33.282
553.71	33.665
553.92	33.975
554.12	34.038
554.33	34.217
554.53	33.988
554.74	34.071
554.94	34.567
555.15	33.949
555.35	34.323
555.56	33.790
555.76	34.254
555.97	33.832
556.17	33.921
556.38	33.746
556.58	33.870
556.78	34.334
556.99	34.252
557.19	33.837
557.40	33.856
557.60	34.056
557.81	33.833
558.01	33.873
558.22	33.806
558.42	34.227
558.63	33.626
558.83	34.183
559.04	34.241
559.24	33.585
559.44	33.913
559.65	33.799
559.85	34.320
560.06	33.541
560.26	34.105
560.47	33.975
560.67	34.097
560.88	33.839
561.08	33.976
561.28	33.649
561.49	33.628
561.69	33.845
561.90	33.916
562.10	33.490
562.31	33.550
562.51	33.803
562.71	34.226
562.92	33.850
563.12	34.000
563.33	33.733
563.53	33.918
563.74	33.598
563.94	33.696
564.14	33.310
564.35	33.937
564.55	33.432
564.76	33.587
564.96	33.794
565.17	33.515
565.37	33.508
565.57	33.736
565.78	34.227
565.98	33.373
566.19	33.677
566.39	32.583
566.59	33.239
566.80	33.240
567.00	33.373
567.21	33.244
567.41	32.878
567.61	32.991
567.82	33.410
568.02	32.731
568.23	33.283
568.43	32.729
568.63	32.999
568.84	32.630
569.04	33.027
569.24	32.626
569.45	32.767
569.65	32.708
569.86	32.671
570.06	33.142
570.26	32.157
570.47	32.433
570.67	32.558
570.87	32.521
571.08	32.571
571.28	32.767
571.49	32.451
571.69	32.133
571.89	31.997
572.10	31.984
572.30	32.660
572.50	32.221
572.71	31.962
572.91	32.171
573.11	31.884
573.32	32.780
573.52	32.609
573.73	31.708
573.93	32.289
574.13	31.645
574.34	31.332
574.54	31.522
574.74	31.709
574.95	31.234
575.15	31.475
575.35	31.012
575.56	31.060
575.76	31.438
575.96	30.878
576.17	30.987
576.37	31.010
576.57	31.178
576.78	31.417
576.98	31.022
577.18	31.125
577.39	31.399
577.59	31.261
577.79	30.990
578.00	31.102
578.20	30.686
578.40	30.677
578.61	30.923
578.81	30.681
579.01	30.363
579.22	30.603
579.42	30.190
579.62	30.825
579.82	30.583
580.03	30.474
580.23	30.532
580.43	30.498
580.64	30.732
580.84	30.390
581.04	30.584
581.25	30.532
581.45	29.944
581.65	30.378
581.86	30.274
582.06	30.681
582.26	30.419
582.46	29.816
582.67	29.939
582.87	29.947
583.07	29.838
583.28	30.102
583.48	30.241
583.68	29.988
583.88	29.968
584.09	30.075
584.29	30.070
584.49	29.555
584.70	29.615
584.90	29.390
585.10	29.495
585.30	29.700
585.51	29.683
585.71	29.489
585.91	29.641
586.11	29.240
586.32	29.457
586.52	29.480
586.72	29.776
586.92	29.756
587.13	30.052
587.33	29.371
587.53	29.579
587.74	29.553
587.94	29.327
588.14	29.454
588.34	29.791
588.55	29.748
588.75	29.322
588.95	29.483
589.15	29.380
589.36	29.691
589.56	29.187
589.76	29.492
589.96	28.994
590.16	29.376
590.37	28.919
590.57	28.990
590.77	28.854
590.97	29.049
591.18	29.158
591.38	29.288
591.58	26.590
591.78	29.147
591.99	28.787
592.19	29.256
592.39	29.006
592.59	29.077
592.79	29.478
593.00	28.882
593.20	29.003
593.40	28.862
593.60	29.177
593.81	29.107
594.01	29.261
594.21	28.861
594.41	28.682
594.61	28.654
594.82	28.814
595.02	28.544
595.22	28.645
595.42	28.863
595.62	28.774
595.83	28.650
596.03	28.977
596.23	28.465
596.43	29.340
596.63	28.689
596.84	28.362
597.04	29.068
597.24	28.317
597.44	28.715
597.64	28.712
597.84	28.908
598.05	28.601
598.25	28.379
598.45	28.824
598.65	28.641
598.85	28.594
599.06	28.448
599.26	28.299
599.46	28.380
599.66	28.408
599.86	28.831
600.06	28.622
600.27	28.459
600.47	28.574
600.67	28.362
600.87	28.455
601.07	28.802
601.27	28.599
601.48	28.530
601.68	29.184
601.88	28.438
602.08	28.832
602.28	28.859
602.48	28.146
602.68	28.908
602.89	29.004
603.09	28.860
603.29	28.442
603.49	28.415
603.69	28.130
603.89	28.665
604.09	28.230
604.30	28.611
604.50	28.426
604.70	28.461
604.90	28.443
605.10	28.493
605.30	28.422
605.50	28.668
605.71	28.207
605.91	28.493
606.11	28.626
606.31	28.424
606.51	28.486
606.71	28.287
606.91	28.622
607.11	28.582
607.32	28.595
607.52	28.122
607.72	28.528
607.92	28.386
608.12	28.665
608.32	28.528
608.52	28.659
608.72	28.798
608.92	28.460
609.12	28.605
609.33	28.595
609.53	28.348
609.73	28.539
609.93	28.010
610.13	28.669
610.33	28.107
610.53	28.410
610.73	28.450
610.93	28.102
611.13	28.218
611.34	28.417
611.54	28.341
611.74	28.319
611.94	28.182
612.14	28.488
612.34	27.959
612.54	28.285
612.74	28.237
612.94	28.409
613.14	27.722
613.34	28.308
613.54	28.759
613.74	28.382
613.95	28.277
614.15	28.175
614.35	28.561
614.55	28.327
614.75	28.529
614.95	28.329
615.15	28.493
615.35	27.753
615.55	27.951
615.75	28.065
615.95	28.082
616.15	27.815
616.35	27.864
616.55	28.397
616.75	28.124
616.95	28.156
617.15	27.945
617.35	28.068
617.56	28.090
617.76	27.898
617.96	28.240
618.16	27.784
618.36	27.937
618.56	27.924
618.76	27.951
618.96	27.797
619.16	28.042
619.36	28.080
619.56	27.690
619.76	28.002
619.96	27.921
620.16	27.569
620.36	28.078
620.56	27.821
620.76	27.894
620.96	27.736
621.16	27.558
621.36	27.772
621.56	27.971
621.76	28.115
621.96	27.765
622.16	27.972
622.36	28.002
622.56	28.114
622.76	27.833
622.96	28.122
623.16	27.880
623.36	27.872
623.56	28.050
623.76	28.166
623.96	28.164
624.16	27.991
624.36	28.035
624.56	28.036
624.76	27.983
624.96	27.660
625.16	28.002
625.36	28.100
625.56	27.897
625.76	27.908
625.96	27.815
626.16	27.976
626.36	27.926
626.56	27.922
626.76	28.026
626.96	28.237
627.16	27.861
627.36	27.930
627.56	27.779
627.76	28.043
627.96	27.949
628.16	27.815
628.36	27.953
628.56	27.757
628.75	27.911
628.95	27.741
629.15	27.690
629.35	28.352
629.55	28.312
629.75	28.113
629.95	27.842
630.15	27.996
630.35	27.918
630.55	27.833
630.75	27.687
630.95	27.530
631.15	27.655
631.35	27.631
631.55	27.598
631.75	27.831
631.95	27.876
632.15	27.601
632.34	27.820
632.54	27.714
632.74	28.012
632.94	27.976
633.14	27.930
633.34	27.948
633.54	27.754
633.74	27.984
633.94	27.831
634.14	27.807
634.34	27.509
634.54	27.481
634.74	27.676
634.93	27.691
635.13	27.332
635.33	28.143
635.53	27.785
635.73	27.930
635.93	27.649
636.13	27.729
636.33	27.574
636.53	27.903
636.73	27.551
636.93	27.787
637.12	27.646
637.32	27.351
637.52	27.614
637.72	27.978
637.92	27.753
638.12	27.724
638.32	27.453
638.52	27.802
638.72	27.423
638.91	27.443
639.11	27.489
639.31	27.089
639.51	27.716
639.71	27.676
639.91	27.260
640.11	27.526
640.31	27.521
640.50	27.683
640.70	27.328
640.90	27.210
641.10	27.374
641.30	27.234
641.50	27.454
641.70	27.398
641.89	27.337
642.09	27.628
642.29	27.226
642.49	27.351
642.69	27.247
642.89	27.033
643.09	27.197
643.28	26.968
643.48	27.329
643.68	27.057
643.88	27.102
644.08	26.995
644.28	27.413
644.48	27.241
644.67	27.053
644.87	27.407
645.07	27.033
645.27	27.281
645.47	27.321
645.67	27.091
645.86	27.053
646.06	26.963
646.26	27.043
646.46	27.150
646.66	27.176
646.85	27.150
647.05	26.899
647.25	26.954
647.45	26.867
647.65	27.050
647.85	27.241
648.04	27.158
648.24	26.991
648.44	26.831
648.64	26.932
648.84	27.255
649.03	26.704
649.23	26.344
649.43	27.058
649.63	27.120
649.83	26.504
650.02	26.715
650.22	26.656
650.42	26.960
650.62	26.897
650.82	26.566
651.01	27.006
651.21	26.608
651.41	27.181
651.61	26.795
651.81	26.404
652.00	26.557
652.20	26.906
652.40	26.699
652.60	26.571
652.79	26.992
652.99	26.935
653.19	26.792
653.39	26.753
653.59	26.698
653.78	26.810
653.98	26.775
654.18	27.180
654.38	26.922
654.57	26.825
654.77	26.614
654.97	26.691
655.17	26.405
655.36	26.901
655.56	26.487
655.76	26.713
655.96	26.765
656.15	26.491
656.35	26.765
656.55	26.690
656.75	26.901
656.94	26.657
657.14	26.473
657.34	26.810
657.54	27.048
657.73	26.713
657.93	26.465
658.13	26.924
658.33	26.577
658.52	26.545
658.72	26.870
658.92	26.665
659.11	26.448
659.31	26.761
659.51	26.552
659.71	27.022
659.90	26.594
660.10	26.682
660.30	26.454
660.50	26.837
660.69	26.964
660.89	26.931
661.09	26.531
661.28	26.454
661.48	26.432
661.68	26.261
661.87	26.787
662.07	26.739
662.27	26.774
662.47	26.596
662.66	26.553
662.86	26.757
663.06	26.882
663.25	26.658
663.45	26.503
663.65	26.377
663.84	26.664
664.04	26.632
664.24	26.872
664.44	26.756
664.63	26.545
664.83	26.642
665.03	26.625
665.22	26.659
665.42	27.312
665.62	26.897
665.81	26.492
666.01	26.788
666.21	26.591
666.40	26.600
666.60	26.542
666.80	26.460
666.99	26.818
667.19	26.754
667.39	26.407
667.58	26.766
667.78	26.885
667.98	26.598
668.17	26.757
668.37	26.926
668.57	26.814
668.76	26.641
668.96	26.614
669.16	26.579
669.35	26.843
669.55	26.671
669.74	26.758
669.94	26.759
670.14	26.581
670.33	26.731
670.53	26.702
670.73	26.796
670.92	26.523
671.12	26.991
671.32	26.901
671.51	26.642
671.71	26.466
671.90	26.501
672.10	27.097
672.30	26.637
672.49	27.090
672.69	26.788
672.89	26.537
673.08	26.823
673.28	27.027
673.47	26.481
673.67	26.640
673.87	26.940
674.06	26.733
674.26	27.014
674.45	26.941
674.65	26.695
674.85	26.762
675.04	27.103
675.24	26.753
675.43	27.209
675.63	27.109
675.83	26.880
676.02	27.360
676.22	26.974
676.41	27.117
676.61	26.862
676.81	26.926
677.00	27.360
677.20	27.348
677.39	26.905
677.59	27.040
677.79	27.196
677.98	26.870
678.18	27.556
678.37	26.922
678.57	26.857
678.76	27.094
678.96	27.646
679.16	27.089
679.35	27.412
679.55	26.960
679.74	27.103
679.94	27.128
680.13	27.152
680.33	27.476
680.53	27.337
680.72	27.325
680.92	27.060
681.11	27.348
681.31	27.121
681.50	27.497
681.70	27.415
681.89	27.551
682.09	27.600
682.28	27.073
682.48	27.404
682.68	27.571
682.87	27.625
683.07	27.358
683.26	27.575
683.46	27.632
683.65	27.639
683.85	27.233
684.04	27.517
684.24	27.710
684.43	27.824
684.63	27.570
684.82	27.529
685.02	27.392
685.21	27.750
685.41	27.612
685.60	27.772
685.80	27.752
686.00	27.395
686.19	27.802
686.39	27.749
686.58	27.608
686.78	27.645
686.97	27.625
687.17	28.084
687.36	27.914
687.56	27.672
687.75	28.254
687.95	27.701
688.14	27.773
688.34	27.793
688.53	27.698
688.73	27.821
688.92	27.728
689.12	27.620
689.31	27.753
689.51	27.880
689.70	27.702
689.89	28.021
690.09	27.957
690.28	27.624
690.48	27.987
690.67	27.930
690.87	28.059
691.06	28.166
691.26	27.826
691.45	27.712
691.65	28.080
691.84	28.020
692.04	27.718
692.23	27.936
692.43	28.093
692.62	27.955
692.82	28.152
693.01	27.765
693.20	28.154
693.40	28.058
693.59	28.432
693.79	27.954
693.98	28.410
694.18	28.497
694.37	28.154
694.57	28.492
694.76	28.499
694.95	28.447
695.15	28.560
695.34	28.168
695.54	28.563
695.73	28.767
695.93	29.296
696.12	29.224
696.32	29.036
696.51	29.105
696.70	29.300
696.90	28.892
697.09	29.435
697.29	29.801
697.48	29.512
697.67	30.055
697.87	29.815
698.06	30.431
698.26	29.971
698.45	30.482
698.65	29.971
698.84	30.450
699.03	30.609
699.23	30.509
699.42	31.140
699.62	31.157
699.81	31.406
700.00	31.525
700.20	31.305
700.39	31.640
700.59	32.160
700.78	31.946
700.97	31.993
701.17	32.272
701.36	32.503
701.56	32.953
701.75	32.564
701.94	33.259
702.14	33.087
702.33	33.558
702.52	33.804
702.72	34.009
702.91	34.152
703.11	34.327
703.30	34.505
703.49	34.650
703.69	35.255
703.88	35.016
704.07	34.939
704.27	35.848
704.46	35.572
704.66	36.008
704.85	36.403
705.04	36.349
705.24	36.644
705.43	37.118
705.62	37.414
705.82	37.596
706.01	37.940
706.20	38.000
706.40	38.367
706.59	38.357
706.78	38.680
706.98	38.567
707.17	39.122
707.36	39.195
707.56	39.747
707.75	39.285
707.94	40.091
708.14	40.362
708.33	40.440
708.52	40.669
708.72	41.135
708.91	41.106
709.10	41.564
709.30	40.943
709.49	42.132
709.68	42.122
709.88	42.304
710.07	42.919
710.26	43.003
710.46	42.798
710.65	43.133
710.84	43.628
711.04	43.283
711.23	44.025
711.42	44.229
711.61	44.730
711.81	44.877
712.00	44.878
712.19	44.828
712.39	45.961
712.58	45.954
712.77	46.207
712.97	46.560
713.16	46.033
713.35	46.579
713.54	47.062
713.74	47.252
713.93	47.337
714.12	47.229
714.32	47.830
714.51	48.322
714.70	47.503
714.89	48.374
715.09	49.321
715.28	48.916
715.47	48.622
715.66	49.389
715.86	49.964
716.05	50.219
716.24	50.264
716.44	50.736
716.63	51.299
716.82	51.248
717.01	50.854
717.21	51.465
717.40	51.430
717.59	52.731
717.78	52.414
717.98	52.884
718.17	52.556
718.36	53.583
718.55	52.871
718.75	53.660
718.94	53.848
719.13	54.299
719.32	54.262
719.52	54.385
719.71	54.867
719.90	55.702
720.09	55.551
720.28	55.686
720.48	55.896
720.67	56.124
720.86	55.793
721.05	57.032
721.25	57.298
721.44	57.106
721.63	57.269
721.82	57.607
722.01	57.432
722.21	58.206
722.40	57.987
722.59	58.325
722.78	58.786
722.98	59.519
723.17	59.494
723.36	59.479
723.55	60.251
723.74	60.457
723.94	60.796
724.13	61.173
724.32	61.033
724.51	61.571
724.70	61.104
724.89	61.980
725.09	61.937
725.28	62.722
725.47	62.853
725.66	63.045
725.85	63.514
726.05	63.970
726.24	64.034
726.43	63.778
726.62	64.295
726.81	64.689
727.00	64.299
727.20	65.098
727.39	64.863
727.58	65.664
727.77	65.176
727.96	65.423
728.15	64.985
728.35	65.391
728.54	65.967
728.73	66.115
728.92	66.835
729.11	67.514
729.30	67.277
729.50	67.911
729.69	68.196
729.88	68.105
730.07	68.804
730.26	69.228
730.45	69.319
730.64	69.290
730.84	69.599
731.03	69.774
731.22	69.871
731.41	69.401
731.60	69.332
731.79	70.741
731.98	70.781
732.18	70.661
732.37	70.808
732.56	71.218
732.75	71.734
732.94	71.307
733.13	71.741
733.32	72.219
733.51	72.437
733.71	72.253
733.90	73.196
734.09	72.320
734.28	72.778
734.47	72.876
734.66	73.249
734.85	73.837
735.04	73.893
735.23	74.008
735.42	74.176
735.62	74.374
735.81	74.365
736.00	75.038
736.19	74.626
736.38	74.788
736.57	75.643
736.76	76.401
736.95	76.189
737.14	76.074
737.33	76.403
737.52	76.054
737.72	75.862
737.91	76.944
738.10	76.392
738.29	76.621
738.48	76.428
738.67	77.420
738.86	77.700
739.05	77.284
739.24	76.896
739.43	77.363
739.62	77.741
739.81	77.857
740.00	78.123
740.19	78.231
740.39	79.510
740.58	79.144
740.77	79.322
740.96	78.393
741.15	78.699
741.34	79.400
741.53	79.437
741.72	78.870
741.91	79.222
742.10	79.484
742.29	79.584
742.48	79.880
742.67	80.056
742.86	80.288
743.05	80.511
743.24	80.456
743.43	80.493
743.62	80.300
743.81	80.000
744.00	80.490
744.19	80.040
744.38	80.893
744.57	80.622
744.76	80.868
744.95	80.972
745.14	81.828
745.33	80.852
745.52	81.925
745.71	81.080
745.90	81.405
746.09	82.169
746.28	82.001
746.47	82.035
746.66	82.417
746.85	82.109
747.04	82.202
747.23	82.340
747.42	82.235
747.61	82.946
747.80	82.668
747.99	82.102
748.18	82.542
748.37	83.215
748.56	83.351
748.75	83.371
748.94	82.571
749.13	82.793
749.32	82.936
749.51	83.303
749.70	83.481
749.89	83.081
750.08	83.834
750.27	83.425
750.46	83.958
750.65	83.736
750.84	83.934
751.03	84.050
751.22	84.183
751.41	83.993
751.60	83.549
751.79	84.232
751.98	83.595
752.17	84.505
752.36	84.527
752.55	84.152
752.74	83.405
752.93	84.409
753.12	83.995
753.30	84.455
753.49	83.923
753.68	84.698
753.87	84.174
754.06	84.547
754.25	84.537
754.44	85.298
754.63	84.671
754.82	84.882
755.01	85.146
755.20	84.527
755.39	84.925
755.58	84.211
755.77	85.321
755.96	83.823
756.14	84.314
756.33	84.853
756.52	85.042
756.71	85.068
756.90	85.472
757.09	85.198
757.28	85.414
757.47	85.027
757.66	85.638
757.85	86.444
758.04	86.100
758.22	85.385
758.41	84.320
758.60	85.413
758.79	86.022
758.98	85.230
759.17	85.674
759.36	85.575
759.55	85.780
759.74	85.235
759.92	85.970
760.11	86.516
760.30	85.458
760.49	85.581
760.68	85.263
760.87	86.141
761.06	86.718
761.25	86.159
761.43	85.159
761.62	85.863
761.81	86.538
762.00	85.943
762.19	85.808
762.38	85.410
762.57	85.665
762.76	86.072
762.94	85.787
763.13	85.179
763.32	85.043
763.51	86.265
763.70	85.595
763.89	85.887
764.07	87.177
764.26	85.684
764.45	85.527
764.64	85.599
764.83	86.175
765.02	85.414
765.21	86.769
765.39	86.586
765.58	86.105
765.77	86.267
765.96	85.622
766.15	85.802
766.34	85.836
766.52	86.503
766.71	86.629
766.90	85.200
767.09	86.445
767.28	86.718
767.46	86.381
767.65	86.671
767.84	85.500
768.03	86.277
768.22	86.148
768.40	85.574
768.59	86.445
768.78	86.754
768.97	86.354
769.16	85.810
769.34	86.099
769.53	86.270
769.72	86.467
769.91	85.834
770.10	86.510
770.28	86.560
770.47	87.022
770.66	85.913
770.85	86.745
771.04	86.729
771.22	86.079
771.41	86.662
771.60	86.670
771.79	86.164
771.98	86.618
772.16	85.860
772.35	85.616
772.54	86.748
772.73	85.829
772.91	86.027
773.10	86.014
773.29	86.685
773.48	86.411
773.66	85.526
773.85	86.015
774.04	86.957
774.23	86.430
774.41	86.276
774.60	86.566
774.79	87.272
774.98	87.094
775.16	86.612
775.35	86.207
775.54	87.135
775.73	86.232
775.91	87.477
776.10	87.080
776.29	85.862
776.48	87.486
776.66	86.285
776.85	86.982
777.04	86.396
777.23	86.521
777.41	87.282
777.60	85.997
777.79	86.629
777.97	87.128
778.16	86.085
778.35	85.942
778.54	85.944
778.72	87.724
778.91	85.882
779.10	87.012
779.28	87.113
779.47	86.493
779.66	86.677
779.85	87.006
780.03	86.439
780.22	87.249
780.41	86.173
780.59	86.398
780.78	86.421
780.97	86.289
781.15	85.782
781.34	86.785
781.53	86.902
781.71	86.687
781.90	87.131
782.09	86.522
782.27	86.761
782.46	85.816
782.65	86.320
782.84	86.538
783.02	86.897
783.21	87.182
783.40	86.903
783.58	87.203
783.77	87.165
783.96	86.891
784.14	86.183
784.33	86.601
784.52	86.963
784.70	87.195
784.89	86.917
785.07	86.818
785.26	87.234
785.45	87.055
785.63	86.884
785.82	87.068
786.01	87.391
786.19	86.923
786.38	87.104
786.57	86.775
786.75	86.866
786.94	86.672
787.13	86.464
787.31	87.625
787.50	86.846
787.68	86.628
787.87	86.407
788.06	86.306
788.24	86.664
788.43	86.920
788.62	85.878
788.80	87.553
788.99	87.076
789.17	85.696
789.36	86.571
789.55	85.924
789.73	86.735
789.92	85.997
790.10	86.675
790.29	86.371
790.48	86.152
790.66	86.553
790.85	86.650
791.03	87.163
791.22	86.945
791.41	86.827
791.59	85.952
791.78	86.069
791.96	86.490
792.15	87.018
792.34	87.474
792.52	86.135
792.71	87.243
792.89	87.440
793.08	86.225
793.27	87.001
793.45	87.126
793.64	86.137
793.82	87.484
794.01	86.705
794.19	87.298
794.38	86.930
794.57	86.687
794.75	87.184
794.94	87.279
795.12	87.103
795.31	87.463
795.49	86.171
795.68	86.792
795.86	87.615
796.05	87.232
796.24	86.577
796.42	87.041
796.61	87.067
796.79	86.939
796.98	86.729
797.16	87.128
797.35	86.397
797.53	87.527
797.72	86.855
797.90	86.730
798.09	86.032
798.27	86.635
798.46	87.051
798.65	86.565
798.83	87.088
799.02	86.504
799.20	86.803
799.39	85.968
799.57	87.183
799.76	87.199
799.94	87.595
800.13	86.918
800.31	87.781
800.50	86.838
800.68	87.162
800.87	87.012
801.05	87.031
801.24	87.026
801.42	86.664
801.61	87.007
801.79	87.697
801.98	86.871
802.16	86.240
802.35	86.774
802.53	86.124
802.72	86.129
802.90	87.122
803.09	86.395
803.27	86.680
803.46	87.262
803.64	87.368
803.83	87.105
804.01	86.854
804.20	87.040
804.38	87.189
804.56	87.254
804.75	87.715
804.93	87.250
805.12	86.475
805.30	87.428
805.49	86.839
805.67	87.033
805.86	86.812
806.04	86.934
806.23	87.412
806.41	87.126
806.59	86.943
806.78	87.640
806.96	87.400
807.15	86.517
807.33	86.783
807.52	86.838
807.70	87.053
807.89	87.567
808.07	87.478
808.25	86.624
808.44	87.117
808.62	87.079
808.81	87.051
808.99	87.151
809.18	87.293
809.36	86.658
809.54	87.901
809.73	86.906
809.91	86.652
810.10	87.918
810.28	86.511
810.47	87.399
810.65	87.767
810.83	86.933
811.02	86.987
811.20	87.397
811.39	86.103
811.57	86.937
811.75	87.224
811.94	86.401
812.12	87.033
812.31	87.015
812.49	87.705
812.67	87.088
812.86	86.642
813.04	86.761
813.23	87.433
813.41	86.497
813.59	86.654
813.78	87.032
813.96	87.814
814.14	87.281
814.33	88.003
814.51	87.130
814.70	87.286
814.88	86.583
815.06	86.654
815.25	87.087
815.43	86.331
815.61	86.747
815.80	86.937
815.98	86.870
816.16	86.763
816.35	87.723
816.53	87.683
816.72	86.418
816.90	87.176
817.08	86.957
817.27	87.741
817.45	87.833
817.63	87.326
817.82	87.345
818.00	86.724
818.18	86.327
818.37	87.173
818.55	87.782
818.73	87.027
818.92	87.075
819.10	86.734
819.28	87.188
819.47	87.148
819.65	86.946
819.83	86.760
820.02	87.790
820.20	86.756
820.38	86.783
820.57	87.793
820.75	87.826
820.93	86.913
821.11	87.335
821.30	86.622
821.48	87.045
821.66	87.269
821.85	87.005
822.03	87.196
822.21	88.138
822.40	87.021
822.58	86.169
822.76	87.535
822.94	87.182
823.13	86.621
823.31	86.481
823.49	87.650
823.68	86.617
823.86	86.628
824.04	87.027
824.22	86.627
824.41	86.383
824.59	87.193
824.77	86.580
824.96	87.283
825.14	87.421
825.32	87.352
825.50	86.934
825.69	87.868
825.87	87.316
826.05	87.191
826.23	85.465
826.42	86.158
826.60	86.753
826.78	87.827
826.96	86.665
827.15	87.392
827.33	86.579
827.51	86.510
827.69	87.149
827.88	88.395
828.06	87.208
828.24	86.383
828.42	87.044
828.61	86.987
828.79	86.139
828.97	87.587
829.15	88.357
829.34	87.043
829.52	87.730
829.70	87.805
829.88	87.732
830.06	86.644
830.25	87.452
830.43	86.567
830.61	86.750
830.79	87.082
830.97	86.478
831.16	87.852
831.34	87.039
831.52	87.819
831.70	87.595
831.89	87.071
832.07	87.114
832.25	86.957
832.43	87.995
832.61	86.653
832.80	87.079
832.98	87.280
833.16	87.128
833.34	86.440
833.52	86.974
833.70	87.462
833.89	86.587
834.07	87.602
834.25	88.004
834.43	87.674
834.61	87.839
834.80	86.956
834.98	87.672
835.16	86.597
835.34	86.913
835.52	87.253
835.70	86.819
835.89	86.228
836.07	87.177
836.25	87.247
836.43	87.359
836.61	86.860
836.79	86.985
836.97	87.307
837.16	86.423
837.34	87.508
837.52	86.334
837.70	86.840
837.88	86.935
838.06	86.273
838.24	86.700
838.43	87.756
838.61	87.279
838.79	87.127
838.97	87.423
839.15	86.804
839.33	87.358
839.51	86.539
839.70	87.271
839.88	87.639
840.06	87.024
840.24	86.060
840.42	87.212
840.60	87.756
840.78	87.320
840.96	87.152
841.14	86.815
841.33	86.892
841.51	87.497
841.69	87.179
841.87	86.420
842.05	87.740
842.23	87.671
842.41	87.708
842.59	86.809
842.77	86.992
842.95	87.330
843.14	87.527
843.32	87.465
843.50	87.212
843.68	88.246
843.86	86.637
844.04	87.055
844.22	86.083
844.40	87.765
844.58	86.407
844.76	87.674
844.94	87.492
845.12	87.476
845.30	86.690
845.49	86.432
845.67	87.260
845.85	87.192
846.03	86.441
846.21	87.845
846.39	88.464
846.57	86.373
846.75	87.200
846.93	87.282
847.11	87.199
847.29	86.832
847.47	87.095
847.65	86.605
847.83	87.063
848.01	86.970
848.19	86.779
848.37	87.567
848.55	87.474
848.73	87.553
848.91	86.821
849.09	87.135
849.27	88.555
849.46	87.606
849.64	87.846
849.82	87.783
850.00	87.708
850.18	87.118
850.36	86.174
850.54	88.092
850.72	87.481
850.90	87.925
851.08	87.471
851.26	87.721
851.44	88.678
851.62	87.960
851.80	87.628
851.98	87.654
852.16	88.477
852.34	87.211
852.52	88.086
852.70	87.762
852.88	87.642
853.06	86.817
853.24	87.400
853.42	87.936
853.60	87.419
853.78	87.428
853.96	87.471
854.14	87.742
854.31	86.989
854.49	87.988
854.67	87.234
854.85	87.253
855.03	87.963
855.21	87.462
855.39	87.875
855.57	88.873
855.75	87.657
855.93	87.811
856.11	87.311
856.29	88.022
856.47	87.732
856.65	87.215
856.83	87.541
857.01	87.548
857.19	86.554
857.37	87.293
857.55	87.793
857.73	87.104
857.91	87.877
858.09	88.431
858.26	87.067
858.44	88.586
858.62	87.797
858.80	87.552
858.98	86.571
859.16	86.392
859.34	87.697
859.52	86.869
859.70	86.606
859.88	88.056
860.06	88.237
860.24	87.919
860.42	87.665
860.59	88.111
860.77	86.546
860.95	88.121
861.13	86.859
861.31	87.658
861.49	87.325
861.67	87.425
861.85	87.498
862.03	88.760
862.21	87.847
862.38	87.129
862.56	88.622
862.74	88.118
862.92	88.413
863.10	87.765
863.28	88.427
863.46	87.833
863.64	88.189
863.82	88.598
863.99	87.330
864.17	86.511
864.35	87.643
864.53	87.725
864.71	87.704
864.89	87.960
865.07	87.331
865.24	87.870
865.42	88.492
865.60	88.523
865.78	88.616
865.96	87.028
866.14	88.546
866.32	88.300
866.49	88.295
866.67	88.098
866.85	88.058
867.03	88.516
867.21	85.399
867.39	88.283
867.56	88.132
867.74	88.171
867.92	87.882
868.10	87.017
868.28	89.137
868.46	87.218
868.63	88.091
868.81	87.597
868.99	87.427
869.17	87.296
869.35	87.429
869.53	88.294
869.70	86.472
869.88	87.146
870.06	87.454
870.24	88.887
870.42	87.640
870.59	87.400
870.77	88.433
870.95	87.457
871.13	88.119
871.31	87.701
871.48	88.186
871.66	89.326
871.84	87.174
872.02	87.743
872.20	87.580
872.37	88.215
872.55	87.852
872.73	88.640
872.91	88.249
873.08	88.258
873.26	86.677
873.44	88.374
873.62	88.915
873.80	88.337
873.97	89.086
874.15	87.854
874.33	88.200
874.51	86.961
874.68	87.500
874.86	87.496
875.04	86.661
875.22	87.375
875.39	87.030
875.57	88.368
875.75	87.281
875.93	86.603
876.10	87.867
876.28	88.389
876.46	89.513
876.64	87.828
876.81	87.807
876.99	87.620
877.17	87.881
877.35	87.600
877.52	87.112
877.70	86.901
877.88	88.403
878.06	86.984
878.23	88.369
878.41	88.771
878.59	87.797
878.76	87.202
878.94	88.067
879.12	88.510
879.30	87.917
879.47	88.220
879.65	88.426
879.83	88.318
880.00	87.517
880.18	88.202
880.36	88.158
880.53	87.081
880.71	87.986
880.89	86.672
881.07	87.861
881.24	87.205
881.42	87.749
881.60	88.268
881.77	87.999
881.95	87.159
882.13	88.906
882.30	87.547
882.48	88.836
882.66	87.987
882.83	87.050
883.01	87.771
883.19	87.186
883.36	86.905
883.54	88.831
883.72	88.075
883.89	87.401
884.07	88.793
884.25	88.655
884.42	87.760
884.60	87.664
884.78	87.728
884.95	87.804
885.13	87.646
885.31	88.275
885.48	87.794
885.66	88.416
885.84	88.410
886.01	89.020
886.19	88.058
886.36	88.208
886.54	85.960
886.72	86.900
886.89	89.075
887.07	87.486
887.25	87.482
887.42	88.202
887.60	88.541
887.78	88.476
887.95	87.448
888.13	87.768
888.30	88.823
888.48	87.716
888.66	87.420
888.83	88.551
889.01	88.760
889.18	87.870
889.36	87.903
889.54	88.801
889.71	87.896
889.89	88.933
890.06	87.010
890.24	87.772
890.42	89.016
890.59	88.361
890.77	87.577
890.94	87.090
891.12	88.610
891.30	88.789
891.47	87.441
891.65	86.782
891.82	88.096
892.00	87.806
892.17	87.174
892.35	88.066
892.53	87.219
892.70	88.396
892.88	88.432
893.05	87.323
893.23	87.937
893.40	87.926
893.58	87.111
893.75	88.284
893.93	89.274
894.11	87.098
894.28	89.202
894.46	87.411
894.63	87.628
894.81	88.062
894.98	88.182
895.16	88.611
895.33	88.258
895.51	87.428
895.68	87.926
895.86	88.087
896.04	88.557
896.21	87.983
896.39	87.777
896.56	86.179
896.74	89.290
896.91	86.824
897.09	87.065
897.26	88.080
897.44	89.494
897.61	87.989
897.79	87.954
897.96	89.560
898.14	88.570
898.31	88.418
898.49	87.746
898.66	88.975
898.84	88.791
899.01	88.660
899.19	88.040
899.36	86.571
899.54	88.110
899.71	87.833
899.89	87.412
900.06	87.195
900.24	88.537
900.41	87.814
900.59	88.180
900.76	87.597
900.94	88.169
901.11	87.128
901.29	88.575
901.46	89.459
901.63	86.790
901.81	87.331
901.98	89.589
902.16	86.581
902.33	87.307
902.51	87.625
902.68	88.115
902.86	87.662
903.03	87.900
903.21	87.548
903.38	87.863
903.56	88.023
903.73	88.360
903.90	88.314
904.08	87.760
904.25	88.069
904.43	87.029
904.60	87.158
904.78	87.899
904.95	88.749
905.12	89.550
905.30	88.540
905.47	89.012
905.65	88.195
905.82	88.241
906.00	87.512
906.17	89.174
906.34	88.221
906.52	87.798
906.69	88.002
906.87	88.286
907.04	87.677
907.21	88.089
907.39	88.343
907.56	89.026
907.74	87.605
907.91	87.798
908.08	88.336
908.26	88.768
908.43	89.251
908.61	88.601
908.78	88.175
908.95	88.176
909.13	88.654
909.30	88.305
909.48	87.921
909.65	88.235
909.82	88.058
910.00	88.192
910.17	87.060
910.34	87.112
910.52	88.357
910.69	87.385
910.87	87.859
911.04	87.734
911.21	87.870
911.39	87.206
911.56	88.920
911.73	89.196
911.91	87.768
912.08	88.844
912.25	88.021
912.43	88.510
912.60	88.033
912.77	88.696
912.95	88.057
913.12	88.734
913.29	88.462
913.47	87.480
913.64	88.209
913.81	88.732
913.99	89.252
914.16	88.190
914.33	87.128
914.51	88.186
914.68	87.288
914.85	87.194
915.03	88.694
915.20	88.091
915.37	88.228
915.55	87.068
915.72	87.284
915.89	88.502
916.07	88.687
916.24	87.966
916.41	87.428
916.59	88.174
916.76	89.730
916.93	88.996
917.10	87.889
917.28	89.640
917.45	87.298
917.62	88.934
917.80	88.246
917.97	86.125
918.14	88.831
918.31	87.447
918.49	88.274
918.66	87.420
918.83	88.607
919.01	87.443
919.18	88.597
919.35	89.658
919.52	87.984
919.70	88.299
919.87	87.991
920.04	88.557
920.21	88.439
920.39	88.043
920.56	89.055
920.73	88.128
920.90	87.843
921.08	86.954
921.25	89.122
921.42	88.995
921.59	88.497
921.77	87.978
921.94	87.658
922.11	87.513
922.28	87.319
922.46	87.690
922.63	88.856
922.80	88.413
922.97	88.898
923.15	88.116
923.32	88.042
923.49	88.892
923.66	86.315
923.83	87.766
924.01	88.077
924.18	88.484
924.35	87.602
924.52	88.571
924.69	87.971
924.87	88.863
925.04	87.955
925.21	90.310
925.38	87.266
925.55	89.029
925.73	88.718
925.90	90.044
926.07	89.202
926.24	87.652
926.41	87.292
926.59	89.945
926.76	87.776
926.93	89.893
927.10	86.263
927.27	87.798
927.45	87.539
927.62	89.651
927.79	89.571
927.96	88.696
928.13	89.000
928.30	89.577
928.48	87.886
928.65	88.072
928.82	87.216
928.99	88.238
929.16	88.137
929.33	89.268
929.50	89.653
929.68	88.051
929.85	88.694
930.02	90.127
930.19	88.371
930.36	87.026
930.53	90.728
930.70	86.888
930.88	88.384
931.05	88.829
931.22	88.978
931.39	87.794
931.56	86.377
931.73	88.310
931.90	88.447
932.08	89.731
932.25	86.531
932.42	87.162
932.59	87.526
932.76	88.951
932.93	88.850
933.10	90.728
933.27	88.617
933.44	87.945
933.62	88.630
933.79	88.746
933.96	88.455
934.13	88.804
934.30	90.537
934.47	88.522
934.64	89.886
934.81	87.987
934.98	85.926
935.15	88.778
935.32	87.232
935.50	86.895
935.67	87.189
935.84	87.363
936.01	90.498
936.18	86.510
936.35	91.106
936.52	90.601
936.69	90.682
936.86	88.082
937.03	88.172
937.20	87.149
937.37	88.770
937.54	87.320
937.71	88.499
937.89	82.545
938.06	90.281
938.23	89.686
938.40	87.412
938.57	87.151
938.74	86.228
938.91	88.607
939.08	89.322
939.25	87.857
939.42	88.511
939.59	92.299
939.76	85.244
939.93	82.235
940.10	87.493
940.27	87.053
940.44	88.352
940.61	90.868
940.78	87.500
940.95	85.924
941.12	89.219
941.29	86.168
941.46	92.013
941.63	82.590
941.80	89.489
941.97	87.697
942.14	92.590
942.31	84.652
942.48	88.868
942.65	84.636
942.82	84.554
942.99	86.403
943.16	87.752
943.33	88.008
943.50	86.465
943.67	88.752
943.84	84.268
944.01	90.348
944.18	92.458
944.35	88.115
944.52	86.475
944.69	89.037
944.86	86.814
945.03	85.571
945.20	90.016
945.37	87.476
945.54	83.653
945.71	83.998
945.88	89.388
946.05	88.946
946.22	86.690
946.39	88.586
946.56	91.219
946.73	86.854
946.90	87.760
947.07	82.142
947.23	91.097
947.40	88.227
947.57	88.289
947.74	89.582
947.91	85.680
948.08	92.623
948.25	88.293
948.42	90.329
948.59	84.626
948.76	91.626
948.93	87.124
949.10	87.930
949.27	88.042
949.44	92.399
949.60	85.495
949.77	85.133
949.94	86.597
950.11	86.291
950.28	84.699
950.45	87.449
950.62	91.035
950.79	87.032
950.96	86.415
951.13	88.939
951.30	87.452
951.46	85.426
951.63	88.619
951.80	86.830
951.97	92.097
952.14	86.135
952.31	87.012
952.48	87.584
952.65	88.937
952.81	84.517
952.98	90.589
953.15	88.734
953.32	88.451
953.49	85.532
953.66	90.218
953.83	85.924
954.00	87.633
954.16	86.371
954.33	90.763
954.50	90.018
954.67	86.422
954.84	84.430
955.01	87.382
955.18	86.989
955.34	89.710
955.51	86.047
955.68	89.115
955.85	84.414
956.02	87.364
956.19	85.630
956.35	84.468
956.52	88.162
956.69	87.562
956.86	87.663
957.03	83.192
957.20	87.638
957.36	87.928
957.53	90.064
957.70	87.768
957.87	84.072
958.04	88.563
958.21	85.306
958.37	86.329
958.54	86.549
958.71	83.518
958.88	90.973
959.05	87.200
959.21	91.514
959.38	88.666
959.55	87.260
959.72	89.694
959.89	87.056
960.05	90.404
960.22	89.209
960.39	86.136
960.56	89.713
960.72	87.739
960.89	87.625
961.06	85.060
961.23	89.615
961.40	85.727
961.56	87.417
961.73	86.612
961.90	88.894
962.07	84.893
962.23	86.703
962.40	86.791
962.57	87.202
962.74	89.484
962.90	87.559
963.07	88.083
963.24	87.475
963.41	89.484
963.57	87.039
963.74	89.282
963.91	86.816
964.08	85.947
964.24	87.328
964.41	90.806
964.58	87.232
964.75	87.835
964.91	87.749
965.08	87.776
965.25	85.167
965.42	84.385
965.58	88.004
965.75	89.885
965.92	88.230
966.08	89.745
966.25	87.251
966.42	90.596
966.59	86.453
966.75	87.698
966.92	90.155
967.09	88.606
967.25	86.273
967.42	89.432
967.59	86.876
967.75	89.444
967.92	90.104
968.09	87.643
968.26	90.160
968.42	86.007
968.59	87.608
968.76	87.170
968.92	89.547
969.09	88.093
969.26	88.308
969.42	85.029
969.59	88.362
969.76	86.928
969.92	89.698
970.09	86.538
970.26	89.493
970.42	90.763
970.59	88.716
970.76	90.444
970.92	89.639
971.09	88.349
971.26	87.720
971.42	87.741
971.59	85.813
971.76	86.760
971.92	85.955
972.09	86.931
972.25	86.035
972.42	88.143
972.59	86.462
972.75	86.015
972.92	87.156
973.09	90.275
973.25	88.724
973.42	89.200
973.58	87.781
973.75	84.985
973.92	84.006
974.08	87.318
974.25	85.058
974.42	90.576
974.58	87.092
974.75	86.338
974.91	88.238
975.08	85.335
975.25	87.711
975.41	88.671
975.58	87.173
975.74	91.687
975.91	90.123
976.08	86.449
976.24	86.236
976.41	89.012
976.57	89.865
976.74	87.926
976.91	86.886
977.07	86.630
977.24	89.627
977.40	85.529
977.57	84.026
977.73	88.680
977.90	87.208
978.07	84.758
978.23	86.709
978.40	85.743
978.56	86.757
978.73	90.747
978.89	85.425
979.06	86.526
979.22	84.445
979.39	89.914
979.56	85.540
979.72	89.823
979.89	87.185
980.05	89.535
980.22	88.059
980.38	85.677
980.55	90.307
980.71	88.127
980.88	89.744
981.04	87.463
981.21	86.882
981.37	87.653
981.54	87.917
981.70	84.349
981.87	90.899
982.04	91.018
982.20	84.670
982.37	86.747
982.53	89.112
982.70	87.477
982.86	87.196
983.03	89.339
983.19	93.307
983.36	86.540
983.52	85.441
983.69	88.635
983.85	90.349
984.02	81.843
984.18	84.500
984.35	87.355
984.51	90.188
984.68	87.559
984.84	90.462
985.00	92.034
985.17	86.923
985.33	88.545
985.50	86.657
985.66	86.645
985.83	88.482
985.99	86.851
986.16	87.104
986.32	89.230
986.49	85.097
986.65	86.175
986.82	87.119
986.98	90.104
987.15	86.231
987.31	88.777
987.47	89.224
987.64	91.511
987.80	83.722
987.97	87.947
988.13	86.442
988.30	88.078
988.46	85.580
988.63	86.210
988.79	87.406
988.95	82.389
989.12	89.400
989.28	85.800
989.45	89.226
989.61	87.660
989.77	88.032
989.94	84.594
990.10	90.793
990.27	92.640
990.43	87.699
990.60	85.728
990.76	89.641
990.92	93.613
991.09	89.678
991.25	86.507
991.42	84.314
991.58	90.828
991.74	86.806
991.91	89.905
992.07	84.449
992.24	86.280
992.40	84.050
992.56	88.803
992.73	84.151
992.89	90.021
993.05	83.695
993.22	80.858
993.38	89.287
993.55	88.342
993.71	86.855
993.87	89.089
994.04	84.548
994.20	94.143
994.36	90.062
994.53	90.896
994.69	89.548
994.85	92.722
995.02	90.646
995.18	86.318
995.34	89.320
995.51	91.723
995.67	87.857
995.84	87.754
996.00	83.810
996.16	87.698
996.33	92.482
996.49	85.028
996.65	86.513
996.82	84.271
996.98	88.282
997.14	88.911
997.31	86.347
997.47	89.588
997.63	81.869
997.79	87.918
997.96	90.279
998.12	88.023
998.28	92.157
998.45	85.398
998.61	89.102
998.77	90.978
998.94	81.171
999.10	86.592
999.26	85.527
999.43	87.903
999.59	87.342
999.75	89.189
999.91	85.382
1000.08	88.218
1000.24	88.538
1000.40	83.696
1000.57	89.877
1000.73	84.860
1000.89	89.259
1001.05	82.973
1001.22	90.571
1001.38	87.803
1001.54	92.314
1001.70	81.628
1001.87	84.239
1002.03	91.385
1002.19	89.991
1002.35	82.756
1002.52	88.084
1002.68	86.424
1002.84	83.664
1003.00	87.399
1003.17	87.488
1003.33	88.843
1003.49	89.463
1003.65	83.663
1003.82	88.588
1003.98	82.172
1004.14	83.440
1004.30	93.906
1004.47	84.134
1004.63	82.560
1004.79	91.112
1004.95	89.142
1005.11	92.700
1005.28	93.136
1005.44	85.230
1005.60	89.306
1005.76	83.563
1005.93	80.867
1006.09	92.846
1006.25	86.771
1006.41	84.973
1006.57	96.106
1006.74	79.575
1006.90	81.715
1007.06	91.343
1007.22	90.803
1007.38	85.308
1007.55	85.640
1007.71	90.773
1007.87	86.910
1008.03	84.976
1008.19	92.834
1008.35	86.216
1008.52	85.342
1008.68	91.515
1008.84	86.309
1009.00	88.780
1009.16	87.889
1009.32	88.631
1009.49	86.830
1009.65	88.599
1009.81	82.981
1009.97	82.674
1010.13	85.074
1010.29	85.645
1010.46	88.442
1010.62	78.389
1010.78	89.462
1010.94	87.902
1011.10	87.464
1011.26	87.095
1011.42	96.770
1011.59	88.157
1011.75	85.918
1011.91	83.353
1012.07	86.188
1012.23	91.602
1012.39	87.879
1012.55	88.566
1012.71	90.615
1012.88	88.482
1013.04	86.358
1013.20	88.991
1013.36	92.336
1013.52	88.647
1013.68	90.945
1013.84	82.805
1014.00	90.457
1014.16	90.204
1014.33	88.518
1014.49	90.502
1014.65	89.529
1014.81	89.780
1014.97	90.878
1015.13	94.328
1015.29	83.299
1015.45	92.817
1015.61	79.012
1015.77	87.798
1015.93	92.018
1016.09	87.297
1016.26	91.304
1016.42	82.621
1016.58	86.985
1016.74	91.383
1016.90	85.850
1017.06	88.561
1017.22	96.885
1017.38	83.809
1017.54	85.735
1017.70	91.167
1017.86	88.880
1018.02	91.247
1018.18	92.249
1018.34	86.635
1018.50	84.670
1018.66	89.504
1018.82	82.340
1018.98	94.334
1019.14	85.106
1019.31	92.418
1019.47	85.191
1019.63	92.339
1019.79	89.916
1019.95	87.888
1020.11	85.066
1020.27	86.493
1020.43	89.073
1020.59	86.161
1020.75	92.553
1020.91	84.799
1021.07	95.128
1021.23	86.982
1021.39	93.453
1021.55	81.350
1021.71	86.042
1021.87	83.814
1022.03	87.113
1022.19	90.614
1022.35	82.324
1022.51	115.440
1022.67	83.074
1022.83	84.444
1022.99	99.101
1023.15	84.758
1023.31	89.159
1023.47	89.644
1023.63	97.225
1023.79	83.779
1023.95	97.040
1024.10	86.151
1024.26	92.457
1024.42	96.582
1024.58	87.670
1024.74	88.390
1024.90	86.927
1025.06	85.112
1025.22	91.026
1025.38	80.271
1025.54	89.289
1025.70	88.201
1025.86	96.882
1026.02	91.934
1026.18	91.573
1026.34	93.591
1026.50	96.388
1026.66	86.332
1026.82	98.297
1026.98	95.716
1027.13	94.626
1027.29	91.905
1027.45	81.779
1027.61	94.273
1027.77	78.753
1027.93	83.827
1028.09	88.209
1028.25	88.137
1028.41	101.837
1028.57	75.193
1028.73	95.244
1028.88	76.674
1029.04	91.021
1029.20	82.593
1029.36	95.866
1029.52	81.719
1029.68	81.799
1029.84	82.653
1030.00	94.965
1030.16	92.276
1030.32	86.387
1030.47	88.163
1030.63	78.193
1030.79	85.109
1030.95	79.632
1031.11	91.518
1031.27	93.405
1031.43	88.299
1031.59	89.353
1031.74	100.563
1031.90	92.472
1032.06	83.518
1032.22	84.321
1032.38	93.128
1032.54	82.153
1032.69	85.635
1032.85	93.300
1033.01	65.837
1033.17	83.515
1033.33	89.803
1033.49	88.328
1033.65	84.604
1033.80	83.086
1033.96	82.508
1034.12	100.868
1034.28	94.860
1034.44	81.832
1034.60	68.351
1034.75	98.807
1034.91	115.108
1035.07	79.875
1035.23	91.958
1035.39	85.123
1035.54	87.518
1035.70	82.017
1035.86	84.431
1036.02	113.187
1036.18	78.987
1036.33	100.844
1036.49	84.923
1036.65	79.849
1036.81	85.213
1036.97	113.806
1037.12	92.447
1037.28	76.946
1037.44	95.522
1037.60	94.211
1037.76	91.367
1037.91	98.117
1038.07	86.084
1038.23	82.079
1038.39	76.077
1038.54	112.475
1038.70	98.893
1038.86	100.000
1039.02	99.089
1039.17	85.900
1039.33	85.011
1039.49	93.985
1039.65	80.556
1039.80	71.967
1039.96	83.431
1040.12	84.915
1040.28	88.100
>>>>> Data<<<<< Espectral Procesado Extremo
