Fichero De Datos De SpectraSuite
++++++++++++++++++++++++++++++++++++
Fecha: Mon Jul 06 09:11:26 CST 2026
Usuario: HP
Presente Oscuro Del Espectro: Sí
La Referencia de Presente Del Espectro De: Sí
Muestreados de los componentes de Número de espectros: 1
Espectrómetros: USB4H06056
Tiempo de integración (usec): 300000 (USB4H06056)
Promedio de Espectros Hechos un: 5 (USB4H06056)
El Alisar Del Furgón: 0 (USB4H06056)
Párrafo de de Corregir del la del del de Eléctrica del obscuridad: No (USB4H06056)
Estrobo/Lámpara Permitido: No (USB4H06056)
Correct for Detector Non-linearity: No (USB4H06056)
Párrafo de de Corregir del la del del de Externa del luz: No (USB4H06056)
Procesado del espectro de Número de pixeles en: 3648
>>>>> Comienza Data<<<<< Espectral Procesado Del EL
345.09	-161.111
345.30	-161.111
345.52	-161.111
345.74	-71.429
345.95	27.536
346.17	129.432
346.39	120.572
346.60	125.329
346.82	120.896
347.04	131.034
347.25	114.308
347.47	128.840
347.69	107.080
347.90	119.845
348.12	114.475
348.34	133.226
348.56	115.107
348.77	114.586
348.99	117.045
349.21	109.811
349.42	124.471
349.64	115.821
349.86	118.876
350.07	114.210
350.29	107.874
350.51	101.740
350.72	113.106
350.94	107.648
351.16	116.546
351.37	107.303
351.59	116.809
351.81	103.315
352.02	127.019
352.24	120.192
352.46	119.167
352.67	107.280
352.89	109.545
353.10	112.542
353.32	108.579
353.54	113.355
353.75	112.745
353.97	117.071
354.19	109.137
354.40	124.261
354.62	96.847
354.84	126.598
355.05	98.280
355.27	105.409
355.49	124.282
355.70	127.004
355.92	112.154
356.14	122.180
356.35	110.175
356.57	108.242
356.78	106.723
357.00	107.782
357.22	104.378
357.43	101.670
357.65	120.715
357.87	110.473
358.08	124.414
358.30	107.810
358.51	111.624
358.73	115.252
358.95	114.359
359.16	118.362
359.38	120.049
359.60	116.832
359.81	124.697
360.03	126.998
360.24	105.318
360.46	104.651
360.68	117.812
360.89	110.973
361.11	118.509
361.33	116.507
361.54	109.721
361.76	109.330
361.97	97.264
362.19	108.511
362.41	116.227
362.62	114.527
362.84	125.029
363.05	114.090
363.27	125.568
363.49	135.317
363.70	124.426
363.92	115.775
364.13	114.952
364.35	125.846
364.57	116.994
364.78	113.181
365.00	103.834
365.21	110.999
365.43	114.645
365.65	117.946
365.86	104.192
366.08	113.239
366.29	103.750
366.51	113.821
366.73	112.525
366.94	112.661
367.16	124.481
367.37	114.896
367.59	118.134
367.80	112.366
368.02	131.324
368.24	114.957
368.45	121.307
368.67	131.798
368.88	117.481
369.10	123.749
369.31	117.161
369.53	123.639
369.75	113.779
369.96	104.400
370.18	114.519
370.39	120.000
370.61	108.385
370.82	120.977
371.04	111.034
371.26	101.301
371.47	119.284
371.69	115.669
371.90	108.399
372.12	117.599
372.33	110.965
372.55	125.597
372.76	122.817
372.98	115.107
373.20	129.557
373.41	138.943
373.63	116.029
373.84	110.853
374.06	130.371
374.27	106.066
374.49	122.263
374.70	136.606
374.92	122.277
375.13	111.276
375.35	106.842
375.57	104.624
375.78	135.543
376.00	106.930
376.21	120.847
376.43	109.293
376.64	113.670
376.86	114.218
377.07	118.584
377.29	107.478
377.50	121.453
377.72	119.437
377.93	119.805
378.15	132.497
378.36	119.523
378.58	124.361
378.80	116.011
379.01	104.375
379.23	108.160
379.44	126.562
379.66	123.253
379.87	108.711
380.09	112.118
380.30	114.395
380.52	116.135
380.73	107.062
380.95	119.617
381.16	105.253
381.38	123.725
381.59	115.633
381.81	127.556
382.02	109.680
382.24	135.478
382.45	116.627
382.67	122.867
382.88	122.304
383.10	111.844
383.31	114.828
383.53	122.051
383.74	125.313
383.96	115.426
384.17	119.977
384.39	119.540
384.60	119.441
384.82	106.296
385.03	109.626
385.25	116.036
385.46	118.523
385.68	112.883
385.89	116.539
386.11	107.627
386.32	122.469
386.54	114.982
386.75	115.561
386.97	125.117
387.18	123.432
387.40	140.903
387.61	102.364
387.83	122.895
388.04	109.445
388.25	129.864
388.47	106.529
388.68	106.647
388.90	127.590
389.11	110.419
389.33	128.428
389.54	114.330
389.76	116.467
389.97	116.581
390.19	118.911
390.40	121.678
390.62	117.744
390.83	104.480
391.05	108.126
391.26	107.632
391.47	114.545
391.69	141.517
391.90	107.003
392.12	125.691
392.33	111.590
392.55	113.936
392.76	117.870
392.98	121.109
393.19	119.120
393.41	133.026
393.62	105.249
393.83	117.073
394.05	110.996
394.26	121.583
394.48	118.271
394.69	113.015
394.91	114.994
395.12	118.386
395.34	122.642
395.55	115.010
395.76	119.701
395.98	121.329
396.19	127.451
396.41	103.494
396.62	109.243
396.84	114.675
397.05	104.698
397.26	111.959
397.48	109.360
397.69	116.380
397.91	115.946
398.12	119.560
398.33	118.047
398.55	110.265
398.76	116.874
398.98	111.596
399.19	111.772
399.41	117.609
399.62	116.477
399.83	117.755
400.05	120.347
400.26	107.951
400.48	114.510
400.69	100.722
400.90	131.982
401.12	134.030
401.33	113.690
401.55	114.371
401.76	111.992
401.97	117.581
402.19	123.602
402.40	116.916
402.62	116.147
402.83	111.167
403.04	110.846
403.26	112.432
403.47	112.737
403.69	114.846
403.90	108.259
404.11	120.841
404.33	115.785
404.54	111.298
404.76	124.519
404.97	106.826
405.18	105.752
405.40	125.488
405.61	109.759
405.83	102.960
406.04	107.502
406.25	110.162
406.47	113.147
406.68	121.754
406.89	120.424
407.11	112.886
407.32	113.214
407.54	107.843
407.75	112.689
407.96	117.339
408.18	105.521
408.39	110.129
408.60	108.015
408.82	113.918
409.03	108.385
409.24	109.662
409.46	103.867
409.67	113.214
409.89	104.414
410.10	102.147
410.31	99.561
410.53	109.860
410.74	100.501
410.95	106.614
411.17	100.199
411.38	102.001
411.59	95.207
411.81	107.427
412.02	103.556
412.23	97.352
412.45	97.181
412.66	110.008
412.87	90.038
413.09	95.422
413.30	102.651
413.51	95.906
413.73	104.339
413.94	100.525
414.15	107.342
414.37	93.293
414.58	85.286
414.79	86.779
415.01	102.974
415.22	90.467
415.43	86.713
415.65	90.483
415.86	84.529
416.07	95.135
416.29	93.403
416.50	89.777
416.71	84.925
416.93	82.989
417.14	85.714
417.35	81.869
417.57	81.842
417.78	78.978
417.99	82.591
418.21	81.479
418.42	80.717
418.63	75.445
418.85	87.137
419.06	78.696
419.27	77.737
419.48	68.053
419.70	80.553
419.91	77.515
420.12	70.379
420.34	70.452
420.55	72.965
420.76	74.340
420.98	72.213
421.19	67.641
421.40	70.255
421.61	68.750
421.83	72.608
422.04	67.994
422.25	71.459
422.47	68.807
422.68	64.638
422.89	62.587
423.11	69.800
423.32	70.195
423.53	59.513
423.74	61.209
423.96	67.386
424.17	67.208
424.38	62.942
424.59	61.311
424.81	63.419
425.02	57.143
425.23	54.888
425.45	58.178
425.66	58.357
425.87	57.749
426.08	55.221
426.30	57.377
426.51	61.259
426.72	58.109
426.93	53.564
427.15	57.824
427.36	60.298
427.57	50.900
427.79	55.725
428.00	54.238
428.21	60.800
428.42	55.412
428.64	51.052
428.85	49.241
429.06	54.048
429.27	57.548
429.49	46.375
429.70	51.835
429.91	50.179
430.12	59.519
430.34	51.724
430.55	46.080
430.76	45.959
430.97	49.243
431.19	45.190
431.40	50.027
431.61	43.278
431.82	53.285
432.03	44.554
432.25	45.598
432.46	43.042
432.67	48.303
432.88	49.863
433.10	45.526
433.31	47.468
433.52	43.091
433.73	48.752
433.95	42.032
434.16	45.320
434.37	49.459
434.58	48.152
434.79	46.103
435.01	49.496
435.22	44.821
435.43	48.397
435.64	51.788
435.86	45.307
436.07	45.151
436.28	45.668
436.49	43.601
436.70	41.649
436.92	43.896
437.13	47.827
437.34	41.765
437.55	48.531
437.76	42.117
437.98	41.249
438.19	43.767
438.40	46.010
438.61	44.150
438.82	42.721
439.04	41.752
439.25	45.144
439.46	46.120
439.67	42.935
439.88	40.487
440.10	42.039
440.31	39.422
440.52	39.814
440.73	40.672
440.94	43.614
441.16	43.984
441.37	42.368
441.58	40.696
441.79	37.356
442.00	44.579
442.21	44.344
442.43	41.657
442.64	39.410
442.85	45.864
443.06	37.842
443.27	42.600
443.48	42.417
443.70	40.427
443.91	39.831
444.12	42.279
444.33	40.823
444.54	40.254
444.75	41.435
444.97	40.096
445.18	40.629
445.39	41.673
445.60	40.794
445.81	40.375
446.02	35.736
446.24	41.037
446.45	38.685
446.66	41.865
446.87	38.990
447.08	42.012
447.29	41.248
447.51	41.046
447.72	38.982
447.93	38.401
448.14	41.334
448.35	39.922
448.56	40.492
448.77	39.980
448.99	36.393
449.20	39.320
449.41	41.220
449.62	36.705
449.83	38.404
450.04	39.590
450.25	42.876
450.46	38.702
450.68	39.389
450.89	39.807
451.10	40.832
451.31	42.474
451.52	38.243
451.73	38.430
451.94	39.709
452.15	38.096
452.37	36.790
452.58	39.368
452.79	40.893
453.00	35.900
453.21	37.829
453.42	34.412
453.63	42.088
453.84	41.848
454.06	39.671
454.27	42.235
454.48	39.540
454.69	40.549
454.90	38.076
455.11	37.477
455.32	40.264
455.53	40.432
455.74	38.690
455.95	38.871
456.17	38.963
456.38	38.814
456.59	38.855
456.80	41.133
457.01	38.118
457.22	40.610
457.43	38.949
457.64	37.623
457.85	35.413
458.06	39.205
458.27	39.320
458.49	40.396
458.70	40.522
458.91	41.965
459.12	39.108
459.33	39.143
459.54	39.658
459.75	41.894
459.96	37.228
460.17	39.155
460.38	39.022
460.59	37.933
460.80	37.657
461.01	39.035
461.23	38.997
461.44	38.364
461.65	39.801
461.86	39.771
462.07	39.488
462.28	43.568
462.49	38.104
462.70	38.453
462.91	37.294
463.12	37.488
463.33	39.681
463.54	37.946
463.75	39.322
463.96	40.585
464.17	35.909
464.38	37.178
464.59	38.575
464.81	36.722
465.02	39.402
465.23	39.688
465.44	40.968
465.65	41.294
465.86	39.499
466.07	38.205
466.28	39.318
466.49	38.319
466.70	38.546
466.91	40.581
467.12	38.257
467.33	42.465
467.54	37.797
467.75	40.853
467.96	39.197
468.17	37.319
468.38	37.572
468.59	39.327
468.80	37.448
469.01	38.252
469.22	37.539
469.43	35.298
469.64	39.281
469.85	37.721
470.06	36.449
470.27	36.918
470.48	40.349
470.69	36.845
470.90	37.732
471.11	38.588
471.32	38.680
471.53	36.231
471.74	36.139
471.95	38.017
472.16	41.445
472.37	36.807
472.58	38.023
472.79	38.512
473.00	38.880
473.21	37.785
473.42	37.322
473.63	36.989
473.84	39.955
474.05	37.455
474.26	36.775
474.47	34.806
474.68	36.685
474.89	39.674
475.10	38.497
475.31	38.422
475.52	37.378
475.73	39.157
475.94	38.026
476.15	37.579
476.36	39.250
476.57	36.728
476.78	37.675
476.99	37.314
477.20	36.925
477.41	37.658
477.62	37.604
477.83	37.796
478.04	36.046
478.25	38.337
478.46	34.111
478.67	36.597
478.88	38.007
479.09	37.552
479.30	35.581
479.51	34.857
479.72	35.854
479.93	38.106
480.14	35.219
480.35	37.006
480.56	37.687
480.77	37.028
480.98	36.885
481.18	35.731
481.39	36.831
481.60	35.696
481.81	33.768
482.02	34.673
482.23	37.557
482.44	36.502
482.65	36.465
482.86	36.601
483.07	37.107
483.28	36.029
483.49	35.711
483.70	36.256
483.91	36.775
484.12	36.132
484.33	36.192
484.53	36.630
484.74	36.709
484.95	36.614
485.16	37.117
485.37	35.577
485.58	38.133
485.79	37.347
486.00	35.954
486.21	35.089
486.42	35.623
486.63	37.027
486.84	35.574
487.05	34.350
487.25	34.948
487.46	36.251
487.67	37.142
487.88	35.352
488.09	35.678
488.30	35.136
488.51	36.266
488.72	35.793
488.93	36.527
489.14	36.001
489.35	34.391
489.55	34.645
489.76	35.627
489.97	36.773
490.18	35.100
490.39	35.511
490.60	35.422
490.81	36.427
491.02	34.984
491.23	35.846
491.43	37.375
491.64	35.073
491.85	35.348
492.06	37.420
492.27	35.130
492.48	36.114
492.69	35.438
492.90	35.666
493.11	34.212
493.31	36.503
493.52	35.354
493.73	35.913
493.94	36.741
494.15	35.621
494.36	34.423
494.57	34.853
494.78	34.736
494.98	36.026
495.19	36.534
495.40	34.927
495.61	36.020
495.82	36.468
496.03	35.159
496.24	35.901
496.44	36.112
496.65	35.753
496.86	35.563
497.07	36.046
497.28	38.010
497.49	36.409
497.70	34.715
497.90	35.202
498.11	35.990
498.32	35.351
498.53	34.464
498.74	36.073
498.95	36.394
499.15	37.442
499.36	35.198
499.57	35.907
499.78	35.418
499.99	36.430
500.20	36.087
500.40	35.191
500.61	34.420
500.82	34.890
501.03	35.684
501.24	36.090
501.45	36.064
501.65	35.085
501.86	35.060
502.07	36.813
502.28	35.733
502.49	36.789
502.70	34.813
502.90	35.348
503.11	35.577
503.32	35.677
503.53	35.513
503.74	36.006
503.94	36.149
504.15	36.717
504.36	35.567
504.57	35.558
504.78	35.878
504.98	35.354
505.19	35.776
505.40	35.713
505.61	35.732
505.82	36.113
506.02	35.391
506.23	35.597
506.44	36.683
506.65	35.647
506.86	35.610
507.06	34.789
507.27	36.782
507.48	37.018
507.69	35.456
507.90	37.322
508.10	36.441
508.31	37.066
508.52	36.534
508.73	36.070
508.94	36.512
509.14	36.299
509.35	36.470
509.56	36.222
509.77	36.990
509.97	36.303
510.18	36.157
510.39	36.270
510.60	38.198
510.80	36.847
511.01	37.201
511.22	36.749
511.43	37.518
511.64	38.116
511.84	36.512
512.05	36.726
512.26	36.885
512.47	37.774
512.67	37.888
512.88	37.533
513.09	37.885
513.30	38.504
513.50	37.985
513.71	37.550
513.92	37.624
514.13	38.569
514.33	37.507
514.54	37.929
514.75	38.036
514.96	37.732
515.16	38.212
515.37	38.081
515.58	38.006
515.78	38.675
515.99	38.952
516.20	38.478
516.41	39.388
516.61	39.535
516.82	39.083
517.03	38.001
517.24	39.789
517.44	38.885
517.65	38.986
517.86	39.305
518.07	40.360
518.27	39.165
518.48	40.095
518.69	40.375
518.89	40.813
519.10	40.892
519.31	40.621
519.52	39.819
519.72	40.692
519.93	40.088
520.14	40.240
520.34	39.955
520.55	40.762
520.76	40.706
520.96	41.135
521.17	41.701
521.38	40.563
521.59	40.635
521.79	40.831
522.00	41.463
522.21	41.445
522.41	41.171
522.62	42.001
522.83	42.069
523.03	42.480
523.24	43.409
523.45	42.274
523.66	42.936
523.86	42.643
524.07	43.189
524.28	42.960
524.48	43.822
524.69	47.592
524.90	44.704
525.10	42.106
525.31	43.613
525.52	44.245
525.72	44.123
525.93	43.156
526.14	44.144
526.34	44.885
526.55	44.694
526.76	45.148
526.96	45.384
527.17	44.585
527.38	44.884
527.58	45.564
527.79	45.559
528.00	45.504
528.20	45.643
528.41	45.410
528.62	45.022
528.82	45.818
529.03	45.331
529.24	45.747
529.44	46.360
529.65	46.574
529.85	46.589
530.06	47.300
530.27	46.700
530.47	46.330
530.68	46.638
530.89	47.221
531.09	46.963
531.30	47.423
531.51	48.280
531.71	47.406
531.92	47.726
532.13	47.850
532.33	48.246
532.54	47.974
532.74	47.525
532.95	48.096
533.16	48.627
533.36	48.150
533.57	48.223
533.78	48.151
533.98	47.726
534.19	47.790
534.39	48.203
534.60	48.595
534.81	48.287
535.01	48.940
535.22	48.262
535.42	49.197
535.63	48.563
535.84	49.022
536.04	49.201
536.25	49.323
536.45	49.388
536.66	49.243
536.87	49.329
537.07	48.779
537.28	49.210
537.48	49.549
537.69	50.120
537.90	49.931
538.10	49.195
538.31	49.230
538.51	49.853
538.72	49.108
538.93	50.577
539.13	49.595
539.34	49.927
539.54	49.550
539.75	50.311
539.96	49.991
540.16	50.254
540.37	49.641
540.57	49.845
540.78	49.661
540.98	49.927
541.19	50.364
541.40	50.257
541.60	49.641
541.81	50.440
542.01	50.465
542.22	50.439
542.42	50.077
542.63	50.391
542.83	50.386
543.04	50.642
543.25	50.308
543.45	50.617
543.66	51.072
543.86	50.894
544.07	49.655
544.27	50.171
544.48	51.261
544.68	50.904
544.89	50.454
545.10	50.993
545.30	50.037
545.51	51.532
545.71	50.181
545.92	50.493
546.12	50.324
546.33	51.335
546.53	49.832
546.74	51.024
546.94	50.181
547.15	51.133
547.36	50.562
547.56	50.126
547.77	50.992
547.97	50.223
548.18	50.884
548.38	50.463
548.59	50.401
548.79	51.082
549.00	50.208
549.20	50.925
549.41	50.207
549.61	50.692
549.82	51.458
550.02	50.693
550.23	50.686
550.43	50.951
550.64	50.401
550.84	51.025
551.05	50.883
551.25	50.752
551.46	50.683
551.66	51.001
551.87	51.232
552.07	51.559
552.28	51.001
552.48	50.576
552.69	51.429
552.89	51.251
553.10	51.006
553.30	49.822
553.51	51.017
553.71	51.182
553.92	50.712
554.12	50.883
554.33	51.611
554.53	51.198
554.74	51.473
554.94	50.626
555.15	51.061
555.35	51.197
555.56	50.943
555.76	50.992
555.97	51.818
556.17	50.983
556.38	50.614
556.58	51.285
556.78	50.840
556.99	51.944
557.19	50.893
557.40	50.866
557.60	50.272
557.81	50.962
558.01	50.644
558.22	51.026
558.42	52.011
558.63	51.370
558.83	51.122
559.04	50.521
559.24	51.331
559.44	51.511
559.65	51.212
559.85	50.218
560.06	50.718
560.26	51.107
560.47	50.655
560.67	52.283
560.88	50.266
561.08	50.908
561.28	50.979
561.49	50.476
561.69	50.339
561.90	50.668
562.10	50.322
562.31	50.594
562.51	50.683
562.71	50.546
562.92	50.211
563.12	50.432
563.33	50.529
563.53	50.708
563.74	50.436
563.94	50.105
564.14	50.139
564.35	50.247
564.55	49.828
564.76	50.172
564.96	50.227
565.17	49.533
565.37	49.672
565.57	49.983
565.78	50.186
565.98	49.820
566.19	49.392
566.39	49.231
566.59	49.965
566.80	49.589
567.00	48.673
567.21	49.464
567.41	49.794
567.61	49.039
567.82	49.303
568.02	49.112
568.23	49.142
568.43	49.473
568.63	49.143
568.84	48.175
569.04	48.345
569.24	49.159
569.45	48.577
569.65	48.629
569.86	49.058
570.06	48.880
570.26	48.554
570.47	48.350
570.67	48.589
570.87	47.750
571.08	47.503
571.28	48.228
571.49	48.063
571.69	47.450
571.89	47.050
572.10	47.412
572.30	47.486
572.50	48.081
572.71	46.870
572.91	47.423
573.11	47.405
573.32	48.316
573.52	47.349
573.73	47.036
573.93	46.924
574.13	46.955
574.34	47.174
574.54	46.584
574.74	46.591
574.95	49.361
575.15	46.753
575.35	45.781
575.56	46.688
575.76	46.708
575.96	45.568
576.17	46.091
576.37	46.329
576.57	45.645
576.78	45.805
576.98	46.172
577.18	45.693
577.39	46.894
577.59	45.261
577.79	45.478
578.00	45.737
578.20	45.424
578.40	45.010
578.61	44.574
578.81	45.187
579.01	44.831
579.22	44.499
579.42	44.496
579.62	45.203
579.82	44.493
580.03	44.793
580.23	44.501
580.43	44.257
580.64	44.464
580.84	44.556
581.04	44.162
581.25	44.790
581.45	44.032
581.65	43.551
581.86	44.079
582.06	43.911
582.26	44.333
582.46	43.975
582.67	43.944
582.87	43.975
583.07	44.042
583.28	43.157
583.48	43.552
583.68	43.312
583.88	43.633
584.09	43.466
584.29	43.183
584.49	43.365
584.70	43.405
584.90	42.979
585.10	43.332
585.30	42.907
585.51	42.748
585.71	43.127
585.91	43.001
586.11	43.157
586.32	42.738
586.52	42.462
586.72	42.475
586.92	42.886
587.13	42.964
587.33	42.114
587.53	42.538
587.74	42.391
587.94	41.928
588.14	42.263
588.34	44.782
588.55	42.639
588.75	42.430
588.95	42.278
589.15	42.363
589.36	42.361
589.56	42.282
589.76	42.734
589.96	41.747
590.16	41.778
590.37	42.014
590.57	42.464
590.77	41.760
590.97	42.165
591.18	41.772
591.38	41.615
591.58	41.999
591.78	41.463
591.99	42.023
592.19	41.346
592.39	41.518
592.59	41.518
592.79	41.663
593.00	42.001
593.20	41.424
593.40	41.577
593.60	41.812
593.81	41.288
594.01	41.263
594.21	40.648
594.41	41.426
594.61	40.953
594.82	41.033
595.02	41.198
595.22	41.305
595.42	40.950
595.62	41.045
595.83	40.942
596.03	41.383
596.23	41.125
596.43	40.298
596.63	40.995
596.84	40.820
597.04	40.752
597.24	40.646
597.44	40.739
597.64	40.708
597.84	40.676
598.05	40.888
598.25	40.646
598.45	41.225
598.65	40.970
598.85	40.206
599.06	41.036
599.26	40.563
599.46	40.429
599.66	40.373
599.86	40.770
600.06	41.021
600.27	40.181
600.47	40.854
600.67	40.554
600.87	40.399
601.07	40.214
601.27	40.144
601.48	40.379
601.68	40.161
601.88	40.633
602.08	40.710
602.28	39.786
602.48	40.290
602.68	40.483
602.89	39.589
603.09	40.847
603.29	40.480
603.49	40.036
603.69	39.512
603.89	39.833
604.09	40.224
604.30	40.087
604.50	40.235
604.70	39.797
604.90	40.211
605.10	40.029
605.30	40.491
605.50	39.612
605.71	39.981
605.91	39.910
606.11	39.791
606.31	39.634
606.51	41.455
606.71	39.861
606.91	39.735
607.11	39.725
607.32	39.834
607.52	39.499
607.72	39.844
607.92	39.795
608.12	40.611
608.32	39.643
608.52	40.115
608.72	39.562
608.92	39.960
609.12	39.277
609.33	39.624
609.53	39.087
609.73	39.845
609.93	39.830
610.13	39.219
610.33	39.564
610.53	39.437
610.73	39.337
610.93	39.254
611.13	39.212
611.34	39.454
611.54	39.252
611.74	39.002
611.94	39.192
612.14	39.281
612.34	39.070
612.54	39.043
612.74	39.366
612.94	38.993
613.14	39.070
613.34	39.066
613.54	39.200
613.74	39.055
613.95	39.056
614.15	39.048
614.35	38.679
614.55	38.936
614.75	38.501
614.95	38.775
615.15	38.754
615.35	38.652
615.55	38.960
615.75	38.641
615.95	38.493
616.15	38.829
616.35	38.300
616.55	38.948
616.75	38.504
616.95	38.798
617.15	38.440
617.35	38.323
617.56	38.617
617.76	38.802
617.96	38.393
618.16	38.406
618.36	38.500
618.56	38.220
618.76	38.624
618.96	38.778
619.16	38.463
619.36	38.663
619.56	38.048
619.76	37.958
619.96	37.810
620.16	38.247
620.36	37.933
620.56	38.224
620.76	38.001
620.96	37.920
621.16	38.136
621.36	37.676
621.56	38.309
621.76	38.101
621.96	37.615
622.16	37.860
622.36	37.726
622.56	37.965
622.76	37.689
622.96	37.796
623.16	37.739
623.36	37.435
623.56	37.498
623.76	37.470
623.96	37.943
624.16	37.615
624.36	37.240
624.56	37.109
624.76	38.136
624.96	37.794
625.16	37.561
625.36	38.055
625.56	37.662
625.76	37.702
625.96	37.473
626.16	37.519
626.36	37.611
626.56	38.312
626.76	37.238
626.96	37.317
627.16	37.653
627.36	37.208
627.56	37.270
627.76	36.910
627.96	37.535
628.16	37.833
628.36	36.955
628.56	36.722
628.75	37.585
628.95	37.158
629.15	37.437
629.35	37.212
629.55	37.099
629.75	37.659
629.95	36.803
630.15	36.625
630.35	37.611
630.55	37.641
630.75	37.246
630.95	37.136
631.15	36.902
631.35	37.397
631.55	36.665
631.75	37.164
631.95	37.399
632.15	37.163
632.34	37.388
632.54	37.119
632.74	37.164
632.94	37.257
633.14	36.806
633.34	36.775
633.54	37.250
633.74	37.426
633.94	36.676
634.14	36.460
634.34	36.808
634.54	36.974
634.74	36.985
634.93	37.056
635.13	36.705
635.33	37.326
635.53	36.696
635.73	37.046
635.93	37.112
636.13	37.014
636.33	36.948
636.53	36.710
636.73	37.068
636.93	36.536
637.12	36.969
637.32	36.960
637.52	36.520
637.72	36.230
637.92	36.669
638.12	36.587
638.32	36.837
638.52	36.290
638.72	36.621
638.91	36.442
639.11	36.564
639.31	36.540
639.51	36.636
639.71	36.130
639.91	36.373
640.11	36.589
640.31	36.218
640.50	36.555
640.70	36.129
640.90	36.582
641.10	35.870
641.30	36.085
641.50	36.500
641.70	36.207
641.89	36.206
642.09	36.258
642.29	35.634
642.49	35.497
642.69	35.745
642.89	35.840
643.09	35.551
643.28	35.572
643.48	35.716
643.68	35.463
643.88	35.606
644.08	35.360
644.28	35.371
644.48	35.321
644.67	35.123
644.87	35.012
645.07	35.243
645.27	35.287
645.47	34.787
645.67	35.148
645.86	34.895
646.06	35.057
646.26	34.948
646.46	35.448
646.66	34.865
646.85	34.868
647.05	35.035
647.25	34.736
647.45	34.408
647.65	34.416
647.85	34.910
648.04	34.694
648.24	34.689
648.44	34.250
648.64	34.048
648.84	34.176
649.03	34.168
649.23	34.604
649.43	34.595
649.63	34.221
649.83	34.152
650.02	34.553
650.22	34.389
650.42	34.609
650.62	33.851
650.82	33.942
651.01	34.229
651.21	33.824
651.41	33.690
651.61	33.768
651.81	33.708
652.00	33.834
652.20	33.839
652.40	33.356
652.60	33.705
652.79	33.466
652.99	33.761
653.19	33.898
653.39	33.865
653.59	34.124
653.78	33.920
653.98	33.657
654.18	34.429
654.38	33.873
654.57	33.553
654.77	33.903
654.97	33.417
655.17	33.489
655.36	33.654
655.56	33.490
655.76	33.410
655.96	33.698
656.15	33.656
656.35	33.346
656.55	33.673
656.75	33.431
656.94	33.173
657.14	33.429
657.34	33.459
657.54	33.342
657.73	33.412
657.93	33.250
658.13	33.242
658.33	33.587
658.52	33.505
658.72	34.403
658.92	33.217
659.11	34.316
659.31	33.074
659.51	32.987
659.71	32.991
659.90	33.515
660.10	33.479
660.30	33.276
660.50	33.443
660.69	33.763
660.89	32.924
661.09	33.004
661.28	33.058
661.48	33.860
661.68	33.328
661.87	33.122
662.07	33.072
662.27	33.069
662.47	33.182
662.66	33.269
662.86	33.107
663.06	33.242
663.25	33.210
663.45	33.285
663.65	32.898
663.84	33.087
664.04	33.024
664.24	32.698
664.44	32.738
664.63	33.318
664.83	32.622
665.03	32.697
665.22	33.082
665.42	32.801
665.62	32.596
665.81	32.639
666.01	32.709
666.21	33.252
666.40	32.569
666.60	32.841
666.80	32.940
666.99	33.748
667.19	32.550
667.39	32.601
667.58	32.543
667.78	32.762
667.98	32.315
668.17	32.490
668.37	33.220
668.57	32.588
668.76	32.699
668.96	32.384
669.16	32.599
669.35	32.800
669.55	32.558
669.74	32.546
669.94	33.105
670.14	32.673
670.33	32.741
670.53	32.589
670.73	32.165
670.92	33.021
671.12	31.820
671.32	32.444
671.51	32.901
671.71	32.949
671.90	32.413
672.10	32.650
672.30	32.984
672.49	32.103
672.69	32.669
672.89	32.560
673.08	32.887
673.28	32.595
673.47	32.249
673.67	32.576
673.87	32.959
674.06	32.782
674.26	32.999
674.45	32.989
674.65	32.231
674.85	32.688
675.04	32.527
675.24	32.928
675.43	32.941
675.63	33.134
675.83	32.569
676.02	32.847
676.22	32.672
676.41	32.933
676.61	32.598
676.81	32.569
677.00	32.810
677.20	32.943
677.39	32.680
677.59	32.621
677.79	33.003
677.98	32.610
678.18	32.515
678.37	32.703
678.57	32.770
678.76	32.611
678.96	32.772
679.16	33.012
679.35	32.721
679.55	32.844
679.74	32.661
679.94	32.984
680.13	32.999
680.33	32.836
680.53	32.633
680.72	32.868
680.92	32.773
681.11	32.798
681.31	32.944
681.50	32.787
681.70	33.324
681.89	32.939
682.09	32.643
682.28	32.465
682.48	32.877
682.68	32.891
682.87	32.462
683.07	33.067
683.26	33.291
683.46	32.821
683.65	32.840
683.85	32.979
684.04	32.877
684.24	32.807
684.43	33.183
684.63	32.834
684.82	33.114
685.02	33.275
685.21	33.112
685.41	32.862
685.60	33.351
685.80	33.579
686.00	33.134
686.19	32.917
686.39	33.471
686.58	33.569
686.78	33.089
686.97	32.611
687.17	33.703
687.36	33.796
687.56	33.615
687.75	33.169
687.95	33.512
688.14	33.565
688.34	33.173
688.53	33.751
688.73	33.886
688.92	34.027
689.12	33.764
689.31	33.917
689.51	33.713
689.70	34.187
689.89	33.891
690.09	34.035
690.28	34.378
690.48	33.981
690.67	33.791
690.87	34.520
691.06	34.490
691.26	34.149
691.45	34.648
691.65	34.281
691.84	34.768
692.04	34.923
692.23	35.059
692.43	34.721
692.62	35.705
692.82	35.316
693.01	35.522
693.20	35.260
693.40	36.246
693.59	36.234
693.79	36.338
693.98	36.044
694.18	36.712
694.37	36.984
694.57	36.924
694.76	36.744
694.95	36.794
695.15	37.020
695.34	37.074
695.54	37.158
695.73	38.439
695.93	38.122
696.12	38.128
696.32	38.642
696.51	38.626
696.70	38.872
696.90	39.056
697.09	39.516
697.29	39.687
697.48	40.055
697.67	40.082
697.87	40.232
698.06	41.140
698.26	41.947
698.45	41.120
698.65	41.369
698.84	41.903
699.03	42.000
699.23	42.789
699.42	42.242
699.62	42.970
699.81	43.163
700.00	43.160
700.20	43.657
700.39	44.526
700.59	44.442
700.78	44.896
700.97	44.564
701.17	45.450
701.36	45.514
701.56	46.036
701.75	46.294
701.94	46.610
702.14	46.701
702.33	47.444
702.52	47.891
702.72	47.936
702.91	48.290
703.11	48.695
703.30	48.358
703.49	49.053
703.69	49.469
703.88	50.057
704.07	49.674
704.27	50.078
704.46	50.579
704.66	51.292
704.85	50.708
705.04	51.163
705.24	51.535
705.43	52.109
705.62	52.451
705.82	53.137
706.01	52.515
706.20	52.826
706.40	53.512
706.59	53.990
706.78	53.951
706.98	54.236
707.17	54.364
707.36	54.806
707.56	54.776
707.75	55.609
707.94	55.573
708.14	55.781
708.33	55.959
708.52	56.462
708.72	56.883
708.91	57.350
709.10	57.125
709.30	57.719
709.49	57.814
709.68	58.266
709.88	58.851
710.07	58.777
710.26	58.591
710.46	59.816
710.65	59.208
710.84	59.464
711.04	59.312
711.23	60.073
711.42	60.457
711.61	60.575
711.81	60.621
712.00	61.064
712.19	60.776
712.39	61.229
712.58	61.581
712.77	62.203
712.97	62.742
713.16	62.582
713.35	62.935
713.54	63.058
713.74	63.012
713.93	63.176
714.12	63.663
714.32	64.092
714.51	64.245
714.70	64.805
714.89	64.018
715.09	64.629
715.28	64.494
715.47	65.392
715.66	65.212
715.86	66.645
716.05	65.121
716.24	66.138
716.44	65.987
716.63	66.740
716.82	66.632
717.01	66.874
717.21	67.509
717.40	66.631
717.59	67.503
717.78	67.244
717.98	68.195
718.17	68.780
718.36	68.620
718.55	68.660
718.75	68.873
718.94	68.971
719.13	69.582
719.32	69.176
719.52	69.231
719.71	70.050
719.90	70.268
720.09	70.408
720.28	70.697
720.48	70.503
720.67	70.780
720.86	70.991
721.05	71.602
721.25	71.381
721.44	71.093
721.63	72.006
721.82	72.420
722.01	72.666
722.21	72.560
722.40	72.790
722.59	73.175
722.78	72.722
722.98	73.595
723.17	73.533
723.36	73.632
723.55	73.593
723.74	74.324
723.94	73.864
724.13	74.081
724.32	74.081
724.51	75.181
724.70	75.736
724.89	75.134
725.09	75.303
725.28	74.637
725.47	75.905
725.66	75.837
725.85	75.938
726.05	76.025
726.24	76.805
726.43	76.461
726.62	76.640
726.81	76.823
727.00	77.208
727.20	77.321
727.39	77.808
727.58	77.664
727.77	77.517
727.96	77.335
728.15	78.245
728.35	78.800
728.54	77.986
728.73	78.140
728.92	78.273
729.11	79.150
729.30	78.746
729.50	78.424
729.69	79.156
729.88	79.469
730.07	79.155
730.26	80.268
730.45	79.305
730.64	79.829
730.84	79.861
731.03	80.101
731.22	80.125
731.41	80.444
731.60	80.591
731.79	80.611
731.98	80.348
732.18	81.014
732.37	81.210
732.56	80.827
732.75	81.034
732.94	81.018
733.13	82.385
733.32	81.752
733.51	81.889
733.71	81.628
733.90	81.791
734.09	81.407
734.28	81.925
734.47	82.775
734.66	82.245
734.85	82.388
735.04	83.163
735.23	82.992
735.42	82.653
735.62	83.440
735.81	83.248
736.00	83.472
736.19	83.232
736.38	83.159
736.57	82.632
736.76	83.621
736.95	83.269
737.14	83.672
737.33	83.755
737.52	84.009
737.72	84.036
737.91	84.060
738.10	84.432
738.29	84.478
738.48	84.561
738.67	84.735
738.86	84.796
739.05	84.825
739.24	84.575
739.43	84.700
739.62	85.161
739.81	84.088
740.00	84.339
740.19	86.004
740.39	86.034
740.58	86.004
740.77	85.347
740.96	85.947
741.15	85.645
741.34	85.527
741.53	85.840
741.72	85.594
741.91	85.378
742.10	85.216
742.29	86.052
742.48	86.121
742.67	85.788
742.86	86.332
743.05	85.815
743.24	86.311
743.43	86.034
743.62	86.535
743.81	86.303
744.00	86.196
744.19	85.838
744.38	86.475
744.57	87.398
744.76	86.540
744.95	86.122
745.14	86.926
745.33	87.251
745.52	87.512
745.71	86.902
745.90	86.987
746.09	87.372
746.28	86.249
746.47	86.192
746.66	86.860
746.85	87.090
747.04	87.085
747.23	87.030
747.42	87.533
747.61	87.881
747.80	87.408
747.99	87.264
748.18	87.895
748.37	87.390
748.56	87.346
748.75	88.165
748.94	87.258
749.13	87.581
749.32	87.482
749.51	87.275
749.70	87.744
749.89	87.774
750.08	87.633
750.27	87.594
750.46	87.268
750.65	87.261
750.84	87.580
751.03	88.147
751.22	87.972
751.41	88.139
751.60	87.844
751.79	88.502
751.98	88.297
752.17	89.113
752.36	88.124
752.55	88.459
752.74	87.762
752.93	89.253
753.12	87.758
753.30	87.372
753.49	88.247
753.68	87.750
753.87	88.315
754.06	88.979
754.25	88.446
754.44	88.197
754.63	88.966
754.82	87.839
755.01	87.850
755.20	88.576
755.39	88.843
755.58	88.667
755.77	88.796
755.96	87.901
756.14	88.515
756.33	88.842
756.52	89.322
756.71	87.988
756.90	88.850
757.09	88.675
757.28	88.132
757.47	89.114
757.66	88.858
757.85	88.714
758.04	88.574
758.22	88.505
758.41	87.910
758.60	89.226
758.79	88.606
758.98	88.496
759.17	89.169
759.36	88.960
759.55	88.170
759.74	88.323
759.92	88.011
760.11	88.238
760.30	88.315
760.49	88.639
760.68	88.474
760.87	88.172
761.06	89.102
761.25	88.841
761.43	89.074
761.62	89.178
761.81	88.398
762.00	89.471
762.19	89.369
762.38	88.977
762.57	88.918
762.76	88.167
762.94	89.514
763.13	88.442
763.32	89.426
763.51	89.436
763.70	88.893
763.89	88.937
764.07	88.661
764.26	88.906
764.45	88.781
764.64	88.499
764.83	88.674
765.02	89.181
765.21	89.046
765.39	89.439
765.58	89.258
765.77	88.764
765.96	88.957
766.15	89.156
766.34	89.347
766.52	88.798
766.71	88.958
766.90	88.671
767.09	89.104
767.28	89.524
767.46	88.802
767.65	88.222
767.84	89.044
768.03	89.272
768.22	88.894
768.40	88.397
768.59	88.563
768.78	88.882
768.97	88.690
769.16	89.400
769.34	88.452
769.53	88.975
769.72	89.023
769.91	88.473
770.10	88.656
770.28	89.239
770.47	88.930
770.66	88.517
770.85	88.388
771.04	88.298
771.22	89.066
771.41	89.305
771.60	89.747
771.79	88.972
771.98	88.895
772.16	88.718
772.35	88.928
772.54	88.448
772.73	88.946
772.91	88.375
773.10	89.671
773.29	89.272
773.48	89.507
773.66	89.215
773.85	88.942
774.04	88.676
774.23	89.563
774.41	89.164
774.60	88.698
774.79	89.157
774.98	89.235
775.16	89.090
775.35	88.828
775.54	88.795
775.73	88.514
775.91	89.405
776.10	89.154
776.29	88.677
776.48	88.955
776.66	89.536
776.85	88.476
777.04	88.880
777.23	89.615
777.41	88.920
777.60	89.109
777.79	89.016
777.97	89.029
778.16	88.420
778.35	88.800
778.54	88.402
778.72	88.884
778.91	88.217
779.10	89.373
779.28	88.117
779.47	89.023
779.66	88.596
779.85	89.109
780.03	88.452
780.22	88.572
780.41	88.998
780.59	88.923
780.78	89.800
780.97	88.286
781.15	88.688
781.34	88.519
781.53	88.629
781.71	88.554
781.90	88.985
782.09	89.247
782.27	89.478
782.46	88.269
782.65	88.321
782.84	89.206
783.02	89.081
783.21	89.051
783.40	89.003
783.58	89.140
783.77	89.264
783.96	88.601
784.14	89.477
784.33	88.615
784.52	88.440
784.70	89.174
784.89	87.965
785.07	88.437
785.26	88.216
785.45	89.126
785.63	88.790
785.82	88.567
786.01	88.123
786.19	88.115
786.38	88.664
786.57	89.044
786.75	88.706
786.94	89.014
787.13	89.337
787.31	88.469
787.50	89.619
787.68	88.672
787.87	89.216
788.06	88.566
788.24	88.665
788.43	88.645
788.62	88.415
788.80	88.657
788.99	89.016
789.17	88.572
789.36	88.507
789.55	88.701
789.73	88.856
789.92	88.894
790.10	88.982
790.29	89.307
790.48	88.399
790.66	88.677
790.85	88.976
791.03	88.803
791.22	89.048
791.41	89.100
791.59	88.444
791.78	88.569
791.96	88.434
792.15	88.927
792.34	88.350
792.52	88.652
792.71	89.015
792.89	88.330
793.08	88.905
793.27	88.767
793.45	88.686
793.64	88.645
793.82	88.747
794.01	88.973
794.19	89.195
794.38	89.084
794.57	88.850
794.75	89.177
794.94	88.517
795.12	89.159
795.31	88.997
795.49	88.842
795.68	88.623
795.86	87.616
796.05	89.013
796.24	88.715
796.42	88.352
796.61	89.261
796.79	88.975
796.98	89.339
797.16	88.854
797.35	88.923
797.53	88.750
797.72	88.843
797.90	89.129
798.09	88.597
798.27	88.108
798.46	88.555
798.65	88.166
798.83	88.902
799.02	88.578
799.20	88.421
799.39	88.610
799.57	88.521
799.76	88.797
799.94	88.987
800.13	88.591
800.31	88.887
800.50	87.959
800.68	89.127
800.87	88.796
801.05	88.149
801.24	88.656
801.42	88.351
801.61	87.971
801.79	89.424
801.98	89.424
802.16	88.419
802.35	88.352
802.53	89.012
802.72	88.104
802.90	88.500
803.09	89.256
803.27	89.107
803.46	89.127
803.64	88.807
803.83	89.130
804.01	88.022
804.20	88.892
804.38	88.851
804.56	88.503
804.75	88.698
804.93	89.085
805.12	88.470
805.30	89.111
805.49	88.210
805.67	88.511
805.86	89.341
806.04	88.339
806.23	88.589
806.41	88.091
806.59	89.094
806.78	88.889
806.96	88.137
807.15	89.164
807.33	88.066
807.52	89.146
807.70	88.646
807.89	88.709
808.07	88.923
808.25	88.626
808.44	87.846
808.62	88.949
808.81	89.349
808.99	88.541
809.18	89.006
809.36	88.808
809.54	88.585
809.73	88.538
809.91	89.390
810.10	89.155
810.28	89.773
810.47	88.662
810.65	87.458
810.83	88.232
811.02	89.049
811.20	88.951
811.39	88.630
811.57	89.187
811.75	89.091
811.94	88.701
812.12	89.240
812.31	88.510
812.49	88.915
812.67	88.157
812.86	89.043
813.04	89.706
813.23	88.451
813.41	88.734
813.59	88.862
813.78	90.468
813.96	89.414
814.14	89.043
814.33	89.057
814.51	88.876
814.70	88.638
814.88	88.184
815.06	88.657
815.25	89.211
815.43	88.873
815.61	88.627
815.80	89.037
815.98	89.031
816.16	88.845
816.35	88.912
816.53	88.891
816.72	89.091
816.90	88.635
817.08	89.265
817.27	88.781
817.45	89.108
817.63	88.795
817.82	88.268
818.00	88.673
818.18	88.937
818.37	89.440
818.55	88.392
818.73	88.354
818.92	87.989
819.10	90.041
819.28	88.952
819.47	89.364
819.65	88.878
819.83	87.638
820.02	88.325
820.20	88.846
820.38	88.726
820.57	89.559
820.75	88.386
820.93	88.992
821.11	88.189
821.30	88.661
821.48	89.224
821.66	88.273
821.85	89.411
822.03	89.124
822.21	88.610
822.40	88.822
822.58	88.725
822.76	88.603
822.94	88.392
823.13	88.929
823.31	88.498
823.49	88.852
823.68	88.560
823.86	89.305
824.04	89.218
824.22	88.044
824.41	88.008
824.59	88.589
824.77	89.372
824.96	88.371
825.14	88.751
825.32	89.053
825.50	89.366
825.69	89.213
825.87	88.404
826.05	88.300
826.23	88.654
826.42	87.806
826.60	88.496
826.78	88.802
826.96	88.821
827.15	88.613
827.33	88.579
827.51	88.411
827.69	88.410
827.88	88.756
828.06	88.636
828.24	88.177
828.42	88.711
828.61	88.581
828.79	89.227
828.97	88.562
829.15	88.854
829.34	89.880
829.52	88.483
829.70	88.911
829.88	89.269
830.06	88.758
830.25	88.944
830.43	87.933
830.61	88.784
830.79	89.167
830.97	88.127
831.16	88.271
831.34	88.861
831.52	88.772
831.70	88.959
831.89	89.092
832.07	88.993
832.25	88.804
832.43	88.181
832.61	89.037
832.80	88.350
832.98	89.292
833.16	89.142
833.34	88.625
833.52	88.707
833.70	88.532
833.89	89.015
834.07	89.117
834.25	88.974
834.43	88.541
834.61	88.332
834.80	88.809
834.98	88.355
835.16	88.532
835.34	88.303
835.52	88.938
835.70	88.393
835.89	88.427
836.07	88.242
836.25	88.528
836.43	88.737
836.61	88.298
836.79	88.177
836.97	88.814
837.16	88.169
837.34	88.923
837.52	88.865
837.70	88.791
837.88	87.801
838.06	89.578
838.24	88.726
838.43	89.047
838.61	88.152
838.79	88.764
838.97	87.764
839.15	88.658
839.33	88.540
839.51	88.135
839.70	88.027
839.88	88.253
840.06	90.415
840.24	89.364
840.42	88.557
840.60	88.409
840.78	88.629
840.96	88.791
841.14	88.126
841.33	88.822
841.51	88.284
841.69	89.033
841.87	88.945
842.05	88.602
842.23	88.592
842.41	88.130
842.59	89.213
842.77	89.628
842.95	89.550
843.14	88.580
843.32	88.723
843.50	88.219
843.68	88.830
843.86	89.294
844.04	88.402
844.22	88.319
844.40	88.676
844.58	89.254
844.76	88.520
844.94	88.400
845.12	89.664
845.30	88.850
845.49	88.074
845.67	89.584
845.85	87.701
846.03	89.737
846.21	89.371
846.39	88.838
846.57	89.016
846.75	88.651
846.93	88.351
847.11	87.860
847.29	87.605
847.47	88.532
847.65	88.195
847.83	89.063
848.01	89.900
848.19	89.333
848.37	88.482
848.55	88.996
848.73	88.591
848.91	89.128
849.09	88.481
849.27	88.786
849.46	89.182
849.64	90.367
849.82	88.760
850.00	89.384
850.18	88.601
850.36	89.447
850.54	88.526
850.72	88.296
850.90	88.716
851.08	87.740
851.26	88.748
851.44	88.973
851.62	87.761
851.80	89.006
851.98	87.990
852.16	89.344
852.34	88.601
852.52	88.218
852.70	88.787
852.88	88.861
853.06	88.872
853.24	88.155
853.42	89.113
853.60	88.653
853.78	88.844
853.96	89.090
854.14	89.163
854.31	88.846
854.49	89.389
854.67	88.937
854.85	88.595
855.03	88.730
855.21	89.607
855.39	88.997
855.57	88.417
855.75	88.301
855.93	88.937
856.11	88.503
856.29	89.033
856.47	87.344
856.65	89.260
856.83	88.043
857.01	88.827
857.19	88.260
857.37	88.634
857.55	88.605
857.73	88.711
857.91	88.601
858.09	88.095
858.26	88.423
858.44	88.934
858.62	89.667
858.80	88.164
858.98	89.604
859.16	89.504
859.34	87.882
859.52	89.336
859.70	88.213
859.88	88.182
860.06	88.786
860.24	88.413
860.42	90.422
860.59	88.720
860.77	87.184
860.95	88.198
861.13	88.820
861.31	88.788
861.49	88.359
861.67	88.697
861.85	88.564
862.03	89.692
862.21	89.461
862.38	88.703
862.56	88.423
862.74	88.525
862.92	89.167
863.10	88.217
863.28	88.993
863.46	88.965
863.64	88.564
863.82	88.088
863.99	88.329
864.17	87.635
864.35	87.951
864.53	89.320
864.71	89.098
864.89	88.346
865.07	89.153
865.24	88.054
865.42	89.346
865.60	88.440
865.78	89.764
865.96	89.303
866.14	88.452
866.32	87.953
866.49	87.741
866.67	88.664
866.85	88.532
867.03	89.300
867.21	88.926
867.39	88.316
867.56	89.028
867.74	88.297
867.92	88.548
868.10	88.551
868.28	87.709
868.46	89.087
868.63	88.335
868.81	88.396
868.99	88.564
869.17	88.651
869.35	87.623
869.53	88.585
869.70	88.431
869.88	88.775
870.06	88.532
870.24	89.407
870.42	89.303
870.59	88.967
870.77	87.173
870.95	89.754
871.13	88.059
871.31	87.122
871.48	88.692
871.66	89.431
871.84	89.081
872.02	87.108
872.20	88.820
872.37	88.105
872.55	89.361
872.73	89.083
872.91	89.047
873.08	89.866
873.26	88.562
873.44	89.367
873.62	88.695
873.80	88.888
873.97	89.075
874.15	88.427
874.33	88.291
874.51	89.357
874.68	89.026
874.86	89.416
875.04	88.608
875.22	88.645
875.39	89.194
875.57	89.903
875.75	87.418
875.93	88.794
876.10	89.541
876.28	89.431
876.46	89.158
876.64	89.148
876.81	87.902
876.99	88.182
877.17	89.080
877.35	89.006
877.52	88.684
877.70	89.230
877.88	88.788
878.06	88.334
878.23	89.914
878.41	88.778
878.59	88.078
878.76	89.298
878.94	88.824
879.12	88.734
879.30	90.038
879.47	89.429
879.65	88.688
879.83	88.064
880.00	88.467
880.18	89.172
880.36	89.745
880.53	88.753
880.71	89.705
880.89	88.598
881.07	89.864
881.24	88.712
881.42	88.914
881.60	88.279
881.77	88.025
881.95	89.166
882.13	89.231
882.30	89.625
882.48	87.524
882.66	88.679
882.83	89.303
883.01	89.276
883.19	88.837
883.36	88.977
883.54	90.105
883.72	88.880
883.89	89.096
884.07	88.458
884.25	90.080
884.42	90.517
884.60	88.979
884.78	88.853
884.95	88.636
885.13	89.325
885.31	88.328
885.48	88.891
885.66	88.525
885.84	88.640
886.01	89.204
886.19	89.441
886.36	90.076
886.54	89.346
886.72	89.103
886.89	89.643
887.07	89.162
887.25	89.218
887.42	89.545
887.60	87.639
887.78	90.466
887.95	89.129
888.13	88.920
888.30	89.581
888.48	90.355
888.66	89.421
888.83	89.337
889.01	89.744
889.18	88.997
889.36	89.210
889.54	89.419
889.71	88.314
889.89	89.457
890.06	89.819
890.24	88.149
890.42	89.153
890.59	89.210
890.77	89.657
890.94	88.647
891.12	89.365
891.30	89.218
891.47	88.780
891.65	88.567
891.82	88.933
892.00	88.503
892.17	88.033
892.35	89.282
892.53	88.320
892.70	89.585
892.88	89.378
893.05	89.289
893.23	89.514
893.40	90.323
893.58	89.786
893.75	89.276
893.93	89.742
894.11	87.586
894.28	90.019
894.46	88.842
894.63	88.715
894.81	90.560
894.98	88.348
895.16	88.980
895.33	88.291
895.51	88.240
895.68	90.599
895.86	89.682
896.04	88.874
896.21	89.274
896.39	90.086
896.56	89.402
896.74	87.644
896.91	87.655
897.09	88.237
897.26	89.575
897.44	89.094
897.61	89.197
897.79	88.786
897.96	88.743
898.14	89.703
898.31	90.655
898.49	87.835
898.66	89.837
898.84	90.561
899.01	89.495
899.19	89.641
899.36	88.931
899.54	88.969
899.71	88.025
899.89	88.207
900.06	90.240
900.24	88.305
900.41	89.303
900.59	89.911
900.76	88.393
900.94	88.753
901.11	87.861
901.29	89.476
901.46	90.006
901.63	89.186
901.81	89.344
901.98	88.926
902.16	89.949
902.33	89.013
902.51	89.235
902.68	89.221
902.86	88.778
903.03	88.856
903.21	88.911
903.38	89.219
903.56	88.742
903.73	90.110
903.90	89.180
904.08	88.125
904.25	89.288
904.43	89.198
904.60	88.368
904.78	89.566
904.95	88.300
905.12	88.812
905.30	88.269
905.47	89.945
905.65	89.170
905.82	88.243
906.00	89.176
906.17	90.500
906.34	89.085
906.52	89.589
906.69	88.863
906.87	90.327
907.04	89.508
907.21	89.033
907.39	89.257
907.56	88.878
907.74	87.840
907.91	90.174
908.08	89.869
908.26	88.948
908.43	90.020
908.61	88.831
908.78	88.683
908.95	88.567
909.13	90.883
909.30	88.231
909.48	88.556
909.65	90.330
909.82	88.339
910.00	89.284
910.17	88.334
910.34	89.826
910.52	89.416
910.69	88.341
910.87	89.574
911.04	89.598
911.21	90.379
911.39	89.016
911.56	89.562
911.73	90.239
911.91	89.245
912.08	88.502
912.25	89.089
912.43	89.054
912.60	90.609
912.77	89.600
912.95	88.692
913.12	89.246
913.29	89.648
913.47	88.714
913.64	87.449
913.81	90.676
913.99	89.345
914.16	88.038
914.33	90.005
914.51	89.291
914.68	88.408
914.85	90.278
915.03	89.229
915.20	89.461
915.37	89.649
915.55	89.242
915.72	89.157
915.89	88.777
916.07	88.247
916.24	89.588
916.41	90.041
916.59	90.877
916.76	89.083
916.93	89.101
917.10	89.006
917.28	88.871
917.45	89.612
917.62	88.983
917.80	88.856
917.97	89.330
918.14	88.690
918.31	89.443
918.49	88.750
918.66	87.967
918.83	90.475
919.01	88.539
919.18	88.473
919.35	90.673
919.52	89.360
919.70	88.683
919.87	89.478
920.04	89.962
920.21	89.829
920.39	88.641
920.56	90.106
920.73	89.530
920.90	89.045
921.08	88.931
921.25	89.507
921.42	88.976
921.59	89.341
921.77	89.051
921.94	88.377
922.11	89.219
922.28	89.654
922.46	89.173
922.63	88.953
922.80	89.513
922.97	89.001
923.15	89.646
923.32	91.307
923.49	88.837
923.66	90.711
923.83	88.729
924.01	88.951
924.18	89.335
924.35	91.616
924.52	89.033
924.69	88.365
924.87	90.249
925.04	88.504
925.21	90.198
925.38	88.712
925.55	90.714
925.73	88.554
925.90	87.276
926.07	88.998
926.24	89.253
926.41	89.199
926.59	89.394
926.76	89.322
926.93	89.872
927.10	88.713
927.27	89.097
927.45	89.636
927.62	89.364
927.79	90.039
927.96	89.736
928.13	89.684
928.30	89.081
928.48	88.802
928.65	90.218
928.82	90.755
928.99	90.913
929.16	90.759
929.33	89.015
929.50	90.512
929.68	89.469
929.85	90.847
930.02	89.814
930.19	90.241
930.36	90.289
930.53	90.509
930.70	88.797
930.88	91.288
931.05	88.628
931.22	89.255
931.39	88.866
931.56	88.431
931.73	88.440
931.90	88.684
932.08	90.545
932.25	90.124
932.42	90.609
932.59	90.167
932.76	90.778
932.93	90.111
933.10	89.948
933.27	90.527
933.44	90.485
933.62	90.305
933.79	90.661
933.96	91.017
934.13	90.461
934.30	90.315
934.47	91.691
934.64	92.034
934.81	90.021
934.98	89.518
935.15	92.082
935.32	90.740
935.50	90.683
935.67	92.229
935.84	92.256
936.01	90.261
936.18	89.912
936.35	92.233
936.52	90.090
936.69	90.854
936.86	92.404
937.03	90.322
937.20	89.883
937.37	88.603
937.54	89.104
937.71	92.908
937.89	91.477
938.06	90.530
938.23	89.383
938.40	90.429
938.57	89.663
938.74	92.659
938.91	94.530
939.08	93.708
939.25	93.066
939.42	95.238
939.59	93.139
939.76	90.140
939.93	93.989
940.10	94.896
940.27	92.347
940.44	94.910
940.61	89.514
940.78	94.736
940.95	93.249
941.12	93.376
941.29	93.571
941.46	93.886
941.63	93.985
941.80	91.438
941.97	91.359
942.14	97.536
942.31	92.343
942.48	92.894
942.65	92.857
942.82	94.269
942.99	96.002
943.16	91.817
943.33	93.786
943.50	95.059
943.67	98.142
943.84	91.202
944.01	95.527
944.18	95.650
944.35	95.694
944.52	92.716
944.69	96.479
944.86	93.061
945.03	94.153
945.20	92.927
945.37	93.693
945.54	94.380
945.71	92.626
945.88	93.093
946.05	93.594
946.22	92.175
946.39	95.041
946.56	89.534
946.73	96.819
946.90	92.605
947.07	93.483
947.23	92.023
947.40	93.657
947.57	96.371
947.74	93.986
947.91	91.521
948.08	94.325
948.25	92.566
948.42	92.677
948.59	95.719
948.76	92.464
948.93	94.466
949.10	92.925
949.27	95.710
949.44	90.926
949.60	93.297
949.77	93.467
949.94	92.249
950.11	94.351
950.28	92.332
950.45	95.457
950.62	92.580
950.79	90.429
950.96	92.111
951.13	91.379
951.30	91.119
951.46	94.837
951.63	92.608
951.80	93.530
951.97	94.188
952.14	92.152
952.31	89.785
952.48	91.906
952.65	89.950
952.81	93.343
952.98	94.338
953.15	92.954
953.32	89.686
953.49	93.902
953.66	94.909
953.83	94.571
954.00	89.783
954.16	91.044
954.33	93.317
954.50	94.441
954.67	96.227
954.84	92.531
955.01	96.294
955.18	94.286
955.34	92.966
955.51	91.082
955.68	90.570
955.85	92.784
956.02	92.896
956.19	93.582
956.35	91.383
956.52	92.891
956.69	93.835
956.86	93.202
957.03	91.078
957.20	90.689
957.36	90.267
957.53	89.076
957.70	93.228
957.87	89.793
958.04	90.672
958.21	89.597
958.37	92.237
958.54	92.056
958.71	94.080
958.88	92.055
959.05	90.478
959.21	90.979
959.38	91.678
959.55	89.919
959.72	92.037
959.89	91.569
960.05	91.690
960.22	92.865
960.39	92.406
960.56	90.870
960.72	90.064
960.89	90.283
961.06	90.689
961.23	91.921
961.40	91.805
961.56	90.292
961.73	93.754
961.90	90.186
962.07	92.779
962.23	90.969
962.40	91.756
962.57	90.341
962.74	93.749
962.90	93.192
963.07	92.814
963.24	94.256
963.41	90.523
963.57	92.905
963.74	92.071
963.91	91.847
964.08	93.486
964.24	90.475
964.41	90.376
964.58	91.145
964.75	89.190
964.91	93.651
965.08	89.817
965.25	93.104
965.42	90.563
965.58	91.538
965.75	89.050
965.92	88.828
966.08	90.853
966.25	91.985
966.42	92.328
966.59	91.953
966.75	94.298
966.92	91.842
967.09	88.658
967.25	90.688
967.42	91.203
967.59	90.395
967.75	91.697
967.92	88.283
968.09	92.429
968.26	92.527
968.42	90.667
968.59	90.860
968.76	92.029
968.92	92.441
969.09	93.228
969.26	92.852
969.42	88.100
969.59	94.139
969.76	91.075
969.92	90.822
970.09	91.567
970.26	91.674
970.42	90.806
970.59	89.473
970.76	92.255
970.92	94.033
971.09	90.766
971.26	94.314
971.42	88.566
971.59	91.610
971.76	89.376
971.92	95.255
972.09	90.623
972.25	94.201
972.42	89.884
972.59	90.589
972.75	93.957
972.92	91.625
973.09	92.665
973.25	90.977
973.42	88.769
973.58	92.327
973.75	92.439
973.92	88.470
974.08	92.282
974.25	93.679
974.42	92.962
974.58	87.093
974.75	92.993
974.91	91.151
975.08	90.532
975.25	91.305
975.41	92.058
975.58	90.427
975.74	91.443
975.91	92.224
976.08	93.028
976.24	95.169
976.41	93.720
976.57	87.918
976.74	92.700
976.91	91.084
977.07	87.799
977.24	91.715
977.40	93.619
977.57	93.607
977.73	92.462
977.90	92.434
978.07	92.686
978.23	92.750
978.40	91.355
978.56	92.205
978.73	92.155
978.89	90.979
979.06	93.138
979.22	93.487
979.39	92.513
979.56	91.426
979.72	91.653
979.89	91.976
980.05	93.302
980.22	91.999
980.38	88.484
980.55	88.284
980.71	90.831
980.88	93.712
981.04	90.989
981.21	92.703
981.37	91.209
981.54	92.718
981.70	91.459
981.87	91.534
982.04	89.815
982.20	90.865
982.37	94.991
982.53	93.824
982.70	93.750
982.86	92.461
983.03	91.852
983.19	94.893
983.36	93.426
983.52	92.686
983.69	97.568
983.85	92.651
984.02	89.362
984.18	92.677
984.35	91.822
984.51	92.818
984.68	91.276
984.84	94.954
985.00	93.159
985.17	92.767
985.33	89.580
985.50	94.631
985.66	89.885
985.83	93.524
985.99	91.988
986.16	89.087
986.32	95.087
986.49	92.995
986.65	95.519
986.82	89.097
986.98	91.582
987.15	89.365
987.31	94.784
987.47	94.993
987.64	91.931
987.80	90.700
987.97	94.315
988.13	93.248
988.30	99.760
988.46	91.757
988.63	92.875
988.79	96.323
988.95	95.090
989.12	93.059
989.28	92.609
989.45	96.108
989.61	90.361
989.77	92.641
989.94	91.248
990.10	92.788
990.27	94.202
990.43	93.733
990.60	93.905
990.76	93.115
990.92	92.729
991.09	93.981
991.25	89.839
991.42	96.245
991.58	92.933
991.74	93.530
991.91	94.802
992.07	91.011
992.24	94.413
992.40	96.547
992.56	94.820
992.73	91.589
992.89	92.018
993.05	94.835
993.22	94.833
993.38	95.060
993.55	92.655
993.71	95.192
993.87	91.183
994.04	91.328
994.20	92.937
994.36	90.911
994.53	95.399
994.69	96.480
994.85	97.199
995.02	89.047
995.18	91.287
995.34	93.676
995.51	94.097
995.67	93.952
995.84	89.774
996.00	94.215
996.16	94.496
996.33	95.165
996.49	93.430
996.65	91.150
996.82	94.826
996.98	95.020
997.14	93.049
997.31	95.406
997.47	94.743
997.63	93.991
997.79	98.549
997.96	99.557
998.12	95.999
998.28	94.382
998.45	93.433
998.61	93.482
998.77	94.841
998.94	93.525
999.10	97.757
999.26	96.018
999.43	98.768
999.59	91.690
999.75	92.366
999.91	94.218
1000.08	94.584
1000.24	95.984
1000.40	93.344
1000.57	93.176
1000.73	94.905
1000.89	95.633
1001.05	95.041
1001.22	94.024
1001.38	95.209
1001.54	90.677
1001.70	97.339
1001.87	100.371
1002.03	92.937
1002.19	91.914
1002.35	93.729
1002.52	92.319
1002.68	89.554
1002.84	95.204
1003.00	95.608
1003.17	98.550
1003.33	91.916
1003.49	94.086
1003.65	92.507
1003.82	98.312
1003.98	97.436
1004.14	93.028
1004.30	97.434
1004.47	101.924
1004.63	93.577
1004.79	96.985
1004.95	95.626
1005.11	97.326
1005.28	101.739
1005.44	95.272
1005.60	95.915
1005.76	91.271
1005.93	97.245
1006.09	97.412
1006.25	97.500
1006.41	95.183
1006.57	97.698
1006.74	96.142
1006.90	96.359
1007.06	95.569
1007.22	98.606
1007.38	95.568
1007.55	96.601
1007.71	104.116
1007.87	98.139
1008.03	99.546
1008.19	98.164
1008.35	96.685
1008.52	96.604
1008.68	94.644
1008.84	94.521
1009.00	94.537
1009.16	99.076
1009.32	95.621
1009.49	100.590
1009.65	97.611
1009.81	100.915
1009.97	98.724
1010.13	95.310
1010.29	93.982
1010.46	98.041
1010.62	100.076
1010.78	99.500
1010.94	102.514
1011.10	101.137
1011.26	101.419
1011.42	95.654
1011.59	99.455
1011.75	98.380
1011.91	95.706
1012.07	99.528
1012.23	99.484
1012.39	95.000
1012.55	97.675
1012.71	96.044
1012.88	95.244
1013.04	95.482
1013.20	99.316
1013.36	97.368
1013.52	97.164
1013.68	100.430
1013.84	93.015
1014.00	103.940
1014.16	99.171
1014.33	104.687
1014.49	102.907
1014.65	96.500
1014.81	97.871
1014.97	96.494
1015.13	100.394
1015.29	97.493
1015.45	92.671
1015.61	98.604
1015.77	99.562
1015.93	100.000
1016.09	95.345
1016.26	96.501
1016.42	97.029
1016.58	93.808
1016.74	97.533
1016.90	101.587
1017.06	99.869
1017.22	94.026
1017.38	94.505
1017.54	98.700
1017.70	98.962
1017.86	98.071
1018.02	100.297
1018.18	98.613
1018.34	97.574
1018.50	101.345
1018.66	102.027
1018.82	97.463
1018.98	98.400
1019.14	104.500
1019.31	94.468
1019.47	100.474
1019.63	101.522
1019.79	96.119
1019.95	94.723
1020.11	98.661
1020.27	100.648
1020.43	96.473
1020.59	98.965
1020.75	99.233
1020.91	93.020
1021.07	103.041
1021.23	102.240
1021.39	100.859
1021.55	95.070
1021.71	91.994
1021.87	101.801
1022.03	103.333
1022.19	97.121
1022.35	100.892
1022.51	97.513
1022.67	99.026
1022.83	100.050
1022.99	97.943
1023.15	108.676
1023.31	104.776
1023.47	95.610
1023.63	99.945
1023.79	100.159
1023.95	103.714
1024.10	99.788
1024.26	98.075
1024.42	101.353
1024.58	99.500
1024.74	102.093
1024.90	99.063
1025.06	95.204
1025.22	99.309
1025.38	102.908
1025.54	97.535
1025.70	98.295
1025.86	104.202
1026.02	98.168
1026.18	97.136
1026.34	103.511
1026.50	98.238
1026.66	95.829
1026.82	98.151
1026.98	102.634
1027.13	107.279
1027.29	91.325
1027.45	104.074
1027.61	102.783
1027.77	96.011
1027.93	108.209
1028.09	104.368
1028.25	96.829
1028.41	107.472
1028.57	97.802
1028.73	104.000
1028.88	101.889
1029.04	102.914
1029.20	102.789
1029.36	98.961
1029.52	95.377
1029.68	110.035
1029.84	97.177
1030.00	107.279
1030.16	105.981
1030.32	95.517
1030.47	98.212
1030.63	97.206
1030.79	102.827
1030.95	99.345
1031.11	110.488
1031.27	100.118
1031.43	103.708
1031.59	102.303
1031.74	104.532
1031.90	104.965
1032.06	107.596
1032.22	103.084
1032.38	95.129
1032.54	105.065
1032.69	106.824
1032.85	111.769
1033.01	107.635
1033.17	103.649
1033.33	106.228
1033.49	108.615
1033.65	101.977
1033.80	102.555
1033.96	107.773
1034.12	111.897
1034.28	108.856
1034.44	105.740
1034.60	114.166
1034.75	106.238
1034.91	108.838
1035.07	98.994
1035.23	95.371
1035.39	100.252
1035.54	105.735
1035.70	104.434
1035.86	105.195
1036.02	102.792
1036.18	106.048
1036.33	109.083
1036.49	110.813
1036.65	105.252
1036.81	109.777
1036.97	101.646
1037.12	117.610
1037.28	115.101
1037.44	104.437
1037.60	107.157
1037.76	117.250
1037.91	90.701
1038.07	110.328
1038.23	98.154
1038.39	103.085
1038.54	111.075
1038.70	103.763
1038.86	101.884
1039.02	107.928
1039.17	115.279
1039.33	106.667
1039.49	97.530
1039.65	106.626
1039.80	104.212
1039.96	116.760
1040.12	110.258
1040.28	106.684
>>>>> Data<<<<< Espectral Procesado Extremo
