Fichero De Datos De SpectraSuite
++++++++++++++++++++++++++++++++++++
Fecha: Mon Jul 06 09:16:01 CST 2026
Usuario: HP
Presente Oscuro Del Espectro: Sí
La Referencia de Presente Del Espectro De: Sí
Muestreados de los componentes de Número de espectros: 1
Espectrómetros: USB4H06056
Tiempo de integración (usec): 300000 (USB4H06056)
Promedio de Espectros Hechos un: 5 (USB4H06056)
El Alisar Del Furgón: 0 (USB4H06056)
Párrafo de de Corregir del la del del de Eléctrica del obscuridad: No (USB4H06056)
Estrobo/Lámpara Permitido: No (USB4H06056)
Correct for Detector Non-linearity: No (USB4H06056)
Párrafo de de Corregir del la del del de Externa del luz: No (USB4H06056)
Procesado del espectro de Número de pixeles en: 3648
>>>>> Comienza Data<<<<< Espectral Procesado Del EL
345.09	190.476
345.30	190.476
345.52	190.476
345.74	29.670
345.95	-4.167
346.17	80.628
346.39	229.730
346.60	107.742
346.82	145.455
347.04	285.455
347.25	22.222
347.47	143.243
347.69	76.667
347.90	177.778
348.12	-53.704
348.34	354.545
348.56	245.652
348.77	146.667
348.99	178.571
349.21	234.921
349.42	95.070
349.64	-73.913
349.86	381.818
350.07	152.874
350.29	141.593
350.51	115.000
350.72	81.013
350.94	135.821
351.16	4600.000
351.37	-231.818
351.59	177.586
351.81	43.379
352.02	238.983
352.24	106.771
352.46	209.333
352.67	112.834
352.89	86.383
353.10	184.211
353.32	186.567
353.54	110.169
353.75	75.000
353.97	112.941
354.19	98.198
354.40	158.252
354.62	154.667
354.84	141.667
355.05	73.077
355.27	230.233
355.49	900.000
355.70	122.785
355.92	67.742
356.14	97.241
356.35	127.313
356.57	159.172
356.78	93.805
357.00	278.049
357.22	186.400
357.43	84.549
357.65	94.012
357.87	116.309
358.08	97.753
358.30	89.604
358.51	138.393
358.73	105.085
358.95	185.271
359.16	76.111
359.38	1231.818
359.60	167.089
359.81	293.258
360.03	205.469
360.24	67.939
360.46	106.349
360.68	179.612
360.89	207.792
361.11	99.422
361.33	152.809
361.54	69.417
361.76	291.379
361.97	114.865
362.19	159.140
362.41	105.031
362.62	146.154
362.84	109.574
363.05	327.778
363.27	95.122
363.49	99.592
363.70	143.114
363.92	112.791
364.13	168.372
364.35	102.874
364.57	82.540
364.78	92.208
365.00	519.444
365.21	135.514
365.43	158.667
365.65	164.646
365.86	182.143
366.08	111.282
366.29	50.556
366.51	141.667
366.73	156.637
366.94	206.796
367.16	85.098
367.37	111.278
367.59	135.526
367.80	69.118
368.02	113.966
368.24	158.647
368.45	94.286
368.67	115.625
368.88	111.009
369.10	93.722
369.31	105.528
369.53	107.477
369.75	423.077
369.96	170.400
370.18	259.783
370.39	400.000
370.61	71.041
370.82	154.135
371.04	-708.000
371.26	327.536
371.47	132.022
371.69	154.000
371.90	116.518
372.12	111.111
372.33	102.941
372.55	116.575
372.76	180.952
372.98	299.048
373.20	130.769
373.41	1268.750
373.63	134.783
373.84	142.798
374.06	150.943
374.27	219.444
374.49	141.905
374.70	74.729
374.92	384.507
375.13	112.019
375.35	130.412
375.57	178.095
375.78	165.934
376.00	144.492
376.21	177.333
376.43	71.831
376.64	134.762
376.86	134.237
377.07	102.713
377.29	263.793
377.50	183.422
377.72	239.316
377.93	158.791
378.15	159.091
378.36	142.289
378.58	227.711
378.80	264.789
379.01	117.597
379.23	183.088
379.44	125.592
379.66	111.468
379.87	125.000
380.09	110.078
380.30	199.306
380.52	150.485
380.73	138.418
380.95	187.640
381.16	549.123
381.38	193.590
381.59	227.068
381.81	175.934
382.02	165.591
382.24	154.902
382.45	105.576
382.67	115.261
382.88	159.596
383.10	150.222
383.31	207.602
383.53	120.398
383.74	174.194
383.96	202.210
384.17	112.847
384.39	271.296
384.60	160.759
384.82	210.303
385.03	197.260
385.25	221.717
385.46	173.333
385.68	202.667
385.89	98.760
386.11	168.539
386.32	274.737
386.54	133.121
386.75	157.778
386.97	140.892
387.18	146.032
387.40	145.161
387.61	182.323
387.83	178.977
388.04	156.597
388.25	226.531
388.47	550.746
388.68	148.756
388.90	165.613
389.11	180.751
389.33	158.363
389.54	161.390
389.76	181.457
389.97	157.917
390.19	114.620
390.40	122.628
390.62	167.073
390.83	123.179
391.05	161.511
391.26	140.611
391.47	199.550
391.69	152.000
391.90	225.837
392.12	164.945
392.33	138.486
392.55	195.161
392.76	193.434
392.98	179.600
393.19	219.286
393.41	166.316
393.62	234.434
393.83	191.946
394.05	155.636
394.26	173.307
394.48	149.793
394.69	162.825
394.91	162.037
395.12	163.666
395.34	145.918
395.55	186.939
395.76	211.468
395.98	170.251
396.19	134.432
396.41	186.397
396.62	169.463
396.84	148.136
397.05	209.009
397.26	138.965
397.48	172.205
397.69	155.457
397.91	136.426
398.12	121.053
398.33	229.386
398.55	163.860
398.76	171.127
398.98	220.085
399.19	108.352
399.41	160.705
399.62	168.987
399.83	179.385
400.05	188.050
400.26	192.945
400.48	200.977
400.69	172.810
400.90	203.010
401.12	153.086
401.33	138.771
401.55	172.222
401.76	180.882
401.97	150.325
402.19	147.561
402.40	198.929
402.62	170.927
402.83	162.183
403.04	215.210
403.26	129.620
403.47	143.960
403.69	142.299
403.90	168.889
404.11	133.102
404.33	146.137
404.54	106.300
404.76	145.040
404.97	154.920
405.18	170.028
405.40	153.538
405.61	159.214
405.83	149.070
406.04	174.608
406.25	140.938
406.47	223.320
406.68	134.965
406.89	155.041
407.11	150.509
407.32	144.082
407.54	162.571
407.75	176.517
407.96	154.878
408.18	142.534
408.39	152.407
408.60	174.542
408.82	171.495
409.03	140.962
409.24	144.380
409.46	146.868
409.67	127.159
409.89	134.211
410.10	138.908
410.31	140.246
410.53	138.423
410.74	122.326
410.95	111.817
411.17	131.461
411.38	126.218
411.59	154.286
411.81	112.559
412.02	114.719
412.23	127.044
412.45	127.436
412.66	125.081
412.87	125.503
413.09	123.127
413.30	105.481
413.51	111.988
413.73	111.352
413.94	103.258
414.15	106.847
414.37	120.185
414.58	117.503
414.79	116.822
415.01	117.269
415.22	101.311
415.43	109.826
415.65	101.203
415.86	98.317
416.07	94.279
416.29	105.317
416.50	91.385
416.71	93.187
416.93	87.666
417.14	97.897
417.35	89.845
417.57	86.019
417.78	77.989
417.99	76.011
418.21	91.659
418.42	90.515
418.63	84.777
418.85	-354.206
419.06	76.133
419.27	92.552
419.48	75.387
419.70	86.855
419.91	76.100
420.12	73.053
420.34	76.873
420.55	70.475
420.76	75.125
420.98	71.971
421.19	66.074
421.40	72.678
421.61	75.838
421.83	62.718
422.04	75.426
422.25	74.083
422.47	65.223
422.68	66.046
422.89	61.902
423.11	66.783
423.32	65.312
423.53	62.459
423.74	59.809
423.96	54.891
424.17	58.772
424.38	64.262
424.59	59.677
424.81	61.108
425.02	58.485
425.23	61.120
425.45	51.461
425.66	52.255
425.87	52.259
426.08	56.765
426.30	53.714
426.51	53.616
426.72	53.651
426.93	54.759
427.15	57.085
427.36	53.174
427.57	54.578
427.79	52.204
428.00	52.790
428.21	24.321
428.42	51.617
428.64	52.867
428.85	50.351
429.06	52.196
429.27	50.870
429.49	52.608
429.70	45.959
429.91	48.624
430.12	49.867
430.34	48.323
430.55	46.427
430.76	46.546
430.97	51.112
431.19	50.290
431.40	50.200
431.61	48.189
431.82	52.325
432.03	46.572
432.25	45.979
432.46	46.227
432.67	45.643
432.88	45.355
433.10	46.409
433.31	45.835
433.52	48.844
433.73	42.775
433.95	44.513
434.16	44.589
434.37	48.020
434.58	46.669
434.79	44.539
435.01	46.551
435.22	44.555
435.43	44.534
435.64	45.925
435.86	47.777
436.07	46.570
436.28	44.588
436.49	45.353
436.70	46.704
436.92	46.464
437.13	45.653
437.34	43.936
437.55	47.093
437.76	43.409
437.98	46.378
438.19	43.560
438.40	43.149
438.61	44.958
438.82	43.991
439.04	41.705
439.25	42.029
439.46	43.502
439.67	45.350
439.88	45.267
440.10	46.070
440.31	46.681
440.52	45.328
440.73	45.343
440.94	42.814
441.16	41.608
441.37	42.049
441.58	45.228
441.79	44.978
442.00	43.583
442.21	44.606
442.43	44.171
442.64	47.014
442.85	44.550
443.06	43.070
443.27	46.208
443.48	41.761
443.70	43.593
443.91	44.270
444.12	44.316
444.33	42.380
444.54	44.389
444.75	43.823
444.97	41.812
445.18	43.834
445.39	43.143
445.60	41.906
445.81	44.278
446.02	43.898
446.24	43.950
446.45	44.701
446.66	44.651
446.87	43.372
447.08	43.948
447.29	40.858
447.51	42.725
447.72	45.117
447.93	45.487
448.14	42.533
448.35	41.210
448.56	43.619
448.77	44.438
448.99	42.694
449.20	45.749
449.41	44.154
449.62	41.084
449.83	44.948
450.04	44.269
450.25	42.737
450.46	40.053
450.68	42.857
450.89	45.149
451.10	44.574
451.31	44.631
451.52	43.832
451.73	44.774
451.94	45.460
452.15	44.835
452.37	42.889
452.58	44.902
452.79	43.742
453.00	42.799
453.21	43.218
453.42	43.069
453.63	42.521
453.84	46.373
454.06	45.905
454.27	43.565
454.48	42.627
454.69	45.642
454.90	45.350
455.11	43.082
455.32	43.423
455.53	44.325
455.74	42.368
455.95	45.512
456.17	44.760
456.38	44.526
456.59	43.908
456.80	46.094
457.01	43.505
457.22	46.026
457.43	42.111
457.64	45.843
457.85	43.683
458.06	44.032
458.27	45.229
458.49	43.804
458.70	44.725
458.91	45.191
459.12	45.605
459.33	46.129
459.54	45.630
459.75	46.957
459.96	46.486
460.17	45.696
460.38	43.887
460.59	46.118
460.80	46.129
461.01	44.899
461.23	44.771
461.44	45.952
461.65	45.182
461.86	44.867
462.07	44.411
462.28	46.219
462.49	45.486
462.70	44.285
462.91	45.410
463.12	44.171
463.33	44.930
463.54	44.660
463.75	44.168
463.96	44.938
464.17	46.215
464.38	45.449
464.59	48.152
464.81	46.842
465.02	46.770
465.23	45.920
465.44	45.431
465.65	45.927
465.86	44.170
466.07	46.394
466.28	45.108
466.49	43.184
466.70	45.392
466.91	45.242
467.12	46.221
467.33	45.644
467.54	44.945
467.75	46.067
467.96	46.398
468.17	47.167
468.38	47.085
468.59	46.652
468.80	47.056
469.01	46.775
469.22	46.107
469.43	45.872
469.64	46.795
469.85	45.996
470.06	46.863
470.27	45.428
470.48	45.176
470.69	45.656
470.90	46.838
471.11	46.592
471.32	46.528
471.53	46.147
471.74	45.576
471.95	45.851
472.16	47.970
472.37	45.924
472.58	45.793
472.79	43.923
473.00	45.899
473.21	46.349
473.42	47.478
473.63	46.601
473.84	46.633
474.05	45.228
474.26	46.663
474.47	45.575
474.68	46.326
474.89	45.987
475.10	46.251
475.31	46.447
475.52	46.060
475.73	45.234
475.94	47.461
476.15	45.060
476.36	46.566
476.57	47.685
476.78	45.030
476.99	45.974
477.20	45.380
477.41	47.020
477.62	45.431
477.83	46.332
478.04	46.487
478.25	47.786
478.46	46.247
478.67	45.900
478.88	46.986
479.09	45.987
479.30	46.473
479.51	46.167
479.72	45.918
479.93	46.253
480.14	45.459
480.35	46.898
480.56	45.744
480.77	46.051
480.98	45.853
481.18	46.312
481.39	47.704
481.60	46.518
481.81	45.300
482.02	45.983
482.23	47.203
482.44	46.807
482.65	47.374
482.86	46.460
483.07	46.378
483.28	46.426
483.49	44.870
483.70	45.962
483.91	46.163
484.12	45.487
484.33	46.170
484.53	46.132
484.74	47.724
484.95	46.977
485.16	46.360
485.37	46.944
485.58	47.076
485.79	45.710
486.00	47.502
486.21	45.857
486.42	45.880
486.63	46.208
486.84	46.363
487.05	46.872
487.25	46.858
487.46	46.495
487.67	46.846
487.88	46.342
488.09	47.041
488.30	47.666
488.51	43.118
488.72	46.812
488.93	47.245
489.14	46.924
489.35	47.063
489.55	47.175
489.76	47.692
489.97	46.670
490.18	46.932
490.39	47.404
490.60	47.042
490.81	47.344
491.02	46.849
491.23	48.023
491.43	47.065
491.64	47.561
491.85	46.356
492.06	47.368
492.27	47.457
492.48	46.760
492.69	46.409
492.90	47.084
493.11	46.039
493.31	47.056
493.52	48.055
493.73	47.092
493.94	47.285
494.15	46.781
494.36	46.523
494.57	47.975
494.78	47.318
494.98	46.986
495.19	46.980
495.40	47.154
495.61	46.836
495.82	47.780
496.03	47.400
496.24	47.006
496.44	47.516
496.65	47.714
496.86	46.573
497.07	46.998
497.28	47.751
497.49	47.960
497.70	47.157
497.90	48.649
498.11	48.106
498.32	47.435
498.53	47.527
498.74	48.166
498.95	47.152
499.15	48.249
499.36	47.235
499.57	47.967
499.78	48.279
499.99	47.617
500.20	48.405
500.40	48.241
500.61	47.537
500.82	47.380
501.03	47.987
501.24	48.540
501.45	47.252
501.65	48.957
501.86	47.885
502.07	48.543
502.28	47.864
502.49	48.361
502.70	47.993
502.90	47.890
503.11	48.392
503.32	48.348
503.53	48.131
503.74	48.576
503.94	48.632
504.15	48.842
504.36	47.789
504.57	48.081
504.78	48.522
504.98	47.880
505.19	48.699
505.40	48.816
505.61	48.241
505.82	47.506
506.02	48.638
506.23	48.206
506.44	49.533
506.65	49.630
506.86	48.940
507.06	48.631
507.27	50.271
507.48	49.599
507.69	48.926
507.90	49.464
508.10	49.531
508.31	49.373
508.52	48.863
508.73	49.111
508.94	48.872
509.14	50.126
509.35	49.603
509.56	49.189
509.77	49.177
509.97	49.019
510.18	49.492
510.39	49.617
510.60	49.338
510.80	49.462
511.01	49.879
511.22	50.200
511.43	49.626
511.64	50.679
511.84	49.970
512.05	50.842
512.26	50.496
512.47	50.406
512.67	49.867
512.88	49.775
513.09	50.854
513.30	50.723
513.50	51.789
513.71	50.895
513.92	50.400
514.13	51.663
514.33	50.329
514.54	51.060
514.75	51.707
514.96	50.995
515.16	50.889
515.37	51.813
515.58	51.396
515.78	51.940
515.99	51.691
516.20	51.693
516.41	51.248
516.61	51.942
516.82	52.205
517.03	52.097
517.24	53.038
517.44	52.157
517.65	51.966
517.86	52.421
518.07	52.773
518.27	53.366
518.48	53.285
518.69	52.558
518.89	53.417
519.10	53.218
519.31	54.462
519.52	53.502
519.72	54.186
519.93	53.648
520.14	53.954
520.34	53.677
520.55	54.085
520.76	54.217
520.96	54.253
521.17	54.553
521.38	54.456
521.59	53.677
521.79	54.992
522.00	54.088
522.21	55.501
522.41	54.672
522.62	54.979
522.83	55.299
523.03	55.949
523.24	55.022
523.45	55.008
523.66	55.932
523.86	56.976
524.07	56.921
524.28	55.995
524.48	56.710
524.69	56.653
524.90	57.162
525.10	56.958
525.31	57.310
525.52	56.993
525.72	57.345
525.93	57.200
526.14	57.701
526.34	57.299
526.55	58.606
526.76	58.311
526.96	57.542
527.17	58.206
527.38	58.220
527.58	59.062
527.79	59.291
528.00	58.274
528.20	58.704
528.41	58.850
528.62	58.942
528.82	58.827
529.03	59.803
529.24	59.693
529.44	59.467
529.65	60.533
529.85	59.767
530.06	59.985
530.27	60.467
530.47	60.116
530.68	60.666
530.89	59.927
531.09	60.778
531.30	60.749
531.51	60.087
531.71	61.001
531.92	61.044
532.13	60.758
532.33	61.096
532.54	61.181
532.74	61.147
532.95	61.713
533.16	61.145
533.36	61.505
533.57	61.964
533.78	61.035
533.98	61.587
534.19	62.002
534.39	61.358
534.60	62.741
534.81	62.424
535.01	62.368
535.22	61.891
535.42	62.915
535.63	62.789
535.84	62.016
536.04	62.789
536.25	62.896
536.45	62.684
536.66	62.467
536.87	62.415
537.07	63.445
537.28	62.671
537.48	63.638
537.69	62.953
537.90	62.782
538.10	62.899
538.31	62.957
538.51	63.114
538.72	63.136
538.93	63.347
539.13	63.352
539.34	63.668
539.54	63.722
539.75	63.507
539.96	62.876
540.16	63.155
540.37	63.606
540.57	63.447
540.78	64.017
540.98	63.811
541.19	63.375
541.40	63.735
541.60	63.932
541.81	63.600
542.01	63.316
542.22	63.698
542.42	63.871
542.63	64.038
542.83	63.348
543.04	63.965
543.25	63.818
543.45	63.706
543.66	64.375
543.86	63.865
544.07	64.043
544.27	63.822
544.48	64.227
544.68	64.318
544.89	64.289
545.10	64.238
545.30	64.058
545.51	64.534
545.71	64.246
545.92	64.634
546.12	64.499
546.33	63.640
546.53	64.353
546.74	63.915
546.94	64.308
547.15	64.538
547.36	64.184
547.56	63.973
547.77	64.672
547.97	64.279
548.18	64.331
548.38	64.646
548.59	64.181
548.79	64.402
549.00	64.042
549.20	64.502
549.41	64.346
549.61	64.188
549.82	64.555
550.02	63.566
550.23	63.626
550.43	65.246
550.64	63.968
550.84	64.772
551.05	64.031
551.25	63.582
551.46	64.094
551.66	64.002
551.87	64.717
552.07	64.847
552.28	64.647
552.48	64.439
552.69	64.544
552.89	64.165
553.10	64.270
553.30	64.647
553.51	64.404
553.71	64.431
553.92	64.806
554.12	64.528
554.33	64.689
554.53	64.813
554.74	64.308
554.94	64.713
555.15	65.629
555.35	64.760
555.56	64.766
555.76	65.121
555.97	64.616
556.17	63.908
556.38	64.844
556.58	64.880
556.78	64.695
556.99	64.505
557.19	64.388
557.40	64.447
557.60	65.105
557.81	64.429
558.01	64.096
558.22	64.450
558.42	64.307
558.63	64.892
558.83	64.590
559.04	64.540
559.24	64.493
559.44	64.412
559.65	63.777
559.85	64.171
560.06	64.427
560.26	64.127
560.47	64.214
560.67	66.754
560.88	64.559
561.08	64.302
561.28	64.476
561.49	64.577
561.69	63.723
561.90	64.544
562.10	64.720
562.31	64.279
562.51	64.079
562.71	64.207
562.92	63.468
563.12	63.970
563.33	64.210
563.53	64.651
563.74	63.996
563.94	63.881
564.14	63.750
564.35	64.010
564.55	64.103
564.76	64.289
564.96	63.983
565.17	63.314
565.37	63.596
565.57	64.121
565.78	63.346
565.98	63.473
566.19	63.543
566.39	62.722
566.59	62.898
566.80	63.632
567.00	63.181
567.21	62.792
567.41	62.936
567.61	63.635
567.82	62.628
568.02	62.763
568.23	63.277
568.43	62.921
568.63	62.994
568.84	62.807
569.04	62.779
569.24	62.734
569.45	61.682
569.65	61.973
569.86	62.536
570.06	62.447
570.26	62.495
570.47	61.851
570.67	61.921
570.87	62.424
571.08	61.910
571.28	62.201
571.49	62.107
571.69	61.079
571.89	61.678
572.10	61.530
572.30	61.729
572.50	61.476
572.71	61.011
572.91	61.265
573.11	60.921
573.32	61.923
573.52	61.217
573.73	60.921
573.93	61.068
574.13	60.367
574.34	60.446
574.54	59.873
574.74	60.668
574.95	60.041
575.15	60.201
575.35	60.078
575.56	60.212
575.76	59.674
575.96	60.158
576.17	60.376
576.37	59.703
576.57	59.732
576.78	59.274
576.98	59.501
577.18	59.965
577.39	59.063
577.59	59.195
577.79	58.992
578.00	59.553
578.20	58.890
578.40	59.375
578.61	58.932
578.81	58.901
579.01	58.383
579.22	58.378
579.42	58.658
579.62	58.543
579.82	58.333
580.03	58.035
580.23	57.938
580.43	58.478
580.64	58.022
580.84	58.307
581.04	57.823
581.25	57.756
581.45	57.805
581.65	57.541
581.86	57.929
582.06	57.701
582.26	57.907
582.46	57.985
582.67	56.590
582.87	57.628
583.07	57.190
583.28	57.219
583.48	57.483
583.68	57.994
583.88	56.796
584.09	57.579
584.29	56.802
584.49	56.704
584.70	57.270
584.90	57.315
585.10	56.857
585.30	56.304
585.51	56.417
585.71	56.583
585.91	56.051
586.11	56.602
586.32	56.078
586.52	55.948
586.72	56.042
586.92	56.161
587.13	56.039
587.33	56.037
587.53	55.919
587.74	55.879
587.94	55.639
588.14	55.904
588.34	55.800
588.55	55.721
588.75	55.187
588.95	56.037
589.15	55.545
589.36	55.845
589.56	55.522
589.76	55.452
589.96	55.142
590.16	55.314
590.37	55.295
590.57	55.214
590.77	55.089
590.97	55.122
591.18	55.266
591.38	55.028
591.58	55.472
591.78	54.315
591.99	54.784
592.19	55.340
592.39	55.061
592.59	54.376
592.79	54.760
593.00	54.476
593.20	54.469
593.40	55.167
593.60	54.680
593.81	54.454
594.01	54.579
594.21	55.009
594.41	54.194
594.61	54.416
594.82	54.707
595.02	54.893
595.22	54.384
595.42	54.570
595.62	54.436
595.83	54.322
596.03	54.233
596.23	54.224
596.43	54.457
596.63	54.649
596.84	54.176
597.04	54.371
597.24	54.095
597.44	54.933
597.64	53.996
597.84	53.632
598.05	54.506
598.25	54.030
598.45	54.448
598.65	53.590
598.85	54.333
599.06	54.468
599.26	54.083
599.46	53.792
599.66	53.738
599.86	53.810
600.06	54.171
600.27	53.776
600.47	54.139
600.67	54.003
600.87	53.995
601.07	53.347
601.27	53.421
601.48	54.039
601.68	54.172
601.88	53.881
602.08	53.815
602.28	53.890
602.48	53.405
602.68	53.528
602.89	53.580
603.09	53.514
603.29	54.026
603.49	53.018
603.69	53.739
603.89	53.043
604.09	54.051
604.30	53.471
604.50	53.738
604.70	53.372
604.90	53.441
605.10	53.527
605.30	53.304
605.50	53.354
605.71	53.106
605.91	53.444
606.11	53.865
606.31	53.675
606.51	53.436
606.71	53.601
606.91	53.566
607.11	53.206
607.32	53.357
607.52	53.144
607.72	53.292
607.92	53.493
608.12	53.335
608.32	53.599
608.52	53.227
608.72	53.177
608.92	53.044
609.12	52.833
609.33	53.208
609.53	52.943
609.73	53.058
609.93	52.550
610.13	52.741
610.33	52.744
610.53	52.585
610.73	52.844
610.93	52.854
611.13	52.760
611.34	53.135
611.54	52.724
611.74	53.470
611.94	53.083
612.14	52.248
612.34	52.629
612.54	52.384
612.74	52.814
612.94	52.469
613.14	52.624
613.34	52.595
613.54	52.229
613.74	52.245
613.95	52.475
614.15	52.313
614.35	52.229
614.55	51.826
614.75	52.554
614.95	52.788
615.15	52.506
615.35	51.804
615.55	51.844
615.75	52.117
615.95	51.814
616.15	52.009
616.35	52.267
616.55	51.743
616.75	52.006
616.95	51.460
617.15	51.725
617.35	52.292
617.56	51.737
617.76	52.154
617.96	51.622
618.16	52.170
618.36	51.304
618.56	51.972
618.76	51.238
618.96	51.574
619.16	51.574
619.36	51.170
619.56	51.111
619.76	51.575
619.96	51.627
620.16	51.505
620.36	51.855
620.56	51.041
620.76	51.316
620.96	51.376
621.16	51.973
621.36	50.743
621.56	51.512
621.76	51.448
621.96	50.963
622.16	51.536
622.36	51.228
622.56	50.986
622.76	51.217
622.96	51.073
623.16	50.858
623.36	50.822
623.56	50.776
623.76	51.592
623.96	51.056
624.16	51.247
624.36	50.795
624.56	51.030
624.76	51.059
624.96	50.475
625.16	50.811
625.36	50.979
625.56	51.023
625.76	50.868
625.96	50.927
626.16	50.571
626.36	50.799
626.56	51.226
626.76	50.620
626.96	50.862
627.16	50.680
627.36	50.463
627.56	50.304
627.76	49.919
627.96	50.538
628.16	50.640
628.36	50.588
628.56	49.986
628.75	50.583
628.95	50.696
629.15	50.894
629.35	50.389
629.55	49.826
629.75	50.531
629.95	50.197
630.15	49.941
630.35	50.784
630.55	49.881
630.75	50.236
630.95	50.303
631.15	50.426
631.35	50.299
631.55	49.682
631.75	50.792
631.95	50.681
632.15	49.802
632.34	50.443
632.54	50.222
632.74	50.477
632.94	50.546
633.14	49.967
633.34	49.788
633.54	50.509
633.74	50.228
633.94	49.999
634.14	49.831
634.34	50.553
634.54	50.028
634.74	50.579
634.93	50.595
635.13	50.459
635.33	49.854
635.53	50.355
635.73	50.151
635.93	49.452
636.13	50.200
636.33	49.727
636.53	50.000
636.73	49.930
636.93	49.880
637.12	49.847
637.32	49.612
637.52	49.356
637.72	49.445
637.92	49.596
638.12	49.664
638.32	49.834
638.52	49.748
638.72	49.794
638.91	49.320
639.11	49.568
639.31	48.928
639.51	49.394
639.71	49.476
639.91	49.351
640.11	49.078
640.31	49.018
640.50	49.151
640.70	48.816
640.90	48.875
641.10	49.048
641.30	48.983
641.50	49.176
641.70	49.155
641.89	49.102
642.09	48.868
642.29	48.799
642.49	48.636
642.69	48.720
642.89	48.793
643.09	49.049
643.28	48.716
643.48	48.668
643.68	48.397
643.88	48.337
644.08	48.226
644.28	48.372
644.48	47.999
644.67	48.451
644.87	48.227
645.07	48.295
645.27	47.583
645.47	48.072
645.67	48.511
645.86	48.206
646.06	48.099
646.26	47.730
646.46	47.731
646.66	48.169
646.85	48.265
647.05	48.035
647.25	47.529
647.45	47.122
647.65	47.718
647.85	47.455
648.04	47.639
648.24	47.367
648.44	47.371
648.64	47.248
648.84	47.326
649.03	47.469
649.23	47.278
649.43	47.254
649.63	47.346
649.83	46.641
650.02	47.259
650.22	46.982
650.42	47.383
650.62	46.863
650.82	47.276
651.01	46.607
651.21	47.267
651.41	46.965
651.61	46.240
651.81	46.560
652.00	46.948
652.20	46.470
652.40	46.773
652.60	46.779
652.79	47.105
652.99	46.829
653.19	46.953
653.39	46.234
653.59	46.733
653.78	46.940
653.98	46.280
654.18	46.662
654.38	46.509
654.57	46.209
654.77	46.302
654.97	46.722
655.17	46.800
655.36	46.303
655.56	46.478
655.76	46.358
655.96	46.819
656.15	46.445
656.35	45.898
656.55	46.369
656.75	46.630
656.94	46.603
657.14	46.405
657.34	46.080
657.54	46.381
657.73	46.058
657.93	45.886
658.13	46.289
658.33	46.028
658.52	46.319
658.72	47.359
658.92	46.107
659.11	46.460
659.31	46.365
659.51	46.175
659.71	45.780
659.90	46.329
660.10	45.988
660.30	45.695
660.50	45.921
660.69	46.221
660.89	45.639
661.09	45.721
661.28	45.860
661.48	45.677
661.68	45.485
661.87	45.816
662.07	45.689
662.27	46.057
662.47	45.521
662.66	45.772
662.86	46.213
663.06	45.643
663.25	46.003
663.45	46.005
663.65	45.445
663.84	45.306
664.04	45.373
664.24	46.046
664.44	45.554
664.63	45.828
664.83	45.336
665.03	45.719
665.22	45.822
665.42	45.348
665.62	45.565
665.81	45.297
666.01	45.686
666.21	45.246
666.40	45.637
666.60	45.095
666.80	45.377
666.99	45.570
667.19	45.461
667.39	45.403
667.58	44.827
667.78	45.163
667.98	45.245
668.17	45.315
668.37	45.159
668.57	44.834
668.76	45.745
668.96	45.615
669.16	45.251
669.35	45.130
669.55	45.357
669.74	45.491
669.94	45.273
670.14	45.222
670.33	45.629
670.53	45.549
670.73	45.426
670.92	45.758
671.12	45.237
671.32	45.322
671.51	45.518
671.71	45.625
671.90	45.054
672.10	45.333
672.30	45.633
672.49	45.385
672.69	45.807
672.89	45.234
673.08	45.512
673.28	44.980
673.47	45.132
673.67	45.265
673.87	45.323
674.06	45.255
674.26	45.018
674.45	45.062
674.65	44.988
674.85	45.374
675.04	44.946
675.24	44.996
675.43	45.794
675.63	45.565
675.83	45.222
676.02	45.119
676.22	45.058
676.41	45.799
676.61	45.106
676.81	44.921
677.00	45.376
677.20	45.274
677.39	45.140
677.59	45.379
677.79	44.818
677.98	45.373
678.18	45.349
678.37	45.114
678.57	45.290
678.76	44.875
678.96	45.119
679.16	45.277
679.35	45.461
679.55	45.809
679.74	45.318
679.94	45.239
680.13	45.384
680.33	45.454
680.53	45.404
680.72	45.082
680.92	45.550
681.11	45.694
681.31	45.193
681.50	44.987
681.70	45.518
681.89	45.452
682.09	45.573
682.28	45.626
682.48	45.799
682.68	45.512
682.87	45.904
683.07	45.384
683.26	45.705
683.46	45.426
683.65	45.550
683.85	45.369
684.04	45.631
684.24	45.460
684.43	45.422
684.63	45.438
684.82	45.705
685.02	45.963
685.21	45.391
685.41	45.869
685.60	46.340
685.80	45.650
686.00	45.528
686.19	45.665
686.39	45.774
686.58	45.943
686.78	45.910
686.97	45.920
687.17	45.221
687.36	45.629
687.56	46.199
687.75	45.738
687.95	45.972
688.14	45.946
688.34	45.709
688.53	45.796
688.73	46.342
688.92	46.137
689.12	46.061
689.31	46.151
689.51	46.743
689.70	46.360
689.89	46.516
690.09	46.176
690.28	46.292
690.48	46.457
690.67	46.623
690.87	46.542
691.06	46.873
691.26	47.293
691.45	46.998
691.65	46.759
691.84	46.899
692.04	47.179
692.23	47.313
692.43	47.091
692.62	47.666
692.82	47.903
693.01	47.997
693.20	48.206
693.40	48.203
693.59	48.021
693.79	47.987
693.98	48.588
694.18	48.592
694.37	48.447
694.57	48.832
694.76	49.226
694.95	49.576
695.15	49.148
695.34	49.668
695.54	50.030
695.73	50.077
695.93	50.408
696.12	50.645
696.32	50.502
696.51	51.168
696.70	51.614
696.90	51.278
697.09	51.950
697.29	51.839
697.48	52.498
697.67	52.394
697.87	52.690
698.06	53.006
698.26	53.004
698.45	53.215
698.65	53.596
698.84	53.903
699.03	54.314
699.23	54.770
699.42	55.231
699.62	54.998
699.81	55.695
700.00	55.328
700.20	55.670
700.39	55.901
700.59	56.301
700.78	56.308
700.97	56.513
701.17	57.405
701.36	57.970
701.56	58.085
701.75	58.725
701.94	58.986
702.14	58.400
702.33	59.547
702.52	59.450
702.72	60.150
702.91	59.997
703.11	60.283
703.30	60.325
703.49	60.951
703.69	61.013
703.88	61.480
704.07	61.781
704.27	61.893
704.46	62.496
704.66	62.334
704.85	62.727
705.04	62.968
705.24	63.333
705.43	63.947
705.62	63.755
705.82	64.973
706.01	64.890
706.20	65.055
706.40	65.327
706.59	65.694
706.78	66.026
706.98	66.448
707.17	67.132
707.36	65.974
707.56	67.361
707.75	67.253
707.94	67.550
708.14	68.180
708.33	68.247
708.52	68.422
708.72	68.988
708.91	68.887
709.10	69.569
709.30	69.176
709.49	69.793
709.68	70.396
709.88	70.277
710.07	70.573
710.26	70.949
710.46	71.473
710.65	71.562
710.84	71.700
711.04	71.098
711.23	72.064
711.42	72.241
711.61	72.470
711.81	72.422
712.00	73.658
712.19	73.217
712.39	73.521
712.58	73.349
712.77	73.974
712.97	74.260
713.16	74.396
713.35	74.528
713.54	74.525
713.74	74.878
713.93	75.369
714.12	75.806
714.32	75.827
714.51	76.328
714.70	76.288
714.89	76.215
715.09	76.319
715.28	77.070
715.47	77.232
715.66	77.481
715.86	78.108
716.05	78.001
716.24	78.354
716.44	78.582
716.63	78.673
716.82	79.655
717.01	79.004
717.21	79.262
717.40	79.836
717.59	79.718
717.78	79.553
717.98	79.706
718.17	80.108
718.36	80.804
718.55	80.897
718.75	80.727
718.94	81.445
719.13	80.864
719.32	82.180
719.52	81.939
719.71	82.334
719.90	82.572
720.09	82.043
720.28	83.094
720.48	82.928
720.67	83.904
720.86	83.353
721.05	82.992
721.25	83.906
721.44	83.904
721.63	84.068
721.82	84.583
722.01	84.885
722.21	84.911
722.40	84.835
722.59	85.329
722.78	85.639
722.98	86.006
723.17	86.220
723.36	85.581
723.55	86.191
723.74	86.327
723.94	86.902
724.13	86.751
724.32	88.029
724.51	87.100
724.70	87.549
724.89	87.051
725.09	87.797
725.28	87.505
725.47	88.440
725.66	88.503
725.85	88.977
726.05	87.963
726.24	88.965
726.43	89.364
726.62	89.395
726.81	90.174
727.00	90.174
727.20	89.381
727.39	89.998
727.58	90.213
727.77	90.913
727.96	90.695
728.15	90.572
728.35	90.950
728.54	90.914
728.73	91.045
728.92	90.758
729.11	91.624
729.30	91.486
729.50	91.873
729.69	91.539
729.88	92.066
730.07	92.558
730.26	92.986
730.45	92.464
730.64	92.655
730.84	93.102
731.03	92.865
731.22	92.686
731.41	92.881
731.60	93.487
731.79	93.690
731.98	93.968
732.18	93.668
732.37	94.255
732.56	94.105
732.75	94.279
732.94	94.240
733.13	94.508
733.32	95.232
733.51	94.716
733.71	95.185
733.90	95.189
734.09	95.529
734.28	95.213
734.47	96.079
734.66	95.097
734.85	96.061
735.04	95.870
735.23	96.206
735.42	95.839
735.62	96.546
735.81	96.341
736.00	96.311
736.19	96.319
736.38	96.618
736.57	96.709
736.76	96.696
736.95	96.893
737.14	97.374
737.33	97.188
737.52	96.923
737.72	96.999
737.91	97.176
738.10	97.870
738.29	97.480
738.48	97.994
738.67	97.351
738.86	97.614
739.05	97.705
739.24	97.563
739.43	98.056
739.62	98.217
739.81	98.400
740.00	98.565
740.19	98.702
740.39	98.529
740.58	99.360
740.77	99.149
740.96	99.439
741.15	98.887
741.34	99.364
741.53	99.395
741.72	98.197
741.91	99.586
742.10	99.622
742.29	99.519
742.48	99.870
742.67	100.017
742.86	99.362
743.05	99.510
743.24	100.190
743.43	99.925
743.62	99.920
743.81	99.349
744.00	100.226
744.19	100.373
744.38	99.810
744.57	100.606
744.76	100.442
744.95	100.596
745.14	99.755
745.33	100.522
745.52	99.733
745.71	99.655
745.90	100.121
746.09	101.434
746.28	100.669
746.47	100.681
746.66	100.555
746.85	100.495
747.04	101.267
747.23	101.753
747.42	100.599
747.61	100.952
747.80	101.464
747.99	101.446
748.18	101.076
748.37	101.071
748.56	100.711
748.75	101.496
748.94	101.450
749.13	101.335
749.32	100.438
749.51	101.731
749.70	101.752
749.89	101.858
750.08	101.711
750.27	102.067
750.46	101.614
750.65	101.620
750.84	101.330
751.03	102.017
751.22	101.854
751.41	101.318
751.60	101.710
751.79	101.946
751.98	101.795
752.17	101.477
752.36	101.431
752.55	102.027
752.74	102.183
752.93	102.749
753.12	101.493
753.30	101.326
753.49	101.554
753.68	102.388
753.87	101.886
754.06	101.486
754.25	101.995
754.44	102.216
754.63	101.881
754.82	101.539
755.01	102.440
755.20	103.079
755.39	101.724
755.58	101.373
755.77	102.163
755.96	101.720
756.14	102.841
756.33	102.123
756.52	102.422
756.71	101.306
756.90	101.860
757.09	102.337
757.28	103.109
757.47	102.841
757.66	102.370
757.85	102.550
758.04	102.814
758.22	103.151
758.41	102.007
758.60	102.749
758.79	102.492
758.98	102.270
759.17	102.452
759.36	103.205
759.55	102.411
759.74	102.111
759.92	102.428
760.11	102.978
760.30	102.880
760.49	102.285
760.68	103.618
760.87	102.876
761.06	103.009
761.25	102.347
761.43	102.656
761.62	102.098
761.81	102.556
762.00	102.605
762.19	101.625
762.38	101.914
762.57	103.517
762.76	102.991
762.94	102.671
763.13	102.110
763.32	102.717
763.51	101.834
763.70	102.744
763.89	102.237
764.07	102.311
764.26	102.922
764.45	102.231
764.64	101.868
764.83	102.323
765.02	102.745
765.21	102.566
765.39	102.864
765.58	103.145
765.77	102.209
765.96	102.854
766.15	102.856
766.34	102.773
766.52	102.085
766.71	102.386
766.90	104.065
767.09	102.768
767.28	102.302
767.46	102.434
767.65	102.258
767.84	103.277
768.03	102.339
768.22	102.722
768.40	103.345
768.59	102.932
768.78	102.753
768.97	102.100
769.16	103.169
769.34	102.626
769.53	103.552
769.72	102.778
769.91	102.504
770.10	101.910
770.28	101.867
770.47	103.545
770.66	102.076
770.85	102.383
771.04	102.977
771.22	102.317
771.41	102.315
771.60	102.802
771.79	102.598
771.98	102.638
772.16	102.236
772.35	102.849
772.54	102.463
772.73	101.761
772.91	102.630
773.10	102.958
773.29	102.183
773.48	103.260
773.66	102.709
773.85	101.875
774.04	102.213
774.23	102.644
774.41	102.037
774.60	103.161
774.79	102.237
774.98	102.759
775.16	102.301
775.35	103.199
775.54	102.236
775.73	103.230
775.91	103.924
776.10	102.603
776.29	102.370
776.48	102.944
776.66	103.282
776.85	102.937
777.04	102.098
777.23	102.811
777.41	101.665
777.60	102.687
777.79	102.816
777.97	103.196
778.16	102.545
778.35	101.486
778.54	102.915
778.72	102.498
778.91	102.830
779.10	101.843
779.28	101.849
779.47	102.719
779.66	102.894
779.85	102.811
780.03	103.293
780.22	102.299
780.41	102.415
780.59	103.220
780.78	102.168
780.97	103.582
781.15	102.861
781.34	102.589
781.53	103.051
781.71	103.029
781.90	102.561
782.09	103.017
782.27	102.959
782.46	103.241
782.65	101.447
782.84	102.718
783.02	101.870
783.21	102.672
783.40	103.348
783.58	103.583
783.77	102.562
783.96	103.606
784.14	103.740
784.33	102.232
784.52	103.017
784.70	101.743
784.89	101.975
785.07	103.102
785.26	102.288
785.45	102.574
785.63	103.089
785.82	102.443
786.01	102.983
786.19	102.084
786.38	102.081
786.57	102.220
786.75	102.804
786.94	102.258
787.13	103.269
787.31	103.013
787.50	102.322
787.68	102.290
787.87	103.256
788.06	102.287
788.24	101.457
788.43	101.603
788.62	102.028
788.80	102.814
788.99	102.581
789.17	102.538
789.36	102.615
789.55	103.230
789.73	101.900
789.92	102.678
790.10	102.065
790.29	102.734
790.48	103.254
790.66	102.730
790.85	102.914
791.03	102.510
791.22	103.548
791.41	102.616
791.59	102.904
791.78	102.430
791.96	102.832
792.15	103.096
792.34	102.227
792.52	103.419
792.71	102.782
792.89	101.908
793.08	102.755
793.27	102.664
793.45	102.860
793.64	103.653
793.82	102.877
794.01	102.777
794.19	103.373
794.38	102.302
794.57	102.417
794.75	102.743
794.94	102.165
795.12	102.102
795.31	102.482
795.49	102.676
795.68	102.574
795.86	102.535
796.05	102.319
796.24	102.576
796.42	103.035
796.61	103.037
796.79	103.403
796.98	102.601
797.16	103.130
797.35	102.999
797.53	102.408
797.72	102.826
797.90	102.757
798.09	102.060
798.27	102.958
798.46	102.970
798.65	102.500
798.83	103.756
799.02	102.835
799.20	102.975
799.39	102.707
799.57	102.939
799.76	102.708
799.94	102.967
800.13	102.911
800.31	103.404
800.50	102.916
800.68	102.486
800.87	103.147
801.05	103.091
801.24	102.739
801.42	103.079
801.61	102.997
801.79	102.651
801.98	102.734
802.16	103.240
802.35	102.748
802.53	102.776
802.72	101.973
802.90	102.650
803.09	102.252
803.27	103.301
803.46	102.592
803.64	103.102
803.83	102.971
804.01	102.581
804.20	102.513
804.38	101.989
804.56	102.361
804.75	102.476
804.93	102.809
805.12	102.793
805.30	103.220
805.49	102.360
805.67	103.143
805.86	103.008
806.04	102.349
806.23	103.024
806.41	103.391
806.59	103.457
806.78	103.033
806.96	102.724
807.15	102.825
807.33	102.611
807.52	102.753
807.70	102.705
807.89	102.483
808.07	102.468
808.25	103.398
808.44	103.275
808.62	102.656
808.81	103.095
808.99	102.567
809.18	102.092
809.36	102.443
809.54	102.501
809.73	102.144
809.91	102.174
810.10	102.286
810.28	103.040
810.47	102.674
810.65	102.936
810.83	102.341
811.02	102.616
811.20	102.924
811.39	102.059
811.57	102.223
811.75	101.992
811.94	102.287
812.12	102.283
812.31	102.736
812.49	101.916
812.67	102.383
812.86	101.992
813.04	102.249
813.23	102.399
813.41	102.492
813.59	102.375
813.78	101.815
813.96	102.969
814.14	102.979
814.33	102.989
814.51	102.009
814.70	102.665
814.88	102.121
815.06	103.215
815.25	103.080
815.43	102.433
815.61	102.374
815.80	101.916
815.98	102.492
816.16	103.212
816.35	102.500
816.53	102.471
816.72	102.589
816.90	102.766
817.08	101.451
817.27	102.697
817.45	102.731
817.63	102.394
817.82	103.446
818.00	102.550
818.18	104.046
818.37	101.955
818.55	103.472
818.73	101.751
818.92	102.923
819.10	102.514
819.28	103.010
819.47	102.550
819.65	102.563
819.83	103.110
820.02	101.780
820.20	103.098
820.38	102.565
820.57	102.400
820.75	102.255
820.93	102.910
821.11	101.604
821.30	102.193
821.48	102.828
821.66	102.767
821.85	102.054
822.03	101.837
822.21	102.684
822.40	103.272
822.58	102.520
822.76	102.548
822.94	101.625
823.13	102.510
823.31	102.975
823.49	103.251
823.68	102.655
823.86	103.049
824.04	101.951
824.22	102.890
824.41	103.467
824.59	102.490
824.77	102.001
824.96	102.320
825.14	103.276
825.32	102.615
825.50	102.329
825.69	103.015
825.87	101.952
826.05	102.794
826.23	103.188
826.42	103.239
826.60	102.945
826.78	102.208
826.96	103.212
827.15	103.371
827.33	103.430
827.51	101.537
827.69	102.810
827.88	103.828
828.06	102.816
828.24	103.026
828.42	102.796
828.61	102.918
828.79	102.737
828.97	101.245
829.15	103.438
829.34	102.780
829.52	102.580
829.70	101.607
829.88	102.840
830.06	102.086
830.25	102.140
830.43	102.749
830.61	102.831
830.79	102.840
830.97	103.846
831.16	103.034
831.34	102.745
831.52	103.691
831.70	102.831
831.89	102.570
832.07	103.037
832.25	102.967
832.43	103.740
832.61	103.176
832.80	103.295
832.98	102.881
833.16	102.425
833.34	102.666
833.52	103.787
833.70	102.180
833.89	102.739
834.07	103.119
834.25	103.792
834.43	103.702
834.61	101.877
834.80	103.428
834.98	102.571
835.16	103.040
835.34	102.815
835.52	102.877
835.70	102.614
835.89	103.227
836.07	102.301
836.25	102.695
836.43	102.632
836.61	102.844
836.79	102.705
836.97	103.371
837.16	102.789
837.34	103.380
837.52	102.256
837.70	103.377
837.88	102.486
838.06	103.405
838.24	103.544
838.43	101.556
838.61	103.695
838.79	103.040
838.97	102.305
839.15	102.666
839.33	102.695
839.51	102.751
839.70	102.907
839.88	102.238
840.06	103.233
840.24	102.595
840.42	103.121
840.60	101.869
840.78	103.167
840.96	102.280
841.14	102.321
841.33	101.707
841.51	102.291
841.69	103.741
841.87	102.553
842.05	102.041
842.23	102.875
842.41	103.214
842.59	101.800
842.77	102.800
842.95	102.250
843.14	103.674
843.32	103.547
843.50	104.361
843.68	102.348
843.86	103.230
844.04	102.723
844.22	103.068
844.40	102.836
844.58	102.619
844.76	102.455
844.94	102.695
845.12	103.136
845.30	102.602
845.49	102.949
845.67	102.899
845.85	103.184
846.03	103.249
846.21	101.808
846.39	102.870
846.57	101.666
846.75	103.871
846.93	103.095
847.11	102.786
847.29	102.280
847.47	102.647
847.65	102.120
847.83	103.149
848.01	103.732
848.19	102.884
848.37	102.525
848.55	103.653
848.73	103.314
848.91	103.947
849.09	102.071
849.27	103.833
849.46	103.488
849.64	102.805
849.82	102.105
850.00	102.810
850.18	103.345
850.36	102.661
850.54	102.204
850.72	102.502
850.90	103.327
851.08	103.308
851.26	104.028
851.44	101.683
851.62	102.405
851.80	102.272
851.98	102.787
852.16	101.723
852.34	103.220
852.52	102.787
852.70	102.141
852.88	102.304
853.06	102.131
853.24	102.860
853.42	103.010
853.60	102.519
853.78	102.706
853.96	102.481
854.14	103.212
854.31	104.282
854.49	102.880
854.67	102.342
854.85	103.602
855.03	102.833
855.21	102.184
855.39	103.046
855.57	102.559
855.75	102.233
855.93	103.430
856.11	102.661
856.29	102.645
856.47	102.872
856.65	102.079
856.83	103.468
857.01	102.130
857.19	101.761
857.37	103.379
857.55	103.340
857.73	102.766
857.91	102.907
858.09	102.053
858.26	104.115
858.44	102.772
858.62	103.044
858.80	103.539
858.98	103.235
859.16	103.134
859.34	102.075
859.52	102.959
859.70	102.924
859.88	101.644
860.06	102.681
860.24	102.993
860.42	102.723
860.59	101.682
860.77	102.491
860.95	103.473
861.13	103.014
861.31	102.891
861.49	103.824
861.67	103.060
861.85	103.839
862.03	103.970
862.21	102.678
862.38	102.797
862.56	102.866
862.74	103.122
862.92	102.255
863.10	102.625
863.28	102.537
863.46	102.105
863.64	102.919
863.82	102.590
863.99	103.889
864.17	103.193
864.35	102.655
864.53	102.883
864.71	102.469
864.89	103.591
865.07	103.505
865.24	102.440
865.42	102.466
865.60	104.199
865.78	102.781
865.96	103.687
866.14	103.686
866.32	102.186
866.49	102.586
866.67	104.244
866.85	102.028
867.03	102.358
867.21	102.795
867.39	101.850
867.56	103.202
867.74	102.650
867.92	102.899
868.10	103.509
868.28	103.621
868.46	102.539
868.63	102.643
868.81	102.968
868.99	102.409
869.17	103.447
869.35	102.967
869.53	103.669
869.70	103.078
869.88	102.018
870.06	100.312
870.24	102.515
870.42	103.915
870.59	102.885
870.77	101.372
870.95	102.372
871.13	103.282
871.31	101.602
871.48	102.702
871.66	103.757
871.84	102.868
872.02	103.809
872.20	102.795
872.37	103.249
872.55	102.595
872.73	104.108
872.91	103.387
873.08	102.430
873.26	102.329
873.44	101.728
873.62	102.929
873.80	102.658
873.97	102.758
874.15	102.760
874.33	103.407
874.51	104.177
874.68	103.138
874.86	102.649
875.04	103.363
875.22	104.698
875.39	103.346
875.57	101.976
875.75	103.040
875.93	103.928
876.10	102.572
876.28	103.533
876.46	101.710
876.64	102.970
876.81	102.508
876.99	103.388
877.17	103.462
877.35	103.731
877.52	101.831
877.70	102.937
877.88	103.208
878.06	102.111
878.23	102.483
878.41	101.495
878.59	102.335
878.76	102.328
878.94	102.696
879.12	102.930
879.30	101.963
879.47	103.527
879.65	102.016
879.83	102.063
880.00	103.457
880.18	101.866
880.36	103.389
880.53	102.271
880.71	103.071
880.89	102.756
881.07	102.769
881.24	102.572
881.42	103.011
881.60	103.822
881.77	102.212
881.95	103.262
882.13	102.839
882.30	103.044
882.48	102.844
882.66	102.466
882.83	102.443
883.01	103.241
883.19	102.615
883.36	103.249
883.54	104.118
883.72	103.115
883.89	103.174
884.07	101.762
884.25	103.787
884.42	103.024
884.60	103.197
884.78	102.888
884.95	103.150
885.13	103.572
885.31	102.238
885.48	103.276
885.66	102.833
885.84	102.260
886.01	102.994
886.19	102.491
886.36	102.962
886.54	103.130
886.72	103.228
886.89	104.015
887.07	103.232
887.25	101.505
887.42	102.463
887.60	102.845
887.78	103.644
887.95	103.911
888.13	104.007
888.30	102.633
888.48	102.451
888.66	103.538
888.83	102.768
889.01	103.758
889.18	102.108
889.36	104.038
889.54	102.938
889.71	101.911
889.89	102.727
890.06	103.504
890.24	102.198
890.42	102.359
890.59	102.820
890.77	103.552
890.94	102.792
891.12	103.436
891.30	103.290
891.47	104.230
891.65	103.755
891.82	102.365
892.00	101.945
892.17	103.280
892.35	103.639
892.53	102.248
892.70	102.978
892.88	103.291
893.05	101.946
893.23	102.613
893.40	102.766
893.58	103.006
893.75	103.082
893.93	102.091
894.11	103.482
894.28	102.949
894.46	101.067
894.63	102.610
894.81	102.796
894.98	104.005
895.16	101.715
895.33	103.345
895.51	103.055
895.68	102.827
895.86	102.875
896.04	102.909
896.21	102.988
896.39	102.295
896.56	103.015
896.74	102.767
896.91	103.458
897.09	104.316
897.26	102.385
897.44	103.347
897.61	103.302
897.79	103.971
897.96	103.094
898.14	103.227
898.31	102.212
898.49	101.532
898.66	103.945
898.84	102.919
899.01	104.087
899.19	102.767
899.36	104.054
899.54	102.466
899.71	104.143
899.89	103.770
900.06	104.105
900.24	102.585
900.41	104.972
900.59	103.524
900.76	102.019
900.94	103.841
901.11	102.141
901.29	101.340
901.46	102.003
901.63	102.904
901.81	102.295
901.98	101.965
902.16	103.074
902.33	102.771
902.51	103.839
902.68	103.601
902.86	103.743
903.03	102.088
903.21	102.370
903.38	102.011
903.56	104.184
903.73	103.592
903.90	101.825
904.08	102.521
904.25	102.354
904.43	101.981
904.60	102.512
904.78	102.420
904.95	102.150
905.12	103.147
905.30	104.142
905.47	104.146
905.65	102.094
905.82	102.618
906.00	102.536
906.17	104.007
906.34	101.823
906.52	102.457
906.69	102.481
906.87	102.164
907.04	103.976
907.21	103.004
907.39	103.284
907.56	103.027
907.74	103.165
907.91	102.479
908.08	101.688
908.26	102.988
908.43	102.851
908.61	104.356
908.78	102.485
908.95	103.398
909.13	101.600
909.30	103.528
909.48	103.515
909.65	104.001
909.82	103.446
910.00	104.378
910.17	103.256
910.34	103.186
910.52	103.631
910.69	102.712
910.87	104.824
911.04	102.818
911.21	103.052
911.39	103.843
911.56	103.116
911.73	102.670
911.91	103.332
912.08	102.950
912.25	103.074
912.43	102.757
912.60	102.781
912.77	102.176
912.95	104.289
913.12	102.707
913.29	102.694
913.47	102.105
913.64	103.059
913.81	103.540
913.99	101.031
914.16	102.860
914.33	101.506
914.51	103.355
914.68	102.186
914.85	104.011
915.03	103.684
915.20	103.718
915.37	102.782
915.55	101.976
915.72	104.227
915.89	101.948
916.07	103.559
916.24	103.605
916.41	102.172
916.59	103.304
916.76	102.005
916.93	102.286
917.10	102.476
917.28	102.988
917.45	101.765
917.62	102.511
917.80	104.496
917.97	103.610
918.14	103.162
918.31	103.449
918.49	103.595
918.66	103.823
918.83	103.565
919.01	103.454
919.18	102.546
919.35	102.580
919.52	103.873
919.70	103.835
919.87	102.282
920.04	103.602
920.21	102.443
920.39	104.063
920.56	104.482
920.73	104.338
920.90	104.971
921.08	103.348
921.25	102.255
921.42	102.682
921.59	103.830
921.77	102.678
921.94	102.835
922.11	103.041
922.28	102.345
922.46	101.566
922.63	102.967
922.80	102.214
922.97	101.858
923.15	102.185
923.32	102.820
923.49	100.714
923.66	102.931
923.83	102.768
924.01	103.315
924.18	102.651
924.35	102.199
924.52	102.725
924.69	104.918
924.87	104.015
925.04	103.313
925.21	103.423
925.38	103.168
925.55	104.470
925.73	102.569
925.90	102.796
926.07	103.527
926.24	103.751
926.41	103.197
926.59	102.905
926.76	101.919
926.93	102.879
927.10	105.048
927.27	103.505
927.45	100.899
927.62	101.918
927.79	103.515
927.96	103.590
928.13	104.098
928.30	102.946
928.48	102.951
928.65	104.209
928.82	100.785
928.99	102.342
929.16	102.998
929.33	103.313
929.50	103.613
929.68	102.428
929.85	102.901
930.02	102.027
930.19	100.949
930.36	101.175
930.53	104.436
930.70	103.935
930.88	103.988
931.05	103.062
931.22	101.713
931.39	102.807
931.56	103.270
931.73	102.940
931.90	103.690
932.08	103.892
932.25	103.429
932.42	105.027
932.59	102.656
932.76	101.535
932.93	102.048
933.10	102.931
933.27	102.403
933.44	100.988
933.62	103.009
933.79	102.381
933.96	104.383
934.13	101.342
934.30	101.422
934.47	103.111
934.64	99.554
934.81	102.930
934.98	101.720
935.15	102.922
935.32	97.960
935.50	103.716
935.67	104.507
935.84	104.417
936.01	102.360
936.18	103.328
936.35	103.387
936.52	105.305
936.69	104.780
936.86	102.588
937.03	101.731
937.20	104.285
937.37	100.960
937.54	103.509
937.71	102.092
937.89	105.771
938.06	101.565
938.23	101.721
938.40	102.907
938.57	103.578
938.74	104.526
938.91	103.005
939.08	101.969
939.25	105.153
939.42	100.866
939.59	103.476
939.76	99.610
939.93	105.332
940.10	102.754
940.27	101.565
940.44	102.731
940.61	101.543
940.78	107.314
940.95	103.239
941.12	102.967
941.29	98.209
941.46	101.792
941.63	101.508
941.80	105.744
941.97	104.469
942.14	102.884
942.31	103.124
942.48	108.212
942.65	103.351
942.82	99.968
942.99	96.092
943.16	98.743
943.33	107.297
943.50	106.403
943.67	103.656
943.84	106.523
944.01	97.184
944.18	106.358
944.35	100.561
944.52	99.762
944.69	110.335
944.86	105.975
945.03	103.506
945.20	102.556
945.37	101.405
945.54	101.838
945.71	99.735
945.88	101.085
946.05	103.169
946.22	104.301
946.39	103.134
946.56	99.644
946.73	99.343
946.90	100.458
947.07	98.957
947.23	99.275
947.40	112.533
947.57	103.558
947.74	100.897
947.91	101.131
948.08	101.415
948.25	100.840
948.42	105.766
948.59	105.970
948.76	104.126
948.93	105.066
949.10	103.050
949.27	100.445
949.44	101.964
949.60	100.884
949.77	103.851
949.94	99.614
950.11	99.161
950.28	99.357
950.45	105.366
950.62	103.166
950.79	100.382
950.96	99.406
951.13	102.353
951.30	107.662
951.46	100.496
951.63	102.421
951.80	98.485
951.97	104.010
952.14	103.379
952.31	103.614
952.48	102.261
952.65	102.330
952.81	104.538
952.98	103.897
953.15	100.451
953.32	100.481
953.49	101.177
953.66	106.153
953.83	101.586
954.00	100.186
954.16	105.029
954.33	100.229
954.50	102.727
954.67	102.388
954.84	104.531
955.01	104.156
955.18	105.005
955.34	102.194
955.51	104.023
955.68	104.393
955.85	104.125
956.02	102.834
956.19	107.434
956.35	103.556
956.52	103.967
956.69	102.926
956.86	101.582
957.03	100.806
957.20	103.293
957.36	100.540
957.53	101.707
957.70	104.048
957.87	104.717
958.04	103.946
958.21	100.332
958.37	103.706
958.54	101.454
958.71	102.025
958.88	100.295
959.05	104.500
959.21	101.657
959.38	102.132
959.55	100.734
959.72	100.100
959.89	102.846
960.05	100.881
960.22	102.300
960.39	100.988
960.56	97.650
960.72	103.509
960.89	103.820
961.06	100.040
961.23	102.011
961.40	101.818
961.56	98.701
961.73	101.931
961.90	101.850
962.07	101.777
962.23	103.867
962.40	103.082
962.57	101.498
962.74	102.128
962.90	101.340
963.07	101.570
963.24	101.958
963.41	102.449
963.57	100.418
963.74	104.318
963.91	104.954
964.08	103.696
964.24	103.331
964.41	101.836
964.58	99.784
964.75	100.658
964.91	105.364
965.08	104.129
965.25	102.259
965.42	103.420
965.58	99.538
965.75	101.855
965.92	99.806
966.08	104.796
966.25	101.591
966.42	102.622
966.59	102.748
966.75	100.212
966.92	100.621
967.09	102.001
967.25	100.775
967.42	104.526
967.59	102.875
967.75	99.767
967.92	103.323
968.09	101.841
968.26	101.990
968.42	104.118
968.59	101.082
968.76	102.445
968.92	103.633
969.09	101.520
969.26	100.251
969.42	101.811
969.59	103.409
969.76	103.328
969.92	103.506
970.09	100.727
970.26	103.433
970.42	102.643
970.59	103.588
970.76	102.297
970.92	100.663
971.09	102.820
971.26	101.569
971.42	98.411
971.59	101.606
971.76	99.756
971.92	100.889
972.09	102.454
972.25	101.755
972.42	100.509
972.59	100.364
972.75	106.009
972.92	103.523
973.09	100.616
973.25	101.671
973.42	98.046
973.58	100.102
973.75	103.738
973.92	101.194
974.08	102.617
974.25	102.960
974.42	103.603
974.58	100.103
974.75	103.155
974.91	103.564
975.08	103.982
975.25	108.067
975.41	101.074
975.58	102.225
975.74	104.478
975.91	103.068
976.08	100.792
976.24	104.239
976.41	104.093
976.57	103.074
976.74	104.484
976.91	97.988
977.07	99.119
977.24	99.867
977.40	101.934
977.57	101.330
977.73	101.701
977.90	105.557
978.07	105.449
978.23	101.604
978.40	100.155
978.56	99.698
978.73	101.280
978.89	100.088
979.06	103.785
979.22	102.602
979.39	101.178
979.56	104.374
979.72	103.161
979.89	102.048
980.05	102.575
980.22	106.970
980.38	101.905
980.55	102.808
980.71	104.968
980.88	102.669
981.04	102.668
981.21	102.980
981.37	103.522
981.54	104.668
981.70	99.769
981.87	104.438
982.04	101.851
982.20	102.940
982.37	100.355
982.53	102.808
982.70	101.964
982.86	103.806
983.03	102.395
983.19	99.151
983.36	98.707
983.52	105.730
983.69	99.684
983.85	102.915
984.02	102.293
984.18	102.081
984.35	102.209
984.51	103.189
984.68	101.319
984.84	100.052
985.00	102.326
985.17	102.149
985.33	102.626
985.50	106.963
985.66	100.229
985.83	98.726
985.99	107.763
986.16	104.248
986.32	104.327
986.49	102.803
986.65	99.767
986.82	102.535
986.98	104.373
987.15	103.480
987.31	104.285
987.47	106.178
987.64	106.921
987.80	102.620
987.97	99.547
988.13	101.940
988.30	100.249
988.46	102.542
988.63	105.721
988.79	101.077
988.95	101.531
989.12	99.349
989.28	106.314
989.45	107.749
989.61	106.671
989.77	107.211
989.94	101.707
990.10	106.205
990.27	102.510
990.43	105.686
990.60	105.479
990.76	104.399
990.92	100.546
991.09	105.215
991.25	102.814
991.42	99.852
991.58	102.441
991.74	101.206
991.91	97.390
992.07	102.860
992.24	102.088
992.40	102.067
992.56	100.814
992.73	107.289
992.89	107.385
993.05	102.578
993.22	101.688
993.38	105.535
993.55	104.763
993.71	101.311
993.87	105.152
994.04	104.409
994.20	103.782
994.36	100.853
994.53	99.146
994.69	104.272
994.85	101.695
995.02	106.201
995.18	97.552
995.34	102.596
995.51	106.443
995.67	102.185
995.84	107.116
996.00	103.551
996.16	103.979
996.33	102.258
996.49	108.148
996.65	98.410
996.82	107.666
996.98	106.343
997.14	106.468
997.31	102.166
997.47	106.456
997.63	103.964
997.79	104.663
997.96	102.663
998.12	106.882
998.28	101.948
998.45	107.182
998.61	103.411
998.77	105.824
998.94	98.452
999.10	105.052
999.26	101.532
999.43	107.401
999.59	104.547
999.75	102.186
999.91	100.255
1000.08	103.780
1000.24	102.599
1000.40	104.729
1000.57	102.821
1000.73	107.541
1000.89	103.200
1001.05	104.507
1001.22	105.164
1001.38	101.288
1001.54	103.559
1001.70	102.216
1001.87	103.751
1002.03	104.418
1002.19	105.133
1002.35	100.668
1002.52	106.860
1002.68	105.045
1002.84	100.907
1003.00	107.169
1003.17	104.973
1003.33	103.926
1003.49	103.161
1003.65	104.190
1003.82	99.921
1003.98	104.055
1004.14	105.851
1004.30	101.841
1004.47	106.747
1004.63	101.491
1004.79	102.002
1004.95	104.202
1005.11	105.877
1005.28	104.557
1005.44	103.839
1005.60	104.281
1005.76	101.810
1005.93	104.835
1006.09	98.133
1006.25	101.878
1006.41	101.547
1006.57	108.758
1006.74	102.811
1006.90	108.871
1007.06	101.757
1007.22	105.095
1007.38	102.224
1007.55	97.950
1007.71	107.214
1007.87	105.270
1008.03	104.372
1008.19	104.707
1008.35	101.519
1008.52	106.145
1008.68	104.027
1008.84	104.316
1009.00	110.135
1009.16	101.910
1009.32	106.631
1009.49	102.923
1009.65	109.206
1009.81	105.576
1009.97	102.974
1010.13	103.674
1010.29	100.051
1010.46	103.910
1010.62	102.240
1010.78	102.818
1010.94	103.906
1011.10	101.133
1011.26	104.917
1011.42	102.489
1011.59	109.700
1011.75	102.673
1011.91	107.478
1012.07	100.206
1012.23	102.692
1012.39	99.396
1012.55	103.162
1012.71	105.036
1012.88	103.905
1013.04	107.944
1013.20	103.354
1013.36	108.985
1013.52	97.457
1013.68	108.429
1013.84	95.831
1014.00	106.243
1014.16	95.400
1014.33	101.999
1014.49	108.468
1014.65	104.355
1014.81	102.593
1014.97	109.335
1015.13	110.640
1015.29	106.125
1015.45	105.009
1015.61	106.163
1015.77	97.530
1015.93	101.716
1016.09	100.991
1016.26	103.968
1016.42	111.368
1016.58	103.457
1016.74	101.817
1016.90	105.079
1017.06	102.894
1017.22	101.989
1017.38	105.140
1017.54	101.245
1017.70	106.743
1017.86	99.114
1018.02	111.291
1018.18	101.488
1018.34	113.836
1018.50	108.724
1018.66	107.510
1018.82	105.837
1018.98	96.042
1019.14	103.553
1019.31	109.450
1019.47	97.053
1019.63	98.547
1019.79	108.784
1019.95	103.326
1020.11	92.129
1020.27	108.453
1020.43	107.381
1020.59	106.536
1020.75	99.545
1020.91	110.143
1021.07	112.379
1021.23	109.602
1021.39	100.287
1021.55	104.612
1021.71	110.412
1021.87	93.796
1022.03	106.530
1022.19	100.363
1022.35	108.420
1022.51	99.525
1022.67	101.166
1022.83	108.536
1022.99	107.908
1023.15	101.227
1023.31	107.662
1023.47	111.816
1023.63	105.232
1023.79	112.078
1023.95	108.160
1024.10	106.304
1024.26	95.675
1024.42	97.007
1024.58	110.820
1024.74	109.358
1024.90	107.181
1025.06	115.234
1025.22	119.886
1025.38	103.318
1025.54	91.541
1025.70	100.767
1025.86	112.488
1026.02	91.484
1026.18	117.255
1026.34	108.449
1026.50	106.324
1026.66	98.156
1026.82	106.495
1026.98	103.989
1027.13	99.066
1027.29	107.058
1027.45	105.806
1027.61	107.390
1027.77	97.926
1027.93	107.179
1028.09	110.998
1028.25	105.769
1028.41	103.638
1028.57	105.921
1028.73	113.012
1028.88	105.595
1029.04	121.538
1029.20	94.927
1029.36	104.913
1029.52	116.201
1029.68	98.240
1029.84	102.781
1030.00	110.345
1030.16	115.085
1030.32	104.507
1030.47	119.975
1030.63	104.269
1030.79	110.860
1030.95	94.532
1031.11	106.360
1031.27	115.445
1031.43	129.678
1031.59	107.023
1031.74	104.810
1031.90	110.282
1032.06	112.221
1032.22	119.265
1032.38	120.281
1032.54	113.260
1032.69	102.799
1032.85	109.091
1033.01	98.150
1033.17	113.305
1033.33	118.923
1033.49	105.947
1033.65	94.192
1033.80	95.963
1033.96	98.950
1034.12	99.301
1034.28	118.241
1034.44	101.682
1034.60	95.975
1034.75	112.389
1034.91	98.365
1035.07	105.858
1035.23	113.713
1035.39	90.139
1035.54	101.044
1035.70	98.806
1035.86	114.367
1036.02	112.568
1036.18	101.875
1036.33	111.473
1036.49	109.159
1036.65	116.968
1036.81	122.937
1036.97	129.494
1037.12	119.933
1037.28	106.397
1037.44	127.438
1037.60	118.530
1037.76	109.285
1037.91	114.381
1038.07	114.620
1038.23	100.755
1038.39	109.048
1038.54	108.847
1038.70	108.920
1038.86	121.795
1039.02	103.800
1039.17	101.546
1039.33	110.014
1039.49	110.458
1039.65	102.245
1039.80	104.145
1039.96	108.731
1040.12	127.767
1040.28	101.997
>>>>> Data<<<<< Espectral Procesado Extremo
