Fichero De Datos De SpectraSuite
++++++++++++++++++++++++++++++++++++
Fecha: Mon Jul 06 09:15:16 CST 2026
Usuario: HP
Presente Oscuro Del Espectro: Sí
La Referencia de Presente Del Espectro De: Sí
Muestreados de los componentes de Número de espectros: 1
Espectrómetros: USB4H06056
Tiempo de integración (usec): 300000 (USB4H06056)
Promedio de Espectros Hechos un: 5 (USB4H06056)
El Alisar Del Furgón: 0 (USB4H06056)
Párrafo de de Corregir del la del del de Eléctrica del obscuridad: No (USB4H06056)
Estrobo/Lámpara Permitido: No (USB4H06056)
Correct for Detector Non-linearity: No (USB4H06056)
Párrafo de de Corregir del la del del de Externa del luz: No (USB4H06056)
Procesado del espectro de Número de pixeles en: 3648
>>>>> Comienza Data<<<<< Espectral Procesado Del EL
345.09	133.333
345.30	133.333
345.52	133.333
345.74	116.484
345.95	12.500
346.17	67.016
346.39	264.865
346.60	70.323
346.82	209.091
347.04	98.182
347.25	-400.000
347.47	156.757
347.69	3.333
347.90	277.778
348.12	-22.222
348.34	-81.818
348.56	80.435
348.77	93.333
348.99	-29.762
349.21	360.317
349.42	77.817
349.64	263.043
349.86	172.727
350.07	186.207
350.29	96.018
350.51	99.000
350.72	91.772
350.94	131.343
351.16	4300.000
351.37	-163.636
351.59	91.379
351.81	52.055
352.02	189.831
352.24	116.146
352.46	216.000
352.67	67.380
352.89	107.234
353.10	239.474
353.32	145.522
353.54	108.475
353.75	63.750
353.97	54.118
354.19	160.360
354.40	153.398
354.62	189.333
354.84	125.556
355.05	58.791
355.27	75.581
355.49	280.769
355.70	145.570
355.92	89.516
356.14	84.138
356.35	104.846
356.57	94.083
356.78	69.469
357.00	171.951
357.22	188.000
357.43	65.236
357.65	89.820
357.87	102.575
358.08	103.933
358.30	45.545
358.51	173.214
358.73	155.367
358.95	172.093
359.16	89.444
359.38	1077.273
359.60	129.747
359.81	108.989
360.03	157.813
360.24	150.382
360.46	-88.889
360.68	174.757
360.89	137.662
361.11	105.780
361.33	114.607
361.54	42.718
361.76	262.069
361.97	126.351
362.19	237.634
362.41	66.667
362.62	231.868
362.84	138.298
363.05	161.111
363.27	114.634
363.49	74.286
363.70	127.545
363.92	89.535
364.13	129.767
364.35	95.402
364.57	72.619
364.78	96.753
365.00	450.000
365.21	112.150
365.43	154.667
365.65	145.455
365.86	146.429
366.08	90.256
366.29	111.667
366.51	89.444
366.73	90.265
366.94	168.932
367.16	81.569
367.37	152.632
367.59	184.211
367.80	109.804
368.02	104.469
368.24	166.917
368.45	84.762
368.67	160.938
368.88	163.303
369.10	104.036
369.31	88.945
369.53	158.879
369.75	444.615
369.96	185.600
370.18	273.913
370.39	348.000
370.61	66.063
370.82	133.835
371.04	-596.000
371.26	343.478
371.47	151.124
371.69	167.333
371.90	134.821
372.12	210.000
372.33	128.431
372.55	114.365
372.76	157.143
372.98	230.476
373.20	163.942
373.41	668.750
373.63	168.478
373.84	99.588
374.06	189.623
374.27	176.389
374.49	136.190
374.70	91.697
374.92	400.000
375.13	148.077
375.35	119.072
375.57	128.571
375.78	191.209
376.00	124.576
376.21	182.667
376.43	271.831
376.64	76.190
376.86	107.797
377.07	93.023
377.29	231.897
377.50	159.893
377.72	159.829
377.93	113.187
378.15	160.000
378.36	134.826
378.58	213.855
378.80	159.155
379.01	86.266
379.23	182.353
379.44	107.583
379.66	135.321
379.87	101.613
380.09	124.031
380.30	320.139
380.52	108.738
380.73	125.424
380.95	144.382
381.16	564.912
381.38	226.282
381.59	180.451
381.81	108.299
382.02	144.624
382.24	186.765
382.45	129.368
382.67	124.096
382.88	185.354
383.10	150.222
383.31	170.760
383.53	147.264
383.74	179.570
383.96	166.298
384.17	89.583
384.39	261.111
384.60	134.599
384.82	93.333
385.03	227.397
385.25	223.737
385.46	209.333
385.68	216.667
385.89	112.397
386.11	141.011
386.32	296.842
386.54	149.045
386.75	161.667
386.97	143.494
387.18	121.587
387.40	153.047
387.61	159.596
387.83	213.068
388.04	113.542
388.25	237.415
388.47	686.567
388.68	145.771
388.90	165.613
389.11	180.751
389.33	122.420
389.54	137.066
389.76	213.245
389.97	154.167
390.19	118.129
390.40	127.737
390.62	143.902
390.83	146.026
391.05	137.050
391.26	141.048
391.47	209.009
391.69	142.933
391.90	173.684
392.12	159.410
392.33	116.088
392.55	180.645
392.76	217.172
392.98	188.800
393.19	179.643
393.41	147.018
393.62	176.887
393.83	156.376
394.05	159.636
394.26	158.964
394.48	149.378
394.69	135.688
394.91	134.877
395.12	167.846
395.34	172.449
395.55	187.347
395.76	257.339
395.98	152.688
396.19	153.480
396.41	139.338
396.62	168.121
396.84	181.017
397.05	222.973
397.26	125.068
397.48	168.882
397.69	153.982
397.91	138.144
398.12	144.211
398.33	260.088
398.55	151.228
398.76	157.042
398.98	188.034
399.19	134.312
399.41	174.307
399.62	165.190
399.83	163.077
400.05	155.346
400.26	187.117
400.48	189.251
400.69	145.317
400.90	183.278
401.12	172.840
401.33	132.624
401.55	178.889
401.76	164.706
401.97	144.035
402.19	144.512
402.40	196.429
402.62	169.925
402.83	165.228
403.04	220.065
403.26	131.139
403.47	149.307
403.69	138.395
403.90	185.000
404.11	144.213
404.33	145.033
404.54	98.546
404.76	136.729
404.97	144.165
405.18	151.821
405.40	143.632
405.61	166.093
405.83	137.907
406.04	210.658
406.25	138.380
406.47	174.704
406.68	152.448
406.89	158.583
407.11	128.717
407.32	119.184
407.54	167.143
407.75	180.739
407.96	161.220
408.18	144.570
408.39	136.481
408.60	135.642
408.82	156.075
409.03	132.308
409.24	140.116
409.46	136.933
409.67	121.978
409.89	114.211
410.10	137.372
410.31	131.107
410.53	135.067
410.74	108.837
410.95	119.929
411.17	123.756
411.38	127.731
411.59	148.929
411.81	122.135
412.02	119.913
412.23	104.088
412.45	126.087
412.66	122.816
412.87	135.738
413.09	104.264
413.30	105.630
413.51	130.263
413.73	110.459
413.94	106.015
414.15	122.967
414.37	108.839
414.58	102.684
414.79	113.752
415.01	112.182
415.22	106.553
415.43	105.100
415.65	102.407
415.86	100.841
416.07	92.629
416.29	106.787
416.50	78.408
416.71	101.648
416.93	88.046
417.14	90.747
417.35	82.882
417.57	89.074
417.78	78.843
417.99	82.077
418.21	84.796
418.42	83.650
418.63	91.012
418.85	26.791
419.06	77.184
419.27	77.160
419.48	74.797
419.70	93.548
419.91	85.892
420.12	75.623
420.34	69.625
420.55	71.884
420.76	75.695
420.98	74.337
421.19	70.092
421.40	72.678
421.61	75.559
421.83	63.042
422.04	67.543
422.25	68.331
422.47	69.354
422.68	58.970
422.89	67.837
423.11	63.281
423.32	64.740
423.53	63.120
423.74	60.202
423.96	60.357
424.17	61.271
424.38	61.876
424.59	58.845
424.81	59.395
425.02	55.003
425.23	58.449
425.45	53.690
425.66	52.756
425.87	56.582
426.08	55.735
426.30	57.382
426.51	53.290
426.72	50.712
426.93	50.642
427.15	59.747
427.36	57.923
427.57	57.099
427.79	51.200
428.00	56.695
428.21	73.137
428.42	55.355
428.64	49.631
428.85	52.127
429.06	52.157
429.27	50.182
429.49	55.542
429.70	49.417
429.91	48.113
430.12	50.437
430.34	51.131
430.55	46.886
430.76	45.678
430.97	50.830
431.19	48.841
431.40	48.673
431.61	45.408
431.82	49.098
432.03	46.501
432.25	45.911
432.46	47.383
432.67	43.873
432.88	46.914
433.10	43.883
433.31	44.283
433.52	47.605
433.73	43.657
433.95	47.394
434.16	48.588
434.37	48.114
434.58	48.943
434.79	45.210
435.01	45.067
435.22	46.516
435.43	45.550
435.64	46.743
435.86	45.646
436.07	47.413
436.28	48.366
436.49	42.461
436.70	43.526
436.92	46.493
437.13	45.391
437.34	41.539
437.55	45.908
437.76	43.521
437.98	43.927
438.19	41.678
438.40	41.832
438.61	42.535
438.82	44.404
439.04	43.863
439.25	44.359
439.46	43.240
439.67	46.170
439.88	44.698
440.10	45.892
440.31	46.341
440.52	43.889
440.73	44.935
440.94	44.314
441.16	44.296
441.37	43.867
441.58	44.028
441.79	44.103
442.00	40.540
442.21	42.253
442.43	44.836
442.64	44.447
442.85	43.644
443.06	43.138
443.27	45.772
443.48	44.741
443.70	44.915
443.91	42.720
444.12	45.545
444.33	46.212
444.54	41.378
444.75	44.237
444.97	41.702
445.18	45.810
445.39	43.425
445.60	44.586
445.81	43.451
446.02	41.864
446.24	42.016
446.45	44.764
446.66	44.755
446.87	44.765
447.08	43.176
447.29	42.351
447.51	42.294
447.72	45.056
447.93	45.989
448.14	44.614
448.35	43.098
448.56	46.762
448.77	45.144
448.99	40.393
449.20	42.178
449.41	43.708
449.62	42.924
449.83	44.667
450.04	44.592
450.25	42.338
450.46	41.643
450.68	44.761
450.89	46.478
451.10	43.446
451.31	43.065
451.52	44.227
451.73	44.530
451.94	43.684
452.15	44.344
452.37	43.682
452.58	44.108
452.79	44.853
453.00	43.393
453.21	43.074
453.42	46.108
453.63	43.969
453.84	46.970
454.06	44.017
454.27	44.418
454.48	43.531
454.69	45.448
454.90	45.971
455.11	45.172
455.32	42.950
455.53	43.948
455.74	45.249
455.95	46.463
456.17	45.539
456.38	46.691
456.59	46.081
456.80	46.609
457.01	46.441
457.22	46.568
457.43	42.375
457.64	45.604
457.85	43.031
458.06	44.435
458.27	44.444
458.49	47.307
458.70	44.888
458.91	45.973
459.12	46.065
459.33	44.810
459.54	44.876
459.75	46.682
459.96	45.231
460.17	44.916
460.38	44.574
460.59	46.949
460.80	46.191
461.01	44.566
461.23	46.450
461.44	45.643
461.65	47.259
461.86	48.294
462.07	44.818
462.28	45.749
462.49	46.603
462.70	46.504
462.91	44.982
463.12	45.692
463.33	46.671
463.54	45.437
463.75	44.259
463.96	47.047
464.17	48.017
464.38	46.116
464.59	46.478
464.81	46.962
465.02	47.364
465.23	45.920
465.44	45.050
465.65	46.161
465.86	46.049
466.07	46.541
466.28	45.108
466.49	44.350
466.70	45.909
466.91	45.965
467.12	46.866
467.33	45.827
467.54	46.077
467.75	46.080
467.96	46.897
468.17	46.645
468.38	47.746
468.59	47.775
468.80	46.555
469.01	47.710
469.22	45.617
469.43	46.345
469.64	47.181
469.85	47.521
470.06	46.274
470.27	46.173
470.48	48.154
470.69	46.503
470.90	47.448
471.11	45.677
471.32	46.790
471.53	47.601
471.74	45.973
471.95	46.719
472.16	46.107
472.37	46.499
472.58	46.841
472.79	44.559
473.00	45.447
473.21	45.241
473.42	46.045
473.63	45.688
473.84	46.180
474.05	46.181
474.26	46.843
474.47	47.052
474.68	48.306
474.89	47.638
475.10	46.218
475.31	46.337
475.52	46.526
475.73	46.410
475.94	47.025
476.15	47.048
476.36	48.365
476.57	46.974
476.78	46.283
476.99	46.346
477.20	47.496
477.41	46.280
477.62	45.699
477.83	47.568
478.04	46.497
478.25	48.778
478.46	46.768
478.67	46.472
478.88	47.523
479.09	45.949
479.30	46.683
479.51	47.203
479.72	47.775
479.93	46.290
480.14	47.106
480.35	47.288
480.56	47.601
480.77	47.105
480.98	47.216
481.18	47.587
481.39	47.057
481.60	46.929
481.81	47.122
482.02	46.836
482.23	47.947
482.44	47.499
482.65	47.628
482.86	47.449
483.07	47.234
483.28	47.657
483.49	46.343
483.70	46.859
483.91	47.041
484.12	46.483
484.33	47.783
484.53	47.018
484.74	47.260
484.95	47.281
485.16	48.361
485.37	48.386
485.58	47.558
485.79	45.991
486.00	47.896
486.21	46.371
486.42	47.950
486.63	49.047
486.84	47.005
487.05	48.168
487.25	47.456
487.46	46.855
487.67	47.798
487.88	46.503
488.09	47.527
488.30	48.432
488.51	52.765
488.72	48.094
488.93	47.031
489.14	47.720
489.35	47.728
489.55	47.130
489.76	48.209
489.97	47.985
490.18	48.087
490.39	48.371
490.60	47.763
490.81	47.549
491.02	47.275
491.23	48.574
491.43	47.951
491.64	48.124
491.85	47.806
492.06	47.327
492.27	48.214
492.48	48.850
492.69	47.675
492.90	47.787
493.11	47.574
493.31	47.901
493.52	48.219
493.73	47.669
493.94	48.527
494.15	48.341
494.36	48.488
494.57	48.528
494.78	48.402
494.98	47.812
495.19	47.649
495.40	47.777
495.61	47.728
495.82	47.465
496.03	47.651
496.24	48.865
496.44	48.270
496.65	47.996
496.86	48.468
497.07	48.240
497.28	48.983
497.49	48.650
497.70	48.435
497.90	49.360
498.11	48.782
498.32	49.310
498.53	48.716
498.74	48.696
498.95	48.902
499.15	48.436
499.36	48.768
499.57	48.409
499.78	48.961
499.99	48.507
500.20	49.522
500.40	49.534
500.61	49.239
500.82	48.343
501.03	48.556
501.24	48.327
501.45	48.192
501.65	49.643
501.86	49.572
502.07	48.999
502.28	49.842
502.49	49.480
502.70	48.940
502.90	48.963
503.11	49.286
503.32	49.452
503.53	48.998
503.74	48.926
503.94	49.842
504.15	49.259
504.36	48.571
504.57	49.275
504.78	48.835
504.98	49.277
505.19	50.287
505.40	50.194
505.61	49.172
505.82	48.883
506.02	49.815
506.23	50.093
506.44	49.260
506.65	49.591
506.86	50.175
507.06	49.425
507.27	50.436
507.48	50.285
507.69	49.342
507.90	50.094
508.10	50.087
508.31	49.610
508.52	49.522
508.73	50.584
508.94	50.042
509.14	50.690
509.35	50.555
509.56	50.548
509.77	50.717
509.97	50.051
510.18	49.984
510.39	50.362
510.60	50.303
510.80	50.346
511.01	50.378
511.22	50.800
511.43	50.591
511.64	50.341
511.84	51.027
512.05	51.714
512.26	51.205
512.47	51.444
512.67	50.839
512.88	51.186
513.09	51.056
513.30	51.765
513.50	51.958
513.71	51.159
513.92	51.627
514.13	51.580
514.33	51.686
514.54	52.426
514.75	52.027
514.96	52.281
515.16	52.067
515.37	52.423
515.58	52.649
515.78	52.915
515.99	51.907
516.20	52.142
516.41	52.106
516.61	52.015
516.82	53.761
517.03	52.873
517.24	54.173
517.44	52.206
517.65	52.839
517.86	52.912
518.07	53.269
518.27	52.919
518.48	53.747
518.69	53.147
518.89	53.950
519.10	53.418
519.31	54.894
519.52	54.257
519.72	54.742
519.93	54.369
520.14	54.183
520.34	54.658
520.55	54.668
520.76	54.833
520.96	55.381
521.17	55.517
521.38	54.799
521.59	55.352
521.79	55.373
522.00	54.858
522.21	56.119
522.41	55.423
522.62	56.495
522.83	56.026
523.03	56.549
523.24	56.882
523.45	55.967
523.66	56.972
523.86	56.951
524.07	57.459
524.28	57.192
524.48	57.766
524.69	57.329
524.90	57.427
525.10	57.569
525.31	57.793
525.52	57.708
525.72	58.442
525.93	58.276
526.14	57.777
526.34	58.056
526.55	58.634
526.76	58.780
526.96	58.298
527.17	58.959
527.38	59.255
527.58	59.561
527.79	59.715
528.00	59.551
528.20	59.489
528.41	59.861
528.62	59.498
528.82	60.401
529.03	59.854
529.24	60.470
529.44	60.536
529.65	61.026
529.85	60.292
530.06	60.542
530.27	60.265
530.47	61.097
530.68	60.902
530.89	61.122
531.09	60.982
531.30	61.053
531.51	61.283
531.71	61.566
531.92	61.191
532.13	61.360
532.33	61.894
532.54	61.761
532.74	61.740
532.95	61.688
533.16	61.822
533.36	62.386
533.57	62.857
533.78	62.292
533.98	62.658
534.19	62.687
534.39	62.488
534.60	62.010
534.81	63.476
535.01	62.841
535.22	63.146
535.42	63.864
535.63	63.076
535.84	62.892
536.04	63.662
536.25	63.360
536.45	63.516
536.66	63.899
536.87	63.781
537.07	63.869
537.28	63.472
537.48	63.602
537.69	63.704
537.90	63.901
538.10	63.626
538.31	63.385
538.51	63.756
538.72	63.721
538.93	64.351
539.13	64.004
539.34	64.065
539.54	64.744
539.75	64.166
539.96	64.335
540.16	63.514
540.37	64.316
540.57	64.197
540.78	64.078
540.98	64.433
541.19	64.436
541.40	64.559
541.60	65.302
541.81	64.425
542.01	64.103
542.22	64.187
542.42	64.781
542.63	64.283
542.83	64.489
543.04	64.777
543.25	64.628
543.45	65.383
543.66	65.270
543.86	64.738
544.07	64.802
544.27	64.853
544.48	64.963
544.68	64.963
544.89	65.598
545.10	65.519
545.30	65.880
545.51	65.078
545.71	65.079
545.92	65.077
546.12	65.787
546.33	64.782
546.53	65.116
546.74	64.983
546.94	64.905
547.15	65.602
547.36	64.678
547.56	65.592
547.77	65.166
547.97	64.678
548.18	65.070
548.38	64.546
548.59	65.578
548.79	65.651
549.00	64.747
549.20	65.682
549.41	64.939
549.61	65.722
549.82	65.503
550.02	64.767
550.23	64.889
550.43	65.586
550.64	65.100
550.84	64.905
551.05	65.524
551.25	64.847
551.46	64.678
551.66	65.306
551.87	65.556
552.07	66.289
552.28	65.034
552.48	65.014
552.69	65.268
552.89	65.105
553.10	65.002
553.30	65.602
553.51	65.757
553.71	65.376
553.92	65.765
554.12	65.625
554.33	65.138
554.53	65.507
554.74	65.394
554.94	65.728
555.15	66.141
555.35	65.463
555.56	65.434
555.76	65.514
555.97	65.694
556.17	65.270
556.38	65.553
556.58	66.255
556.78	66.089
556.99	65.137
557.19	65.356
557.40	65.341
557.60	65.950
557.81	65.301
558.01	65.557
558.22	66.017
558.42	65.199
558.63	65.550
558.83	65.627
559.04	65.703
559.24	65.395
559.44	65.337
559.65	64.773
559.85	65.373
560.06	66.303
560.26	64.955
560.47	65.089
560.67	67.689
560.88	65.579
561.08	65.999
561.28	65.613
561.49	65.598
561.69	65.691
561.90	65.310
562.10	65.092
562.31	64.981
562.51	65.162
562.71	65.378
562.92	65.454
563.12	65.246
563.33	64.521
563.53	65.033
563.74	64.674
563.94	64.584
564.14	64.690
564.35	65.272
564.55	65.378
564.76	64.666
564.96	64.789
565.17	64.739
565.37	63.815
565.57	64.680
565.78	64.746
565.98	64.526
566.19	63.916
566.39	64.344
566.59	64.135
566.80	64.130
567.00	64.118
567.21	63.886
567.41	64.013
567.61	63.720
567.82	63.328
568.02	64.081
568.23	64.113
568.43	63.439
568.63	64.116
568.84	62.875
569.04	63.560
569.24	63.341
569.45	63.431
569.65	63.305
569.86	63.414
570.06	63.126
570.26	62.855
570.47	62.683
570.67	63.017
570.87	62.548
571.08	62.792
571.28	63.163
571.49	62.909
571.69	61.923
571.89	62.473
572.10	62.733
572.30	62.681
572.50	62.255
572.71	61.949
572.91	61.958
573.11	61.998
573.32	62.120
573.52	61.889
573.73	61.821
573.93	61.877
574.13	61.643
574.34	61.594
574.54	61.056
574.74	61.322
574.95	61.088
575.15	61.032
575.35	60.688
575.56	61.397
575.76	61.323
575.96	60.820
576.17	60.765
576.37	60.738
576.57	60.049
576.78	60.134
576.98	60.274
577.18	60.194
577.39	61.066
577.59	60.448
577.79	60.237
578.00	60.703
578.20	59.717
578.40	59.924
578.61	60.263
578.81	59.814
579.01	59.478
579.22	59.145
579.42	59.429
579.62	59.416
579.82	59.459
580.03	58.968
580.23	59.108
580.43	59.185
580.64	59.160
580.84	58.694
581.04	59.043
581.25	59.183
581.45	59.177
581.65	59.108
581.86	59.066
582.06	58.514
582.26	58.699
582.46	58.523
582.67	58.521
582.87	58.352
583.07	58.604
583.28	58.191
583.48	58.334
583.68	58.316
583.88	57.694
584.09	58.016
584.29	58.328
584.49	57.523
584.70	57.866
584.90	58.114
585.10	57.751
585.30	57.236
585.51	57.517
585.71	57.884
585.91	57.298
586.11	57.985
586.32	57.282
586.52	56.831
586.72	57.196
586.92	56.689
587.13	57.498
587.33	56.881
587.53	57.229
587.74	57.129
587.94	56.544
588.14	56.269
588.34	56.912
588.55	56.511
588.75	56.457
588.95	56.696
589.15	56.565
589.36	56.571
589.56	56.928
589.76	56.570
589.96	56.278
590.16	56.169
590.37	56.461
590.57	55.998
590.77	56.490
590.97	56.188
591.18	55.845
591.38	55.673
591.58	55.426
591.78	55.302
591.99	56.122
592.19	56.396
592.39	55.539
592.59	55.605
592.79	56.018
593.00	55.222
593.20	55.791
593.40	56.122
593.60	55.019
593.81	56.170
594.01	55.960
594.21	55.705
594.41	55.821
594.61	55.262
594.82	55.007
595.02	55.285
595.22	55.750
595.42	55.230
595.62	55.373
595.83	54.835
596.03	54.998
596.23	54.893
596.43	55.663
596.63	55.623
596.84	55.177
597.04	55.571
597.24	55.387
597.44	55.415
597.64	54.740
597.84	54.785
598.05	55.451
598.25	54.895
598.45	55.144
598.65	55.209
598.85	54.700
599.06	54.881
599.26	54.947
599.46	54.388
599.66	55.089
599.86	54.992
600.06	55.116
600.27	54.344
600.47	54.639
600.67	54.972
600.87	54.583
601.07	54.671
601.27	54.316
601.48	54.871
601.68	54.604
601.88	55.112
602.08	54.376
602.28	54.942
602.48	54.445
602.68	54.229
602.89	54.561
603.09	54.955
603.29	54.856
603.49	54.429
603.69	54.403
603.89	54.110
604.09	54.967
604.30	54.102
604.50	54.308
604.70	54.441
604.90	53.769
605.10	54.324
605.30	54.164
605.50	53.906
605.71	53.733
605.91	54.259
606.11	54.268
606.31	53.924
606.51	53.920
606.71	54.701
606.91	53.738
607.11	54.022
607.32	54.263
607.52	54.064
607.72	54.191
607.92	54.007
608.12	54.016
608.32	53.916
608.52	54.098
608.72	54.076
608.92	53.960
609.12	53.827
609.33	54.142
609.53	54.114
609.73	54.101
609.93	53.607
610.13	53.880
610.33	53.809
610.53	54.051
610.73	53.999
610.93	54.170
611.13	53.918
611.34	54.124
611.54	53.511
611.74	54.094
611.94	53.950
612.14	53.053
612.34	53.426
612.54	53.378
612.74	53.397
612.94	53.639
613.14	53.394
613.34	53.833
613.54	52.944
613.74	53.250
613.95	53.413
614.15	53.274
614.35	53.694
614.55	52.930
614.75	53.666
614.95	53.468
615.15	53.626
615.35	52.966
615.55	52.794
615.75	52.817
615.95	52.696
616.15	52.989
616.35	53.106
616.55	52.668
616.75	53.044
616.95	52.505
617.15	52.585
617.35	53.247
617.56	52.918
617.76	53.056
617.96	52.623
618.16	53.213
618.36	52.683
618.56	52.685
618.76	52.515
618.96	52.566
619.16	52.347
619.36	52.520
619.56	52.339
619.76	52.235
619.96	52.341
620.16	52.404
620.36	52.758
620.56	52.065
620.76	52.608
620.96	52.353
621.16	52.473
621.36	52.050
621.56	52.087
621.76	52.389
621.96	51.812
622.16	52.480
622.36	52.451
622.56	51.759
622.76	52.001
622.96	52.006
623.16	52.251
623.36	51.565
623.56	51.995
623.76	52.387
623.96	51.535
624.16	51.908
624.36	52.017
624.56	51.780
624.76	51.982
624.96	51.248
625.16	52.481
625.36	51.821
625.56	51.563
625.76	52.240
625.96	51.107
626.16	51.471
626.36	51.790
626.56	51.966
626.76	51.835
626.96	51.847
627.16	51.830
627.36	51.162
627.56	51.589
627.76	51.404
627.96	51.650
628.16	51.845
628.36	51.687
628.56	51.150
628.75	51.511
628.95	51.656
629.15	51.777
629.35	51.028
629.55	51.282
629.75	51.470
629.95	51.668
630.15	51.329
630.35	51.282
630.55	51.351
630.75	51.357
630.95	51.083
631.15	51.483
631.35	50.868
631.55	51.080
631.75	51.370
631.95	51.465
632.15	51.417
632.34	50.916
632.54	51.272
632.74	51.527
632.94	51.121
633.14	50.846
633.34	50.899
633.54	51.349
633.74	51.243
633.94	50.910
634.14	51.454
634.34	51.273
634.54	51.067
634.74	51.138
634.93	50.786
635.13	50.823
635.33	50.693
635.53	50.850
635.73	50.824
635.93	51.122
636.13	50.927
636.33	50.632
636.53	51.206
636.73	50.961
636.93	51.021
637.12	50.926
637.32	50.715
637.52	50.188
637.72	50.329
637.92	50.600
638.12	50.543
638.32	50.255
638.52	50.296
638.72	50.972
638.91	50.129
639.11	50.275
639.31	50.636
639.51	49.721
639.71	50.344
639.91	49.767
640.11	49.959
640.31	50.330
640.50	50.216
640.70	50.075
640.90	49.839
641.10	49.772
641.30	49.940
641.50	50.040
641.70	49.956
641.89	50.508
642.09	50.102
642.29	49.660
642.49	49.557
642.69	50.111
642.89	49.459
643.09	49.500
643.28	49.292
643.48	49.274
643.68	49.485
643.88	49.308
644.08	49.074
644.28	49.191
644.48	49.089
644.67	48.864
644.87	49.360
645.07	48.915
645.27	48.609
645.47	49.786
645.67	49.133
645.86	49.014
646.06	48.728
646.26	48.539
646.46	49.060
646.66	48.747
646.85	48.640
647.05	48.860
647.25	48.768
647.45	48.512
647.65	48.157
647.85	48.809
648.04	48.346
648.24	48.357
648.44	48.594
648.64	48.283
648.84	48.576
649.03	48.506
649.23	47.811
649.43	47.846
649.63	48.095
649.83	47.410
650.02	48.044
650.22	48.019
650.42	47.605
650.62	48.167
650.82	48.182
651.01	47.716
651.21	48.199
651.41	47.973
651.61	47.533
651.81	47.723
652.00	47.626
652.20	47.411
652.40	48.091
652.60	47.530
652.79	47.826
652.99	47.790
653.19	47.609
653.39	47.282
653.59	47.391
653.78	47.659
653.98	47.365
654.18	47.232
654.38	47.512
654.57	47.695
654.77	47.154
654.97	47.389
655.17	47.416
655.36	47.255
655.56	47.774
655.76	47.265
655.96	47.628
656.15	47.094
656.35	46.878
656.55	47.218
656.75	47.528
656.94	47.404
657.14	47.185
657.34	47.240
657.54	46.767
657.73	46.827
657.93	47.043
658.13	47.051
658.33	47.023
658.52	46.993
658.72	47.651
658.92	46.907
659.11	47.035
659.31	46.613
659.51	46.733
659.71	47.280
659.90	46.883
660.10	46.537
660.30	46.934
660.50	46.335
660.69	46.936
660.89	46.739
661.09	46.855
661.28	46.889
661.48	46.795
661.68	46.609
661.87	46.563
662.07	46.463
662.27	46.760
662.47	46.150
662.66	46.398
662.86	46.664
663.06	46.533
663.25	46.871
663.45	46.426
663.65	46.466
663.84	45.966
664.04	46.329
664.24	46.602
664.44	46.305
664.63	46.358
664.83	46.544
665.03	46.711
665.22	46.326
665.42	46.478
665.62	46.356
665.81	46.225
666.01	46.326
666.21	46.524
666.40	46.271
666.60	46.086
666.80	46.247
666.99	46.282
667.19	46.252
667.39	46.084
667.58	46.069
667.78	46.318
667.98	46.172
668.17	46.311
668.37	46.264
668.57	46.216
668.76	46.507
668.96	46.448
669.16	46.267
669.35	46.405
669.55	46.194
669.74	46.222
669.94	46.100
670.14	46.353
670.33	46.714
670.53	46.317
670.73	46.227
670.92	46.057
671.12	46.474
671.32	46.299
671.51	45.868
671.71	46.353
671.90	45.907
672.10	46.451
672.30	46.140
672.49	45.984
672.69	46.162
672.89	45.777
673.08	46.203
673.28	46.195
673.47	46.381
673.67	46.350
673.87	46.423
674.06	45.954
674.26	46.009
674.45	46.187
674.65	45.952
674.85	45.992
675.04	45.985
675.24	45.757
675.43	46.408
675.63	46.718
675.83	46.063
676.02	46.640
676.22	46.162
676.41	46.443
676.61	46.205
676.81	45.795
677.00	46.324
677.20	46.440
677.39	45.929
677.59	45.822
677.79	46.010
677.98	45.835
678.18	46.310
678.37	46.656
678.57	46.235
678.76	45.984
678.96	46.001
679.16	46.315
679.35	46.084
679.55	46.527
679.74	45.842
679.94	45.746
680.13	46.451
680.33	46.301
680.53	46.120
680.72	46.060
680.92	46.413
681.11	46.340
681.31	46.180
681.50	46.299
681.70	46.073
681.89	46.307
682.09	46.547
682.28	46.041
682.48	46.977
682.68	46.494
682.87	46.592
683.07	46.448
683.26	46.391
683.46	46.219
683.65	46.436
683.85	46.279
684.04	46.781
684.24	46.626
684.43	46.037
684.63	46.313
684.82	46.345
685.02	46.550
685.21	46.553
685.41	46.946
685.60	46.565
685.80	46.510
686.00	46.548
686.19	46.203
686.39	46.521
686.58	46.839
686.78	46.425
686.97	46.463
687.17	46.686
687.36	46.712
687.56	46.631
687.75	46.683
687.95	46.882
688.14	46.391
688.34	46.566
688.53	47.037
688.73	46.909
688.92	46.821
689.12	46.819
689.31	46.909
689.51	47.844
689.70	47.453
689.89	47.201
690.09	46.677
690.28	47.587
690.48	47.145
690.67	47.370
690.87	47.479
691.06	47.362
691.26	47.743
691.45	48.077
691.65	47.762
691.84	47.756
692.04	47.883
692.23	48.474
692.43	48.544
692.62	48.387
692.82	48.313
693.01	48.917
693.20	49.067
693.40	48.862
693.59	48.698
693.79	49.051
693.98	49.230
694.18	49.466
694.37	49.701
694.57	49.901
694.76	49.879
694.95	50.780
695.15	50.515
695.34	50.248
695.54	50.969
695.73	51.049
695.93	51.131
696.12	51.401
696.32	51.425
696.51	52.345
696.70	52.432
696.90	51.918
697.09	52.531
697.29	52.436
697.48	53.276
697.67	53.011
697.87	53.470
698.06	53.448
698.26	53.694
698.45	54.451
698.65	54.482
698.84	54.714
699.03	55.208
699.23	55.450
699.42	55.606
699.62	55.899
699.81	56.723
700.00	56.450
700.20	56.618
700.39	57.363
700.59	57.244
700.78	57.713
700.97	57.959
701.17	58.444
701.36	58.680
701.56	58.794
701.75	59.280
701.94	59.594
702.14	59.623
702.33	59.828
702.52	60.591
702.72	61.375
702.91	60.981
703.11	61.396
703.30	61.238
703.49	61.801
703.69	61.962
703.88	62.489
704.07	62.333
704.27	63.018
704.46	63.234
704.66	63.640
704.85	63.535
705.04	64.153
705.24	64.220
705.43	65.164
705.62	64.973
705.82	65.680
706.01	65.953
706.20	66.084
706.40	65.896
706.59	66.408
706.78	67.254
706.98	67.177
707.17	67.660
707.36	67.596
707.56	68.653
707.75	68.457
707.94	68.621
708.14	68.547
708.33	69.116
708.52	69.441
708.72	69.860
708.91	70.076
709.10	70.438
709.30	70.130
709.49	70.188
709.68	71.602
709.88	71.304
710.07	71.671
710.26	71.802
710.46	72.180
710.65	72.179
710.84	72.275
711.04	72.641
711.23	72.796
711.42	72.827
711.61	73.260
711.81	73.665
712.00	74.364
712.19	74.269
712.39	74.817
712.58	74.228
712.77	74.984
712.97	75.148
713.16	75.237
713.35	75.362
713.54	75.716
713.74	76.411
713.93	76.503
714.12	76.915
714.32	76.672
714.51	77.324
714.70	77.091
714.89	77.347
715.09	77.463
715.28	78.132
715.47	78.399
715.66	78.354
715.86	78.806
716.05	78.976
716.24	79.317
716.44	79.423
716.63	79.665
716.82	79.550
717.01	79.335
717.21	80.456
717.40	80.180
717.59	80.587
717.78	80.660
717.98	80.713
718.17	80.809
718.36	81.532
718.55	81.986
718.75	81.142
718.94	82.615
719.13	81.686
719.32	82.629
719.52	82.261
719.71	82.908
719.90	83.132
720.09	83.518
720.28	83.528
720.48	83.754
720.67	83.949
720.86	84.303
721.05	84.401
721.25	84.178
721.44	85.253
721.63	84.771
721.82	85.070
722.01	85.719
722.21	85.799
722.40	85.052
722.59	86.497
722.78	86.323
722.98	86.315
723.17	86.874
723.36	86.268
723.55	86.079
723.74	87.392
723.94	87.238
724.13	87.834
724.32	88.739
724.51	87.402
724.70	87.887
724.89	87.920
725.09	88.310
725.28	88.616
725.47	89.155
725.66	89.706
725.85	89.146
726.05	89.057
726.24	89.593
726.43	90.407
726.62	90.403
726.81	91.023
727.00	90.868
727.20	90.734
727.39	90.796
727.58	91.075
727.77	90.961
727.96	91.389
728.15	91.708
728.35	91.513
728.54	91.520
728.73	91.876
728.92	91.243
729.11	91.719
729.30	92.684
729.50	92.182
729.69	92.485
729.88	92.844
730.07	93.430
730.26	93.339
730.45	93.612
730.64	92.971
730.84	93.072
731.03	93.466
731.22	93.224
731.41	93.565
731.60	94.378
731.79	93.903
731.98	94.881
732.18	94.416
732.37	94.841
732.56	94.552
732.75	95.219
732.94	94.773
733.13	95.626
733.32	95.569
733.51	95.210
733.71	95.525
733.90	95.877
734.09	96.756
734.28	96.354
734.47	96.855
734.66	95.923
734.85	96.762
735.04	96.989
735.23	96.857
735.42	96.257
735.62	97.207
735.81	96.647
736.00	96.594
736.19	97.002
736.38	96.862
736.57	97.594
736.76	97.622
736.95	96.884
737.14	98.090
737.33	97.883
737.52	97.343
737.72	97.985
737.91	97.548
738.10	98.000
738.29	98.307
738.48	98.650
738.67	97.974
738.86	97.957
739.05	98.085
739.24	98.227
739.43	98.729
739.62	98.119
739.81	98.726
740.00	99.799
740.19	98.799
740.39	98.344
740.58	99.559
740.77	99.429
740.96	99.712
741.15	99.377
741.34	99.334
741.53	99.420
741.72	99.670
741.91	100.202
742.10	99.427
742.29	100.019
742.48	100.501
742.67	100.232
742.86	100.248
743.05	100.477
743.24	100.118
743.43	100.222
743.62	100.221
743.81	100.095
744.00	100.848
744.19	100.864
744.38	99.808
744.57	99.996
744.76	101.446
744.95	100.892
745.14	100.514
745.33	101.428
745.52	100.581
745.71	100.626
745.90	100.115
746.09	101.528
746.28	101.203
746.47	101.247
746.66	101.261
746.85	100.919
747.04	101.703
747.23	101.575
747.42	100.754
747.61	101.172
747.80	101.657
747.99	102.516
748.18	101.358
748.37	102.036
748.56	101.493
748.75	102.036
748.94	102.048
749.13	101.836
749.32	101.502
749.51	102.420
749.70	102.300
749.89	102.447
750.08	102.167
750.27	102.283
750.46	102.361
750.65	101.848
750.84	101.701
751.03	101.975
751.22	102.881
751.41	101.879
751.60	102.015
751.79	101.920
751.98	102.172
752.17	102.205
752.36	101.974
752.55	102.553
752.74	102.468
752.93	103.548
753.12	102.557
753.30	101.801
753.49	102.368
753.68	102.628
753.87	101.974
754.06	102.041
754.25	102.252
754.44	102.701
754.63	102.537
754.82	102.259
755.01	102.442
755.20	102.962
755.39	102.670
755.58	101.561
755.77	102.876
755.96	102.354
756.14	103.228
756.33	102.708
756.52	102.881
756.71	101.919
756.90	102.331
757.09	103.053
757.28	103.900
757.47	103.056
757.66	103.199
757.85	102.793
758.04	102.569
758.22	103.025
758.41	103.420
758.60	103.030
758.79	102.832
758.98	103.481
759.17	103.187
759.36	103.574
759.55	102.497
759.74	102.701
759.92	102.697
760.11	103.535
760.30	103.440
760.49	103.263
760.68	103.164
760.87	103.598
761.06	103.305
761.25	103.564
761.43	102.642
761.62	103.156
761.81	103.119
762.00	102.776
762.19	102.445
762.38	102.597
762.57	103.593
762.76	103.283
762.94	103.503
763.13	102.637
763.32	102.594
763.51	103.199
763.70	102.686
763.89	103.216
764.07	102.550
764.26	102.859
764.45	103.195
764.64	102.696
764.83	102.925
765.02	102.969
765.21	102.617
765.39	102.241
765.58	103.170
765.77	102.900
765.96	103.293
766.15	103.352
766.34	103.476
766.52	102.696
766.71	103.259
766.90	103.758
767.09	103.058
767.28	102.779
767.46	102.381
767.65	102.854
767.84	103.135
768.03	103.202
768.22	102.974
768.40	102.943
768.59	102.769
768.78	102.255
768.97	102.937
769.16	103.564
769.34	103.611
769.53	103.337
769.72	103.681
769.91	102.775
770.10	102.772
770.28	102.600
770.47	103.535
770.66	103.260
770.85	103.127
771.04	103.042
771.22	102.770
771.41	102.775
771.60	103.311
771.79	102.468
771.98	103.015
772.16	102.327
772.35	102.600
772.54	103.122
772.73	102.231
772.91	102.655
773.10	103.397
773.29	102.897
773.48	103.210
773.66	103.188
773.85	102.853
774.04	102.912
774.23	103.327
774.41	102.839
774.60	102.943
774.79	102.280
774.98	102.699
775.16	102.490
775.35	102.904
775.54	102.330
775.73	103.592
775.91	103.646
776.10	103.003
776.29	102.624
776.48	102.931
776.66	103.331
776.85	102.855
777.04	103.095
777.23	102.798
777.41	102.382
777.60	103.227
777.79	102.829
777.97	103.145
778.16	103.222
778.35	102.535
778.54	102.805
778.72	102.928
778.91	102.667
779.10	102.388
779.28	102.291
779.47	102.622
779.66	104.367
779.85	103.079
780.03	103.474
780.22	102.886
780.41	102.736
780.59	103.245
780.78	102.066
780.97	103.653
781.15	103.449
781.34	103.041
781.53	102.725
781.71	102.847
781.90	103.272
782.09	102.554
782.27	102.664
782.46	103.967
782.65	101.870
782.84	103.157
783.02	103.118
783.21	103.423
783.40	103.493
783.58	103.190
783.77	103.239
783.96	103.195
784.14	103.453
784.33	103.177
784.52	103.054
784.70	103.120
784.89	102.818
785.07	102.276
785.26	102.943
785.45	102.860
785.63	102.802
785.82	102.883
786.01	103.720
786.19	102.165
786.38	103.322
786.57	102.903
786.75	102.539
786.94	102.430
787.13	103.441
787.31	104.021
787.50	102.880
787.68	102.818
787.87	103.082
788.06	103.117
788.24	102.706
788.43	102.703
788.62	102.941
788.80	103.044
788.99	102.646
789.17	102.924
789.36	102.964
789.55	103.634
789.73	103.202
789.92	102.240
790.10	102.450
790.29	103.258
790.48	103.465
790.66	103.019
790.85	103.167
791.03	103.103
791.22	104.327
791.41	103.084
791.59	103.370
791.78	103.064
791.96	103.380
792.15	103.546
792.34	102.975
792.52	103.710
792.71	103.228
792.89	101.872
793.08	103.860
793.27	102.982
793.45	102.948
793.64	103.306
793.82	103.705
794.01	103.550
794.19	103.227
794.38	103.205
794.57	102.676
794.75	103.229
794.94	102.481
795.12	101.856
795.31	102.730
795.49	103.515
795.68	102.883
795.86	102.832
796.05	102.494
796.24	104.030
796.42	103.193
796.61	102.749
796.79	103.583
796.98	102.732
797.16	103.061
797.35	102.932
797.53	103.408
797.72	103.248
797.90	102.996
798.09	103.342
798.27	103.400
798.46	102.970
798.65	103.086
798.83	103.366
799.02	103.118
799.20	103.855
799.39	103.078
799.57	102.614
799.76	103.474
799.94	103.300
800.13	103.444
800.31	102.959
800.50	102.971
800.68	102.665
800.87	102.855
801.05	102.924
801.24	102.832
801.42	103.264
801.61	103.251
801.79	104.012
801.98	103.335
802.16	103.065
802.35	102.688
802.53	102.945
802.72	102.712
802.90	103.799
803.09	102.420
803.27	103.021
803.46	102.427
803.64	104.257
803.83	103.231
804.01	102.866
804.20	102.987
804.38	102.284
804.56	103.065
804.75	102.626
804.93	102.672
805.12	102.871
805.30	103.563
805.49	102.711
805.67	103.074
805.86	103.109
806.04	102.297
806.23	102.773
806.41	103.404
806.59	102.286
806.78	103.318
806.96	103.302
807.15	103.482
807.33	103.589
807.52	103.302
807.70	103.917
807.89	102.526
808.07	102.866
808.25	103.500
808.44	102.665
808.62	102.726
808.81	103.404
808.99	102.148
809.18	102.905
809.36	102.607
809.54	102.020
809.73	102.255
809.91	102.980
810.10	103.670
810.28	103.300
810.47	103.581
810.65	103.438
810.83	102.411
811.02	102.927
811.20	103.956
811.39	102.103
811.57	102.891
811.75	102.705
811.94	102.992
812.12	103.102
812.31	103.469
812.49	102.303
812.67	103.329
812.86	102.942
813.04	102.470
813.23	102.912
813.41	102.884
813.59	102.977
813.78	102.835
813.96	103.590
814.14	103.511
814.33	103.527
814.51	103.058
814.70	104.114
814.88	102.917
815.06	103.653
815.25	103.694
815.43	103.035
815.61	103.069
815.80	102.362
815.98	102.162
816.16	102.429
816.35	103.234
816.53	102.638
816.72	102.674
816.90	103.212
817.08	102.101
817.27	102.520
817.45	103.448
817.63	101.909
817.82	102.059
818.00	102.887
818.18	103.214
818.37	102.855
818.55	103.472
818.73	102.277
818.92	103.530
819.10	102.732
819.28	103.533
819.47	102.829
819.65	103.125
819.83	103.425
820.02	102.275
820.20	103.489
820.38	102.946
820.57	102.885
820.75	102.549
820.93	103.151
821.11	103.006
821.30	102.399
821.48	102.855
821.66	102.697
821.85	102.374
822.03	102.920
822.21	102.750
822.40	102.830
822.58	102.935
822.76	102.910
822.94	102.245
823.13	103.154
823.31	103.441
823.49	103.382
823.68	102.962
823.86	103.077
824.04	102.776
824.22	103.190
824.41	102.395
824.59	103.079
824.77	102.244
824.96	102.157
825.14	104.007
825.32	103.059
825.50	103.006
825.69	103.716
825.87	101.801
826.05	103.745
826.23	103.087
826.42	103.452
826.60	103.221
826.78	102.539
826.96	103.499
827.15	103.612
827.33	103.609
827.51	101.916
827.69	103.505
827.88	103.292
828.06	102.630
828.24	103.328
828.42	103.285
828.61	102.899
828.79	103.386
828.97	102.235
829.15	102.673
829.34	103.105
829.52	102.979
829.70	101.838
829.88	102.604
830.06	102.759
830.25	103.088
830.43	102.842
830.61	103.122
830.79	102.979
830.97	103.672
831.16	103.415
831.34	103.246
831.52	103.437
831.70	103.463
831.89	103.230
832.07	103.079
832.25	103.511
832.43	102.961
832.61	104.665
832.80	102.919
832.98	103.451
833.16	102.992
833.34	102.026
833.52	103.591
833.70	101.950
833.89	103.077
834.07	103.644
834.25	103.070
834.43	103.469
834.61	101.871
834.80	104.067
834.98	102.474
835.16	102.845
835.34	103.603
835.52	102.778
835.70	103.402
835.89	103.718
836.07	103.061
836.25	102.998
836.43	103.220
836.61	103.788
836.79	103.230
836.97	103.291
837.16	103.085
837.34	103.476
837.52	102.811
837.70	102.917
837.88	102.665
838.06	103.371
838.24	103.373
838.43	102.404
838.61	103.408
838.79	103.954
838.97	102.758
839.15	102.969
839.33	103.279
839.51	103.532
839.70	102.263
839.88	102.506
840.06	104.024
840.24	103.478
840.42	103.237
840.60	102.253
840.78	103.514
840.96	103.040
841.14	103.010
841.33	103.074
841.51	103.005
841.69	104.692
841.87	103.792
842.05	103.025
842.23	102.657
842.41	104.285
842.59	103.668
842.77	102.806
842.95	103.224
843.14	103.726
843.32	103.878
843.50	103.235
843.68	103.740
843.86	103.136
844.04	103.239
844.22	103.117
844.40	102.952
844.58	102.999
844.76	101.744
844.94	103.070
845.12	102.985
845.30	102.268
845.49	102.327
845.67	102.598
845.85	102.625
846.03	103.453
846.21	102.646
846.39	102.501
846.57	102.580
846.75	103.996
846.93	103.720
847.11	103.324
847.29	102.292
847.47	103.512
847.65	102.947
847.83	104.294
848.01	104.089
848.19	103.498
848.37	102.815
848.55	103.398
848.73	103.839
848.91	103.979
849.09	102.527
849.27	103.757
849.46	103.069
849.64	102.831
849.82	102.690
850.00	102.380
850.18	102.841
850.36	101.949
850.54	102.108
850.72	103.520
850.90	103.408
851.08	103.211
851.26	103.545
851.44	102.603
851.62	102.262
851.80	102.327
851.98	102.548
852.16	103.327
852.34	102.821
852.52	102.475
852.70	102.839
852.88	102.579
853.06	102.463
853.24	102.834
853.42	104.311
853.60	103.222
853.78	102.644
853.96	102.836
854.14	103.791
854.31	103.571
854.49	103.972
854.67	102.806
854.85	103.305
855.03	102.373
855.21	103.329
855.39	103.103
855.57	103.320
855.75	102.380
855.93	104.035
856.11	102.933
856.29	102.287
856.47	103.604
856.65	103.500
856.83	104.661
857.01	101.918
857.19	101.292
857.37	102.870
857.55	103.878
857.73	101.930
857.91	103.971
858.09	102.901
858.26	103.905
858.44	102.453
858.62	102.965
858.80	103.989
858.98	104.225
859.16	103.703
859.34	102.597
859.52	102.963
859.70	102.515
859.88	102.324
860.06	103.425
860.24	103.436
860.42	103.357
860.59	102.113
860.77	103.175
860.95	103.416
861.13	103.353
861.31	103.093
861.49	103.693
861.67	102.960
861.85	104.518
862.03	103.808
862.21	103.756
862.38	103.296
862.56	103.388
862.74	102.736
862.92	101.961
863.10	102.726
863.28	102.790
863.46	102.395
863.64	103.666
863.82	102.874
863.99	103.262
864.17	103.401
864.35	103.292
864.53	103.029
864.71	103.145
864.89	103.137
865.07	104.060
865.24	102.842
865.42	102.425
865.60	103.393
865.78	103.312
865.96	103.698
866.14	103.919
866.32	102.004
866.49	102.541
866.67	103.332
866.85	102.548
867.03	102.419
867.21	103.385
867.39	102.245
867.56	102.881
867.74	103.355
867.92	103.580
868.10	103.702
868.28	102.946
868.46	102.396
868.63	102.832
868.81	102.213
868.99	102.912
869.17	103.447
869.35	102.814
869.53	104.001
869.70	102.913
869.88	102.878
870.06	101.740
870.24	103.194
870.42	103.391
870.59	103.070
870.77	101.991
870.95	102.881
871.13	104.211
871.31	103.043
871.48	103.705
871.66	103.856
871.84	102.688
872.02	103.042
872.20	102.820
872.37	102.902
872.55	102.413
872.73	103.664
872.91	103.559
873.08	103.322
873.26	103.299
873.44	102.345
873.62	103.141
873.80	103.863
873.97	103.259
874.15	103.331
874.33	103.815
874.51	104.514
874.68	103.172
874.86	102.923
875.04	104.487
875.22	104.600
875.39	103.936
875.57	102.676
875.75	103.977
875.93	103.810
876.10	103.394
876.28	103.744
876.46	101.473
876.64	102.893
876.81	102.812
876.99	103.319
877.17	102.948
877.35	104.035
877.52	102.762
877.70	102.877
877.88	103.409
878.06	103.418
878.23	103.938
878.41	102.490
878.59	101.984
878.76	102.917
878.94	103.359
879.12	103.175
879.30	102.308
879.47	103.285
879.65	103.254
879.83	103.496
880.00	102.661
880.18	102.438
880.36	103.275
880.53	103.338
880.71	102.956
880.89	103.193
881.07	102.792
881.24	103.750
881.42	103.863
881.60	103.092
881.77	103.220
881.95	103.253
882.13	103.852
882.30	103.277
882.48	103.102
882.66	102.304
882.83	103.184
883.01	103.484
883.19	103.342
883.36	102.825
883.54	103.516
883.72	104.106
883.89	103.994
884.07	104.152
884.25	101.954
884.42	102.903
884.60	103.252
884.78	103.245
884.95	104.418
885.13	104.273
885.31	103.287
885.48	103.969
885.66	103.515
885.84	101.980
886.01	102.632
886.19	104.195
886.36	103.736
886.54	103.755
886.72	101.977
886.89	103.513
887.07	103.082
887.25	102.256
887.42	102.288
887.60	101.656
887.78	105.196
887.95	102.339
888.13	103.971
888.30	103.546
888.48	103.226
888.66	104.285
888.83	103.175
889.01	103.905
889.18	102.864
889.36	104.775
889.54	103.892
889.71	103.028
889.89	101.903
890.06	103.823
890.24	102.111
890.42	103.294
890.59	102.710
890.77	103.998
890.94	103.440
891.12	103.531
891.30	104.233
891.47	103.988
891.65	103.464
891.82	102.703
892.00	101.774
892.17	103.787
892.35	102.556
892.53	102.237
892.70	104.017
892.88	102.452
893.05	103.725
893.23	102.955
893.40	103.857
893.58	103.138
893.75	102.941
893.93	102.487
894.11	103.973
894.28	103.628
894.46	101.544
894.63	102.626
894.81	102.545
894.98	102.838
895.16	102.245
895.33	103.588
895.51	103.412
895.68	103.078
895.86	103.126
896.04	103.009
896.21	103.923
896.39	102.139
896.56	102.780
896.74	102.965
896.91	103.843
897.09	104.157
897.26	102.167
897.44	103.190
897.61	102.512
897.79	103.950
897.96	103.561
898.14	103.395
898.31	103.895
898.49	101.527
898.66	103.710
898.84	102.526
899.01	103.269
899.19	104.104
899.36	103.523
899.54	103.569
899.71	103.247
899.89	103.870
900.06	105.640
900.24	103.286
900.41	104.461
900.59	104.563
900.76	102.661
900.94	103.066
901.11	102.336
901.29	102.604
901.46	103.127
901.63	103.668
901.81	102.942
901.98	103.103
902.16	103.406
902.33	103.437
902.51	103.003
902.68	104.220
902.86	103.603
903.03	101.640
903.21	102.951
903.38	101.719
903.56	102.883
903.73	103.649
903.90	103.036
904.08	102.213
904.25	103.683
904.43	103.418
904.60	102.885
904.78	103.253
904.95	104.211
905.12	104.120
905.30	104.200
905.47	103.876
905.65	102.300
905.82	102.462
906.00	103.255
906.17	104.007
906.34	102.898
906.52	102.290
906.69	103.724
906.87	102.885
907.04	104.633
907.21	102.004
907.39	104.030
907.56	104.482
907.74	103.968
907.91	102.332
908.08	101.893
908.26	103.371
908.43	104.102
908.61	104.623
908.78	103.751
908.95	104.104
909.13	102.812
909.30	104.219
909.48	103.552
909.65	103.062
909.82	102.648
910.00	103.724
910.17	102.942
910.34	103.855
910.52	103.908
910.69	103.854
910.87	104.162
911.04	103.313
911.21	102.632
911.39	104.115
911.56	102.099
911.73	103.321
911.91	103.650
912.08	102.350
912.25	103.261
912.43	103.070
912.60	103.268
912.77	104.370
912.95	104.266
913.12	103.482
913.29	102.549
913.47	103.453
913.64	103.748
913.81	104.648
913.99	102.067
914.16	104.030
914.33	102.841
914.51	103.798
914.68	102.316
914.85	103.507
915.03	103.781
915.20	103.764
915.37	103.128
915.55	101.970
915.72	105.163
915.89	102.769
916.07	103.472
916.24	103.447
916.41	102.933
916.59	102.653
916.76	102.034
916.93	101.272
917.10	103.484
917.28	103.733
917.45	103.418
917.62	103.231
917.80	103.930
917.97	103.652
918.14	102.827
918.31	103.809
918.49	104.652
918.66	103.872
918.83	103.429
919.01	103.012
919.18	101.522
919.35	103.744
919.52	104.907
919.70	104.043
919.87	102.611
920.04	102.638
920.21	102.788
920.39	103.381
920.56	104.392
920.73	103.281
920.90	104.689
921.08	104.499
921.25	103.638
921.42	102.853
921.59	103.102
921.77	102.479
921.94	103.712
922.11	103.272
922.28	102.345
922.46	101.704
922.63	102.994
922.80	102.335
922.97	102.852
923.15	101.966
923.32	102.676
923.49	101.161
923.66	104.463
923.83	103.542
924.01	103.600
924.18	104.438
924.35	102.706
924.52	104.217
924.69	105.600
924.87	102.645
925.04	105.123
925.21	103.607
925.38	103.418
925.55	103.884
925.73	102.458
925.90	100.723
926.07	102.056
926.24	103.028
926.41	102.129
926.59	103.945
926.76	101.788
926.93	102.167
927.10	102.610
927.27	103.231
927.45	101.868
927.62	101.714
927.79	104.856
927.96	104.325
928.13	103.443
928.30	102.881
928.48	102.571
928.65	104.035
928.82	102.624
928.99	101.968
929.16	102.473
929.33	103.798
929.50	104.062
929.68	101.768
929.85	102.044
930.02	102.585
930.19	101.458
930.36	102.323
930.53	103.405
930.70	105.437
930.88	103.545
931.05	102.837
931.22	103.210
931.39	102.466
931.56	103.252
931.73	104.217
931.90	103.585
932.08	102.442
932.25	104.905
932.42	103.855
932.59	101.902
932.76	102.446
932.93	102.288
933.10	101.761
933.27	104.330
933.44	102.184
933.62	103.734
933.79	101.034
933.96	104.736
934.13	101.672
934.30	102.474
934.47	102.902
934.64	101.233
934.81	103.028
934.98	102.408
935.15	103.136
935.32	100.446
935.50	102.139
935.67	105.977
935.84	104.740
936.01	101.109
936.18	103.104
936.35	102.533
936.52	103.951
936.69	106.751
936.86	103.858
937.03	103.123
937.20	103.188
937.37	100.768
937.54	101.458
937.71	103.157
937.89	104.243
938.06	101.605
938.23	102.376
938.40	104.222
938.57	105.377
938.74	102.876
938.91	103.299
939.08	103.382
939.25	102.847
939.42	103.321
939.59	103.876
939.76	104.263
939.93	104.164
940.10	103.726
940.27	101.220
940.44	98.802
940.61	101.796
940.78	107.107
940.95	104.085
941.12	101.395
941.29	98.355
941.46	102.240
941.63	100.408
941.80	106.609
941.97	106.270
942.14	105.444
942.31	101.578
942.48	103.046
942.65	104.424
942.82	101.611
942.99	96.949
943.16	101.620
943.33	101.187
943.50	107.523
943.67	104.183
943.84	105.219
944.01	101.277
944.18	103.264
944.35	104.381
944.52	101.838
944.69	104.107
944.86	105.031
945.03	103.644
945.20	104.012
945.37	102.274
945.54	105.581
945.71	102.620
945.88	96.680
946.05	103.373
946.22	104.368
946.39	101.089
946.56	100.679
946.73	106.798
946.90	104.217
947.07	104.360
947.23	102.332
947.40	109.491
947.57	105.337
947.74	103.835
947.91	102.506
948.08	101.836
948.25	101.337
948.42	102.246
948.59	100.495
948.76	102.195
948.93	103.807
949.10	98.560
949.27	102.019
949.44	102.581
949.60	98.950
949.77	101.650
949.94	97.851
950.11	97.009
950.28	99.250
950.45	101.817
950.62	101.836
950.79	101.803
950.96	102.068
951.13	103.813
951.30	103.700
951.46	103.081
951.63	100.638
951.80	101.768
951.97	104.714
952.14	104.575
952.31	102.762
952.48	103.354
952.65	101.657
952.81	102.493
952.98	102.460
953.15	102.041
953.32	101.922
953.49	102.354
953.66	107.850
953.83	104.402
954.00	99.212
954.16	102.794
954.33	98.377
954.50	100.233
954.67	104.823
954.84	103.830
955.01	103.858
955.18	102.020
955.34	100.997
955.51	103.051
955.68	103.362
955.85	106.806
956.02	102.790
956.19	105.535
956.35	103.290
956.52	103.945
956.69	103.214
956.86	103.954
957.03	99.978
957.20	105.950
957.36	102.894
957.53	104.110
957.70	105.261
957.87	105.039
958.04	104.347
958.21	102.218
958.37	103.149
958.54	96.759
958.71	102.475
958.88	102.084
959.05	106.835
959.21	99.632
959.38	104.512
959.55	102.976
959.72	99.104
959.89	103.068
960.05	102.242
960.22	103.087
960.39	101.524
960.56	99.343
960.72	103.130
960.89	102.276
961.06	101.353
961.23	100.518
961.40	103.096
961.56	103.598
961.73	101.636
961.90	104.853
962.07	101.917
962.23	102.432
962.40	102.272
962.57	100.158
962.74	101.793
962.90	104.262
963.07	103.258
963.24	101.800
963.41	102.750
963.57	100.518
963.74	105.218
963.91	103.535
964.08	102.704
964.24	101.900
964.41	100.513
964.58	99.607
964.75	101.181
964.91	103.668
965.08	101.468
965.25	102.298
965.42	102.556
965.58	101.694
965.75	102.148
965.92	99.476
966.08	103.111
966.25	104.196
966.42	101.689
966.59	104.541
966.75	100.135
966.92	101.340
967.09	102.386
967.25	102.209
967.42	102.263
967.59	104.500
967.75	100.097
967.92	101.228
968.09	103.016
968.26	102.955
968.42	100.839
968.59	101.495
968.76	100.962
968.92	102.730
969.09	101.871
969.26	99.268
969.42	103.622
969.59	103.551
969.76	104.816
969.92	104.107
970.09	99.576
970.26	100.437
970.42	100.000
970.59	104.318
970.76	101.199
970.92	100.058
971.09	104.626
971.26	103.778
971.42	99.417
971.59	99.410
971.76	102.363
971.92	103.069
972.09	103.805
972.25	101.326
972.42	102.238
972.59	102.084
972.75	106.538
972.92	103.607
973.09	101.786
973.25	101.155
973.42	97.782
973.58	101.085
973.75	104.281
973.92	102.037
974.08	101.973
974.25	103.610
974.42	105.288
974.58	103.162
974.75	102.345
974.91	103.019
975.08	101.656
975.25	105.632
975.41	101.117
975.58	102.574
975.74	101.365
975.91	101.023
976.08	101.198
976.24	103.233
976.41	104.158
976.57	101.720
976.74	102.472
976.91	100.461
977.07	100.193
977.24	106.392
977.40	102.955
977.57	101.723
977.73	100.155
977.90	105.048
978.07	105.093
978.23	102.673
978.40	101.840
978.56	98.426
978.73	102.650
978.89	100.308
979.06	102.335
979.22	103.523
979.39	103.195
979.56	103.932
979.72	102.444
979.89	103.072
980.05	100.000
980.22	104.007
980.38	103.053
980.55	102.123
980.71	105.114
980.88	102.854
981.04	102.527
981.21	104.278
981.37	106.407
981.54	104.691
981.70	101.549
981.87	105.082
982.04	101.897
982.20	102.434
982.37	100.379
982.53	104.831
982.70	102.012
982.86	104.739
983.03	104.154
983.19	101.226
983.36	103.684
983.52	104.877
983.69	101.433
983.85	101.227
984.02	102.959
984.18	103.550
984.35	99.975
984.51	100.473
984.68	102.842
984.84	103.384
985.00	104.133
985.17	101.517
985.33	99.924
985.50	105.097
985.66	99.007
985.83	100.200
985.99	101.908
986.16	105.647
986.32	102.665
986.49	103.196
986.65	98.991
986.82	106.247
986.98	103.515
987.15	104.198
987.31	103.826
987.47	106.097
987.64	106.451
987.80	103.701
987.97	102.213
988.13	104.256
988.30	101.606
988.46	102.023
988.63	102.690
988.79	101.681
988.95	101.988
989.12	106.031
989.28	105.285
989.45	105.090
989.61	104.245
989.77	106.547
989.94	101.565
990.10	103.074
990.27	102.225
990.43	98.291
990.60	106.768
990.76	105.689
990.92	99.454
991.09	106.505
991.25	101.837
991.42	104.624
991.58	103.941
991.74	98.588
991.91	97.776
992.07	104.290
992.24	104.728
992.40	98.341
992.56	101.338
992.73	101.838
992.89	101.776
993.05	100.178
993.22	102.609
993.38	104.690
993.55	100.311
993.71	100.975
993.87	102.869
994.04	99.402
994.20	103.876
994.36	101.895
994.53	99.209
994.69	106.117
994.85	101.538
995.02	102.709
995.18	101.749
995.34	107.887
995.51	103.028
995.67	101.767
995.84	106.109
996.00	104.985
996.16	100.729
996.33	102.291
996.49	107.018
996.65	94.638
996.82	104.517
996.98	107.591
997.14	103.887
997.31	104.462
997.47	105.380
997.63	105.653
997.79	99.061
997.96	102.730
998.12	103.055
998.28	101.078
998.45	100.762
998.61	100.383
998.77	104.908
998.94	101.864
999.10	104.367
999.26	106.275
999.43	103.347
999.59	100.473
999.75	100.215
999.91	103.136
1000.08	105.138
1000.24	106.742
1000.40	103.411
1000.57	100.325
1000.73	103.963
1000.89	100.800
1001.05	104.765
1001.22	106.701
1001.38	100.036
1001.54	105.855
1001.70	102.411
1001.87	101.585
1002.03	106.841
1002.19	99.255
1002.35	98.625
1002.52	104.076
1002.68	99.959
1002.84	100.788
1003.00	108.275
1003.17	105.387
1003.33	105.099
1003.49	98.710
1003.65	101.016
1003.82	99.367
1003.98	103.804
1004.14	105.287
1004.30	102.905
1004.47	103.954
1004.63	100.789
1004.79	99.837
1004.95	98.727
1005.11	102.137
1005.28	102.103
1005.44	100.309
1005.60	103.102
1005.76	104.784
1005.93	106.688
1006.09	103.289
1006.25	101.921
1006.41	100.707
1006.57	108.377
1006.74	103.917
1006.90	106.595
1007.06	100.308
1007.22	106.286
1007.38	102.580
1007.55	103.119
1007.71	103.253
1007.87	103.421
1008.03	106.305
1008.19	107.812
1008.35	101.924
1008.52	105.401
1008.68	100.922
1008.84	107.308
1009.00	105.769
1009.16	103.015
1009.32	106.486
1009.49	107.590
1009.65	103.386
1009.81	105.419
1009.97	106.513
1010.13	100.993
1010.29	101.014
1010.46	103.409
1010.62	101.782
1010.78	97.578
1010.94	105.677
1011.10	102.697
1011.26	98.878
1011.42	98.305
1011.59	110.279
1011.75	104.364
1011.91	102.511
1012.07	99.794
1012.23	104.823
1012.39	101.923
1012.55	99.891
1012.71	107.405
1012.88	100.226
1013.04	107.652
1013.20	103.857
1013.36	97.025
1013.52	97.347
1013.68	108.672
1013.84	103.401
1014.00	100.401
1014.16	95.798
1014.33	96.345
1014.49	99.463
1014.65	101.867
1014.81	93.704
1014.97	102.685
1015.13	109.563
1015.29	110.509
1015.45	107.514
1015.61	108.196
1015.77	101.710
1015.93	95.652
1016.09	103.470
1016.26	102.728
1016.42	103.744
1016.58	99.691
1016.74	106.124
1016.90	107.784
1017.06	105.145
1017.22	94.761
1017.38	107.352
1017.54	94.692
1017.70	105.462
1017.86	102.929
1018.02	109.668
1018.18	103.586
1018.34	112.006
1018.50	112.545
1018.66	105.772
1018.82	107.103
1018.98	96.174
1019.14	108.012
1019.31	112.412
1019.47	100.897
1019.63	94.055
1019.79	108.709
1019.95	103.680
1020.11	89.290
1020.27	109.091
1020.43	105.499
1020.59	101.598
1020.75	104.097
1020.91	105.071
1021.07	111.656
1021.23	105.851
1021.39	108.172
1021.55	107.379
1021.71	103.419
1021.87	96.496
1022.03	101.180
1022.19	97.602
1022.35	103.368
1022.51	115.859
1022.67	107.304
1022.83	108.201
1022.99	107.990
1023.15	107.447
1023.31	94.629
1023.47	107.298
1023.63	108.148
1023.79	107.264
1023.95	98.611
1024.10	112.781
1024.26	96.381
1024.42	98.337
1024.58	97.869
1024.74	110.606
1024.90	109.220
1025.06	119.533
1025.22	117.330
1025.38	100.807
1025.54	98.576
1025.70	95.400
1025.86	99.907
1026.02	102.530
1026.18	100.101
1026.34	107.242
1026.50	113.340
1026.66	95.893
1026.82	96.180
1026.98	106.865
1027.13	94.211
1027.29	98.111
1027.45	103.504
1027.61	95.681
1027.77	84.220
1027.93	100.506
1028.09	105.092
1028.25	106.174
1028.41	100.466
1028.57	104.229
1028.73	112.277
1028.88	105.086
1029.04	119.560
1029.20	99.415
1029.36	101.024
1029.52	107.039
1029.68	95.699
1029.84	91.016
1030.00	100.940
1030.16	104.551
1030.32	103.532
1030.47	114.732
1030.63	108.751
1030.79	101.244
1030.95	95.163
1031.11	104.825
1031.27	98.985
1031.43	120.760
1031.59	108.473
1031.74	106.835
1031.90	105.876
1032.06	102.628
1032.22	114.956
1032.38	106.917
1032.54	112.155
1032.69	111.196
1032.85	114.026
1033.01	106.412
1033.17	123.462
1033.33	113.122
1033.49	103.458
1033.65	87.879
1033.80	89.965
1033.96	103.150
1034.12	109.207
1034.28	120.569
1034.44	113.713
1034.60	84.151
1034.75	98.609
1034.91	104.087
1035.07	99.455
1035.23	117.206
1035.39	100.379
1035.54	100.131
1035.70	97.613
1035.86	129.018
1036.02	109.016
1036.18	102.000
1036.33	105.426
1036.49	124.625
1036.65	113.899
1036.81	102.970
1036.97	128.272
1037.12	138.861
1037.28	98.990
1037.44	121.818
1037.60	120.607
1037.76	113.090
1037.91	96.488
1038.07	124.951
1038.23	81.722
1038.39	110.317
1038.54	117.852
1038.70	92.175
1038.86	118.109
1039.02	125.734
1039.17	94.745
1039.33	91.130
1039.49	111.765
1039.65	104.694
1039.80	101.382
1039.96	97.035
1040.12	105.835
1040.28	109.415
>>>>> Data<<<<< Espectral Procesado Extremo
