Fichero De Datos De SpectraSuite
++++++++++++++++++++++++++++++++++++
Fecha: Mon Jul 06 09:20:20 CST 2026
Usuario: HP
Presente Oscuro Del Espectro: Sí
La Referencia de Presente Del Espectro De: Sí
Muestreados de los componentes de Número de espectros: 1
Espectrómetros: USB4H06056
Tiempo de integración (usec): 300000 (USB4H06056)
Promedio de Espectros Hechos un: 5 (USB4H06056)
El Alisar Del Furgón: 0 (USB4H06056)
Párrafo de de Corregir del la del del de Eléctrica del obscuridad: No (USB4H06056)
Estrobo/Lámpara Permitido: No (USB4H06056)
Correct for Detector Non-linearity: No (USB4H06056)
Párrafo de de Corregir del la del del de Externa del luz: No (USB4H06056)
Procesado del espectro de Número de pixeles en: 3648
>>>>> Comienza Data<<<<< Espectral Procesado Del EL
345.09	47.368
345.30	47.368
345.52	47.368
345.74	6.667
345.95	69.531
346.17	1600.000
346.39	-2566.667
346.60	134.694
346.82	60.000
347.04	27.368
347.25	-403.704
347.47	63.462
347.69	-1525.000
347.90	261.905
348.12	420.930
348.34	33.333
348.56	-404.167
348.77	20.408
348.99	165.079
349.21	1133.333
349.42	40.826
349.64	88.060
349.86	88.235
350.07	92.969
350.29	68.182
350.51	79.221
350.72	4.459
350.94	64.734
351.16	145.333
351.37	125.893
351.59	90.429
351.81	78.191
352.02	208.621
352.24	46.032
352.46	64.706
352.67	-62.069
352.89	28.856
353.10	65.318
353.32	32.903
353.54	72.574
353.75	-8.750
353.97	178.431
354.19	49.286
354.40	50.000
354.62	115.668
354.84	145.833
355.05	54.839
355.27	118.248
355.49	30.822
355.70	88.710
355.92	202.985
356.14	137.069
356.35	39.241
356.57	106.667
356.78	119.929
357.00	118.831
357.22	-113.333
357.43	80.541
357.65	-736.364
357.87	83.168
358.08	73.394
358.30	60.000
358.51	58.257
358.73	177.273
358.95	87.931
359.16	85.057
359.38	844.444
359.60	70.000
359.81	135.772
360.03	72.840
360.24	96.203
360.46	89.035
360.68	56.825
360.89	30.159
361.11	59.091
361.33	67.727
361.54	528.571
361.76	-127.907
361.97	73.822
362.19	151.786
362.41	108.451
362.62	97.354
362.84	12.593
363.05	115.423
363.27	35.833
363.49	102.273
363.70	92.105
363.92	184.127
364.13	57.843
364.35	91.304
364.57	90.857
364.78	45.000
365.00	83.412
365.21	103.980
365.43	77.523
365.65	111.538
365.86	251.064
366.08	242.188
366.29	610.714
366.51	65.278
366.73	153.922
366.94	140.385
367.16	550.000
367.37	140.698
367.59	59.218
367.80	77.835
368.02	66.667
368.24	103.320
368.45	293.333
368.67	79.433
368.88	96.970
369.10	66.926
369.31	288.000
369.53	86.449
369.75	189.412
369.96	143.506
370.18	164.423
370.39	80.882
370.61	127.160
370.82	51.397
371.04	127.326
371.26	142.857
371.47	144.828
371.69	92.135
371.90	81.944
372.12	80.488
372.33	142.000
372.55	47.449
372.76	111.732
372.98	83.429
373.20	110.270
373.41	48.430
373.63	150.000
373.84	120.109
374.06	70.204
374.27	97.183
374.49	862.500
374.70	73.846
374.92	377.419
375.13	87.097
375.35	62.609
375.57	142.647
375.78	74.790
376.00	149.474
376.21	79.098
376.43	162.937
376.64	289.655
376.86	107.143
377.07	98.052
377.29	126.950
377.50	203.759
377.72	66.190
377.93	126.244
378.15	103.738
378.36	105.208
378.58	79.779
378.80	140.278
379.01	129.870
379.23	82.270
379.44	126.486
379.66	334.783
379.87	88.393
380.09	67.407
380.30	239.474
380.52	61.376
380.73	189.375
380.95	107.042
381.16	211.111
381.38	70.690
381.59	93.046
381.81	53.896
382.02	134.848
382.24	145.701
382.45	67.692
382.67	156.818
382.88	124.719
383.10	149.375
383.31	122.772
383.53	89.759
383.74	64.307
383.96	178.528
384.17	43.704
384.39	189.744
384.60	55.696
384.82	142.373
385.03	119.681
385.25	124.670
385.46	105.802
385.68	87.437
385.89	288.732
386.11	77.381
386.32	150.318
386.54	193.671
386.75	77.406
386.97	177.914
387.18	77.778
387.40	102.020
387.61	63.095
387.83	125.121
388.04	110.078
388.25	90.455
388.47	113.122
388.68	96.350
388.90	118.341
389.11	114.692
389.33	137.436
389.54	86.486
389.76	55.670
389.97	142.308
390.19	117.510
390.40	113.291
390.62	133.922
390.83	69.178
391.05	96.350
391.26	90.909
391.47	88.835
391.69	43.391
391.90	124.561
392.12	132.847
392.33	107.143
392.55	100.293
392.76	117.358
392.98	132.432
393.19	130.818
393.41	71.429
393.62	105.825
393.83	107.541
394.05	96.949
394.26	103.774
394.48	75.467
394.69	135.238
394.91	81.298
395.12	125.238
395.34	113.383
395.55	94.805
395.76	112.640
395.98	150.943
396.19	87.329
396.41	115.084
396.62	174.576
396.84	169.792
397.05	139.713
397.26	174.910
397.48	98.547
397.69	98.806
397.91	99.119
398.12	163.636
398.33	150.000
398.55	149.286
398.76	145.860
398.98	134.375
399.19	121.203
399.41	155.319
399.62	142.697
399.83	119.313
400.05	129.779
400.26	107.750
400.48	163.485
400.69	131.930
400.90	112.141
401.12	100.888
401.33	93.955
401.55	98.762
401.76	152.145
401.97	138.014
402.19	135.870
402.40	95.745
402.62	112.687
402.83	136.264
403.04	163.910
403.26	134.457
403.47	112.469
403.69	151.695
403.90	106.812
404.11	113.881
404.33	116.495
404.54	106.619
404.76	105.897
404.97	117.404
405.18	121.192
405.40	91.765
405.61	111.655
405.83	94.379
406.04	113.187
406.25	119.338
406.47	138.542
406.68	110.579
406.89	118.768
407.11	126.087
407.32	100.185
407.54	120.067
407.75	99.270
407.96	106.870
408.18	102.915
408.39	110.204
408.60	100.620
408.82	85.381
409.03	90.838
409.24	99.132
409.46	101.316
409.67	96.537
409.89	95.624
410.10	90.141
410.31	120.287
410.53	91.537
410.74	89.513
410.95	109.249
411.17	94.618
411.38	91.833
411.59	92.626
411.81	124.706
412.02	89.812
412.23	81.077
412.45	110.160
412.66	105.644
412.87	83.234
413.09	91.525
413.30	88.428
413.51	77.170
413.73	87.601
413.94	79.577
414.15	89.655
414.37	68.758
414.58	66.667
414.79	85.979
415.01	74.668
415.22	94.212
415.43	74.848
415.65	84.319
415.86	79.518
416.07	78.278
416.29	70.314
416.50	79.012
416.71	69.874
416.93	72.024
417.14	66.667
417.35	57.956
417.57	65.338
417.78	77.040
417.99	63.116
418.21	66.629
418.42	74.390
418.63	62.646
418.85	59.632
419.06	68.809
419.27	67.966
419.48	67.205
419.70	54.950
419.91	59.366
420.12	65.012
420.34	46.613
420.55	46.760
420.76	63.710
420.98	59.341
421.19	58.558
421.40	49.014
421.61	48.535
421.83	51.480
422.04	55.325
422.25	46.049
422.47	50.824
422.68	45.010
422.89	39.913
423.11	43.292
423.32	49.105
423.53	47.304
423.74	47.948
423.96	46.872
424.17	39.257
424.38	42.343
424.59	41.038
424.81	42.576
425.02	45.130
425.23	46.586
425.45	43.430
425.66	38.774
425.87	45.645
426.08	42.008
426.30	43.367
426.51	41.047
426.72	41.102
426.93	41.141
427.15	39.286
427.36	34.318
427.57	39.152
427.79	39.761
428.00	30.383
428.21	37.840
428.42	37.248
428.64	36.356
428.85	37.884
429.06	38.097
429.27	35.431
429.49	37.915
429.70	40.377
429.91	39.973
430.12	37.254
430.34	34.246
430.55	35.581
430.76	32.717
430.97	35.792
431.19	39.299
431.40	36.776
431.61	36.457
431.82	33.620
432.03	38.193
432.25	40.297
432.46	33.681
432.67	37.011
432.88	33.995
433.10	32.301
433.31	34.660
433.52	37.585
433.73	38.866
433.95	33.379
434.16	33.701
434.37	34.233
434.58	33.255
434.79	33.333
435.01	35.365
435.22	33.948
435.43	35.548
435.64	34.412
435.86	33.055
436.07	34.613
436.28	32.038
436.49	35.380
436.70	30.337
436.92	31.906
437.13	31.808
437.34	32.431
437.55	33.101
437.76	31.868
437.98	32.158
438.19	31.516
438.40	36.781
438.61	31.867
438.82	33.114
439.04	31.522
439.25	26.242
439.46	33.871
439.67	29.834
439.88	29.455
440.10	31.964
440.31	33.569
440.52	33.440
440.73	31.034
440.94	31.344
441.16	30.946
441.37	31.579
441.58	32.039
441.79	33.573
442.00	29.856
442.21	33.107
442.43	33.333
442.64	30.725
442.85	31.326
443.06	31.104
443.27	31.437
443.48	31.417
443.70	32.379
443.91	32.475
444.12	34.107
444.33	32.416
444.54	30.420
444.75	32.957
444.97	32.928
445.18	35.756
445.39	32.095
445.60	32.642
445.81	33.095
446.02	30.491
446.24	30.950
446.45	36.597
446.66	32.114
446.87	29.705
447.08	32.514
447.29	32.146
447.51	30.929
447.72	32.001
447.93	31.205
448.14	31.020
448.35	32.665
448.56	34.779
448.77	30.953
448.99	31.350
449.20	33.101
449.41	33.347
449.62	32.783
449.83	32.284
450.04	32.710
450.25	31.489
450.46	31.756
450.68	31.851
450.89	31.514
451.10	31.165
451.31	33.173
451.52	30.672
451.73	32.037
451.94	30.864
452.15	28.200
452.37	33.728
452.58	30.197
452.79	32.541
453.00	33.949
453.21	29.215
453.42	31.898
453.63	35.110
453.84	31.812
454.06	33.267
454.27	31.548
454.48	32.227
454.69	33.495
454.90	30.389
455.11	32.303
455.32	33.769
455.53	33.333
455.74	32.775
455.95	34.113
456.17	33.357
456.38	33.759
456.59	31.782
456.80	32.253
457.01	32.721
457.22	32.427
457.43	33.723
457.64	34.583
457.85	33.086
458.06	32.439
458.27	33.860
458.49	32.589
458.70	34.227
458.91	34.690
459.12	32.536
459.33	33.294
459.54	31.761
459.75	33.281
459.96	34.249
460.17	35.226
460.38	33.847
460.59	33.721
460.80	34.231
461.01	32.767
461.23	35.640
461.44	33.082
461.65	33.987
461.86	34.045
462.07	34.221
462.28	32.796
462.49	32.884
462.70	34.269
462.91	33.598
463.12	31.678
463.33	34.523
463.54	33.606
463.75	32.404
463.96	31.809
464.17	35.096
464.38	34.108
464.59	34.726
464.81	33.680
465.02	34.462
465.23	34.477
465.44	35.137
465.65	33.982
465.86	34.603
466.07	33.791
466.28	31.713
466.49	34.559
466.70	32.263
466.91	34.049
467.12	33.695
467.33	35.478
467.54	35.210
467.75	33.621
467.96	32.911
468.17	32.787
468.38	33.148
468.59	34.496
468.80	34.594
469.01	34.495
469.22	35.269
469.43	36.525
469.64	33.755
469.85	34.929
470.06	34.209
470.27	35.032
470.48	34.227
470.69	34.506
470.90	34.343
471.11	35.144
471.32	35.070
471.53	34.996
471.74	35.065
471.95	34.519
472.16	33.957
472.37	33.559
472.58	34.776
472.79	35.374
473.00	34.523
473.21	34.485
473.42	35.726
473.63	34.188
473.84	35.281
474.05	36.441
474.26	34.160
474.47	34.577
474.68	35.869
474.89	34.504
475.10	35.967
475.31	34.568
475.52	35.934
475.73	33.666
475.94	34.879
476.15	33.648
476.36	33.626
476.57	34.145
476.78	35.965
476.99	34.636
477.20	34.105
477.41	33.959
477.62	34.139
477.83	34.180
478.04	34.124
478.25	34.224
478.46	34.473
478.67	35.450
478.88	33.979
479.09	34.063
479.30	34.584
479.51	35.176
479.72	33.884
479.93	32.994
480.14	34.884
480.35	34.330
480.56	33.817
480.77	34.282
480.98	33.817
481.18	34.285
481.39	34.747
481.60	35.247
481.81	34.108
482.02	34.162
482.23	35.843
482.44	34.300
482.65	34.841
482.86	35.317
483.07	34.014
483.28	34.447
483.49	34.550
483.70	34.340
483.91	34.476
484.12	33.752
484.33	34.482
484.53	33.806
484.74	34.638
484.95	35.337
485.16	35.503
485.37	34.324
485.58	35.060
485.79	34.994
486.00	35.306
486.21	34.188
486.42	35.219
486.63	34.684
486.84	34.776
487.05	35.155
487.25	34.520
487.46	34.289
487.67	35.159
487.88	33.645
488.09	35.337
488.30	34.120
488.51	34.595
488.72	35.012
488.93	34.942
489.14	33.729
489.35	35.088
489.55	34.416
489.76	34.434
489.97	34.864
490.18	35.177
490.39	34.788
490.60	34.487
490.81	35.830
491.02	34.745
491.23	34.442
491.43	35.214
491.64	34.762
491.85	34.322
492.06	35.596
492.27	34.188
492.48	34.509
492.69	35.562
492.90	34.715
493.11	34.791
493.31	35.432
493.52	34.825
493.73	35.313
493.94	35.010
494.15	35.480
494.36	35.272
494.57	35.284
494.78	34.746
494.98	35.010
495.19	35.371
495.40	35.123
495.61	35.504
495.82	34.951
496.03	35.795
496.24	35.031
496.44	35.861
496.65	34.807
496.86	34.810
497.07	35.195
497.28	35.609
497.49	35.267
497.70	35.846
497.90	35.753
498.11	35.732
498.32	36.161
498.53	35.570
498.74	35.206
498.95	35.908
499.15	34.427
499.36	35.956
499.57	34.987
499.78	35.789
499.99	35.653
500.20	35.705
500.40	34.826
500.61	35.527
500.82	35.711
501.03	35.838
501.24	35.627
501.45	35.507
501.65	36.096
501.86	35.652
502.07	35.734
502.28	35.696
502.49	35.689
502.70	35.621
502.90	36.246
503.11	36.183
503.32	36.550
503.53	35.725
503.74	36.422
503.94	36.100
504.15	35.975
504.36	35.849
504.57	36.174
504.78	35.763
504.98	36.422
505.19	36.595
505.40	35.999
505.61	36.332
505.82	36.395
506.02	36.405
506.23	36.350
506.44	36.105
506.65	36.866
506.86	36.311
507.06	37.126
507.27	36.667
507.48	36.296
507.69	36.888
507.90	36.685
508.10	37.452
508.31	36.829
508.52	37.399
508.73	36.680
508.94	36.551
509.14	37.524
509.35	38.062
509.56	37.060
509.77	36.933
509.97	36.773
510.18	37.512
510.39	37.663
510.60	37.247
510.80	38.119
511.01	37.736
511.22	38.076
511.43	37.806
511.64	37.739
511.84	37.898
512.05	38.148
512.26	37.486
512.47	37.796
512.67	37.937
512.88	38.140
513.09	38.776
513.30	38.648
513.50	38.027
513.71	38.409
513.92	38.158
514.13	38.459
514.33	38.337
514.54	39.055
514.75	38.939
514.96	39.606
515.16	38.749
515.37	38.842
515.58	39.282
515.78	39.451
515.99	39.039
516.20	39.499
516.41	39.190
516.61	40.009
516.82	40.403
517.03	39.848
517.24	39.976
517.44	39.854
517.65	40.475
517.86	39.563
518.07	40.132
518.27	40.601
518.48	40.692
518.69	40.745
518.89	40.711
519.10	40.875
519.31	41.254
519.52	41.947
519.72	40.977
519.93	41.178
520.14	40.946
520.34	41.334
520.55	42.166
520.76	41.443
520.96	41.862
521.17	42.755
521.38	42.379
521.59	42.753
521.79	42.534
522.00	42.912
522.21	42.257
522.41	42.949
522.62	43.145
522.83	43.009
523.03	42.837
523.24	43.349
523.45	44.329
523.66	43.914
523.86	44.898
524.07	43.717
524.28	44.644
524.48	43.783
524.69	44.406
524.90	45.220
525.10	44.922
525.31	44.290
525.52	45.815
525.72	45.050
525.93	45.608
526.14	45.104
526.34	45.711
526.55	45.669
526.76	45.537
526.96	45.950
527.17	46.235
527.38	45.633
527.58	45.881
527.79	46.625
528.00	46.472
528.20	46.619
528.41	46.293
528.62	46.329
528.82	46.773
529.03	46.695
529.24	47.294
529.44	46.962
529.65	48.115
529.85	47.688
530.06	48.074
530.27	47.569
530.47	48.250
530.68	47.985
530.89	48.302
531.09	48.590
531.30	48.695
531.51	48.414
531.71	48.738
531.92	48.992
532.13	48.911
532.33	49.334
532.54	48.914
532.74	48.757
532.95	49.731
533.16	49.533
533.36	49.738
533.57	48.940
533.78	50.341
533.98	49.974
534.19	50.168
534.39	50.185
534.60	49.926
534.81	49.939
535.01	50.577
535.22	50.991
535.42	50.657
535.63	50.815
535.84	50.302
536.04	50.461
536.25	50.516
536.45	50.852
536.66	50.649
536.87	50.913
537.07	51.581
537.28	50.853
537.48	51.334
537.69	51.332
537.90	51.303
538.10	51.398
538.31	51.455
538.51	50.628
538.72	51.726
538.93	51.386
539.13	51.888
539.34	51.725
539.54	51.513
539.75	51.329
539.96	52.493
540.16	51.900
540.37	52.528
540.57	51.610
540.78	51.692
540.98	51.769
541.19	51.678
541.40	52.117
541.60	52.049
541.81	52.464
542.01	51.746
542.22	52.281
542.42	52.561
542.63	53.202
542.83	51.864
543.04	52.351
543.25	52.636
543.45	52.495
543.66	52.580
543.86	53.673
544.07	52.837
544.27	52.131
544.48	52.339
544.68	51.835
544.89	52.083
545.10	52.753
545.30	52.713
545.51	52.607
545.71	52.270
545.92	52.493
546.12	52.607
546.33	51.937
546.53	52.745
546.74	52.408
546.94	53.216
547.15	52.793
547.36	52.465
547.56	52.563
547.77	52.729
547.97	52.978
548.18	53.148
548.38	53.385
548.59	52.953
548.79	53.728
549.00	52.776
549.20	53.153
549.41	53.147
549.61	52.551
549.82	53.045
550.02	52.539
550.23	52.846
550.43	52.790
550.64	53.125
550.84	52.766
551.05	53.291
551.25	53.191
551.46	53.436
551.66	53.094
551.87	53.463
552.07	53.485
552.28	53.201
552.48	52.971
552.69	53.744
552.89	53.294
553.10	53.689
553.30	53.356
553.51	53.177
553.71	53.234
553.92	52.962
554.12	53.301
554.33	53.483
554.53	53.574
554.74	53.570
554.94	52.512
555.15	53.167
555.35	53.697
555.56	53.984
555.76	53.611
555.97	53.545
556.17	53.763
556.38	53.479
556.58	53.577
556.78	53.728
556.99	53.556
557.19	52.996
557.40	53.244
557.60	53.203
557.81	52.995
558.01	53.888
558.22	54.050
558.42	53.216
558.63	53.596
558.83	53.669
559.04	53.651
559.24	53.674
559.44	53.177
559.65	52.915
559.85	53.435
560.06	53.055
560.26	53.377
560.47	53.822
560.67	53.381
560.88	52.992
561.08	53.349
561.28	53.706
561.49	53.026
561.69	53.254
561.90	53.674
562.10	54.108
562.31	53.108
562.51	52.943
562.71	52.846
562.92	53.071
563.12	52.493
563.33	52.431
563.53	53.129
563.74	52.841
563.94	52.515
564.14	53.079
564.35	52.759
564.55	52.386
564.76	52.230
564.96	52.286
565.17	52.272
565.37	52.460
565.57	52.310
565.78	52.169
565.98	51.992
566.19	52.022
566.39	52.165
566.59	52.364
566.80	51.693
567.00	51.540
567.21	51.681
567.41	52.155
567.61	51.356
567.82	51.488
568.02	51.674
568.23	51.481
568.43	51.296
568.63	51.842
568.84	51.345
569.04	51.228
569.24	51.344
569.45	51.040
569.65	51.608
569.86	51.056
570.06	50.753
570.26	50.900
570.47	50.838
570.67	50.292
570.87	51.212
571.08	50.515
571.28	50.282
571.49	51.248
571.69	49.981
571.89	50.108
572.10	50.094
572.30	50.774
572.50	49.812
572.71	49.514
572.91	49.363
573.11	49.679
573.32	49.619
573.52	49.593
573.73	49.331
573.93	48.452
574.13	49.332
574.34	49.146
574.54	49.781
574.74	48.765
574.95	49.277
575.15	49.168
575.35	49.125
575.56	48.637
575.76	48.611
575.96	48.747
576.17	48.156
576.37	48.079
576.57	48.282
576.78	48.099
576.98	47.622
577.18	47.923
577.39	48.179
577.59	47.588
577.79	47.995
578.00	47.241
578.20	47.841
578.40	47.296
578.61	47.723
578.81	46.865
579.01	46.438
579.22	47.043
579.42	46.931
579.62	46.826
579.82	46.645
580.03	46.930
580.23	46.931
580.43	46.573
580.64	46.637
580.84	46.470
581.04	46.402
581.25	46.321
581.45	46.504
581.65	46.398
581.86	46.592
582.06	46.586
582.26	46.254
582.46	45.366
582.67	45.598
582.87	45.636
583.07	45.232
583.28	45.518
583.48	45.946
583.68	45.952
583.88	45.643
584.09	45.702
584.29	45.481
584.49	45.763
584.70	45.285
584.90	45.043
585.10	45.717
585.30	45.091
585.51	45.044
585.71	45.373
585.91	45.063
586.11	44.794
586.32	45.112
586.52	44.748
586.72	45.251
586.92	44.565
587.13	45.100
587.33	44.889
587.53	44.361
587.74	45.102
587.94	44.339
588.14	44.687
588.34	44.430
588.55	44.535
588.75	44.287
588.95	44.428
589.15	43.838
589.36	44.195
589.56	44.276
589.76	44.731
589.96	43.552
590.16	44.207
590.37	44.109
590.57	44.322
590.77	43.769
590.97	43.717
591.18	43.488
591.38	43.597
591.58	44.053
591.78	43.360
591.99	43.567
592.19	43.575
592.39	43.658
592.59	43.479
592.79	43.411
593.00	43.305
593.20	43.218
593.40	42.982
593.60	43.360
593.81	43.428
594.01	43.325
594.21	43.888
594.41	43.709
594.61	42.977
594.82	43.531
595.02	43.288
595.22	42.709
595.42	43.027
595.62	43.156
595.83	42.953
596.03	43.466
596.23	43.219
596.43	42.447
596.63	43.376
596.84	42.637
597.04	43.199
597.24	43.100
597.44	43.309
597.64	43.150
597.84	42.676
598.05	43.082
598.25	42.926
598.45	43.138
598.65	43.051
598.85	42.535
599.06	42.569
599.26	42.481
599.46	42.553
599.66	42.711
599.86	42.338
600.06	42.403
600.27	43.092
600.47	42.778
600.67	43.135
600.87	42.181
601.07	42.722
601.27	42.728
601.48	42.239
601.68	43.111
601.88	42.699
602.08	42.625
602.28	42.294
602.48	42.607
602.68	42.184
602.89	42.046
603.09	42.461
603.29	42.165
603.49	41.847
603.69	41.974
603.89	42.419
604.09	42.052
604.30	42.563
604.50	42.525
604.70	42.286
604.90	42.037
605.10	42.007
605.30	41.770
605.50	42.167
605.71	42.302
605.91	42.356
606.11	42.035
606.31	41.967
606.51	41.959
606.71	41.831
606.91	41.839
607.11	42.219
607.32	42.036
607.52	42.245
607.72	41.997
607.92	41.995
608.12	41.630
608.32	42.162
608.52	41.881
608.72	41.988
608.92	42.084
609.12	41.679
609.33	41.888
609.53	41.515
609.73	41.425
609.93	41.360
610.13	42.067
610.33	41.507
610.53	41.767
610.73	41.505
610.93	41.496
611.13	41.314
611.34	41.433
611.54	41.575
611.74	41.473
611.94	41.509
612.14	41.454
612.34	41.601
612.54	41.509
612.74	41.068
612.94	41.124
613.14	40.861
613.34	41.015
613.54	41.365
613.74	41.230
613.95	41.290
614.15	40.855
614.35	40.466
614.55	40.889
614.75	41.044
614.95	41.141
615.15	41.360
615.35	40.928
615.55	41.056
615.75	41.217
615.95	40.820
616.15	40.903
616.35	40.745
616.55	40.975
616.75	40.759
616.95	40.632
617.15	40.734
617.35	40.744
617.56	40.357
617.76	40.677
617.96	40.945
618.16	40.484
618.36	40.704
618.56	40.577
618.76	40.227
618.96	40.359
619.16	40.040
619.36	40.273
619.56	40.300
619.76	40.166
619.96	40.429
620.16	40.031
620.36	40.672
620.56	40.324
620.76	40.713
620.96	40.040
621.16	40.318
621.36	39.947
621.56	39.922
621.76	39.930
621.96	40.087
622.16	39.907
622.36	39.828
622.56	40.007
622.76	40.135
622.96	39.805
623.16	39.536
623.36	40.021
623.56	40.155
623.76	40.013
623.96	40.019
624.16	39.772
624.36	40.380
624.56	39.253
624.76	39.988
624.96	39.775
625.16	39.667
625.36	39.600
625.56	39.917
625.76	39.846
625.96	39.958
626.16	39.767
626.36	39.582
626.56	39.398
626.76	39.769
626.96	39.490
627.16	39.505
627.36	39.540
627.56	39.459
627.76	39.645
627.96	39.545
628.16	39.741
628.36	38.882
628.56	39.540
628.75	39.492
628.95	39.398
629.15	39.697
629.35	38.888
629.55	39.340
629.75	39.452
629.95	39.491
630.15	39.444
630.35	39.651
630.55	39.433
630.75	39.439
630.95	39.180
631.15	39.181
631.35	39.250
631.55	39.169
631.75	39.274
631.95	39.227
632.15	39.778
632.34	39.088
632.54	39.761
632.74	39.181
632.94	39.402
633.14	39.430
633.34	39.342
633.54	38.783
633.74	39.484
633.94	39.035
634.14	39.012
634.34	39.030
634.54	39.034
634.74	39.399
634.93	38.974
635.13	39.231
635.33	39.092
635.53	39.509
635.73	39.342
635.93	39.333
636.13	38.998
636.33	39.166
636.53	39.414
636.73	38.932
636.93	39.342
637.12	38.856
637.32	38.808
637.52	38.751
637.72	38.644
637.92	38.717
638.12	38.358
638.32	38.566
638.52	38.607
638.72	38.431
638.91	38.525
639.11	38.454
639.31	38.466
639.51	38.403
639.71	38.701
639.91	38.237
640.11	37.931
640.31	38.548
640.50	38.302
640.70	38.376
640.90	38.199
641.10	37.901
641.30	38.047
641.50	38.121
641.70	38.303
641.89	37.682
642.09	38.400
642.29	38.039
642.49	37.681
642.69	37.724
642.89	37.562
643.09	37.882
643.28	37.557
643.48	37.643
643.68	37.771
643.88	37.810
644.08	37.907
644.28	37.889
644.48	37.854
644.67	37.466
644.87	37.275
645.07	37.677
645.27	36.987
645.47	36.879
645.67	37.213
645.86	37.122
646.06	37.213
646.26	37.149
646.46	37.197
646.66	36.893
646.85	36.870
647.05	36.738
647.25	37.184
647.45	37.039
647.65	37.115
647.85	36.872
648.04	36.716
648.24	37.088
648.44	36.423
648.64	36.151
648.84	36.457
649.03	36.506
649.23	36.430
649.43	36.543
649.63	36.495
649.83	36.534
650.02	35.913
650.22	36.224
650.42	36.665
650.62	35.950
650.82	36.196
651.01	35.987
651.21	36.240
651.41	35.882
651.61	36.426
651.81	36.054
652.00	35.775
652.20	35.900
652.40	35.827
652.60	36.024
652.79	35.867
652.99	35.543
653.19	36.011
653.39	35.838
653.59	36.645
653.78	35.479
653.98	35.864
654.18	35.753
654.38	35.610
654.57	35.482
654.77	35.743
654.97	35.637
655.17	35.851
655.36	35.764
655.56	36.199
655.76	35.837
655.96	35.712
656.15	35.102
656.35	35.884
656.55	35.581
656.75	35.436
656.94	35.784
657.14	35.615
657.34	35.538
657.54	35.821
657.73	35.509
657.93	35.228
658.13	35.477
658.33	35.567
658.52	35.269
658.72	35.455
658.92	35.238
659.11	35.484
659.31	35.800
659.51	35.317
659.71	35.239
659.90	34.909
660.10	35.479
660.30	35.639
660.50	35.635
660.69	35.332
660.89	35.191
661.09	35.337
661.28	35.108
661.48	35.637
661.68	35.142
661.87	34.970
662.07	34.973
662.27	35.296
662.47	35.098
662.66	35.265
662.86	35.018
663.06	35.280
663.25	35.395
663.45	35.025
663.65	35.303
663.84	35.093
664.04	35.300
664.24	34.852
664.44	34.873
664.63	34.855
664.83	34.971
665.03	35.122
665.22	34.599
665.42	34.651
665.62	34.657
665.81	34.604
666.01	35.186
666.21	34.630
666.40	34.894
666.60	34.811
666.80	35.048
666.99	34.761
667.19	34.854
667.39	34.922
667.58	34.580
667.78	34.567
667.98	34.700
668.17	34.644
668.37	34.635
668.57	34.466
668.76	34.725
668.96	34.668
669.16	34.511
669.35	34.619
669.55	34.508
669.74	34.830
669.94	34.564
670.14	34.416
670.33	34.332
670.53	34.392
670.73	34.554
670.92	34.713
671.12	34.238
671.32	34.734
671.51	34.729
671.71	34.611
671.90	34.276
672.10	34.312
672.30	34.430
672.49	34.491
672.69	34.496
672.89	34.893
673.08	34.537
673.28	34.837
673.47	34.239
673.67	34.693
673.87	34.720
674.06	34.894
674.26	34.868
674.45	34.485
674.65	34.514
674.85	34.220
675.04	34.447
675.24	34.525
675.43	34.930
675.63	34.644
675.83	34.563
676.02	35.073
676.22	34.251
676.41	34.412
676.61	34.814
676.81	34.814
677.00	34.246
677.20	34.415
677.39	34.393
677.59	34.268
677.79	34.279
677.98	34.338
678.18	34.568
678.37	34.678
678.57	34.434
678.76	34.754
678.96	34.604
679.16	34.546
679.35	34.637
679.55	34.808
679.74	34.829
679.94	34.781
680.13	34.573
680.33	34.639
680.53	34.559
680.72	34.262
680.92	34.594
681.11	34.598
681.31	34.644
681.50	34.715
681.70	34.537
681.89	34.503
682.09	34.674
682.28	34.654
682.48	34.632
682.68	34.809
682.87	34.919
683.07	34.969
683.26	34.336
683.46	35.167
683.65	34.640
683.85	34.628
684.04	34.721
684.24	34.749
684.43	34.620
684.63	34.970
684.82	34.569
685.02	34.823
685.21	34.757
685.41	35.106
685.60	35.070
685.80	34.927
686.00	35.583
686.19	35.036
686.39	35.141
686.58	35.060
686.78	35.009
686.97	35.057
687.17	35.149
687.36	35.229
687.56	35.511
687.75	35.373
687.95	35.148
688.14	35.242
688.34	35.411
688.53	35.761
688.73	35.615
688.92	35.534
689.12	35.967
689.31	35.943
689.51	35.450
689.70	35.518
689.89	35.653
690.09	35.573
690.28	36.602
690.48	36.019
690.67	36.264
690.87	35.882
691.06	36.263
691.26	36.317
691.45	36.698
691.65	36.338
691.84	37.067
692.04	36.798
692.23	36.731
692.43	36.533
692.62	36.901
692.82	37.358
693.01	37.041
693.20	37.444
693.40	37.570
693.59	38.107
693.79	37.829
693.98	38.243
694.18	38.365
694.37	38.479
694.57	38.155
694.76	38.913
694.95	39.124
695.15	39.342
695.34	39.604
695.54	39.593
695.73	39.950
695.93	39.984
696.12	40.252
696.32	40.250
696.51	40.979
696.70	40.536
696.90	41.068
697.09	41.457
697.29	41.742
697.48	41.637
697.67	42.468
697.87	42.637
698.06	42.626
698.26	43.082
698.45	42.969
698.65	43.547
698.84	44.298
699.03	44.468
699.23	44.752
699.42	44.880
699.62	45.224
699.81	46.050
700.00	46.043
700.20	46.271
700.39	46.592
700.59	46.627
700.78	46.975
700.97	47.109
701.17	47.861
701.36	47.261
701.56	48.000
701.75	48.817
701.94	49.141
702.14	49.310
702.33	49.801
702.52	50.282
702.72	50.190
702.91	50.648
703.11	51.152
703.30	51.597
703.49	51.944
703.69	52.143
703.88	52.093
704.07	52.713
704.27	52.497
704.46	53.295
704.66	53.350
704.85	54.444
705.04	54.329
705.24	54.253
705.43	54.955
705.62	54.634
705.82	55.720
706.01	55.974
706.20	56.282
706.40	56.154
706.59	56.655
706.78	56.827
706.98	57.328
707.17	57.681
707.36	58.174
707.56	58.120
707.75	58.434
707.94	58.693
708.14	58.894
708.33	59.575
708.52	60.057
708.72	60.110
708.91	60.765
709.10	60.701
709.30	60.826
709.49	61.079
709.68	62.042
709.88	62.363
710.07	61.869
710.26	62.341
710.46	62.725
710.65	63.083
710.84	63.108
711.04	63.401
711.23	64.176
711.42	63.977
711.61	63.715
711.81	64.907
712.00	64.827
712.19	65.462
712.39	65.311
712.58	65.502
712.77	65.703
712.97	66.161
713.16	66.212
713.35	66.722
713.54	66.958
713.74	67.674
713.93	67.293
714.12	68.047
714.32	67.988
714.51	68.583
714.70	69.053
714.89	69.014
715.09	68.933
715.28	69.342
715.47	69.265
715.66	69.862
715.86	70.087
716.05	70.031
716.24	70.798
716.44	71.619
716.63	71.427
716.82	71.639
717.01	71.487
717.21	72.431
717.40	72.391
717.59	72.721
717.78	72.204
717.98	72.731
718.17	73.239
718.36	73.264
718.55	73.748
718.75	73.759
718.94	74.799
719.13	74.828
719.32	74.578
719.52	75.185
719.71	75.922
719.90	75.585
720.09	76.035
720.28	75.752
720.48	76.513
720.67	76.739
720.86	76.860
721.05	77.311
721.25	77.574
721.44	77.529
721.63	77.717
721.82	78.332
722.01	79.050
722.21	78.239
722.40	78.563
722.59	79.278
722.78	79.538
722.98	79.702
723.17	79.784
723.36	79.985
723.55	80.001
723.74	80.307
723.94	80.578
724.13	80.852
724.32	81.166
724.51	80.804
724.70	81.260
724.89	81.782
725.09	82.083
725.28	82.381
725.47	82.300
725.66	81.833
725.85	82.420
726.05	83.017
726.24	83.324
726.43	83.370
726.62	84.071
726.81	84.491
727.00	83.908
727.20	84.164
727.39	84.646
727.58	84.267
727.77	84.287
727.96	85.389
728.15	84.948
728.35	85.182
728.54	86.346
728.73	85.672
728.92	86.222
729.11	86.046
729.30	85.865
729.50	86.446
729.69	86.716
729.88	86.472
730.07	87.287
730.26	86.811
730.45	88.548
730.64	87.506
730.84	87.721
731.03	88.438
731.22	87.875
731.41	88.892
731.60	88.193
731.79	88.989
731.98	88.512
732.18	89.575
732.37	88.622
732.56	88.981
732.75	89.106
732.94	89.262
733.13	89.115
733.32	89.831
733.51	90.653
733.71	90.287
733.90	90.942
734.09	91.039
734.28	89.750
734.47	90.655
734.66	91.322
734.85	91.000
735.04	91.954
735.23	91.335
735.42	91.757
735.62	91.330
735.81	91.776
736.00	91.280
736.19	91.591
736.38	92.169
736.57	92.630
736.76	92.306
736.95	92.009
737.14	93.260
737.33	92.566
737.52	92.788
737.72	93.265
737.91	93.216
738.10	94.051
738.29	93.312
738.48	93.340
738.67	92.881
738.86	93.494
739.05	93.758
739.24	93.242
739.43	93.686
739.62	94.732
739.81	94.620
740.00	94.559
740.19	94.722
740.39	94.106
740.58	93.882
740.77	94.347
740.96	94.427
741.15	95.078
741.34	94.772
741.53	95.241
741.72	95.818
741.91	95.042
742.10	94.976
742.29	95.142
742.48	95.856
742.67	95.665
742.86	94.929
743.05	95.441
743.24	96.259
743.43	96.050
743.62	95.540
743.81	95.472
744.00	95.611
744.19	96.326
744.38	96.406
744.57	96.539
744.76	96.638
744.95	96.833
745.14	96.606
745.33	96.200
745.52	96.973
745.71	96.895
745.90	96.317
746.09	96.589
746.28	96.692
746.47	96.444
746.66	96.969
746.85	97.737
747.04	97.083
747.23	97.480
747.42	96.712
747.61	96.899
747.80	97.467
747.99	97.082
748.18	98.180
748.37	97.558
748.56	98.134
748.75	97.288
748.94	96.969
749.13	97.396
749.32	97.999
749.51	98.011
749.70	97.458
749.89	97.517
750.08	98.038
750.27	97.833
750.46	98.725
750.65	98.225
750.84	97.843
751.03	98.030
751.22	98.642
751.41	97.959
751.60	98.079
751.79	97.561
751.98	97.954
752.17	97.847
752.36	99.059
752.55	98.350
752.74	97.941
752.93	98.366
753.12	98.389
753.30	98.986
753.49	99.118
753.68	98.060
753.87	98.513
754.06	98.599
754.25	98.342
754.44	98.702
754.63	97.696
754.82	97.685
755.01	98.392
755.20	99.019
755.39	98.593
755.58	99.132
755.77	98.712
755.96	98.866
756.14	98.692
756.33	99.166
756.52	99.429
756.71	98.411
756.90	98.993
757.09	98.588
757.28	98.686
757.47	98.755
757.66	99.159
757.85	97.941
758.04	99.499
758.22	99.066
758.41	99.169
758.60	99.014
758.79	98.696
758.98	99.687
759.17	98.962
759.36	98.892
759.55	98.860
759.74	98.991
759.92	98.803
760.11	98.997
760.30	98.746
760.49	98.557
760.68	98.613
760.87	99.256
761.06	99.841
761.25	99.266
761.43	99.641
761.62	99.337
761.81	99.265
762.00	99.624
762.19	98.675
762.38	99.544
762.57	99.319
762.76	99.241
762.94	98.604
763.13	98.768
763.32	99.321
763.51	98.236
763.70	98.934
763.89	99.896
764.07	98.281
764.26	98.296
764.45	99.433
764.64	98.874
764.83	98.718
765.02	99.291
765.21	98.989
765.39	99.125
765.58	99.385
765.77	99.624
765.96	99.360
766.15	98.831
766.34	99.062
766.52	99.740
766.71	99.490
766.90	100.020
767.09	98.640
767.28	98.754
767.46	99.604
767.65	99.014
767.84	98.834
768.03	99.816
768.22	99.767
768.40	99.214
768.59	99.982
768.78	99.282
768.97	98.920
769.16	100.036
769.34	99.192
769.53	99.810
769.72	99.601
769.91	98.737
770.10	98.601
770.28	98.794
770.47	99.548
770.66	99.342
770.85	99.823
771.04	98.753
771.22	100.084
771.41	99.561
771.60	98.772
771.79	100.094
771.98	99.227
772.16	98.223
772.35	99.225
772.54	99.562
772.73	100.587
772.91	98.962
773.10	99.312
773.29	99.249
773.48	99.317
773.66	99.649
773.85	98.124
774.04	99.302
774.23	98.706
774.41	99.478
774.60	99.847
774.79	99.013
774.98	99.213
775.16	99.175
775.35	98.932
775.54	98.987
775.73	98.998
775.91	99.102
776.10	99.344
776.29	99.630
776.48	99.569
776.66	100.343
776.85	98.680
777.04	99.099
777.23	98.954
777.41	98.936
777.60	98.924
777.79	100.026
777.97	99.588
778.16	98.651
778.35	99.598
778.54	99.146
778.72	99.009
778.91	98.722
779.10	99.633
779.28	99.574
779.47	99.688
779.66	99.111
779.85	99.666
780.03	99.059
780.22	98.477
780.41	99.586
780.59	99.386
780.78	99.050
780.97	98.880
781.15	98.353
781.34	99.578
781.53	99.573
781.71	99.089
781.90	99.456
782.09	100.012
782.27	99.688
782.46	99.455
782.65	99.129
782.84	99.381
783.02	99.169
783.21	99.511
783.40	98.953
783.58	99.210
783.77	98.946
783.96	98.401
784.14	99.755
784.33	99.565
784.52	98.316
784.70	99.326
784.89	99.347
785.07	99.580
785.26	99.804
785.45	99.065
785.63	99.821
785.82	99.550
786.01	99.326
786.19	99.512
786.38	99.372
786.57	99.297
786.75	98.991
786.94	99.822
787.13	98.982
787.31	99.308
787.50	98.878
787.68	99.860
787.87	99.111
788.06	99.160
788.24	98.922
788.43	99.124
788.62	99.829
788.80	98.464
788.99	99.499
789.17	99.869
789.36	98.851
789.55	98.369
789.73	98.843
789.92	98.970
790.10	97.717
790.29	98.947
790.48	98.842
790.66	99.087
790.85	99.199
791.03	98.765
791.22	98.676
791.41	99.468
791.59	99.135
791.78	99.398
791.96	98.875
792.15	99.062
792.34	99.825
792.52	99.805
792.71	99.218
792.89	98.838
793.08	99.372
793.27	99.516
793.45	98.594
793.64	99.020
793.82	99.870
794.01	99.213
794.19	99.601
794.38	98.516
794.57	99.323
794.75	100.127
794.94	99.233
795.12	98.418
795.31	99.557
795.49	99.419
795.68	99.608
795.86	98.813
796.05	98.490
796.24	99.216
796.42	99.810
796.61	99.194
796.79	98.943
796.98	98.860
797.16	99.366
797.35	98.810
797.53	99.124
797.72	98.353
797.90	98.047
798.09	98.663
798.27	99.077
798.46	99.316
798.65	99.109
798.83	99.022
799.02	98.858
799.20	98.719
799.39	98.517
799.57	99.708
799.76	99.156
799.94	99.788
800.13	99.373
800.31	99.015
800.50	98.165
800.68	98.791
800.87	99.696
801.05	99.062
801.24	99.002
801.42	99.279
801.61	98.403
801.79	98.971
801.98	100.259
802.16	98.473
802.35	99.280
802.53	98.716
802.72	99.444
802.90	98.701
803.09	98.999
803.27	99.375
803.46	98.901
803.64	99.554
803.83	99.580
804.01	99.209
804.20	99.189
804.38	99.149
804.56	99.165
804.75	98.725
804.93	99.561
805.12	98.579
805.30	99.361
805.49	99.054
805.67	98.694
805.86	99.216
806.04	99.065
806.23	99.106
806.41	98.284
806.59	98.914
806.78	99.640
806.96	98.546
807.15	98.926
807.33	99.060
807.52	98.464
807.70	98.271
807.89	98.582
808.07	99.092
808.25	98.737
808.44	98.199
808.62	99.348
808.81	99.742
808.99	97.957
809.18	98.918
809.36	99.732
809.54	99.815
809.73	99.059
809.91	99.156
810.10	98.275
810.28	98.838
810.47	98.439
810.65	99.633
810.83	98.609
811.02	98.505
811.20	97.955
811.39	99.063
811.57	99.181
811.75	99.084
811.94	99.001
812.12	99.516
812.31	98.420
812.49	98.321
812.67	99.074
812.86	98.959
813.04	98.996
813.23	98.497
813.41	99.122
813.59	98.455
813.78	98.577
813.96	99.535
814.14	99.472
814.33	98.707
814.51	99.054
814.70	98.657
814.88	98.982
815.06	98.899
815.25	99.377
815.43	98.799
815.61	99.232
815.80	98.814
815.98	99.590
816.16	99.331
816.35	98.731
816.53	98.599
816.72	98.638
816.90	98.701
817.08	98.202
817.27	98.788
817.45	99.378
817.63	99.182
817.82	99.036
818.00	99.166
818.18	99.350
818.37	98.972
818.55	98.665
818.73	99.626
818.92	99.591
819.10	98.858
819.28	98.527
819.47	99.211
819.65	99.131
819.83	98.667
820.02	99.360
820.20	99.165
820.38	98.532
820.57	99.440
820.75	98.728
820.93	99.021
821.11	97.664
821.30	98.992
821.48	98.394
821.66	98.776
821.85	98.744
822.03	99.117
822.21	99.490
822.40	98.568
822.58	98.794
822.76	98.840
822.94	98.964
823.13	98.369
823.31	98.798
823.49	98.501
823.68	98.142
823.86	98.090
824.04	100.084
824.22	99.187
824.41	98.706
824.59	98.802
824.77	98.253
824.96	99.337
825.14	99.486
825.32	99.133
825.50	98.748
825.69	99.048
825.87	99.033
826.05	99.177
826.23	98.799
826.42	99.399
826.60	100.083
826.78	98.971
826.96	99.207
827.15	98.687
827.33	99.258
827.51	99.919
827.69	99.223
827.88	98.767
828.06	99.440
828.24	98.523
828.42	99.167
828.61	98.414
828.79	98.478
828.97	97.536
829.15	98.948
829.34	97.767
829.52	98.024
829.70	99.238
829.88	99.314
830.06	99.022
830.25	98.572
830.43	99.018
830.61	99.343
830.79	98.396
830.97	98.006
831.16	98.878
831.34	98.815
831.52	99.093
831.70	98.501
831.89	98.701
832.07	99.517
832.25	98.298
832.43	98.709
832.61	99.067
832.80	98.579
832.98	98.469
833.16	98.652
833.34	98.924
833.52	98.975
833.70	99.265
833.89	98.614
834.07	98.815
834.25	99.144
834.43	99.395
834.61	99.482
834.80	98.776
834.98	98.810
835.16	98.691
835.34	99.495
835.52	99.443
835.70	98.290
835.89	98.937
836.07	98.658
836.25	98.898
836.43	99.569
836.61	99.252
836.79	99.013
836.97	99.314
837.16	98.994
837.34	98.951
837.52	99.800
837.70	99.311
837.88	99.248
838.06	98.569
838.24	98.951
838.43	98.216
838.61	98.411
838.79	98.700
838.97	99.053
839.15	99.575
839.33	98.018
839.51	98.475
839.70	99.364
839.88	98.219
840.06	98.668
840.24	99.388
840.42	99.423
840.60	99.166
840.78	98.469
840.96	98.293
841.14	98.011
841.33	98.712
841.51	98.592
841.69	98.685
841.87	99.042
842.05	98.627
842.23	98.856
842.41	97.903
842.59	98.691
842.77	98.334
842.95	99.215
843.14	98.179
843.32	98.680
843.50	98.593
843.68	98.517
843.86	98.884
844.04	98.889
844.22	98.646
844.40	99.531
844.58	98.911
844.76	99.384
844.94	98.322
845.12	98.605
845.30	99.798
845.49	98.488
845.67	98.536
845.85	98.066
846.03	98.854
846.21	99.121
846.39	98.937
846.57	98.974
846.75	99.886
846.93	99.172
847.11	99.535
847.29	98.006
847.47	98.602
847.65	99.285
847.83	98.715
848.01	98.256
848.19	99.125
848.37	98.170
848.55	98.811
848.73	98.699
848.91	98.082
849.09	98.561
849.27	98.967
849.46	98.907
849.64	98.646
849.82	97.962
850.00	98.887
850.18	99.259
850.36	98.459
850.54	99.442
850.72	98.556
850.90	99.342
851.08	99.060
851.26	98.293
851.44	98.359
851.62	98.698
851.80	98.345
851.98	99.074
852.16	98.992
852.34	99.064
852.52	99.040
852.70	99.054
852.88	98.818
853.06	98.405
853.24	98.785
853.42	97.604
853.60	98.435
853.78	99.067
853.96	98.855
854.14	99.188
854.31	98.232
854.49	98.767
854.67	98.198
854.85	97.583
855.03	98.648
855.21	97.808
855.39	98.970
855.57	98.530
855.75	98.898
855.93	97.931
856.11	98.401
856.29	98.957
856.47	97.832
856.65	99.512
856.83	99.347
857.01	99.405
857.19	98.824
857.37	97.900
857.55	98.404
857.73	98.670
857.91	96.849
858.09	99.223
858.26	99.045
858.44	98.042
858.62	97.601
858.80	98.278
858.98	98.371
859.16	98.708
859.34	98.541
859.52	97.361
859.70	98.189
859.88	98.091
860.06	98.192
860.24	97.827
860.42	99.795
860.59	98.252
860.77	99.495
860.95	98.199
861.13	96.516
861.31	97.688
861.49	98.807
861.67	98.013
861.85	99.282
862.03	98.798
862.21	98.788
862.38	100.054
862.56	99.283
862.74	98.973
862.92	99.141
863.10	98.397
863.28	98.449
863.46	98.415
863.64	98.220
863.82	98.558
863.99	97.920
864.17	98.567
864.35	99.131
864.53	98.394
864.71	97.337
864.89	98.467
865.07	99.582
865.24	98.684
865.42	98.821
865.60	99.408
865.78	99.754
865.96	98.138
866.14	98.843
866.32	99.555
866.49	98.352
866.67	98.513
866.85	98.975
867.03	98.229
867.21	98.233
867.39	98.284
867.56	99.182
867.74	98.673
867.92	98.366
868.10	98.210
868.28	99.149
868.46	99.416
868.63	99.168
868.81	98.206
868.99	97.987
869.17	99.040
869.35	97.740
869.53	98.763
869.70	99.227
869.88	100.536
870.06	97.742
870.24	97.747
870.42	98.878
870.59	98.327
870.77	98.841
870.95	99.151
871.13	99.363
871.31	98.127
871.48	98.810
871.66	99.108
871.84	99.089
872.02	98.627
872.20	98.659
872.37	99.941
872.55	99.271
872.73	99.461
872.91	99.846
873.08	99.026
873.26	99.964
873.44	99.058
873.62	97.299
873.80	97.369
873.97	98.758
874.15	99.229
874.33	98.663
874.51	98.497
874.68	97.717
874.86	98.807
875.04	98.182
875.22	99.712
875.39	98.718
875.57	98.201
875.75	98.635
875.93	98.841
876.10	99.335
876.28	98.556
876.46	98.773
876.64	98.199
876.81	97.060
876.99	97.736
877.17	98.289
877.35	98.123
877.52	97.517
877.70	98.113
877.88	98.868
878.06	98.745
878.23	100.111
878.41	99.060
878.59	98.062
878.76	98.205
878.94	99.293
879.12	99.141
879.30	98.969
879.47	98.006
879.65	99.287
879.83	98.765
880.00	96.959
880.18	98.904
880.36	97.708
880.53	97.213
880.71	97.993
880.89	97.259
881.07	99.185
881.24	98.479
881.42	99.832
881.60	99.102
881.77	99.003
881.95	97.433
882.13	97.087
882.30	98.641
882.48	97.716
882.66	97.943
882.83	97.610
883.01	100.092
883.19	98.802
883.36	97.800
883.54	98.172
883.72	98.421
883.89	99.463
884.07	97.311
884.25	98.688
884.42	100.192
884.60	97.655
884.78	98.088
884.95	97.792
885.13	98.771
885.31	98.745
885.48	98.802
885.66	99.568
885.84	98.780
886.01	98.970
886.19	98.247
886.36	98.202
886.54	98.153
886.72	97.804
886.89	98.906
887.07	98.960
887.25	97.884
887.42	96.823
887.60	98.054
887.78	99.184
887.95	98.315
888.13	98.587
888.30	98.104
888.48	98.598
888.66	98.102
888.83	96.789
889.01	99.034
889.18	97.604
889.36	99.178
889.54	98.967
889.71	98.374
889.89	98.513
890.06	98.938
890.24	97.883
890.42	99.079
890.59	98.269
890.77	99.089
890.94	99.493
891.12	98.117
891.30	98.368
891.47	98.933
891.65	99.915
891.82	98.219
892.00	99.103
892.17	99.004
892.35	99.453
892.53	98.581
892.70	100.103
892.88	97.164
893.05	98.100
893.23	97.450
893.40	99.523
893.58	99.609
893.75	99.599
893.93	99.637
894.11	99.531
894.28	98.955
894.46	99.474
894.63	97.612
894.81	97.594
894.98	98.414
895.16	98.257
895.33	99.294
895.51	97.415
895.68	100.154
895.86	99.155
896.04	99.331
896.21	98.842
896.39	99.669
896.56	98.174
896.74	99.321
896.91	99.207
897.09	97.490
897.26	97.869
897.44	100.183
897.61	98.008
897.79	98.245
897.96	98.791
898.14	99.547
898.31	98.597
898.49	99.574
898.66	98.611
898.84	99.765
899.01	98.787
899.19	99.978
899.36	98.535
899.54	99.094
899.71	98.438
899.89	99.035
900.06	97.963
900.24	99.748
900.41	99.216
900.59	99.013
900.76	99.409
900.94	99.089
901.11	98.734
901.29	98.696
901.46	98.329
901.63	99.063
901.81	98.539
901.98	99.705
902.16	99.135
902.33	98.873
902.51	99.921
902.68	97.018
902.86	98.309
903.03	98.389
903.21	98.595
903.38	99.545
903.56	98.073
903.73	98.630
903.90	99.406
904.08	99.309
904.25	100.182
904.43	99.483
904.60	98.088
904.78	100.255
904.95	99.533
905.12	97.643
905.30	99.053
905.47	99.898
905.65	100.542
905.82	97.935
906.00	97.971
906.17	99.513
906.34	99.738
906.52	98.915
906.69	97.889
906.87	98.517
907.04	97.234
907.21	98.293
907.39	97.834
907.56	99.588
907.74	98.440
907.91	97.987
908.08	97.673
908.26	98.544
908.43	98.036
908.61	99.655
908.78	100.006
908.95	101.156
909.13	100.139
909.30	98.238
909.48	98.060
909.65	98.974
909.82	98.259
910.00	97.989
910.17	99.685
910.34	98.484
910.52	97.511
910.69	100.343
910.87	99.655
911.04	97.988
911.21	99.484
911.39	98.707
911.56	97.580
911.73	98.554
911.91	99.875
912.08	98.629
912.25	98.635
912.43	99.898
912.60	99.164
912.77	98.668
912.95	99.621
913.12	99.793
913.29	98.950
913.47	100.369
913.64	98.010
913.81	99.156
913.99	98.237
914.16	98.778
914.33	99.816
914.51	99.046
914.68	98.592
914.85	99.194
915.03	98.180
915.20	98.527
915.37	97.804
915.55	98.338
915.72	98.565
915.89	98.401
916.07	99.598
916.24	97.901
916.41	97.995
916.59	99.551
916.76	98.379
916.93	98.601
917.10	100.032
917.28	98.877
917.45	99.423
917.62	98.822
917.80	99.006
917.97	98.975
918.14	97.628
918.31	99.417
918.49	99.273
918.66	99.448
918.83	97.810
919.01	98.694
919.18	97.861
919.35	98.919
919.52	97.514
919.70	97.985
919.87	97.913
920.04	98.809
920.21	98.095
920.39	98.014
920.56	98.866
920.73	98.811
920.90	98.446
921.08	99.237
921.25	99.448
921.42	98.240
921.59	99.209
921.77	98.488
921.94	100.029
922.11	98.335
922.28	98.247
922.46	97.509
922.63	98.037
922.80	98.848
922.97	98.381
923.15	98.985
923.32	99.671
923.49	99.337
923.66	100.285
923.83	99.826
924.01	99.337
924.18	98.526
924.35	97.567
924.52	98.628
924.69	97.973
924.87	99.671
925.04	98.716
925.21	100.489
925.38	98.862
925.55	99.968
925.73	97.619
925.90	96.725
926.07	97.938
926.24	98.539
926.41	97.558
926.59	97.909
926.76	97.783
926.93	98.813
927.10	98.527
927.27	99.983
927.45	97.450
927.62	98.912
927.79	98.543
927.96	97.229
928.13	98.200
928.30	100.142
928.48	99.760
928.65	97.158
928.82	99.100
928.99	100.154
929.16	98.334
929.33	98.926
929.50	99.090
929.68	97.485
929.85	98.682
930.02	97.654
930.19	99.199
930.36	97.660
930.53	99.674
930.70	98.049
930.88	98.463
931.05	97.557
931.22	95.887
931.39	99.309
931.56	97.974
931.73	99.139
931.90	99.888
932.08	95.952
932.25	96.607
932.42	99.765
932.59	98.271
932.76	99.598
932.93	99.263
933.10	97.805
933.27	95.808
933.44	97.229
933.62	98.802
933.79	98.606
933.96	97.473
934.13	99.539
934.30	99.189
934.47	98.045
934.64	96.016
934.81	96.946
934.98	95.730
935.15	99.014
935.32	99.041
935.50	99.063
935.67	99.266
935.84	99.106
936.01	98.399
936.18	97.007
936.35	98.878
936.52	96.780
936.69	96.975
936.86	94.978
937.03	97.966
937.20	98.511
937.37	93.581
937.54	98.327
937.71	95.599
937.89	97.244
938.06	95.761
938.23	94.585
938.40	93.509
938.57	97.000
938.74	97.653
938.91	96.716
939.08	94.946
939.25	100.927
939.42	97.646
939.59	93.788
939.76	93.380
939.93	94.004
940.10	97.512
940.27	95.087
940.44	100.615
940.61	95.687
940.78	96.758
940.95	99.615
941.12	98.565
941.29	95.663
941.46	96.228
941.63	94.920
941.80	96.625
941.97	96.510
942.14	101.034
942.31	97.143
942.48	98.348
942.65	97.057
942.82	96.369
942.99	98.672
943.16	99.785
943.33	94.479
943.50	97.376
943.67	99.925
943.84	102.125
944.01	101.751
944.18	100.222
944.35	98.937
944.52	99.553
944.69	99.963
944.86	96.344
945.03	99.733
945.20	97.519
945.37	93.374
945.54	100.846
945.71	98.524
945.88	97.679
946.05	101.928
946.22	92.446
946.39	99.719
946.56	98.782
946.73	96.099
946.90	98.301
947.07	93.998
947.23	102.477
947.40	97.977
947.57	97.577
947.74	94.329
947.91	94.866
948.08	92.733
948.25	98.699
948.42	98.303
948.59	100.331
948.76	97.735
948.93	99.645
949.10	98.435
949.27	97.414
949.44	98.846
949.60	90.914
949.77	95.732
949.94	96.503
950.11	96.646
950.28	98.204
950.45	95.325
950.62	102.453
950.79	93.977
950.96	97.604
951.13	95.777
951.30	94.202
951.46	96.924
951.63	97.623
951.80	95.821
951.97	99.860
952.14	96.217
952.31	98.011
952.48	99.238
952.65	101.897
952.81	99.105
952.98	97.114
953.15	91.846
953.32	99.212
953.49	97.657
953.66	98.424
953.83	94.307
954.00	100.000
954.16	95.510
954.33	94.390
954.50	94.909
954.67	99.630
954.84	95.376
955.01	95.312
955.18	95.911
955.34	96.772
955.51	99.466
955.68	99.440
955.85	95.356
956.02	97.475
956.19	96.830
956.35	98.577
956.52	97.633
956.69	94.306
956.86	98.608
957.03	97.833
957.20	93.368
957.36	98.065
957.53	96.856
957.70	99.098
957.87	100.966
958.04	98.270
958.21	98.874
958.37	96.945
958.54	98.468
958.71	98.618
958.88	99.863
959.05	97.163
959.21	96.067
959.38	97.628
959.55	96.850
959.72	96.830
959.89	97.415
960.05	95.688
960.22	96.689
960.39	97.274
960.56	96.311
960.72	98.357
960.89	94.472
961.06	97.660
961.23	100.110
961.40	97.729
961.56	102.527
961.73	97.423
961.90	97.693
962.07	98.408
962.23	99.892
962.40	99.161
962.57	93.768
962.74	97.429
962.90	96.371
963.07	100.239
963.24	97.398
963.41	97.556
963.57	97.376
963.74	100.757
963.91	94.711
964.08	95.559
964.24	98.338
964.41	96.155
964.58	100.221
964.75	97.003
964.91	94.288
965.08	94.750
965.25	97.021
965.42	99.745
965.58	98.562
965.75	96.510
965.92	97.078
966.08	94.220
966.25	95.510
966.42	100.473
966.59	95.974
966.75	96.787
966.92	96.605
967.09	95.489
967.25	97.394
967.42	98.626
967.59	96.728
967.75	95.004
967.92	99.722
968.09	97.055
968.26	96.888
968.42	94.338
968.59	97.228
968.76	97.239
968.92	97.457
969.09	98.529
969.26	95.216
969.42	98.563
969.59	96.994
969.76	95.904
969.92	96.607
970.09	97.171
970.26	97.228
970.42	96.288
970.59	96.606
970.76	98.824
970.92	95.644
971.09	97.002
971.26	96.962
971.42	95.500
971.59	95.978
971.76	97.926
971.92	98.759
972.09	98.907
972.25	98.333
972.42	97.608
972.59	95.097
972.75	97.098
972.92	98.359
973.09	97.416
973.25	96.743
973.42	98.847
973.58	97.574
973.75	96.429
973.92	97.287
974.08	95.719
974.25	96.507
974.42	98.675
974.58	98.341
974.75	97.001
974.91	95.857
975.08	97.166
975.25	97.456
975.41	98.433
975.58	96.678
975.74	99.583
975.91	97.779
976.08	97.954
976.24	96.571
976.41	95.945
976.57	97.973
976.74	100.831
976.91	100.570
977.07	98.792
977.24	95.318
977.40	101.522
977.57	101.094
977.73	98.294
977.90	95.616
978.07	99.075
978.23	94.364
978.40	98.220
978.56	98.961
978.73	95.193
978.89	96.525
979.06	100.676
979.22	97.905
979.39	95.387
979.56	99.512
979.72	96.845
979.89	98.573
980.05	100.580
980.22	100.202
980.38	100.930
980.55	101.875
980.71	96.838
980.88	96.531
981.04	98.502
981.21	97.160
981.37	100.990
981.54	97.660
981.70	96.043
981.87	95.169
982.04	98.892
982.20	96.990
982.37	98.428
982.53	93.284
982.70	95.109
982.86	102.050
983.03	101.268
983.19	98.085
983.36	99.680
983.52	97.755
983.69	96.426
983.85	101.688
984.02	96.813
984.18	97.464
984.35	97.874
984.51	97.118
984.68	97.723
984.84	96.692
985.00	98.910
985.17	98.423
985.33	99.753
985.50	95.787
985.66	97.330
985.83	99.972
985.99	95.370
986.16	97.070
986.32	92.764
986.49	98.169
986.65	98.062
986.82	96.977
986.98	102.534
987.15	97.907
987.31	99.353
987.47	96.225
987.64	95.887
987.80	98.024
987.97	96.643
988.13	98.953
988.30	97.111
988.46	95.773
988.63	100.504
988.79	101.701
988.95	94.209
989.12	101.244
989.28	97.874
989.45	98.326
989.61	97.094
989.77	96.716
989.94	95.024
990.10	96.439
990.27	99.469
990.43	96.670
990.60	97.246
990.76	96.944
990.92	97.273
991.09	96.450
991.25	99.290
991.42	95.502
991.58	97.019
991.74	99.176
991.91	97.462
992.07	102.011
992.24	97.551
992.40	97.931
992.56	98.843
992.73	96.288
992.89	96.287
993.05	98.373
993.22	92.371
993.38	94.519
993.55	102.354
993.71	98.247
993.87	94.546
994.04	93.464
994.20	99.965
994.36	96.660
994.53	99.552
994.69	95.840
994.85	97.476
995.02	96.471
995.18	99.395
995.34	102.334
995.51	99.493
995.67	97.147
995.84	99.015
996.00	96.684
996.16	102.654
996.33	97.640
996.49	93.132
996.65	97.326
996.82	93.295
996.98	99.719
997.14	97.909
997.31	99.303
997.47	100.110
997.63	94.695
997.79	95.767
997.96	96.047
998.12	92.855
998.28	91.474
998.45	95.683
998.61	97.586
998.77	94.279
998.94	97.680
999.10	99.079
999.26	100.312
999.43	96.481
999.59	99.290
999.75	99.847
999.91	94.484
1000.08	99.920
1000.24	94.911
1000.40	98.436
1000.57	95.394
1000.73	100.737
1000.89	98.848
1001.05	98.746
1001.22	95.265
1001.38	94.476
1001.54	100.784
1001.70	98.950
1001.87	97.879
1002.03	94.996
1002.19	98.118
1002.35	101.514
1002.52	97.641
1002.68	95.689
1002.84	99.871
1003.00	94.070
1003.17	97.673
1003.33	103.560
1003.49	94.823
1003.65	97.808
1003.82	92.395
1003.98	99.910
1004.14	99.512
1004.30	93.772
1004.47	99.816
1004.63	100.376
1004.79	100.367
1004.95	91.984
1005.11	102.940
1005.28	100.144
1005.44	94.583
1005.60	92.864
1005.76	99.394
1005.93	96.915
1006.09	101.587
1006.25	95.362
1006.41	102.060
1006.57	100.281
1006.74	100.648
1006.90	100.842
1007.06	105.104
1007.22	97.733
1007.38	99.391
1007.55	93.224
1007.71	103.265
1007.87	102.940
1008.03	97.075
1008.19	98.634
1008.35	105.281
1008.52	95.010
1008.68	104.238
1008.84	97.039
1009.00	98.747
1009.16	92.347
1009.32	97.561
1009.49	92.223
1009.65	99.420
1009.81	108.000
1009.97	95.264
1010.13	89.507
1010.29	98.662
1010.46	93.908
1010.62	98.894
1010.78	102.328
1010.94	99.777
1011.10	98.375
1011.26	96.622
1011.42	99.887
1011.59	105.663
1011.75	96.992
1011.91	104.679
1012.07	95.821
1012.23	94.444
1012.39	98.518
1012.55	109.129
1012.71	99.010
1012.88	102.945
1013.04	91.555
1013.20	92.528
1013.36	99.108
1013.52	97.098
1013.68	99.317
1013.84	92.986
1014.00	97.349
1014.16	106.936
1014.33	102.204
1014.49	94.885
1014.65	101.086
1014.81	98.429
1014.97	103.053
1015.13	93.283
1015.29	98.442
1015.45	94.287
1015.61	89.062
1015.77	96.313
1015.93	98.883
1016.09	92.003
1016.26	98.683
1016.42	92.331
1016.58	96.909
1016.74	106.095
1016.90	94.284
1017.06	95.303
1017.22	97.521
1017.38	100.915
1017.54	96.946
1017.70	90.116
1017.86	95.762
1018.02	97.785
1018.18	96.720
1018.34	96.639
1018.50	104.066
1018.66	90.440
1018.82	96.845
1018.98	95.719
1019.14	98.147
1019.31	96.023
1019.47	103.608
1019.63	98.698
1019.79	97.368
1019.95	93.087
1020.11	101.066
1020.27	96.412
1020.43	97.392
1020.59	98.138
1020.75	100.164
1020.91	99.096
1021.07	101.939
1021.23	111.322
1021.39	88.907
1021.55	97.565
1021.71	97.724
1021.87	101.347
1022.03	86.329
1022.19	98.216
1022.35	98.852
1022.51	114.244
1022.67	99.640
1022.83	104.078
1022.99	106.324
1023.15	100.429
1023.31	104.766
1023.47	101.866
1023.63	92.954
1023.79	97.227
1023.95	96.403
1024.10	104.444
1024.26	104.928
1024.42	93.094
1024.58	103.223
1024.74	113.235
1024.90	93.215
1025.06	97.364
1025.22	97.491
1025.38	94.260
1025.54	87.446
1025.70	94.789
1025.86	89.483
1026.02	90.731
1026.18	92.414
1026.34	88.837
1026.50	95.131
1026.66	119.763
1026.82	99.198
1026.98	105.894
1027.13	97.198
1027.29	88.254
1027.45	117.058
1027.61	93.153
1027.77	105.189
1027.93	99.199
1028.09	94.928
1028.25	98.954
1028.41	95.538
1028.57	104.158
1028.73	84.008
1028.88	100.118
1029.04	102.657
1029.20	107.243
1029.36	86.771
1029.52	105.093
1029.68	111.971
1029.84	94.111
1030.00	106.174
1030.16	96.376
1030.32	102.826
1030.47	102.795
1030.63	94.201
1030.79	94.743
1030.95	109.101
1031.11	92.890
1031.27	102.797
1031.43	94.541
1031.59	98.010
1031.74	108.774
1031.90	90.909
1032.06	103.052
1032.22	93.236
1032.38	91.788
1032.54	92.914
1032.69	97.864
1032.85	74.800
1033.01	97.179
1033.17	103.980
1033.33	95.769
1033.49	101.902
1033.65	99.685
1033.80	99.384
1033.96	86.808
1034.12	95.739
1034.28	96.728
1034.44	104.360
1034.60	117.266
1034.75	82.520
1034.91	94.696
1035.07	105.241
1035.23	102.345
1035.39	88.432
1035.54	91.945
1035.70	121.405
1035.86	93.456
1036.02	95.888
1036.18	107.325
1036.33	99.074
1036.49	104.159
1036.65	127.212
1036.81	94.097
1036.97	103.039
1037.12	106.542
1037.28	105.223
1037.44	111.786
1037.60	106.624
1037.76	83.442
1037.91	101.299
1038.07	98.630
1038.23	116.698
1038.39	98.137
1038.54	79.211
1038.70	101.619
1038.86	82.519
1039.02	81.670
1039.17	99.102
1039.33	99.650
1039.49	90.943
1039.65	100.734
1039.80	101.434
1039.96	106.022
1040.12	104.982
1040.28	97.093
>>>>> Data<<<<< Espectral Procesado Extremo
