Fichero De Datos De SpectraSuite
++++++++++++++++++++++++++++++++++++
Fecha: Mon Jun 29 12:15:29 CST 2026
Usuario: Deodanes
Presente Oscuro Del Espectro: Sí
La Referencia de Presente Del Espectro De: Sí
Muestreados de los componentes de Número de espectros: 1
Espectrómetros: USB4H06056
Tiempo de integración (usec): 300000 (USB4H06056)
Promedio de Espectros Hechos un: 5 (USB4H06056)
El Alisar Del Furgón: 0 (USB4H06056)
Párrafo de de Corregir del la del del de Eléctrica del obscuridad: No (USB4H06056)
Estrobo/Lámpara Permitido: No (USB4H06056)
Correct for Detector Non-linearity: No (USB4H06056)
Párrafo de de Corregir del la del del de Externa del luz: No (USB4H06056)
Procesado del espectro de Número de pixeles en: 3648
>>>>> Comienza Data<<<<< Espectral Procesado Del EL
345.09	368.421
345.30	368.421
345.52	368.421
345.74	2.273
345.95	105.000
346.17	181.395
346.39	50.000
346.60	-201.695
346.82	90.196
347.04	-33.708
347.25	77.852
347.47	22.727
347.69	447.500
347.90	-1085.714
348.12	95.556
348.34	209.091
348.56	327.907
348.77	80.822
348.99	97.170
349.21	49.112
349.42	156.522
349.64	59.091
349.86	-29.060
350.07	75.527
350.29	-480.000
350.51	792.308
350.72	68.712
350.94	139.167
351.16	98.429
351.37	117.000
351.59	54.106
351.81	116.580
352.02	128.829
352.24	366.667
352.46	47.368
352.67	-160.870
352.89	2900.000
353.10	69.369
353.32	116.176
353.54	93.243
353.75	13.208
353.97	51.087
354.19	-9.756
354.40	91.613
354.62	69.048
354.84	72.152
355.05	71.429
355.27	209.589
355.49	90.196
355.70	130.120
355.92	39.073
356.14	60.000
356.35	82.278
356.57	43.289
356.78	134.444
357.00	79.348
357.22	48.701
357.43	69.767
357.65	79.255
357.87	74.733
358.08	91.111
358.30	75.862
358.51	37.975
358.73	59.804
358.95	60.674
359.16	29.897
359.38	978.947
359.60	134.737
359.81	-184.375
360.03	120.225
360.24	101.156
360.46	52.113
360.68	-9.231
360.89	55.118
361.11	68.506
361.33	4600.000
361.54	53.846
361.76	104.969
361.97	79.535
362.19	142.982
362.41	128.289
362.62	29.787
362.84	56.393
363.05	-1100.000
363.27	78.855
363.49	90.411
363.70	67.677
363.92	281.481
364.13	87.586
364.35	98.246
364.57	-20.870
364.78	78.862
365.00	152.778
365.21	33.463
365.43	73.950
365.65	104.110
365.86	110.606
366.08	42.405
366.29	52.532
366.51	74.603
366.73	64.324
366.94	80.240
367.16	95.161
367.37	59.449
367.59	25.191
367.80	36.145
368.02	38.095
368.24	35.602
368.45	125.625
368.67	73.457
368.88	78.676
369.10	130.000
369.31	64.912
369.53	67.857
369.75	83.810
369.96	105.848
370.18	66.848
370.39	62.963
370.61	94.737
370.82	27.612
371.04	54.472
371.26	60.791
371.47	63.816
371.69	63.008
371.90	37.131
372.12	71.622
372.33	63.158
372.55	72.340
372.76	105.473
372.98	105.102
373.20	40.816
373.41	95.708
373.63	77.665
373.84	105.109
374.06	74.545
374.27	86.792
374.49	56.906
374.70	116.143
374.92	71.123
375.13	64.706
375.35	59.903
375.57	86.957
375.78	76.296
376.00	111.628
376.21	141.589
376.43	99.130
376.64	87.793
376.86	85.127
377.07	84.358
377.29	52.703
377.50	20.118
377.72	66.867
377.93	115.862
378.15	49.265
378.36	39.437
378.58	83.254
378.80	64.762
379.01	52.439
379.23	75.962
379.44	34.562
379.66	56.308
379.87	100.985
380.09	70.782
380.30	76.271
380.52	64.684
380.73	37.917
380.95	62.500
381.16	144.086
381.38	51.987
381.59	72.555
381.81	55.124
382.02	139.823
382.24	69.333
382.45	35.638
382.67	80.108
382.88	62.727
383.10	50.610
383.31	84.277
383.53	38.682
383.74	98.312
383.96	104.498
384.17	62.059
384.39	68.768
384.60	79.771
384.82	51.111
385.03	36.253
385.25	58.301
385.46	81.413
385.68	97.541
385.89	53.311
386.11	74.160
386.32	46.203
386.54	147.312
386.75	29.693
386.97	81.982
387.18	68.750
387.40	72.391
387.61	40.714
387.83	59.626
388.04	59.206
388.25	92.933
388.47	65.426
388.68	70.466
388.90	60.076
389.11	79.202
389.33	63.636
389.54	53.314
389.76	80.634
389.97	62.007
390.19	53.741
390.40	64.691
390.62	62.500
390.83	85.139
391.05	74.462
391.26	29.811
391.47	48.927
391.69	82.558
391.90	57.705
392.12	104.887
392.33	33.189
392.55	85.417
392.76	59.326
392.98	44.415
393.19	64.103
393.41	67.380
393.62	69.792
393.83	69.189
394.05	93.312
394.26	99.660
394.48	46.851
394.69	81.022
394.91	57.325
395.12	69.270
395.34	59.619
395.55	48.257
395.76	99.502
395.98	67.526
396.19	38.447
396.41	40.816
396.62	70.190
396.84	72.407
397.05	42.718
397.26	51.422
397.48	84.012
397.69	60.215
397.91	63.350
398.12	50.826
398.33	68.150
398.55	61.111
398.76	49.639
398.98	44.789
399.19	56.564
399.41	53.992
399.62	73.474
399.83	65.814
400.05	59.719
400.26	77.859
400.48	43.633
400.69	61.746
400.90	66.154
401.12	65.112
401.33	55.579
401.55	59.346
401.76	48.491
401.97	54.705
402.19	21.655
402.40	57.905
402.62	45.287
402.83	64.095
403.04	44.762
403.26	52.189
403.47	78.116
403.69	51.498
403.90	61.620
404.11	76.965
404.33	50.743
404.54	56.661
404.76	62.016
404.97	45.271
405.18	58.526
405.40	55.835
405.61	47.297
405.83	31.837
406.04	48.826
406.25	39.832
406.47	55.292
406.68	37.152
406.89	56.719
407.11	63.327
407.32	52.063
407.54	41.204
407.75	42.598
407.96	49.481
408.18	51.923
408.39	39.513
408.60	31.433
408.82	59.238
409.03	46.552
409.24	51.815
409.46	55.153
409.67	47.462
409.89	39.455
410.10	42.551
410.31	42.664
410.53	48.050
410.74	44.292
410.95	42.721
411.17	48.686
411.38	43.980
411.59	29.079
411.81	34.649
412.02	38.392
412.23	50.503
412.45	39.577
412.66	41.014
412.87	34.807
413.09	43.653
413.30	38.187
413.51	30.402
413.73	37.821
413.94	44.362
414.15	41.703
414.37	27.337
414.58	38.693
414.79	42.880
415.01	33.965
415.22	40.051
415.43	34.415
415.65	33.436
415.86	29.327
416.07	31.617
416.29	31.166
416.50	32.327
416.71	26.333
416.93	26.469
417.14	26.120
417.35	36.337
417.57	30.095
417.78	25.059
417.99	28.404
418.21	34.434
418.42	20.556
418.63	22.914
418.85	825.974
419.06	29.727
419.27	24.568
419.48	28.008
419.70	24.541
419.91	27.563
420.12	27.940
420.34	22.734
420.55	18.850
420.76	23.259
420.98	21.035
421.19	21.520
421.40	24.263
421.61	17.823
421.83	22.049
422.04	19.030
422.25	18.880
422.47	22.375
422.68	19.701
422.89	17.969
423.11	21.541
423.32	16.673
423.53	15.842
423.74	19.909
423.96	18.176
424.17	18.097
424.38	16.379
424.59	14.910
424.81	21.891
425.02	15.768
425.23	18.454
425.45	18.050
425.66	21.103
425.87	20.586
426.08	15.222
426.30	17.481
426.51	18.292
426.72	15.027
426.93	18.151
427.15	16.270
427.36	17.770
427.57	17.397
427.79	17.276
428.00	15.888
428.21	38.425
428.42	14.527
428.64	16.274
428.85	14.728
429.06	18.366
429.27	15.170
429.49	14.480
429.70	15.126
429.91	15.842
430.12	14.895
430.34	15.427
430.55	14.877
430.76	15.021
430.97	16.547
431.19	12.974
431.40	16.263
431.61	14.263
431.82	15.942
432.03	10.439
432.25	13.856
432.46	13.699
432.67	14.231
432.88	15.530
433.10	16.158
433.31	14.914
433.52	14.994
433.73	15.326
433.95	13.802
434.16	14.694
434.37	15.074
434.58	14.072
434.79	14.217
435.01	14.472
435.22	14.267
435.43	15.527
435.64	13.926
435.86	17.111
436.07	15.887
436.28	12.483
436.49	13.982
436.70	11.677
436.92	13.294
437.13	14.230
437.34	14.278
437.55	13.776
437.76	13.494
437.98	14.603
438.19	14.595
438.40	12.921
438.61	14.045
438.82	14.383
439.04	13.525
439.25	13.713
439.46	13.599
439.67	13.283
439.88	13.786
440.10	13.916
440.31	12.363
440.52	14.930
440.73	13.803
440.94	14.081
441.16	14.993
441.37	13.230
441.58	13.101
441.79	13.448
442.00	13.502
442.21	12.844
442.43	12.087
442.64	11.999
442.85	12.771
443.06	12.350
443.27	13.782
443.48	13.748
443.70	14.531
443.91	14.178
444.12	13.867
444.33	13.005
444.54	14.600
444.75	13.512
444.97	12.106
445.18	13.601
445.39	12.363
445.60	14.292
445.81	12.226
446.02	12.473
446.24	14.095
446.45	13.198
446.66	11.745
446.87	13.917
447.08	12.511
447.29	12.073
447.51	12.631
447.72	13.455
447.93	12.153
448.14	12.550
448.35	14.511
448.56	13.931
448.77	13.767
448.99	12.319
449.20	13.302
449.41	14.847
449.62	12.855
449.83	13.222
450.04	11.827
450.25	13.568
450.46	10.448
450.68	12.591
450.89	14.537
451.10	13.997
451.31	12.835
451.52	12.244
451.73	12.456
451.94	14.182
452.15	12.820
452.37	12.587
452.58	14.153
452.79	12.221
453.00	12.604
453.21	13.403
453.42	12.827
453.63	12.296
453.84	13.429
454.06	12.686
454.27	13.000
454.48	12.847
454.69	12.274
454.90	12.582
455.11	12.219
455.32	13.139
455.53	13.144
455.74	12.342
455.95	13.171
456.17	13.392
456.38	13.983
456.59	11.976
456.80	12.645
457.01	13.960
457.22	12.149
457.43	13.090
457.64	13.342
457.85	13.026
458.06	13.894
458.27	13.873
458.49	13.081
458.70	11.471
458.91	13.468
459.12	12.975
459.33	14.168
459.54	13.475
459.75	12.757
459.96	13.108
460.17	14.940
460.38	13.423
460.59	13.308
460.80	13.772
461.01	12.996
461.23	13.717
461.44	13.571
461.65	11.771
461.86	13.660
462.07	13.747
462.28	14.226
462.49	13.186
462.70	13.339
462.91	14.806
463.12	14.159
463.33	12.679
463.54	12.802
463.75	13.510
463.96	14.194
464.17	13.837
464.38	13.744
464.59	14.128
464.81	12.990
465.02	13.393
465.23	13.718
465.44	14.621
465.65	13.287
465.86	13.672
466.07	14.258
466.28	13.664
466.49	14.747
466.70	13.583
466.91	14.292
467.12	15.019
467.33	14.097
467.54	13.484
467.75	13.970
467.96	14.324
468.17	13.573
468.38	12.844
468.59	12.735
468.80	14.270
469.01	13.827
469.22	13.952
469.43	13.777
469.64	14.897
469.85	13.889
470.06	13.115
470.27	13.224
470.48	13.932
470.69	13.357
470.90	14.210
471.11	14.365
471.32	15.000
471.53	13.092
471.74	14.623
471.95	13.193
472.16	13.831
472.37	14.048
472.58	13.604
472.79	13.902
473.00	12.964
473.21	14.791
473.42	13.057
473.63	13.920
473.84	13.826
474.05	14.576
474.26	13.955
474.47	13.644
474.68	14.785
474.89	13.756
475.10	13.980
475.31	13.132
475.52	13.509
475.73	14.339
475.94	13.774
476.15	14.342
476.36	13.156
476.57	14.656
476.78	13.525
476.99	14.136
477.20	14.025
477.41	14.371
477.62	13.819
477.83	13.856
478.04	13.570
478.25	13.277
478.46	13.082
478.67	12.925
478.88	14.053
479.09	14.417
479.30	15.014
479.51	13.657
479.72	13.676
479.93	13.709
480.14	13.408
480.35	14.018
480.56	13.627
480.77	13.643
480.98	13.249
481.18	14.401
481.39	14.373
481.60	13.592
481.81	13.396
482.02	12.925
482.23	13.473
482.44	14.331
482.65	13.858
482.86	13.626
483.07	14.103
483.28	13.531
483.49	13.851
483.70	13.671
483.91	13.934
484.12	13.319
484.33	13.913
484.53	14.133
484.74	13.750
484.95	13.450
485.16	13.849
485.37	14.080
485.58	13.819
485.79	13.749
486.00	13.560
486.21	13.611
486.42	13.738
486.63	14.387
486.84	13.788
487.05	13.901
487.25	14.015
487.46	14.079
487.67	13.431
487.88	13.616
488.09	14.102
488.30	13.536
488.51	6.603
488.72	13.989
488.93	13.386
489.14	14.281
489.35	13.663
489.55	13.347
489.76	13.542
489.97	13.976
490.18	14.423
490.39	14.094
490.60	13.767
490.81	13.822
491.02	13.452
491.23	13.576
491.43	14.069
491.64	14.477
491.85	13.556
492.06	14.663
492.27	14.053
492.48	14.031
492.69	13.662
492.90	13.978
493.11	13.558
493.31	13.805
493.52	13.285
493.73	14.476
493.94	14.777
494.15	13.667
494.36	13.881
494.57	13.792
494.78	13.940
494.98	14.173
495.19	13.737
495.40	13.941
495.61	13.828
495.82	14.097
496.03	13.894
496.24	13.641
496.44	13.664
496.65	14.123
496.86	13.584
497.07	13.821
497.28	14.274
497.49	13.659
497.70	14.160
497.90	14.042
498.11	14.288
498.32	14.176
498.53	14.055
498.74	14.309
498.95	14.459
499.15	14.118
499.36	13.851
499.57	14.310
499.78	14.202
499.99	14.373
500.20	13.859
500.40	13.874
500.61	13.870
500.82	14.272
501.03	13.823
501.24	14.216
501.45	14.342
501.65	14.178
501.86	14.270
502.07	14.347
502.28	14.519
502.49	14.504
502.70	14.263
502.90	13.985
503.11	14.098
503.32	14.309
503.53	14.089
503.74	14.455
503.94	14.311
504.15	14.448
504.36	14.058
504.57	14.073
504.78	14.414
504.98	13.914
505.19	14.895
505.40	14.476
505.61	14.262
505.82	14.313
506.02	14.323
506.23	14.376
506.44	14.476
506.65	14.460
506.86	14.047
507.06	14.597
507.27	14.578
507.48	14.411
507.69	14.126
507.90	14.443
508.10	14.344
508.31	14.277
508.52	14.232
508.73	14.419
508.94	14.244
509.14	14.430
509.35	14.834
509.56	14.419
509.77	14.509
509.97	14.349
510.18	14.682
510.39	14.408
510.60	14.783
510.80	14.802
511.01	14.625
511.22	14.522
511.43	14.724
511.64	14.684
511.84	14.790
512.05	14.483
512.26	14.778
512.47	15.039
512.67	14.848
512.88	14.861
513.09	14.884
513.30	14.826
513.50	14.982
513.71	14.629
513.92	15.294
514.13	14.909
514.33	15.097
514.54	15.113
514.75	15.190
514.96	14.951
515.16	15.089
515.37	15.272
515.58	15.315
515.78	14.779
515.99	15.433
516.20	15.364
516.41	15.211
516.61	15.393
516.82	15.301
517.03	15.538
517.24	15.253
517.44	15.472
517.65	15.250
517.86	15.356
518.07	15.461
518.27	15.526
518.48	15.427
518.69	15.593
518.89	15.902
519.10	15.627
519.31	15.676
519.52	16.037
519.72	15.922
519.93	15.978
520.14	15.800
520.34	15.741
520.55	16.091
520.76	16.003
520.96	16.030
521.17	15.824
521.38	16.513
521.59	16.287
521.79	16.234
522.00	16.258
522.21	16.277
522.41	16.614
522.62	16.519
522.83	16.275
523.03	16.653
523.24	16.987
523.45	16.498
523.66	17.043
523.86	16.844
524.07	17.306
524.28	17.100
524.48	17.025
524.69	17.192
524.90	17.400
525.10	16.615
525.31	17.426
525.52	17.457
525.72	17.685
525.93	17.277
526.14	17.190
526.34	17.608
526.55	17.786
526.76	17.817
526.96	17.644
527.17	17.941
527.38	17.970
527.58	17.890
527.79	17.815
528.00	18.198
528.20	17.994
528.41	17.786
528.62	17.964
528.82	18.239
529.03	18.720
529.24	18.035
529.44	18.727
529.65	18.944
529.85	18.802
530.06	18.900
530.27	18.906
530.47	18.849
530.68	18.952
530.89	18.850
531.09	19.242
531.30	18.897
531.51	19.225
531.71	19.216
531.92	19.143
532.13	19.339
532.33	19.472
532.54	19.534
532.74	19.736
532.95	19.180
533.16	19.455
533.36	19.315
533.57	19.358
533.78	19.803
533.98	19.633
534.19	19.708
534.39	19.855
534.60	19.879
534.81	19.654
535.01	19.893
535.22	20.136
535.42	19.802
535.63	19.859
535.84	19.998
536.04	20.122
536.25	20.006
536.45	20.298
536.66	20.045
536.87	20.091
537.07	20.118
537.28	20.308
537.48	20.276
537.69	20.277
537.90	20.443
538.10	20.503
538.31	20.115
538.51	20.253
538.72	20.378
538.93	20.439
539.13	20.489
539.34	20.457
539.54	20.578
539.75	20.497
539.96	20.557
540.16	20.385
540.37	20.578
540.57	20.495
540.78	20.450
540.98	20.558
541.19	20.676
541.40	20.634
541.60	20.503
541.81	20.689
542.01	20.529
542.22	20.674
542.42	20.768
542.63	20.808
542.83	20.908
543.04	20.739
543.25	20.435
543.45	20.715
543.66	20.565
543.86	20.976
544.07	21.034
544.27	20.669
544.48	20.919
544.68	20.839
544.89	20.972
545.10	21.052
545.30	20.901
545.51	21.018
545.71	21.174
545.92	20.847
546.12	20.631
546.33	20.946
546.53	21.268
546.74	20.973
546.94	21.452
547.15	21.195
547.36	21.615
547.56	21.010
547.77	21.194
547.97	21.141
548.18	21.240
548.38	21.097
548.59	21.192
548.79	20.897
549.00	21.037
549.20	21.191
549.41	21.147
549.61	21.099
549.82	21.293
550.02	21.476
550.23	21.461
550.43	21.124
550.64	21.201
550.84	20.897
551.05	21.076
551.25	21.260
551.46	21.104
551.66	21.210
551.87	21.100
552.07	21.474
552.28	21.294
552.48	21.581
552.69	21.409
552.89	21.571
553.10	21.526
553.30	21.436
553.51	21.453
553.71	21.221
553.92	21.548
554.12	21.409
554.33	21.518
554.53	21.456
554.74	21.554
554.94	21.485
555.15	21.423
555.35	21.652
555.56	21.676
555.76	21.430
555.97	21.384
556.17	21.446
556.38	21.467
556.58	21.359
556.78	21.525
556.99	21.678
557.19	21.355
557.40	21.624
557.60	21.408
557.81	21.509
558.01	21.505
558.22	21.563
558.42	21.552
558.63	21.699
558.83	21.285
559.04	21.519
559.24	21.399
559.44	21.856
559.65	21.432
559.85	21.313
560.06	21.526
560.26	21.637
560.47	21.555
560.67	21.769
560.88	21.338
561.08	21.409
561.28	21.336
561.49	21.179
561.69	21.402
561.90	21.455
562.10	21.221
562.31	21.237
562.51	21.332
562.71	21.216
562.92	21.284
563.12	21.196
563.33	21.114
563.53	21.513
563.74	20.996
563.94	21.195
564.14	21.289
564.35	21.172
564.55	21.036
564.76	20.859
564.96	21.373
565.17	21.142
565.37	20.834
565.57	20.806
565.78	20.916
565.98	20.847
566.19	20.605
566.39	20.822
566.59	20.916
566.80	20.341
567.00	20.801
567.21	20.666
567.41	20.697
567.61	20.605
567.82	20.738
568.02	20.325
568.23	20.828
568.43	20.333
568.63	20.695
568.84	20.088
569.04	20.328
569.24	20.464
569.45	20.008
569.65	19.969
569.86	20.218
570.06	20.139
570.26	20.131
570.47	19.908
570.67	20.274
570.87	20.043
571.08	19.913
571.28	19.978
571.49	19.920
571.69	19.679
571.89	19.586
572.10	19.616
572.30	19.765
572.50	19.601
572.71	19.477
572.91	19.617
573.11	19.596
573.32	19.559
573.52	19.465
573.73	19.491
573.93	19.678
574.13	19.216
574.34	19.271
574.54	19.072
574.74	19.264
574.95	19.099
575.15	18.980
575.35	18.727
575.56	19.040
575.76	18.930
575.96	19.039
576.17	19.066
576.37	18.875
576.57	18.605
576.78	18.889
576.98	18.563
577.18	18.652
577.39	18.804
577.59	18.575
577.79	18.409
578.00	18.581
578.20	18.444
578.40	18.398
578.61	18.554
578.81	18.268
579.01	18.380
579.22	18.172
579.42	18.314
579.62	18.477
579.82	18.150
580.03	17.950
580.23	17.991
580.43	18.114
580.64	18.119
580.84	18.209
581.04	17.912
581.25	18.057
581.45	18.076
581.65	17.987
581.86	17.784
582.06	17.879
582.26	18.104
582.46	17.707
582.67	17.778
582.87	18.000
583.07	17.890
583.28	17.629
583.48	17.549
583.68	17.743
583.88	17.835
584.09	17.484
584.29	17.621
584.49	17.557
584.70	17.474
584.90	17.537
585.10	17.461
585.30	17.448
585.51	17.287
585.71	17.386
585.91	17.490
586.11	17.611
586.32	17.143
586.52	17.283
586.72	17.339
586.92	17.237
587.13	17.201
587.33	17.355
587.53	17.342
587.74	17.390
587.94	17.312
588.14	17.320
588.34	16.857
588.55	17.219
588.75	17.324
588.95	17.313
589.15	17.054
589.36	17.203
589.56	17.183
589.76	17.196
589.96	17.025
590.16	16.959
590.37	17.047
590.57	17.033
590.77	16.999
590.97	16.938
591.18	16.952
591.38	16.931
591.58	17.636
591.78	17.014
591.99	16.887
592.19	16.749
592.39	17.014
592.59	16.985
592.79	16.962
593.00	16.684
593.20	16.734
593.40	16.831
593.60	17.065
593.81	16.877
594.01	16.821
594.21	16.928
594.41	16.748
594.61	16.828
594.82	16.768
595.02	16.677
595.22	16.734
595.42	16.625
595.62	16.678
595.83	16.556
596.03	16.878
596.23	16.708
596.43	16.650
596.63	16.662
596.84	16.632
597.04	16.727
597.24	16.728
597.44	16.671
597.64	16.645
597.84	16.432
598.05	16.463
598.25	16.517
598.45	16.603
598.65	16.500
598.85	16.461
599.06	16.626
599.26	16.470
599.46	16.577
599.66	16.760
599.86	16.617
600.06	16.659
600.27	16.529
600.47	16.566
600.67	16.738
600.87	16.403
601.07	16.455
601.27	16.610
601.48	16.517
601.68	16.632
601.88	16.422
602.08	16.427
602.28	16.475
602.48	16.627
602.68	16.503
602.89	16.532
603.09	16.632
603.29	16.747
603.49	16.300
603.69	16.350
603.89	16.441
604.09	16.669
604.30	16.348
604.50	16.298
604.70	16.281
604.90	16.427
605.10	16.362
605.30	16.380
605.50	16.370
605.71	16.518
605.91	16.432
606.11	16.300
606.31	16.561
606.51	16.741
606.71	16.345
606.91	16.188
607.11	16.435
607.32	16.435
607.52	16.265
607.72	16.530
607.92	16.294
608.12	16.340
608.32	16.043
608.52	16.408
608.72	16.257
608.92	16.413
609.12	16.175
609.33	16.184
609.53	16.117
609.73	16.172
609.93	16.096
610.13	16.108
610.33	16.273
610.53	16.232
610.73	16.009
610.93	16.339
611.13	16.304
611.34	16.149
611.54	15.938
611.74	16.009
611.94	16.010
612.14	16.075
612.34	16.262
612.54	15.971
612.74	16.032
612.94	16.067
613.14	15.787
613.34	16.175
613.54	16.180
613.74	16.029
613.95	16.102
614.15	16.069
614.35	15.912
614.55	15.944
614.75	15.867
614.95	16.050
615.15	15.855
615.35	16.097
615.55	15.879
615.75	15.661
615.95	16.077
616.15	15.831
616.35	15.884
616.55	15.904
616.75	15.976
616.95	15.832
617.15	15.716
617.35	15.679
617.56	15.930
617.76	15.754
617.96	15.891
618.16	15.815
618.36	15.701
618.56	15.752
618.76	15.827
618.96	15.684
619.16	15.693
619.36	15.858
619.56	15.702
619.76	15.801
619.96	15.964
620.16	15.482
620.36	15.442
620.56	15.655
620.76	15.724
620.96	15.486
621.16	15.621
621.36	15.431
621.56	15.693
621.76	15.664
621.96	15.502
622.16	15.673
622.36	15.647
622.56	15.475
622.76	15.499
622.96	15.492
623.16	15.635
623.36	15.840
623.56	15.411
623.76	15.674
623.96	15.607
624.16	15.529
624.36	15.674
624.56	15.652
624.76	15.772
624.96	15.698
625.16	15.492
625.36	15.534
625.56	15.538
625.76	15.896
625.96	15.404
626.16	15.303
626.36	15.324
626.56	15.680
626.76	15.591
626.96	15.560
627.16	15.474
627.36	15.562
627.56	15.248
627.76	15.485
627.96	15.609
628.16	15.568
628.36	15.396
628.56	15.385
628.75	15.381
628.95	15.194
629.15	15.632
629.35	15.369
629.55	15.406
629.75	15.533
629.95	15.293
630.15	15.423
630.35	15.432
630.55	15.453
630.75	15.350
630.95	15.541
631.15	15.483
631.35	15.481
631.55	15.376
631.75	15.597
631.95	15.407
632.15	15.472
632.34	15.307
632.54	15.271
632.74	15.470
632.94	15.648
633.14	15.180
633.34	15.396
633.54	15.476
633.74	15.422
633.94	15.378
634.14	15.418
634.34	15.427
634.54	15.209
634.74	15.251
634.93	15.328
635.13	15.426
635.33	15.422
635.53	15.359
635.73	15.489
635.93	15.312
636.13	15.303
636.33	15.348
636.53	15.272
636.73	15.236
636.93	15.224
637.12	15.280
637.32	15.082
637.52	15.415
637.72	15.167
637.92	15.233
638.12	15.095
638.32	15.414
638.52	15.187
638.72	15.207
638.91	15.079
639.11	15.303
639.31	15.335
639.51	15.131
639.71	15.022
639.91	15.278
640.11	15.124
640.31	15.070
640.50	15.248
640.70	15.192
640.90	15.079
641.10	14.919
641.30	15.005
641.50	15.222
641.70	15.070
641.89	14.967
642.09	15.036
642.29	15.030
642.49	15.078
642.69	14.967
642.89	14.947
643.09	14.983
643.28	14.992
643.48	15.078
643.68	14.834
643.88	14.913
644.08	14.753
644.28	14.857
644.48	14.711
644.67	14.876
644.87	14.872
645.07	14.726
645.27	14.846
645.47	14.719
645.67	15.087
645.86	14.911
646.06	14.738
646.26	14.841
646.46	14.545
646.66	14.726
646.85	14.719
647.05	14.746
647.25	14.539
647.45	14.647
647.65	14.706
647.85	14.718
648.04	14.720
648.24	14.728
648.44	14.416
648.64	14.686
648.84	14.509
649.03	14.651
649.23	14.728
649.43	14.589
649.63	14.661
649.83	14.508
650.02	14.668
650.22	14.598
650.42	14.436
650.62	14.575
650.82	14.464
651.01	14.506
651.21	14.590
651.41	14.510
651.61	14.454
651.81	14.663
652.00	14.469
652.20	14.507
652.40	14.286
652.60	14.441
652.79	14.552
652.99	14.401
653.19	14.647
653.39	14.623
653.59	14.457
653.78	14.353
653.98	14.349
654.18	14.465
654.38	14.503
654.57	14.529
654.77	14.403
654.97	14.312
655.17	14.307
655.36	14.335
655.56	14.174
655.76	14.506
655.96	14.385
656.15	14.358
656.35	14.512
656.55	14.525
656.75	14.632
656.94	14.289
657.14	14.307
657.34	14.397
657.54	14.265
657.73	14.469
657.93	14.384
658.13	14.366
658.33	14.424
658.52	14.291
658.72	12.952
658.92	14.382
659.11	14.253
659.31	14.547
659.51	14.448
659.71	14.324
659.90	14.370
660.10	14.359
660.30	14.255
660.50	14.230
660.69	14.322
660.89	14.231
661.09	14.415
661.28	14.473
661.48	14.604
661.68	14.417
661.87	14.332
662.07	14.351
662.27	14.497
662.47	14.253
662.66	14.154
662.86	14.300
663.06	14.273
663.25	14.363
663.45	14.269
663.65	14.283
663.84	14.073
664.04	14.385
664.24	14.338
664.44	14.247
664.63	14.409
664.83	14.369
665.03	14.204
665.22	14.175
665.42	14.071
665.62	14.180
665.81	14.132
666.01	14.261
666.21	14.262
666.40	14.256
666.60	14.208
666.80	14.400
666.99	14.398
667.19	14.106
667.39	13.994
667.58	14.313
667.78	14.182
667.98	14.396
668.17	14.392
668.37	14.345
668.57	14.166
668.76	14.157
668.96	14.202
669.16	14.304
669.35	14.080
669.55	14.122
669.74	14.351
669.94	14.321
670.14	14.158
670.33	14.231
670.53	14.421
670.73	14.349
670.92	14.267
671.12	14.099
671.32	14.524
671.51	14.648
671.71	14.253
671.90	14.092
672.10	14.397
672.30	14.238
672.49	14.219
672.69	14.199
672.89	14.145
673.08	13.981
673.28	14.107
673.47	14.195
673.67	14.332
673.87	14.150
674.06	14.237
674.26	14.194
674.45	14.199
674.65	14.301
674.85	14.272
675.04	14.272
675.24	14.221
675.43	14.307
675.63	14.321
675.83	14.495
676.02	14.451
676.22	14.289
676.41	14.485
676.61	14.315
676.81	14.406
677.00	14.382
677.20	14.423
677.39	14.349
677.59	14.431
677.79	14.566
677.98	14.271
678.18	14.553
678.37	14.393
678.57	14.467
678.76	14.446
678.96	14.356
679.16	14.507
679.35	14.455
679.55	14.542
679.74	14.321
679.94	14.451
680.13	14.579
680.33	14.556
680.53	14.403
680.72	14.568
680.92	14.561
681.11	14.518
681.31	14.373
681.50	14.386
681.70	14.437
681.89	14.484
682.09	14.411
682.28	14.572
682.48	14.687
682.68	14.585
682.87	14.412
683.07	14.481
683.26	14.626
683.46	14.423
683.65	14.534
683.85	14.673
684.04	14.518
684.24	14.570
684.43	14.551
684.63	14.584
684.82	14.662
685.02	14.723
685.21	14.649
685.41	14.531
685.60	14.773
685.80	14.777
686.00	14.403
686.19	14.665
686.39	14.837
686.58	14.626
686.78	14.629
686.97	14.612
687.17	14.589
687.36	14.607
687.56	14.597
687.75	14.513
687.95	14.765
688.14	14.922
688.34	14.865
688.53	14.756
688.73	14.665
688.92	14.774
689.12	14.796
689.31	14.748
689.51	14.583
689.70	15.040
689.89	14.824
690.09	14.830
690.28	14.784
690.48	14.650
690.67	14.813
690.87	15.130
691.06	14.775
691.26	14.867
691.45	15.003
691.65	14.915
691.84	14.929
692.04	14.944
692.23	14.905
692.43	14.854
692.62	15.196
692.82	15.173
693.01	15.182
693.20	15.212
693.40	15.160
693.59	15.226
693.79	15.389
693.98	15.545
694.18	15.617
694.37	15.604
694.57	15.426
694.76	15.635
694.95	15.584
695.15	15.845
695.34	15.939
695.54	15.873
695.73	16.234
695.93	16.164
696.12	16.206
696.32	16.355
696.51	16.484
696.70	16.550
696.90	16.652
697.09	16.614
697.29	16.894
697.48	16.987
697.67	17.087
697.87	17.191
698.06	17.556
698.26	17.556
698.45	17.547
698.65	17.757
698.84	17.851
699.03	17.793
699.23	18.007
699.42	18.154
699.62	18.614
699.81	18.756
700.00	18.687
700.20	18.888
700.39	19.178
700.59	19.307
700.78	19.597
700.97	19.659
701.17	19.706
701.36	19.940
701.56	20.294
701.75	20.329
701.94	20.666
702.14	20.629
702.33	20.722
702.52	21.227
702.72	21.384
702.91	21.511
703.11	21.632
703.30	21.738
703.49	22.331
703.69	22.328
703.88	22.561
704.07	22.717
704.27	23.255
704.46	23.094
704.66	23.087
704.85	23.348
705.04	23.655
705.24	24.068
705.43	24.063
705.62	24.296
705.82	24.543
706.01	24.760
706.20	25.103
706.40	25.304
706.59	25.515
706.78	25.887
706.98	25.970
707.17	26.152
707.36	26.384
707.56	26.674
707.75	27.138
707.94	27.418
708.14	27.376
708.33	27.729
708.52	27.719
708.72	28.213
708.91	28.160
709.10	28.336
709.30	28.722
709.49	28.923
709.68	29.237
709.88	29.447
710.07	29.447
710.26	29.952
710.46	30.100
710.65	30.049
710.84	30.392
711.04	30.644
711.23	30.730
711.42	31.321
711.61	31.340
711.81	31.899
712.00	32.153
712.19	32.046
712.39	31.869
712.58	32.500
712.77	32.642
712.97	32.967
713.16	33.118
713.35	33.303
713.54	33.430
713.74	34.033
713.93	34.196
714.12	34.228
714.32	34.891
714.51	34.810
714.70	34.898
714.89	35.124
715.09	35.268
715.28	35.683
715.47	35.878
715.66	36.081
715.86	36.538
716.05	36.717
716.24	36.761
716.44	37.244
716.63	37.210
716.82	37.821
717.01	37.841
717.21	38.053
717.40	38.126
717.59	38.182
717.78	38.834
717.98	38.930
718.17	39.181
718.36	39.103
718.55	39.512
718.75	39.856
718.94	40.428
719.13	40.392
719.32	40.260
719.52	41.072
719.71	40.937
719.90	41.212
720.09	41.321
720.28	41.589
720.48	41.660
720.67	41.856
720.86	42.384
721.05	42.272
721.25	42.690
721.44	42.665
721.63	43.336
721.82	43.771
722.01	43.724
722.21	43.605
722.40	44.106
722.59	44.366
722.78	44.541
722.98	44.999
723.17	44.892
723.36	44.958
723.55	45.424
723.74	45.701
723.94	46.014
724.13	46.221
724.32	46.911
724.51	47.010
724.70	46.866
724.89	47.064
725.09	47.418
725.28	47.903
725.47	48.257
725.66	47.850
725.85	48.071
726.05	49.040
726.24	48.752
726.43	49.149
726.62	49.080
726.81	49.511
727.00	49.642
727.20	49.771
727.39	49.728
727.58	49.999
727.77	50.049
727.96	50.430
728.15	50.813
728.35	51.084
728.54	51.542
728.73	51.575
728.92	51.913
729.11	51.656
729.30	52.433
729.50	52.260
729.69	52.304
729.88	52.567
730.07	53.198
730.26	53.072
730.45	53.161
730.64	53.740
730.84	53.816
731.03	54.197
731.22	53.906
731.41	54.451
731.60	54.653
731.79	54.470
731.98	55.079
732.18	55.118
732.37	54.878
732.56	55.381
732.75	55.665
732.94	55.504
733.13	55.784
733.32	56.148
733.51	56.341
733.71	56.409
733.90	56.502
734.09	56.624
734.28	56.973
734.47	57.519
734.66	57.289
734.85	57.233
735.04	57.600
735.23	57.662
735.42	57.653
735.62	58.035
735.81	58.353
736.00	58.364
736.19	58.702
736.38	58.639
736.57	58.814
736.76	59.402
736.95	59.419
737.14	59.196
737.33	59.157
737.52	59.297
737.72	59.539
737.91	59.562
738.10	59.990
738.29	60.472
738.48	60.180
738.67	60.031
738.86	60.324
739.05	60.715
739.24	60.734
739.43	60.875
739.62	60.938
739.81	61.164
740.00	61.480
740.19	61.726
740.39	61.611
740.58	61.964
740.77	62.072
740.96	62.193
741.15	61.966
741.34	62.481
741.53	62.363
741.72	62.655
741.91	62.715
742.10	62.585
742.29	63.232
742.48	63.674
742.67	63.140
742.86	63.458
743.05	63.368
743.24	63.568
743.43	63.096
743.62	63.705
743.81	63.800
744.00	63.528
744.19	64.080
744.38	63.878
744.57	64.345
744.76	64.032
744.95	64.537
745.14	64.226
745.33	63.775
745.52	64.324
745.71	64.327
745.90	64.429
746.09	64.779
746.28	64.695
746.47	64.936
746.66	64.663
746.85	65.312
747.04	65.086
747.23	65.324
747.42	65.348
747.61	65.066
747.80	65.060
747.99	65.266
748.18	65.789
748.37	65.429
748.56	65.549
748.75	65.615
748.94	65.831
749.13	65.406
749.32	66.041
749.51	66.256
749.70	66.421
749.89	65.932
750.08	66.548
750.27	66.293
750.46	66.182
750.65	66.265
750.84	66.403
751.03	66.341
751.22	67.034
751.41	66.514
751.60	66.773
751.79	66.327
751.98	66.564
752.17	66.906
752.36	66.869
752.55	66.985
752.74	67.282
752.93	67.080
753.12	67.606
753.30	67.362
753.49	67.470
753.68	67.738
753.87	67.185
754.06	66.977
754.25	67.451
754.44	67.267
754.63	67.316
754.82	67.516
755.01	67.660
755.20	67.630
755.39	67.282
755.58	67.770
755.77	67.519
755.96	67.954
756.14	67.824
756.33	67.737
756.52	67.469
756.71	67.862
756.90	67.490
757.09	67.934
757.28	68.294
757.47	67.440
757.66	68.114
757.85	67.865
758.04	68.276
758.22	67.862
758.41	68.342
758.60	68.450
758.79	67.882
758.98	68.065
759.17	68.518
759.36	68.632
759.55	68.055
759.74	68.181
759.92	68.131
760.11	68.719
760.30	68.527
760.49	68.453
760.68	68.110
760.87	68.208
761.06	68.925
761.25	68.407
761.43	68.042
761.62	68.653
761.81	69.048
762.00	68.432
762.19	68.762
762.38	68.476
762.57	68.603
762.76	68.444
762.94	68.497
763.13	68.475
763.32	68.842
763.51	68.836
763.70	68.232
763.89	68.260
764.07	68.229
764.26	68.460
764.45	68.526
764.64	68.593
764.83	68.497
765.02	68.602
765.21	68.896
765.39	69.287
765.58	68.442
765.77	68.599
765.96	69.066
766.15	68.537
766.34	68.769
766.52	69.128
766.71	69.063
766.90	69.444
767.09	68.903
767.28	69.046
767.46	69.181
767.65	68.556
767.84	68.882
768.03	68.873
768.22	68.635
768.40	68.827
768.59	68.716
768.78	68.837
768.97	68.799
769.16	68.589
769.34	69.240
769.53	68.671
769.72	68.795
769.91	69.090
770.10	69.075
770.28	68.633
770.47	68.456
770.66	69.211
770.85	68.717
771.04	69.284
771.22	69.096
771.41	69.118
771.60	68.877
771.79	68.630
771.98	69.105
772.16	68.650
772.35	69.040
772.54	68.611
772.73	68.632
772.91	69.225
773.10	69.152
773.29	68.929
773.48	68.794
773.66	69.467
773.85	68.810
774.04	68.796
774.23	69.459
774.41	69.359
774.60	69.292
774.79	69.447
774.98	68.998
775.16	69.151
775.35	69.030
775.54	69.304
775.73	69.157
775.91	69.194
776.10	68.917
776.29	69.127
776.48	69.182
776.66	69.431
776.85	69.640
777.04	69.201
777.23	69.160
777.41	69.153
777.60	69.204
777.79	69.014
777.97	69.382
778.16	68.821
778.35	69.325
778.54	68.962
778.72	69.308
778.91	68.968
779.10	69.627
779.28	69.463
779.47	69.977
779.66	69.222
779.85	69.540
780.03	69.003
780.22	68.928
780.41	69.646
780.59	69.048
780.78	69.003
780.97	68.745
781.15	69.133
781.34	68.952
781.53	68.654
781.71	68.849
781.90	69.480
782.09	69.928
782.27	68.895
782.46	69.276
782.65	69.248
782.84	68.754
783.02	69.577
783.21	69.416
783.40	69.250
783.58	69.066
783.77	69.747
783.96	69.573
784.14	68.829
784.33	69.122
784.52	68.624
784.70	69.579
784.89	68.950
785.07	69.301
785.26	69.970
785.45	68.836
785.63	68.392
785.82	69.343
786.01	69.402
786.19	69.335
786.38	69.528
786.57	68.977
786.75	69.885
786.94	69.575
787.13	69.284
787.31	68.952
787.50	69.193
787.68	69.159
787.87	69.251
788.06	69.824
788.24	69.567
788.43	68.905
788.62	69.242
788.80	69.005
788.99	69.217
789.17	69.738
789.36	69.116
789.55	69.463
789.73	69.222
789.92	69.499
790.10	69.595
790.29	69.456
790.48	69.269
790.66	69.247
790.85	69.333
791.03	69.399
791.22	69.416
791.41	69.898
791.59	69.350
791.78	69.339
791.96	69.627
792.15	68.880
792.34	69.799
792.52	69.209
792.71	69.401
792.89	69.204
793.08	69.508
793.27	69.900
793.45	69.386
793.64	69.661
793.82	69.420
794.01	69.555
794.19	69.949
794.38	69.535
794.57	69.336
794.75	69.320
794.94	69.368
795.12	69.371
795.31	69.265
795.49	69.459
795.68	69.269
795.86	69.314
796.05	69.360
796.24	69.044
796.42	69.402
796.61	68.508
796.79	69.182
796.98	69.170
797.16	69.361
797.35	69.070
797.53	69.326
797.72	69.245
797.90	69.413
798.09	69.682
798.27	69.745
798.46	69.770
798.65	68.887
798.83	69.508
799.02	69.466
799.20	69.035
799.39	69.066
799.57	69.197
799.76	68.934
799.94	69.079
800.13	69.260
800.31	69.314
800.50	69.106
800.68	69.417
800.87	69.448
801.05	69.330
801.24	68.941
801.42	68.887
801.61	69.142
801.79	69.108
801.98	69.021
802.16	69.109
802.35	69.909
802.53	69.308
802.72	69.304
802.90	69.315
803.09	69.222
803.27	69.455
803.46	69.349
803.64	69.627
803.83	69.491
804.01	68.893
804.20	68.715
804.38	69.009
804.56	69.333
804.75	69.233
804.93	69.527
805.12	70.038
805.30	69.663
805.49	69.434
805.67	69.383
805.86	69.584
806.04	69.031
806.23	69.478
806.41	69.294
806.59	69.551
806.78	69.707
806.96	69.146
807.15	68.992
807.33	69.323
807.52	69.280
807.70	69.433
807.89	69.106
808.07	69.593
808.25	69.076
808.44	69.193
808.62	69.443
808.81	69.538
808.99	69.659
809.18	69.705
809.36	69.479
809.54	69.371
809.73	69.214
809.91	69.062
810.10	68.991
810.28	69.448
810.47	69.661
810.65	69.435
810.83	69.022
811.02	69.487
811.20	69.156
811.39	69.379
811.57	69.546
811.75	69.905
811.94	69.481
812.12	69.473
812.31	69.452
812.49	69.557
812.67	69.560
812.86	69.342
813.04	69.452
813.23	69.538
813.41	69.462
813.59	69.152
813.78	69.842
813.96	69.291
814.14	69.432
814.33	69.917
814.51	69.404
814.70	69.450
814.88	68.795
815.06	69.427
815.25	69.052
815.43	69.414
815.61	69.161
815.80	69.109
815.98	69.909
816.16	69.318
816.35	69.693
816.53	69.001
816.72	68.953
816.90	69.082
817.08	69.008
817.27	68.997
817.45	69.501
817.63	69.237
817.82	69.768
818.00	69.344
818.18	69.469
818.37	69.920
818.55	69.703
818.73	69.066
818.92	70.078
819.10	69.391
819.28	68.819
819.47	69.332
819.65	68.755
819.83	69.190
820.02	68.767
820.20	68.914
820.38	69.367
820.57	69.678
820.75	69.541
820.93	69.406
821.11	69.331
821.30	69.449
821.48	69.318
821.66	69.432
821.85	69.195
822.03	69.130
822.21	69.661
822.40	69.534
822.58	69.625
822.76	69.440
822.94	69.912
823.13	69.737
823.31	69.031
823.49	69.492
823.68	69.409
823.86	69.275
824.04	69.984
824.22	69.444
824.41	69.465
824.59	69.660
824.77	69.241
824.96	69.686
825.14	68.863
825.32	69.682
825.50	69.376
825.69	69.128
825.87	69.394
826.05	69.267
826.23	70.149
826.42	69.872
826.60	69.350
826.78	70.129
826.96	69.327
827.15	69.400
827.33	69.515
827.51	68.943
827.69	70.111
827.88	69.695
828.06	69.532
828.24	69.919
828.42	69.679
828.61	69.979
828.79	69.715
828.97	69.638
829.15	69.493
829.34	69.498
829.52	69.514
829.70	69.420
829.88	69.661
830.06	69.467
830.25	69.743
830.43	69.752
830.61	69.650
830.79	69.947
830.97	69.485
831.16	69.397
831.34	69.383
831.52	69.691
831.70	69.461
831.89	69.737
832.07	69.302
832.25	69.615
832.43	69.489
832.61	69.340
832.80	69.696
832.98	69.474
833.16	69.517
833.34	69.711
833.52	69.863
833.70	69.565
833.89	69.455
834.07	69.473
834.25	69.935
834.43	70.027
834.61	69.442
834.80	68.953
834.98	69.052
835.16	69.468
835.34	69.787
835.52	69.452
835.70	69.145
835.89	69.903
836.07	69.134
836.25	68.996
836.43	70.266
836.61	69.889
836.79	69.471
836.97	69.707
837.16	69.346
837.34	69.437
837.52	69.576
837.70	69.844
837.88	69.669
838.06	69.023
838.24	69.809
838.43	69.642
838.61	69.268
838.79	69.963
838.97	69.452
839.15	69.628
839.33	69.651
839.51	69.358
839.70	69.263
839.88	69.755
840.06	69.614
840.24	69.451
840.42	69.667
840.60	69.481
840.78	69.491
840.96	69.628
841.14	68.873
841.33	69.402
841.51	70.271
841.69	69.846
841.87	69.048
842.05	69.827
842.23	69.574
842.41	68.742
842.59	69.502
842.77	69.020
842.95	69.784
843.14	69.309
843.32	69.574
843.50	69.980
843.68	69.900
843.86	69.192
844.04	68.642
844.22	69.543
844.40	69.417
844.58	69.783
844.76	69.030
844.94	69.218
845.12	68.953
845.30	69.225
845.49	69.193
845.67	69.254
845.85	70.014
846.03	69.185
846.21	69.467
846.39	69.699
846.57	69.351
846.75	69.542
846.93	69.614
847.11	69.185
847.29	68.923
847.47	69.334
847.65	69.160
847.83	69.778
848.01	69.420
848.19	69.813
848.37	69.074
848.55	69.313
848.73	70.291
848.91	69.249
849.09	69.237
849.27	69.459
849.46	69.828
849.64	69.379
849.82	69.340
850.00	69.822
850.18	68.977
850.36	69.570
850.54	69.094
850.72	69.764
850.90	69.902
851.08	69.842
851.26	68.887
851.44	69.541
851.62	69.510
851.80	69.838
851.98	69.371
852.16	69.392
852.34	69.640
852.52	69.704
852.70	69.485
852.88	69.489
853.06	69.700
853.24	69.120
853.42	69.288
853.60	69.258
853.78	70.171
853.96	69.181
854.14	69.835
854.31	69.059
854.49	69.395
854.67	69.642
854.85	69.621
855.03	69.472
855.21	69.981
855.39	68.695
855.57	69.640
855.75	69.580
855.93	69.981
856.11	70.408
856.29	69.458
856.47	69.909
856.65	69.240
856.83	69.588
857.01	69.704
857.19	69.103
857.37	69.539
857.55	69.610
857.73	70.317
857.91	69.732
858.09	70.098
858.26	69.454
858.44	69.668
858.62	69.242
858.80	69.859
858.98	69.698
859.16	70.196
859.34	69.902
859.52	70.240
859.70	68.846
859.88	69.179
860.06	69.667
860.24	70.116
860.42	70.244
860.59	69.800
860.77	69.538
860.95	69.721
861.13	69.713
861.31	69.286
861.49	69.305
861.67	69.844
861.85	70.037
862.03	69.927
862.21	69.420
862.38	70.022
862.56	69.892
862.74	69.241
862.92	69.500
863.10	70.112
863.28	69.680
863.46	69.319
863.64	69.699
863.82	69.616
863.99	69.779
864.17	70.063
864.35	69.762
864.53	69.411
864.71	70.133
864.89	69.908
865.07	69.781
865.24	69.963
865.42	69.802
865.60	70.106
865.78	69.780
865.96	69.606
866.14	69.325
866.32	69.967
866.49	69.784
866.67	70.212
866.85	70.200
867.03	70.023
867.21	69.798
867.39	70.032
867.56	69.086
867.74	69.968
867.92	70.231
868.10	69.656
868.28	69.989
868.46	69.450
868.63	69.830
868.81	69.500
868.99	69.557
869.17	70.572
869.35	69.217
869.53	69.852
869.70	69.391
869.88	69.453
870.06	69.468
870.24	69.015
870.42	69.853
870.59	69.629
870.77	70.131
870.95	69.889
871.13	70.084
871.31	69.406
871.48	70.247
871.66	69.874
871.84	70.388
872.02	69.524
872.20	69.745
872.37	70.114
872.55	70.000
872.73	69.391
872.91	69.449
873.08	69.828
873.26	69.351
873.44	69.604
873.62	69.648
873.80	69.442
873.97	69.756
874.15	69.960
874.33	69.388
874.51	69.750
874.68	69.350
874.86	69.910
875.04	70.179
875.22	70.160
875.39	69.609
875.57	69.749
875.75	69.802
875.93	69.951
876.10	70.139
876.28	69.881
876.46	69.969
876.64	69.233
876.81	70.061
876.99	69.816
877.17	69.602
877.35	69.963
877.52	69.472
877.70	69.440
877.88	70.099
878.06	69.582
878.23	69.795
878.41	69.803
878.59	70.067
878.76	69.918
878.94	70.116
879.12	70.052
879.30	69.884
879.47	69.959
879.65	70.438
879.83	70.030
880.00	70.302
880.18	70.215
880.36	69.291
880.53	70.146
880.71	69.856
880.89	70.117
881.07	69.730
881.24	69.851
881.42	69.761
881.60	70.679
881.77	70.602
881.95	69.667
882.13	69.079
882.30	69.577
882.48	69.260
882.66	69.658
882.83	69.538
883.01	69.305
883.19	70.298
883.36	69.257
883.54	69.736
883.72	69.355
883.89	70.109
884.07	69.540
884.25	70.130
884.42	70.851
884.60	70.029
884.78	70.079
884.95	69.583
885.13	69.605
885.31	69.898
885.48	69.937
885.66	70.458
885.84	69.522
886.01	69.679
886.19	70.223
886.36	70.000
886.54	70.509
886.72	69.978
886.89	69.949
887.07	69.690
887.25	70.565
887.42	69.412
887.60	69.428
887.78	69.202
887.95	70.817
888.13	70.596
888.30	68.714
888.48	69.867
888.66	69.923
888.83	68.980
889.01	69.529
889.18	69.114
889.36	70.586
889.54	70.158
889.71	68.778
889.89	70.796
890.06	70.103
890.24	69.856
890.42	69.809
890.59	69.712
890.77	70.342
890.94	70.443
891.12	69.583
891.30	70.205
891.47	69.443
891.65	70.225
891.82	69.675
892.00	69.633
892.17	70.007
892.35	68.682
892.53	69.871
892.70	69.845
892.88	69.337
893.05	69.688
893.23	68.925
893.40	69.406
893.58	70.031
893.75	70.627
893.93	69.257
894.11	70.267
894.28	70.012
894.46	69.663
894.63	69.520
894.81	70.656
894.98	70.307
895.16	70.372
895.33	70.192
895.51	69.932
895.68	69.281
895.86	69.731
896.04	69.372
896.21	69.352
896.39	69.787
896.56	69.369
896.74	69.975
896.91	70.122
897.09	69.577
897.26	70.480
897.44	70.041
897.61	69.867
897.79	70.008
897.96	70.781
898.14	69.970
898.31	69.940
898.49	69.292
898.66	69.996
898.84	69.843
899.01	69.654
899.19	69.209
899.36	70.369
899.54	69.772
899.71	70.618
899.89	69.693
900.06	69.655
900.24	69.525
900.41	69.348
900.59	69.568
900.76	69.708
900.94	70.353
901.11	69.275
901.29	70.735
901.46	70.162
901.63	70.263
901.81	68.784
901.98	70.250
902.16	69.124
902.33	70.574
902.51	70.396
902.68	70.239
902.86	69.364
903.03	69.781
903.21	70.085
903.38	70.456
903.56	70.466
903.73	69.752
903.90	70.005
904.08	70.014
904.25	69.991
904.43	70.011
904.60	70.009
904.78	69.980
904.95	70.568
905.12	69.608
905.30	69.290
905.47	69.286
905.65	69.418
905.82	70.028
906.00	70.585
906.17	70.062
906.34	70.150
906.52	68.589
906.69	69.403
906.87	70.045
907.04	70.230
907.21	69.697
907.39	70.289
907.56	69.915
907.74	70.436
907.91	70.013
908.08	69.772
908.26	69.771
908.43	70.261
908.61	69.815
908.78	70.518
908.95	70.796
909.13	70.323
909.30	69.502
909.48	69.919
909.65	69.849
909.82	70.298
910.00	69.172
910.17	70.230
910.34	69.815
910.52	69.177
910.69	69.809
910.87	69.732
911.04	70.495
911.21	70.221
911.39	69.312
911.56	69.577
911.73	69.875
911.91	70.394
912.08	69.424
912.25	69.722
912.43	69.808
912.60	70.391
912.77	68.984
912.95	69.953
913.12	70.139
913.29	69.340
913.47	69.777
913.64	70.311
913.81	70.364
913.99	69.461
914.16	69.879
914.33	69.448
914.51	69.227
914.68	70.060
914.85	70.384
915.03	70.203
915.20	70.195
915.37	69.388
915.55	69.822
915.72	70.157
915.89	70.676
916.07	70.487
916.24	69.433
916.41	69.578
916.59	68.458
916.76	70.032
916.93	70.166
917.10	70.100
917.28	69.770
917.45	70.071
917.62	70.496
917.80	68.962
917.97	68.909
918.14	70.910
918.31	70.480
918.49	70.323
918.66	69.320
918.83	70.923
919.01	69.394
919.18	69.460
919.35	69.698
919.52	69.947
919.70	70.156
919.87	70.763
920.04	69.695
920.21	70.024
920.39	70.512
920.56	70.228
920.73	69.638
920.90	70.209
921.08	70.162
921.25	70.058
921.42	70.231
921.59	70.176
921.77	70.353
921.94	70.131
922.11	69.301
922.28	70.586
922.46	69.548
922.63	70.368
922.80	70.195
922.97	70.118
923.15	69.991
923.32	70.677
923.49	70.276
923.66	70.473
923.83	70.257
924.01	70.870
924.18	69.274
924.35	70.435
924.52	70.137
924.69	69.457
924.87	70.268
925.04	70.604
925.21	69.945
925.38	70.685
925.55	69.568
925.73	70.250
925.90	69.752
926.07	69.342
926.24	70.772
926.41	69.307
926.59	69.155
926.76	70.028
926.93	70.199
927.10	69.529
927.27	69.746
927.45	71.152
927.62	70.014
927.79	70.281
927.96	70.388
928.13	69.497
928.30	70.178
928.48	69.379
928.65	71.042
928.82	69.287
928.99	70.551
929.16	69.758
929.33	69.812
929.50	71.456
929.68	68.762
929.85	70.436
930.02	70.481
930.19	70.264
930.36	70.020
930.53	70.527
930.70	69.755
930.88	69.238
931.05	69.558
931.22	71.352
931.39	70.018
931.56	70.103
931.73	70.162
931.90	70.448
932.08	70.579
932.25	68.965
932.42	70.091
932.59	69.850
932.76	69.979
932.93	70.913
933.10	69.272
933.27	70.481
933.44	71.130
933.62	69.047
933.79	69.805
933.96	70.393
934.13	70.799
934.30	70.370
934.47	70.547
934.64	69.631
934.81	68.875
934.98	69.474
935.15	70.492
935.32	69.477
935.50	70.805
935.67	69.963
935.84	70.525
936.01	69.649
936.18	69.580
936.35	69.728
936.52	71.820
936.69	69.978
936.86	71.011
937.03	69.415
937.20	69.696
937.37	69.697
937.54	69.267
937.71	71.208
937.89	70.760
938.06	70.771
938.23	70.579
938.40	69.627
938.57	72.185
938.74	72.537
938.91	70.491
939.08	71.258
939.25	69.458
939.42	74.235
939.59	71.396
939.76	70.661
939.93	68.791
940.10	70.151
940.27	68.570
940.44	69.497
940.61	71.461
940.78	71.398
940.95	70.831
941.12	69.995
941.29	72.595
941.46	71.236
941.63	71.722
941.80	68.683
941.97	70.802
942.14	69.481
942.31	68.396
942.48	70.687
942.65	70.094
942.82	68.670
942.99	74.304
943.16	70.459
943.33	73.988
943.50	71.156
943.67	67.892
943.84	71.460
944.01	72.629
944.18	70.479
944.35	70.297
944.52	72.660
944.69	72.547
944.86	71.840
945.03	70.484
945.20	70.910
945.37	68.735
945.54	70.965
945.71	69.335
945.88	67.296
946.05	71.971
946.22	68.740
946.39	68.577
946.56	70.122
946.73	69.532
946.90	67.935
947.07	68.804
947.23	70.249
947.40	70.547
947.57	67.356
947.74	71.416
947.91	68.779
948.08	70.846
948.25	67.917
948.42	69.550
948.59	72.685
948.76	69.995
948.93	71.916
949.10	70.115
949.27	69.061
949.44	72.072
949.60	70.143
949.77	71.916
949.94	70.940
950.11	69.022
950.28	70.588
950.45	70.513
950.62	70.925
950.79	69.126
950.96	69.020
951.13	70.854
951.30	71.000
951.46	70.586
951.63	69.034
951.80	68.517
951.97	70.543
952.14	70.625
952.31	71.582
952.48	68.386
952.65	68.673
952.81	71.740
952.98	71.803
953.15	71.506
953.32	71.319
953.49	71.048
953.66	71.628
953.83	69.166
954.00	68.369
954.16	70.319
954.33	68.144
954.50	68.064
954.67	68.404
954.84	69.678
955.01	69.899
955.18	68.928
955.34	70.128
955.51	69.688
955.68	68.850
955.85	69.757
956.02	69.292
956.19	71.374
956.35	69.304
956.52	70.056
956.69	68.442
956.86	69.752
957.03	67.748
957.20	69.277
957.36	69.887
957.53	69.728
957.70	70.070
957.87	70.072
958.04	68.578
958.21	71.480
958.37	69.224
958.54	70.073
958.71	65.834
958.88	68.703
959.05	68.364
959.21	69.832
959.38	69.331
959.55	70.932
959.72	69.400
959.89	70.566
960.05	68.737
960.22	70.852
960.39	70.402
960.56	69.262
960.72	69.831
960.89	70.744
961.06	69.601
961.23	71.177
961.40	69.743
961.56	70.031
961.73	73.057
961.90	69.794
962.07	68.164
962.23	69.015
962.40	69.171
962.57	70.445
962.74	70.666
962.90	69.954
963.07	70.383
963.24	70.354
963.41	69.979
963.57	70.358
963.74	70.548
963.91	69.887
964.08	70.248
964.24	70.115
964.41	70.137
964.58	68.559
964.75	71.351
964.91	71.327
965.08	69.658
965.25	68.575
965.42	70.810
965.58	70.207
965.75	70.369
965.92	71.135
966.08	70.100
966.25	70.222
966.42	69.663
966.59	70.036
966.75	69.370
966.92	71.055
967.09	71.625
967.25	70.572
967.42	69.163
967.59	69.786
967.75	69.071
967.92	68.563
968.09	71.121
968.26	70.488
968.42	71.445
968.59	69.532
968.76	70.719
968.92	69.452
969.09	69.634
969.26	70.033
969.42	67.261
969.59	71.056
969.76	69.183
969.92	70.244
970.09	69.082
970.26	68.118
970.42	68.761
970.59	69.683
970.76	70.619
970.92	70.580
971.09	69.060
971.26	68.992
971.42	70.071
971.59	69.941
971.76	69.672
971.92	69.379
972.09	69.424
972.25	69.119
972.42	69.484
972.59	69.001
972.75	70.212
972.92	69.251
973.09	70.733
973.25	69.782
973.42	69.537
973.58	69.927
973.75	71.252
973.92	72.041
974.08	69.477
974.25	70.303
974.42	71.429
974.58	70.392
974.75	69.416
974.91	70.434
975.08	69.478
975.25	71.141
975.41	70.380
975.58	68.866
975.74	72.557
975.91	70.417
976.08	70.613
976.24	70.278
976.41	69.400
976.57	69.916
976.74	68.913
976.91	72.005
977.07	69.784
977.24	69.503
977.40	72.116
977.57	68.812
977.73	69.885
977.90	69.865
978.07	69.399
978.23	70.695
978.40	70.253
978.56	70.647
978.73	69.094
978.89	70.389
979.06	71.400
979.22	70.409
979.39	69.158
979.56	67.846
979.72	69.851
979.89	70.141
980.05	71.137
980.22	71.886
980.38	71.224
980.55	71.343
980.71	70.672
980.88	72.265
981.04	70.617
981.21	70.224
981.37	70.539
981.54	71.957
981.70	68.852
981.87	68.127
982.04	71.368
982.20	68.456
982.37	71.364
982.53	68.971
982.70	68.723
982.86	70.116
983.03	69.548
983.19	71.460
983.36	68.347
983.52	69.161
983.69	71.570
983.85	69.878
984.02	68.656
984.18	70.125
984.35	68.805
984.51	69.478
984.68	70.601
984.84	68.466
985.00	70.530
985.17	69.237
985.33	68.844
985.50	70.225
985.66	71.202
985.83	71.708
985.99	68.429
986.16	69.501
986.32	71.777
986.49	69.117
986.65	69.632
986.82	71.222
986.98	70.718
987.15	70.410
987.31	67.639
987.47	73.250
987.64	70.546
987.80	67.765
987.97	70.645
988.13	71.382
988.30	71.723
988.46	71.041
988.63	70.848
988.79	70.343
988.95	70.706
989.12	70.848
989.28	70.251
989.45	71.981
989.61	70.020
989.77	70.789
989.94	69.867
990.10	66.894
990.27	69.939
990.43	68.359
990.60	70.657
990.76	69.696
990.92	67.614
991.09	70.512
991.25	71.290
991.42	71.471
991.58	70.933
991.74	72.445
991.91	69.152
992.07	71.540
992.24	73.602
992.40	69.552
992.56	73.505
992.73	73.015
992.89	69.958
993.05	70.985
993.22	69.607
993.38	73.917
993.55	72.879
993.71	70.015
993.87	72.130
994.04	72.164
994.20	71.127
994.36	70.514
994.53	69.563
994.69	72.399
994.85	73.622
995.02	69.943
995.18	67.503
995.34	70.103
995.51	69.893
995.67	68.642
995.84	70.728
996.00	69.558
996.16	72.117
996.33	69.396
996.49	68.854
996.65	69.217
996.82	73.850
996.98	69.035
997.14	73.550
997.31	68.205
997.47	71.202
997.63	70.504
997.79	68.591
997.96	71.737
998.12	70.523
998.28	74.030
998.45	68.342
998.61	70.324
998.77	70.009
998.94	70.713
999.10	70.347
999.26	70.274
999.43	70.225
999.59	72.142
999.75	75.103
999.91	69.866
1000.08	70.407
1000.24	72.504
1000.40	70.756
1000.57	73.034
1000.73	71.582
1000.89	71.206
1001.05	71.765
1001.22	69.865
1001.38	71.173
1001.54	67.937
1001.70	69.537
1001.87	70.285
1002.03	72.332
1002.19	71.134
1002.35	70.074
1002.52	71.011
1002.68	69.509
1002.84	70.608
1003.00	70.660
1003.17	74.005
1003.33	72.082
1003.49	72.150
1003.65	71.381
1003.82	74.811
1003.98	71.168
1004.14	72.074
1004.30	70.251
1004.47	70.095
1004.63	75.071
1004.79	73.071
1004.95	69.760
1005.11	72.496
1005.28	73.297
1005.44	71.782
1005.60	72.514
1005.76	72.134
1005.93	69.422
1006.09	73.242
1006.25	69.853
1006.41	69.358
1006.57	75.064
1006.74	68.725
1006.90	70.316
1007.06	70.887
1007.22	70.261
1007.38	69.745
1007.55	72.680
1007.71	70.653
1007.87	74.094
1008.03	74.110
1008.19	73.078
1008.35	72.269
1008.52	71.513
1008.68	74.196
1008.84	68.459
1009.00	72.245
1009.16	72.468
1009.32	74.103
1009.49	72.595
1009.65	75.447
1009.81	71.928
1009.97	70.313
1010.13	74.237
1010.29	71.548
1010.46	72.869
1010.62	73.358
1010.78	72.999
1010.94	71.760
1011.10	69.960
1011.26	72.525
1011.42	71.405
1011.59	74.540
1011.75	75.999
1011.91	71.209
1012.07	69.881
1012.23	74.007
1012.39	75.468
1012.55	72.876
1012.71	68.271
1012.88	69.676
1013.04	69.402
1013.20	72.230
1013.36	74.305
1013.52	72.215
1013.68	73.595
1013.84	74.317
1014.00	72.632
1014.16	74.385
1014.33	68.607
1014.49	73.852
1014.65	72.036
1014.81	73.213
1014.97	66.558
1015.13	70.071
1015.29	71.588
1015.45	72.466
1015.61	73.153
1015.77	77.331
1015.93	68.775
1016.09	71.183
1016.26	75.281
1016.42	73.502
1016.58	71.251
1016.74	76.832
1016.90	74.666
1017.06	73.296
1017.22	81.162
1017.38	74.073
1017.54	75.358
1017.70	72.070
1017.86	73.187
1018.02	75.624
1018.18	72.455
1018.34	70.522
1018.50	76.297
1018.66	75.890
1018.82	76.174
1018.98	73.964
1019.14	76.125
1019.31	74.430
1019.47	68.877
1019.63	75.149
1019.79	70.430
1019.95	71.566
1020.11	73.250
1020.27	70.030
1020.43	75.925
1020.59	75.929
1020.75	72.825
1020.91	69.241
1021.07	76.355
1021.23	71.247
1021.39	76.004
1021.55	74.975
1021.71	73.618
1021.87	74.242
1022.03	69.860
1022.19	72.207
1022.35	70.585
1022.51	75.829
1022.67	77.224
1022.83	77.349
1022.99	75.365
1023.15	74.150
1023.31	71.779
1023.47	83.764
1023.63	70.414
1023.79	72.954
1023.95	72.362
1024.10	74.139
1024.26	71.480
1024.42	76.968
1024.58	75.265
1024.74	73.417
1024.90	73.796
1025.06	72.281
1025.22	79.687
1025.38	69.004
1025.54	74.396
1025.70	71.758
1025.86	74.928
1026.02	75.207
1026.18	76.710
1026.34	72.937
1026.50	70.081
1026.66	70.616
1026.82	74.163
1026.98	76.704
1027.13	79.927
1027.29	69.676
1027.45	77.857
1027.61	76.205
1027.77	78.223
1027.93	66.080
1028.09	74.729
1028.25	74.640
1028.41	70.483
1028.57	75.143
1028.73	78.523
1028.88	71.348
1029.04	69.331
1029.20	73.360
1029.36	77.785
1029.52	68.550
1029.68	71.178
1029.84	74.785
1030.00	73.711
1030.16	73.442
1030.32	81.089
1030.47	75.897
1030.63	83.262
1030.79	74.126
1030.95	76.440
1031.11	74.352
1031.27	73.214
1031.43	74.508
1031.59	88.128
1031.74	68.933
1031.90	74.441
1032.06	76.750
1032.22	77.402
1032.38	75.906
1032.54	73.438
1032.69	75.958
1032.85	85.464
1033.01	75.236
1033.17	76.355
1033.33	68.494
1033.49	71.915
1033.65	78.753
1033.80	68.615
1033.96	78.213
1034.12	73.899
1034.28	80.670
1034.44	80.572
1034.60	69.794
1034.75	82.372
1034.91	75.376
1035.07	74.955
1035.23	75.571
1035.39	68.388
1035.54	80.239
1035.70	67.524
1035.86	73.119
1036.02	87.992
1036.18	74.419
1036.33	82.444
1036.49	84.019
1036.65	81.673
1036.81	71.129
1036.97	74.174
1037.12	75.707
1037.28	78.564
1037.44	75.583
1037.60	74.220
1037.76	85.586
1037.91	87.330
1038.07	79.095
1038.23	83.752
1038.39	79.399
1038.54	79.702
1038.70	74.138
1038.86	72.137
1039.02	88.986
1039.17	78.128
1039.33	84.286
1039.49	73.494
1039.65	74.437
1039.80	86.446
1039.96	85.816
1040.12	79.302
1040.28	76.598
>>>>> Data<<<<< Espectral Procesado Extremo
