Fichero De Datos De SpectraSuite
++++++++++++++++++++++++++++++++++++
Fecha: Mon Jun 29 12:16:44 CST 2026
Usuario: Deodanes
Presente Oscuro Del Espectro: Sí
La Referencia de Presente Del Espectro De: Sí
Muestreados de los componentes de Número de espectros: 1
Espectrómetros: USB4H06056
Tiempo de integración (usec): 300000 (USB4H06056)
Promedio de Espectros Hechos un: 5 (USB4H06056)
El Alisar Del Furgón: 0 (USB4H06056)
Párrafo de de Corregir del la del del de Eléctrica del obscuridad: No (USB4H06056)
Estrobo/Lámpara Permitido: No (USB4H06056)
Correct for Detector Non-linearity: No (USB4H06056)
Párrafo de de Corregir del la del del de Externa del luz: No (USB4H06056)
Procesado del espectro de Número de pixeles en: 3648
>>>>> Comienza Data<<<<< Espectral Procesado Del EL
345.09	400.000
345.30	400.000
345.52	400.000
345.74	93.182
345.95	45.000
346.17	65.116
346.39	170.370
346.60	-130.508
346.82	-50.980
347.04	-22.472
347.25	-42.282
347.47	-45.455
347.69	262.500
347.90	671.429
348.12	53.333
348.34	240.909
348.56	286.047
348.77	-19.178
348.99	-31.132
349.21	59.172
349.42	255.072
349.64	74.026
349.86	44.444
350.07	58.650
350.29	-280.000
350.51	369.231
350.72	62.577
350.94	131.667
351.16	110.471
351.37	84.000
351.59	62.319
351.81	119.171
352.02	188.288
352.24	291.667
352.46	32.632
352.67	60.870
352.89	15700.000
353.10	58.559
353.32	-44.118
353.54	104.955
353.75	68.868
353.97	59.239
354.19	45.122
354.40	80.000
354.62	46.825
354.84	95.570
355.05	128.571
355.27	110.959
355.49	96.078
355.70	169.880
355.92	62.914
356.14	88.696
356.35	66.772
356.57	58.389
356.78	8.889
357.00	80.978
357.22	143.506
357.43	55.039
357.65	92.021
357.87	105.694
358.08	75.556
358.30	43.842
358.51	39.241
358.73	88.725
358.95	121.910
359.16	5.155
359.38	578.947
359.60	181.053
359.81	21.875
360.03	243.820
360.24	47.977
360.46	84.507
360.68	216.923
360.89	113.386
361.11	64.935
361.33	-6400.000
361.54	90.865
361.76	72.671
361.97	71.628
362.19	71.930
362.41	125.658
362.62	70.745
362.84	65.574
363.05	-1772.727
363.27	99.119
363.49	109.589
363.70	61.616
363.92	414.815
364.13	113.103
364.35	72.515
364.57	80.870
364.78	117.886
365.00	172.222
365.21	45.914
365.43	95.798
365.65	102.740
365.86	129.545
366.08	63.924
366.29	60.127
366.51	153.968
366.73	32.432
366.94	86.228
367.16	75.806
367.37	54.331
367.59	106.870
367.80	69.880
368.02	120.952
368.24	43.979
368.45	122.500
368.67	133.951
368.88	96.324
369.10	193.333
369.31	67.105
369.53	56.250
369.75	37.143
369.96	134.503
370.18	133.696
370.39	40.741
370.61	102.632
370.82	57.463
371.04	90.244
371.26	96.043
371.47	137.500
371.69	93.089
371.90	69.620
372.12	31.757
372.33	37.895
372.55	96.809
372.76	97.512
372.98	164.286
373.20	28.571
373.41	84.549
373.63	88.832
373.84	102.190
374.06	60.909
374.27	108.302
374.49	115.470
374.70	92.377
374.92	89.840
375.13	176.471
375.35	100.483
375.57	108.075
375.78	67.037
376.00	129.070
376.21	128.505
376.43	108.261
376.64	93.427
376.86	137.975
377.07	142.458
377.29	56.419
377.50	84.024
377.72	115.060
377.93	111.034
378.15	81.618
378.36	66.479
378.58	122.967
378.80	66.190
379.01	81.707
379.23	77.885
379.44	76.959
379.66	68.923
379.87	96.552
380.09	41.975
380.30	80.226
380.52	80.297
380.73	90.000
380.95	50.000
381.16	103.226
381.38	73.510
381.59	49.527
381.81	92.580
382.02	111.504
382.24	77.333
382.45	54.787
382.67	102.151
382.88	71.818
383.10	81.098
383.31	99.371
383.53	32.951
383.74	84.388
383.96	115.225
384.17	71.176
384.39	84.814
384.60	72.901
384.82	83.492
385.03	67.397
385.25	65.251
385.46	68.030
385.68	76.230
385.89	59.603
386.11	66.925
386.32	71.203
386.54	119.892
386.75	28.669
386.97	78.378
387.18	98.611
387.40	68.687
387.61	76.429
387.83	81.551
388.04	66.787
388.25	88.339
388.47	61.170
388.68	72.539
388.90	75.285
389.11	63.248
389.33	63.203
389.54	59.942
389.76	100.352
389.97	90.681
390.19	74.603
390.40	61.082
390.62	113.889
390.83	88.235
391.05	72.308
391.26	96.226
391.47	97.854
391.69	100.388
391.90	60.000
392.12	84.211
392.33	36.009
392.55	58.333
392.76	39.119
392.98	61.968
393.19	49.038
393.41	73.262
393.62	69.010
393.83	44.324
394.05	82.484
394.26	102.721
394.48	41.058
394.69	65.450
394.91	80.892
395.12	87.406
395.34	68.076
395.55	41.019
395.76	85.323
395.98	62.371
396.19	56.505
396.41	44.558
396.62	68.564
396.84	59.751
397.05	68.447
397.26	52.516
397.48	93.314
397.69	59.409
397.91	69.175
398.12	53.099
398.33	61.827
398.55	104.678
398.76	58.845
398.98	69.845
399.19	47.297
399.41	61.975
399.62	73.239
399.83	52.468
400.05	49.699
400.26	88.078
400.48	62.839
400.69	62.857
400.90	76.239
401.12	62.272
401.33	81.330
401.55	65.109
401.76	58.621
401.97	99.344
402.19	62.500
402.40	62.857
402.62	62.292
402.83	36.499
403.04	50.159
403.26	63.923
403.47	55.817
403.69	68.352
403.90	52.993
404.11	59.415
404.33	43.123
404.54	71.910
404.76	48.992
404.97	43.101
405.18	48.699
405.40	31.957
405.61	53.716
405.83	40.673
406.04	51.878
406.25	48.235
406.47	49.164
406.68	47.368
406.89	51.768
407.11	73.913
407.32	44.666
407.54	64.184
407.75	44.413
407.96	49.221
408.18	45.467
408.39	47.497
408.60	51.954
408.82	50.353
409.03	48.994
409.24	45.807
409.46	58.914
409.67	44.416
409.89	46.772
410.10	42.424
410.31	40.166
410.53	45.031
410.74	40.275
410.95	44.391
411.17	57.697
411.38	49.810
411.59	36.737
411.81	44.298
412.02	50.151
412.23	38.229
412.45	40.886
412.66	40.737
412.87	29.539
413.09	49.329
413.30	33.653
413.51	35.092
413.73	35.165
413.94	38.909
414.15	33.970
414.37	36.153
414.58	39.594
414.79	41.271
415.01	37.836
415.22	33.078
415.43	27.242
415.65	47.181
415.86	26.430
416.07	35.050
416.29	39.142
416.50	31.709
416.71	26.531
416.93	28.764
417.14	26.809
417.35	36.574
417.57	34.446
417.78	26.592
417.99	33.627
418.21	31.191
418.42	25.362
418.63	26.196
418.85	-1567.532
419.06	29.245
419.27	23.002
419.48	24.593
419.70	27.070
419.91	26.904
420.12	28.692
420.34	22.734
420.55	20.050
420.76	22.596
420.98	21.828
421.19	21.520
421.40	20.375
421.61	20.191
421.83	19.418
422.04	21.675
422.25	23.480
422.47	22.542
422.68	18.830
422.89	24.311
423.11	24.316
423.32	19.394
423.53	17.310
423.74	19.592
423.96	18.726
424.17	20.969
424.38	15.322
424.59	19.993
424.81	19.138
425.02	17.692
425.23	14.441
425.45	16.572
425.66	16.821
425.87	21.501
426.08	19.178
426.30	18.133
426.51	21.258
426.72	19.312
426.93	16.336
427.15	16.383
427.36	18.041
427.57	18.614
427.79	17.109
428.00	12.855
428.21	31.674
428.42	18.260
428.64	13.242
428.85	13.257
429.06	17.137
429.27	17.732
429.49	17.401
429.70	15.462
429.91	16.576
430.12	15.064
430.34	15.379
430.55	14.532
430.76	14.073
430.97	14.903
431.19	11.369
431.40	15.730
431.61	13.468
431.82	12.960
432.03	13.194
432.25	17.458
432.46	16.746
432.67	16.151
432.88	16.537
433.10	15.805
433.31	13.406
433.52	14.681
433.73	15.142
433.95	11.872
434.16	13.695
434.37	15.850
434.58	16.745
434.79	14.641
435.01	14.413
435.22	15.046
435.43	13.935
435.64	17.345
435.86	14.079
436.07	14.190
436.28	12.389
436.49	14.891
436.70	13.723
436.92	13.940
437.13	13.291
437.34	14.385
437.55	13.465
437.76	14.892
437.98	11.336
438.19	15.225
438.40	13.763
438.61	13.576
438.82	13.358
439.04	13.525
439.25	12.694
439.46	14.073
439.67	13.972
439.88	14.113
440.10	12.537
440.31	12.839
440.52	14.349
440.73	13.544
440.94	12.746
441.16	14.801
441.37	12.859
441.58	11.274
441.79	13.826
442.00	13.394
442.21	14.148
442.43	13.320
442.64	13.161
442.85	13.293
443.06	12.810
443.27	13.514
443.48	12.803
443.70	14.261
443.91	12.406
444.12	12.386
444.33	12.808
444.54	14.921
444.75	13.053
444.97	12.009
445.18	13.859
445.39	14.017
445.60	13.136
445.81	11.485
446.02	14.507
446.24	14.135
446.45	13.505
446.66	13.104
446.87	13.408
447.08	12.265
447.29	12.907
447.51	11.753
447.72	14.613
447.93	12.329
448.14	11.500
448.35	14.336
448.56	13.819
448.77	13.037
448.99	12.369
449.20	14.803
449.41	14.481
449.62	12.732
449.83	13.392
450.04	12.421
450.25	12.898
450.46	10.412
450.68	13.212
450.89	14.429
451.10	13.438
451.31	12.683
451.52	13.263
451.73	13.001
451.94	12.841
452.15	12.763
452.37	12.990
452.58	12.626
452.79	13.529
453.00	12.558
453.21	12.590
453.42	12.839
453.63	13.524
453.84	13.250
454.06	12.799
454.27	13.313
454.48	12.276
454.69	12.944
454.90	11.882
455.11	12.197
455.32	12.616
455.53	13.567
455.74	12.149
455.95	12.742
456.17	11.901
456.38	14.473
456.59	12.680
456.80	12.923
457.01	13.318
457.22	11.477
457.43	14.464
457.64	14.316
457.85	11.652
458.06	13.905
458.27	13.237
458.49	13.312
458.70	11.897
458.91	14.807
459.12	13.973
459.33	12.964
459.54	13.632
459.75	11.894
459.96	12.618
460.17	13.543
460.38	13.566
460.59	13.708
460.80	13.160
461.01	12.180
461.23	13.343
461.44	13.285
461.65	12.238
461.86	13.507
462.07	13.209
462.28	14.398
462.49	13.003
462.70	13.039
462.91	13.395
463.12	13.357
463.33	12.954
463.54	12.715
463.75	13.118
463.96	13.184
464.17	13.471
464.38	12.920
464.59	12.723
464.81	12.811
465.02	13.244
465.23	12.889
465.44	14.839
465.65	13.186
465.86	15.214
466.07	13.931
466.28	13.808
466.49	13.647
466.70	13.244
466.91	13.404
467.12	13.570
467.33	14.442
467.54	13.312
467.75	13.067
467.96	13.861
468.17	14.032
468.38	12.793
468.59	12.566
468.80	14.212
469.01	14.127
469.22	13.607
469.43	13.354
469.64	13.801
469.85	13.440
470.06	13.301
470.27	13.184
470.48	14.293
470.69	14.165
470.90	13.573
471.11	13.930
471.32	14.136
471.53	12.999
471.74	14.459
471.95	13.311
472.16	13.706
472.37	13.585
472.58	13.733
472.79	13.735
473.00	13.010
473.21	13.914
473.42	13.399
473.63	13.419
473.84	13.804
474.05	14.742
474.26	13.244
474.47	13.586
474.68	14.217
474.89	13.157
475.10	13.770
475.31	13.599
475.52	13.218
475.73	14.519
475.94	13.519
476.15	13.335
476.36	13.542
476.57	13.840
476.78	13.284
476.99	13.592
477.20	13.933
477.41	14.138
477.62	12.847
477.83	14.155
478.04	14.257
478.25	13.406
478.46	12.705
478.67	13.552
478.88	13.340
479.09	14.024
479.30	14.039
479.51	13.276
479.72	13.584
479.93	13.569
480.14	13.550
480.35	12.961
480.56	13.467
480.77	13.051
480.98	13.061
481.18	13.256
481.39	14.253
481.60	13.774
481.81	12.761
482.02	13.387
482.23	13.380
482.44	14.159
482.65	12.537
482.86	13.234
483.07	14.077
483.28	12.911
483.49	13.812
483.70	13.676
483.91	13.755
484.12	12.691
484.33	13.392
484.53	12.786
484.74	13.902
484.95	13.549
485.16	13.073
485.37	13.389
485.58	13.435
485.79	13.537
486.00	12.559
486.21	12.927
486.42	13.659
486.63	13.658
486.84	13.401
487.05	13.560
487.25	13.479
487.46	13.419
487.67	13.850
487.88	12.901
488.09	13.918
488.30	13.444
488.51	13.450
488.72	13.838
488.93	13.532
489.14	13.662
489.35	13.282
489.55	13.438
489.76	13.783
489.97	13.698
490.18	13.756
490.39	13.228
490.60	13.592
490.81	14.133
491.02	13.283
491.23	13.440
491.43	13.710
491.64	13.720
491.85	13.523
492.06	14.550
492.27	13.534
492.48	13.269
492.69	13.593
492.90	13.718
493.11	13.113
493.31	13.402
493.52	13.278
493.73	13.895
493.94	14.104
494.15	13.388
494.36	13.785
494.57	13.282
494.78	13.481
494.98	13.585
495.19	13.835
495.40	13.509
495.61	13.915
495.82	13.248
496.03	13.900
496.24	13.660
496.44	13.271
496.65	14.000
496.86	13.535
497.07	13.831
497.28	13.574
497.49	13.716
497.70	13.686
497.90	13.817
498.11	13.830
498.32	13.896
498.53	13.718
498.74	13.929
498.95	13.609
499.15	13.508
499.36	13.930
499.57	13.630
499.78	13.785
499.99	13.705
500.20	13.600
500.40	13.461
500.61	13.680
500.82	13.494
501.03	13.844
501.24	13.784
501.45	13.449
501.65	13.751
501.86	13.902
502.07	14.161
502.28	14.146
502.49	13.753
502.70	13.929
502.90	13.721
503.11	13.970
503.32	13.840
503.53	14.050
503.74	13.716
503.94	13.833
504.15	13.781
504.36	13.558
504.57	13.701
504.78	13.822
504.98	13.607
505.19	13.921
505.40	13.912
505.61	13.975
505.82	13.896
506.02	13.982
506.23	13.727
506.44	14.422
506.65	14.120
506.86	13.886
507.06	13.764
507.27	14.393
507.48	14.100
507.69	14.018
507.90	13.769
508.10	14.059
508.31	14.127
508.52	14.066
508.73	14.202
508.94	14.058
509.14	14.399
509.35	14.190
509.56	14.032
509.77	14.422
509.97	14.177
510.18	14.030
510.39	14.225
510.60	14.209
510.80	14.127
511.01	13.922
511.22	14.077
511.43	14.442
511.64	14.592
511.84	14.277
512.05	14.074
512.26	14.437
512.47	14.542
512.67	14.518
512.88	14.372
513.09	14.499
513.30	14.453
513.50	14.273
513.71	14.025
513.92	14.577
514.13	14.570
514.33	14.623
514.54	14.702
514.75	14.521
514.96	14.354
515.16	14.565
515.37	14.581
515.58	14.597
515.78	14.543
515.99	14.632
516.20	14.723
516.41	14.908
516.61	14.700
516.82	14.469
517.03	14.735
517.24	14.927
517.44	14.859
517.65	15.024
517.86	14.924
518.07	15.128
518.27	15.240
518.48	14.822
518.69	14.973
518.89	15.107
519.10	15.273
519.31	15.123
519.52	15.159
519.72	15.394
519.93	15.442
520.14	15.307
520.34	15.116
520.55	15.577
520.76	15.827
520.96	15.568
521.17	15.281
521.38	15.652
521.59	15.568
521.79	15.752
522.00	15.759
522.21	15.778
522.41	15.840
522.62	15.934
522.83	15.920
523.03	16.331
523.24	16.177
523.45	16.074
523.66	16.010
523.86	16.151
524.07	16.506
524.28	16.401
524.48	16.148
524.69	16.107
524.90	16.847
525.10	15.898
525.31	16.886
525.52	16.687
525.72	16.499
525.93	16.809
526.14	16.625
526.34	17.192
526.55	17.331
526.76	16.997
526.96	16.854
527.17	17.319
527.38	17.165
527.58	17.230
527.79	17.354
528.00	17.466
528.20	17.416
528.41	17.445
528.62	17.325
528.82	17.363
529.03	17.722
529.24	17.484
529.44	17.435
529.65	17.958
529.85	17.859
530.06	17.847
530.27	17.840
530.47	18.147
530.68	18.194
530.89	18.305
531.09	18.318
531.30	17.970
531.51	17.958
531.71	18.561
531.92	18.283
532.13	18.801
532.33	18.584
532.54	18.345
532.74	18.456
532.95	18.419
533.16	18.608
533.36	18.302
533.57	18.455
533.78	18.874
533.98	18.642
534.19	18.391
534.39	18.825
534.60	18.896
534.81	18.760
535.01	19.038
535.22	19.021
535.42	19.006
535.63	19.144
535.84	19.189
536.04	19.436
536.25	19.424
536.45	19.375
536.66	19.282
536.87	19.354
537.07	19.461
537.28	19.432
537.48	20.002
537.69	19.510
537.90	19.525
538.10	19.538
538.31	19.298
538.51	19.657
538.72	19.663
538.93	19.556
539.13	19.548
539.34	19.698
539.54	19.617
539.75	19.642
539.96	19.351
540.16	19.681
540.37	19.812
540.57	19.539
540.78	19.903
540.98	19.771
541.19	20.015
541.40	20.026
541.60	20.068
541.81	19.548
542.01	19.784
542.22	19.873
542.42	19.776
542.63	19.725
542.83	19.898
543.04	20.196
543.25	20.156
543.45	19.885
543.66	19.895
543.86	20.149
544.07	20.128
544.27	20.008
544.48	20.166
544.68	20.108
544.89	20.181
545.10	19.973
545.30	20.112
545.51	20.294
545.71	20.386
545.92	19.992
546.12	20.271
546.33	20.137
546.53	19.951
546.74	20.020
546.94	20.181
547.15	20.264
547.36	20.248
547.56	19.941
547.77	20.231
547.97	20.193
548.18	20.272
548.38	20.455
548.59	20.382
548.79	19.841
549.00	20.298
549.20	20.152
549.41	20.343
549.61	20.310
549.82	20.278
550.02	20.194
550.23	20.237
550.43	20.359
550.64	20.295
550.84	20.310
551.05	20.196
551.25	20.197
551.46	20.010
551.66	20.351
551.87	20.549
552.07	20.371
552.28	20.250
552.48	20.613
552.69	20.651
552.89	20.755
553.10	20.564
553.30	20.151
553.51	20.557
553.71	20.134
553.92	20.436
554.12	20.589
554.33	20.452
554.53	20.498
554.74	20.399
554.94	20.335
555.15	20.572
555.35	20.161
555.56	20.216
555.76	20.287
555.97	20.825
556.17	20.642
556.38	20.611
556.58	20.625
556.78	20.647
556.99	20.843
557.19	20.770
557.40	20.288
557.60	20.751
557.81	20.639
558.01	20.506
558.22	20.620
558.42	20.549
558.63	20.260
558.83	20.575
559.04	20.419
559.24	20.457
559.44	20.595
559.65	20.413
559.85	20.306
560.06	20.537
560.26	20.328
560.47	20.316
560.67	20.796
560.88	20.325
561.08	20.478
561.28	20.726
561.49	20.343
561.69	20.410
561.90	20.160
562.10	20.136
562.31	20.234
562.51	20.402
562.71	20.095
562.92	20.354
563.12	20.215
563.33	20.386
563.53	20.291
563.74	20.224
563.94	20.099
564.14	20.156
564.35	20.106
564.55	19.978
564.76	19.842
564.96	20.348
565.17	19.926
565.37	19.785
565.57	20.079
565.78	19.858
565.98	19.979
566.19	19.769
566.39	19.863
566.59	19.714
566.80	19.931
567.00	19.621
567.21	19.726
567.41	19.820
567.61	19.610
567.82	19.410
568.02	19.371
568.23	19.662
568.43	19.621
568.63	19.543
568.84	19.207
569.04	19.330
569.24	19.424
569.45	19.158
569.65	19.187
569.86	19.226
570.06	19.351
570.26	19.152
570.47	19.106
570.67	19.079
570.87	18.750
571.08	18.998
571.28	18.936
571.49	18.975
571.69	18.808
571.89	18.868
572.10	18.816
572.30	18.505
572.50	18.615
572.71	18.416
572.91	18.549
573.11	18.596
573.32	18.627
573.52	18.106
573.73	18.306
573.93	18.516
574.13	18.439
574.34	18.363
574.54	18.287
574.74	18.135
574.95	18.070
575.15	18.178
575.35	18.028
575.56	18.161
575.76	17.865
575.96	17.907
576.17	18.049
576.37	18.158
576.57	17.639
576.78	18.110
576.98	17.670
577.18	17.935
577.39	17.932
577.59	17.781
577.79	17.760
578.00	17.532
578.20	17.762
578.40	17.598
578.61	17.756
578.81	17.542
579.01	17.510
579.22	17.524
579.42	17.348
579.62	17.541
579.82	17.349
580.03	17.196
580.23	17.040
580.43	17.463
580.64	17.135
580.84	17.252
581.04	17.083
581.25	17.429
581.45	16.981
581.65	17.174
581.86	17.141
582.06	17.322
582.26	17.130
582.46	16.976
582.67	17.099
582.87	17.109
583.07	17.029
583.28	16.808
583.48	16.926
583.68	16.834
583.88	16.476
584.09	16.734
584.29	16.787
584.49	16.691
584.70	16.730
584.90	16.620
585.10	16.587
585.30	16.439
585.51	16.569
585.71	16.236
585.91	16.509
586.11	16.443
586.32	16.293
586.52	16.405
586.72	16.481
586.92	16.324
587.13	16.606
587.33	16.242
587.53	16.547
587.74	16.568
587.94	16.394
588.14	16.229
588.34	16.733
588.55	16.489
588.75	16.376
588.95	16.075
589.15	16.344
589.36	16.309
589.56	16.107
589.76	16.251
589.96	16.123
590.16	16.105
590.37	16.368
590.57	16.300
590.77	16.225
590.97	16.380
591.18	16.164
591.38	16.052
591.58	15.288
591.78	16.110
591.99	16.102
592.19	15.871
592.39	16.106
592.59	16.242
592.79	16.167
593.00	15.970
593.20	16.138
593.40	15.744
593.60	16.013
593.81	16.028
594.01	15.889
594.21	16.036
594.41	15.911
594.61	15.997
594.82	15.943
595.02	15.880
595.22	15.696
595.42	15.682
595.62	15.905
595.83	15.751
596.03	15.827
596.23	15.663
596.43	15.742
596.63	15.944
596.84	15.701
597.04	15.852
597.24	15.695
597.44	15.800
597.64	15.661
597.84	15.409
598.05	15.598
598.25	15.606
598.45	15.843
598.65	15.501
598.85	15.800
599.06	15.666
599.26	15.905
599.46	15.671
599.66	15.723
599.86	15.735
600.06	15.716
600.27	15.603
600.47	15.553
600.67	15.800
600.87	15.529
601.07	15.575
601.27	15.558
601.48	15.669
601.68	15.815
601.88	15.816
602.08	15.664
602.28	15.699
602.48	15.846
602.68	15.480
602.89	15.793
603.09	15.707
603.29	15.909
603.49	15.500
603.69	15.450
603.89	15.551
604.09	15.822
604.30	15.671
604.50	15.683
604.70	15.564
604.90	15.668
605.10	15.285
605.30	15.751
605.50	15.273
605.71	15.485
605.91	15.568
606.11	15.459
606.31	15.448
606.51	15.761
606.71	15.329
606.91	15.306
607.11	15.567
607.32	15.609
607.52	15.429
607.72	15.542
607.92	15.276
608.12	15.609
608.32	15.299
608.52	15.411
608.72	15.623
608.92	15.636
609.12	15.283
609.33	15.350
609.53	15.357
609.73	15.438
609.93	15.588
610.13	15.334
610.33	15.416
610.53	15.105
610.73	15.214
610.93	15.273
611.13	15.322
611.34	15.225
611.54	15.145
611.74	15.218
611.94	15.275
612.14	15.134
612.34	15.288
612.54	15.018
612.74	15.336
612.94	15.321
613.14	14.919
613.34	15.328
613.54	15.266
613.74	15.092
613.95	15.300
614.15	15.255
614.35	15.004
614.55	15.108
614.75	14.915
614.95	15.048
615.15	15.002
615.35	15.029
615.55	14.886
615.75	14.723
615.95	15.177
616.15	14.911
616.35	15.033
616.55	14.837
616.75	14.928
616.95	14.852
617.15	15.023
617.35	14.777
617.56	14.979
617.76	15.030
617.96	14.707
618.16	14.819
618.36	14.783
618.56	14.768
618.76	14.775
618.96	14.834
619.16	14.906
619.36	14.965
619.56	14.800
619.76	14.983
619.96	14.959
620.16	14.761
620.36	14.661
620.56	14.964
620.76	14.796
620.96	14.883
621.16	14.790
621.36	14.790
621.56	14.820
621.76	14.919
621.96	14.541
622.16	14.784
622.36	14.767
622.56	14.612
622.76	14.600
622.96	14.604
623.16	14.801
623.36	14.597
623.56	14.596
623.76	14.671
623.96	14.729
624.16	14.873
624.36	14.609
624.56	14.483
624.76	14.807
624.96	14.856
625.16	14.688
625.36	14.436
625.56	14.910
625.76	15.070
625.96	14.469
626.16	14.467
626.36	14.400
626.56	14.643
626.76	14.588
626.96	14.713
627.16	14.588
627.36	14.585
627.56	14.600
627.76	14.624
627.96	14.340
628.16	14.845
628.36	14.496
628.56	14.442
628.75	14.632
628.95	14.468
629.15	14.623
629.35	14.623
629.55	14.626
629.75	14.605
629.95	14.578
630.15	14.450
630.35	14.664
630.55	14.523
630.75	14.476
630.95	14.480
631.15	14.457
631.35	14.443
631.55	14.256
631.75	14.368
631.95	14.476
632.15	14.534
632.34	14.351
632.54	14.251
632.74	14.642
632.94	14.621
633.14	14.328
633.34	14.487
633.54	14.525
633.74	14.577
633.94	14.480
634.14	14.353
634.34	14.540
634.54	14.385
634.74	14.293
634.93	14.291
635.13	14.321
635.33	14.515
635.53	14.370
635.73	14.521
635.93	14.267
636.13	14.352
636.33	14.361
636.53	14.348
636.73	14.479
636.93	14.566
637.12	14.325
637.32	14.316
637.52	14.481
637.72	14.203
637.92	14.378
638.12	14.290
638.32	14.223
638.52	14.308
638.72	14.112
638.91	14.150
639.11	14.485
639.31	14.173
639.51	14.014
639.71	14.174
639.91	14.140
640.11	14.222
640.31	14.129
640.50	14.063
640.70	14.188
640.90	14.213
641.10	14.224
641.30	14.266
641.50	14.250
641.70	14.118
641.89	14.094
642.09	14.162
642.29	14.084
642.49	14.102
642.69	14.122
642.89	13.934
643.09	13.958
643.28	14.021
643.48	13.870
643.68	13.815
643.88	14.034
644.08	13.896
644.28	13.746
644.48	13.825
644.67	13.899
644.87	13.908
645.07	13.767
645.27	13.797
645.47	13.897
645.67	13.947
645.86	13.955
646.06	13.726
646.26	13.887
646.46	13.958
646.66	14.016
646.85	13.927
647.05	14.141
647.25	13.893
647.45	13.661
647.65	13.579
647.85	13.807
648.04	13.908
648.24	13.726
648.44	13.689
648.64	13.745
648.84	13.624
649.03	13.658
649.23	13.566
649.43	13.501
649.63	13.759
649.83	13.697
650.02	13.700
650.22	13.720
650.42	13.675
650.62	13.602
650.82	13.562
651.01	13.756
651.21	13.507
651.41	13.702
651.61	13.653
651.81	13.549
652.00	13.528
652.20	13.651
652.40	13.514
652.60	13.507
652.79	13.701
652.99	13.604
653.19	13.624
653.39	13.598
653.59	13.809
653.78	13.586
653.98	13.628
654.18	13.670
654.38	13.480
654.57	13.674
654.77	13.511
654.97	13.524
655.17	13.425
655.36	13.554
655.56	13.506
655.76	13.596
655.96	13.396
656.15	13.618
656.35	13.527
656.55	13.662
656.75	13.469
656.94	13.496
657.14	13.491
657.34	13.554
657.54	13.421
657.73	13.416
657.93	13.532
658.13	13.389
658.33	13.619
658.52	13.389
658.72	13.596
658.92	13.586
659.11	13.567
659.31	13.293
659.51	13.483
659.71	13.549
659.90	13.592
660.10	13.546
660.30	13.546
660.50	13.434
660.69	13.596
660.89	13.484
661.09	13.549
661.28	13.500
661.48	13.594
661.68	13.476
661.87	13.160
662.07	13.549
662.27	13.505
662.47	13.326
662.66	13.233
662.86	13.260
663.06	13.493
663.25	13.494
663.45	13.343
663.65	13.460
663.84	13.408
664.04	13.415
664.24	13.355
664.44	13.258
664.63	13.538
664.83	13.320
665.03	13.421
665.22	13.356
665.42	13.257
665.62	13.460
665.81	13.298
666.01	13.337
666.21	13.495
666.40	13.407
666.60	13.560
666.80	13.416
666.99	13.479
667.19	13.180
667.39	13.274
667.58	13.312
667.78	13.336
667.98	13.401
668.17	13.365
668.37	13.463
668.57	13.430
668.76	13.435
668.96	13.203
669.16	13.332
669.35	13.081
669.55	13.493
669.74	13.274
669.94	13.398
670.14	13.321
670.33	13.397
670.53	13.513
670.73	13.525
670.92	13.310
671.12	13.352
671.32	13.461
671.51	13.355
671.71	13.470
671.90	13.458
672.10	13.205
672.30	13.373
672.49	13.352
672.69	13.148
672.89	13.262
673.08	13.465
673.28	13.326
673.47	13.351
673.67	13.349
673.87	13.390
674.06	13.155
674.26	13.408
674.45	13.337
674.65	13.389
674.85	13.412
675.04	13.326
675.24	13.232
675.43	13.444
675.63	13.404
675.83	13.326
676.02	13.402
676.22	13.233
676.41	13.618
676.61	13.323
676.81	13.463
677.00	13.442
677.20	13.541
677.39	13.483
677.59	13.414
677.79	13.528
677.98	13.467
678.18	13.688
678.37	13.382
678.57	13.539
678.76	13.343
678.96	13.555
679.16	13.452
679.35	13.411
679.55	13.598
679.74	13.475
679.94	13.380
680.13	13.514
680.33	13.534
680.53	13.486
680.72	13.399
680.92	13.426
681.11	13.451
681.31	13.597
681.50	13.587
681.70	13.466
681.89	13.444
682.09	13.598
682.28	13.556
682.48	13.693
682.68	13.544
682.87	13.500
683.07	13.412
683.26	13.515
683.46	13.631
683.65	13.566
683.85	13.459
684.04	13.640
684.24	13.652
684.43	13.463
684.63	13.485
684.82	13.562
685.02	13.645
685.21	13.583
685.41	13.631
685.60	13.736
685.80	13.714
686.00	13.336
686.19	13.661
686.39	13.790
686.58	13.704
686.78	13.703
686.97	13.710
687.17	13.690
687.36	13.799
687.56	13.853
687.75	13.584
687.95	13.730
688.14	13.822
688.34	13.715
688.53	13.544
688.73	13.752
688.92	13.922
689.12	13.953
689.31	13.713
689.51	13.795
689.70	13.793
689.89	13.540
690.09	13.564
690.28	13.568
690.48	13.935
690.67	13.749
690.87	13.926
691.06	13.832
691.26	13.860
691.45	13.761
691.65	13.739
691.84	13.861
692.04	13.848
692.23	14.005
692.43	13.742
692.62	14.071
692.82	14.020
693.01	14.020
693.20	14.077
693.40	14.221
693.59	14.124
693.79	14.275
693.98	14.217
694.18	14.441
694.37	14.283
694.57	14.386
694.76	14.364
694.95	14.500
695.15	14.589
695.34	14.733
695.54	14.713
695.73	15.044
695.93	15.100
696.12	15.024
696.32	15.048
696.51	15.085
696.70	15.191
696.90	15.268
697.09	15.439
697.29	15.593
697.48	15.818
697.67	15.688
697.87	15.908
698.06	16.194
698.26	16.376
698.45	16.243
698.65	16.430
698.84	16.528
699.03	16.517
699.23	16.758
699.42	16.996
699.62	17.043
699.81	17.108
700.00	17.332
700.20	17.504
700.39	17.451
700.59	17.735
700.78	17.947
700.97	18.042
701.17	18.263
701.36	18.418
701.56	18.634
701.75	18.754
701.94	18.986
702.14	19.121
702.33	19.001
702.52	19.647
702.72	19.806
702.91	19.908
703.11	20.008
703.30	20.381
703.49	20.488
703.69	20.886
703.88	21.050
704.07	21.249
704.27	21.165
704.46	21.356
704.66	21.344
704.85	22.232
705.04	22.185
705.24	22.413
705.43	22.529
705.62	22.769
705.82	22.673
706.01	23.312
706.20	23.491
706.40	23.689
706.59	23.816
706.78	24.267
706.98	24.135
707.17	24.618
707.36	24.736
707.56	24.920
707.75	24.995
707.94	25.334
708.14	25.483
708.33	26.015
708.52	25.980
708.72	26.217
708.91	26.598
709.10	26.734
709.30	26.966
709.49	27.082
709.68	27.280
709.88	27.914
710.07	27.667
710.26	28.026
710.46	28.472
710.65	28.783
710.84	28.430
711.04	29.006
711.23	29.157
711.42	29.332
711.61	29.634
711.81	29.656
712.00	30.133
712.19	30.014
712.39	30.140
712.58	30.669
712.77	30.783
712.97	31.139
713.16	31.598
713.35	31.708
713.54	31.946
713.74	32.230
713.93	32.084
714.12	32.544
714.32	32.922
714.51	33.000
714.70	33.103
714.89	33.643
715.09	33.435
715.28	34.032
715.47	33.965
715.66	34.472
715.86	34.587
716.05	34.648
716.24	34.863
716.44	35.459
716.63	35.544
716.82	36.055
717.01	36.245
717.21	36.346
717.40	36.582
717.59	36.534
717.78	37.202
717.98	37.213
718.17	37.263
718.36	37.651
718.55	37.819
718.75	37.789
718.94	38.635
719.13	38.938
719.32	38.745
719.52	39.250
719.71	39.011
719.90	39.623
720.09	39.724
720.28	39.799
720.48	40.211
720.67	40.409
720.86	40.292
721.05	40.759
721.25	41.339
721.44	41.289
721.63	41.687
721.82	42.075
722.01	41.913
722.21	42.377
722.40	42.526
722.59	42.569
722.78	43.283
722.98	43.198
723.17	43.416
723.36	43.603
723.55	44.171
723.74	44.235
723.94	44.448
724.13	44.652
724.32	45.227
724.51	44.978
724.70	45.557
724.89	45.618
725.09	45.949
725.28	46.250
725.47	46.936
725.66	46.423
725.85	46.815
726.05	47.158
726.24	47.151
726.43	47.695
726.62	47.842
726.81	47.993
727.00	48.282
727.20	48.346
727.39	48.416
727.58	48.526
727.77	48.682
727.96	49.088
728.15	49.297
728.35	49.397
728.54	49.984
728.73	50.296
728.92	50.808
729.11	50.376
729.30	50.946
729.50	50.744
729.69	51.028
729.88	51.542
730.07	51.434
730.26	51.966
730.45	52.427
730.64	52.605
730.84	52.839
731.03	52.450
731.22	53.079
731.41	52.910
731.60	53.107
731.79	53.345
731.98	53.926
732.18	53.941
732.37	54.070
732.56	54.265
732.75	54.563
732.94	54.469
733.13	54.482
733.32	55.308
733.51	54.958
733.71	55.136
733.90	55.610
734.09	55.510
734.28	55.964
734.47	56.105
734.66	56.423
734.85	56.472
735.04	56.163
735.23	56.674
735.42	56.929
735.62	57.172
735.81	57.618
736.00	57.324
736.19	57.815
736.38	57.796
736.57	57.798
736.76	58.649
736.95	58.243
737.14	58.194
737.33	58.528
737.52	58.792
737.72	58.628
737.91	59.145
738.10	59.191
738.29	59.123
738.48	59.465
738.67	59.351
738.86	59.199
739.05	59.762
739.24	59.731
739.43	60.192
739.62	60.389
739.81	60.223
740.00	60.597
740.19	60.900
740.39	61.026
740.58	60.829
740.77	61.403
740.96	61.140
741.15	61.749
741.34	61.417
741.53	61.616
741.72	61.680
741.91	61.974
742.10	61.694
742.29	62.124
742.48	62.462
742.67	62.409
742.86	62.239
743.05	62.246
743.24	62.801
743.43	62.864
743.62	63.024
743.81	63.234
744.00	63.273
744.19	63.158
744.38	63.560
744.57	63.279
744.76	63.505
744.95	63.559
745.14	63.480
745.33	63.545
745.52	63.737
745.71	63.615
745.90	63.731
746.09	64.081
746.28	63.757
746.47	64.535
746.66	63.984
746.85	64.445
747.04	64.192
747.23	64.912
747.42	64.718
747.61	64.875
747.80	64.985
747.99	64.586
748.18	65.166
748.37	65.102
748.56	65.206
748.75	65.327
748.94	65.231
749.13	65.078
749.32	65.595
749.51	65.721
749.70	65.515
749.89	65.434
750.08	65.958
750.27	65.952
750.46	65.987
750.65	65.606
750.84	66.166
751.03	66.630
751.22	66.404
751.41	66.533
751.60	66.699
751.79	65.840
751.98	66.460
752.17	66.699
752.36	66.548
752.55	66.281
752.74	67.107
752.93	66.398
753.12	66.701
753.30	66.710
753.49	66.926
753.68	66.956
753.87	66.783
754.06	67.138
754.25	66.930
754.44	66.753
754.63	66.718
754.82	67.443
755.01	67.292
755.20	67.127
755.39	67.374
755.58	67.312
755.77	67.749
755.96	67.188
756.14	67.622
756.33	67.717
756.52	67.319
756.71	67.499
756.90	67.405
757.09	67.565
757.28	67.781
757.47	67.898
757.66	67.749
757.85	68.032
758.04	68.032
758.22	67.485
758.41	67.827
758.60	67.964
758.79	68.029
758.98	68.142
759.17	68.189
759.36	67.915
759.55	67.908
759.74	67.998
759.92	68.172
760.11	68.479
760.30	68.051
760.49	68.342
760.68	68.609
760.87	68.421
761.06	68.196
761.25	68.670
761.43	68.030
761.62	68.372
761.81	68.412
762.00	68.254
762.19	68.602
762.38	68.461
762.57	68.746
762.76	68.057
762.94	68.465
763.13	68.204
763.32	68.154
763.51	68.512
763.70	67.861
763.89	68.614
764.07	68.136
764.26	68.248
764.45	68.725
764.64	68.638
764.83	68.443
765.02	68.956
765.21	68.802
765.39	68.877
765.58	68.512
765.77	68.404
765.96	68.601
766.15	68.524
766.34	69.075
766.52	69.044
766.71	68.908
766.90	69.043
767.09	68.695
767.28	68.286
767.46	68.267
767.65	68.629
767.84	69.062
768.03	68.839
768.22	68.892
768.40	68.966
768.59	69.068
768.78	68.930
768.97	69.052
769.16	69.026
769.34	69.248
769.53	69.103
769.72	68.975
769.91	69.016
770.10	69.243
770.28	68.876
770.47	68.960
770.66	69.158
770.85	69.320
771.04	69.207
771.22	69.003
771.41	69.074
771.60	68.875
771.79	69.052
771.98	69.293
772.16	69.189
772.35	68.430
772.54	68.717
772.73	68.509
772.91	68.949
773.10	69.586
773.29	69.419
773.48	68.900
773.66	69.476
773.85	69.039
774.04	68.404
774.23	69.229
774.41	69.239
774.60	69.248
774.79	69.396
774.98	69.200
775.16	69.586
775.35	69.398
775.54	69.562
775.73	69.404
775.91	69.041
776.10	68.978
776.29	68.967
776.48	68.944
776.66	69.233
776.85	69.150
777.04	69.161
777.23	69.189
777.41	69.097
777.60	69.225
777.79	69.081
777.97	69.265
778.16	70.099
778.35	69.383
778.54	68.974
778.72	69.163
778.91	69.173
779.10	69.118
779.28	69.319
779.47	69.337
779.66	69.244
779.85	69.609
780.03	69.572
780.22	69.358
780.41	69.260
780.59	68.949
780.78	69.157
780.97	69.445
781.15	69.461
781.34	68.818
781.53	68.750
781.71	69.353
781.90	69.718
782.09	69.609
782.27	69.447
782.46	69.370
782.65	69.033
782.84	69.064
783.02	69.305
783.21	69.217
783.40	69.042
783.58	69.386
783.77	69.621
783.96	69.884
784.14	69.709
784.33	69.027
784.52	69.213
784.70	69.304
784.89	69.361
785.07	69.382
785.26	69.771
785.45	69.171
785.63	69.014
785.82	69.431
786.01	69.105
786.19	69.374
786.38	69.182
786.57	69.398
786.75	69.859
786.94	69.586
787.13	69.152
787.31	69.015
787.50	69.427
787.68	69.094
787.87	69.978
788.06	69.446
788.24	70.174
788.43	68.944
788.62	69.455
788.80	69.284
788.99	68.953
789.17	69.256
789.36	69.363
789.55	69.125
789.73	69.552
789.92	70.067
790.10	69.652
790.29	69.413
790.48	69.461
790.66	69.351
790.85	69.299
791.03	69.487
791.22	69.156
791.41	69.692
791.59	69.498
791.78	69.446
791.96	69.482
792.15	68.851
792.34	69.299
792.52	69.407
792.71	69.892
792.89	69.210
793.08	68.983
793.27	69.645
793.45	69.304
793.64	69.240
793.82	69.746
794.01	69.672
794.19	69.561
794.38	70.140
794.57	69.895
794.75	69.051
794.94	69.363
795.12	69.642
795.31	69.471
795.49	70.417
795.68	69.540
795.86	69.716
796.05	69.904
796.24	69.307
796.42	69.354
796.61	69.081
796.79	69.058
796.98	69.363
797.16	69.539
797.35	69.578
797.53	69.152
797.72	69.221
797.90	69.295
798.09	69.302
798.27	69.413
798.46	69.391
798.65	69.658
798.83	69.449
799.02	69.495
799.20	70.463
799.39	69.700
799.57	69.252
799.76	69.637
799.94	69.076
800.13	69.308
800.31	69.490
800.50	69.572
800.68	69.566
800.87	69.218
801.05	69.532
801.24	69.361
801.42	68.896
801.61	69.661
801.79	69.707
801.98	69.018
802.16	69.466
802.35	69.553
802.53	69.702
802.72	69.249
802.90	69.924
803.09	69.289
803.27	69.421
803.46	69.587
803.64	69.636
803.83	69.397
804.01	69.183
804.20	69.469
804.38	69.077
804.56	69.411
804.75	69.229
804.93	69.617
805.12	69.649
805.30	69.473
805.49	68.926
805.67	69.348
805.86	69.663
806.04	69.513
806.23	69.623
806.41	69.880
806.59	69.476
806.78	69.495
806.96	69.732
807.15	69.290
807.33	69.184
807.52	69.363
807.70	69.327
807.89	69.198
808.07	69.523
808.25	69.731
808.44	69.683
808.62	69.573
808.81	68.964
808.99	69.445
809.18	69.599
809.36	70.093
809.54	69.447
809.73	69.264
809.91	69.516
810.10	69.177
810.28	69.863
810.47	69.386
810.65	69.224
810.83	69.560
811.02	69.491
811.20	69.221
811.39	69.162
811.57	68.920
811.75	70.094
811.94	69.858
812.12	69.190
812.31	69.257
812.49	69.531
812.67	69.386
812.86	69.504
813.04	69.217
813.23	69.627
813.41	69.722
813.59	69.706
813.78	69.607
813.96	69.592
814.14	69.568
814.33	69.675
814.51	69.694
814.70	69.872
814.88	69.156
815.06	69.945
815.25	69.490
815.43	69.268
815.61	69.513
815.80	68.959
815.98	69.733
816.16	69.313
816.35	69.491
816.53	69.298
816.72	69.734
816.90	69.280
817.08	69.138
817.27	69.235
817.45	69.996
817.63	69.664
817.82	69.656
818.00	69.626
818.18	69.467
818.37	69.394
818.55	69.501
818.73	69.406
818.92	69.793
819.10	69.801
819.28	69.171
819.47	69.623
819.65	69.033
819.83	69.599
820.02	69.440
820.20	69.051
820.38	69.320
820.57	69.332
820.75	69.462
820.93	69.615
821.11	69.648
821.30	69.499
821.48	69.414
821.66	69.317
821.85	69.347
822.03	69.777
822.21	69.164
822.40	69.797
822.58	69.767
822.76	69.585
822.94	70.006
823.13	69.497
823.31	70.014
823.49	69.534
823.68	69.465
823.86	69.473
824.04	69.786
824.22	69.930
824.41	69.621
824.59	69.638
824.77	69.623
824.96	69.925
825.14	69.279
825.32	69.658
825.50	69.929
825.69	69.688
825.87	69.809
826.05	69.195
826.23	70.061
826.42	69.611
826.60	69.735
826.78	70.003
826.96	69.803
827.15	69.825
827.33	69.292
827.51	69.151
827.69	69.999
827.88	69.992
828.06	69.632
828.24	69.830
828.42	70.177
828.61	70.277
828.79	69.736
828.97	69.786
829.15	69.623
829.34	69.952
829.52	69.740
829.70	70.030
829.88	69.843
830.06	69.445
830.25	69.743
830.43	69.927
830.61	69.536
830.79	69.690
830.97	69.754
831.16	69.764
831.34	69.940
831.52	69.216
831.70	69.850
831.89	70.154
832.07	69.238
832.25	69.830
832.43	69.704
832.61	69.558
832.80	70.076
832.98	69.314
833.16	69.371
833.34	69.582
833.52	69.559
833.70	69.920
833.89	69.944
834.07	69.833
834.25	69.849
834.43	69.154
834.61	69.480
834.80	69.456
834.98	69.362
835.16	69.546
835.34	69.603
835.52	69.576
835.70	69.362
835.89	69.571
836.07	69.560
836.25	69.419
836.43	70.103
836.61	70.121
836.79	69.675
836.97	69.572
837.16	69.990
837.34	69.583
837.52	69.252
837.70	70.067
837.88	69.521
838.06	69.485
838.24	70.073
838.43	69.572
838.61	69.343
838.79	70.285
838.97	69.619
839.15	69.690
839.33	69.950
839.51	69.293
839.70	69.820
839.88	70.299
840.06	69.214
840.24	69.723
840.42	69.715
840.60	70.061
840.78	69.595
840.96	69.898
841.14	69.693
841.33	70.031
841.51	69.932
841.69	69.939
841.87	69.061
842.05	70.122
842.23	70.224
842.41	69.225
842.59	69.487
842.77	69.748
842.95	70.229
843.14	69.850
843.32	69.621
843.50	70.330
843.68	69.682
843.86	69.174
844.04	68.881
844.22	69.601
844.40	69.319
844.58	69.481
844.76	69.768
844.94	69.909
845.12	69.577
845.30	69.724
845.49	69.480
845.67	69.734
845.85	70.437
846.03	69.226
846.21	69.594
846.39	70.246
846.57	69.848
846.75	69.240
846.93	69.105
847.11	69.765
847.29	69.562
847.47	69.894
847.65	69.496
847.83	69.379
848.01	69.743
848.19	69.927
848.37	69.572
848.55	69.480
848.73	70.537
848.91	69.180
849.09	69.726
849.27	69.406
849.46	69.246
849.64	70.368
849.82	69.473
850.00	69.310
850.18	69.396
850.36	70.652
850.54	69.534
850.72	70.380
850.90	70.432
851.08	68.942
851.26	69.399
851.44	69.310
851.62	70.161
851.80	69.803
851.98	69.898
852.16	70.101
852.34	69.892
852.52	69.887
852.70	69.608
852.88	69.450
853.06	69.413
853.24	69.152
853.42	69.609
853.60	69.341
853.78	70.250
853.96	69.452
854.14	69.347
854.31	69.343
854.49	70.073
854.67	69.872
854.85	70.142
855.03	69.689
855.21	70.298
855.39	69.191
855.57	69.457
855.75	70.009
855.93	69.921
856.11	70.201
856.29	69.652
856.47	69.656
856.65	70.424
856.83	69.767
857.01	69.421
857.19	69.930
857.37	70.049
857.55	70.088
857.73	70.193
857.91	70.867
858.09	69.304
858.26	69.559
858.44	69.978
858.62	69.960
858.80	70.508
858.98	69.819
859.16	69.822
859.34	69.699
859.52	70.367
859.70	69.616
859.88	69.750
860.06	69.706
860.24	70.284
860.42	69.572
860.59	69.655
860.77	70.166
860.95	69.983
861.13	70.233
861.31	69.396
861.49	69.708
861.67	70.537
861.85	70.189
862.03	70.410
862.21	70.210
862.38	70.409
862.56	69.656
862.74	69.436
862.92	69.913
863.10	70.416
863.28	70.354
863.46	69.087
863.64	69.751
863.82	70.061
863.99	69.721
864.17	70.334
864.35	69.965
864.53	70.207
864.71	70.072
864.89	69.257
865.07	69.372
865.24	70.055
865.42	69.258
865.60	70.299
865.78	70.160
865.96	70.010
866.14	70.373
866.32	70.398
866.49	70.608
866.67	70.108
866.85	70.381
867.03	69.355
867.21	70.364
867.39	69.638
867.56	69.421
867.74	70.109
867.92	70.224
868.10	69.361
868.28	70.494
868.46	69.639
868.63	70.090
868.81	69.384
868.99	69.401
869.17	70.417
869.35	69.252
869.53	70.483
869.70	70.260
869.88	70.021
870.06	70.056
870.24	69.895
870.42	69.860
870.59	69.832
870.77	70.411
870.95	69.809
871.13	69.938
871.31	70.092
871.48	70.342
871.66	70.682
871.84	70.735
872.02	69.806
872.20	69.827
872.37	70.126
872.55	70.817
872.73	69.522
872.91	69.335
873.08	70.244
873.26	69.759
873.44	70.140
873.62	69.620
873.80	69.944
873.97	70.358
874.15	69.955
874.33	70.490
874.51	69.629
874.68	69.853
874.86	70.288
875.04	70.747
875.22	70.333
875.39	70.895
875.57	70.438
875.75	69.557
875.93	69.967
876.10	70.324
876.28	69.565
876.46	70.193
876.64	69.665
876.81	69.628
876.99	69.687
877.17	70.025
877.35	69.985
877.52	69.895
877.70	69.821
877.88	69.777
878.06	70.143
878.23	70.208
878.41	70.143
878.59	70.268
878.76	69.737
878.94	70.634
879.12	70.312
879.30	70.047
879.47	70.627
879.65	70.585
879.83	69.739
880.00	70.111
880.18	70.426
880.36	70.178
880.53	69.966
880.71	69.471
880.89	70.791
881.07	70.329
881.24	70.096
881.42	70.355
881.60	70.094
881.77	69.962
881.95	70.400
882.13	69.647
882.30	69.857
882.48	70.682
882.66	70.397
882.83	70.057
883.01	69.592
883.19	70.387
883.36	69.742
883.54	70.395
883.72	70.296
883.89	70.133
884.07	70.217
884.25	70.752
884.42	71.101
884.60	69.845
884.78	70.022
884.95	69.781
885.13	69.965
885.31	70.866
885.48	70.334
885.66	70.657
885.84	70.485
886.01	70.316
886.19	70.080
886.36	70.265
886.54	70.257
886.72	70.054
886.89	70.344
887.07	69.677
887.25	71.277
887.42	70.536
887.60	69.782
887.78	70.391
887.95	70.922
888.13	70.816
888.30	69.279
888.48	69.907
888.66	69.957
888.83	70.623
889.01	70.460
889.18	69.651
889.36	70.345
889.54	70.568
889.71	69.462
889.89	71.041
890.06	70.109
890.24	70.416
890.42	69.362
890.59	70.339
890.77	70.550
890.94	70.890
891.12	69.772
891.30	69.919
891.47	69.923
891.65	70.075
891.82	69.474
892.00	69.106
892.17	70.216
892.35	69.908
892.53	70.129
892.70	70.014
892.88	70.745
893.05	70.358
893.23	69.709
893.40	69.766
893.58	70.482
893.75	70.174
893.93	69.148
894.11	70.320
894.28	70.286
894.46	70.620
894.63	69.709
894.81	70.865
894.98	70.366
895.16	70.560
895.33	69.315
895.51	69.403
895.68	70.339
895.86	69.703
896.04	70.044
896.21	70.313
896.39	70.796
896.56	69.381
896.74	70.176
896.91	71.559
897.09	69.777
897.26	70.052
897.44	70.247
897.61	69.812
897.79	70.169
897.96	70.326
898.14	70.735
898.31	69.725
898.49	69.274
898.66	70.743
898.84	70.528
899.01	69.827
899.19	69.937
899.36	70.571
899.54	70.241
899.71	69.968
899.89	69.542
900.06	70.266
900.24	70.318
900.41	70.069
900.59	70.093
900.76	70.129
900.94	69.871
901.11	70.073
901.29	70.484
901.46	70.411
901.63	70.214
901.81	69.658
901.98	70.871
902.16	69.461
902.33	70.580
902.51	70.795
902.68	70.381
902.86	68.844
903.03	70.178
903.21	70.835
903.38	70.130
903.56	69.602
903.73	70.080
903.90	70.045
904.08	70.050
904.25	69.791
904.43	69.910
904.60	69.898
904.78	71.006
904.95	70.348
905.12	69.672
905.30	69.514
905.47	70.028
905.65	70.199
905.82	70.581
906.00	70.289
906.17	69.113
906.34	70.479
906.52	68.614
906.69	69.332
906.87	70.489
907.04	70.255
907.21	70.293
907.39	69.973
907.56	70.510
907.74	70.853
907.91	70.303
908.08	70.618
908.26	70.193
908.43	69.587
908.61	69.633
908.78	70.679
908.95	70.481
909.13	70.533
909.30	69.614
909.48	71.038
909.65	70.656
909.82	70.166
910.00	70.136
910.17	70.803
910.34	69.790
910.52	70.454
910.69	69.860
910.87	69.614
911.04	70.236
911.21	70.375
911.39	70.445
911.56	69.712
911.73	70.600
911.91	70.640
912.08	70.141
912.25	69.930
912.43	69.844
912.60	69.937
912.77	69.962
912.95	70.213
913.12	69.712
913.29	70.327
913.47	69.761
913.64	70.871
913.81	70.354
913.99	70.330
914.16	70.165
914.33	70.006
914.51	69.781
914.68	70.643
914.85	70.475
915.03	69.998
915.20	70.319
915.37	69.835
915.55	70.289
915.72	70.280
915.89	70.393
916.07	71.043
916.24	69.725
916.41	70.006
916.59	70.383
916.76	70.277
916.93	69.841
917.10	70.104
917.28	70.674
917.45	70.173
917.62	70.525
917.80	70.237
917.97	70.444
918.14	70.450
918.31	70.393
918.49	70.486
918.66	70.241
918.83	70.986
919.01	70.047
919.18	69.685
919.35	69.095
919.52	70.201
919.70	70.351
919.87	70.652
920.04	70.161
920.21	69.298
920.39	69.757
920.56	70.712
920.73	70.427
920.90	70.745
921.08	70.330
921.25	70.436
921.42	70.238
921.59	70.526
921.77	69.879
921.94	69.928
922.11	70.594
922.28	71.595
922.46	70.832
922.63	71.278
922.80	70.448
922.97	70.824
923.15	70.332
923.32	71.113
923.49	70.827
923.66	70.717
923.83	69.768
924.01	70.387
924.18	70.218
924.35	71.322
924.52	69.405
924.69	69.525
924.87	69.930
925.04	69.499
925.21	70.990
925.38	71.279
925.55	70.446
925.73	70.988
925.90	71.026
926.07	69.751
926.24	70.439
926.41	70.357
926.59	70.095
926.76	69.663
926.93	70.671
927.10	71.235
927.27	70.162
927.45	70.371
927.62	69.995
927.79	70.784
927.96	70.686
928.13	70.610
928.30	70.380
928.48	70.595
928.65	71.415
928.82	69.931
928.99	70.950
929.16	70.002
929.33	69.827
929.50	70.728
929.68	69.410
929.85	70.823
930.02	71.253
930.19	71.500
930.36	69.953
930.53	69.600
930.70	69.550
930.88	69.644
931.05	70.720
931.22	70.992
931.39	69.290
931.56	70.197
931.73	69.767
931.90	70.691
932.08	70.004
932.25	71.056
932.42	70.450
932.59	70.363
932.76	70.974
932.93	70.846
933.10	70.845
933.27	69.793
933.44	71.651
933.62	69.627
933.79	70.181
933.96	70.784
934.13	70.765
934.30	69.531
934.47	70.873
934.64	69.951
934.81	69.932
934.98	69.621
935.15	70.248
935.32	70.924
935.50	71.149
935.67	70.240
935.84	70.584
936.01	70.091
936.18	70.367
936.35	70.589
936.52	70.932
936.69	70.112
936.86	71.385
937.03	70.047
937.20	70.318
937.37	69.188
937.54	70.379
937.71	70.533
937.89	71.043
938.06	71.556
938.23	70.826
938.40	70.145
938.57	72.717
938.74	70.687
938.91	69.764
939.08	72.367
939.25	71.107
939.42	74.612
939.59	69.685
939.76	70.381
939.93	69.541
940.10	70.989
940.27	70.083
940.44	69.748
940.61	72.759
940.78	74.432
940.95	72.142
941.12	71.586
941.29	71.026
941.46	69.007
941.63	74.448
941.80	68.106
941.97	71.024
942.14	72.328
942.31	69.027
942.48	70.765
942.65	69.957
942.82	71.338
942.99	75.158
943.16	70.218
943.33	71.614
943.50	71.751
943.67	69.138
943.84	70.724
944.01	73.209
944.18	71.812
944.35	71.562
944.52	72.640
944.69	73.943
944.86	72.510
945.03	70.602
945.20	73.862
945.37	71.908
945.54	72.379
945.71	70.254
945.88	69.702
946.05	71.344
946.22	72.643
946.39	72.834
946.56	71.000
946.73	72.958
946.90	70.727
947.07	68.218
947.23	72.332
947.40	74.011
947.57	68.970
947.74	70.962
947.91	71.097
948.08	71.167
948.25	71.905
948.42	72.122
948.59	71.961
948.76	72.340
948.93	73.193
949.10	70.829
949.27	72.304
949.44	71.572
949.60	71.654
949.77	73.031
949.94	70.440
950.11	71.846
950.28	71.421
950.45	69.490
950.62	70.644
950.79	70.503
950.96	70.974
951.13	70.541
951.30	72.187
951.46	71.302
951.63	69.822
951.80	71.270
951.97	72.131
952.14	71.827
952.31	71.733
952.48	68.621
952.65	68.862
952.81	70.628
952.98	70.949
953.15	71.076
953.32	71.348
953.49	71.746
953.66	69.372
953.83	71.037
954.00	70.011
954.16	69.500
954.33	71.317
954.50	68.921
954.67	68.147
954.84	68.477
955.01	71.164
955.18	70.092
955.34	70.301
955.51	70.409
955.68	67.903
955.85	69.547
956.02	70.581
956.19	70.115
956.35	71.223
956.52	71.115
956.69	70.606
956.86	70.695
957.03	69.647
957.20	69.647
957.36	69.237
957.53	71.139
957.70	69.870
957.87	69.984
958.04	70.749
958.21	69.908
958.37	70.656
958.54	70.159
958.71	67.279
958.88	71.610
959.05	69.923
959.21	69.318
959.38	69.745
959.55	69.690
959.72	70.135
959.89	70.615
960.05	70.236
960.22	71.352
960.39	69.665
960.56	69.491
960.72	69.890
960.89	70.258
961.06	69.518
961.23	72.372
961.40	70.467
961.56	69.045
961.73	71.748
961.90	69.244
962.07	68.801
962.23	70.825
962.40	69.782
962.57	69.524
962.74	70.005
962.90	71.204
963.07	70.646
963.24	73.748
963.41	71.007
963.57	71.397
963.74	70.067
963.91	69.769
964.08	70.248
964.24	69.106
964.41	71.660
964.58	69.378
964.75	71.398
964.91	70.429
965.08	69.061
965.25	69.324
965.42	70.156
965.58	71.440
965.75	70.689
965.92	71.537
966.08	69.832
966.25	70.884
966.42	68.630
966.59	70.328
966.75	70.225
966.92	69.106
967.09	71.938
967.25	71.317
967.42	71.040
967.59	69.856
967.75	69.723
967.92	69.963
968.09	71.533
968.26	69.502
968.42	71.214
968.59	71.368
968.76	72.331
968.92	70.140
969.09	70.279
969.26	71.367
969.42	69.230
969.59	71.270
969.76	70.019
969.92	69.218
970.09	69.058
970.26	70.432
970.42	69.526
970.59	69.707
970.76	70.124
970.92	70.460
971.09	69.687
971.26	70.134
971.42	69.770
971.59	70.487
971.76	69.779
971.92	71.050
972.09	68.260
972.25	68.538
972.42	69.216
972.59	70.055
972.75	71.093
972.92	70.775
973.09	70.031
973.25	70.647
973.42	70.463
973.58	71.170
973.75	71.502
973.92	70.155
974.08	69.502
974.25	71.836
974.42	70.235
974.58	70.292
974.75	70.579
974.91	68.883
975.08	71.235
975.25	70.363
975.41	70.753
975.58	68.002
975.74	70.705
975.91	70.649
976.08	69.598
976.24	70.480
976.41	72.569
976.57	68.947
976.74	69.296
976.91	72.005
977.07	69.159
977.24	69.988
977.40	71.510
977.57	70.006
977.73	70.715
977.90	73.258
978.07	69.729
978.23	70.358
978.40	71.463
978.56	70.939
978.73	70.664
978.89	71.471
979.06	69.864
979.22	70.707
979.39	70.498
979.56	70.828
979.72	71.653
979.89	69.027
980.05	69.627
980.22	71.386
980.38	71.099
980.55	70.228
980.71	69.591
980.88	71.608
981.04	71.336
981.21	71.772
981.37	71.025
981.54	70.466
981.70	70.399
981.87	70.072
982.04	70.295
982.20	69.209
982.37	70.224
982.53	71.461
982.70	70.647
982.86	71.263
983.03	70.469
983.19	72.634
983.36	69.438
983.52	69.896
983.69	69.970
983.85	66.982
984.02	69.196
984.18	71.358
984.35	70.939
984.51	70.316
984.68	70.481
984.84	68.421
985.00	71.379
985.17	70.649
985.33	72.465
985.50	71.995
985.66	70.835
985.83	72.050
985.99	68.073
986.16	70.624
986.32	70.534
986.49	70.901
986.65	70.590
986.82	70.973
986.98	72.297
987.15	71.473
987.31	69.447
987.47	71.641
987.64	70.771
987.80	70.716
987.97	68.730
988.13	71.188
988.30	71.415
988.46	70.314
988.63	72.024
988.79	70.426
988.95	70.198
989.12	71.517
989.28	71.950
989.45	74.503
989.61	73.423
989.77	72.348
989.94	72.366
990.10	68.376
990.27	71.762
990.43	68.754
990.60	71.375
990.76	73.981
990.92	70.102
991.09	69.964
991.25	69.945
991.42	72.318
991.58	69.404
991.74	74.298
991.91	70.270
992.07	68.989
992.24	71.602
992.40	68.231
992.56	71.542
992.73	75.110
992.89	67.644
993.05	72.565
993.22	70.194
993.38	70.534
993.55	72.693
993.71	72.714
993.87	70.284
994.04	69.380
994.20	74.772
994.36	69.384
994.53	70.105
994.69	72.815
994.85	72.315
995.02	71.584
995.18	71.910
995.34	69.095
995.51	71.599
995.67	71.998
995.84	70.847
996.00	72.919
996.16	73.576
996.33	70.986
996.49	71.511
996.65	70.166
996.82	75.167
996.98	70.425
997.14	73.719
997.31	74.270
997.47	73.048
997.63	70.894
997.79	70.963
997.96	70.983
998.12	71.872
998.28	73.665
998.45	70.496
998.61	73.626
998.77	71.690
998.94	70.584
999.10	71.368
999.26	71.425
999.43	73.798
999.59	71.746
999.75	76.200
999.91	71.319
1000.08	72.387
1000.24	71.097
1000.40	70.847
1000.57	75.877
1000.73	70.197
1000.89	72.765
1001.05	72.710
1001.22	71.682
1001.38	75.640
1001.54	69.656
1001.70	71.583
1001.87	72.812
1002.03	73.037
1002.19	74.312
1002.35	72.282
1002.52	70.815
1002.68	71.776
1002.84	71.565
1003.00	69.077
1003.17	71.874
1003.33	73.717
1003.49	73.706
1003.65	72.956
1003.82	74.861
1003.98	71.661
1004.14	71.250
1004.30	70.698
1004.47	71.797
1004.63	74.011
1004.79	73.177
1004.95	69.836
1005.11	75.318
1005.28	72.642
1005.44	73.032
1005.60	73.607
1005.76	74.812
1005.93	75.442
1006.09	73.754
1006.25	69.186
1006.41	73.422
1006.57	75.779
1006.74	69.223
1006.90	70.905
1007.06	73.707
1007.22	71.345
1007.38	72.047
1007.55	73.223
1007.71	72.859
1007.87	74.572
1008.03	72.885
1008.19	72.237
1008.35	72.866
1008.52	72.671
1008.68	71.926
1008.84	70.945
1009.00	71.984
1009.16	71.424
1009.32	76.476
1009.49	71.229
1009.65	75.541
1009.81	70.673
1009.97	70.951
1010.13	74.328
1010.29	74.286
1010.46	71.839
1010.62	70.411
1010.78	73.995
1010.94	71.319
1011.10	71.761
1011.26	76.653
1011.42	71.276
1011.59	74.830
1011.75	74.700
1011.91	69.542
1012.07	72.477
1012.23	75.589
1012.39	76.727
1012.55	71.443
1012.71	70.694
1012.88	71.396
1013.04	71.564
1013.20	71.614
1013.36	74.551
1013.52	71.569
1013.68	73.802
1013.84	72.416
1014.00	71.380
1014.16	74.982
1014.33	70.964
1014.49	74.426
1014.65	72.385
1014.81	68.668
1014.97	73.341
1015.13	73.239
1015.29	73.937
1015.45	79.539
1015.61	74.932
1015.77	76.504
1015.93	77.494
1016.09	74.168
1016.26	75.619
1016.42	79.140
1016.58	73.189
1016.74	74.837
1016.90	76.082
1017.06	77.531
1017.22	80.622
1017.38	75.806
1017.54	73.447
1017.70	77.971
1017.86	77.663
1018.02	84.173
1018.18	78.216
1018.34	72.526
1018.50	73.639
1018.66	80.622
1018.82	77.510
1018.98	74.514
1019.14	70.896
1019.31	74.042
1019.47	74.447
1019.63	73.957
1019.79	74.164
1019.95	77.584
1020.11	73.293
1020.27	74.324
1020.43	81.635
1020.59	80.511
1020.75	75.740
1020.91	74.540
1021.07	73.309
1021.23	70.369
1021.39	71.900
1021.55	77.827
1021.71	70.902
1021.87	74.697
1022.03	75.301
1022.19	70.531
1022.35	73.122
1022.51	89.657
1022.67	75.806
1022.83	75.060
1022.99	70.990
1023.15	74.511
1023.31	70.961
1023.47	83.534
1023.63	69.970
1023.79	79.664
1023.95	77.251
1024.10	82.777
1024.26	72.148
1024.42	79.149
1024.58	81.316
1024.74	79.640
1024.90	78.440
1025.06	76.333
1025.22	76.146
1025.38	72.799
1025.54	79.977
1025.70	74.598
1025.86	75.273
1026.02	75.974
1026.18	75.919
1026.34	81.246
1026.50	66.199
1026.66	72.764
1026.82	81.870
1026.98	74.316
1027.13	77.907
1027.29	76.968
1027.45	76.818
1027.61	72.695
1027.77	73.467
1027.93	75.691
1028.09	72.799
1028.25	78.118
1028.41	74.597
1028.57	78.884
1028.73	79.640
1028.88	80.063
1029.04	76.478
1029.20	79.790
1029.36	77.514
1029.52	82.008
1029.68	77.973
1029.84	74.255
1030.00	76.289
1030.16	70.909
1030.32	83.885
1030.47	73.257
1030.63	79.986
1030.79	75.093
1030.95	77.749
1031.11	76.166
1031.27	76.720
1031.43	78.733
1031.59	83.790
1031.74	69.371
1031.90	77.422
1032.06	79.005
1032.22	75.433
1032.38	80.363
1032.54	80.757
1032.69	66.717
1032.85	78.112
1033.01	83.548
1033.17	76.591
1033.33	72.807
1033.49	73.872
1033.65	79.215
1033.80	68.769
1033.96	83.500
1034.12	82.544
1034.28	72.527
1034.44	81.960
1034.60	79.012
1034.75	80.560
1034.91	72.705
1035.07	74.688
1035.23	78.032
1035.39	74.889
1035.54	80.790
1035.70	76.930
1035.86	78.235
1036.02	84.864
1036.18	72.801
1036.33	82.153
1036.49	73.832
1036.65	87.782
1036.81	83.242
1036.97	74.870
1037.12	76.502
1037.28	81.943
1037.44	81.465
1037.60	78.953
1037.76	89.489
1037.91	88.168
1038.07	79.598
1038.23	76.750
1038.39	83.476
1038.54	87.354
1038.70	71.400
1038.86	73.568
1039.02	91.058
1039.17	72.635
1039.33	71.099
1039.49	81.627
1039.65	87.162
1039.80	81.964
1039.96	87.943
1040.12	85.037
1040.28	91.438
>>>>> Data<<<<< Espectral Procesado Extremo
