Fichero De Datos De SpectraSuite
++++++++++++++++++++++++++++++++++++
Fecha: Mon Jun 29 12:18:20 CST 2026
Usuario: Deodanes
Presente Oscuro Del Espectro: Sí
La Referencia de Presente Del Espectro De: Sí
Muestreados de los componentes de Número de espectros: 1
Espectrómetros: USB4H06056
Tiempo de integración (usec): 300000 (USB4H06056)
Promedio de Espectros Hechos un: 5 (USB4H06056)
El Alisar Del Furgón: 0 (USB4H06056)
Párrafo de de Corregir del la del del de Eléctrica del obscuridad: No (USB4H06056)
Estrobo/Lámpara Permitido: No (USB4H06056)
Correct for Detector Non-linearity: No (USB4H06056)
Párrafo de de Corregir del la del del de Externa del luz: No (USB4H06056)
Procesado del espectro de Número de pixeles en: 3648
>>>>> Comienza Data<<<<< Espectral Procesado Del EL
345.09	294.737
345.30	294.737
345.52	294.737
345.74	-13.636
345.95	5.000
346.17	300.000
346.39	111.111
346.60	-169.492
346.82	-205.882
347.04	-57.303
347.25	28.859
347.47	-95.455
347.69	407.500
347.90	985.714
348.12	-91.111
348.34	459.091
348.56	265.116
348.77	-150.685
348.99	93.396
349.21	102.959
349.42	207.246
349.64	50.649
349.86	51.282
350.07	76.793
350.29	-634.286
350.51	346.154
350.72	30.675
350.94	76.667
351.16	116.754
351.37	95.000
351.59	68.116
351.81	76.166
352.02	78.378
352.24	341.667
352.46	36.316
352.67	-260.870
352.89	16700.000
353.10	81.081
353.32	1.471
353.54	148.649
353.75	137.736
353.97	38.043
354.19	85.366
354.40	91.613
354.62	56.349
354.84	118.987
355.05	107.619
355.27	208.219
355.49	47.059
355.70	19.277
355.92	43.046
356.14	105.217
356.35	96.835
356.57	18.792
356.78	1.111
357.00	82.065
357.22	62.338
357.43	130.233
357.65	101.064
357.87	100.356
358.08	84.444
358.30	31.527
358.51	131.646
358.73	97.059
358.95	147.753
359.16	25.773
359.38	300.000
359.60	42.105
359.81	43.750
360.03	114.607
360.24	32.370
360.46	75.587
360.68	81.538
360.89	63.780
361.11	85.390
361.33	-1600.000
361.54	62.019
361.76	68.944
361.97	86.512
362.19	142.105
362.41	55.263
362.62	63.830
362.84	58.361
363.05	-509.091
363.27	59.471
363.49	15.068
363.70	59.596
363.92	418.519
364.13	66.897
364.35	139.766
364.57	13.913
364.78	107.317
365.00	83.333
365.21	77.043
365.43	68.908
365.65	25.342
365.86	71.970
366.08	105.063
366.29	44.304
366.51	263.492
366.73	74.595
366.94	69.461
367.16	58.602
367.37	52.756
367.59	111.450
367.80	62.651
368.02	1.905
368.24	46.073
368.45	73.125
368.67	87.654
368.88	72.059
369.10	113.333
369.31	70.175
369.53	19.196
369.75	113.333
369.96	98.246
370.18	76.630
370.39	37.963
370.61	48.684
370.82	88.806
371.04	66.667
371.26	71.223
371.47	66.447
371.69	79.268
371.90	60.338
372.12	101.351
372.33	62.632
372.55	75.177
372.76	50.746
372.98	100.000
373.20	13.265
373.41	99.571
373.63	118.274
373.84	23.358
374.06	54.545
374.27	101.509
374.49	113.812
374.70	72.197
374.92	70.053
375.13	50.000
375.35	64.734
375.57	63.354
375.78	44.815
376.00	165.116
376.21	102.336
376.43	74.783
376.64	108.451
376.86	84.810
377.07	126.257
377.29	51.014
377.50	40.828
377.72	103.012
377.93	97.931
378.15	93.015
378.36	33.803
378.58	109.091
378.80	78.095
379.01	87.805
379.23	62.500
379.44	45.622
379.66	62.154
379.87	68.966
380.09	32.510
380.30	66.949
380.52	52.416
380.73	62.083
380.95	37.153
381.16	119.355
381.38	62.914
381.59	36.278
381.81	46.996
382.02	83.186
382.24	49.667
382.45	59.043
382.67	79.032
382.88	76.364
383.10	46.646
383.31	84.906
383.53	27.794
383.74	72.996
383.96	62.976
384.17	38.235
384.39	68.481
384.60	60.305
384.82	55.873
385.03	47.932
385.25	74.131
385.46	77.695
385.68	36.885
385.89	31.457
386.11	45.736
386.32	68.987
386.54	90.860
386.75	25.939
386.97	55.856
387.18	93.056
387.40	63.636
387.61	99.286
387.83	60.963
388.04	98.556
388.25	81.272
388.47	53.989
388.68	33.679
388.90	75.665
389.11	79.772
389.33	56.277
389.54	53.602
389.76	114.437
389.97	60.215
390.19	51.927
390.40	41.753
390.62	66.204
390.83	84.211
391.05	53.231
391.26	46.038
391.47	37.768
391.69	55.039
391.90	22.951
392.12	62.406
392.33	36.009
392.55	52.865
392.76	24.611
392.98	32.447
393.19	37.821
393.41	63.102
393.62	62.500
393.83	72.973
394.05	93.949
394.26	69.728
394.48	49.370
394.69	61.557
394.91	40.764
395.12	58.942
395.34	42.495
395.55	25.201
395.76	75.124
395.98	48.625
396.19	24.078
396.41	18.707
396.62	73.713
396.84	58.506
397.05	41.748
397.26	37.637
397.48	82.267
397.69	61.022
397.91	57.282
398.12	19.215
398.33	38.642
398.55	61.696
398.76	54.513
398.98	48.115
399.19	41.699
399.41	42.017
399.62	40.845
399.83	42.230
400.05	58.918
400.26	72.506
400.48	47.390
400.69	47.937
400.90	58.974
401.12	62.677
401.33	61.588
401.55	48.598
401.76	34.052
401.97	91.466
402.19	49.296
402.40	51.429
402.62	19.409
402.83	70.030
403.04	38.095
403.26	51.138
403.47	52.770
403.69	47.940
403.90	36.444
404.11	47.715
404.33	41.264
404.54	45.746
404.76	32.713
404.97	37.984
405.18	39.162
405.40	43.268
405.61	37.838
405.83	27.209
406.04	38.263
406.25	32.773
406.47	29.805
406.68	32.353
406.89	55.163
407.11	64.083
407.32	30.583
407.54	50.238
407.75	48.184
407.96	32.078
408.18	23.764
408.39	32.747
408.60	28.664
408.82	41.326
409.03	24.856
409.24	37.922
409.46	46.240
409.67	30.584
409.89	27.977
410.10	27.399
410.31	48.491
410.53	36.855
410.74	32.030
410.95	24.463
411.17	38.924
411.38	42.205
411.59	27.525
411.81	33.991
412.02	35.176
412.23	28.773
412.45	31.219
412.66	27.742
412.87	25.870
413.09	26.935
413.30	27.986
413.51	25.126
413.73	31.593
413.94	36.414
414.15	27.889
414.37	22.974
414.58	30.128
414.79	28.158
415.01	26.540
415.22	27.891
415.43	25.278
415.65	33.282
415.86	23.099
416.07	31.831
416.29	31.166
416.50	22.992
416.71	21.922
416.93	22.687
417.14	17.298
417.35	27.623
417.57	23.361
417.78	15.094
417.99	18.427
418.21	23.408
418.42	20.151
418.63	13.849
418.85	509.091
419.06	23.460
419.27	18.305
419.48	21.860
419.70	19.236
419.91	21.624
420.12	22.201
420.34	13.376
420.55	13.000
420.76	13.311
420.98	10.961
421.19	16.527
421.40	17.828
421.61	13.502
421.83	17.265
422.04	19.591
422.25	16.440
422.47	13.292
422.68	13.231
422.89	16.535
423.11	17.572
423.32	9.483
423.53	11.096
423.74	14.773
423.96	15.112
424.17	14.740
424.38	13.949
424.59	10.030
424.81	15.622
425.02	11.336
425.23	10.033
425.45	10.000
425.66	14.849
425.87	13.903
426.08	10.450
426.30	13.867
426.51	16.204
426.72	11.467
426.93	11.685
427.15	11.451
427.36	13.728
427.57	14.540
427.79	10.745
428.00	7.652
428.21	36.610
428.42	11.439
428.64	12.905
428.85	8.238
429.06	13.979
429.27	12.075
429.49	12.919
429.70	11.020
429.91	12.906
430.12	11.964
430.34	12.240
430.55	9.496
430.76	12.650
430.97	11.031
431.19	7.254
431.40	12.331
431.61	9.766
431.82	11.480
432.03	9.386
432.25	10.148
432.46	10.782
432.67	10.710
432.88	10.477
433.10	12.627
433.31	8.923
433.52	10.475
433.73	11.325
433.95	9.714
434.16	9.962
434.37	11.708
434.58	9.768
434.79	10.460
435.01	9.068
435.22	12.319
435.43	10.564
435.64	11.141
435.86	10.004
436.07	11.225
436.28	7.778
436.49	9.564
436.70	10.283
436.92	8.383
437.13	11.696
437.34	9.852
437.55	10.869
437.76	8.766
437.98	10.157
438.19	9.486
438.40	9.794
438.61	10.816
438.82	11.048
439.04	8.874
439.25	10.345
439.46	9.121
439.67	9.872
439.88	9.833
440.10	10.229
440.31	9.126
440.52	9.099
440.73	10.777
440.94	8.235
441.16	10.698
441.37	8.300
441.58	8.698
441.79	9.128
442.00	8.792
442.21	8.681
442.43	7.794
442.64	7.438
442.85	9.482
443.06	7.980
443.27	9.945
443.48	8.406
443.70	9.640
443.91	8.606
444.12	8.370
444.33	7.769
444.54	8.815
444.75	9.073
444.97	9.726
445.18	10.476
445.39	9.490
445.60	9.611
445.81	7.684
446.02	9.200
446.24	10.165
446.45	9.252
446.66	8.670
446.87	8.832
447.08	8.966
447.29	9.253
447.51	8.644
447.72	10.654
447.93	9.020
448.14	8.414
448.35	8.644
448.56	9.703
448.77	10.536
448.99	9.188
449.20	9.406
449.41	10.565
449.62	9.075
449.83	8.956
450.04	8.806
450.25	8.830
450.46	6.245
450.68	9.715
450.89	10.093
451.10	8.172
451.31	8.728
451.52	7.897
451.73	8.462
451.94	8.702
452.15	9.808
452.37	8.502
452.58	7.656
452.79	8.860
453.00	8.249
453.21	8.502
453.42	8.384
453.63	8.351
453.84	9.046
454.06	8.089
454.27	7.927
454.48	9.288
454.69	8.093
454.90	8.237
455.11	8.648
455.32	8.994
455.53	9.467
455.74	7.604
455.95	7.835
456.17	8.942
456.38	9.226
456.59	9.128
456.80	8.009
457.01	9.403
457.22	8.576
457.43	9.000
457.64	8.797
457.85	8.959
458.06	9.650
458.27	9.125
458.49	8.465
458.70	8.011
458.91	8.396
459.12	8.502
459.33	9.782
459.54	9.886
459.75	8.970
459.96	8.579
460.17	8.986
460.38	10.126
460.59	8.815
460.80	8.767
461.01	7.991
461.23	9.046
461.44	9.395
461.65	8.023
461.86	9.365
462.07	9.116
462.28	10.466
462.49	9.164
462.70	8.229
462.91	9.221
463.12	10.490
463.33	8.630
463.54	8.397
463.75	9.333
463.96	10.164
464.17	9.325
464.38	9.016
464.59	9.144
464.81	8.814
465.02	8.580
465.23	9.071
465.44	9.841
465.65	9.301
465.86	10.196
466.07	9.133
466.28	9.002
466.49	9.746
466.70	8.420
466.91	9.921
467.12	8.676
467.33	10.428
467.54	8.969
467.75	8.740
467.96	10.190
468.17	9.799
468.38	9.019
468.59	9.722
468.80	10.170
469.01	8.578
469.22	9.858
469.43	9.579
469.64	9.230
469.85	9.480
470.06	9.219
470.27	9.892
470.48	9.600
470.69	9.590
470.90	9.445
471.11	9.099
471.32	10.158
471.53	8.846
471.74	9.590
471.95	9.086
472.16	8.586
472.37	8.887
472.58	9.070
472.79	9.261
473.00	9.784
473.21	9.019
473.42	8.748
473.63	9.731
473.84	9.037
474.05	10.157
474.26	9.579
474.47	9.333
474.68	9.227
474.89	8.251
475.10	8.991
475.31	9.182
475.52	9.322
475.73	9.907
475.94	9.234
476.15	9.083
476.36	9.849
476.57	10.132
476.78	8.575
476.99	8.628
477.20	9.604
477.41	9.430
477.62	8.660
477.83	8.782
478.04	9.795
478.25	9.289
478.46	8.092
478.67	8.682
478.88	9.408
479.09	9.222
479.30	9.308
479.51	8.508
479.72	9.116
479.93	8.306
480.14	8.550
480.35	9.191
480.56	8.955
480.77	9.304
480.98	8.816
481.18	9.150
481.39	9.462
481.60	9.250
481.81	8.747
482.02	8.413
482.23	9.160
482.44	9.559
482.65	8.720
482.86	8.654
483.07	8.931
483.28	9.110
483.49	9.077
483.70	9.237
483.91	9.217
484.12	9.094
484.33	9.377
484.53	8.979
484.74	9.119
484.95	8.780
485.16	8.877
485.37	9.228
485.58	9.153
485.79	8.840
486.00	8.610
486.21	8.686
486.42	9.050
486.63	9.337
486.84	9.202
487.05	9.038
487.25	8.887
487.46	9.010
487.67	8.840
487.88	8.581
488.09	8.563
488.30	8.883
488.51	1.523
488.72	9.322
488.93	9.068
489.14	9.561
489.35	8.976
489.55	8.746
489.76	8.701
489.97	9.091
490.18	9.176
490.39	9.007
490.60	8.962
490.81	9.450
491.02	8.376
491.23	9.268
491.43	9.239
491.64	9.144
491.85	8.989
492.06	9.708
492.27	8.645
492.48	8.941
492.69	9.144
492.90	9.049
493.11	8.863
493.31	9.330
493.52	8.818
493.73	9.404
493.94	9.359
494.15	8.861
494.36	8.896
494.57	8.968
494.78	9.558
494.98	9.611
495.19	9.022
495.40	8.964
495.61	9.319
495.82	9.219
496.03	8.901
496.24	9.180
496.44	8.613
496.65	9.456
496.86	8.777
497.07	8.884
497.28	9.356
497.49	8.938
497.70	9.084
497.90	9.365
498.11	9.473
498.32	9.280
498.53	9.060
498.74	9.607
498.95	8.977
499.15	9.023
499.36	8.981
499.57	9.221
499.78	9.130
499.99	9.302
500.20	8.770
500.40	9.136
500.61	8.964
500.82	9.082
501.03	8.833
501.24	9.036
501.45	8.954
501.65	9.145
501.86	9.356
502.07	9.219
502.28	9.520
502.49	9.357
502.70	9.265
502.90	8.946
503.11	9.092
503.32	9.467
503.53	8.958
503.74	9.274
503.94	9.313
504.15	9.235
504.36	9.388
504.57	9.005
504.78	9.181
504.98	9.324
505.19	9.517
505.40	9.683
505.61	9.055
505.82	9.001
506.02	9.179
506.23	8.984
506.44	9.531
506.65	9.363
506.86	9.283
507.06	9.432
507.27	9.294
507.48	9.871
507.69	9.753
507.90	9.148
508.10	9.367
508.31	9.521
508.52	9.312
508.73	9.377
508.94	9.682
509.14	9.347
509.35	9.561
509.56	9.275
509.77	9.456
509.97	9.400
510.18	9.531
510.39	9.469
510.60	9.449
510.80	9.502
511.01	9.286
511.22	9.695
511.43	9.555
511.64	9.360
511.84	9.533
512.05	9.707
512.26	9.860
512.47	9.706
512.67	9.579
512.88	9.424
513.09	9.667
513.30	9.678
513.50	9.511
513.71	9.760
513.92	9.719
514.13	9.939
514.33	9.998
514.54	9.500
514.75	9.691
514.96	9.528
515.16	9.432
515.37	9.444
515.58	9.516
515.78	9.718
515.99	10.006
516.20	9.671
516.41	9.801
516.61	9.954
516.82	9.510
517.03	9.866
517.24	10.082
517.44	10.179
517.65	9.563
517.86	10.107
518.07	9.890
518.27	10.145
518.48	10.183
518.69	10.249
518.89	10.301
519.10	10.181
519.31	10.254
519.52	10.194
519.72	10.339
519.93	10.286
520.14	10.065
520.34	9.915
520.55	10.447
520.76	10.503
520.96	10.428
521.17	10.617
521.38	10.423
521.59	10.574
521.79	10.222
522.00	10.604
522.21	10.491
522.41	10.868
522.62	10.360
522.83	10.533
523.03	10.902
523.24	11.085
523.45	10.870
523.66	10.971
523.86	10.527
524.07	10.932
524.28	10.943
524.48	10.914
524.69	10.786
524.90	11.216
525.10	11.014
525.31	11.169
525.52	11.590
525.72	11.340
525.93	11.218
526.14	11.207
526.34	11.428
526.55	11.679
526.76	11.547
526.96	11.543
527.17	11.733
527.38	11.499
527.58	11.908
527.79	11.796
528.00	11.957
528.20	11.899
528.41	11.435
528.62	12.224
528.82	12.075
529.03	12.253
529.24	12.078
529.44	12.091
529.65	12.216
529.85	12.382
530.06	11.956
530.27	12.377
530.47	12.087
530.68	12.302
530.89	12.297
531.09	12.724
531.30	12.812
531.51	12.672
531.71	12.719
531.92	12.814
532.13	12.763
532.33	12.908
532.54	12.993
532.74	12.686
532.95	12.763
533.16	12.741
533.36	12.754
533.57	12.892
533.78	13.213
533.98	13.021
534.19	12.939
534.39	12.923
534.60	13.520
534.81	13.172
535.01	13.202
535.22	13.325
535.42	13.373
535.63	13.087
535.84	13.403
536.04	13.276
536.25	13.577
536.45	13.517
536.66	13.430
536.87	13.599
537.07	13.370
537.28	13.829
537.48	13.395
537.69	13.545
537.90	13.659
538.10	13.777
538.31	13.523
538.51	13.703
538.72	13.758
538.93	13.444
539.13	13.523
539.34	13.344
539.54	13.423
539.75	13.584
539.96	13.706
540.16	13.647
540.37	13.933
540.57	13.757
540.78	13.642
540.98	13.681
541.19	14.007
541.40	13.929
541.60	14.080
541.81	13.671
542.01	13.566
542.22	14.073
542.42	13.935
542.63	14.120
542.83	13.988
543.04	14.266
543.25	13.682
543.45	14.147
543.66	14.099
543.86	14.014
544.07	13.999
544.27	14.136
544.48	13.899
544.68	14.300
544.89	13.803
545.10	14.195
545.30	14.256
545.51	14.676
545.71	14.364
545.92	14.090
546.12	14.225
546.33	14.257
546.53	14.007
546.74	14.171
546.94	14.244
547.15	14.183
547.36	14.186
547.56	13.999
547.77	14.196
547.97	14.416
548.18	14.036
548.38	14.312
548.59	14.015
548.79	14.143
549.00	13.875
549.20	14.283
549.41	14.281
549.61	14.275
549.82	14.306
550.02	13.989
550.23	14.606
550.43	14.304
550.64	13.975
550.84	14.066
551.05	14.211
551.25	13.967
551.46	14.132
551.66	14.432
551.87	14.368
552.07	14.453
552.28	14.353
552.48	14.545
552.69	14.486
552.89	14.951
553.10	14.698
553.30	14.630
553.51	14.661
553.71	14.082
553.92	14.584
554.12	14.432
554.33	14.590
554.53	14.474
554.74	14.382
554.94	14.449
555.15	14.515
555.35	14.662
555.56	14.587
555.76	14.438
555.97	14.419
556.17	14.668
556.38	14.582
556.58	14.633
556.78	14.431
556.99	14.663
557.19	14.459
557.40	14.315
557.60	14.571
557.81	14.460
558.01	14.506
558.22	14.454
558.42	14.460
558.63	14.472
558.83	14.425
559.04	14.210
559.24	14.426
559.44	14.503
559.65	14.427
559.85	14.359
560.06	14.407
560.26	14.610
560.47	14.619
560.67	14.523
560.88	14.458
561.08	14.216
561.28	14.339
561.49	14.286
561.69	14.506
561.90	14.246
562.10	14.228
562.31	14.310
562.51	14.491
562.71	14.033
562.92	14.047
563.12	14.259
563.33	14.227
563.53	14.166
563.74	14.297
563.94	14.018
564.14	14.421
564.35	14.236
564.55	14.128
564.76	14.010
564.96	13.667
565.17	13.946
565.37	13.963
565.57	13.821
565.78	14.170
565.98	13.859
566.19	13.848
566.39	13.959
566.59	13.881
566.80	13.940
567.00	13.813
567.21	13.743
567.41	13.841
567.61	13.701
567.82	13.665
568.02	13.778
568.23	13.596
568.43	13.777
568.63	13.507
568.84	13.299
569.04	13.261
569.24	13.493
569.45	13.103
569.65	13.276
569.86	13.736
570.06	13.254
570.26	13.408
570.47	13.203
570.67	13.126
570.87	13.205
571.08	13.163
571.28	13.033
571.49	13.085
571.69	12.939
571.89	13.039
572.10	12.818
572.30	12.991
572.50	12.649
572.71	12.927
572.91	12.756
573.11	12.722
573.32	13.021
573.52	12.718
573.73	12.607
573.93	12.831
574.13	12.775
574.34	12.463
574.54	12.642
574.74	12.586
574.95	12.413
575.15	12.340
575.35	12.198
575.56	12.385
575.76	12.347
575.96	12.268
576.17	12.422
576.37	12.142
576.57	12.311
576.78	12.296
576.98	12.064
577.18	12.103
577.39	12.204
577.59	12.298
577.79	11.995
578.00	11.986
578.20	11.957
578.40	11.983
578.61	11.949
578.81	11.783
579.01	11.933
579.22	11.836
579.42	11.967
579.62	12.068
579.82	11.867
580.03	11.673
580.23	11.754
580.43	11.996
580.64	11.706
580.84	11.598
581.04	11.537
581.25	11.695
581.45	11.447
581.65	11.589
581.86	11.568
582.06	11.649
582.26	11.496
582.46	11.369
582.67	11.446
582.87	11.565
583.07	11.468
583.28	11.398
583.48	11.427
583.68	11.452
583.88	11.447
584.09	11.233
584.29	11.318
584.49	11.220
584.70	11.339
584.90	11.294
585.10	11.181
585.30	11.132
585.51	11.272
585.71	10.987
585.91	11.141
586.11	11.324
586.32	10.962
586.52	11.161
586.72	11.292
586.92	11.061
587.13	11.182
587.33	10.885
587.53	11.106
587.74	11.136
587.94	11.182
588.14	10.940
588.34	10.853
588.55	11.298
588.75	11.206
588.95	11.005
589.15	11.137
589.36	10.943
589.56	10.975
589.76	10.760
589.96	10.850
590.16	10.968
590.37	10.728
590.57	10.940
590.77	10.940
590.97	10.910
591.18	10.834
591.38	10.697
591.58	7.888
591.78	10.871
591.99	10.795
592.19	10.565
592.39	10.734
592.59	10.859
592.79	11.004
593.00	10.696
593.20	10.894
593.40	10.690
593.60	10.779
593.81	10.798
594.01	10.731
594.21	10.602
594.41	10.621
594.61	10.853
594.82	10.599
595.02	10.675
595.22	10.690
595.42	10.615
595.62	10.642
595.83	10.652
596.03	10.734
596.23	10.579
596.43	10.342
596.63	10.479
596.84	10.540
597.04	10.377
597.24	10.633
597.44	10.470
597.64	10.399
597.84	10.544
598.05	10.431
598.25	10.336
598.45	10.568
598.65	10.427
598.85	10.364
599.06	10.466
599.26	10.758
599.46	10.303
599.66	10.562
599.86	10.549
600.06	10.632
600.27	10.407
600.47	10.289
600.67	10.397
600.87	10.340
601.07	10.430
601.27	10.716
601.48	10.470
601.68	10.458
601.88	10.450
602.08	10.415
602.28	10.401
602.48	10.591
602.68	10.340
602.89	10.468
603.09	10.559
603.29	10.471
603.49	10.210
603.69	10.153
603.89	10.444
604.09	10.599
604.30	10.405
604.50	10.452
604.70	10.317
604.90	10.312
605.10	10.130
605.30	10.338
605.50	10.313
605.71	10.468
605.91	10.299
606.11	10.181
606.31	10.358
606.51	10.501
606.71	10.315
606.91	10.303
607.11	10.200
607.32	10.301
607.52	10.385
607.72	10.341
607.92	10.089
608.12	10.245
608.32	10.093
608.52	10.144
608.72	10.358
608.92	10.225
609.12	10.280
609.33	10.046
609.53	10.198
609.73	10.064
609.93	10.171
610.13	10.223
610.33	10.189
610.53	10.137
610.73	10.109
610.93	10.148
611.13	10.183
611.34	10.248
611.54	10.125
611.74	10.122
611.94	10.059
612.14	10.149
612.34	10.071
612.54	10.017
612.74	10.094
612.94	9.772
613.14	10.043
613.34	9.900
613.54	10.200
613.74	9.974
613.95	10.048
614.15	10.107
614.35	10.009
614.55	9.994
614.75	9.968
614.95	9.967
615.15	10.069
615.35	10.140
615.55	9.823
615.75	9.768
615.95	9.921
616.15	9.825
616.35	9.917
616.55	10.102
616.75	9.958
616.95	9.591
617.15	9.876
617.35	9.849
617.56	9.926
617.76	9.830
617.96	9.885
618.16	9.861
618.36	9.828
618.56	9.819
618.76	9.787
618.96	9.712
619.16	9.925
619.36	9.838
619.56	9.670
619.76	9.944
619.96	9.992
620.16	9.788
620.36	9.703
620.56	9.844
620.76	9.942
620.96	9.808
621.16	9.764
621.36	9.755
621.56	9.736
621.76	9.961
621.96	9.701
622.16	9.760
622.36	9.844
622.56	9.662
622.76	9.623
622.96	9.634
623.16	9.749
623.36	9.841
623.56	9.567
623.76	9.664
623.96	9.732
624.16	9.616
624.36	9.533
624.56	9.534
624.76	9.779
624.96	9.711
625.16	9.895
625.36	9.388
625.56	9.620
625.76	9.988
625.96	9.508
626.16	9.386
626.36	9.642
626.56	9.914
626.76	9.645
626.96	9.833
627.16	9.780
627.36	9.792
627.56	9.661
627.76	9.574
627.96	9.607
628.16	9.656
628.36	9.653
628.56	9.347
628.75	9.556
628.95	9.654
629.15	9.733
629.35	9.737
629.55	9.567
629.75	9.723
629.95	9.500
630.15	9.538
630.35	9.561
630.55	9.666
630.75	9.426
630.95	9.562
631.15	9.652
631.35	9.469
631.55	9.502
631.75	9.566
631.95	9.548
632.15	9.631
632.34	9.736
632.54	9.582
632.74	9.641
632.94	9.575
633.14	9.494
633.34	9.553
633.54	9.584
633.74	9.710
633.94	9.648
634.14	9.719
634.34	9.554
634.54	9.529
634.74	9.521
634.93	9.654
635.13	9.553
635.33	9.605
635.53	9.469
635.73	9.489
635.93	9.466
636.13	9.373
636.33	9.487
636.53	9.581
636.73	9.578
636.93	9.514
637.12	9.479
637.32	9.268
637.52	9.604
637.72	9.488
637.92	9.508
638.12	9.471
638.32	9.547
638.52	9.460
638.72	9.412
638.91	9.466
639.11	9.423
639.31	9.350
639.51	9.333
639.71	9.346
639.91	9.554
640.11	9.319
640.31	9.243
640.50	9.308
640.70	9.270
640.90	9.452
641.10	9.319
641.30	9.285
641.50	9.462
641.70	9.479
641.89	9.315
642.09	9.311
642.29	9.263
642.49	9.305
642.69	9.310
642.89	8.961
643.09	9.200
643.28	9.199
643.48	9.283
643.68	9.065
643.88	9.452
644.08	9.038
644.28	9.055
644.48	9.278
644.67	9.125
644.87	9.056
645.07	9.128
645.27	9.018
645.47	9.161
645.67	9.249
645.86	9.119
646.06	9.167
646.26	9.078
646.46	9.109
646.66	8.991
646.85	9.168
647.05	9.135
647.25	9.044
647.45	8.852
647.65	9.002
647.85	9.014
648.04	9.072
648.24	9.025
648.44	8.927
648.64	8.887
648.84	8.918
649.03	9.017
649.23	8.962
649.43	9.069
649.63	9.066
649.83	8.981
650.02	8.829
650.22	9.049
650.42	8.868
650.62	8.925
650.82	9.044
651.01	8.931
651.21	8.928
651.41	8.863
651.61	8.722
651.81	8.912
652.00	9.088
652.20	8.975
652.40	8.850
652.60	9.042
652.79	9.022
652.99	8.827
653.19	8.896
653.39	8.802
653.59	9.106
653.78	9.033
653.98	8.969
654.18	9.036
654.38	8.888
654.57	8.982
654.77	8.792
654.97	8.819
655.17	8.824
655.36	8.774
655.56	8.912
655.76	8.929
655.96	8.959
656.15	9.020
656.35	8.824
656.55	8.935
656.75	9.005
656.94	8.844
657.14	9.099
657.34	8.879
657.54	8.821
657.73	8.756
657.93	8.944
658.13	8.771
658.33	8.769
658.52	8.900
658.72	8.581
658.92	8.813
659.11	8.996
659.31	8.788
659.51	8.613
659.71	8.899
659.90	8.771
660.10	8.872
660.30	8.865
660.50	9.024
660.69	8.856
660.89	8.789
661.09	8.834
661.28	8.794
661.48	8.960
661.68	8.717
661.87	8.730
662.07	8.784
662.27	8.822
662.47	8.730
662.66	8.703
662.86	8.791
663.06	8.861
663.25	8.892
663.45	8.800
663.65	8.800
663.84	8.684
664.04	8.902
664.24	8.901
664.44	8.728
664.63	8.818
664.83	8.733
665.03	8.818
665.22	8.661
665.42	8.688
665.62	8.688
665.81	8.709
666.01	8.751
666.21	8.839
666.40	8.865
666.60	8.731
666.80	8.876
666.99	8.834
667.19	8.564
667.39	8.763
667.58	8.800
667.78	8.894
667.98	8.853
668.17	8.724
668.37	8.667
668.57	8.866
668.76	8.711
668.96	8.665
669.16	8.761
669.35	8.619
669.55	8.632
669.74	8.844
669.94	8.855
670.14	8.831
670.33	8.838
670.53	8.742
670.73	8.899
670.92	8.865
671.12	8.661
671.32	8.901
671.51	8.798
671.71	8.800
671.90	8.858
672.10	8.730
672.30	8.693
672.49	8.803
672.69	8.678
672.89	8.662
673.08	8.764
673.28	8.782
673.47	8.711
673.67	8.729
673.87	8.865
674.06	8.787
674.26	8.643
674.45	8.733
674.65	8.639
674.85	8.751
675.04	8.706
675.24	8.806
675.43	9.030
675.63	8.941
675.83	8.665
676.02	8.761
676.22	8.872
676.41	8.916
676.61	8.711
676.81	8.901
677.00	8.864
677.20	8.922
677.39	9.020
677.59	8.900
677.79	9.046
677.98	8.798
678.18	9.078
678.37	8.826
678.57	9.016
678.76	8.889
678.96	8.867
679.16	8.843
679.35	9.020
679.55	8.982
679.74	8.895
679.94	9.003
680.13	9.075
680.33	8.914
680.53	8.846
680.72	8.987
680.92	9.002
681.11	8.906
681.31	8.895
681.50	8.948
681.70	9.151
681.89	9.023
682.09	8.912
682.28	9.141
682.48	9.105
682.68	9.081
682.87	8.829
683.07	9.061
683.26	9.179
683.46	8.821
683.65	8.862
683.85	9.079
684.04	9.136
684.24	9.112
684.43	8.973
684.63	8.846
684.82	9.092
685.02	9.087
685.21	8.885
685.41	9.067
685.60	9.068
685.80	9.177
686.00	8.990
686.19	8.980
686.39	9.227
686.58	9.334
686.78	9.161
686.97	9.058
687.17	9.180
687.36	9.135
687.56	9.105
687.75	9.234
687.95	9.099
688.14	9.222
688.34	9.182
688.53	9.146
688.73	9.288
688.92	9.075
689.12	9.259
689.31	9.169
689.51	9.172
689.70	9.391
689.89	9.289
690.09	9.218
690.28	9.112
690.48	9.344
690.67	9.144
690.87	9.535
691.06	9.379
691.26	9.214
691.45	9.364
691.65	9.166
691.84	9.225
692.04	9.378
692.23	9.172
692.43	9.152
692.62	9.474
692.82	9.488
693.01	9.459
693.20	9.439
693.40	9.415
693.59	9.474
693.79	9.580
693.98	9.721
694.18	9.644
694.37	9.782
694.57	9.587
694.76	9.750
694.95	9.704
695.15	9.810
695.34	9.879
695.54	9.951
695.73	9.980
695.93	10.184
696.12	10.119
696.32	10.103
696.51	10.200
696.70	10.205
696.90	10.333
697.09	10.507
697.29	10.359
697.48	10.597
697.67	10.672
697.87	10.801
698.06	10.845
698.26	11.044
698.45	10.884
698.65	11.012
698.84	11.275
699.03	11.363
699.23	11.231
699.42	11.458
699.62	11.811
699.81	11.779
700.00	11.759
700.20	12.018
700.39	12.120
700.59	12.134
700.78	12.415
700.97	12.589
701.17	12.856
701.36	12.790
701.56	12.978
701.75	13.027
701.94	13.186
702.14	13.274
702.33	13.414
702.52	13.748
702.72	14.001
702.91	13.965
703.11	14.108
703.30	14.398
703.49	14.543
703.69	14.872
703.88	14.923
704.07	15.112
704.27	15.162
704.46	15.398
704.66	15.459
704.85	15.708
705.04	15.843
705.24	15.926
705.43	16.276
705.62	16.435
705.82	16.451
706.01	16.805
706.20	16.819
706.40	17.272
706.59	17.382
706.78	17.524
706.98	17.775
707.17	17.936
707.36	18.037
707.56	18.389
707.75	18.432
707.94	18.615
708.14	18.857
708.33	19.146
708.52	19.256
708.72	19.403
708.91	19.639
709.10	19.915
709.30	20.210
709.49	20.172
709.68	20.738
709.88	20.737
710.07	20.889
710.26	21.224
710.46	21.228
710.65	21.240
710.84	21.531
711.04	21.894
711.23	21.986
711.42	22.064
711.61	22.265
711.81	22.723
712.00	22.788
712.19	23.089
712.39	23.162
712.58	23.420
712.77	23.607
712.97	23.803
713.16	24.036
713.35	24.084
713.54	24.314
713.74	24.558
713.93	24.999
714.12	25.027
714.32	25.395
714.51	25.715
714.70	25.652
714.89	25.937
715.09	25.857
715.28	26.488
715.47	26.399
715.66	26.629
715.86	27.306
716.05	26.921
716.24	27.216
716.44	27.553
716.63	27.607
716.82	28.097
717.01	28.364
717.21	28.293
717.40	28.737
717.59	28.709
717.78	29.137
717.98	29.017
718.17	29.184
718.36	29.376
718.55	29.826
718.75	29.930
718.94	30.251
719.13	30.529
719.32	30.518
719.52	30.862
719.71	30.880
719.90	31.025
720.09	31.532
720.28	31.673
720.48	31.680
720.67	32.294
720.86	32.311
721.05	32.260
721.25	32.574
721.44	32.756
721.63	33.191
721.82	33.419
722.01	33.526
722.21	33.770
722.40	33.665
722.59	33.585
722.78	34.388
722.98	34.339
723.17	34.453
723.36	34.544
723.55	35.110
723.74	35.435
723.94	35.639
724.13	35.515
724.32	35.897
724.51	36.209
724.70	36.078
724.89	36.227
725.09	36.587
725.28	37.013
725.47	37.664
725.66	36.966
725.85	37.257
726.05	38.034
726.24	37.870
726.43	38.246
726.62	38.082
726.81	38.488
727.00	38.800
727.20	38.972
727.39	38.903
727.58	39.387
727.77	39.419
727.96	39.590
728.15	39.660
728.35	39.909
728.54	40.115
728.73	40.119
728.92	40.668
729.11	40.641
729.30	41.215
729.50	41.059
729.69	41.181
729.88	41.488
730.07	41.426
730.26	41.871
730.45	42.018
730.64	42.348
730.84	42.565
731.03	42.300
731.22	42.832
731.41	42.780
731.60	42.966
731.79	43.152
731.98	43.732
732.18	43.934
732.37	43.853
732.56	43.704
732.75	44.323
732.94	44.081
733.13	44.520
733.32	45.074
733.51	44.289
733.71	44.499
733.90	45.015
734.09	45.182
734.28	44.979
734.47	45.309
734.66	45.578
734.85	45.743
735.04	45.746
735.23	46.154
735.42	46.212
735.62	46.588
735.81	46.551
736.00	46.890
736.19	46.719
736.38	46.854
736.57	47.042
736.76	47.014
736.95	47.045
737.14	47.422
737.33	47.621
737.52	47.654
737.72	47.575
737.91	47.827
738.10	48.190
738.29	48.277
738.48	48.429
738.67	48.421
738.86	48.749
739.05	48.394
739.24	48.812
739.43	48.731
739.62	48.828
739.81	48.947
740.00	49.343
740.19	49.515
740.39	49.820
740.58	49.534
740.77	49.784
740.96	49.986
741.15	49.910
741.34	50.023
741.53	50.295
741.72	49.796
741.91	50.334
742.10	50.022
742.29	50.483
742.48	50.922
742.67	51.012
742.86	51.051
743.05	50.713
743.24	50.866
743.43	50.835
743.62	51.350
743.81	51.175
744.00	51.482
744.19	51.229
744.38	51.693
744.57	51.728
744.76	51.399
744.95	51.684
745.14	51.483
745.33	51.683
745.52	51.943
745.71	51.692
745.90	52.207
746.09	52.166
746.28	52.384
746.47	52.531
746.66	52.375
746.85	52.666
747.04	52.971
747.23	52.827
747.42	52.826
747.61	52.408
747.80	52.551
747.99	52.965
748.18	52.860
748.37	52.652
748.56	53.035
748.75	53.270
748.94	53.176
749.13	53.084
749.32	53.203
749.51	53.495
749.70	53.563
749.89	53.619
750.08	53.573
750.27	53.821
750.46	53.455
750.65	53.943
750.84	53.767
751.03	53.904
751.22	53.901
751.41	53.809
751.60	54.428
751.79	53.779
751.98	53.710
752.17	53.867
752.36	53.843
752.55	53.909
752.74	54.232
752.93	54.748
753.12	54.377
753.30	54.343
753.49	54.219
753.68	54.469
753.87	54.613
754.06	54.546
754.25	54.678
754.44	54.319
754.63	54.281
754.82	54.438
755.01	54.466
755.20	54.784
755.39	54.686
755.58	54.620
755.77	54.663
755.96	55.072
756.14	54.964
756.33	55.089
756.52	54.712
756.71	55.014
756.90	54.954
757.09	54.940
757.28	54.961
757.47	55.000
757.66	55.021
757.85	55.073
758.04	55.238
758.22	54.849
758.41	55.295
758.60	55.079
758.79	55.285
758.98	55.127
759.17	55.527
759.36	55.391
759.55	55.238
759.74	55.082
759.92	55.427
760.11	55.257
760.30	55.264
760.49	55.367
760.68	55.054
760.87	55.477
761.06	55.125
761.25	55.347
761.43	55.130
761.62	55.452
761.81	55.724
762.00	55.680
762.19	55.378
762.38	55.115
762.57	55.513
762.76	55.447
762.94	55.440
763.13	55.220
763.32	55.620
763.51	55.770
763.70	55.364
763.89	55.816
764.07	55.235
764.26	55.210
764.45	55.613
764.64	55.498
764.83	55.455
765.02	55.636
765.21	55.856
765.39	55.711
765.58	55.665
765.77	55.150
765.96	55.837
766.15	55.395
766.34	55.834
766.52	55.771
766.71	55.971
766.90	56.098
767.09	55.937
767.28	55.670
767.46	55.694
767.65	55.399
767.84	56.135
768.03	55.845
768.22	55.515
768.40	56.026
768.59	55.848
768.78	55.799
768.97	56.047
769.16	56.193
769.34	55.854
769.53	55.507
769.72	55.855
769.91	55.598
770.10	56.093
770.28	55.715
770.47	55.653
770.66	56.029
770.85	55.643
771.04	55.809
771.22	56.027
771.41	55.900
771.60	56.060
771.79	55.828
771.98	55.898
772.16	55.377
772.35	55.624
772.54	55.848
772.73	55.418
772.91	55.527
773.10	56.118
773.29	56.044
773.48	55.913
773.66	56.196
773.85	56.057
774.04	55.612
774.23	56.101
774.41	55.972
774.60	55.906
774.79	56.103
774.98	55.574
775.16	56.188
775.35	55.994
775.54	55.999
775.73	55.944
775.91	55.661
776.10	55.702
776.29	55.830
776.48	55.689
776.66	55.930
776.85	56.010
777.04	56.051
777.23	55.427
777.41	55.820
777.60	56.294
777.79	55.819
777.97	56.222
778.16	55.970
778.35	55.888
778.54	56.338
778.72	56.146
778.91	56.103
779.10	56.037
779.28	56.633
779.47	56.274
779.66	56.222
779.85	56.187
780.03	56.460
780.22	56.265
780.41	55.866
780.59	55.709
780.78	55.827
780.97	55.931
781.15	55.834
781.34	55.952
781.53	55.492
781.71	55.950
781.90	56.260
782.09	56.058
782.27	56.006
782.46	55.717
782.65	56.141
782.84	55.980
783.02	55.741
783.21	56.250
783.40	56.057
783.58	55.867
783.77	55.678
783.96	56.286
784.14	56.119
784.33	55.402
784.52	55.887
784.70	56.011
784.89	55.917
785.07	56.462
785.26	55.978
785.45	55.954
785.63	55.219
785.82	56.438
786.01	56.047
786.19	55.791
786.38	56.088
786.57	56.115
786.75	56.242
786.94	56.079
787.13	55.677
787.31	55.756
787.50	55.788
787.68	56.133
787.87	55.869
788.06	56.493
788.24	56.097
788.43	55.823
788.62	55.942
788.80	56.170
788.99	55.879
789.17	55.828
789.36	56.020
789.55	56.060
789.73	55.903
789.92	56.328
790.10	56.287
790.29	55.736
790.48	56.052
790.66	55.598
790.85	55.937
791.03	56.556
791.22	55.921
791.41	56.051
791.59	55.796
791.78	56.221
791.96	55.918
792.15	55.860
792.34	56.039
792.52	55.932
792.71	55.820
792.89	55.900
793.08	56.086
793.27	56.486
793.45	56.508
793.64	56.261
793.82	56.065
794.01	56.166
794.19	55.971
794.38	56.615
794.57	56.251
794.75	56.295
794.94	56.125
795.12	56.137
795.31	55.660
795.49	56.279
795.68	55.786
795.86	56.212
796.05	56.166
796.24	56.038
796.42	55.861
796.61	55.648
796.79	55.950
796.98	56.052
797.16	55.965
797.35	55.946
797.53	56.139
797.72	55.391
797.90	56.036
798.09	56.009
798.27	56.206
798.46	55.958
798.65	55.797
798.83	56.063
799.02	55.996
799.20	56.069
799.39	55.655
799.57	55.979
799.76	55.994
799.94	55.671
800.13	55.691
800.31	56.101
800.50	55.932
800.68	56.006
800.87	56.066
801.05	55.966
801.24	55.588
801.42	56.139
801.61	55.914
801.79	56.182
801.98	55.955
802.16	55.710
802.35	56.132
802.53	56.417
802.72	55.572
802.90	56.043
803.09	55.407
803.27	56.130
803.46	55.922
803.64	55.981
803.83	55.740
804.01	55.762
804.20	55.569
804.38	55.615
804.56	56.118
804.75	55.700
804.93	56.142
805.12	56.221
805.30	56.139
805.49	56.145
805.67	56.257
805.86	56.263
806.04	55.899
806.23	55.962
806.41	56.682
806.59	55.871
806.78	56.185
806.96	55.842
807.15	55.489
807.33	55.670
807.52	55.900
807.70	55.600
807.89	56.166
808.07	55.905
808.25	55.810
808.44	55.821
808.62	56.426
808.81	55.798
808.99	55.956
809.18	55.857
809.36	56.144
809.54	55.980
809.73	55.776
809.91	55.630
810.10	56.036
810.28	56.279
810.47	56.027
810.65	55.534
810.83	55.933
811.02	55.422
811.20	55.489
811.39	55.989
811.57	56.152
811.75	56.056
811.94	55.826
812.12	56.059
812.31	56.352
812.49	55.819
812.67	56.070
812.86	56.044
813.04	56.013
813.23	56.362
813.41	55.933
813.59	55.886
813.78	56.125
813.96	56.361
814.14	55.835
814.33	56.066
814.51	56.022
814.70	56.216
814.88	55.503
815.06	56.244
815.25	55.782
815.43	56.212
815.61	55.889
815.80	55.825
815.98	55.778
816.16	55.873
816.35	55.777
816.53	55.479
816.72	55.428
816.90	55.834
817.08	56.077
817.27	55.739
817.45	56.233
817.63	55.943
817.82	56.274
818.00	55.919
818.18	56.344
818.37	56.109
818.55	55.939
818.73	56.103
818.92	56.238
819.10	56.139
819.28	55.631
819.47	55.715
819.65	55.963
819.83	56.238
820.02	55.578
820.20	55.638
820.38	56.001
820.57	55.907
820.75	55.972
820.93	56.139
821.11	55.903
821.30	56.025
821.48	55.658
821.66	56.192
821.85	56.022
822.03	55.896
822.21	56.116
822.40	56.414
822.58	56.111
822.76	55.955
822.94	56.310
823.13	55.618
823.31	56.413
823.49	56.215
823.68	55.455
823.86	55.432
824.04	56.150
824.22	56.043
824.41	56.177
824.59	55.838
824.77	56.143
824.96	56.651
825.14	55.549
825.32	55.980
825.50	56.365
825.69	55.800
825.87	56.158
826.05	55.906
826.23	56.476
826.42	56.184
826.60	55.835
826.78	56.290
826.96	55.946
827.15	56.277
827.33	55.640
827.51	55.872
827.69	56.233
827.88	56.140
828.06	55.694
828.24	55.827
828.42	56.153
828.61	56.462
828.79	55.756
828.97	55.952
829.15	55.874
829.34	56.031
829.52	56.175
829.70	56.221
829.88	56.174
830.06	56.198
830.25	56.247
830.43	56.306
830.61	55.607
830.79	56.041
830.97	56.369
831.16	55.734
831.34	55.925
831.52	56.434
831.70	55.941
831.89	56.047
832.07	55.960
832.25	55.955
832.43	56.320
832.61	55.915
832.80	56.652
832.98	55.382
833.16	56.412
833.34	55.907
833.52	55.730
833.70	56.448
833.89	55.731
834.07	55.648
834.25	55.838
834.43	55.979
834.61	56.085
834.80	55.688
834.98	55.767
835.16	55.809
835.34	55.937
835.52	55.518
835.70	55.808
835.89	55.948
836.07	55.328
836.25	55.587
836.43	56.301
836.61	56.445
836.79	55.424
836.97	56.487
837.16	55.944
837.34	55.887
837.52	55.792
837.70	55.949
837.88	55.967
838.06	55.687
838.24	56.294
838.43	55.579
838.61	56.009
838.79	56.389
838.97	55.982
839.15	55.934
839.33	56.239
839.51	55.468
839.70	56.023
839.88	56.486
840.06	55.846
840.24	56.057
840.42	55.952
840.60	55.934
840.78	56.029
840.96	55.507
841.14	55.914
841.33	55.706
841.51	56.083
841.69	56.541
841.87	56.174
842.05	55.935
842.23	56.002
842.41	55.804
842.59	56.117
842.77	56.030
842.95	56.304
843.14	56.268
843.32	55.925
843.50	55.634
843.68	55.901
843.86	56.001
844.04	55.587
844.22	55.870
844.40	56.239
844.58	56.258
844.76	56.180
844.94	56.303
845.12	55.603
845.30	55.856
845.49	55.710
845.67	55.652
845.85	56.670
846.03	55.519
846.21	55.936
846.39	56.277
846.57	55.945
846.75	56.056
846.93	55.584
847.11	55.801
847.29	56.035
847.47	56.182
847.65	55.493
847.83	55.938
848.01	56.109
848.19	55.897
848.37	56.098
848.55	55.854
848.73	56.149
848.91	56.017
849.09	56.232
849.27	56.275
849.46	55.892
849.64	55.586
849.82	55.648
850.00	56.244
850.18	56.136
850.36	56.382
850.54	56.034
850.72	55.766
850.90	55.832
851.08	55.751
851.26	56.274
851.44	55.917
851.62	56.290
851.80	55.857
851.98	56.290
852.16	55.625
852.34	56.254
852.52	55.828
852.70	56.180
852.88	55.749
853.06	55.880
853.24	55.600
853.42	56.131
853.60	55.797
853.78	56.400
853.96	55.734
854.14	55.937
854.31	55.830
854.49	56.323
854.67	55.816
854.85	56.202
855.03	56.208
855.21	56.199
855.39	55.786
855.57	55.687
855.75	55.938
855.93	55.648
856.11	56.246
856.29	55.929
856.47	55.580
856.65	56.392
856.83	56.250
857.01	56.259
857.19	56.256
857.37	56.053
857.55	56.607
857.73	55.861
857.91	56.301
858.09	56.329
858.26	56.082
858.44	56.152
858.62	56.135
858.80	56.361
858.98	56.349
859.16	56.064
859.34	56.544
859.52	56.360
859.70	56.145
859.88	55.772
860.06	55.783
860.24	56.178
860.42	56.470
860.59	56.359
860.77	56.013
860.95	56.571
861.13	55.646
861.31	55.670
861.49	55.688
861.67	55.814
861.85	56.049
862.03	56.142
862.21	55.967
862.38	56.090
862.56	55.941
862.74	55.333
862.92	55.638
863.10	57.011
863.28	56.235
863.46	56.192
863.64	56.380
863.82	56.720
863.99	55.614
864.17	56.953
864.35	55.874
864.53	56.162
864.71	56.164
864.89	55.864
865.07	55.883
865.24	56.467
865.42	56.776
865.60	56.401
865.78	56.040
865.96	56.474
866.14	56.351
866.32	56.170
866.49	56.148
866.67	56.203
866.85	56.255
867.03	55.492
867.21	56.147
867.39	56.043
867.56	55.898
867.74	56.216
867.92	55.803
868.10	55.895
868.28	56.322
868.46	55.988
868.63	55.893
868.81	55.926
868.99	55.973
869.17	56.291
869.35	55.607
869.53	55.991
869.70	56.332
869.88	55.403
870.06	55.681
870.24	55.771
870.42	56.290
870.59	55.630
870.77	55.984
870.95	56.287
871.13	56.473
871.31	55.972
871.48	56.464
871.66	56.644
871.84	56.729
872.02	55.533
872.20	56.035
872.37	56.324
872.55	56.451
872.73	55.576
872.91	55.752
873.08	55.865
873.26	56.393
873.44	56.050
873.62	56.397
873.80	55.886
873.97	56.022
874.15	55.658
874.33	56.424
874.51	56.534
874.68	55.545
874.86	55.608
875.04	55.640
875.22	56.167
875.39	56.445
875.57	56.167
875.75	55.918
875.93	56.408
876.10	55.986
876.28	56.190
876.46	56.414
876.64	56.123
876.81	56.415
876.99	55.738
877.17	56.739
877.35	56.316
877.52	55.938
877.70	56.245
877.88	56.007
878.06	56.204
878.23	56.143
878.41	55.916
878.59	56.200
878.76	55.965
878.94	55.895
879.12	55.900
879.30	56.446
879.47	56.206
879.65	56.396
879.83	55.882
880.00	56.425
880.18	56.236
880.36	55.962
880.53	56.055
880.71	56.200
880.89	56.371
881.07	56.268
881.24	56.010
881.42	56.254
881.60	56.369
881.77	55.905
881.95	56.415
882.13	55.697
882.30	56.032
882.48	56.075
882.66	55.711
882.83	56.050
883.01	55.966
883.19	56.071
883.36	55.861
883.54	55.937
883.72	55.748
883.89	56.486
884.07	56.150
884.25	56.359
884.42	56.355
884.60	55.601
884.78	56.097
884.95	56.183
885.13	55.993
885.31	56.203
885.48	55.720
885.66	56.447
885.84	55.703
886.01	56.200
886.19	56.201
886.36	56.537
886.54	55.987
886.72	56.207
886.89	56.322
887.07	55.629
887.25	56.193
887.42	55.814
887.60	55.773
887.78	56.136
887.95	57.097
888.13	55.856
888.30	55.276
888.48	56.042
888.66	55.440
888.83	56.249
889.01	55.944
889.18	55.651
889.36	55.683
889.54	56.454
889.71	56.026
889.89	56.091
890.06	56.300
890.24	56.232
890.42	55.123
890.59	55.955
890.77	55.890
890.94	56.191
891.12	55.994
891.30	55.934
891.47	55.937
891.65	55.954
891.82	55.481
892.00	55.613
892.17	56.709
892.35	55.940
892.53	56.238
892.70	55.824
892.88	55.927
893.05	55.828
893.23	55.971
893.40	56.002
893.58	56.126
893.75	56.207
893.93	55.902
894.11	56.666
894.28	56.037
894.46	56.841
894.63	55.830
894.81	56.804
894.98	56.004
895.16	56.321
895.33	55.713
895.51	55.597
895.68	56.213
895.86	55.973
896.04	55.813
896.21	55.530
896.39	55.697
896.56	56.126
896.74	56.129
896.91	56.883
897.09	55.555
897.26	56.652
897.44	55.825
897.61	55.468
897.79	55.871
897.96	56.677
898.14	56.384
898.31	55.963
898.49	55.195
898.66	56.401
898.84	56.039
899.01	56.303
899.19	56.155
899.36	56.285
899.54	56.120
899.71	56.154
899.89	55.880
900.06	56.716
900.24	55.260
900.41	55.846
900.59	55.474
900.76	56.255
900.94	56.132
901.11	55.566
901.29	56.509
901.46	55.925
901.63	56.099
901.81	55.404
901.98	56.199
902.16	55.746
902.33	56.189
902.51	55.827
902.68	55.809
902.86	55.719
903.03	55.763
903.21	56.570
903.38	55.871
903.56	55.991
903.73	55.813
903.90	55.780
904.08	55.366
904.25	55.397
904.43	56.030
904.60	56.722
904.78	55.728
904.95	55.685
905.12	55.386
905.30	56.441
905.47	55.943
905.65	56.042
905.82	55.934
906.00	55.931
906.17	55.845
906.34	56.343
906.52	55.216
906.69	55.885
906.87	57.002
907.04	56.023
907.21	56.053
907.39	56.257
907.56	56.204
907.74	56.213
907.91	55.747
908.08	56.051
908.26	55.897
908.43	56.062
908.61	55.603
908.78	56.839
908.95	56.231
909.13	55.622
909.30	55.786
909.48	55.596
909.65	56.672
909.82	55.713
910.00	55.739
910.17	55.760
910.34	56.624
910.52	55.265
910.69	55.842
910.87	55.771
911.04	55.918
911.21	55.337
911.39	55.547
911.56	55.869
911.73	56.668
911.91	55.445
912.08	55.328
912.25	55.607
912.43	55.653
912.60	56.096
912.77	55.722
912.95	56.184
913.12	56.245
913.29	56.355
913.47	55.976
913.64	56.266
913.81	56.144
913.99	55.968
914.16	54.992
914.33	55.529
914.51	55.857
914.68	56.097
914.85	55.339
915.03	55.185
915.20	56.008
915.37	56.465
915.55	55.947
915.72	55.807
915.89	56.710
916.07	56.506
916.24	55.907
916.41	55.635
916.59	56.242
916.76	55.776
916.93	56.439
917.10	56.722
917.28	56.889
917.45	56.110
917.62	56.444
917.80	55.633
917.97	56.252
918.14	56.763
918.31	56.362
918.49	56.398
918.66	56.321
918.83	56.245
919.01	55.841
919.18	55.880
919.35	55.898
919.52	56.411
919.70	56.362
919.87	55.657
920.04	56.063
920.21	55.555
920.39	55.867
920.56	55.756
920.73	56.621
920.90	56.306
921.08	56.196
921.25	55.361
921.42	56.046
921.59	56.584
921.77	55.989
921.94	56.013
922.11	55.481
922.28	56.557
922.46	56.296
922.63	57.167
922.80	56.135
922.97	56.596
923.15	55.746
923.32	56.599
923.49	56.084
923.66	56.212
923.83	56.091
924.01	56.347
924.18	56.541
924.35	57.123
924.52	54.906
924.69	56.256
924.87	56.304
925.04	56.622
925.21	55.557
925.38	56.803
925.55	56.179
925.73	56.393
925.90	55.802
926.07	56.373
926.24	56.894
926.41	56.012
926.59	56.105
926.76	55.186
926.93	56.388
927.10	56.188
927.27	55.874
927.45	56.093
927.62	55.150
927.79	55.442
927.96	56.878
928.13	55.846
928.30	55.294
928.48	56.250
928.65	56.846
928.82	55.876
928.99	56.240
929.16	56.729
929.33	55.641
929.50	56.062
929.68	55.644
929.85	57.271
930.02	57.003
930.19	55.540
930.36	56.214
930.53	56.296
930.70	55.945
930.88	56.450
931.05	56.610
931.22	56.543
931.39	56.778
931.56	56.524
931.73	56.137
931.90	56.493
932.08	56.002
932.25	55.670
932.42	55.420
932.59	55.282
932.76	56.747
932.93	56.692
933.10	56.946
933.27	56.100
933.44	56.844
933.62	55.144
933.79	55.644
933.96	55.947
934.13	56.028
934.30	56.599
934.47	57.256
934.64	55.912
934.81	56.380
934.98	56.455
935.15	56.410
935.32	55.345
935.50	56.459
935.67	55.217
935.84	57.479
936.01	56.665
936.18	56.789
936.35	56.576
936.52	57.550
936.69	56.443
936.86	57.139
937.03	56.625
937.20	56.927
937.37	55.844
937.54	56.437
937.71	56.406
937.89	58.916
938.06	58.312
938.23	56.720
938.40	56.702
938.57	60.327
938.74	56.004
938.91	57.333
939.08	57.797
939.25	58.007
939.42	58.993
939.59	56.643
939.76	55.658
939.93	57.951
940.10	57.732
940.27	55.279
940.44	56.158
940.61	59.155
940.78	56.636
940.95	58.816
941.12	56.412
941.29	58.042
941.46	58.375
941.63	56.671
941.80	56.345
941.97	58.378
942.14	58.424
942.31	54.922
942.48	56.515
942.65	57.238
942.82	58.154
942.99	58.853
943.16	55.838
943.33	59.579
943.50	57.504
943.67	55.002
943.84	57.359
944.01	58.243
944.18	59.041
944.35	57.042
944.52	57.069
944.69	56.180
944.86	57.405
945.03	55.333
945.20	58.016
945.37	57.952
945.54	57.633
945.71	57.202
945.88	55.089
946.05	58.336
946.22	57.548
946.39	57.074
946.56	56.644
946.73	55.846
946.90	56.348
947.07	57.246
947.23	56.894
947.40	55.764
947.57	55.277
947.74	58.820
947.91	54.848
948.08	57.026
948.25	57.314
948.42	56.187
948.59	59.479
948.76	58.945
948.93	58.670
949.10	55.939
949.27	56.767
949.44	59.543
949.60	58.084
949.77	58.297
949.94	56.219
950.11	57.467
950.28	57.057
950.45	56.005
950.62	55.519
950.79	55.186
950.96	57.438
951.13	56.414
951.30	56.922
951.46	55.296
951.63	57.017
951.80	54.890
951.97	56.323
952.14	57.763
952.31	58.196
952.48	54.829
952.65	55.357
952.81	59.388
952.98	56.703
953.15	57.403
953.32	55.932
953.49	55.955
953.66	54.561
953.83	56.112
954.00	56.179
954.16	56.425
954.33	54.849
954.50	54.398
954.67	55.097
954.84	56.399
955.01	55.194
955.18	55.774
955.34	56.445
955.51	54.886
955.68	56.025
955.85	57.124
956.02	54.392
956.19	57.690
956.35	56.167
956.52	56.324
956.69	55.038
956.86	56.636
957.03	55.941
957.20	56.017
957.36	55.792
957.53	56.747
957.70	56.807
957.87	55.892
958.04	55.879
958.21	57.901
958.37	55.017
958.54	55.430
958.71	54.821
958.88	55.426
959.05	55.943
959.21	55.244
959.38	54.807
959.55	54.916
959.72	55.606
959.89	57.882
960.05	57.027
960.22	56.820
960.39	57.396
960.56	56.224
960.72	55.593
960.89	54.310
961.06	57.499
961.23	57.067
961.40	56.207
961.56	55.972
961.73	57.754
961.90	56.163
962.07	56.621
962.23	56.365
962.40	57.096
962.57	57.185
962.74	55.326
962.90	57.306
963.07	55.963
963.24	55.600
963.41	56.073
963.57	56.401
963.74	57.342
963.91	56.437
964.08	54.354
964.24	55.816
964.41	56.693
964.58	54.173
964.75	57.274
964.91	56.380
965.08	56.736
965.25	55.673
965.42	56.419
965.58	56.590
965.75	57.366
965.92	57.305
966.08	55.179
966.25	56.588
966.42	56.094
966.59	56.223
966.75	55.824
966.92	54.844
967.09	57.076
967.25	56.179
967.42	55.785
967.59	55.129
967.75	56.900
967.92	55.131
968.09	57.500
968.26	54.776
968.42	56.833
968.59	55.673
968.76	56.227
968.92	56.247
969.09	56.235
969.26	57.813
969.42	55.761
969.59	56.182
969.76	55.205
969.92	55.514
970.09	56.042
970.26	54.854
970.42	55.131
970.59	57.139
970.76	55.911
970.92	56.377
971.09	55.482
971.26	56.044
971.42	56.096
971.59	57.304
971.76	55.886
971.92	56.704
972.09	55.549
972.25	54.890
972.42	56.117
972.59	57.032
972.75	54.987
972.92	56.151
973.09	55.983
973.25	54.758
973.42	57.183
973.58	56.724
973.75	57.184
973.92	56.068
974.08	55.433
974.25	57.258
974.42	57.994
974.58	56.460
974.75	55.780
974.91	55.521
975.08	56.895
975.25	56.316
975.41	56.355
975.58	55.195
975.74	58.333
975.91	57.467
976.08	57.290
976.24	55.525
976.41	57.644
976.57	57.049
976.74	56.508
976.91	57.479
977.07	56.565
977.24	55.959
977.40	57.732
977.57	56.211
977.73	56.280
977.90	57.141
978.07	55.772
978.23	57.949
978.40	57.181
978.56	56.216
978.73	54.905
978.89	57.288
979.06	56.716
979.22	56.251
979.39	55.321
979.56	56.670
979.72	55.889
979.89	56.197
980.05	56.678
980.22	56.998
980.38	57.301
980.55	57.328
980.71	56.128
980.88	59.204
981.04	57.854
981.21	55.568
981.37	55.109
981.54	57.991
981.70	56.478
981.87	55.432
982.04	56.036
982.20	55.390
982.37	55.765
982.53	55.001
982.70	56.996
982.86	57.783
983.03	57.250
983.19	58.415
983.36	55.205
983.52	57.598
983.69	57.170
983.85	55.995
984.02	57.114
984.18	55.180
984.35	53.605
984.51	55.188
984.68	57.279
984.84	57.132
985.00	57.879
985.17	55.591
985.33	56.256
985.50	56.283
985.66	57.047
985.83	56.972
985.99	57.327
986.16	54.699
986.32	59.208
986.49	57.145
986.65	55.221
986.82	57.711
986.98	57.097
987.15	56.178
987.31	56.556
987.47	57.025
987.64	58.571
987.80	55.943
987.97	55.583
988.13	57.332
988.30	55.842
988.46	52.877
988.63	57.439
988.79	57.013
988.95	58.327
989.12	57.390
989.28	58.388
989.45	57.247
989.61	57.549
989.77	55.438
989.94	58.634
990.10	57.402
990.27	57.038
990.43	55.781
990.60	56.070
990.76	57.467
990.92	55.651
991.09	57.060
991.25	57.120
991.42	59.671
991.58	55.964
991.74	59.559
991.91	56.124
992.07	58.060
992.24	60.761
992.40	57.201
992.56	58.916
992.73	60.055
992.89	55.730
993.05	57.249
993.22	55.429
993.38	56.572
993.55	58.612
993.71	56.280
993.87	55.207
994.04	58.189
994.20	59.085
994.36	55.941
994.53	57.418
994.69	59.619
994.85	57.637
995.02	58.137
995.18	57.482
995.34	56.333
995.51	57.398
995.67	55.907
995.84	55.785
996.00	58.180
996.16	57.146
996.33	57.552
996.49	55.254
996.65	58.857
996.82	59.518
996.98	57.548
997.14	58.448
997.31	56.504
997.47	61.007
997.63	57.616
997.79	56.383
997.96	57.281
998.12	58.548
998.28	56.208
998.45	56.494
998.61	58.723
998.77	54.513
998.94	58.489
999.10	56.562
999.26	58.411
999.43	59.815
999.59	57.102
999.75	59.076
999.91	58.420
1000.08	59.582
1000.24	59.415
1000.40	60.616
1000.57	58.931
1000.73	57.328
1000.89	57.007
1001.05	57.209
1001.22	56.969
1001.38	57.841
1001.54	54.391
1001.70	56.598
1001.87	56.926
1002.03	58.839
1002.19	58.752
1002.35	57.499
1002.52	55.572
1002.68	58.857
1002.84	55.625
1003.00	58.242
1003.17	55.871
1003.33	59.306
1003.49	58.454
1003.65	56.069
1003.82	62.431
1003.98	58.208
1004.14	60.095
1004.30	57.239
1004.47	58.509
1004.63	58.029
1004.79	58.615
1004.95	53.544
1005.11	57.677
1005.28	60.823
1005.44	57.793
1005.60	61.393
1005.76	57.863
1005.93	59.968
1006.09	61.116
1006.25	56.716
1006.41	58.636
1006.57	61.567
1006.74	58.807
1006.90	57.173
1007.06	56.926
1007.22	58.199
1007.38	56.711
1007.55	59.468
1007.71	61.684
1007.87	59.876
1008.03	58.502
1008.19	56.281
1008.35	59.373
1008.52	55.460
1008.68	55.175
1008.84	61.058
1009.00	58.266
1009.16	59.730
1009.32	57.401
1009.49	59.471
1009.65	60.677
1009.81	59.312
1009.97	55.880
1010.13	59.493
1010.29	55.952
1010.46	59.070
1010.62	55.064
1010.78	55.191
1010.94	55.510
1011.10	57.813
1011.26	56.949
1011.42	59.359
1011.59	63.457
1011.75	63.615
1011.91	59.923
1012.07	58.539
1012.23	60.672
1012.39	61.892
1012.55	62.027
1012.71	58.745
1012.88	55.556
1013.04	56.434
1013.20	56.498
1013.36	61.000
1013.52	55.639
1013.68	61.013
1013.84	57.829
1014.00	54.804
1014.16	59.838
1014.33	59.607
1014.49	59.971
1014.65	54.324
1014.81	59.264
1014.97	55.880
1015.13	59.784
1015.29	60.403
1015.45	60.703
1015.61	56.325
1015.77	62.180
1015.93	57.581
1016.09	62.151
1016.26	57.389
1016.42	57.768
1016.58	62.185
1016.74	60.505
1016.90	61.526
1017.06	61.638
1017.22	58.631
1017.38	59.798
1017.54	60.788
1017.70	61.237
1017.86	60.008
1018.02	62.421
1018.18	65.588
1018.34	58.622
1018.50	60.437
1018.66	59.486
1018.82	60.448
1018.98	59.763
1019.14	60.394
1019.31	60.956
1019.47	60.566
1019.63	61.702
1019.79	61.181
1019.95	62.713
1020.11	60.069
1020.27	62.301
1020.43	65.372
1020.59	63.097
1020.75	62.108
1020.91	58.330
1021.07	62.606
1021.23	53.468
1021.39	63.381
1021.55	60.718
1021.71	56.984
1021.87	61.364
1022.03	63.168
1022.19	60.568
1022.35	60.341
1022.51	73.429
1022.67	63.148
1022.83	62.852
1022.99	56.354
1023.15	65.963
1023.31	61.043
1023.47	68.503
1023.63	58.481
1023.79	64.820
1023.95	62.730
1024.10	63.911
1024.26	56.321
1024.42	62.872
1024.58	63.163
1024.74	57.697
1024.90	62.099
1025.06	60.554
1025.22	52.815
1025.38	64.892
1025.54	61.795
1025.70	58.360
1025.86	65.232
1026.02	61.039
1026.18	61.843
1026.34	64.009
1026.50	61.563
1026.66	59.756
1026.82	61.592
1026.98	64.240
1027.13	63.831
1027.29	56.887
1027.45	55.065
1027.61	67.579
1027.77	63.830
1027.93	61.369
1028.09	57.780
1028.25	62.410
1028.41	61.658
1028.57	59.163
1028.73	72.315
1028.88	62.696
1029.04	64.912
1029.20	59.777
1029.36	67.595
1029.52	66.179
1029.68	58.465
1029.84	60.556
1030.00	58.453
1030.16	67.403
1030.32	66.446
1030.47	57.752
1030.63	65.456
1030.79	55.836
1030.95	59.817
1031.11	59.780
1031.27	57.011
1031.43	63.146
1031.59	70.472
1031.74	61.550
1031.90	67.437
1032.06	61.120
1032.22	73.071
1032.38	63.066
1032.54	72.368
1032.69	59.429
1032.85	61.905
1033.01	65.553
1033.17	59.309
1033.33	59.064
1033.49	54.979
1033.65	63.972
1033.80	57.308
1033.96	63.810
1034.12	65.586
1034.28	65.449
1034.44	62.359
1034.60	62.387
1034.75	63.344
1034.91	59.933
1035.07	64.706
1035.23	58.699
1035.39	54.319
1035.54	65.809
1035.70	68.146
1035.86	75.627
1036.02	65.590
1036.18	70.779
1036.33	71.775
1036.49	61.215
1036.65	76.598
1036.81	65.756
1036.97	64.609
1037.12	67.403
1037.28	69.060
1037.44	62.375
1037.60	58.812
1037.76	71.972
1037.91	69.529
1038.07	54.472
1038.23	66.158
1038.39	73.283
1038.54	70.882
1038.70	57.911
1038.86	63.216
1039.02	74.264
1039.17	55.443
1039.33	79.890
1039.49	67.470
1039.65	71.509
1039.80	63.714
1039.96	79.635
1040.12	70.574
1040.28	60.046
>>>>> Data<<<<< Espectral Procesado Extremo
