Fichero De Datos De SpectraSuite
++++++++++++++++++++++++++++++++++++
Fecha: Mon Jun 29 12:28:13 CST 2026
Usuario: Deodanes
Presente Oscuro Del Espectro: Sí
La Referencia de Presente Del Espectro De: Sí
Muestreados de los componentes de Número de espectros: 1
Espectrómetros: USB4H06056
Tiempo de integración (usec): 300000 (USB4H06056)
Promedio de Espectros Hechos un: 5 (USB4H06056)
El Alisar Del Furgón: 0 (USB4H06056)
Párrafo de de Corregir del la del del de Eléctrica del obscuridad: No (USB4H06056)
Estrobo/Lámpara Permitido: No (USB4H06056)
Correct for Detector Non-linearity: No (USB4H06056)
Párrafo de de Corregir del la del del de Externa del luz: No (USB4H06056)
Procesado del espectro de Número de pixeles en: 3648
>>>>> Comienza Data<<<<< Espectral Procesado Del EL
345.09	-57.500
345.30	-57.500
345.52	-57.500
345.74	200.000
345.95	123.529
346.17	22.222
346.39	102.247
346.60	224.324
346.82	718.182
347.04	-118.391
347.25	-89.362
347.47	578.947
347.69	-497.297
347.90	-286.842
348.12	-37.805
348.34	-1666.667
348.56	-119.540
348.77	-64.557
348.99	73.709
349.21	112.667
349.42	82.540
349.64	-15.116
349.86	50.641
350.07	104.000
350.29	158.197
350.51	348.485
350.72	80.319
350.94	237.209
351.16	70.896
351.37	57.534
351.59	51.235
351.81	397.778
352.02	-323.077
352.24	5.442
352.46	157.407
352.67	56.667
352.89	166.822
353.10	81.319
353.32	48.428
353.54	127.612
353.75	138.506
353.97	120.690
354.19	88.199
354.40	66.359
354.62	64.500
354.84	84.530
355.05	47.638
355.27	42.537
355.49	89.091
355.70	93.023
355.92	100.000
356.14	42.857
356.35	106.593
356.57	43.299
356.78	148.780
357.00	71.141
357.22	81.250
357.43	106.186
357.65	229.213
357.87	94.737
358.08	-98.000
358.30	5.479
358.51	56.828
358.73	191.346
358.95	97.368
359.16	90.132
359.38	-937.500
359.60	88.608
359.81	144.776
360.03	131.061
360.24	41.364
360.46	66.460
360.68	74.854
360.89	185.000
361.11	132.609
361.33	92.636
361.54	196.262
361.76	89.655
361.97	40.506
362.19	84.615
362.41	28.148
362.62	93.249
362.84	52.137
363.05	87.701
363.27	11.667
363.49	46.698
363.70	64.158
363.92	58.683
364.13	55.814
364.35	72.396
364.57	79.104
364.78	61.856
365.00	55.906
365.21	101.923
365.43	151.899
365.65	111.290
365.86	91.632
366.08	70.229
366.29	138.750
366.51	75.658
366.73	132.031
366.94	26.250
367.16	131.073
367.37	51.748
367.59	102.867
367.80	68.293
368.02	72.477
368.24	57.613
368.45	98.305
368.67	74.627
368.88	97.196
369.10	217.949
369.31	101.460
369.53	62.581
369.75	69.231
369.96	107.857
370.18	100.541
370.39	44.262
370.61	58.095
370.82	73.790
371.04	53.846
371.26	103.030
371.47	89.655
371.69	258.156
371.90	102.262
372.12	119.178
372.33	80.000
372.55	125.641
372.76	83.913
372.98	114.674
373.20	62.245
373.41	160.656
373.63	200.752
373.84	83.740
374.06	92.308
374.27	126.357
374.49	81.481
374.70	70.443
374.92	103.571
375.13	80.573
375.35	90.370
375.57	67.380
375.78	293.878
376.00	128.431
376.21	86.364
376.43	204.425
376.64	67.234
376.86	94.527
377.07	59.078
377.29	-11.009
377.50	42.683
377.72	100.000
377.93	53.903
378.15	64.894
378.36	56.537
378.58	52.976
378.80	78.319
379.01	90.583
379.23	16.000
379.44	21.951
379.66	86.694
379.87	63.158
380.09	92.760
380.30	79.433
380.52	81.279
380.73	68.817
380.95	48.305
381.16	101.761
381.38	72.500
381.59	88.690
381.81	69.203
382.02	78.616
382.24	106.832
382.45	44.167
382.67	44.134
382.88	88.601
383.10	150.276
383.31	65.799
383.53	68.504
383.74	61.607
383.96	72.355
384.17	98.333
384.39	31.988
384.60	93.836
384.82	69.110
385.03	55.519
385.25	55.583
385.46	60.538
385.68	64.751
385.89	93.358
386.11	59.030
386.32	64.135
386.54	98.092
386.75	12.435
386.97	83.158
387.18	26.906
387.40	89.706
387.61	39.714
387.83	54.110
388.04	101.835
388.25	27.746
388.47	46.828
388.68	21.818
388.90	52.632
389.11	123.030
389.33	67.778
389.54	39.067
389.76	78.157
389.97	62.846
390.19	57.983
390.40	82.028
390.62	95.298
390.83	56.771
391.05	73.734
391.26	45.500
391.47	38.462
391.69	77.522
391.90	29.670
392.12	9.500
392.33	53.936
392.55	61.485
392.76	52.874
392.98	22.995
393.19	56.264
393.41	49.322
393.62	57.184
393.83	61.782
394.05	92.963
394.26	44.318
394.48	55.968
394.69	39.328
394.91	74.545
395.12	69.167
395.34	15.676
395.55	64.461
395.76	44.106
395.98	83.532
396.19	31.471
396.41	38.227
396.62	82.245
396.84	79.337
397.05	32.187
397.26	67.712
397.48	51.751
397.69	62.148
397.91	69.521
398.12	58.602
398.33	60.937
398.55	67.805
398.76	39.130
398.98	48.643
399.19	46.482
399.41	65.162
399.62	33.698
399.83	36.809
400.05	69.882
400.26	55.556
400.48	51.927
400.69	55.425
400.90	53.794
401.12	22.093
401.33	49.351
401.55	37.966
401.76	29.306
401.97	81.146
402.19	44.904
402.40	48.562
402.62	32.512
402.83	38.743
403.04	39.384
403.26	51.130
403.47	41.386
403.69	34.677
403.90	48.105
404.11	40.723
404.33	38.450
404.54	57.236
404.76	37.833
404.97	37.807
405.18	53.963
405.40	35.795
405.61	26.457
405.83	21.831
406.04	42.717
406.25	52.495
406.47	32.603
406.68	20.255
406.89	41.102
407.11	34.632
407.32	25.358
407.54	41.702
407.75	42.629
407.96	53.463
408.18	42.298
408.39	28.987
408.60	59.070
408.82	43.194
409.03	37.571
409.24	32.592
409.46	31.726
409.67	47.407
409.89	35.967
410.10	35.649
410.31	44.086
410.53	50.756
410.74	38.422
410.95	34.211
411.17	34.372
411.38	34.680
411.59	24.725
411.81	33.947
412.02	26.840
412.23	37.402
412.45	33.365
412.66	32.162
412.87	38.941
413.09	20.532
413.30	26.997
413.51	29.755
413.73	34.995
413.94	36.953
414.15	25.425
414.37	27.992
414.58	30.986
414.79	29.919
415.01	28.870
415.22	28.860
415.43	33.892
415.65	24.585
415.86	17.381
416.07	25.990
416.29	33.048
416.50	17.701
416.71	16.849
416.93	21.358
417.14	20.335
417.35	22.330
417.57	17.110
417.78	17.289
417.99	26.189
418.21	21.919
418.42	13.688
418.63	23.081
418.85	28.137
419.06	18.911
419.27	13.086
419.48	16.490
419.70	17.594
419.91	24.439
420.12	19.899
420.34	20.559
420.55	16.028
420.76	16.658
420.98	14.639
421.19	13.653
421.40	19.973
421.61	11.181
421.83	19.162
422.04	11.552
422.25	18.327
422.47	19.489
422.68	13.825
422.89	17.573
423.11	14.637
423.32	16.364
423.53	11.867
423.74	11.497
423.96	11.063
424.17	19.350
424.38	16.485
424.59	14.445
424.81	18.071
425.02	13.647
425.23	14.646
425.45	14.494
425.66	9.502
425.87	9.919
426.08	13.241
426.30	11.937
426.51	15.942
426.72	11.922
426.93	14.466
427.15	10.353
427.36	12.737
427.57	18.752
427.79	11.852
428.00	12.518
428.21	-49.394
428.42	12.776
428.64	13.392
428.85	9.972
429.06	12.859
429.27	13.988
429.49	11.904
429.70	10.440
429.91	11.621
430.12	11.757
430.34	11.637
430.55	9.456
430.76	11.624
430.97	14.057
431.19	10.902
431.40	13.818
431.61	11.442
431.82	11.454
432.03	9.247
432.25	10.472
432.46	10.189
432.67	14.311
432.88	11.358
433.10	8.722
433.31	7.953
433.52	10.893
433.73	11.696
433.95	11.092
434.16	11.127
434.37	8.644
434.58	12.695
434.79	9.165
435.01	12.861
435.22	12.092
435.43	11.087
435.64	9.346
435.86	10.241
436.07	10.332
436.28	8.570
436.49	8.694
436.70	10.433
436.92	8.191
437.13	11.527
437.34	8.376
437.55	12.141
437.76	10.400
437.98	8.888
438.19	8.941
438.40	10.243
438.61	10.582
438.82	11.603
439.04	9.762
439.25	12.314
439.46	10.063
439.67	10.577
439.88	10.616
440.10	10.739
440.31	11.424
440.52	9.554
440.73	11.205
440.94	8.811
441.16	7.571
441.37	8.510
441.58	7.336
441.79	10.417
442.00	10.175
442.21	10.135
442.43	10.628
442.64	10.170
442.85	10.901
443.06	10.039
443.27	10.224
443.48	8.947
443.70	10.350
443.91	10.579
444.12	8.721
444.33	11.617
444.54	10.256
444.75	9.129
444.97	10.131
445.18	9.688
445.39	8.946
445.60	10.425
445.81	10.216
446.02	10.737
446.24	9.608
446.45	11.072
446.66	8.154
446.87	9.838
447.08	9.730
447.29	9.024
447.51	8.779
447.72	9.418
447.93	9.340
448.14	9.534
448.35	10.637
448.56	9.460
448.77	9.617
448.99	8.677
449.20	10.243
449.41	10.158
449.62	9.435
449.83	7.652
450.04	9.903
450.25	9.422
450.46	10.802
450.68	9.237
450.89	9.098
451.10	9.024
451.31	10.439
451.52	8.323
451.73	8.826
451.94	9.974
452.15	9.726
452.37	7.761
452.58	9.303
452.79	8.576
453.00	9.332
453.21	9.870
453.42	8.837
453.63	11.586
453.84	9.364
454.06	9.981
454.27	9.819
454.48	9.623
454.69	9.040
454.90	9.346
455.11	9.107
455.32	9.606
455.53	10.260
455.74	9.156
455.95	8.263
456.17	8.479
456.38	9.027
456.59	9.424
456.80	7.981
457.01	8.617
457.22	9.875
457.43	9.601
457.64	9.405
457.85	10.153
458.06	10.749
458.27	7.730
458.49	8.704
458.70	11.048
458.91	9.120
459.12	8.368
459.33	9.997
459.54	8.862
459.75	10.936
459.96	9.784
460.17	10.015
460.38	9.673
460.59	8.828
460.80	9.213
461.01	8.700
461.23	10.136
461.44	9.159
461.65	8.048
461.86	9.969
462.07	9.146
462.28	10.192
462.49	9.076
462.70	10.169
462.91	8.789
463.12	9.488
463.33	9.873
463.54	8.938
463.75	10.392
463.96	9.743
464.17	9.471
464.38	9.359
464.59	8.835
464.81	9.181
465.02	10.462
465.23	8.465
465.44	9.898
465.65	11.185
465.86	10.036
466.07	9.860
466.28	9.695
466.49	9.917
466.70	9.085
466.91	9.005
467.12	9.834
467.33	10.049
467.54	9.135
467.75	10.259
467.96	9.593
468.17	10.685
468.38	9.205
468.59	9.837
468.80	10.027
469.01	9.768
469.22	10.026
469.43	9.177
469.64	10.701
469.85	8.941
470.06	10.246
470.27	8.897
470.48	10.142
470.69	9.887
470.90	9.790
471.11	9.412
471.32	9.670
471.53	9.913
471.74	9.582
471.95	9.368
472.16	10.699
472.37	9.493
472.58	9.720
472.79	9.001
473.00	9.619
473.21	9.686
473.42	9.418
473.63	9.357
473.84	10.011
474.05	8.799
474.26	10.005
474.47	9.296
474.68	10.399
474.89	10.292
475.10	9.843
475.31	8.958
475.52	10.493
475.73	10.134
475.94	9.529
476.15	9.402
476.36	9.753
476.57	10.212
476.78	9.927
476.99	9.069
477.20	9.299
477.41	9.942
477.62	9.663
477.83	9.712
478.04	9.477
478.25	9.334
478.46	8.925
478.67	9.001
478.88	10.566
479.09	8.758
479.30	9.562
479.51	9.380
479.72	9.758
479.93	9.954
480.14	9.426
480.35	10.009
480.56	9.825
480.77	9.986
480.98	9.340
481.18	9.689
481.39	9.816
481.60	10.135
481.81	8.590
482.02	9.219
482.23	9.681
482.44	9.836
482.65	9.497
482.86	9.661
483.07	9.894
483.28	9.336
483.49	9.120
483.70	10.258
483.91	9.525
484.12	9.928
484.33	9.520
484.53	9.089
484.74	10.000
484.95	9.411
485.16	9.466
485.37	9.607
485.58	10.202
485.79	9.675
486.00	9.784
486.21	9.417
486.42	10.143
486.63	9.779
486.84	9.476
487.05	9.774
487.25	9.600
487.46	9.840
487.67	9.196
487.88	9.998
488.09	9.662
488.30	9.599
488.51	16.719
488.72	9.806
488.93	9.332
489.14	9.832
489.35	9.102
489.55	9.619
489.76	9.818
489.97	9.844
490.18	9.373
490.39	9.852
490.60	9.965
490.81	9.846
491.02	9.484
491.23	9.372
491.43	9.438
491.64	9.681
491.85	9.037
492.06	10.020
492.27	9.805
492.48	9.429
492.69	9.740
492.90	9.566
493.11	9.639
493.31	9.440
493.52	9.434
493.73	9.521
493.94	9.515
494.15	10.113
494.36	9.517
494.57	9.041
494.78	9.831
494.98	9.242
495.19	9.203
495.40	9.087
495.61	10.166
495.82	9.770
496.03	9.203
496.24	9.307
496.44	9.761
496.65	9.425
496.86	9.630
497.07	9.473
497.28	9.621
497.49	9.695
497.70	9.565
497.90	9.494
498.11	9.861
498.32	9.556
498.53	9.825
498.74	9.943
498.95	10.043
499.15	9.733
499.36	9.694
499.57	9.582
499.78	10.183
499.99	9.676
500.20	9.376
500.40	9.672
500.61	9.711
500.82	9.566
501.03	9.630
501.24	9.712
501.45	10.037
501.65	9.642
501.86	10.002
502.07	9.615
502.28	9.741
502.49	10.140
502.70	9.915
502.90	9.541
503.11	9.646
503.32	10.215
503.53	9.427
503.74	9.938
503.94	9.844
504.15	9.897
504.36	9.890
504.57	10.131
504.78	9.693
504.98	9.559
505.19	9.782
505.40	10.230
505.61	9.847
505.82	9.913
506.02	9.803
506.23	9.964
506.44	9.700
506.65	9.818
506.86	9.662
507.06	9.491
507.27	9.902
507.48	10.163
507.69	9.801
507.90	9.993
508.10	9.882
508.31	10.392
508.52	9.783
508.73	10.119
508.94	9.966
509.14	9.791
509.35	10.094
509.56	9.853
509.77	10.293
509.97	10.330
510.18	9.717
510.39	10.102
510.60	10.609
510.80	9.872
511.01	10.071
511.22	10.111
511.43	10.419
511.64	10.672
511.84	10.155
512.05	10.591
512.26	10.222
512.47	10.096
512.67	10.263
512.88	10.263
513.09	10.754
513.30	10.484
513.50	10.124
513.71	10.448
513.92	10.479
514.13	10.612
514.33	10.256
514.54	10.549
514.75	10.615
514.96	10.267
515.16	10.510
515.37	10.485
515.58	10.516
515.78	10.581
515.99	10.425
516.20	10.674
516.41	10.859
516.61	11.240
516.82	10.641
517.03	11.139
517.24	11.029
517.44	11.120
517.65	10.905
517.86	10.962
518.07	11.402
518.27	11.488
518.48	11.267
518.69	11.079
518.89	11.215
519.10	11.050
519.31	10.968
519.52	11.456
519.72	11.429
519.93	11.457
520.14	11.120
520.34	11.449
520.55	11.709
520.76	12.049
520.96	11.597
521.17	11.380
521.38	12.015
521.59	11.926
521.79	11.589
522.00	11.795
522.21	12.152
522.41	11.872
522.62	11.774
522.83	12.502
523.03	12.067
523.24	12.411
523.45	12.650
523.66	12.170
523.86	12.562
524.07	12.638
524.28	12.562
524.48	12.612
524.69	12.922
524.90	12.588
525.10	12.831
525.31	12.709
525.52	12.764
525.72	12.792
525.93	13.196
526.14	13.060
526.34	13.031
526.55	13.324
526.76	13.187
526.96	13.088
527.17	13.682
527.38	13.388
527.58	13.640
527.79	13.511
528.00	13.743
528.20	13.942
528.41	13.982
528.62	14.032
528.82	13.827
529.03	14.108
529.24	13.898
529.44	14.276
529.65	14.182
529.85	14.121
530.06	14.388
530.27	14.329
530.47	14.659
530.68	14.451
530.89	14.300
531.09	14.406
531.30	14.702
531.51	15.025
531.71	14.510
531.92	14.588
532.13	14.812
532.33	15.558
532.54	15.124
532.74	14.987
532.95	15.127
533.16	15.488
533.36	14.995
533.57	14.875
533.78	15.263
533.98	15.465
534.19	14.958
534.39	15.018
534.60	15.764
534.81	15.305
535.01	15.332
535.22	15.439
535.42	15.810
535.63	15.398
535.84	15.759
536.04	15.700
536.25	15.641
536.45	15.826
536.66	15.937
536.87	15.835
537.07	15.887
537.28	16.011
537.48	16.195
537.69	15.954
537.90	16.266
538.10	15.998
538.31	16.309
538.51	16.048
538.72	16.215
538.93	16.094
539.13	16.429
539.34	15.867
539.54	16.280
539.75	16.711
539.96	16.386
540.16	16.489
540.37	16.548
540.57	16.570
540.78	16.338
540.98	16.434
541.19	16.556
541.40	16.546
541.60	16.659
541.81	16.269
542.01	16.685
542.22	16.540
542.42	16.625
542.63	16.506
542.83	16.480
543.04	16.825
543.25	16.770
543.45	16.623
543.66	16.996
543.86	16.583
544.07	16.504
544.27	16.290
544.48	17.058
544.68	16.666
544.89	16.664
545.10	16.419
545.30	16.856
545.51	17.044
545.71	16.355
545.92	16.777
546.12	17.044
546.33	16.616
546.53	16.920
546.74	16.677
546.94	16.807
547.15	16.943
547.36	16.664
547.56	16.842
547.77	17.124
547.97	16.799
548.18	16.873
548.38	16.960
548.59	17.073
548.79	17.014
549.00	16.681
549.20	16.786
549.41	17.121
549.61	16.673
549.82	16.708
550.02	16.757
550.23	16.819
550.43	17.205
550.64	17.023
550.84	17.017
551.05	16.927
551.25	16.990
551.46	17.274
551.66	16.693
551.87	17.138
552.07	17.053
552.28	17.077
552.48	16.863
552.69	17.172
552.89	17.308
553.10	17.240
553.30	17.116
553.51	17.025
553.71	16.903
553.92	16.981
554.12	17.166
554.33	17.588
554.53	17.363
554.74	16.923
554.94	17.113
555.15	17.015
555.35	17.020
555.56	17.119
555.76	17.159
555.97	17.469
556.17	17.009
556.38	17.379
556.58	17.108
556.78	17.714
556.99	16.996
557.19	16.913
557.40	17.149
557.60	17.189
557.81	17.138
558.01	17.014
558.22	17.114
558.42	17.395
558.63	17.279
558.83	17.215
559.04	17.209
559.24	17.141
559.44	17.398
559.65	17.084
559.85	17.121
560.06	17.137
560.26	16.954
560.47	16.951
560.67	13.537
560.88	17.221
561.08	17.041
561.28	16.838
561.49	16.965
561.69	16.682
561.90	16.729
562.10	17.088
562.31	16.881
562.51	16.847
562.71	16.952
562.92	16.879
563.12	16.618
563.33	16.941
563.53	16.638
563.74	17.007
563.94	16.782
564.14	16.771
564.35	16.881
564.55	16.522
564.76	16.477
564.96	16.458
565.17	16.516
565.37	16.562
565.57	16.603
565.78	16.520
565.98	16.358
566.19	16.364
566.39	16.255
566.59	16.508
566.80	16.288
567.00	16.258
567.21	16.240
567.41	16.491
567.61	16.027
567.82	16.156
568.02	16.091
568.23	16.124
568.43	15.924
568.63	15.760
568.84	16.048
569.04	15.960
569.24	15.963
569.45	15.730
569.65	15.800
569.86	15.666
570.06	15.663
570.26	15.646
570.47	15.471
570.67	15.259
570.87	15.415
571.08	15.395
571.28	15.372
571.49	15.574
571.69	15.165
571.89	15.248
572.10	15.130
572.30	15.074
572.50	15.078
572.71	14.848
572.91	14.963
573.11	15.112
573.32	15.122
573.52	15.268
573.73	14.807
573.93	14.942
574.13	14.826
574.34	14.622
574.54	14.584
574.74	14.566
574.95	14.879
575.15	14.569
575.35	14.257
575.56	14.485
575.76	14.552
575.96	14.326
576.17	14.325
576.37	14.200
576.57	14.497
576.78	13.991
576.98	14.181
577.18	14.252
577.39	14.146
577.59	13.947
577.79	14.080
578.00	14.022
578.20	14.197
578.40	13.876
578.61	13.802
578.81	13.890
579.01	13.793
579.22	13.856
579.42	13.399
579.62	13.445
579.82	13.721
580.03	13.505
580.23	13.522
580.43	13.608
580.64	13.349
580.84	13.457
581.04	13.366
581.25	13.700
581.45	13.533
581.65	13.251
581.86	13.578
582.06	13.405
582.26	13.422
582.46	13.624
582.67	13.335
582.87	13.407
583.07	13.091
583.28	13.066
583.48	13.148
583.68	13.249
583.88	13.190
584.09	12.935
584.29	13.144
584.49	13.037
584.70	13.042
584.90	12.791
585.10	12.814
585.30	13.006
585.51	12.937
585.71	12.640
585.91	12.791
586.11	12.577
586.32	12.657
586.52	12.787
586.72	12.589
586.92	12.772
587.13	12.672
587.33	12.859
587.53	12.563
587.74	12.636
587.94	12.642
588.14	12.350
588.34	13.120
588.55	12.404
588.75	12.705
588.95	12.437
589.15	12.309
589.36	12.710
589.56	12.517
589.76	12.529
589.96	12.275
590.16	12.354
590.37	12.147
590.57	12.404
590.77	12.111
590.97	12.221
591.18	12.215
591.38	12.525
591.58	11.319
591.78	12.505
591.99	12.249
592.19	12.310
592.39	12.325
592.59	12.260
592.79	12.204
593.00	12.163
593.20	12.262
593.40	12.309
593.60	12.184
593.81	12.173
594.01	11.930
594.21	12.012
594.41	12.213
594.61	11.966
594.82	11.937
595.02	12.197
595.22	12.094
595.42	12.054
595.62	12.028
595.83	12.139
596.03	11.785
596.23	12.058
596.43	11.880
596.63	12.058
596.84	12.101
597.04	12.138
597.24	11.902
597.44	11.983
597.64	11.882
597.84	11.907
598.05	12.026
598.25	11.988
598.45	11.711
598.65	11.871
598.85	11.846
599.06	11.932
599.26	11.680
599.46	11.895
599.66	11.745
599.86	12.037
600.06	11.927
600.27	11.834
600.47	11.843
600.67	11.898
600.87	11.851
601.07	11.901
601.27	11.837
601.48	12.112
601.68	12.007
601.88	11.907
602.08	11.795
602.28	11.803
602.48	11.628
602.68	11.797
602.89	11.759
603.09	11.867
603.29	11.696
603.49	11.768
603.69	11.556
603.89	11.768
604.09	11.971
604.30	11.718
604.50	11.768
604.70	11.479
604.90	11.744
605.10	11.681
605.30	11.529
605.50	11.592
605.71	11.595
605.91	11.655
606.11	11.586
606.31	11.678
606.51	11.927
606.71	11.533
606.91	11.454
607.11	11.912
607.32	11.552
607.52	11.522
607.72	11.628
607.92	11.573
608.12	11.733
608.32	11.530
608.52	11.623
608.72	11.509
608.92	11.686
609.12	11.534
609.33	11.565
609.53	11.608
609.73	11.615
609.93	11.502
610.13	11.426
610.33	11.252
610.53	11.576
610.73	11.331
610.93	11.302
611.13	11.314
611.34	11.505
611.54	11.307
611.74	11.087
611.94	11.324
612.14	11.377
612.34	11.205
612.54	11.480
612.74	11.272
612.94	11.145
613.14	11.273
613.34	11.221
613.54	11.377
613.74	11.424
613.95	11.359
614.15	11.274
614.35	11.153
614.55	11.248
614.75	11.114
614.95	11.280
615.15	11.218
615.35	11.097
615.55	11.116
615.75	11.122
615.95	11.224
616.15	11.127
616.35	11.045
616.55	11.082
616.75	10.983
616.95	11.046
617.15	10.952
617.35	11.046
617.56	11.047
617.76	11.353
617.96	11.070
618.16	10.997
618.36	11.035
618.56	11.167
618.76	11.105
618.96	10.801
619.16	11.043
619.36	10.941
619.56	10.849
619.76	10.856
619.96	10.996
620.16	10.827
620.36	10.740
620.56	10.918
620.76	10.883
620.96	10.905
621.16	10.781
621.36	10.770
621.56	10.563
621.76	11.103
621.96	10.774
622.16	10.747
622.36	10.762
622.56	10.888
622.76	10.853
622.96	10.573
623.16	10.908
623.36	10.563
623.56	10.716
623.76	10.723
623.96	10.883
624.16	10.835
624.36	10.831
624.56	10.590
624.76	10.725
624.96	10.757
625.16	10.600
625.36	10.677
625.56	10.686
625.76	10.662
625.96	10.743
626.16	10.440
626.36	10.744
626.56	10.828
626.76	10.424
626.96	10.465
627.16	10.709
627.36	10.629
627.56	10.573
627.76	10.657
627.96	10.645
628.16	10.660
628.36	10.498
628.56	10.579
628.75	10.579
628.95	10.729
629.15	10.649
629.35	10.552
629.55	10.597
629.75	10.725
629.95	10.513
630.15	10.491
630.35	10.676
630.55	10.623
630.75	10.537
630.95	10.448
631.15	10.387
631.35	10.582
631.55	10.540
631.75	10.520
631.95	10.638
632.15	10.732
632.34	10.331
632.54	10.343
632.74	10.578
632.94	10.700
633.14	10.629
633.34	10.644
633.54	10.543
633.74	10.418
633.94	10.452
634.14	10.591
634.34	10.436
634.54	10.676
634.74	10.367
634.93	10.307
635.13	10.597
635.33	10.678
635.53	10.422
635.73	10.416
635.93	10.300
636.13	10.463
636.33	10.397
636.53	10.377
636.73	10.486
636.93	10.509
637.12	10.396
637.32	10.136
637.52	10.537
637.72	10.322
637.92	10.275
638.12	10.286
638.32	10.580
638.52	10.292
638.72	10.282
638.91	10.243
639.11	10.304
639.31	10.249
639.51	10.402
639.71	10.139
639.91	10.148
640.11	10.185
640.31	10.210
640.50	10.100
640.70	10.348
640.90	10.293
641.10	10.043
641.30	10.198
641.50	10.227
641.70	10.121
641.89	10.109
642.09	10.288
642.29	10.031
642.49	10.165
642.69	10.043
642.89	9.943
643.09	10.412
643.28	10.143
643.48	9.934
643.68	10.105
643.88	10.136
644.08	10.215
644.28	10.012
644.48	9.773
644.67	10.039
644.87	9.910
645.07	9.843
645.27	9.847
645.47	10.003
645.67	10.026
645.86	9.860
646.06	9.803
646.26	9.915
646.46	9.827
646.66	9.830
646.85	9.784
647.05	9.931
647.25	9.887
647.45	9.859
647.65	9.920
647.85	9.873
648.04	9.763
648.24	9.875
648.44	9.763
648.64	9.865
648.84	9.938
649.03	9.790
649.23	9.616
649.43	9.729
649.63	9.902
649.83	9.685
650.02	9.606
650.22	9.940
650.42	9.596
650.62	9.623
650.82	9.529
651.01	9.879
651.21	9.656
651.41	9.630
651.61	9.709
651.81	9.901
652.00	9.654
652.20	9.562
652.40	9.590
652.60	9.623
652.79	9.850
652.99	9.573
653.19	9.556
653.39	9.921
653.59	9.657
653.78	9.799
653.98	9.692
654.18	9.733
654.38	9.582
654.57	9.522
654.77	9.522
654.97	9.827
655.17	9.533
655.36	9.721
655.56	9.580
655.76	9.672
655.96	9.496
656.15	9.518
656.35	9.504
656.55	9.639
656.75	9.543
656.94	9.580
657.14	9.473
657.34	9.480
657.54	9.553
657.73	9.514
657.93	9.411
658.13	9.405
658.33	9.560
658.52	9.543
658.72	9.636
658.92	9.537
659.11	9.531
659.31	9.603
659.51	9.602
659.71	9.506
659.90	9.691
660.10	9.447
660.30	9.570
660.50	9.427
660.69	9.654
660.89	9.565
661.09	9.447
661.28	9.437
661.48	9.287
661.68	9.529
661.87	9.443
662.07	9.435
662.27	9.648
662.47	9.470
662.66	9.360
662.86	9.581
663.06	9.575
663.25	9.482
663.45	9.350
663.65	9.444
663.84	9.539
664.04	9.561
664.24	9.456
664.44	9.568
664.63	9.277
664.83	9.355
665.03	9.366
665.22	9.447
665.42	9.325
665.62	9.312
665.81	9.193
666.01	9.448
666.21	9.565
666.40	9.390
666.60	9.311
666.80	9.352
666.99	9.363
667.19	9.430
667.39	9.494
667.58	9.391
667.78	9.455
667.98	9.262
668.17	9.490
668.37	9.391
668.57	9.459
668.76	9.432
668.96	9.258
669.16	9.400
669.35	9.463
669.55	9.500
669.74	9.450
669.94	9.455
670.14	9.285
670.33	9.496
670.53	9.512
670.73	9.451
670.92	9.528
671.12	9.380
671.32	9.478
671.51	9.478
671.71	9.491
671.90	9.291
672.10	9.330
672.30	9.701
672.49	9.443
672.69	9.654
672.89	9.338
673.08	9.389
673.28	9.437
673.47	9.421
673.67	9.454
673.87	9.539
674.06	9.308
674.26	9.468
674.45	9.487
674.65	9.477
674.85	9.472
675.04	9.490
675.24	9.353
675.43	9.686
675.63	9.509
675.83	9.384
676.02	9.714
676.22	9.331
676.41	9.680
676.61	9.500
676.81	9.643
677.00	9.470
677.20	9.496
677.39	9.409
677.59	9.515
677.79	9.476
677.98	9.525
678.18	9.636
678.37	9.443
678.57	9.673
678.76	9.459
678.96	9.499
679.16	9.416
679.35	9.542
679.55	9.570
679.74	9.566
679.94	9.670
680.13	9.702
680.33	9.531
680.53	9.525
680.72	9.703
680.92	9.674
681.11	9.767
681.31	9.606
681.50	9.488
681.70	9.823
681.89	9.619
682.09	9.672
682.28	9.701
682.48	9.684
682.68	9.771
682.87	9.640
683.07	9.642
683.26	9.762
683.46	9.731
683.65	9.669
683.85	9.798
684.04	9.621
684.24	9.705
684.43	9.640
684.63	9.695
684.82	9.870
685.02	9.871
685.21	9.685
685.41	9.696
685.60	9.648
685.80	9.815
686.00	9.828
686.19	9.669
686.39	9.936
686.58	9.911
686.78	9.786
686.97	9.715
687.17	9.973
687.36	10.030
687.56	9.845
687.75	9.687
687.95	9.835
688.14	9.943
688.34	9.731
688.53	9.854
688.73	9.833
688.92	9.905
689.12	9.836
689.31	9.936
689.51	9.982
689.70	10.031
689.89	9.994
690.09	9.984
690.28	9.896
690.48	9.932
690.67	9.935
690.87	10.020
691.06	10.202
691.26	10.047
691.45	10.122
691.65	10.139
691.84	10.279
692.04	10.193
692.23	10.033
692.43	10.236
692.62	10.234
692.82	10.307
693.01	10.482
693.20	10.465
693.40	10.697
693.59	10.533
693.79	10.431
693.98	10.589
694.18	10.740
694.37	10.633
694.57	10.722
694.76	10.774
694.95	10.868
695.15	10.968
695.34	11.068
695.54	10.950
695.73	11.146
695.93	11.302
696.12	11.418
696.32	11.297
696.51	11.539
696.70	11.780
696.90	11.725
697.09	11.784
697.29	11.968
697.48	12.179
697.67	12.224
697.87	12.331
698.06	12.380
698.26	12.595
698.45	12.570
698.65	12.955
698.84	13.074
699.03	13.219
699.23	13.313
699.42	13.615
699.62	13.698
699.81	13.816
700.00	13.874
700.20	14.170
700.39	14.466
700.59	14.486
700.78	14.567
700.97	14.623
701.17	14.861
701.36	15.375
701.56	15.127
701.75	15.593
701.94	15.949
702.14	15.866
702.33	16.244
702.52	16.259
702.72	16.530
702.91	16.890
703.11	16.966
703.30	17.058
703.49	17.192
703.69	17.643
703.88	17.552
704.07	18.117
704.27	18.277
704.46	18.453
704.66	18.665
704.85	18.885
705.04	18.940
705.24	19.289
705.43	19.518
705.62	19.503
705.82	20.012
706.01	20.211
706.20	20.084
706.40	20.606
706.59	20.931
706.78	21.156
706.98	21.254
707.17	21.670
707.36	21.601
707.56	22.056
707.75	22.171
707.94	22.407
708.14	22.366
708.33	22.766
708.52	22.862
708.72	23.145
708.91	23.504
709.10	23.811
709.30	23.932
709.49	24.026
709.68	24.428
709.88	24.692
710.07	24.794
710.26	25.055
710.46	25.407
710.65	25.575
710.84	25.908
711.04	26.258
711.23	26.090
711.42	26.369
711.61	26.882
711.81	26.808
712.00	27.086
712.19	27.231
712.39	27.287
712.58	27.476
712.77	28.263
712.97	28.051
713.16	28.330
713.35	28.560
713.54	28.766
713.74	29.123
713.93	29.404
714.12	29.522
714.32	29.781
714.51	30.070
714.70	30.465
714.89	30.752
715.09	30.725
715.28	30.894
715.47	31.092
715.66	31.081
715.86	31.610
716.05	32.063
716.24	31.841
716.44	32.298
716.63	32.718
716.82	32.701
717.01	32.938
717.21	33.248
717.40	33.386
717.59	33.478
717.78	33.919
717.98	33.931
718.17	34.242
718.36	34.606
718.55	34.682
718.75	34.904
718.94	35.365
719.13	35.217
719.32	35.523
719.52	35.830
719.71	36.402
719.90	36.265
720.09	36.616
720.28	36.629
720.48	36.998
720.67	37.434
720.86	37.508
721.05	37.642
721.25	38.133
721.44	38.012
721.63	38.516
721.82	38.681
722.01	38.843
722.21	38.795
722.40	39.056
722.59	39.451
722.78	40.007
722.98	39.826
723.17	40.210
723.36	39.976
723.55	40.376
723.74	41.009
723.94	41.325
724.13	41.019
724.32	41.405
724.51	41.911
724.70	41.720
724.89	42.291
725.09	42.454
725.28	42.406
725.47	42.393
725.66	42.888
725.85	43.374
726.05	43.375
726.24	43.483
726.43	43.750
726.62	44.008
726.81	44.347
727.00	44.644
727.20	44.385
727.39	44.706
727.58	44.890
727.77	44.921
727.96	45.655
728.15	45.568
728.35	45.663
728.54	46.221
728.73	46.087
728.92	46.640
729.11	46.532
729.30	46.990
729.50	46.872
729.69	46.884
729.88	47.310
730.07	47.788
730.26	47.995
730.45	47.999
730.64	48.272
730.84	48.073
731.03	48.499
731.22	48.342
731.41	48.792
731.60	48.939
731.79	49.355
731.98	49.359
732.18	49.670
732.37	49.560
732.56	49.615
732.75	49.821
732.94	50.213
733.13	50.651
733.32	50.807
733.51	50.865
733.71	50.912
733.90	51.548
734.09	51.641
734.28	51.628
734.47	51.501
734.66	52.204
734.85	52.035
735.04	51.910
735.23	51.855
735.42	52.418
735.62	52.442
735.81	52.849
736.00	52.816
736.19	52.892
736.38	53.029
736.57	53.661
736.76	53.511
736.95	53.759
737.14	53.879
737.33	53.663
737.52	53.999
737.72	53.994
737.91	54.193
738.10	54.063
738.29	54.579
738.48	54.416
738.67	54.915
738.86	55.004
739.05	55.121
739.24	55.045
739.43	55.448
739.62	55.717
739.81	55.696
740.00	56.035
740.19	55.801
740.39	55.960
740.58	55.953
740.77	56.226
740.96	56.299
741.15	56.283
741.34	56.524
741.53	56.853
741.72	57.032
741.91	57.129
742.10	57.082
742.29	56.930
742.48	57.223
742.67	57.250
742.86	57.309
743.05	57.358
743.24	57.277
743.43	57.734
743.62	57.680
743.81	58.184
744.00	57.750
744.19	58.081
744.38	58.323
744.57	57.809
744.76	58.306
744.95	58.505
745.14	58.478
745.33	58.539
745.52	58.694
745.71	58.323
745.90	58.491
746.09	58.541
746.28	58.674
746.47	58.528
746.66	59.120
746.85	59.068
747.04	59.001
747.23	59.144
747.42	59.279
747.61	59.315
747.80	59.081
747.99	59.723
748.18	59.672
748.37	59.453
748.56	59.636
748.75	59.670
748.94	59.247
749.13	60.218
749.32	59.972
749.51	60.281
749.70	60.510
749.89	60.600
750.08	60.293
750.27	60.584
750.46	60.478
750.65	60.551
750.84	60.278
751.03	60.694
751.22	60.151
751.41	60.485
751.60	60.691
751.79	60.709
751.98	60.819
752.17	60.842
752.36	61.058
752.55	60.743
752.74	60.952
752.93	61.292
753.12	60.753
753.30	61.105
753.49	60.919
753.68	61.360
753.87	61.076
754.06	61.195
754.25	61.653
754.44	60.945
754.63	61.375
754.82	61.233
755.01	61.037
755.20	61.408
755.39	61.263
755.58	61.701
755.77	61.262
755.96	61.514
756.14	61.449
756.33	61.688
756.52	62.071
756.71	61.549
756.90	61.277
757.09	61.839
757.28	61.841
757.47	61.771
757.66	62.143
757.85	61.999
758.04	61.498
758.22	61.528
758.41	61.847
758.60	61.450
758.79	61.881
758.98	61.905
759.17	61.975
759.36	61.811
759.55	62.199
759.74	61.793
759.92	61.910
760.11	62.127
760.30	61.815
760.49	61.687
760.68	62.153
760.87	61.786
761.06	62.841
761.25	62.284
761.43	62.012
761.62	62.289
761.81	61.964
762.00	62.478
762.19	62.044
762.38	62.558
762.57	62.036
762.76	62.730
762.94	62.036
763.13	62.391
763.32	62.216
763.51	62.361
763.70	62.442
763.89	62.802
764.07	62.139
764.26	62.605
764.45	62.440
764.64	62.570
764.83	62.465
765.02	62.192
765.21	62.674
765.39	62.830
765.58	62.623
765.77	62.345
765.96	62.365
766.15	62.417
766.34	62.917
766.52	62.746
766.71	62.384
766.90	62.356
767.09	62.462
767.28	62.281
767.46	62.896
767.65	62.903
767.84	62.726
768.03	62.997
768.22	62.617
768.40	62.654
768.59	62.826
768.78	62.637
768.97	62.960
769.16	62.766
769.34	62.564
769.53	62.817
769.72	62.831
769.91	62.737
770.10	62.593
770.28	62.770
770.47	63.222
770.66	62.361
770.85	62.696
771.04	62.860
771.22	62.606
771.41	62.653
771.60	63.214
771.79	62.887
771.98	62.502
772.16	62.938
772.35	62.990
772.54	63.058
772.73	62.554
772.91	62.417
773.10	62.430
773.29	63.043
773.48	62.923
773.66	63.117
773.85	62.760
774.04	62.794
774.23	63.009
774.41	62.924
774.60	62.813
774.79	62.400
774.98	62.150
775.16	62.435
775.35	63.005
775.54	62.538
775.73	62.983
775.91	62.753
776.10	62.564
776.29	62.661
776.48	62.339
776.66	63.144
776.85	62.742
777.04	63.094
777.23	62.803
777.41	63.210
777.60	62.857
777.79	62.427
777.97	62.232
778.16	62.971
778.35	62.486
778.54	62.909
778.72	62.925
778.91	62.556
779.10	63.462
779.28	62.582
779.47	62.585
779.66	62.767
779.85	62.578
780.03	62.666
780.22	62.562
780.41	62.852
780.59	62.697
780.78	63.041
780.97	63.146
781.15	62.932
781.34	62.853
781.53	63.127
781.71	63.206
781.90	62.870
782.09	62.936
782.27	62.891
782.46	62.723
782.65	63.340
782.84	62.592
783.02	62.664
783.21	62.890
783.40	62.507
783.58	63.395
783.77	62.773
783.96	62.782
784.14	62.500
784.33	63.061
784.52	63.119
784.70	62.628
784.89	62.787
785.07	62.392
785.26	62.729
785.45	62.521
785.63	63.242
785.82	62.028
786.01	62.495
786.19	62.530
786.38	62.891
786.57	62.801
786.75	62.240
786.94	62.847
787.13	62.865
787.31	62.707
787.50	63.326
787.68	62.576
787.87	62.766
788.06	62.701
788.24	62.535
788.43	62.256
788.62	62.663
788.80	62.413
788.99	62.468
789.17	62.601
789.36	62.196
789.55	63.056
789.73	62.475
789.92	62.981
790.10	62.884
790.29	62.324
790.48	62.532
790.66	62.592
790.85	62.556
791.03	62.661
791.22	62.439
791.41	62.678
791.59	62.484
791.78	62.502
791.96	62.997
792.15	62.835
792.34	62.233
792.52	63.044
792.71	62.346
792.89	62.519
793.08	62.724
793.27	62.376
793.45	62.685
793.64	62.425
793.82	62.669
794.01	63.142
794.19	62.772
794.38	62.789
794.57	62.711
794.75	62.467
794.94	62.447
795.12	62.973
795.31	63.025
795.49	62.971
795.68	62.839
795.86	62.643
796.05	62.603
796.24	62.563
796.42	63.005
796.61	62.988
796.79	62.890
796.98	62.637
797.16	62.695
797.35	63.208
797.53	62.986
797.72	62.673
797.90	63.011
798.09	63.243
798.27	62.934
798.46	62.622
798.65	62.708
798.83	62.659
799.02	63.202
799.20	63.278
799.39	63.096
799.57	62.372
799.76	62.872
799.94	62.495
800.13	62.693
800.31	63.020
800.50	62.695
800.68	62.483
800.87	62.860
801.05	62.255
801.24	62.725
801.42	62.787
801.61	62.880
801.79	62.161
801.98	62.649
802.16	62.700
802.35	62.975
802.53	62.755
802.72	62.767
802.90	63.049
803.09	62.764
803.27	62.606
803.46	62.792
803.64	62.553
803.83	62.410
804.01	62.897
804.20	62.931
804.38	62.608
804.56	62.732
804.75	63.028
804.93	63.057
805.12	63.079
805.30	62.741
805.49	62.761
805.67	62.592
805.86	62.766
806.04	62.533
806.23	62.301
806.41	62.686
806.59	62.734
806.78	62.795
806.96	62.604
807.15	62.433
807.33	62.718
807.52	62.789
807.70	62.933
807.89	62.833
808.07	63.256
808.25	63.122
808.44	62.634
808.62	62.730
808.81	62.979
808.99	63.265
809.18	62.422
809.36	62.868
809.54	62.744
809.73	62.677
809.91	63.240
810.10	63.401
810.28	62.876
810.47	62.563
810.65	63.199
810.83	62.721
811.02	62.676
811.20	62.590
811.39	62.667
811.57	62.926
811.75	63.082
811.94	62.750
812.12	62.627
812.31	62.503
812.49	63.435
812.67	62.974
812.86	63.379
813.04	63.390
813.23	63.149
813.41	62.503
813.59	62.741
813.78	62.941
813.96	62.876
814.14	62.632
814.33	62.887
814.51	62.216
814.70	62.925
814.88	62.583
815.06	62.588
815.25	62.636
815.43	62.626
815.61	62.711
815.80	62.567
815.98	63.178
816.16	62.447
816.35	62.903
816.53	62.556
816.72	62.398
816.90	62.969
817.08	62.768
817.27	62.780
817.45	62.808
817.63	62.936
817.82	62.572
818.00	62.678
818.18	62.951
818.37	63.145
818.55	62.864
818.73	62.777
818.92	62.862
819.10	62.888
819.28	62.541
819.47	62.817
819.65	63.164
819.83	63.207
820.02	62.694
820.20	62.985
820.38	62.799
820.57	63.196
820.75	62.862
820.93	62.745
821.11	62.796
821.30	63.005
821.48	62.408
821.66	62.666
821.85	63.135
822.03	63.134
822.21	62.557
822.40	62.605
822.58	63.019
822.76	62.353
822.94	63.273
823.13	62.692
823.31	63.382
823.49	63.176
823.68	62.498
823.86	62.581
824.04	62.999
824.22	62.917
824.41	62.881
824.59	62.916
824.77	62.641
824.96	62.594
825.14	62.955
825.32	62.531
825.50	62.764
825.69	62.760
825.87	62.318
826.05	62.326
826.23	62.757
826.42	62.938
826.60	62.737
826.78	62.414
826.96	62.567
827.15	62.091
827.33	62.167
827.51	62.243
827.69	62.529
827.88	62.785
828.06	62.582
828.24	62.763
828.42	62.310
828.61	62.721
828.79	62.632
828.97	62.560
829.15	63.018
829.34	63.109
829.52	63.067
829.70	62.501
829.88	63.376
830.06	62.516
830.25	62.319
830.43	62.599
830.61	62.052
830.79	62.511
830.97	62.555
831.16	62.532
831.34	62.910
831.52	62.169
831.70	62.625
831.89	62.634
832.07	62.119
832.25	62.620
832.43	63.142
832.61	62.543
832.80	63.252
832.98	62.842
833.16	62.004
833.34	62.412
833.52	62.490
833.70	63.089
833.89	62.535
834.07	62.365
834.25	62.358
834.43	62.424
834.61	62.615
834.80	62.955
834.98	62.634
835.16	62.622
835.34	62.551
835.52	62.640
835.70	62.595
835.89	62.851
836.07	62.688
836.25	62.310
836.43	62.689
836.61	62.951
836.79	62.796
836.97	62.443
837.16	62.370
837.34	62.013
837.52	62.463
837.70	62.737
837.88	62.475
838.06	62.090
838.24	63.040
838.43	63.055
838.61	62.573
838.79	62.351
838.97	62.597
839.15	62.495
839.33	62.548
839.51	62.383
839.70	62.509
839.88	62.867
840.06	62.205
840.24	62.398
840.42	62.827
840.60	62.286
840.78	62.792
840.96	62.751
841.14	62.386
841.33	62.294
841.51	62.939
841.69	61.978
841.87	62.354
842.05	62.507
842.23	62.248
842.41	63.021
842.59	62.764
842.77	62.360
842.95	62.543
843.14	63.073
843.32	62.067
843.50	62.478
843.68	62.620
843.86	62.700
844.04	62.553
844.22	63.058
844.40	62.486
844.58	62.425
844.76	62.111
844.94	62.316
845.12	62.272
845.30	62.217
845.49	62.527
845.67	62.884
845.85	62.305
846.03	62.754
846.21	62.386
846.39	62.316
846.57	62.660
846.75	62.399
846.93	62.421
847.11	62.957
847.29	62.401
847.47	62.974
847.65	62.761
847.83	62.732
848.01	62.882
848.19	62.267
848.37	62.818
848.55	62.397
848.73	62.458
848.91	62.468
849.09	62.534
849.27	62.609
849.46	62.993
849.64	62.722
849.82	62.486
850.00	62.744
850.18	63.234
850.36	62.599
850.54	62.319
850.72	62.764
850.90	62.242
851.08	62.129
851.26	62.146
851.44	62.480
851.62	62.965
851.80	62.712
851.98	62.794
852.16	62.435
852.34	62.867
852.52	62.438
852.70	62.496
852.88	62.594
853.06	62.618
853.24	61.891
853.42	62.516
853.60	62.739
853.78	62.086
853.96	62.994
854.14	63.092
854.31	62.722
854.49	63.068
854.67	62.035
854.85	62.778
855.03	62.982
855.21	62.994
855.39	62.362
855.57	62.813
855.75	63.163
855.93	62.684
856.11	62.262
856.29	62.507
856.47	61.817
856.65	62.855
856.83	62.673
857.01	62.444
857.19	62.491
857.37	63.703
857.55	62.094
857.73	63.272
857.91	63.369
858.09	62.832
858.26	62.611
858.44	62.292
858.62	63.207
858.80	62.521
858.98	62.833
859.16	62.066
859.34	62.931
859.52	62.677
859.70	62.895
859.88	62.896
860.06	62.630
860.24	62.663
860.42	62.869
860.59	62.862
860.77	62.514
860.95	63.068
861.13	62.040
861.31	62.878
861.49	62.841
861.67	62.475
861.85	62.835
862.03	62.398
862.21	62.823
862.38	62.592
862.56	63.024
862.74	62.688
862.92	62.311
863.10	62.565
863.28	62.383
863.46	63.252
863.64	62.496
863.82	62.344
863.99	63.148
864.17	62.938
864.35	62.481
864.53	62.805
864.71	62.580
864.89	62.517
865.07	62.660
865.24	63.188
865.42	62.750
865.60	62.472
865.78	62.061
865.96	63.373
866.14	62.792
866.32	62.051
866.49	62.436
866.67	62.610
866.85	62.668
867.03	62.718
867.21	62.493
867.39	63.032
867.56	62.124
867.74	62.261
867.92	62.176
868.10	62.261
868.28	62.604
868.46	62.721
868.63	62.481
868.81	63.271
868.99	62.757
869.17	62.091
869.35	62.696
869.53	62.054
869.70	63.358
869.88	63.100
870.06	62.506
870.24	62.435
870.42	62.901
870.59	62.534
870.77	63.235
870.95	62.516
871.13	62.596
871.31	62.425
871.48	62.322
871.66	62.854
871.84	62.225
872.02	62.481
872.20	62.538
872.37	62.183
872.55	62.251
872.73	62.302
872.91	63.254
873.08	62.279
873.26	62.788
873.44	62.580
873.62	62.773
873.80	63.338
873.97	62.657
874.15	62.582
874.33	63.074
874.51	62.790
874.68	63.135
874.86	62.774
875.04	62.571
875.22	63.114
875.39	63.608
875.57	62.219
875.75	62.292
875.93	63.053
876.10	62.839
876.28	62.301
876.46	62.243
876.64	62.744
876.81	62.642
876.99	62.918
877.17	62.979
877.35	63.233
877.52	62.695
877.70	62.546
877.88	62.916
878.06	62.607
878.23	63.054
878.41	62.779
878.59	62.547
878.76	62.546
878.94	62.382
879.12	62.193
879.30	62.687
879.47	63.303
879.65	62.496
879.83	62.238
880.00	62.733
880.18	62.680
880.36	62.416
880.53	61.689
880.71	62.467
880.89	62.988
881.07	62.291
881.24	62.084
881.42	62.493
881.60	62.240
881.77	63.070
881.95	62.684
882.13	62.551
882.30	61.959
882.48	62.342
882.66	63.064
882.83	61.843
883.01	62.823
883.19	62.204
883.36	62.726
883.54	62.139
883.72	62.565
883.89	62.451
884.07	63.250
884.25	63.031
884.42	63.466
884.60	62.216
884.78	62.276
884.95	62.829
885.13	62.859
885.31	62.918
885.48	62.390
885.66	63.137
885.84	62.092
886.01	62.305
886.19	63.249
886.36	62.644
886.54	62.600
886.72	62.082
886.89	61.736
887.07	61.935
887.25	62.421
887.42	63.113
887.60	62.800
887.78	62.713
887.95	62.789
888.13	61.891
888.30	62.386
888.48	62.160
888.66	63.235
888.83	62.643
889.01	62.741
889.18	62.798
889.36	62.959
889.54	63.296
889.71	62.388
889.89	62.771
890.06	62.620
890.24	62.965
890.42	63.014
890.59	62.822
890.77	63.079
890.94	61.639
891.12	62.559
891.30	62.511
891.47	62.199
891.65	63.456
891.82	62.688
892.00	63.069
892.17	63.177
892.35	62.294
892.53	62.570
892.70	62.220
892.88	61.961
893.05	62.737
893.23	62.648
893.40	62.406
893.58	62.201
893.75	63.568
893.93	62.587
894.11	62.370
894.28	62.103
894.46	62.736
894.63	61.556
894.81	63.007
894.98	62.490
895.16	63.290
895.33	62.179
895.51	63.291
895.68	62.525
895.86	63.020
896.04	62.008
896.21	62.558
896.39	62.910
896.56	62.318
896.74	62.283
896.91	61.717
897.09	62.090
897.26	62.235
897.44	62.188
897.61	62.400
897.79	61.729
897.96	62.117
898.14	62.502
898.31	62.687
898.49	62.461
898.66	62.161
898.84	61.813
899.01	62.618
899.19	62.436
899.36	62.313
899.54	63.036
899.71	62.608
899.89	62.209
900.06	63.247
900.24	61.607
900.41	62.467
900.59	62.206
900.76	63.245
900.94	62.325
901.11	63.288
901.29	62.586
901.46	63.021
901.63	62.462
901.81	63.181
901.98	62.271
902.16	62.361
902.33	62.719
902.51	62.268
902.68	62.723
902.86	62.204
903.03	62.918
903.21	62.414
903.38	62.555
903.56	62.581
903.73	62.847
903.90	62.397
904.08	62.327
904.25	61.796
904.43	63.020
904.60	62.428
904.78	62.657
904.95	62.525
905.12	62.662
905.30	62.678
905.47	62.172
905.65	63.225
905.82	62.407
906.00	62.535
906.17	62.526
906.34	62.879
906.52	62.817
906.69	62.434
906.87	63.159
907.04	62.466
907.21	62.527
907.39	62.436
907.56	62.411
907.74	63.199
907.91	62.868
908.08	62.334
908.26	62.335
908.43	62.681
908.61	62.417
908.78	62.397
908.95	63.130
909.13	62.705
909.30	62.301
909.48	62.693
909.65	63.636
909.82	63.225
910.00	62.737
910.17	62.794
910.34	63.406
910.52	62.974
910.69	63.612
910.87	61.885
911.04	61.685
911.21	62.319
911.39	62.057
911.56	62.573
911.73	62.620
911.91	62.452
912.08	62.070
912.25	63.242
912.43	62.151
912.60	62.243
912.77	62.217
912.95	62.723
913.12	62.718
913.29	62.814
913.47	63.187
913.64	63.000
913.81	62.899
913.99	62.062
914.16	62.500
914.33	62.287
914.51	62.470
914.68	63.027
914.85	61.796
915.03	62.352
915.20	62.838
915.37	62.899
915.55	61.996
915.72	63.152
915.89	63.419
916.07	62.793
916.24	62.776
916.41	62.333
916.59	62.557
916.76	62.958
916.93	63.060
917.10	62.202
917.28	63.389
917.45	63.620
917.62	63.232
917.80	62.653
917.97	63.074
918.14	62.384
918.31	62.386
918.49	62.042
918.66	62.665
918.83	62.747
919.01	62.638
919.18	62.535
919.35	62.705
919.52	62.985
919.70	62.483
919.87	62.095
920.04	63.631
920.21	62.558
920.39	62.914
920.56	61.998
920.73	62.586
920.90	62.883
921.08	62.350
921.25	62.474
921.42	62.440
921.59	62.481
921.77	62.461
921.94	62.271
922.11	63.078
922.28	62.897
922.46	62.758
922.63	61.492
922.80	63.514
922.97	61.877
923.15	63.250
923.32	63.711
923.49	63.172
923.66	62.593
923.83	61.979
924.01	62.307
924.18	63.062
924.35	62.775
924.52	63.580
924.69	61.816
924.87	63.250
925.04	62.938
925.21	63.242
925.38	61.462
925.55	63.444
925.73	63.068
925.90	62.318
926.07	62.655
926.24	63.338
926.41	62.891
926.59	62.576
926.76	62.187
926.93	62.046
927.10	62.311
927.27	62.970
927.45	62.882
927.62	63.431
927.79	62.497
927.96	62.925
928.13	63.455
928.30	62.472
928.48	62.527
928.65	62.154
928.82	62.497
928.99	63.462
929.16	62.755
929.33	61.846
929.50	61.952
929.68	63.226
929.85	62.916
930.02	62.360
930.19	62.582
930.36	61.503
930.53	62.578
930.70	62.455
930.88	62.390
931.05	64.084
931.22	62.766
931.39	62.922
931.56	63.114
931.73	62.634
931.90	63.024
932.08	62.950
932.25	62.779
932.42	62.584
932.59	63.552
932.76	62.723
932.93	62.445
933.10	62.427
933.27	63.425
933.44	63.163
933.62	63.234
933.79	62.235
933.96	63.623
934.13	63.860
934.30	62.123
934.47	64.354
934.64	61.718
934.81	61.768
934.98	62.541
935.15	62.099
935.32	61.841
935.50	61.465
935.67	63.670
935.84	63.836
936.01	61.468
936.18	63.460
936.35	62.077
936.52	63.396
936.69	63.554
936.86	60.956
937.03	62.666
937.20	62.984
937.37	63.417
937.54	62.356
937.71	61.788
937.89	63.387
938.06	63.675
938.23	62.930
938.40	63.584
938.57	64.177
938.74	65.298
938.91	66.494
939.08	66.535
939.25	64.461
939.42	63.222
939.59	60.551
939.76	63.335
939.93	62.474
940.10	65.769
940.27	62.249
940.44	63.485
940.61	63.604
940.78	65.707
940.95	62.473
941.12	64.332
941.29	64.746
941.46	63.371
941.63	62.370
941.80	63.363
941.97	62.218
942.14	65.035
942.31	63.709
942.48	64.637
942.65	66.477
942.82	62.778
942.99	64.512
943.16	62.016
943.33	59.126
943.50	63.127
943.67	61.075
943.84	62.534
944.01	66.334
944.18	64.403
944.35	64.459
944.52	62.074
944.69	63.264
944.86	63.104
945.03	62.364
945.20	62.873
945.37	64.894
945.54	61.473
945.71	61.241
945.88	63.484
946.05	65.111
946.22	63.598
946.39	62.934
946.56	63.141
946.73	64.686
946.90	65.598
947.07	63.575
947.23	62.628
947.40	63.263
947.57	62.087
947.74	60.972
947.91	63.346
948.08	59.773
948.25	63.441
948.42	61.694
948.59	61.669
948.76	65.283
948.93	64.249
949.10	62.549
949.27	64.864
949.44	62.888
949.60	63.414
949.77	63.509
949.94	62.925
950.11	63.957
950.28	63.414
950.45	62.988
950.62	66.661
950.79	62.933
950.96	65.062
951.13	61.892
951.30	63.302
951.46	62.306
951.63	64.962
951.80	65.339
951.97	62.443
952.14	61.613
952.31	65.971
952.48	62.274
952.65	62.769
952.81	63.424
952.98	65.016
953.15	64.186
953.32	63.143
953.49	63.231
953.66	61.618
953.83	61.357
954.00	64.010
954.16	62.037
954.33	61.868
954.50	62.096
954.67	61.293
954.84	60.975
955.01	63.523
955.18	63.322
955.34	62.079
955.51	63.376
955.68	61.879
955.85	60.960
956.02	63.245
956.19	61.514
956.35	64.770
956.52	61.665
956.69	62.982
956.86	62.626
957.03	62.238
957.20	63.369
957.36	63.560
957.53	63.429
957.70	63.301
957.87	62.686
958.04	62.672
958.21	61.076
958.37	61.899
958.54	60.949
958.71	63.054
958.88	63.373
959.05	62.724
959.21	61.947
959.38	60.500
959.55	60.100
959.72	63.479
959.89	63.282
960.05	63.175
960.22	62.145
960.39	63.653
960.56	62.068
960.72	63.456
960.89	63.217
961.06	63.364
961.23	60.642
961.40	61.654
961.56	64.028
961.73	65.028
961.90	62.436
962.07	62.171
962.23	61.617
962.40	62.903
962.57	62.232
962.74	63.784
962.90	63.051
963.07	62.629
963.24	64.611
963.41	61.666
963.57	63.361
963.74	62.608
963.91	62.888
964.08	62.515
964.24	64.104
964.41	62.646
964.58	62.097
964.75	62.377
964.91	63.764
965.08	60.620
965.25	61.479
965.42	62.371
965.58	62.516
965.75	62.353
965.92	61.426
966.08	62.327
966.25	62.035
966.42	63.305
966.59	61.753
966.75	62.806
966.92	63.447
967.09	61.421
967.25	64.873
967.42	61.322
967.59	62.962
967.75	63.697
967.92	62.487
968.09	60.839
968.26	61.678
968.42	63.401
968.59	62.521
968.76	62.877
968.92	62.291
969.09	62.624
969.26	63.310
969.42	61.098
969.59	61.785
969.76	61.892
969.92	62.042
970.09	61.596
970.26	63.932
970.42	63.862
970.59	62.192
970.76	60.794
970.92	62.074
971.09	62.941
971.26	60.699
971.42	61.943
971.59	64.055
971.76	60.864
971.92	61.860
972.09	62.203
972.25	62.676
972.42	64.403
972.59	62.986
972.75	62.421
972.92	64.126
973.09	64.112
973.25	62.597
973.42	60.811
973.58	61.883
973.75	65.243
973.92	63.270
974.08	60.897
974.25	62.305
974.42	62.559
974.58	61.878
974.75	63.312
974.91	61.996
975.08	63.777
975.25	63.673
975.41	62.170
975.58	62.386
975.74	61.684
975.91	62.971
976.08	61.760
976.24	62.411
976.41	64.090
976.57	62.039
976.74	61.486
976.91	63.727
977.07	62.960
977.24	60.296
977.40	62.202
977.57	63.057
977.73	60.430
977.90	64.210
978.07	61.260
978.23	61.531
978.40	61.839
978.56	64.112
978.73	61.692
978.89	64.480
979.06	61.810
979.22	62.637
979.39	61.819
979.56	64.937
979.72	61.235
979.89	62.620
980.05	61.293
980.22	63.280
980.38	62.795
980.55	65.606
980.71	60.571
980.88	62.105
981.04	63.931
981.21	63.701
981.37	63.338
981.54	65.531
981.70	61.495
981.87	61.593
982.04	62.886
982.20	63.864
982.37	65.761
982.53	63.930
982.70	63.511
982.86	63.873
983.03	62.582
983.19	63.775
983.36	63.025
983.52	64.709
983.69	64.500
983.85	62.147
984.02	67.430
984.18	66.433
984.35	61.825
984.51	64.204
984.68	60.937
984.84	61.840
985.00	63.340
985.17	63.933
985.33	60.986
985.50	61.905
985.66	63.965
985.83	61.164
985.99	62.378
986.16	63.700
986.32	64.615
986.49	62.534
986.65	62.479
986.82	64.531
986.98	63.361
987.15	60.891
987.31	60.835
987.47	64.102
987.64	64.810
987.80	62.373
987.97	62.814
988.13	64.329
988.30	64.107
988.46	62.263
988.63	63.698
988.79	63.334
988.95	61.856
989.12	62.468
989.28	61.396
989.45	64.358
989.61	63.986
989.77	63.536
989.94	62.595
990.10	63.505
990.27	62.140
990.43	63.201
990.60	63.443
990.76	63.770
990.92	63.882
991.09	62.085
991.25	63.961
991.42	62.423
991.58	60.872
991.74	64.387
991.91	63.713
992.07	65.627
992.24	63.399
992.40	59.809
992.56	62.539
992.73	63.244
992.89	59.461
993.05	62.372
993.22	62.701
993.38	63.599
993.55	61.550
993.71	64.290
993.87	61.725
994.04	61.077
994.20	62.666
994.36	63.215
994.53	64.864
994.69	65.777
994.85	63.215
995.02	61.451
995.18	59.945
995.34	67.829
995.51	60.656
995.67	63.410
995.84	62.906
996.00	66.038
996.16	63.569
996.33	64.198
996.49	64.786
996.65	64.026
996.82	64.908
996.98	62.469
997.14	62.986
997.31	63.103
997.47	62.550
997.63	63.708
997.79	63.932
997.96	65.091
998.12	66.191
998.28	64.337
998.45	62.081
998.61	62.873
998.77	64.218
998.94	61.580
999.10	64.073
999.26	63.636
999.43	64.791
999.59	63.761
999.75	63.604
999.91	63.253
1000.08	66.267
1000.24	64.278
1000.40	66.338
1000.57	63.501
1000.73	60.585
1000.89	63.966
1001.05	65.369
1001.22	62.660
1001.38	65.484
1001.54	62.302
1001.70	63.998
1001.87	60.607
1002.03	62.751
1002.19	62.879
1002.35	65.935
1002.52	61.265
1002.68	61.997
1002.84	69.046
1003.00	63.286
1003.17	65.017
1003.33	66.141
1003.49	63.890
1003.65	65.830
1003.82	63.669
1003.98	64.259
1004.14	63.575
1004.30	61.002
1004.47	67.636
1004.63	67.334
1004.79	65.199
1004.95	64.583
1005.11	63.928
1005.28	66.658
1005.44	64.021
1005.60	64.941
1005.76	67.122
1005.93	65.320
1006.09	66.765
1006.25	63.199
1006.41	65.784
1006.57	64.800
1006.74	63.727
1006.90	63.858
1007.06	61.543
1007.22	64.911
1007.38	63.212
1007.55	62.752
1007.71	68.492
1007.87	64.749
1008.03	61.211
1008.19	61.083
1008.35	63.172
1008.52	65.991
1008.68	67.183
1008.84	62.409
1009.00	66.350
1009.16	62.268
1009.32	63.694
1009.49	62.974
1009.65	68.863
1009.81	67.022
1009.97	62.149
1010.13	64.182
1010.29	64.517
1010.46	67.660
1010.62	66.688
1010.78	63.464
1010.94	63.108
1011.10	67.195
1011.26	64.746
1011.42	65.262
1011.59	68.660
1011.75	65.358
1011.91	68.797
1012.07	67.921
1012.23	66.929
1012.39	70.377
1012.55	62.406
1012.71	62.326
1012.88	65.214
1013.04	65.688
1013.20	62.690
1013.36	66.218
1013.52	65.665
1013.68	58.937
1013.84	65.791
1014.00	62.778
1014.16	74.264
1014.33	66.140
1014.49	62.378
1014.65	65.706
1014.81	68.243
1014.97	66.432
1015.13	63.061
1015.29	64.539
1015.45	68.633
1015.61	64.112
1015.77	66.895
1015.93	62.694
1016.09	68.763
1016.26	67.750
1016.42	64.409
1016.58	64.661
1016.74	64.483
1016.90	66.365
1017.06	65.155
1017.22	79.239
1017.38	67.473
1017.54	67.580
1017.70	66.419
1017.86	70.246
1018.02	65.898
1018.18	65.002
1018.34	67.291
1018.50	65.581
1018.66	71.662
1018.82	64.047
1018.98	69.207
1019.14	61.817
1019.31	65.069
1019.47	70.385
1019.63	71.293
1019.79	67.055
1019.95	71.872
1020.11	63.890
1020.27	63.502
1020.43	67.514
1020.59	69.245
1020.75	73.913
1020.91	59.614
1021.07	72.709
1021.23	60.664
1021.39	70.901
1021.55	66.699
1021.71	67.783
1021.87	68.142
1022.03	72.910
1022.19	62.646
1022.35	66.108
1022.51	55.032
1022.67	63.802
1022.83	58.329
1022.99	66.752
1023.15	71.722
1023.31	62.082
1023.47	62.649
1023.63	65.344
1023.79	67.350
1023.95	70.296
1024.10	66.577
1024.26	60.690
1024.42	69.187
1024.58	68.767
1024.74	64.667
1024.90	72.173
1025.06	68.448
1025.22	73.575
1025.38	64.466
1025.54	71.154
1025.70	71.271
1025.86	69.749
1026.02	65.622
1026.18	67.966
1026.34	66.253
1026.50	64.852
1026.66	68.760
1026.82	68.584
1026.98	65.536
1027.13	72.680
1027.29	71.640
1027.45	74.735
1027.61	71.383
1027.77	69.324
1027.93	71.176
1028.09	56.452
1028.25	69.612
1028.41	70.559
1028.57	69.241
1028.73	67.775
1028.88	61.425
1029.04	74.982
1029.20	60.197
1029.36	68.023
1029.52	74.933
1029.68	74.929
1029.84	68.341
1030.00	62.390
1030.16	72.427
1030.32	70.778
1030.47	63.682
1030.63	65.302
1030.79	62.168
1030.95	72.858
1031.11	61.642
1031.27	65.015
1031.43	82.301
1031.59	75.579
1031.74	70.483
1031.90	71.710
1032.06	71.891
1032.22	81.261
1032.38	75.094
1032.54	71.775
1032.69	68.119
1032.85	81.931
1033.01	61.091
1033.17	73.569
1033.33	72.329
1033.49	72.900
1033.65	75.801
1033.80	64.795
1033.96	65.381
1034.12	70.181
1034.28	72.623
1034.44	61.996
1034.60	72.863
1034.75	74.250
1034.91	69.409
1035.07	63.300
1035.23	70.174
1035.39	64.109
1035.54	70.896
1035.70	68.706
1035.86	70.507
1036.02	68.864
1036.18	69.513
1036.33	64.056
1036.49	72.459
1036.65	78.396
1036.81	64.068
1036.97	66.300
1037.12	67.031
1037.28	72.948
1037.44	64.098
1037.60	66.911
1037.76	72.112
1037.91	60.432
1038.07	70.398
1038.23	66.066
1038.39	73.619
1038.54	72.418
1038.70	56.172
1038.86	66.972
1039.02	75.733
1039.17	58.291
1039.33	72.737
1039.49	64.645
1039.65	67.541
1039.80	70.031
1039.96	70.726
1040.12	64.643
1040.28	80.105
>>>>> Data<<<<< Espectral Procesado Extremo
