Fichero De Datos De SpectraSuite
++++++++++++++++++++++++++++++++++++
Fecha: Mon Jun 29 12:22:23 CST 2026
Usuario: Deodanes
Presente Oscuro Del Espectro: Sí
La Referencia de Presente Del Espectro De: Sí
Muestreados de los componentes de Número de espectros: 1
Espectrómetros: USB4H06056
Tiempo de integración (usec): 300000 (USB4H06056)
Promedio de Espectros Hechos un: 5 (USB4H06056)
El Alisar Del Furgón: 0 (USB4H06056)
Párrafo de de Corregir del la del del de Eléctrica del obscuridad: No (USB4H06056)
Estrobo/Lámpara Permitido: No (USB4H06056)
Correct for Detector Non-linearity: No (USB4H06056)
Párrafo de de Corregir del la del del de Externa del luz: No (USB4H06056)
Procesado del espectro de Número de pixeles en: 3648
>>>>> Comienza Data<<<<< Espectral Procesado Del EL
345.09	631.579
345.30	631.579
345.52	631.579
345.74	184.091
345.95	-161.667
346.17	267.442
346.39	242.593
346.60	-277.966
346.82	-66.667
347.04	-86.517
347.25	-27.517
347.47	-231.818
347.69	625.000
347.90	14.286
348.12	-162.222
348.34	604.545
348.56	455.814
348.77	-302.740
348.99	145.283
349.21	142.012
349.42	389.855
349.64	127.922
349.86	184.615
350.07	105.063
350.29	-711.429
350.51	153.846
350.72	135.583
350.94	185.833
351.16	142.932
351.37	105.500
351.59	115.459
351.81	214.508
352.02	185.586
352.24	708.333
352.46	68.421
352.67	465.217
352.89	26200.000
353.10	125.225
353.32	92.647
353.54	154.505
353.75	242.453
353.97	57.609
354.19	215.854
354.40	209.677
354.62	66.667
354.84	141.139
355.05	174.286
355.27	394.521
355.49	225.490
355.70	222.892
355.92	164.238
356.14	154.348
356.35	93.671
356.57	125.839
356.78	74.444
357.00	160.326
357.22	185.065
357.43	49.612
357.65	125.000
357.87	146.975
358.08	144.444
358.30	122.660
358.51	154.430
358.73	92.647
358.95	215.730
359.16	106.186
359.38	1163.158
359.60	328.421
359.81	306.250
360.03	225.843
360.24	142.197
360.46	131.455
360.68	403.077
360.89	167.717
361.11	117.857
361.33	-17400.000
361.54	132.692
361.76	111.801
361.97	129.302
362.19	289.474
362.41	133.553
362.62	123.936
362.84	79.672
363.05	-1936.364
363.27	184.581
363.49	190.411
363.70	125.758
363.92	659.259
364.13	95.172
364.35	92.982
364.57	68.696
364.78	199.187
365.00	315.741
365.21	117.121
365.43	117.647
365.65	206.849
365.86	190.152
366.08	133.544
366.29	162.658
366.51	190.476
366.73	152.432
366.94	134.731
367.16	157.527
367.37	105.512
367.59	216.794
367.80	122.892
368.02	208.571
368.24	169.110
368.45	158.750
368.67	81.481
368.88	143.382
369.10	606.667
369.31	128.509
369.53	76.786
369.75	163.810
369.96	209.357
370.18	147.283
370.39	168.519
370.61	167.105
370.82	136.567
371.04	108.943
371.26	81.295
371.47	129.605
371.69	171.138
371.90	139.241
372.12	208.784
372.33	93.158
372.55	104.610
372.76	158.209
372.98	274.490
373.20	159.184
373.41	169.099
373.63	168.528
373.84	224.818
374.06	105.000
374.27	118.491
374.49	158.564
374.70	161.435
374.92	121.925
375.13	439.706
375.35	171.014
375.57	212.422
375.78	118.519
376.00	303.488
376.21	164.019
376.43	125.652
376.64	126.761
376.86	124.051
377.07	206.145
377.29	80.068
377.50	134.911
377.72	172.892
377.93	150.000
378.15	109.926
378.36	103.099
378.58	175.598
378.80	126.667
379.01	154.268
379.23	146.635
379.44	91.705
379.66	104.308
379.87	103.448
380.09	98.354
380.30	111.864
380.52	148.699
380.73	89.583
380.95	109.375
381.16	279.570
381.38	100.993
381.59	127.129
381.81	123.675
382.02	303.540
382.24	112.667
382.45	106.915
382.67	159.140
382.88	78.182
383.10	82.012
383.31	145.283
383.53	68.481
383.74	140.084
383.96	158.824
384.17	95.882
384.39	102.579
384.60	131.679
384.82	157.778
385.03	82.482
385.25	121.236
385.46	124.164
385.68	133.197
385.89	80.464
386.11	102.067
386.32	143.987
386.54	181.720
386.75	80.205
386.97	134.234
387.18	202.083
387.40	110.438
387.61	110.357
387.83	91.979
388.04	118.412
388.25	140.283
388.47	91.755
388.68	99.223
388.90	132.319
389.11	129.060
389.33	148.485
389.54	107.781
389.76	178.521
389.97	136.918
390.19	67.120
390.40	76.289
390.62	160.648
390.83	113.932
391.05	111.385
391.26	150.943
391.47	167.382
391.69	142.636
391.90	107.213
392.12	151.504
392.33	104.989
392.55	98.177
392.76	75.648
392.98	87.766
393.19	111.218
393.41	112.299
393.62	91.146
393.83	92.703
394.05	147.452
394.26	137.755
394.48	71.788
394.69	99.270
394.91	106.369
395.12	119.647
395.34	102.960
395.55	88.472
395.76	116.915
395.98	101.375
396.19	68.155
396.41	109.864
396.62	113.008
396.84	110.581
397.05	95.631
397.26	90.372
397.48	118.895
397.69	105.376
397.91	96.117
398.12	68.388
398.33	114.988
398.55	102.047
398.76	82.130
398.98	84.479
399.19	104.440
399.41	93.697
399.62	112.911
399.83	87.386
400.05	88.778
400.26	109.489
400.48	91.649
400.69	82.857
400.90	110.085
401.12	96.552
401.33	111.159
401.55	83.801
401.76	105.388
401.97	142.888
402.19	97.183
402.40	89.524
402.62	81.146
402.83	143.917
403.04	80.317
403.26	84.764
403.47	89.058
403.69	102.809
403.90	76.585
404.11	90.859
404.33	83.086
404.54	83.949
404.76	66.047
404.97	58.450
405.18	78.035
405.40	98.743
405.61	78.716
405.83	54.979
406.04	98.826
406.25	87.899
406.47	62.256
406.68	68.576
406.89	90.948
407.11	107.372
407.32	74.822
407.54	82.409
407.75	63.687
407.96	81.429
408.18	63.324
408.39	65.629
408.60	99.023
408.82	85.190
409.03	70.546
409.24	69.337
409.46	91.365
409.67	73.477
409.89	62.697
410.10	63.510
410.31	69.823
410.53	79.497
410.74	71.036
410.95	56.683
411.17	73.467
411.38	86.946
411.59	59.489
411.81	54.057
412.02	60.302
412.23	58.551
412.45	54.179
412.66	52.258
412.87	60.865
413.09	66.151
413.30	52.746
413.51	54.606
413.73	56.502
413.94	64.880
414.15	49.088
414.37	57.435
414.58	58.377
414.79	55.189
415.01	51.659
415.22	48.639
415.43	51.324
415.65	44.170
415.86	46.054
416.07	54.220
416.29	56.769
416.50	53.260
416.71	39.829
416.93	42.066
417.14	42.178
417.35	50.445
417.57	44.815
417.78	32.193
417.99	42.254
418.21	45.106
418.42	32.252
418.63	38.598
418.85	-1251.948
419.06	37.708
419.27	32.505
419.48	37.520
419.70	37.432
419.91	38.832
420.12	31.091
420.34	33.415
420.55	32.400
420.76	38.797
420.98	32.649
421.19	27.839
421.40	40.080
421.61	33.112
421.83	32.057
422.04	30.849
422.25	32.960
422.47	34.792
422.68	31.978
422.89	30.766
423.11	30.983
423.32	31.131
423.53	24.445
423.74	31.270
423.96	29.294
424.17	30.069
424.38	24.163
424.59	24.907
424.81	29.585
425.02	27.585
425.23	24.638
425.45	21.352
425.66	27.757
425.87	27.175
426.08	24.101
426.30	26.341
426.51	28.097
426.72	23.808
426.93	24.532
427.15	23.951
427.36	24.769
427.57	25.771
427.79	21.323
428.00	20.200
428.21	71.976
428.42	22.395
428.64	21.405
428.85	18.809
429.06	27.187
429.27	24.049
429.49	21.229
429.70	20.528
429.91	23.325
430.12	24.074
430.34	22.260
430.55	19.453
430.76	22.001
430.97	21.319
431.19	19.391
431.40	21.973
431.61	19.850
431.82	20.785
432.03	18.952
432.25	21.017
432.46	21.392
432.67	22.168
432.88	20.440
433.10	20.727
433.31	20.633
433.52	20.616
433.73	21.317
433.95	19.074
434.16	20.663
434.37	23.576
434.58	19.851
434.79	19.996
435.01	18.947
435.22	20.686
435.43	20.097
435.64	21.494
435.86	19.139
436.07	21.201
436.28	17.416
436.49	18.945
436.70	19.914
436.92	17.744
437.13	19.670
437.34	20.703
437.55	20.128
437.76	18.412
437.98	18.966
438.19	18.409
438.40	18.832
438.61	20.642
438.82	19.021
439.04	17.979
439.25	19.965
439.46	19.631
439.67	19.301
439.88	17.625
440.10	18.831
440.31	18.759
440.52	17.130
440.73	18.689
440.94	18.890
441.16	20.885
441.37	16.971
441.58	17.130
441.79	18.446
442.00	18.746
442.21	18.726
442.43	16.289
442.64	16.530
442.85	17.043
443.06	17.625
443.27	18.113
443.48	16.569
443.70	20.461
443.91	17.595
444.12	17.986
444.33	18.227
444.54	17.835
444.75	18.633
444.97	16.782
445.18	19.389
445.39	18.173
445.60	17.398
445.81	17.151
446.02	17.120
446.24	19.145
446.45	17.984
446.66	17.564
446.87	18.252
447.08	19.187
447.29	15.992
447.51	17.585
447.72	18.241
447.93	18.608
448.14	16.997
448.35	18.664
448.56	18.396
448.77	17.692
448.99	16.673
449.20	18.131
449.41	20.166
449.62	17.772
449.83	17.997
450.04	15.975
450.25	18.045
450.46	19.003
450.68	17.401
450.89	18.024
451.10	17.804
451.31	19.364
451.52	16.708
451.73	17.397
451.94	19.273
452.15	18.359
452.37	16.957
452.58	15.932
452.79	18.932
453.00	16.289
453.21	17.213
453.42	17.481
453.63	17.908
453.84	16.949
454.06	17.951
454.27	17.226
454.48	17.793
454.69	17.259
454.90	17.073
455.11	17.973
455.32	17.497
455.53	18.700
455.74	17.383
455.95	17.441
456.17	17.895
456.38	18.676
456.59	17.109
456.80	17.709
457.01	18.614
457.22	17.707
457.43	18.085
457.64	16.316
457.85	17.253
458.06	18.605
458.27	17.461
458.49	17.434
458.70	17.747
458.91	18.468
459.12	17.646
459.33	17.391
459.54	18.680
459.75	17.847
459.96	17.762
460.17	18.288
460.38	18.337
460.59	18.411
460.80	17.358
461.01	16.706
461.23	18.850
461.44	16.910
461.65	16.074
461.86	17.792
462.07	17.703
462.28	19.258
462.49	16.765
462.70	17.888
462.91	18.932
463.12	17.781
463.33	16.757
463.54	17.649
463.75	18.578
463.96	18.551
464.17	18.274
464.38	18.013
464.59	19.037
464.81	18.432
465.02	17.515
465.23	17.536
465.44	18.601
465.65	19.150
465.86	18.164
466.07	18.075
466.28	19.043
466.49	18.013
466.70	17.463
466.91	18.584
467.12	18.252
467.33	18.698
467.54	18.067
467.75	17.663
467.96	18.029
468.17	19.369
468.38	17.482
468.59	18.023
468.80	19.347
469.01	18.233
469.22	18.991
469.43	17.805
469.64	18.630
469.85	17.768
470.06	17.627
470.27	17.275
470.48	18.830
470.69	19.243
470.90	18.371
471.11	18.295
471.32	19.047
471.53	17.754
471.74	17.272
471.95	16.829
472.16	18.069
472.37	18.229
472.58	18.040
472.79	17.649
473.00	18.105
473.21	17.601
473.42	17.701
473.63	17.286
473.84	18.023
474.05	18.851
474.26	18.666
474.47	18.507
474.68	19.146
474.89	17.968
475.10	18.143
475.31	17.493
475.52	18.069
475.73	19.082
475.94	18.872
476.15	17.429
476.36	17.908
476.57	18.660
476.78	17.770
476.99	17.547
477.20	18.579
477.41	19.066
477.62	17.475
477.83	18.097
478.04	17.640
478.25	17.854
478.46	16.824
478.67	17.457
478.88	18.680
479.09	18.724
479.30	17.511
479.51	17.586
479.72	18.422
479.93	18.294
480.14	16.653
480.35	17.562
480.56	17.717
480.77	18.188
480.98	17.278
481.18	17.716
481.39	17.915
481.60	17.993
481.81	17.559
482.02	16.670
482.23	18.100
482.44	18.810
482.65	16.686
482.86	17.511
483.07	18.078
483.28	17.487
483.49	17.205
483.70	17.427
483.91	17.758
484.12	17.859
484.33	18.141
484.53	17.235
484.74	18.129
484.95	17.724
485.16	16.850
485.37	17.975
485.58	17.762
485.79	18.038
486.00	17.618
486.21	17.362
486.42	17.517
486.63	18.291
486.84	17.449
487.05	17.819
487.25	17.491
487.46	18.195
487.67	17.828
487.88	17.568
488.09	17.641
488.30	17.353
488.51	18.037
488.72	17.053
488.93	18.190
489.14	18.167
489.35	17.580
489.55	17.915
489.76	17.798
489.97	18.024
490.18	17.252
490.39	17.221
490.60	17.683
490.81	17.803
491.02	16.834
491.23	18.171
491.43	18.003
491.64	17.851
491.85	17.491
492.06	18.534
492.27	17.402
492.48	17.590
492.69	17.617
492.90	17.223
493.11	17.398
493.31	17.902
493.52	17.329
493.73	17.844
493.94	18.379
494.15	17.681
494.36	17.858
494.57	17.454
494.78	17.846
494.98	18.141
495.19	17.352
495.40	17.599
495.61	18.008
495.82	18.276
496.03	17.417
496.24	17.606
496.44	17.434
496.65	18.008
496.86	17.566
497.07	17.425
497.28	18.176
497.49	17.697
497.70	18.209
497.90	17.634
498.11	18.168
498.32	18.053
498.53	17.646
498.74	17.780
498.95	18.305
499.15	17.755
499.36	17.652
499.57	18.075
499.78	17.876
499.99	17.757
500.20	17.973
500.40	17.375
500.61	17.795
500.82	18.086
501.03	17.604
501.24	17.725
501.45	18.168
501.65	18.293
501.86	18.047
502.07	18.016
502.28	18.706
502.49	18.623
502.70	17.783
502.90	17.445
503.11	18.137
503.32	18.585
503.53	17.868
503.74	18.096
503.94	18.542
504.15	18.211
504.36	18.144
504.57	17.962
504.78	18.079
504.98	18.053
505.19	18.156
505.40	18.026
505.61	17.568
505.82	18.690
506.02	18.112
506.23	17.889
506.44	18.294
506.65	18.234
506.86	18.585
507.06	18.301
507.27	18.753
507.48	18.292
507.69	18.828
507.90	18.123
508.10	18.689
508.31	18.819
508.52	18.604
508.73	18.630
508.94	18.471
509.14	18.595
509.35	18.591
509.56	18.246
509.77	18.456
509.97	18.961
510.18	18.502
510.39	18.573
510.60	18.753
510.80	18.503
511.01	18.404
511.22	18.846
511.43	19.165
511.64	19.301
511.84	18.758
512.05	18.943
512.26	19.172
512.47	19.413
512.67	19.394
512.88	18.540
513.09	19.182
513.30	19.509
513.50	19.182
513.71	19.252
513.92	19.642
514.13	19.090
514.33	19.363
514.54	19.236
514.75	19.527
514.96	19.520
515.16	19.772
515.37	19.850
515.58	20.042
515.78	19.818
515.99	19.870
516.20	19.483
516.41	20.285
516.61	20.005
516.82	19.642
517.03	20.004
517.24	20.743
517.44	20.260
517.65	20.194
517.86	20.255
518.07	20.673
518.27	20.624
518.48	20.370
518.69	20.737
518.89	21.000
519.10	20.970
519.31	20.873
519.52	21.034
519.72	21.377
519.93	20.896
520.14	20.844
520.34	20.924
520.55	21.383
520.76	21.598
520.96	21.493
521.17	21.499
521.38	21.712
521.59	21.901
521.79	21.597
522.00	21.975
522.21	22.313
522.41	22.148
522.62	21.870
522.83	22.098
523.03	22.367
523.24	22.597
523.45	22.169
523.66	22.469
523.86	22.836
524.07	22.993
524.28	22.712
524.48	23.631
524.69	22.754
524.90	23.170
525.10	23.470
525.31	23.442
525.52	23.575
525.72	23.712
525.93	23.550
526.14	23.623
526.34	24.053
526.55	23.966
526.76	23.659
526.96	24.253
527.17	24.316
527.38	24.190
527.58	24.517
527.79	24.309
528.00	24.568
528.20	24.566
528.41	24.688
528.62	24.632
528.82	24.838
529.03	25.311
529.24	24.663
529.44	24.830
529.65	25.266
529.85	25.349
530.06	25.545
530.27	25.498
530.47	25.916
530.68	25.747
530.89	25.389
531.09	25.714
531.30	26.117
531.51	26.041
531.71	26.169
531.92	26.140
532.13	26.371
532.33	26.411
532.54	26.654
532.74	26.437
532.95	26.711
533.16	26.608
533.36	26.672
533.57	26.313
533.78	27.159
533.98	26.550
534.19	26.669
534.39	27.301
534.60	27.359
534.81	27.108
535.01	27.057
535.22	26.840
535.42	27.095
535.63	27.307
535.84	27.323
536.04	27.184
536.25	27.332
536.45	27.624
536.66	27.795
536.87	28.110
537.07	27.680
537.28	28.191
537.48	27.609
537.69	27.517
537.90	28.047
538.10	27.992
538.31	27.575
538.51	27.927
538.72	28.177
538.93	27.778
539.13	28.071
539.34	27.954
539.54	28.259
539.75	28.343
539.96	27.917
540.16	27.967
540.37	28.451
540.57	28.431
540.78	27.805
540.98	28.135
541.19	28.129
541.40	28.247
541.60	28.724
541.81	28.083
542.01	28.402
542.22	28.055
542.42	28.243
542.63	28.297
542.83	28.054
543.04	28.827
543.25	28.365
543.45	28.933
543.66	28.539
543.86	28.732
544.07	28.964
544.27	28.565
544.48	28.469
544.68	28.712
544.89	28.439
545.10	28.940
545.30	29.045
545.51	29.223
545.71	29.147
545.92	28.635
546.12	28.545
546.33	29.172
546.53	28.869
546.74	28.984
546.94	28.850
547.15	29.183
547.36	29.273
547.56	28.530
547.77	28.947
547.97	29.085
548.18	28.858
548.38	29.054
548.59	29.078
548.79	28.885
549.00	29.220
549.20	28.888
549.41	29.027
549.61	29.158
549.82	29.100
550.02	29.137
550.23	28.977
550.43	28.899
550.64	29.071
550.84	28.666
551.05	29.118
551.25	29.082
551.46	28.962
551.66	29.246
551.87	29.418
552.07	29.424
552.28	28.907
552.48	29.169
552.69	29.672
552.89	29.447
553.10	29.475
553.30	29.484
553.51	29.103
553.71	29.038
553.92	29.596
554.12	29.221
554.33	29.445
554.53	29.349
554.74	29.330
554.94	29.342
555.15	29.574
555.35	29.415
555.56	29.264
555.76	29.326
555.97	29.738
556.17	29.594
556.38	29.486
556.58	29.385
556.78	29.421
556.99	29.519
557.19	29.230
557.40	29.481
557.60	29.291
557.81	29.298
558.01	29.327
558.22	29.315
558.42	29.562
558.63	29.436
558.83	29.585
559.04	29.617
559.24	29.442
559.44	29.675
559.65	29.332
559.85	29.047
560.06	29.385
560.26	29.528
560.47	29.285
560.67	29.717
560.88	29.140
561.08	29.444
561.28	29.479
561.49	29.332
561.69	29.488
561.90	29.218
562.10	29.269
562.31	29.299
562.51	29.466
562.71	29.113
562.92	29.074
563.12	28.898
563.33	29.280
563.53	29.486
563.74	29.224
563.94	28.573
564.14	29.297
564.35	28.969
564.55	29.051
564.76	28.698
564.96	28.876
565.17	28.781
565.37	28.464
565.57	28.511
565.78	28.780
565.98	28.624
566.19	28.561
566.39	28.464
566.59	28.666
566.80	28.534
567.00	28.534
567.21	28.444
567.41	28.452
567.61	28.495
567.82	28.005
568.02	28.060
568.23	27.905
568.43	28.222
568.63	28.026
568.84	27.587
569.04	27.942
569.24	28.160
569.45	27.925
569.65	27.818
569.86	28.181
570.06	27.511
570.26	27.904
570.47	27.446
570.67	27.828
570.87	27.523
571.08	27.520
571.28	27.272
571.49	27.226
571.69	26.999
571.89	27.019
572.10	26.968
572.30	27.420
572.50	27.124
572.71	26.709
572.91	26.943
573.11	26.868
573.32	27.085
573.52	26.717
573.73	26.770
573.93	26.737
574.13	26.725
574.34	26.538
574.54	26.381
574.74	26.105
574.95	26.017
575.15	26.401
575.35	26.198
575.56	25.842
575.76	26.166
575.96	25.878
576.17	25.854
576.37	26.104
576.57	25.544
576.78	25.781
576.98	25.369
577.18	25.987
577.39	25.747
577.59	25.565
577.79	25.353
578.00	25.335
578.20	25.279
578.40	25.164
578.61	25.216
578.81	25.217
579.01	24.906
579.22	25.356
579.42	24.832
579.62	25.223
579.82	24.900
580.03	24.802
580.23	24.630
580.43	24.984
580.64	24.800
580.84	24.528
581.04	24.416
581.25	24.815
581.45	24.547
581.65	24.467
581.86	24.700
582.06	24.527
582.26	24.580
582.46	24.375
582.67	24.487
582.87	24.224
583.07	24.514
583.28	24.182
583.48	24.075
583.68	24.378
583.88	23.881
584.09	23.983
584.29	23.928
584.49	24.229
584.70	23.769
584.90	23.916
585.10	23.789
585.30	23.778
585.51	23.656
585.71	23.567
585.91	23.578
586.11	23.822
586.32	23.423
586.52	23.460
586.72	23.452
586.92	23.700
587.13	23.416
587.33	23.586
587.53	23.262
587.74	23.554
587.94	23.250
588.14	23.183
588.34	23.864
588.55	23.359
588.75	23.175
588.95	23.010
589.15	23.362
589.36	23.093
589.56	23.322
589.76	23.070
589.96	22.925
590.16	22.899
590.37	23.118
590.57	22.932
590.77	23.037
590.97	22.858
591.18	23.209
591.38	22.965
591.58	23.913
591.78	22.941
591.99	23.194
592.19	22.741
592.39	23.058
592.59	22.819
592.79	23.138
593.00	22.476
593.20	22.774
593.40	22.684
593.60	22.956
593.81	22.786
594.01	22.725
594.21	22.850
594.41	22.929
594.61	22.642
594.82	22.738
595.02	22.691
595.22	22.559
595.42	22.617
595.62	22.636
595.83	22.390
596.03	22.554
596.23	22.460
596.43	22.457
596.63	22.434
596.84	22.211
597.04	22.399
597.24	22.320
597.44	22.559
597.64	22.322
597.84	22.115
598.05	22.153
598.25	22.357
598.45	22.134
598.65	22.322
598.85	22.172
599.06	22.481
599.26	22.522
599.46	21.984
599.66	22.170
599.86	22.348
600.06	22.420
600.27	22.090
600.47	22.292
600.67	22.343
600.87	22.144
601.07	22.158
601.27	22.120
601.48	22.169
601.68	22.303
601.88	22.105
602.08	22.275
602.28	21.985
602.48	22.089
602.68	22.109
602.89	22.032
603.09	22.240
603.29	22.334
603.49	22.148
603.69	21.940
603.89	22.111
604.09	22.263
604.30	21.872
604.50	22.034
604.70	22.152
604.90	21.859
605.10	22.017
605.30	21.981
605.50	21.965
605.71	22.035
605.91	21.837
606.11	21.973
606.31	22.103
606.51	22.275
606.71	21.856
606.91	21.918
607.11	21.780
607.32	21.937
607.52	21.723
607.72	21.880
607.92	21.724
608.12	22.097
608.32	21.764
608.52	22.010
608.72	21.951
608.92	22.135
609.12	21.640
609.33	21.537
609.53	21.546
609.73	21.786
609.93	21.585
610.13	21.442
610.33	21.574
610.53	21.657
610.73	21.541
610.93	21.352
611.13	21.444
611.34	21.686
611.54	21.317
611.74	21.337
611.94	21.250
612.14	21.328
612.34	21.454
612.54	21.220
612.74	21.351
612.94	21.312
613.14	21.155
613.34	21.373
613.54	21.322
613.74	21.275
613.95	21.403
614.15	21.079
614.35	21.370
614.55	21.233
614.75	20.920
614.95	21.240
615.15	20.996
615.35	21.051
615.55	21.119
615.75	21.024
615.95	21.080
616.15	21.055
616.35	21.189
616.55	21.028
616.75	20.973
616.95	20.821
617.15	20.912
617.35	20.781
617.56	20.847
617.76	20.913
617.96	20.820
618.16	20.966
618.36	20.644
618.56	20.957
618.76	20.658
618.96	20.725
619.16	20.921
619.36	20.786
619.56	20.465
619.76	20.489
619.96	20.874
620.16	20.735
620.36	20.506
620.56	20.553
620.76	20.794
620.96	20.769
621.16	20.532
621.36	20.385
621.56	20.598
621.76	20.726
621.96	20.522
622.16	20.470
622.36	20.362
622.56	20.321
622.76	20.432
622.96	20.331
623.16	20.400
623.36	20.559
623.56	20.276
623.76	20.268
623.96	20.511
624.16	20.420
624.36	20.473
624.56	20.189
624.76	20.470
624.96	20.241
625.16	20.146
625.36	19.958
625.56	20.456
625.76	20.590
625.96	20.210
626.16	20.078
626.36	20.083
626.56	20.375
626.76	20.324
626.96	20.125
627.16	20.252
627.36	20.295
627.56	20.000
627.76	20.119
627.96	20.134
628.16	20.358
628.36	19.850
628.56	19.814
628.75	20.019
628.95	20.085
629.15	20.298
629.35	20.391
629.55	19.970
629.75	20.372
629.95	20.071
630.15	19.994
630.35	20.016
630.55	20.003
630.75	19.982
630.95	20.309
631.15	20.062
631.35	20.106
631.55	19.831
631.75	19.918
631.95	19.923
632.15	20.189
632.34	19.824
632.54	19.863
632.74	20.201
632.94	20.162
633.14	19.961
633.34	20.103
633.54	20.093
633.74	20.197
633.94	20.058
634.14	19.801
634.34	20.071
634.54	19.912
634.74	19.887
634.93	20.002
635.13	20.046
635.33	19.990
635.53	19.995
635.73	19.881
635.93	20.009
636.13	20.024
636.33	19.901
636.53	19.790
636.73	19.774
636.93	19.834
637.12	19.721
637.32	19.576
637.52	19.863
637.72	19.755
637.92	19.592
638.12	19.484
638.32	19.787
638.52	19.544
638.72	19.441
638.91	19.433
639.11	19.769
639.31	19.556
639.51	19.556
639.71	19.319
639.91	19.642
640.11	19.543
640.31	19.537
640.50	19.499
640.70	19.313
640.90	19.454
641.10	19.391
641.30	19.218
641.50	19.565
641.70	19.476
641.89	19.395
642.09	19.098
642.29	19.332
642.49	19.218
642.69	19.130
642.89	19.094
643.09	19.153
643.28	19.167
643.48	19.251
643.68	18.971
643.88	19.209
644.08	18.542
644.28	18.976
644.48	18.754
644.67	18.919
644.87	18.848
645.07	18.758
645.27	18.795
645.47	18.565
645.67	18.714
645.86	18.822
646.06	18.660
646.26	18.710
646.46	18.780
646.66	18.638
646.85	18.583
647.05	18.769
647.25	18.497
647.45	18.223
647.65	18.407
647.85	18.537
648.04	18.580
648.24	18.499
648.44	18.267
648.64	18.531
648.84	18.232
649.03	18.334
649.23	18.306
649.43	18.208
649.63	18.369
649.83	18.348
650.02	18.272
650.22	18.125
650.42	18.336
650.62	17.768
650.82	18.048
651.01	18.174
651.21	17.959
651.41	18.165
651.61	18.116
651.81	18.249
652.00	17.924
652.20	18.247
652.40	18.102
652.60	17.790
652.79	18.143
652.99	18.098
653.19	18.035
653.39	18.061
653.59	18.164
653.78	17.959
653.98	17.846
654.18	17.967
654.38	17.961
654.57	17.918
654.77	17.823
654.97	17.987
655.17	17.965
655.36	17.897
655.56	17.901
655.76	17.833
655.96	17.956
656.15	17.865
656.35	17.759
656.55	17.714
656.75	17.839
656.94	17.781
657.14	17.788
657.34	17.923
657.54	17.911
657.73	17.838
657.93	17.668
658.13	17.938
658.33	17.780
658.52	17.770
658.72	16.496
658.92	17.621
659.11	17.780
659.31	17.650
659.51	17.655
659.71	17.650
659.90	17.881
660.10	17.730
660.30	17.790
660.50	17.905
660.69	17.707
660.89	17.569
661.09	17.591
661.28	17.578
661.48	17.760
661.68	17.651
661.87	17.549
662.07	17.556
662.27	17.526
662.47	17.502
662.66	17.544
662.86	17.318
663.06	17.736
663.25	17.314
663.45	17.419
663.65	17.592
663.84	17.540
664.04	17.570
664.24	17.513
664.44	17.335
664.63	17.557
664.83	17.478
665.03	17.301
665.22	17.452
665.42	17.253
665.62	17.389
665.81	17.394
666.01	17.624
666.21	17.452
666.40	17.441
666.60	17.416
666.80	17.406
666.99	17.601
667.19	17.361
667.39	17.221
667.58	17.436
667.78	17.352
667.98	17.189
668.17	17.484
668.37	17.499
668.57	17.467
668.76	17.242
668.96	17.330
669.16	17.449
669.35	17.161
669.55	17.452
669.74	17.411
669.94	17.500
670.14	17.340
670.33	17.563
670.53	17.445
670.73	17.381
670.92	17.407
671.12	17.315
671.32	17.250
671.51	17.438
671.71	17.381
671.90	17.341
672.10	17.386
672.30	17.627
672.49	17.363
672.69	17.121
672.89	17.243
673.08	17.248
673.28	17.380
673.47	17.202
673.67	17.288
673.87	17.312
674.06	17.400
674.26	17.318
674.45	17.382
674.65	17.331
674.85	17.473
675.04	17.290
675.24	17.199
675.43	17.634
675.63	17.544
675.83	17.302
676.02	17.487
676.22	17.382
676.41	17.439
676.61	17.300
676.81	17.299
677.00	17.605
677.20	17.400
677.39	17.572
677.59	17.321
677.79	17.556
677.98	17.527
678.18	17.523
678.37	17.419
678.57	17.559
678.76	17.207
678.96	17.440
679.16	17.636
679.35	17.484
679.55	17.576
679.74	17.444
679.94	17.389
680.13	17.582
680.33	17.593
680.53	17.366
680.72	17.563
680.92	17.580
681.11	17.688
681.31	17.442
681.50	17.462
681.70	17.635
681.89	17.621
682.09	17.582
682.28	17.690
682.48	17.626
682.68	17.495
682.87	17.457
683.07	17.448
683.26	17.555
683.46	17.620
683.65	17.503
683.85	17.710
684.04	17.896
684.24	17.783
684.43	17.655
684.63	17.621
684.82	17.713
685.02	17.650
685.21	17.634
685.41	17.689
685.60	17.855
685.80	17.624
686.00	17.463
686.19	17.752
686.39	17.881
686.58	17.758
686.78	18.022
686.97	17.663
687.17	17.673
687.36	17.942
687.56	17.777
687.75	17.642
687.95	17.792
688.14	17.900
688.34	17.963
688.53	17.846
688.73	18.122
688.92	18.216
689.12	17.971
689.31	17.856
689.51	17.962
689.70	18.272
689.89	18.190
690.09	18.128
690.28	18.150
690.48	18.275
690.67	18.212
690.87	18.345
691.06	18.461
691.26	18.545
691.45	18.399
691.65	18.310
691.84	18.696
692.04	18.885
692.23	18.532
692.43	18.795
692.62	19.055
692.82	18.978
693.01	18.906
693.20	19.269
693.40	19.268
693.59	19.374
693.79	19.206
693.98	19.736
694.18	19.903
694.37	19.858
694.57	19.922
694.76	19.972
694.95	20.160
695.15	20.239
695.34	20.469
695.54	20.493
695.73	20.606
695.93	20.935
696.12	21.126
696.32	21.258
696.51	21.611
696.70	21.584
696.90	21.899
697.09	22.006
697.29	21.976
697.48	22.365
697.67	22.737
697.87	22.945
698.06	23.161
698.26	23.447
698.45	23.349
698.65	23.695
698.84	23.937
699.03	24.034
699.23	24.257
699.42	24.483
699.62	25.047
699.81	24.913
700.00	25.302
700.20	25.470
700.39	25.883
700.59	26.075
700.78	26.625
700.97	26.524
701.17	26.689
701.36	27.187
701.56	27.255
701.75	27.746
701.94	27.853
702.14	28.181
702.33	28.251
702.52	28.557
702.72	28.864
702.91	29.382
703.11	29.249
703.30	29.432
703.49	29.958
703.69	30.270
703.88	30.420
704.07	30.434
704.27	31.006
704.46	31.126
704.66	31.382
704.85	31.795
705.04	32.249
705.24	32.205
705.43	32.452
705.62	32.580
705.82	33.132
706.01	33.387
706.20	33.537
706.40	34.144
706.59	34.241
706.78	34.506
706.98	34.709
707.17	35.289
707.36	35.059
707.56	35.432
707.75	35.685
707.94	35.829
708.14	36.474
708.33	36.731
708.52	36.635
708.72	36.941
708.91	37.089
709.10	37.363
709.30	37.462
709.49	37.648
709.68	38.274
709.88	38.436
710.07	38.506
710.26	38.795
710.46	39.319
710.65	39.203
710.84	39.578
711.04	39.775
711.23	39.795
711.42	40.446
711.61	40.483
711.81	40.766
712.00	41.080
712.19	41.112
712.39	41.270
712.58	41.621
712.77	41.752
712.97	41.925
713.16	42.008
713.35	42.545
713.54	42.621
713.74	43.112
713.93	42.675
714.12	43.433
714.32	43.894
714.51	43.961
714.70	43.955
714.89	44.516
715.09	44.362
715.28	45.055
715.47	44.728
715.66	45.032
715.86	45.479
716.05	45.660
716.24	45.619
716.44	46.037
716.63	46.462
716.82	46.593
717.01	46.489
717.21	47.127
717.40	47.003
717.59	47.052
717.78	47.396
717.98	47.703
718.17	47.604
718.36	48.189
718.55	48.120
718.75	48.672
718.94	48.926
719.13	49.051
719.32	48.909
719.52	49.591
719.71	49.527
719.90	49.706
720.09	50.012
720.28	50.057
720.48	50.274
720.67	50.811
720.86	50.672
721.05	50.762
721.25	51.225
721.44	51.327
721.63	51.403
721.82	51.866
722.01	52.103
722.21	52.434
722.40	52.257
722.59	52.032
722.78	52.970
722.98	52.859
723.17	53.054
723.36	53.276
723.55	53.388
723.74	53.588
723.94	53.725
724.13	53.752
724.32	54.480
724.51	54.394
724.70	54.590
724.89	54.357
725.09	55.005
725.28	55.257
725.47	55.964
725.66	55.183
725.85	55.419
726.05	55.814
726.24	55.645
726.43	56.267
726.62	56.459
726.81	56.439
727.00	56.738
727.20	57.053
727.39	57.028
727.58	57.382
727.77	57.293
727.96	57.235
728.15	57.680
728.35	57.802
728.54	58.101
728.73	57.790
728.92	58.551
729.11	58.579
729.30	58.783
729.50	58.759
729.69	59.219
729.88	59.220
730.07	59.127
730.26	59.172
730.45	59.957
730.64	59.884
730.84	59.983
731.03	59.293
731.22	60.217
731.41	60.238
731.60	60.372
731.79	60.509
731.98	60.720
732.18	60.821
732.37	61.167
732.56	60.981
732.75	61.349
732.94	61.723
733.13	61.405
733.32	61.785
733.51	61.632
733.71	61.588
733.90	61.811
734.09	62.044
734.28	62.306
734.47	61.928
734.66	61.867
734.85	62.472
735.04	62.586
735.23	62.552
735.42	62.765
735.62	63.089
735.81	62.882
736.00	63.557
736.19	63.001
736.38	63.406
736.57	63.419
736.76	63.755
736.95	63.973
737.14	63.681
737.33	63.916
737.52	63.614
737.72	63.777
737.91	64.052
738.10	64.175
738.29	64.577
738.48	64.583
738.67	63.999
738.86	64.974
739.05	64.712
739.24	64.626
739.43	64.575
739.62	64.729
739.81	65.008
740.00	64.945
740.19	65.477
740.39	65.298
740.58	65.599
740.77	65.381
740.96	65.700
741.15	65.794
741.34	65.684
741.53	65.744
741.72	65.976
741.91	65.946
742.10	65.987
742.29	66.145
742.48	66.457
742.67	66.538
742.86	66.194
743.05	66.112
743.24	66.448
743.43	65.972
743.62	66.400
743.81	66.672
744.00	66.493
744.19	66.698
744.38	66.923
744.57	67.062
744.76	66.725
744.95	66.758
745.14	66.601
745.33	66.538
745.52	66.851
745.71	67.223
745.90	67.413
746.09	67.161
746.28	67.075
746.47	67.688
746.66	67.240
746.85	67.462
747.04	66.918
747.23	67.773
747.42	67.728
747.61	67.266
747.80	67.547
747.99	67.555
748.18	67.531
748.37	67.680
748.56	67.621
748.75	67.771
748.94	68.215
749.13	67.200
749.32	68.179
749.51	68.014
749.70	68.428
749.89	68.032
750.08	67.809
750.27	68.303
750.46	68.301
750.65	67.864
750.84	68.326
751.03	68.301
751.22	68.293
751.41	68.263
751.60	68.315
751.79	68.291
751.98	67.823
752.17	68.157
752.36	68.345
752.55	68.571
752.74	68.890
752.93	68.414
753.12	68.832
753.30	68.743
753.49	68.726
753.68	69.198
753.87	68.580
754.06	68.556
754.25	68.867
754.44	68.861
754.63	68.385
754.82	68.798
755.01	68.681
755.20	68.867
755.39	68.390
755.58	68.960
755.77	68.850
755.96	69.093
756.14	69.216
756.33	69.216
756.52	69.096
756.71	68.799
756.90	68.620
757.09	68.934
757.28	69.092
757.47	68.820
757.66	68.882
757.85	69.058
758.04	68.715
758.22	68.972
758.41	68.763
758.60	69.699
758.79	69.194
758.98	68.756
759.17	69.655
759.36	69.806
759.55	68.889
759.74	68.672
759.92	69.546
760.11	69.253
760.30	69.484
760.49	69.187
760.68	68.903
760.87	69.096
761.06	69.623
761.25	69.584
761.43	68.491
761.62	69.293
761.81	69.780
762.00	69.450
762.19	68.994
762.38	69.138
762.57	69.601
762.76	69.039
762.94	69.214
763.13	69.354
763.32	69.288
763.51	69.428
763.70	69.273
763.89	69.202
764.07	69.289
764.26	68.841
764.45	69.023
764.64	68.969
764.83	69.083
765.02	69.356
765.21	69.640
765.39	69.146
765.58	69.465
765.77	69.186
765.96	69.363
766.15	68.858
766.34	69.586
766.52	69.314
766.71	69.520
766.90	69.638
767.09	69.438
767.28	69.464
767.46	69.251
767.65	69.371
767.84	69.631
768.03	69.507
768.22	68.900
768.40	69.442
768.59	69.217
768.78	69.350
768.97	69.470
769.16	69.332
769.34	69.571
769.53	69.429
769.72	69.382
769.91	68.976
770.10	69.837
770.28	69.055
770.47	69.106
770.66	69.175
770.85	69.978
771.04	69.203
771.22	69.413
771.41	69.593
771.60	69.269
771.79	69.412
771.98	69.199
772.16	69.126
772.35	69.439
772.54	69.155
772.73	68.881
772.91	69.273
773.10	69.276
773.29	69.833
773.48	68.933
773.66	69.683
773.85	69.390
774.04	69.277
774.23	69.487
774.41	69.616
774.60	69.572
774.79	69.528
774.98	69.464
775.16	70.020
775.35	69.677
775.54	69.353
775.73	69.294
775.91	69.621
776.10	69.124
776.29	69.401
776.48	68.758
776.66	69.180
776.85	69.221
777.04	69.552
777.23	69.337
777.41	69.329
777.60	69.557
777.79	68.736
777.97	69.424
778.16	69.495
778.35	69.306
778.54	69.653
778.72	69.310
778.91	69.097
779.10	69.399
779.28	69.274
779.47	69.469
779.66	69.703
779.85	69.219
780.03	69.381
780.22	68.925
780.41	69.265
780.59	69.736
780.78	68.586
780.97	69.217
781.15	69.317
781.34	69.248
781.53	68.697
781.71	69.382
781.90	69.644
782.09	69.591
782.27	69.349
782.46	69.149
782.65	69.451
782.84	69.492
783.02	69.406
783.21	69.381
783.40	69.424
783.58	69.452
783.77	69.242
783.96	69.325
784.14	69.139
784.33	69.265
784.52	69.097
784.70	69.128
784.89	68.980
785.07	69.255
785.26	69.812
785.45	69.406
785.63	69.241
785.82	69.749
786.01	68.868
786.19	68.546
786.38	69.345
786.57	69.147
786.75	69.669
786.94	69.158
787.13	69.045
787.31	68.857
787.50	68.825
787.68	69.372
787.87	69.135
788.06	69.514
788.24	69.342
788.43	68.700
788.62	68.936
788.80	69.421
788.99	68.937
789.17	69.091
789.36	69.116
789.55	69.385
789.73	69.273
789.92	69.985
790.10	69.346
790.29	69.121
790.48	68.857
790.66	69.400
790.85	69.672
791.03	69.469
791.22	69.056
791.41	69.893
791.59	69.285
791.78	69.900
791.96	69.568
792.15	68.859
792.34	69.339
792.52	69.355
792.71	69.167
792.89	69.030
793.08	69.230
793.27	69.494
793.45	69.501
793.64	69.361
793.82	69.182
794.01	69.335
794.19	69.487
794.38	69.344
794.57	69.255
794.75	69.028
794.94	68.994
795.12	69.304
795.31	68.865
795.49	69.889
795.68	69.241
795.86	69.396
796.05	68.935
796.24	69.401
796.42	69.066
796.61	68.499
796.79	69.409
796.98	69.196
797.16	69.268
797.35	68.751
797.53	69.344
797.72	69.022
797.90	69.021
798.09	69.167
798.27	69.149
798.46	69.235
798.65	69.200
798.83	69.189
799.02	69.408
799.20	69.252
799.39	69.332
799.57	69.029
799.76	69.316
799.94	68.916
800.13	69.174
800.31	69.122
800.50	69.215
800.68	69.373
800.87	68.934
801.05	69.122
801.24	69.054
801.42	68.735
801.61	68.991
801.79	69.645
801.98	69.219
802.16	69.017
802.35	69.653
802.53	69.054
802.72	69.217
802.90	69.333
803.09	68.962
803.27	68.980
803.46	69.033
803.64	69.338
803.83	68.917
804.01	69.010
804.20	68.958
804.38	69.242
804.56	68.978
804.75	68.969
804.93	69.044
805.12	69.608
805.30	68.867
805.49	69.225
805.67	69.404
805.86	69.057
806.04	69.109
806.23	69.059
806.41	69.325
806.59	68.952
806.78	69.113
806.96	68.961
807.15	68.800
807.33	69.262
807.52	68.670
807.70	69.019
807.89	68.831
808.07	68.979
808.25	68.794
808.44	69.174
808.62	69.035
808.81	69.031
808.99	68.720
809.18	69.172
809.36	69.305
809.54	68.822
809.73	69.076
809.91	68.651
810.10	68.429
810.28	69.194
810.47	69.248
810.65	68.510
810.83	68.998
811.02	68.996
811.20	68.321
811.39	68.846
811.57	69.265
811.75	69.438
811.94	69.119
812.12	68.814
812.31	68.882
812.49	68.979
812.67	68.649
812.86	69.220
813.04	68.742
813.23	68.975
813.41	68.886
813.59	68.444
813.78	69.385
813.96	69.396
814.14	68.529
814.33	69.070
814.51	68.633
814.70	69.741
814.88	68.436
815.06	68.791
815.25	68.630
815.43	68.660
815.61	68.981
815.80	69.065
815.98	69.170
816.16	68.746
816.35	69.143
816.53	68.685
816.72	68.959
816.90	68.775
817.08	68.512
817.27	68.708
817.45	69.129
817.63	69.626
817.82	69.079
818.00	69.032
818.18	69.138
818.37	69.022
818.55	68.617
818.73	69.045
818.92	68.909
819.10	69.111
819.28	68.176
819.47	68.761
819.65	68.791
819.83	68.947
820.02	68.958
820.20	68.561
820.38	68.755
820.57	68.663
820.75	69.047
820.93	68.532
821.11	68.987
821.30	68.993
821.48	69.194
821.66	69.164
821.85	68.930
822.03	68.885
822.21	68.706
822.40	68.905
822.58	68.873
822.76	68.754
822.94	69.388
823.13	69.482
823.31	69.292
823.49	68.718
823.68	69.133
823.86	68.702
824.04	69.315
824.22	69.202
824.41	69.084
824.59	68.404
824.77	68.738
824.96	69.132
825.14	68.659
825.32	68.497
825.50	68.859
825.69	69.047
825.87	69.019
826.05	69.071
826.23	68.759
826.42	68.566
826.60	68.971
826.78	69.459
826.96	68.925
827.15	68.774
827.33	68.695
827.51	68.965
827.69	69.315
827.88	69.450
828.06	68.620
828.24	68.986
828.42	69.071
828.61	69.799
828.79	68.998
828.97	68.834
829.15	68.843
829.34	68.340
829.52	68.934
829.70	69.104
829.88	69.282
830.06	69.330
830.25	69.184
830.43	69.016
830.61	68.454
830.79	69.169
830.97	68.933
831.16	69.243
831.34	68.990
831.52	68.767
831.70	68.893
831.89	68.714
832.07	68.481
832.25	69.352
832.43	68.645
832.61	68.852
832.80	68.895
832.98	68.581
833.16	68.492
833.34	68.655
833.52	68.389
833.70	69.165
833.89	68.499
834.07	68.709
834.25	68.613
834.43	69.228
834.61	68.925
834.80	68.570
834.98	68.458
835.16	68.897
835.34	69.078
835.52	68.308
835.70	68.454
835.89	68.800
836.07	68.266
836.25	68.322
836.43	69.119
836.61	69.039
836.79	68.887
836.97	68.790
837.16	69.180
837.34	68.749
837.52	68.575
837.70	68.819
837.88	69.340
838.06	68.627
838.24	69.198
838.43	68.986
838.61	68.753
838.79	69.027
838.97	68.487
839.15	68.704
839.33	68.655
839.51	68.782
839.70	68.817
839.88	68.998
840.06	68.616
840.24	69.391
840.42	69.061
840.60	68.624
840.78	69.147
840.96	68.513
841.14	68.861
841.33	69.189
841.51	68.968
841.69	69.634
841.87	68.626
842.05	68.827
842.23	69.155
842.41	68.305
842.59	68.999
842.77	68.613
842.95	69.214
843.14	68.350
843.32	68.061
843.50	68.576
843.68	68.929
843.86	68.568
844.04	68.424
844.22	68.559
844.40	68.651
844.58	69.204
844.76	68.643
844.94	68.839
845.12	68.481
845.30	69.100
845.49	68.574
845.67	68.423
845.85	69.041
846.03	68.424
846.21	68.668
846.39	68.990
846.57	68.593
846.75	68.327
846.93	68.164
847.11	68.631
847.29	68.510
847.47	68.647
847.65	68.382
847.83	69.155
848.01	69.180
848.19	68.804
848.37	68.857
848.55	68.952
848.73	68.810
848.91	67.967
849.09	68.703
849.27	68.737
849.46	68.749
849.64	68.363
849.82	68.781
850.00	68.524
850.18	68.148
850.36	69.196
850.54	68.975
850.72	68.578
850.90	69.058
851.08	68.877
851.26	68.347
851.44	68.542
851.62	68.785
851.80	68.675
851.98	69.246
852.16	68.541
852.34	68.810
852.52	68.598
852.70	68.746
852.88	68.159
853.06	68.980
853.24	68.666
853.42	68.513
853.60	68.664
853.78	68.945
853.96	69.016
854.14	68.276
854.31	68.655
854.49	69.166
854.67	68.924
854.85	69.013
855.03	68.192
855.21	68.810
855.39	68.248
855.57	68.295
855.75	68.451
855.93	69.033
856.11	69.574
856.29	68.696
856.47	68.212
856.65	68.949
856.83	68.923
857.01	68.754
857.19	69.231
857.37	68.500
857.55	68.602
857.73	68.654
857.91	69.128
858.09	69.261
858.26	68.782
858.44	69.192
858.62	68.388
858.80	68.869
858.98	68.251
859.16	68.667
859.34	68.626
859.52	69.450
859.70	68.555
859.88	68.433
860.06	68.754
860.24	69.255
860.42	69.314
860.59	69.113
860.77	68.700
860.95	68.938
861.13	68.735
861.31	68.949
861.49	68.334
861.67	68.847
861.85	68.461
862.03	69.343
862.21	69.172
862.38	69.561
862.56	68.597
862.74	68.328
862.92	68.508
863.10	69.633
863.28	68.752
863.46	68.496
863.64	68.491
863.82	68.651
863.99	68.843
864.17	69.131
864.35	69.077
864.53	69.120
864.71	68.747
864.89	68.475
865.07	68.845
865.24	68.667
865.42	69.159
865.60	68.703
865.78	69.015
865.96	68.787
866.14	68.985
866.32	68.772
866.49	68.432
866.67	69.308
866.85	68.966
867.03	69.038
867.21	68.813
867.39	68.723
867.56	68.888
867.74	69.451
867.92	69.346
868.10	69.128
868.28	69.404
868.46	68.406
868.63	68.551
868.81	68.606
868.99	69.417
869.17	69.401
869.35	68.409
869.53	68.823
869.70	69.088
869.88	68.587
870.06	68.235
870.24	68.569
870.42	69.099
870.59	69.040
870.77	69.157
870.95	69.204
871.13	69.408
871.31	69.020
871.48	69.051
871.66	68.911
871.84	69.573
872.02	69.023
872.20	68.516
872.37	68.861
872.55	68.893
872.73	67.744
872.91	68.435
873.08	68.811
873.26	68.948
873.44	68.818
873.62	68.128
873.80	68.852
873.97	68.948
874.15	69.213
874.33	69.026
874.51	68.130
874.68	68.875
874.86	68.464
875.04	68.867
875.22	69.177
875.39	69.746
875.57	68.534
875.75	68.380
875.93	68.763
876.10	69.387
876.28	68.901
876.46	69.151
876.64	68.620
876.81	68.856
876.99	68.402
877.17	69.219
877.35	69.017
877.52	68.691
877.70	69.005
877.88	68.602
878.06	68.897
878.23	68.412
878.41	68.356
878.59	69.184
878.76	68.965
878.94	68.450
879.12	68.577
879.30	68.928
879.47	68.911
879.65	69.234
879.83	68.849
880.00	69.430
880.18	69.386
880.36	68.809
880.53	68.907
880.71	69.097
880.89	69.302
881.07	69.307
881.24	69.099
881.42	69.048
881.60	69.604
881.77	68.904
881.95	68.884
882.13	68.518
882.30	68.367
882.48	69.154
882.66	68.832
882.83	68.998
883.01	68.909
883.19	69.821
883.36	68.321
883.54	68.999
883.72	68.810
883.89	69.126
884.07	69.165
884.25	69.514
884.42	69.488
884.60	68.930
884.78	69.417
884.95	68.440
885.13	69.128
885.31	69.289
885.48	69.398
885.66	69.326
885.84	69.201
886.01	69.289
886.19	68.560
886.36	69.423
886.54	68.796
886.72	69.155
886.89	68.754
887.07	68.349
887.25	69.866
887.42	69.040
887.60	68.408
887.78	69.004
887.95	69.823
888.13	69.223
888.30	68.808
888.48	69.143
888.66	68.879
888.83	69.429
889.01	69.648
889.18	68.546
889.36	69.108
889.54	69.110
889.71	68.075
889.89	69.408
890.06	68.531
890.24	68.881
890.42	68.829
890.59	68.975
890.77	68.954
890.94	68.920
891.12	68.391
891.30	69.186
891.47	68.830
891.65	69.210
891.82	68.558
892.00	68.158
892.17	69.051
892.35	68.131
892.53	68.081
892.70	68.909
892.88	69.024
893.05	68.644
893.23	68.669
893.40	68.919
893.58	68.525
893.75	69.128
893.93	68.705
894.11	68.582
894.28	68.725
894.46	68.495
894.63	68.329
894.81	69.576
894.98	69.248
895.16	69.097
895.33	68.934
895.51	67.925
895.68	68.852
895.86	68.330
896.04	68.777
896.21	68.430
896.39	69.000
896.56	68.413
896.74	68.843
896.91	69.486
897.09	68.961
897.26	69.240
897.44	68.435
897.61	68.720
897.79	68.696
897.96	69.078
898.14	68.229
898.31	69.411
898.49	68.222
898.66	69.838
898.84	68.932
899.01	68.643
899.19	68.382
899.36	69.548
899.54	68.328
899.71	69.150
899.89	69.181
900.06	69.767
900.24	68.781
900.41	68.536
900.59	68.963
900.76	69.201
900.94	68.619
901.11	68.910
901.29	69.343
901.46	68.687
901.63	69.504
901.81	68.289
901.98	69.119
902.16	68.451
902.33	69.218
902.51	69.196
902.68	69.031
902.86	68.716
903.03	68.787
903.21	69.385
903.38	69.214
903.56	68.525
903.73	68.438
903.90	69.178
904.08	68.156
904.25	68.095
904.43	68.838
904.60	68.832
904.78	68.696
904.95	68.747
905.12	68.326
905.30	68.357
905.47	68.419
905.65	68.520
905.82	68.489
906.00	68.412
906.17	68.720
906.34	68.710
906.52	68.077
906.69	68.019
906.87	69.240
907.04	69.036
907.21	68.628
907.39	68.874
907.56	68.721
907.74	69.222
907.91	68.467
908.08	68.978
908.26	69.009
908.43	69.461
908.61	67.952
908.78	69.090
908.95	68.769
909.13	68.538
909.30	67.127
909.48	68.986
909.65	68.997
909.82	69.382
910.00	68.057
910.17	68.359
910.34	68.879
910.52	68.119
910.69	68.390
910.87	68.150
911.04	68.368
911.21	68.892
911.39	69.190
911.56	68.449
911.73	69.039
911.91	69.602
912.08	68.071
912.25	68.207
912.43	69.188
912.60	69.071
912.77	68.477
912.95	68.900
913.12	68.653
913.29	69.148
913.47	68.755
913.64	69.022
913.81	69.325
913.99	69.064
914.16	67.875
914.33	68.380
914.51	68.532
914.68	68.757
914.85	68.904
915.03	68.876
915.20	68.969
915.37	69.415
915.55	68.745
915.72	68.205
915.89	69.338
916.07	69.458
916.24	67.913
916.41	68.474
916.59	68.752
916.76	68.773
916.93	68.695
917.10	68.904
917.28	69.636
917.45	69.610
917.62	68.644
917.80	68.578
917.97	69.486
918.14	69.044
918.31	68.860
918.49	68.945
918.66	68.852
918.83	69.787
919.01	68.214
919.18	68.462
919.35	68.513
919.52	69.117
919.70	69.121
919.87	68.453
920.04	68.308
920.21	67.854
920.39	68.858
920.56	69.563
920.73	68.872
920.90	69.254
921.08	69.437
921.25	68.487
921.42	68.758
921.59	69.567
921.77	69.239
921.94	68.824
922.11	68.890
922.28	69.188
922.46	68.710
922.63	68.709
922.80	68.730
922.97	69.363
923.15	69.012
923.32	68.637
923.49	69.394
923.66	69.726
923.83	68.816
924.01	69.011
924.18	68.714
924.35	69.928
924.52	68.282
924.69	68.328
924.87	68.720
925.04	69.920
925.21	69.229
925.38	69.901
925.55	69.062
925.73	68.801
925.90	69.223
926.07	69.213
926.24	69.625
926.41	68.685
926.59	68.549
926.76	68.677
926.93	69.477
927.10	69.307
927.27	69.163
927.45	69.144
927.62	69.239
927.79	68.833
927.96	69.210
928.13	69.331
928.30	69.196
928.48	69.257
928.65	69.510
928.82	68.818
928.99	69.944
929.16	68.463
929.33	69.057
929.50	68.428
929.68	68.993
929.85	69.667
930.02	69.798
930.19	68.981
930.36	70.067
930.53	69.079
930.70	69.219
930.88	67.744
931.05	68.198
931.22	70.005
931.39	69.681
931.56	68.891
931.73	68.115
931.90	68.799
932.08	68.148
932.25	68.453
932.42	68.579
932.59	68.731
932.76	68.775
932.93	70.126
933.10	69.432
933.27	70.069
933.44	68.653
933.62	68.069
933.79	68.819
933.96	68.060
934.13	69.655
934.30	68.924
934.47	69.735
934.64	69.232
934.81	69.836
934.98	68.147
935.15	70.072
935.32	68.294
935.50	69.234
935.67	67.917
935.84	68.893
936.01	70.160
936.18	68.969
936.35	70.525
936.52	70.347
936.69	70.236
936.86	69.939
937.03	69.181
937.20	72.058
937.37	69.601
937.54	70.896
937.71	70.224
937.89	71.892
938.06	71.097
938.23	69.554
938.40	70.158
938.57	70.939
938.74	70.514
938.91	71.299
939.08	72.822
939.25	70.445
939.42	74.340
939.59	69.136
939.76	69.214
939.93	69.931
940.10	71.617
940.27	69.579
940.44	69.966
940.61	72.188
940.78	73.776
940.95	71.930
941.12	68.475
941.29	72.912
941.46	71.071
941.63	71.472
941.80	70.115
941.97	72.338
942.14	71.979
942.31	68.653
942.48	69.894
942.65	71.401
942.82	70.370
942.99	74.690
943.16	70.178
943.33	73.307
943.50	72.901
943.67	69.672
943.84	68.715
944.01	73.489
944.18	72.727
944.35	72.288
944.52	71.884
944.69	70.180
944.86	73.753
945.03	67.828
945.20	70.726
945.37	75.602
945.54	73.157
945.71	68.669
945.88	68.827
946.05	72.237
946.22	72.048
946.39	71.146
946.56	69.836
946.73	71.564
946.90	74.092
947.07	69.561
947.23	70.906
947.40	73.273
947.57	69.786
947.74	69.528
947.91	70.002
948.08	70.436
948.25	73.881
948.42	71.295
948.59	72.323
948.76	73.015
948.93	74.558
949.10	70.167
949.27	71.167
949.44	71.889
949.60	71.077
949.77	71.663
949.94	71.691
950.11	69.969
950.28	70.455
950.45	69.669
950.62	70.908
950.79	69.910
950.96	69.760
951.13	70.932
951.30	70.423
951.46	70.291
951.63	70.050
951.80	68.517
951.97	70.975
952.14	72.243
952.31	72.201
952.48	67.639
952.65	69.443
952.81	71.521
952.98	70.374
953.15	71.105
953.32	70.800
953.49	71.267
953.66	71.139
953.83	69.250
954.00	69.524
954.16	68.483
954.33	71.276
954.50	70.456
954.67	67.984
954.84	69.785
955.01	69.406
955.18	69.089
955.34	69.877
955.51	69.780
955.68	68.850
955.85	71.070
956.02	69.463
956.19	71.678
956.35	70.458
956.52	70.204
956.69	68.544
956.86	72.231
957.03	69.194
957.20	69.941
957.36	68.408
957.53	69.590
957.70	68.956
957.87	69.783
958.04	70.021
958.21	70.369
958.37	69.750
958.54	70.504
958.71	68.688
958.88	69.812
959.05	69.554
959.21	70.542
959.38	68.880
959.55	67.896
959.72	70.942
959.89	70.134
960.05	69.003
960.22	71.071
960.39	70.764
960.56	69.010
960.72	69.008
960.89	70.933
961.06	69.957
961.23	69.753
961.40	69.236
961.56	69.972
961.73	70.727
961.90	68.226
962.07	68.683
962.23	69.363
962.40	70.476
962.57	70.965
962.74	68.127
962.90	69.894
963.07	70.765
963.24	69.598
963.41	69.270
963.57	70.452
963.74	69.738
963.91	69.369
964.08	68.469
964.24	70.266
964.41	70.774
964.58	68.547
964.75	70.177
964.91	70.360
965.08	70.507
965.25	69.727
965.42	71.195
965.58	72.339
965.75	70.582
965.92	71.867
966.08	69.250
966.25	70.301
966.42	68.909
966.59	69.499
966.75	69.674
966.92	69.094
967.09	71.251
967.25	70.503
967.42	70.772
967.59	68.538
967.75	69.758
967.92	69.181
968.09	71.698
968.26	69.467
968.42	70.694
968.59	69.041
968.76	70.589
968.92	70.009
969.09	69.446
969.26	68.640
969.42	68.164
969.59	70.263
969.76	68.971
969.92	69.525
970.09	68.421
970.26	69.430
970.42	69.729
970.59	67.157
970.76	68.663
970.92	70.122
971.09	70.313
971.26	67.342
971.42	67.720
971.59	71.390
971.76	69.839
971.92	70.916
972.09	68.660
972.25	69.737
972.42	70.984
972.59	70.300
972.75	71.460
972.92	69.590
973.09	70.018
973.25	69.843
973.42	70.179
973.58	69.583
973.75	71.014
973.92	69.626
974.08	68.794
974.25	71.157
974.42	70.133
974.58	69.332
974.75	68.518
974.91	68.102
975.08	70.848
975.25	69.496
975.41	69.156
975.58	69.254
975.74	70.319
975.91	70.185
976.08	70.702
976.24	71.113
976.41	70.577
976.57	68.947
976.74	69.232
976.91	72.227
977.07	71.494
977.24	69.005
977.40	72.736
977.57	71.484
977.73	70.728
977.90	73.284
978.07	69.412
978.23	70.189
978.40	68.723
978.56	68.979
978.73	70.558
978.89	70.498
979.06	68.678
979.22	72.010
979.39	68.088
979.56	69.779
979.72	71.434
979.89	70.277
980.05	68.730
980.22	71.845
980.38	70.378
980.55	69.964
980.71	70.265
980.88	70.487
981.04	69.096
981.21	70.505
981.37	68.917
981.54	71.626
981.70	71.832
981.87	70.114
982.04	71.481
982.20	68.882
982.37	70.182
982.53	68.914
982.70	70.034
982.86	71.248
983.03	71.505
983.19	71.988
983.36	69.197
983.52	69.939
983.69	72.741
983.85	67.549
984.02	72.319
984.18	69.022
984.35	68.202
984.51	69.610
984.68	69.006
984.84	71.157
985.00	70.606
985.17	69.011
985.33	70.277
985.50	70.739
985.66	69.934
985.83	72.019
985.99	69.313
986.16	70.503
986.32	71.393
986.49	69.376
986.65	70.127
986.82	69.729
986.98	72.711
987.15	68.721
987.31	68.797
987.47	71.549
987.64	71.946
987.80	70.781
987.97	70.711
988.13	71.382
988.30	70.572
988.46	70.120
988.63	70.962
988.79	71.684
988.95	70.493
989.12	70.179
989.28	71.832
989.45	74.952
989.61	72.002
989.77	71.091
989.94	72.026
990.10	69.775
990.27	70.262
990.43	70.028
990.60	71.631
990.76	73.408
990.92	73.198
991.09	69.485
991.25	70.635
991.42	73.408
991.58	71.644
991.74	72.004
991.91	72.045
992.07	72.915
992.24	72.156
992.40	70.087
992.56	71.722
992.73	71.544
992.89	69.320
993.05	71.457
993.22	70.873
993.38	74.661
993.55	71.354
993.71	67.793
993.87	69.465
994.04	70.658
994.20	73.046
994.36	70.627
994.53	71.039
994.69	73.060
994.85	73.583
995.02	73.621
995.18	70.282
995.34	72.005
995.51	70.726
995.67	71.270
995.84	69.736
996.00	71.934
996.16	74.635
996.33	71.085
996.49	70.321
996.65	72.835
996.82	74.073
996.98	69.710
997.14	75.701
997.31	72.371
997.47	71.724
997.63	71.531
997.79	72.345
997.96	70.228
998.12	74.015
998.28	70.813
998.45	71.785
998.61	75.147
998.77	71.073
998.94	70.242
999.10	71.134
999.26	71.116
999.43	74.063
999.59	72.691
999.75	75.629
999.91	72.573
1000.08	72.739
1000.24	72.080
1000.40	72.703
1000.57	74.685
1000.73	71.738
1000.89	72.835
1001.05	74.418
1001.22	70.818
1001.38	71.685
1001.54	72.096
1001.70	73.159
1001.87	70.894
1002.03	71.039
1002.19	72.581
1002.35	70.770
1002.52	73.441
1002.68	72.697
1002.84	72.044
1003.00	73.168
1003.17	74.841
1003.33	77.465
1003.49	74.547
1003.65	73.057
1003.82	76.122
1003.98	72.599
1004.14	69.628
1004.30	73.603
1004.47	73.774
1004.63	71.580
1004.79	73.599
1004.95	71.198
1005.11	76.055
1005.28	76.651
1005.44	74.069
1005.60	75.710
1005.76	74.708
1005.93	73.251
1006.09	70.116
1006.25	71.081
1006.41	73.075
1006.57	75.093
1006.74	70.767
1006.90	70.423
1007.06	72.850
1007.22	71.540
1007.38	72.185
1007.55	74.878
1007.71	75.181
1007.87	74.347
1008.03	76.075
1008.19	69.945
1008.35	75.373
1008.52	76.142
1008.68	72.545
1008.84	75.108
1009.00	72.216
1009.16	73.910
1009.32	77.010
1009.49	70.220
1009.65	76.576
1009.81	69.895
1009.97	68.672
1010.13	71.490
1010.29	73.065
1010.46	77.677
1010.62	74.033
1010.78	75.635
1010.94	72.524
1011.10	72.693
1011.26	76.653
1011.42	71.859
1011.59	76.026
1011.75	77.663
1011.91	72.748
1012.07	71.868
1012.23	79.561
1012.39	79.313
1012.55	72.569
1012.71	73.083
1012.88	70.238
1013.04	74.772
1013.20	69.665
1013.36	75.044
1013.52	71.739
1013.68	76.387
1013.84	71.414
1014.00	69.520
1014.16	75.791
1014.33	75.821
1014.49	77.762
1014.65	72.873
1014.81	73.560
1014.97	70.310
1015.13	75.922
1015.29	76.547
1015.45	76.097
1015.61	78.994
1015.77	77.444
1015.93	73.449
1016.09	73.670
1016.26	80.158
1016.42	74.645
1016.58	73.344
1016.74	78.054
1016.90	75.846
1017.06	78.540
1017.22	74.066
1017.38	76.613
1017.54	74.244
1017.70	79.386
1017.86	80.978
1018.02	77.571
1018.18	78.216
1018.34	72.234
1018.50	77.368
1018.66	80.306
1018.82	77.811
1018.98	76.627
1019.14	73.339
1019.31	75.506
1019.47	75.906
1019.63	76.596
1019.79	72.514
1019.95	78.282
1020.11	75.972
1020.27	75.784
1020.43	82.047
1020.59	81.476
1020.75	80.897
1020.91	75.123
1021.07	78.549
1021.23	72.432
1021.39	74.844
1021.55	78.564
1021.71	73.327
1021.87	81.768
1022.03	79.971
1022.19	75.000
1022.35	77.610
1022.51	97.086
1022.67	78.690
1022.83	76.061
1022.99	77.500
1023.15	81.462
1023.31	71.166
1023.47	85.886
1023.63	79.635
1023.79	84.189
1023.95	78.606
1024.10	85.003
1024.26	78.828
1024.42	76.755
1024.58	80.520
1024.74	78.766
1024.90	79.644
1025.06	82.623
1025.22	80.673
1025.38	73.484
1025.54	82.221
1025.70	77.170
1025.86	75.731
1026.02	73.377
1026.18	80.328
1026.34	86.188
1026.50	75.957
1026.66	79.036
1026.82	81.680
1026.98	80.256
1027.13	82.375
1027.29	75.637
1027.45	83.961
1027.61	81.142
1027.77	76.846
1027.93	81.093
1028.09	77.503
1028.25	83.813
1028.41	75.730
1028.57	79.581
1028.73	81.316
1028.88	81.317
1029.04	79.077
1029.20	78.609
1029.36	78.804
1029.52	85.635
1029.68	76.684
1029.84	72.932
1030.00	73.138
1030.16	75.974
1030.32	87.196
1030.47	80.162
1030.63	82.123
1030.79	82.825
1030.95	76.636
1031.11	78.562
1031.27	73.545
1031.43	88.638
1031.59	94.444
1031.74	69.883
1031.90	79.583
1032.06	86.547
1032.22	86.850
1032.38	74.547
1032.54	82.401
1032.69	77.310
1032.85	92.481
1033.01	81.662
1033.17	80.283
1033.33	83.991
1033.49	76.936
1033.65	81.216
1033.80	78.000
1033.96	97.903
1034.12	95.428
1034.28	79.376
1034.44	89.853
1034.60	86.420
1034.75	88.386
1034.91	79.633
1035.07	80.303
1035.23	88.225
1035.39	82.725
1035.54	78.217
1035.70	75.421
1035.86	93.280
1036.02	101.816
1036.18	92.214
1036.33	83.899
1036.49	80.654
1036.65	84.868
1036.81	79.144
1036.97	87.217
1037.12	85.689
1037.28	90.813
1037.44	82.131
1037.60	85.398
1037.76	95.395
1037.91	95.079
1038.07	84.020
1038.23	78.725
1038.39	99.464
1038.54	101.169
1038.70	81.947
1038.86	75.991
1039.02	93.130
1039.17	84.028
1039.33	93.626
1039.49	77.510
1039.65	96.509
1039.80	82.497
1039.96	93.921
1040.12	76.309
1040.28	82.534
>>>>> Data<<<<< Espectral Procesado Extremo
