Fichero De Datos De SpectraSuite
++++++++++++++++++++++++++++++++++++
Fecha: Wed Jul 15 10:42:33 CST 2026
Usuario: HP
Presente Oscuro Del Espectro: Sí
La Referencia de Presente Del Espectro De: Sí
Muestreados de los componentes de Número de espectros: 1
Espectrómetros: USB4H06056
Tiempo de integración (usec): 300000 (USB4H06056)
Promedio de Espectros Hechos un: 5 (USB4H06056)
El Alisar Del Furgón: 0 (USB4H06056)
Párrafo de de Corregir del la del del de Eléctrica del obscuridad: No (USB4H06056)
Estrobo/Lámpara Permitido: No (USB4H06056)
Correct for Detector Non-linearity: No (USB4H06056)
Párrafo de de Corregir del la del del de Externa del luz: No (USB4H06056)
Procesado del espectro de Número de pixeles en: 3648
>>>>> Comienza Data<<<<< Espectral Procesado Del EL
345.09	15.625
345.30	15.625
345.52	15.625
345.74	336.364
345.95	-43.333
346.17	-4.762
346.39	57.143
346.60	100.000
346.82	36.792
347.04	-190.909
347.25	-94.118
347.47	61.194
347.69	58.824
347.90	-51.429
348.12	387.179
348.34	1825.000
348.56	183.333
348.77	321.053
348.99	34.752
349.21	34.951
349.42	82.716
349.64	141.935
349.86	23.364
350.07	82.927
350.29	99.010
350.51	12.102
350.72	-18.868
350.94	37.209
351.16	62.857
351.37	10.795
351.59	58.599
351.81	86.047
352.02	274.468
352.24	30.275
352.46	76.471
352.67	220.833
352.89	55.446
353.10	42.268
353.32	215.094
353.54	296.970
353.75	150.575
353.97	4.348
354.19	250.000
354.40	108.333
354.62	59.574
354.84	50.658
355.05	445.455
355.27	3.191
355.49	8.075
355.70	68.750
355.92	77.041
356.14	5.128
356.35	38.308
356.57	88.442
356.78	50.340
357.00	55.238
357.22	-49.550
357.43	35.638
357.65	78.182
357.87	462.500
358.08	42.667
358.30	40.556
358.51	83.117
358.73	114.035
358.95	67.785
359.16	-29.310
359.38	68.367
359.60	68.548
359.81	32.432
360.03	32.692
360.24	153.968
360.46	122.222
360.68	56.707
360.89	48.936
361.11	25.806
361.33	46.309
361.54	194.667
361.76	81.410
361.97	56.303
362.19	-200.000
362.41	77.957
362.62	13.235
362.84	39.171
363.05	92.361
363.27	92.763
363.49	14.815
363.70	78.723
363.92	13.433
364.13	-308.824
364.35	45.536
364.57	-10.909
364.78	126.966
365.00	29.814
365.21	-37.576
365.43	69.500
365.65	0.000
365.86	13.768
366.08	-52.101
366.29	71.939
366.51	129.787
366.73	56.154
366.94	135.238
367.16	53.846
367.37	65.079
367.59	59.333
367.80	78.912
368.02	41.176
368.24	17.323
368.45	66.423
368.67	6.452
368.88	-3.297
369.10	114.504
369.31	64.423
369.53	54.950
369.75	116.406
369.96	51.079
370.18	-31.579
370.39	55.760
370.61	16.129
370.82	-36.000
371.04	65.541
371.26	32.584
371.47	19.577
371.69	-190.909
371.90	39.744
372.12	71.333
372.33	-75.862
372.55	81.053
372.76	45.294
372.98	36.406
373.20	39.695
373.41	88.281
373.63	50.000
373.84	23.881
374.06	11.765
374.27	79.339
374.49	24.324
374.70	195.000
374.92	55.849
375.13	-19.018
375.35	96.296
375.57	44.444
375.78	53.416
376.00	124.432
376.21	-6.842
376.43	69.853
376.64	36.095
376.86	33.333
377.07	83.186
377.29	41.975
377.50	81.143
377.72	4.286
377.93	62.500
378.15	43.191
378.36	74.766
378.58	32.026
378.80	36.056
379.01	79.487
379.23	19.942
379.44	12.121
379.66	108.475
379.87	19.424
380.09	33.168
380.30	38.462
380.52	40.000
380.73	41.121
380.95	71.981
381.16	58.857
381.38	38.053
381.59	27.097
381.81	4.444
382.02	84.360
382.24	51.244
382.45	24.242
382.67	57.616
382.88	-1.587
383.10	80.258
383.31	11.382
383.53	16.477
383.74	102.400
383.96	50.000
384.17	46.584
384.39	45.902
384.60	-12.717
384.82	-7.727
385.03	76.080
385.25	43.498
385.46	49.645
385.68	89.956
385.89	6.103
386.11	156.364
386.32	10.526
386.54	80.078
386.75	48.117
386.97	27.068
387.18	22.283
387.40	89.189
387.61	46.316
387.83	-2.479
388.04	38.722
388.25	-35.052
388.47	41.797
388.68	37.607
388.90	40.845
389.11	16.990
389.33	11.688
389.54	17.857
389.76	103.529
389.97	28.415
390.19	68.561
390.40	46.626
390.62	42.424
390.83	47.449
391.05	45.098
391.26	-6.944
391.47	82.166
391.69	24.645
391.90	49.412
392.12	35.071
392.33	52.089
392.55	70.755
392.76	46.067
392.98	63.519
393.19	16.875
393.41	23.611
393.62	54.915
393.83	48.684
394.05	46.847
394.26	35.149
394.48	22.069
394.69	66.667
394.91	34.574
395.12	25.000
395.34	32.836
395.55	52.941
395.76	-30.323
395.98	46.828
396.19	64.984
396.41	19.217
396.62	-9.917
396.84	-20.243
397.05	-25.260
397.26	55.294
397.48	29.144
397.69	35.958
397.91	41.641
398.12	21.754
398.33	45.195
398.55	34.066
398.76	34.018
398.98	6.038
399.19	31.908
399.41	42.967
399.62	47.337
399.83	82.043
400.05	51.934
400.26	43.175
400.48	35.345
400.69	21.522
400.90	40.203
401.12	30.655
401.33	34.375
401.55	-0.613
401.76	50.485
401.97	17.899
402.19	19.198
402.40	28.889
402.62	36.941
402.83	34.328
403.04	41.084
403.26	26.087
403.47	11.085
403.69	24.538
403.90	17.178
404.11	27.578
404.33	-4.598
404.54	38.900
404.76	30.815
404.97	28.340
405.18	25.088
405.40	21.382
405.61	31.200
405.83	42.857
406.04	12.891
406.25	38.280
406.47	42.857
406.68	34.763
406.89	29.637
407.11	55.635
407.32	42.913
407.54	40.287
407.75	35.366
407.96	31.282
408.18	28.545
408.39	35.565
408.60	35.028
408.82	28.056
409.03	31.771
409.24	35.866
409.46	9.888
409.67	23.511
409.89	21.145
410.10	26.379
410.31	30.450
410.53	26.667
410.74	24.715
410.95	33.133
411.17	5.755
411.38	24.789
411.59	21.618
411.81	36.689
412.02	28.732
412.23	32.962
412.45	14.098
412.66	28.460
412.87	26.982
413.09	22.853
413.30	22.678
413.51	25.567
413.73	24.937
413.94	14.646
414.15	28.392
414.37	20.906
414.58	17.905
414.79	11.502
415.01	25.276
415.22	20.815
415.43	14.146
415.65	9.689
415.86	9.663
416.07	17.179
416.29	20.942
416.50	19.485
416.71	22.131
416.93	5.225
417.14	15.970
417.35	13.277
417.57	26.857
417.78	16.233
417.99	18.544
418.21	16.854
418.42	17.271
418.63	16.552
418.85	442.857
419.06	0.820
419.27	4.717
419.48	12.552
419.70	-1.112
419.91	12.573
420.12	11.665
420.34	7.871
420.55	14.648
420.76	11.072
420.98	9.895
421.19	11.237
421.40	17.815
421.61	9.080
421.83	10.025
422.04	15.553
422.25	13.704
422.47	11.614
422.68	5.586
422.89	6.254
423.11	16.491
423.32	12.839
423.53	10.603
423.74	9.405
423.96	15.419
424.17	12.500
424.38	10.207
424.59	8.641
424.81	7.356
425.02	8.653
425.23	5.216
425.45	5.899
425.66	10.765
425.87	10.477
426.08	8.740
426.30	6.978
426.51	11.293
426.72	5.085
426.93	9.250
427.15	10.116
427.36	11.438
427.57	10.770
427.79	7.121
428.00	3.828
428.21	29.143
428.42	2.151
428.64	11.207
428.85	2.414
429.06	8.703
429.27	10.468
429.49	8.843
429.70	9.031
429.91	13.965
430.12	8.645
430.34	14.271
430.55	11.340
430.76	8.525
430.97	10.203
431.19	10.383
431.40	4.696
431.61	10.935
431.82	6.594
432.03	7.232
432.25	8.134
432.46	7.799
432.67	9.497
432.88	8.645
433.10	6.675
433.31	9.065
433.52	4.451
433.73	8.799
433.95	7.312
434.16	8.046
434.37	9.379
434.58	7.723
434.79	6.371
435.01	9.910
435.22	8.455
435.43	7.749
435.64	7.859
435.86	7.261
436.07	8.622
436.28	8.998
436.49	7.394
436.70	6.121
436.92	6.679
437.13	7.558
437.34	8.322
437.55	2.810
437.76	3.797
437.98	5.784
438.19	7.338
438.40	4.646
438.61	5.049
438.82	7.567
439.04	7.605
439.25	5.319
439.46	6.169
439.67	6.583
439.88	7.696
440.10	7.923
440.31	5.243
440.52	9.761
440.73	7.917
440.94	8.386
441.16	7.709
441.37	5.402
441.58	5.720
441.79	6.689
442.00	8.500
442.21	6.154
442.43	4.755
442.64	7.921
442.85	9.570
443.06	8.376
443.27	8.001
443.48	6.950
443.70	7.952
443.91	8.629
444.12	8.029
444.33	9.180
444.54	6.461
444.75	7.237
444.97	6.675
445.18	7.808
445.39	4.378
445.60	7.091
445.81	7.160
446.02	9.745
446.24	9.107
446.45	5.368
446.66	5.663
446.87	6.629
447.08	7.023
447.29	6.954
447.51	5.549
447.72	8.078
447.93	7.000
448.14	7.255
448.35	6.260
448.56	9.314
448.77	8.269
448.99	8.100
449.20	7.755
449.41	6.875
449.62	7.155
449.83	9.058
450.04	4.984
450.25	8.070
450.46	6.745
450.68	6.751
450.89	5.492
451.10	6.987
451.31	6.908
451.52	5.466
451.73	6.411
451.94	6.996
452.15	7.153
452.37	6.392
452.58	7.319
452.79	6.253
453.00	6.129
453.21	7.660
453.42	7.925
453.63	9.116
453.84	7.526
454.06	7.271
454.27	6.249
454.48	8.371
454.69	6.448
454.90	6.566
455.11	8.424
455.32	4.817
455.53	8.772
455.74	7.396
455.95	6.349
456.17	7.189
456.38	6.571
456.59	7.656
456.80	7.830
457.01	8.548
457.22	7.793
457.43	8.239
457.64	6.345
457.85	7.480
458.06	6.606
458.27	9.080
458.49	6.998
458.70	6.777
458.91	8.261
459.12	6.404
459.33	7.172
459.54	6.916
459.75	6.923
459.96	7.130
460.17	7.402
460.38	6.917
460.59	7.964
460.80	5.904
461.01	5.159
461.23	8.699
461.44	7.823
461.65	7.306
461.86	6.740
462.07	9.421
462.28	8.591
462.49	8.662
462.70	5.827
462.91	7.157
463.12	7.784
463.33	6.525
463.54	6.606
463.75	5.760
463.96	7.514
464.17	7.698
464.38	8.659
464.59	5.384
464.81	8.620
465.02	7.756
465.23	5.929
465.44	8.094
465.65	5.835
465.86	6.253
466.07	7.899
466.28	6.249
466.49	6.541
466.70	7.468
466.91	7.602
467.12	8.052
467.33	10.019
467.54	5.438
467.75	7.473
467.96	6.232
468.17	7.180
468.38	7.798
468.59	6.299
468.80	8.094
469.01	6.016
469.22	7.268
469.43	7.095
469.64	7.203
469.85	7.629
470.06	7.503
470.27	6.643
470.48	7.566
470.69	7.225
470.90	6.919
471.11	6.113
471.32	6.950
471.53	6.384
471.74	7.087
471.95	6.388
472.16	7.502
472.37	6.833
472.58	7.626
472.79	6.431
473.00	7.481
473.21	8.211
473.42	6.153
473.63	6.760
473.84	8.217
474.05	7.371
474.26	6.770
474.47	7.431
474.68	7.574
474.89	8.031
475.10	6.453
475.31	7.826
475.52	7.498
475.73	7.081
475.94	6.668
476.15	7.875
476.36	7.376
476.57	6.582
476.78	6.125
476.99	7.043
477.20	5.794
477.41	7.399
477.62	6.497
477.83	6.662
478.04	7.672
478.25	7.605
478.46	5.695
478.67	6.548
478.88	7.798
479.09	6.304
479.30	6.631
479.51	6.865
479.72	7.431
479.93	7.493
480.14	6.444
480.35	6.983
480.56	6.951
480.77	7.612
480.98	7.983
481.18	7.659
481.39	6.491
481.60	7.497
481.81	7.343
482.02	7.026
482.23	7.597
482.44	6.410
482.65	6.855
482.86	7.186
483.07	7.721
483.28	7.012
483.49	6.484
483.70	7.372
483.91	7.050
484.12	7.726
484.33	7.171
484.53	7.662
484.74	7.487
484.95	7.426
485.16	6.694
485.37	7.480
485.58	7.644
485.79	6.464
486.00	6.828
486.21	6.268
486.42	7.869
486.63	6.982
486.84	6.779
487.05	7.373
487.25	7.355
487.46	7.006
487.67	7.214
487.88	7.246
488.09	6.638
488.30	6.819
488.51	6.976
488.72	6.559
488.93	6.921
489.14	6.915
489.35	6.718
489.55	7.363
489.76	7.192
489.97	6.589
490.18	7.329
490.39	7.824
490.60	6.851
490.81	6.472
491.02	7.330
491.23	7.551
491.43	6.903
491.64	6.999
491.85	7.267
492.06	7.686
492.27	6.894
492.48	7.306
492.69	6.846
492.90	6.594
493.11	7.408
493.31	7.066
493.52	7.832
493.73	7.678
493.94	7.480
494.15	6.838
494.36	6.962
494.57	6.990
494.78	7.515
494.98	6.657
495.19	6.936
495.40	7.341
495.61	7.175
495.82	7.148
496.03	6.840
496.24	6.968
496.44	7.405
496.65	7.197
496.86	6.878
497.07	6.994
497.28	7.188
497.49	7.173
497.70	7.431
497.90	7.694
498.11	7.235
498.32	6.538
498.53	7.230
498.74	7.243
498.95	7.088
499.15	7.041
499.36	7.609
499.57	7.434
499.78	6.903
499.99	7.279
500.20	6.865
500.40	7.546
500.61	6.889
500.82	7.006
501.03	7.205
501.24	7.631
501.45	7.720
501.65	7.513
501.86	7.314
502.07	7.682
502.28	7.373
502.49	7.045
502.70	7.326
502.90	7.154
503.11	7.062
503.32	7.102
503.53	7.258
503.74	7.471
503.94	7.815
504.15	7.295
504.36	7.357
504.57	7.220
504.78	7.221
504.98	6.986
505.19	7.426
505.40	7.241
505.61	6.951
505.82	7.151
506.02	7.372
506.23	7.306
506.44	7.713
506.65	7.119
506.86	7.567
507.06	6.916
507.27	7.677
507.48	6.517
507.69	7.070
507.90	7.509
508.10	7.573
508.31	7.078
508.52	7.216
508.73	7.280
508.94	7.402
509.14	7.633
509.35	7.488
509.56	7.407
509.77	7.355
509.97	7.725
510.18	7.584
510.39	7.632
510.60	7.651
510.80	7.606
511.01	7.767
511.22	7.178
511.43	7.822
511.64	7.517
511.84	7.759
512.05	7.440
512.26	8.129
512.47	7.447
512.67	7.640
512.88	7.819
513.09	7.624
513.30	7.491
513.50	7.942
513.71	7.765
513.92	7.671
514.13	7.767
514.33	7.837
514.54	7.667
514.75	7.561
514.96	8.161
515.16	7.700
515.37	8.436
515.58	8.123
515.78	8.624
515.99	8.224
516.20	8.138
516.41	8.350
516.61	8.004
516.82	8.583
517.03	8.386
517.24	8.390
517.44	8.006
517.65	8.237
517.86	8.246
518.07	8.332
518.27	8.443
518.48	8.283
518.69	8.187
518.89	8.432
519.10	8.346
519.31	8.359
519.52	8.515
519.72	9.116
519.93	8.665
520.14	8.727
520.34	8.600
520.55	8.848
520.76	8.556
520.96	8.911
521.17	8.741
521.38	9.038
521.59	8.715
521.79	8.644
522.00	8.783
522.21	9.419
522.41	8.908
522.62	9.346
522.83	9.180
523.03	9.381
523.24	9.414
523.45	9.435
523.66	9.831
523.86	9.517
524.07	9.218
524.28	9.119
524.48	9.512
524.69	10.046
524.90	9.733
525.10	9.850
525.31	9.695
525.52	9.858
525.72	9.831
525.93	10.092
526.14	10.069
526.34	9.755
526.55	10.173
526.76	10.362
526.96	10.046
527.17	10.215
527.38	10.362
527.58	10.275
527.79	10.352
528.00	10.679
528.20	10.439
528.41	10.909
528.62	10.820
528.82	10.568
529.03	11.153
529.24	10.936
529.44	10.798
529.65	11.122
529.85	10.906
530.06	10.969
530.27	10.779
530.47	11.043
530.68	10.909
530.89	11.571
531.09	11.506
531.30	11.321
531.51	11.174
531.71	11.125
531.92	11.462
532.13	11.866
532.33	11.820
532.54	11.911
532.74	11.861
532.95	12.091
533.16	11.624
533.36	11.689
533.57	12.118
533.78	12.008
533.98	12.011
534.19	11.819
534.39	11.994
534.60	12.463
534.81	12.156
535.01	12.323
535.22	12.378
535.42	12.389
535.63	12.067
535.84	12.259
536.04	12.287
536.25	12.216
536.45	12.650
536.66	12.508
536.87	12.387
537.07	12.464
537.28	12.680
537.48	12.776
537.69	12.492
537.90	12.457
538.10	12.802
538.31	12.583
538.51	12.448
538.72	12.670
538.93	12.752
539.13	12.350
539.34	12.617
539.54	12.943
539.75	12.872
539.96	12.979
540.16	12.842
540.37	12.736
540.57	13.029
540.78	13.044
540.98	13.205
541.19	12.885
541.40	13.500
541.60	12.832
541.81	12.698
542.01	13.075
542.22	12.747
542.42	12.943
542.63	13.067
542.83	13.000
543.04	12.930
543.25	13.054
543.45	13.084
543.66	13.205
543.86	13.095
544.07	13.679
544.27	12.887
544.48	13.103
544.68	12.964
544.89	12.839
545.10	12.970
545.30	12.778
545.51	12.830
545.71	13.102
545.92	13.171
546.12	12.941
546.33	13.213
546.53	13.359
546.74	13.264
546.94	13.231
547.15	12.980
547.36	12.916
547.56	13.190
547.77	13.120
547.97	12.942
548.18	13.161
548.38	13.286
548.59	12.947
548.79	13.163
549.00	13.434
549.20	13.169
549.41	13.050
549.61	12.921
549.82	13.139
550.02	13.293
550.23	13.094
550.43	13.195
550.64	13.143
550.84	13.027
551.05	13.159
551.25	13.420
551.46	13.033
551.66	13.105
551.87	13.528
552.07	13.285
552.28	13.172
552.48	13.781
552.69	13.083
552.89	13.521
553.10	13.381
553.30	13.148
553.51	13.326
553.71	13.179
553.92	13.155
554.12	13.403
554.33	13.569
554.53	13.596
554.74	13.147
554.94	13.239
555.15	13.272
555.35	13.466
555.56	13.432
555.76	13.304
555.97	13.415
556.17	13.508
556.38	13.389
556.58	13.602
556.78	13.646
556.99	13.289
557.19	13.407
557.40	13.135
557.60	13.216
557.81	13.257
558.01	13.416
558.22	13.405
558.42	13.188
558.63	13.451
558.83	13.232
559.04	13.425
559.24	13.644
559.44	13.348
559.65	13.429
559.85	13.246
560.06	13.581
560.26	13.509
560.47	12.845
560.67	13.906
560.88	13.189
561.08	13.366
561.28	12.930
561.49	12.865
561.69	13.549
561.90	12.956
562.10	13.293
562.31	13.274
562.51	12.878
562.71	13.159
562.92	12.955
563.12	12.719
563.33	12.774
563.53	12.975
563.74	12.852
563.94	12.883
564.14	12.951
564.35	12.879
564.55	12.881
564.76	12.754
564.96	12.645
565.17	12.912
565.37	12.817
565.57	12.514
565.78	12.726
565.98	12.530
566.19	12.715
566.39	12.617
566.59	12.429
566.80	12.476
567.00	12.585
567.21	12.653
567.41	12.672
567.61	12.116
567.82	12.335
568.02	12.397
568.23	12.384
568.43	12.366
568.63	12.032
568.84	12.194
569.04	11.866
569.24	12.038
569.45	11.879
569.65	11.891
569.86	12.052
570.06	11.462
570.26	11.971
570.47	11.622
570.67	11.853
570.87	11.674
571.08	11.469
571.28	11.778
571.49	11.665
571.69	11.337
571.89	11.201
572.10	11.399
572.30	11.421
572.50	11.465
572.71	11.319
572.91	11.526
573.11	11.184
573.32	10.954
573.52	10.823
573.73	11.098
573.93	11.268
574.13	11.159
574.34	10.993
574.54	10.558
574.74	10.746
574.95	10.850
575.15	10.629
575.35	10.515
575.56	10.776
575.76	10.730
575.96	10.507
576.17	10.504
576.37	10.546
576.57	10.316
576.78	10.736
576.98	10.444
577.18	10.456
577.39	10.423
577.59	10.168
577.79	10.240
578.00	10.447
578.20	10.064
578.40	10.134
578.61	10.327
578.81	10.162
579.01	9.868
579.22	10.391
579.42	10.182
579.62	9.949
579.82	10.204
580.03	9.873
580.23	9.898
580.43	9.973
580.64	9.564
580.84	10.268
581.04	9.918
581.25	9.603
581.45	9.707
581.65	9.884
581.86	9.713
582.06	9.545
582.26	9.581
582.46	10.441
582.67	9.554
582.87	9.441
583.07	9.644
583.28	9.687
583.48	9.643
583.68	9.246
583.88	9.604
584.09	9.293
584.29	9.476
584.49	9.300
584.70	9.576
584.90	9.536
585.10	9.243
585.30	9.308
585.51	9.229
585.71	9.225
585.91	9.269
586.11	9.241
586.32	9.294
586.52	9.498
586.72	9.221
586.92	9.452
587.13	9.175
587.33	9.140
587.53	9.147
587.74	9.096
587.94	9.230
588.14	9.100
588.34	9.359
588.55	8.948
588.75	9.180
588.95	9.086
589.15	9.110
589.36	9.089
589.56	8.949
589.76	8.748
589.96	8.939
590.16	8.806
590.37	8.748
590.57	8.933
590.77	8.942
590.97	8.941
591.18	9.182
591.38	8.876
591.58	7.535
591.78	8.639
591.99	8.723
592.19	8.852
592.39	9.016
592.59	8.922
592.79	8.753
593.00	8.751
593.20	8.611
593.40	8.690
593.60	8.593
593.81	8.958
594.01	8.661
594.21	8.820
594.41	8.820
594.61	8.563
594.82	8.783
595.02	8.907
595.22	8.656
595.42	8.764
595.62	8.569
595.83	8.706
596.03	8.452
596.23	8.594
596.43	8.623
596.63	8.972
596.84	8.562
597.04	8.633
597.24	8.609
597.44	8.564
597.64	8.554
597.84	8.582
598.05	8.879
598.25	8.309
598.45	8.494
598.65	8.514
598.85	8.368
599.06	8.582
599.26	8.497
599.46	8.551
599.66	8.406
599.86	8.559
600.06	8.605
600.27	8.371
600.47	8.653
600.67	8.691
600.87	8.479
601.07	8.499
601.27	8.783
601.48	8.678
601.68	8.505
601.88	8.576
602.08	8.346
602.28	8.441
602.48	8.455
602.68	8.693
602.89	8.398
603.09	8.537
603.29	8.650
603.49	8.568
603.69	8.439
603.89	8.509
604.09	8.276
604.30	8.049
604.50	8.130
604.70	8.434
604.90	8.119
605.10	8.469
605.30	8.112
605.50	8.278
605.71	8.324
605.91	8.399
606.11	8.366
606.31	8.419
606.51	8.464
606.71	8.198
606.91	8.307
607.11	8.124
607.32	8.118
607.52	8.372
607.72	8.281
607.92	8.113
608.12	8.256
608.32	8.292
608.52	8.448
608.72	8.374
608.92	8.202
609.12	8.226
609.33	8.073
609.53	8.284
609.73	8.208
609.93	8.233
610.13	8.091
610.33	8.333
610.53	8.163
610.73	8.163
610.93	8.300
611.13	8.164
611.34	8.037
611.54	8.345
611.74	8.141
611.94	8.308
612.14	8.371
612.34	8.183
612.54	8.060
612.74	8.152
612.94	8.145
613.14	8.307
613.34	8.077
613.54	8.284
613.74	8.246
613.95	8.172
614.15	8.129
614.35	8.075
614.55	7.984
614.75	8.099
614.95	7.897
615.15	8.193
615.35	8.253
615.55	8.193
615.75	8.084
615.95	8.078
616.15	8.001
616.35	7.821
616.55	8.160
616.75	8.104
616.95	8.038
617.15	7.950
617.35	7.839
617.56	7.916
617.76	7.977
617.96	7.914
618.16	7.944
618.36	7.977
618.56	8.109
618.76	7.875
618.96	8.119
619.16	7.905
619.36	7.942
619.56	7.823
619.76	7.973
619.96	7.533
620.16	7.925
620.36	7.742
620.56	7.513
620.76	7.940
620.96	7.749
621.16	7.935
621.36	7.812
621.56	7.826
621.76	8.211
621.96	7.738
622.16	8.028
622.36	7.878
622.56	7.563
622.76	7.929
622.96	7.667
623.16	7.620
623.36	7.714
623.56	7.801
623.76	7.618
623.96	7.955
624.16	7.777
624.36	7.772
624.56	7.732
624.76	7.862
624.96	7.981
625.16	7.905
625.36	7.648
625.56	7.713
625.76	7.967
625.96	7.773
626.16	7.720
626.36	7.737
626.56	7.765
626.76	7.860
626.96	7.789
627.16	7.813
627.36	7.715
627.56	7.701
627.76	7.734
627.96	7.884
628.16	7.596
628.36	7.874
628.56	7.843
628.75	7.775
628.95	7.858
629.15	7.513
629.35	7.727
629.55	7.491
629.75	7.789
629.95	7.755
630.15	7.610
630.35	7.961
630.55	7.913
630.75	7.526
630.95	7.746
631.15	7.749
631.35	7.601
631.55	7.595
631.75	7.825
631.95	7.599
632.15	7.551
632.34	7.576
632.54	7.583
632.74	7.769
632.94	7.676
633.14	7.588
633.34	7.472
633.54	7.658
633.74	7.838
633.94	7.632
634.14	7.642
634.34	7.782
634.54	7.533
634.74	7.602
634.93	7.648
635.13	7.653
635.33	7.528
635.53	7.568
635.73	7.448
635.93	7.585
636.13	7.435
636.33	7.620
636.53	7.391
636.73	7.801
636.93	7.440
637.12	7.565
637.32	7.545
637.52	7.643
637.72	7.565
637.92	7.719
638.12	7.430
638.32	7.392
638.52	7.425
638.72	7.573
638.91	7.644
639.11	7.522
639.31	7.540
639.51	7.319
639.71	7.290
639.91	7.544
640.11	7.373
640.31	7.505
640.50	7.455
640.70	7.229
640.90	7.323
641.10	7.481
641.30	7.414
641.50	7.366
641.70	7.412
641.89	7.179
642.09	7.256
642.29	7.331
642.49	7.486
642.69	7.183
642.89	7.252
643.09	7.344
643.28	7.546
643.48	7.294
643.68	7.210
643.88	7.335
644.08	7.314
644.28	7.263
644.48	7.158
644.67	7.423
644.87	7.349
645.07	7.418
645.27	7.377
645.47	7.200
645.67	7.362
645.86	7.190
646.06	7.207
646.26	7.279
646.46	7.230
646.66	7.172
646.85	7.134
647.05	7.375
647.25	7.271
647.45	7.359
647.65	7.251
647.85	7.092
648.04	7.339
648.24	7.097
648.44	6.894
648.64	7.389
648.84	6.992
649.03	7.179
649.23	7.273
649.43	7.192
649.63	7.176
649.83	7.088
650.02	6.920
650.22	7.194
650.42	7.188
650.62	7.146
650.82	6.979
651.01	7.326
651.21	7.121
651.41	7.183
651.61	7.013
651.81	7.079
652.00	7.173
652.20	7.076
652.40	6.973
652.60	7.231
652.79	7.112
652.99	7.140
653.19	6.949
653.39	7.148
653.59	7.127
653.78	7.126
653.98	7.068
654.18	7.196
654.38	7.092
654.57	6.971
654.77	7.102
654.97	7.071
655.17	7.198
655.36	7.124
655.56	7.072
655.76	6.925
655.96	6.790
656.15	7.199
656.35	7.053
656.55	7.099
656.75	6.820
656.94	7.113
657.14	7.076
657.34	7.015
657.54	7.199
657.73	7.174
657.93	7.024
658.13	7.147
658.33	7.238
658.52	7.093
658.72	7.171
658.92	6.964
659.11	7.030
659.31	7.081
659.51	6.950
659.71	7.175
659.90	7.031
660.10	6.954
660.30	7.056
660.50	6.912
660.69	7.150
660.89	6.909
661.09	7.106
661.28	7.175
661.48	7.021
661.68	7.017
661.87	7.002
662.07	7.009
662.27	6.960
662.47	7.132
662.66	6.928
662.86	6.996
663.06	6.945
663.25	7.029
663.45	7.008
663.65	7.142
663.84	6.927
664.04	6.874
664.24	6.923
664.44	7.024
664.63	7.093
664.83	7.045
665.03	7.191
665.22	6.981
665.42	7.045
665.62	7.007
665.81	7.150
666.01	7.142
666.21	6.977
666.40	7.091
666.60	6.755
666.80	7.185
666.99	7.336
667.19	7.009
667.39	7.010
667.58	7.048
667.78	7.216
667.98	6.972
668.17	7.052
668.37	7.286
668.57	7.266
668.76	7.148
668.96	7.052
669.16	7.070
669.35	6.920
669.55	7.287
669.74	7.059
669.94	7.132
670.14	7.191
670.33	7.108
670.53	7.096
670.73	7.328
670.92	7.392
671.12	7.279
671.32	6.935
671.51	7.391
671.71	7.197
671.90	7.007
672.10	7.156
672.30	7.267
672.49	7.095
672.69	7.442
672.89	7.316
673.08	7.286
673.28	7.373
673.47	7.376
673.67	7.245
673.87	7.230
674.06	7.201
674.26	7.292
674.45	7.435
674.65	7.515
674.85	7.362
675.04	7.371
675.24	7.482
675.43	7.254
675.63	7.441
675.83	7.361
676.02	7.575
676.22	7.606
676.41	7.511
676.61	7.677
676.81	7.623
677.00	7.317
677.20	7.433
677.39	7.443
677.59	7.671
677.79	7.661
677.98	7.655
678.18	7.683
678.37	7.595
678.57	7.553
678.76	7.428
678.96	7.509
679.16	7.559
679.35	7.408
679.55	7.835
679.74	7.592
679.94	7.658
680.13	7.637
680.33	7.720
680.53	7.614
680.72	7.698
680.92	7.682
681.11	7.878
681.31	7.895
681.50	7.656
681.70	7.793
681.89	8.033
682.09	7.795
682.28	7.753
682.48	8.044
682.68	7.710
682.87	7.914
683.07	7.883
683.26	7.987
683.46	7.983
683.65	8.135
683.85	7.852
684.04	7.840
684.24	8.246
684.43	8.227
684.63	8.234
684.82	8.247
685.02	8.013
685.21	7.884
685.41	8.158
685.60	8.001
685.80	8.065
686.00	8.164
686.19	8.323
686.39	8.254
686.58	8.137
686.78	8.281
686.97	8.277
687.17	8.366
687.36	8.345
687.56	8.254
687.75	8.307
687.95	8.194
688.14	8.146
688.34	8.181
688.53	8.242
688.73	8.144
688.92	8.521
689.12	8.525
689.31	8.371
689.51	8.291
689.70	8.575
689.89	8.550
690.09	8.613
690.28	8.414
690.48	8.427
690.67	8.576
690.87	8.567
691.06	8.493
691.26	8.532
691.45	8.635
691.65	8.393
691.84	8.669
692.04	8.708
692.23	8.556
692.43	8.646
692.62	8.646
692.82	8.714
693.01	8.779
693.20	8.620
693.40	8.877
693.59	8.817
693.79	8.755
693.98	8.790
694.18	9.018
694.37	8.932
694.57	8.941
694.76	8.931
694.95	9.081
695.15	9.052
695.34	9.289
695.54	9.300
695.73	9.246
695.93	9.533
696.12	9.503
696.32	9.381
696.51	9.711
696.70	9.739
696.90	9.906
697.09	9.834
697.29	10.169
697.48	10.008
697.67	9.958
697.87	10.275
698.06	10.471
698.26	10.573
698.45	10.556
698.65	11.035
698.84	10.939
699.03	11.294
699.23	11.380
699.42	11.320
699.62	11.708
699.81	11.644
700.00	11.774
700.20	12.184
700.39	12.351
700.59	12.433
700.78	12.777
700.97	12.812
701.17	12.910
701.36	13.508
701.56	13.341
701.75	13.476
701.94	13.830
702.14	14.308
702.33	14.352
702.52	14.572
702.72	14.601
702.91	15.106
703.11	15.243
703.30	15.245
703.49	15.319
703.69	15.773
703.88	15.970
704.07	16.529
704.27	16.528
704.46	16.982
704.66	17.019
704.85	17.258
705.04	17.622
705.24	18.126
705.43	18.225
705.62	17.822
705.82	18.423
706.01	18.625
706.20	18.868
706.40	19.342
706.59	19.365
706.78	19.877
706.98	19.850
707.17	20.208
707.36	20.527
707.56	20.970
707.75	20.810
707.94	20.953
708.14	21.234
708.33	21.852
708.52	22.047
708.72	22.194
708.91	22.760
709.10	22.793
709.30	23.100
709.49	23.250
709.68	23.657
709.88	23.914
710.07	24.149
710.26	24.174
710.46	24.645
710.65	24.927
710.84	24.912
711.04	25.547
711.23	25.792
711.42	26.117
711.61	26.066
711.81	26.772
712.00	26.825
712.19	26.961
712.39	27.002
712.58	27.511
712.77	27.843
712.97	27.768
713.16	28.020
713.35	28.508
713.54	28.506
713.74	28.677
713.93	29.112
714.12	29.634
714.32	29.530
714.51	30.259
714.70	30.158
714.89	30.297
715.09	30.681
715.28	30.807
715.47	31.045
715.66	31.706
715.86	32.056
716.05	32.093
716.24	32.344
716.44	32.643
716.63	33.057
716.82	33.398
717.01	33.320
717.21	33.685
717.40	34.349
717.59	33.995
717.78	34.699
717.98	35.169
718.17	34.956
718.36	35.183
718.55	35.499
718.75	36.144
718.94	36.001
719.13	36.537
719.32	36.401
719.52	36.847
719.71	37.365
719.90	37.552
720.09	37.983
720.28	37.896
720.48	38.346
720.67	38.989
720.86	39.071
721.05	39.061
721.25	39.112
721.44	39.435
721.63	39.623
721.82	40.170
722.01	40.519
722.21	40.700
722.40	41.158
722.59	41.065
722.78	41.753
722.98	41.160
723.17	42.028
723.36	42.259
723.55	42.609
723.74	42.939
723.94	43.176
724.13	43.487
724.32	43.587
724.51	43.793
724.70	44.548
724.89	44.545
725.09	44.946
725.28	45.280
725.47	45.492
725.66	45.704
725.85	46.182
726.05	46.089
726.24	46.206
726.43	46.642
726.62	46.665
726.81	47.267
727.00	47.624
727.20	47.713
727.39	48.404
727.58	48.073
727.77	49.135
727.96	48.676
728.15	49.103
728.35	49.859
728.54	49.706
728.73	49.879
728.92	49.738
729.11	50.154
729.30	50.411
729.50	50.331
729.69	50.968
729.88	51.426
730.07	51.040
730.26	52.185
730.45	51.851
730.64	52.311
730.84	52.025
731.03	52.582
731.22	52.930
731.41	53.187
731.60	53.241
731.79	53.726
731.98	53.984
732.18	54.518
732.37	53.724
732.56	55.023
732.75	54.422
732.94	54.597
733.13	55.295
733.32	55.094
733.51	55.578
733.71	55.602
733.90	55.696
734.09	55.861
734.28	56.439
734.47	56.409
734.66	56.355
734.85	56.866
735.04	56.952
735.23	57.374
735.42	57.882
735.62	57.543
735.81	58.039
736.00	58.231
736.19	58.479
736.38	58.267
736.57	58.567
736.76	59.159
736.95	58.804
737.14	59.345
737.33	59.075
737.52	60.026
737.72	59.738
737.91	59.336
738.10	59.882
738.29	59.846
738.48	60.282
738.67	61.140
738.86	60.675
739.05	61.061
739.24	61.260
739.43	61.099
739.62	61.325
739.81	61.370
740.00	61.638
740.19	62.125
740.39	62.143
740.58	62.713
740.77	62.237
740.96	62.495
741.15	62.520
741.34	62.535
741.53	63.392
741.72	62.712
741.91	63.362
742.10	63.241
742.29	62.738
742.48	63.619
742.67	63.312
742.86	63.431
743.05	63.972
743.24	63.765
743.43	64.044
743.62	64.798
743.81	64.505
744.00	64.601
744.19	64.702
744.38	64.787
744.57	64.692
744.76	64.767
744.95	65.496
745.14	65.071
745.33	65.073
745.52	65.648
745.71	65.621
745.90	66.052
746.09	65.579
746.28	65.877
746.47	66.502
746.66	66.030
746.85	65.829
747.04	66.824
747.23	66.497
747.42	66.074
747.61	66.039
747.80	66.209
747.99	66.211
748.18	66.488
748.37	67.050
748.56	67.409
748.75	66.868
748.94	66.881
749.13	67.100
749.32	67.078
749.51	66.604
749.70	67.616
749.89	66.918
750.08	67.318
750.27	67.949
750.46	67.159
750.65	67.387
750.84	67.558
751.03	67.584
751.22	67.668
751.41	68.525
751.60	67.882
751.79	67.815
751.98	67.986
752.17	68.414
752.36	67.746
752.55	68.020
752.74	68.324
752.93	68.247
753.12	68.283
753.30	68.725
753.49	68.366
753.68	68.813
753.87	68.831
754.06	68.827
754.25	68.287
754.44	68.930
754.63	69.167
754.82	69.028
755.01	68.375
755.20	68.998
755.39	68.873
755.58	69.039
755.77	69.169
755.96	68.900
756.14	69.067
756.33	69.220
756.52	69.257
756.71	69.019
756.90	69.273
757.09	68.958
757.28	68.843
757.47	69.375
757.66	69.309
757.85	69.200
758.04	69.777
758.22	69.408
758.41	69.091
758.60	69.491
758.79	69.553
758.98	69.609
759.17	69.307
759.36	69.484
759.55	69.836
759.74	69.264
759.92	69.852
760.11	69.938
760.30	69.924
760.49	69.722
760.68	69.922
760.87	69.683
761.06	70.021
761.25	69.597
761.43	69.614
761.62	70.095
761.81	69.676
762.00	69.897
762.19	69.625
762.38	69.531
762.57	70.266
762.76	69.976
762.94	69.590
763.13	69.952
763.32	69.972
763.51	69.488
763.70	71.082
763.89	69.803
764.07	69.655
764.26	69.976
764.45	69.872
764.64	70.508
764.83	70.121
765.02	69.579
765.21	69.825
765.39	69.566
765.58	69.847
765.77	70.250
765.96	69.571
766.15	69.813
766.34	70.109
766.52	69.953
766.71	69.917
766.90	69.829
767.09	69.882
767.28	69.913
767.46	70.235
767.65	70.198
767.84	70.313
768.03	70.187
768.22	70.243
768.40	70.658
768.59	70.170
768.78	69.864
768.97	70.611
769.16	70.497
769.34	70.676
769.53	70.174
769.72	70.002
769.91	69.687
770.10	70.104
770.28	70.211
770.47	70.235
770.66	70.134
770.85	70.169
771.04	69.822
771.22	70.810
771.41	69.992
771.60	70.229
771.79	69.889
771.98	70.101
772.16	70.693
772.35	70.301
772.54	70.632
772.73	69.960
772.91	70.643
773.10	70.550
773.29	70.098
773.48	70.287
773.66	70.418
773.85	70.371
774.04	71.050
774.23	69.684
774.41	70.009
774.60	70.512
774.79	69.899
774.98	70.399
775.16	70.905
775.35	70.773
775.54	70.118
775.73	70.081
775.91	70.464
776.10	70.198
776.29	70.190
776.48	69.969
776.66	70.199
776.85	69.877
777.04	69.865
777.23	70.591
777.41	70.058
777.60	70.107
777.79	70.078
777.97	70.028
778.16	70.127
778.35	70.423
778.54	70.853
778.72	69.860
778.91	69.844
779.10	70.796
779.28	70.073
779.47	70.876
779.66	70.890
779.85	70.107
780.03	70.228
780.22	70.241
780.41	69.852
780.59	70.324
780.78	69.781
780.97	70.049
781.15	70.193
781.34	70.011
781.53	70.076
781.71	70.418
781.90	71.214
782.09	70.264
782.27	70.295
782.46	70.505
782.65	70.519
782.84	69.644
783.02	70.603
783.21	69.814
783.40	69.956
783.58	69.994
783.77	69.897
783.96	70.328
784.14	69.784
784.33	70.211
784.52	69.930
784.70	70.875
784.89	70.183
785.07	69.451
785.26	71.041
785.45	70.040
785.63	69.992
785.82	70.309
786.01	70.241
786.19	70.462
786.38	70.346
786.57	70.458
786.75	70.970
786.94	70.228
787.13	70.369
787.31	70.052
787.50	70.066
787.68	70.121
787.87	69.795
788.06	70.570
788.24	70.330
788.43	70.251
788.62	70.617
788.80	69.876
788.99	70.344
789.17	70.132
789.36	69.988
789.55	70.252
789.73	70.468
789.92	70.297
790.10	70.460
790.29	70.113
790.48	70.161
790.66	70.355
790.85	70.111
791.03	70.708
791.22	69.781
791.41	70.660
791.59	69.841
791.78	70.344
791.96	70.242
792.15	70.508
792.34	70.130
792.52	70.242
792.71	70.298
792.89	70.330
793.08	70.647
793.27	70.035
793.45	70.126
793.64	69.881
793.82	70.295
794.01	70.668
794.19	69.943
794.38	69.507
794.57	70.333
794.75	70.184
794.94	70.807
795.12	70.851
795.31	69.688
795.49	70.678
795.68	70.654
795.86	69.958
796.05	69.862
796.24	70.077
796.42	70.330
796.61	70.303
796.79	70.137
796.98	70.221
797.16	70.083
797.35	70.431
797.53	70.182
797.72	69.556
797.90	70.312
798.09	69.466
798.27	70.236
798.46	69.987
798.65	69.897
798.83	70.392
799.02	70.105
799.20	69.615
799.39	71.057
799.57	70.148
799.76	70.330
799.94	70.633
800.13	69.614
800.31	70.394
800.50	70.559
800.68	70.169
800.87	70.080
801.05	70.485
801.24	69.624
801.42	69.562
801.61	70.124
801.79	70.281
801.98	70.903
802.16	70.960
802.35	70.271
802.53	70.305
802.72	70.183
802.90	69.917
803.09	70.049
803.27	70.193
803.46	70.753
803.64	69.960
803.83	70.700
804.01	70.366
804.20	70.011
804.38	69.839
804.56	69.797
804.75	70.164
804.93	70.344
805.12	70.240
805.30	70.718
805.49	70.304
805.67	70.782
805.86	70.334
806.04	70.323
806.23	70.169
806.41	70.073
806.59	70.775
806.78	70.445
806.96	70.199
807.15	70.824
807.33	70.638
807.52	70.470
807.70	70.067
807.89	70.261
808.07	69.854
808.25	70.493
808.44	70.418
808.62	70.314
808.81	70.230
808.99	70.362
809.18	70.446
809.36	69.827
809.54	70.310
809.73	70.474
809.91	70.467
810.10	70.204
810.28	70.345
810.47	70.745
810.65	70.452
810.83	70.682
811.02	70.330
811.20	70.929
811.39	70.653
811.57	71.118
811.75	69.710
811.94	70.040
812.12	69.806
812.31	69.961
812.49	70.426
812.67	70.383
812.86	70.335
813.04	69.654
813.23	70.034
813.41	70.550
813.59	70.343
813.78	70.224
813.96	70.290
814.14	70.861
814.33	70.635
814.51	70.866
814.70	69.772
814.88	70.821
815.06	70.009
815.25	70.544
815.43	70.113
815.61	70.053
815.80	70.001
815.98	70.164
816.16	69.778
816.35	70.466
816.53	69.460
816.72	70.667
816.90	70.299
817.08	70.199
817.27	70.360
817.45	70.492
817.63	70.326
817.82	70.295
818.00	69.639
818.18	69.743
818.37	70.229
818.55	69.808
818.73	69.957
818.92	70.720
819.10	70.605
819.28	70.270
819.47	70.759
819.65	70.657
819.83	70.234
820.02	69.705
820.20	70.133
820.38	70.310
820.57	70.655
820.75	70.240
820.93	69.794
821.11	70.626
821.30	71.127
821.48	70.490
821.66	70.031
821.85	70.801
822.03	70.553
822.21	70.351
822.40	70.200
822.58	69.988
822.76	70.436
822.94	70.632
823.13	70.304
823.31	70.776
823.49	71.110
823.68	70.023
823.86	69.912
824.04	70.001
824.22	69.683
824.41	70.569
824.59	70.165
824.77	70.382
824.96	69.902
825.14	70.691
825.32	70.087
825.50	70.346
825.69	70.328
825.87	69.826
826.05	70.187
826.23	70.799
826.42	69.770
826.60	70.519
826.78	70.621
826.96	70.425
827.15	69.996
827.33	69.998
827.51	70.306
827.69	70.130
827.88	70.362
828.06	70.325
828.24	70.457
828.42	70.493
828.61	70.722
828.79	70.005
828.97	70.543
829.15	70.442
829.34	69.668
829.52	70.605
829.70	70.360
829.88	69.986
830.06	70.272
830.25	70.267
830.43	70.199
830.61	70.211
830.79	70.093
830.97	70.456
831.16	69.803
831.34	70.875
831.52	70.004
831.70	69.954
831.89	70.135
832.07	70.347
832.25	70.512
832.43	70.161
832.61	69.886
832.80	70.475
832.98	70.532
833.16	70.626
833.34	70.659
833.52	70.392
833.70	70.342
833.89	69.769
834.07	70.394
834.25	70.253
834.43	70.112
834.61	69.906
834.80	70.347
834.98	70.612
835.16	69.929
835.34	70.358
835.52	70.851
835.70	69.873
835.89	70.194
836.07	70.271
836.25	70.217
836.43	70.359
836.61	70.511
836.79	70.102
836.97	70.149
837.16	70.953
837.34	70.440
837.52	69.630
837.70	70.538
837.88	70.374
838.06	69.500
838.24	70.064
838.43	69.983
838.61	69.996
838.79	70.039
838.97	70.492
839.15	70.482
839.33	70.537
839.51	70.278
839.70	70.260
839.88	70.536
840.06	69.103
840.24	70.153
840.42	70.434
840.60	70.307
840.78	70.334
840.96	70.129
841.14	70.561
841.33	70.091
841.51	69.465
841.69	70.254
841.87	70.513
842.05	70.435
842.23	69.920
842.41	70.001
842.59	70.685
842.77	70.459
842.95	70.790
843.14	70.577
843.32	69.858
843.50	70.137
843.68	70.130
843.86	70.756
844.04	69.551
844.22	69.349
844.40	70.068
844.58	69.991
844.76	70.056
844.94	70.018
845.12	69.672
845.30	70.265
845.49	70.249
845.67	70.793
845.85	69.950
846.03	70.447
846.21	70.650
846.39	70.921
846.57	70.179
846.75	70.315
846.93	70.300
847.11	70.598
847.29	70.149
847.47	69.934
847.65	70.691
847.83	70.566
848.01	70.113
848.19	70.050
848.37	70.003
848.55	70.759
848.73	70.459
848.91	70.165
849.09	70.737
849.27	70.180
849.46	70.935
849.64	70.297
849.82	70.583
850.00	70.420
850.18	70.987
850.36	70.736
850.54	70.483
850.72	70.489
850.90	70.433
851.08	70.029
851.26	70.094
851.44	70.798
851.62	70.659
851.80	70.501
851.98	69.605
852.16	69.942
852.34	70.400
852.52	69.890
852.70	70.327
852.88	69.638
853.06	70.807
853.24	71.250
853.42	70.685
853.60	70.482
853.78	69.979
853.96	70.561
854.14	69.791
854.31	70.690
854.49	71.083
854.67	69.947
854.85	70.392
855.03	70.526
855.21	70.641
855.39	70.782
855.57	70.851
855.75	69.758
855.93	69.512
856.11	70.478
856.29	69.615
856.47	70.633
856.65	70.314
856.83	70.257
857.01	70.038
857.19	70.536
857.37	70.461
857.55	69.848
857.73	70.404
857.91	70.122
858.09	69.632
858.26	70.548
858.44	70.137
858.62	69.182
858.80	69.567
858.98	70.786
859.16	70.759
859.34	70.303
859.52	70.418
859.70	70.882
859.88	69.750
860.06	70.299
860.24	70.579
860.42	70.994
860.59	70.092
860.77	70.315
860.95	70.062
861.13	70.728
861.31	70.565
861.49	70.156
861.67	70.182
861.85	69.394
862.03	71.126
862.21	70.997
862.38	69.976
862.56	69.787
862.74	70.334
862.92	70.972
863.10	70.219
863.28	70.869
863.46	69.874
863.64	70.592
863.82	71.469
863.99	70.834
864.17	70.577
864.35	70.410
864.53	70.092
864.71	69.876
864.89	70.403
865.07	70.524
865.24	70.683
865.42	69.638
865.60	71.033
865.78	69.946
865.96	70.163
866.14	69.546
866.32	70.417
866.49	71.256
866.67	70.561
866.85	69.998
867.03	70.845
867.21	70.001
867.39	70.599
867.56	70.456
867.74	70.035
867.92	71.292
868.10	70.257
868.28	69.480
868.46	70.187
868.63	69.848
868.81	70.530
868.99	70.354
869.17	70.475
869.35	70.045
869.53	70.118
869.70	69.865
869.88	70.181
870.06	71.096
870.24	71.097
870.42	71.226
870.59	70.586
870.77	70.927
870.95	70.618
871.13	70.636
871.31	70.537
871.48	70.024
871.66	70.043
871.84	71.068
872.02	70.334
872.20	71.309
872.37	70.833
872.55	70.465
872.73	70.431
872.91	70.769
873.08	70.768
873.26	70.833
873.44	70.508
873.62	69.872
873.80	70.553
873.97	70.797
874.15	70.508
874.33	69.684
874.51	69.777
874.68	70.277
874.86	70.547
875.04	70.448
875.22	70.548
875.39	70.023
875.57	70.447
875.75	70.246
875.93	71.489
876.10	70.373
876.28	70.980
876.46	70.999
876.64	71.290
876.81	70.981
876.99	70.554
877.17	70.984
877.35	69.795
877.52	70.482
877.70	70.055
877.88	69.964
878.06	69.795
878.23	70.300
878.41	70.055
878.59	71.098
878.76	70.412
878.94	70.381
879.12	70.379
879.30	69.619
879.47	71.118
879.65	70.035
879.83	70.095
880.00	70.542
880.18	70.712
880.36	69.997
880.53	69.939
880.71	70.032
880.89	70.802
881.07	70.472
881.24	71.663
881.42	70.758
881.60	69.825
881.77	70.851
881.95	70.690
882.13	70.408
882.30	70.441
882.48	70.263
882.66	70.151
882.83	70.680
883.01	69.544
883.19	69.509
883.36	71.255
883.54	70.112
883.72	69.538
883.89	70.473
884.07	70.190
884.25	69.118
884.42	70.803
884.60	71.002
884.78	70.829
884.95	70.821
885.13	70.760
885.31	71.073
885.48	70.012
885.66	70.432
885.84	70.334
886.01	70.805
886.19	70.118
886.36	70.275
886.54	70.429
886.72	70.486
886.89	69.970
887.07	69.961
887.25	71.084
887.42	70.401
887.60	70.338
887.78	70.689
887.95	71.369
888.13	70.340
888.30	70.629
888.48	70.423
888.66	71.321
888.83	71.385
889.01	69.605
889.18	70.816
889.36	69.862
889.54	71.620
889.71	70.017
889.89	70.392
890.06	70.508
890.24	70.566
890.42	70.971
890.59	70.656
890.77	70.959
890.94	70.574
891.12	71.372
891.30	70.966
891.47	69.587
891.65	69.874
891.82	70.320
892.00	71.564
892.17	71.282
892.35	70.050
892.53	70.584
892.70	70.814
892.88	70.707
893.05	70.250
893.23	70.377
893.40	70.495
893.58	70.345
893.75	69.744
893.93	70.653
894.11	69.530
894.28	69.942
894.46	70.333
894.63	71.706
894.81	70.300
894.98	70.398
895.16	69.277
895.33	70.681
895.51	70.553
895.68	70.258
895.86	70.662
896.04	70.000
896.21	71.821
896.39	69.980
896.56	71.010
896.74	71.552
896.91	69.845
897.09	70.680
897.26	70.218
897.44	70.310
897.61	71.338
897.79	70.509
897.96	70.592
898.14	69.963
898.31	70.690
898.49	71.054
898.66	69.485
898.84	70.619
899.01	69.801
899.19	71.361
899.36	70.428
899.54	70.575
899.71	70.235
899.89	70.672
900.06	70.870
900.24	69.301
900.41	70.290
900.59	71.200
900.76	71.271
900.94	70.037
901.11	70.998
901.29	69.764
901.46	69.917
901.63	69.599
901.81	70.450
901.98	70.905
902.16	71.502
902.33	70.471
902.51	70.928
902.68	70.407
902.86	71.658
903.03	71.254
903.21	70.324
903.38	71.740
903.56	70.664
903.73	70.852
903.90	70.182
904.08	70.610
904.25	70.608
904.43	70.282
904.60	70.394
904.78	70.681
904.95	71.267
905.12	71.397
905.30	70.222
905.47	70.627
905.65	69.851
905.82	71.226
906.00	70.503
906.17	70.610
906.34	71.610
906.52	71.305
906.69	71.431
906.87	69.886
907.04	70.810
907.21	70.159
907.39	70.393
907.56	71.390
907.74	70.312
907.91	70.492
908.08	70.694
908.26	69.798
908.43	70.036
908.61	70.918
908.78	70.961
908.95	70.032
909.13	70.792
909.30	70.397
909.48	70.166
909.65	70.480
909.82	70.482
910.00	70.653
910.17	70.899
910.34	70.199
910.52	70.810
910.69	70.744
910.87	70.195
911.04	70.061
911.21	70.998
911.39	69.609
911.56	70.380
911.73	71.296
911.91	71.272
912.08	71.292
912.25	70.322
912.43	71.156
912.60	69.532
912.77	70.743
912.95	71.509
913.12	70.207
913.29	70.512
913.47	69.776
913.64	70.624
913.81	71.302
913.99	70.098
914.16	70.632
914.33	69.574
914.51	70.923
914.68	70.244
914.85	71.140
915.03	70.212
915.20	71.353
915.37	70.454
915.55	70.544
915.72	69.740
915.89	69.633
916.07	70.421
916.24	70.700
916.41	70.680
916.59	69.903
916.76	70.376
916.93	70.227
917.10	70.417
917.28	70.910
917.45	71.669
917.62	70.247
917.80	69.816
917.97	71.612
918.14	71.524
918.31	71.438
918.49	69.177
918.66	70.938
918.83	70.664
919.01	70.637
919.18	69.946
919.35	71.127
919.52	70.534
919.70	70.068
919.87	70.153
920.04	70.531
920.21	70.533
920.39	71.057
920.56	71.668
920.73	69.606
920.90	69.338
921.08	69.482
921.25	70.996
921.42	70.902
921.59	70.475
921.77	70.986
921.94	70.730
922.11	70.307
922.28	70.945
922.46	70.565
922.63	72.213
922.80	69.804
922.97	69.646
923.15	70.924
923.32	70.751
923.49	71.290
923.66	70.506
923.83	69.802
924.01	70.549
924.18	71.199
924.35	70.249
924.52	71.618
924.69	71.303
924.87	69.967
925.04	69.493
925.21	71.977
925.38	69.645
925.55	70.743
925.73	71.932
925.90	70.059
926.07	71.860
926.24	70.356
926.41	70.988
926.59	71.081
926.76	69.393
926.93	70.636
927.10	71.278
927.27	70.748
927.45	70.770
927.62	70.460
927.79	69.286
927.96	69.462
928.13	71.574
928.30	70.977
928.48	71.549
928.65	70.663
928.82	70.206
928.99	70.625
929.16	69.435
929.33	69.401
929.50	70.903
929.68	70.122
929.85	70.649
930.02	69.468
930.19	68.688
930.36	69.785
930.53	69.175
930.70	71.576
930.88	70.933
931.05	70.447
931.22	69.630
931.39	70.026
931.56	71.133
931.73	69.432
931.90	71.130
932.08	69.726
932.25	71.256
932.42	70.663
932.59	70.565
932.76	70.853
932.93	70.681
933.10	71.630
933.27	71.810
933.44	70.881
933.62	69.922
933.79	69.124
933.96	70.863
934.13	71.904
934.30	70.428
934.47	71.569
934.64	70.693
934.81	69.169
934.98	71.237
935.15	71.597
935.32	71.854
935.50	71.720
935.67	72.971
935.84	69.936
936.01	70.413
936.18	69.883
936.35	68.896
936.52	70.957
936.69	70.116
936.86	70.342
937.03	73.067
937.20	71.529
937.37	72.503
937.54	69.386
937.71	71.035
937.89	71.833
938.06	70.064
938.23	69.107
938.40	68.068
938.57	72.171
938.74	72.365
938.91	71.353
939.08	68.754
939.25	73.916
939.42	71.915
939.59	72.477
939.76	71.518
939.93	71.247
940.10	70.772
940.27	69.783
940.44	70.664
940.61	70.060
940.78	72.995
940.95	68.888
941.12	69.471
941.29	69.897
941.46	70.336
941.63	69.680
941.80	72.785
941.97	71.948
942.14	71.429
942.31	70.391
942.48	69.204
942.65	69.754
942.82	73.319
942.99	72.090
943.16	70.198
943.33	70.852
943.50	69.521
943.67	73.325
943.84	69.434
944.01	71.313
944.18	68.994
944.35	72.244
944.52	68.130
944.69	74.706
944.86	69.368
945.03	67.577
945.20	68.434
945.37	70.262
945.54	70.566
945.71	70.935
945.88	72.946
946.05	71.908
946.22	67.929
946.39	70.000
946.56	72.332
946.73	76.120
946.90	69.773
947.07	71.633
947.23	72.014
947.40	73.410
947.57	73.227
947.74	72.378
947.91	69.608
948.08	70.074
948.25	70.147
948.42	70.162
948.59	69.682
948.76	69.374
948.93	75.217
949.10	68.779
949.27	69.226
949.44	69.180
949.60	69.554
949.77	72.892
949.94	71.076
950.11	69.294
950.28	73.792
950.45	68.848
950.62	71.179
950.79	71.839
950.96	67.390
951.13	72.035
951.30	68.997
951.46	72.046
951.63	67.565
951.80	72.059
951.97	71.439
952.14	70.401
952.31	70.437
952.48	67.578
952.65	69.898
952.81	72.432
952.98	68.753
953.15	66.534
953.32	70.303
953.49	69.616
953.66	67.432
953.83	69.398
954.00	72.602
954.16	72.772
954.33	71.109
954.50	71.916
954.67	72.441
954.84	69.252
955.01	70.911
955.18	70.279
955.34	68.580
955.51	68.386
955.68	65.784
955.85	66.363
956.02	67.775
956.19	68.811
956.35	67.111
956.52	69.933
956.69	69.085
956.86	70.257
957.03	69.491
957.20	71.512
957.36	72.716
957.53	69.923
957.70	71.575
957.87	68.319
958.04	72.718
958.21	69.020
958.37	67.809
958.54	69.484
958.71	71.073
958.88	69.388
959.05	69.983
959.21	69.354
959.38	71.489
959.55	69.716
959.72	71.209
959.89	71.938
960.05	70.494
960.22	69.866
960.39	70.615
960.56	68.508
960.72	67.860
960.89	70.702
961.06	68.918
961.23	70.228
961.40	71.583
961.56	71.170
961.73	68.047
961.90	71.275
962.07	71.333
962.23	68.211
962.40	71.242
962.57	69.487
962.74	68.713
962.90	70.922
963.07	70.965
963.24	70.221
963.41	70.406
963.57	69.964
963.74	69.523
963.91	69.687
964.08	71.405
964.24	68.842
964.41	67.126
964.58	71.384
964.75	70.599
964.91	69.364
965.08	69.007
965.25	71.675
965.42	69.320
965.58	70.183
965.75	68.357
965.92	69.967
966.08	69.928
966.25	69.996
966.42	70.755
966.59	66.914
966.75	69.898
966.92	70.411
967.09	68.074
967.25	70.988
967.42	70.234
967.59	70.727
967.75	70.884
967.92	70.495
968.09	68.120
968.26	70.697
968.42	70.364
968.59	68.424
968.76	67.306
968.92	70.743
969.09	71.673
969.26	70.083
969.42	69.969
969.59	68.689
969.76	69.345
969.92	70.280
970.09	70.091
970.26	69.647
970.42	71.832
970.59	70.524
970.76	69.005
970.92	71.372
971.09	69.897
971.26	69.517
971.42	71.744
971.59	69.442
971.76	69.835
971.92	69.996
972.09	69.484
972.25	68.086
972.42	68.141
972.59	68.851
972.75	71.841
972.92	71.328
973.09	66.603
973.25	72.283
973.42	71.461
973.58	71.770
973.75	68.722
973.92	70.284
974.08	70.123
974.25	67.841
974.42	68.352
974.58	69.353
974.75	71.031
974.91	69.044
975.08	71.141
975.25	69.402
975.41	70.527
975.58	68.464
975.74	69.599
975.91	69.998
976.08	71.666
976.24	70.024
976.41	72.103
976.57	69.013
976.74	70.567
976.91	69.234
977.07	69.485
977.24	72.133
977.40	68.609
977.57	69.727
977.73	69.432
977.90	70.823
978.07	71.545
978.23	71.370
978.40	70.932
978.56	70.670
978.73	68.401
978.89	70.383
979.06	69.344
979.22	69.760
979.39	70.519
979.56	70.708
979.72	72.216
979.89	69.210
980.05	69.737
980.22	71.874
980.38	69.797
980.55	69.302
980.71	70.779
980.88	70.154
981.04	72.332
981.21	72.423
981.37	69.622
981.54	70.533
981.70	71.259
981.87	66.493
982.04	71.134
982.20	67.055
982.37	71.432
982.53	68.036
982.70	72.131
982.86	70.229
983.03	72.792
983.19	68.200
983.36	70.366
983.52	68.618
983.69	70.342
983.85	70.486
984.02	69.691
984.18	72.180
984.35	69.988
984.51	69.093
984.68	67.343
984.84	69.340
985.00	70.063
985.17	69.837
985.33	73.364
985.50	73.096
985.66	71.093
985.83	70.486
985.99	67.660
986.16	66.987
986.32	71.972
986.49	67.807
986.65	71.287
986.82	72.214
986.98	70.183
987.15	71.538
987.31	70.243
987.47	70.240
987.64	71.335
987.80	70.355
987.97	69.178
988.13	68.596
988.30	71.653
988.46	71.864
988.63	72.748
988.79	71.979
988.95	70.637
989.12	71.295
989.28	68.986
989.45	73.277
989.61	70.541
989.77	70.591
989.94	70.468
990.10	68.470
990.27	71.030
990.43	69.077
990.60	72.742
990.76	70.801
990.92	70.420
991.09	66.260
991.25	68.869
991.42	68.610
991.58	71.011
991.74	68.823
991.91	71.692
992.07	70.913
992.24	69.005
992.40	68.968
992.56	69.444
992.73	71.373
992.89	72.800
993.05	70.957
993.22	66.926
993.38	69.923
993.55	69.802
993.71	70.676
993.87	67.383
994.04	69.079
994.20	74.985
994.36	70.405
994.53	68.796
994.69	71.842
994.85	70.169
995.02	66.340
995.18	70.276
995.34	71.040
995.51	70.944
995.67	68.061
995.84	72.426
996.00	70.635
996.16	67.532
996.33	67.911
996.49	67.494
996.65	69.857
996.82	71.010
996.98	66.645
997.14	71.241
997.31	71.788
997.47	70.249
997.63	68.024
997.79	68.949
997.96	72.730
998.12	72.418
998.28	68.984
998.45	71.524
998.61	72.807
998.77	71.957
998.94	69.172
999.10	68.495
999.26	68.859
999.43	69.798
999.59	70.760
999.75	69.690
999.91	71.543
1000.08	69.271
1000.24	67.670
1000.40	73.432
1000.57	71.642
1000.73	69.843
1000.89	70.766
1001.05	70.749
1001.22	67.266
1001.38	68.014
1001.54	68.734
1001.70	67.106
1001.87	71.149
1002.03	73.895
1002.19	71.536
1002.35	71.073
1002.52	68.799
1002.68	73.941
1002.84	68.774
1003.00	72.808
1003.17	70.096
1003.33	69.933
1003.49	69.783
1003.65	71.533
1003.82	69.139
1003.98	69.911
1004.14	68.688
1004.30	70.739
1004.47	69.683
1004.63	70.776
1004.79	73.444
1004.95	71.352
1005.11	66.231
1005.28	71.259
1005.44	71.679
1005.60	70.000
1005.76	72.620
1005.93	70.950
1006.09	74.069
1006.25	70.372
1006.41	74.097
1006.57	73.597
1006.74	69.177
1006.90	69.954
1007.06	69.918
1007.22	72.003
1007.38	72.540
1007.55	71.599
1007.71	68.612
1007.87	70.421
1008.03	68.720
1008.19	74.505
1008.35	74.734
1008.52	70.862
1008.68	71.357
1008.84	69.592
1009.00	73.549
1009.16	68.595
1009.32	73.243
1009.49	71.918
1009.65	61.740
1009.81	65.278
1009.97	69.210
1010.13	70.792
1010.29	67.839
1010.46	74.340
1010.62	72.332
1010.78	73.066
1010.94	77.309
1011.10	68.638
1011.26	65.640
1011.42	74.836
1011.59	72.322
1011.75	69.231
1011.91	74.878
1012.07	72.228
1012.23	66.501
1012.39	75.342
1012.55	72.673
1012.71	72.208
1012.88	73.645
1013.04	69.769
1013.20	75.882
1013.36	68.336
1013.52	70.542
1013.68	72.237
1013.84	71.489
1014.00	67.989
1014.16	70.887
1014.33	70.933
1014.49	70.214
1014.65	73.349
1014.81	74.564
1014.97	75.986
1015.13	75.345
1015.29	69.709
1015.45	70.694
1015.61	69.859
1015.77	70.159
1015.93	76.190
1016.09	75.412
1016.26	77.990
1016.42	74.142
1016.58	71.299
1016.74	72.549
1016.90	74.511
1017.06	73.916
1017.22	80.050
1017.38	74.362
1017.54	70.501
1017.70	67.840
1017.86	75.666
1018.02	73.415
1018.18	69.344
1018.34	66.944
1018.50	73.988
1018.66	70.819
1018.82	70.313
1018.98	75.815
1019.14	73.943
1019.31	66.161
1019.47	76.538
1019.63	76.287
1019.79	78.994
1019.95	76.491
1020.11	70.468
1020.27	67.729
1020.43	66.624
1020.59	77.533
1020.75	71.150
1020.91	69.493
1021.07	72.734
1021.23	76.204
1021.39	70.619
1021.55	70.270
1021.71	66.836
1021.87	75.319
1022.03	74.904
1022.19	77.412
1022.35	72.411
1022.51	69.496
1022.67	66.499
1022.83	72.081
1022.99	70.653
1023.15	65.734
1023.31	82.325
1023.47	73.906
1023.63	77.513
1023.79	82.565
1023.95	59.598
1024.10	71.178
1024.26	71.791
1024.42	69.883
1024.58	68.976
1024.74	72.795
1024.90	70.984
1025.06	72.873
1025.22	78.680
1025.38	75.042
1025.54	73.846
1025.70	75.540
1025.86	75.367
1026.02	76.141
1026.18	64.031
1026.34	74.169
1026.50	72.516
1026.66	76.552
1026.82	69.789
1026.98	75.959
1027.13	67.343
1027.29	71.007
1027.45	69.156
1027.61	72.651
1027.77	81.725
1027.93	72.177
1028.09	68.121
1028.25	77.015
1028.41	80.877
1028.57	62.702
1028.73	76.549
1028.88	83.074
1029.04	76.530
1029.20	67.745
1029.36	81.307
1029.52	76.058
1029.68	71.971
1029.84	62.262
1030.00	78.492
1030.16	73.097
1030.32	76.300
1030.47	79.866
1030.63	71.144
1030.79	63.755
1030.95	74.169
1031.11	69.534
1031.27	66.302
1031.43	69.415
1031.59	68.426
1031.74	73.502
1031.90	69.499
1032.06	74.949
1032.22	72.074
1032.38	67.795
1032.54	75.000
1032.69	74.766
1032.85	69.787
1033.01	88.513
1033.17	78.318
1033.33	75.395
1033.49	68.281
1033.65	77.968
1033.80	72.994
1033.96	66.573
1034.12	65.019
1034.28	67.884
1034.44	79.375
1034.60	79.000
1034.75	74.415
1034.91	78.285
1035.07	77.366
1035.23	69.671
1035.39	72.627
1035.54	74.522
1035.70	68.512
1035.86	78.720
1036.02	65.786
1036.18	72.778
1036.33	70.781
1036.49	72.689
1036.65	80.130
1036.81	69.793
1036.97	90.741
1037.12	77.582
1037.28	77.253
1037.44	57.830
1037.60	63.885
1037.76	69.971
1037.91	74.384
1038.07	65.517
1038.23	83.101
1038.39	69.729
1038.54	81.210
1038.70	85.099
1038.86	74.315
1039.02	86.619
1039.17	77.743
1039.33	85.497
1039.49	76.087
1039.65	58.765
1039.80	71.262
1039.96	67.993
1040.12	78.731
1040.28	89.303
>>>>> Data<<<<< Espectral Procesado Extremo
