Fichero De Datos De SpectraSuite
++++++++++++++++++++++++++++++++++++
Fecha: Wed Jul 15 11:09:00 CST 2026
Usuario: HP
Presente Oscuro Del Espectro: Sí
La Referencia de Presente Del Espectro De: Sí
Muestreados de los componentes de Número de espectros: 1
Espectrómetros: USB4H06056
Tiempo de integración (usec): 300000 (USB4H06056)
Promedio de Espectros Hechos un: 5 (USB4H06056)
El Alisar Del Furgón: 0 (USB4H06056)
Párrafo de de Corregir del la del del de Eléctrica del obscuridad: No (USB4H06056)
Estrobo/Lámpara Permitido: No (USB4H06056)
Correct for Detector Non-linearity: No (USB4H06056)
Párrafo de de Corregir del la del del de Externa del luz: No (USB4H06056)
Procesado del espectro de Número de pixeles en: 3648
>>>>> Comienza Data<<<<< Espectral Procesado Del EL
345.09	-80.000
345.30	-80.000
345.52	-80.000
345.74	40.000
345.95	7.143
346.17	-26.829
346.39	67.619
346.60	-307.407
346.82	-300.000
347.04	116.854
347.25	11.494
347.47	3.750
347.69	150.000
347.90	-144.737
348.12	53.333
348.34	-1300.000
348.56	119.672
348.77	160.000
348.99	101.869
349.21	101.709
349.42	78.218
349.64	12.568
349.86	68.033
350.07	37.500
350.29	31.081
350.51	-37.500
350.72	-75.510
350.94	114.074
351.16	59.218
351.37	164.634
351.59	53.797
351.81	6.306
352.02	101.770
352.24	-28.804
352.46	50.000
352.67	39.412
352.89	83.916
353.10	67.829
353.32	212.500
353.54	75.862
353.75	78.000
353.97	0.000
354.19	43.103
354.40	17.094
354.62	185.000
354.84	81.818
355.05	66.423
355.27	51.456
355.49	78.947
355.70	70.667
355.92	30.693
356.14	53.191
356.35	-9.434
356.57	4.819
356.78	95.349
357.00	65.761
357.22	103.008
357.43	900.000
357.65	72.619
357.87	67.699
358.08	46.667
358.30	79.730
358.51	97.802
358.73	32.609
358.95	23.353
359.16	58.861
359.38	-41.916
359.60	117.391
359.81	43.820
360.03	52.941
360.24	71.296
360.46	106.306
360.68	127.586
360.89	106.024
361.11	26.154
361.33	50.000
361.54	95.798
361.76	46.000
361.97	80.189
362.19	60.748
362.41	63.218
362.62	135.294
362.84	33.333
363.05	170.588
363.27	34.457
363.49	52.299
363.70	29.961
363.92	70.930
364.13	163.636
364.35	60.355
364.57	67.832
364.78	109.000
365.00	90.588
365.21	60.227
365.43	63.725
365.65	0.000
365.86	118.987
366.08	48.193
366.29	67.347
366.51	81.429
366.73	121.429
366.94	62.319
367.16	88.060
367.37	-142.623
367.59	67.665
367.80	-15.068
368.02	42.365
368.24	-20.968
368.45	22.500
368.67	24.107
368.88	31.579
369.10	10.160
369.31	75.281
369.53	105.970
369.75	24.479
369.96	19.945
370.18	71.171
370.39	88.462
370.61	138.298
370.82	44.565
371.04	38.095
371.26	50.000
371.47	92.188
371.69	111.000
371.90	67.059
372.12	30.380
372.33	-36.111
372.55	25.561
372.76	74.884
372.98	68.301
373.20	43.125
373.41	50.617
373.63	15.753
373.84	66.000
374.06	52.096
374.27	53.909
374.49	200.000
374.70	1.227
374.92	64.444
375.13	51.163
375.35	61.029
375.57	57.647
375.78	64.444
376.00	17.537
376.21	108.333
376.43	119.608
376.64	27.350
376.86	106.504
377.07	68.912
377.29	99.565
377.50	107.473
377.72	134.314
377.93	106.818
378.15	62.500
378.36	86.154
378.58	-2.721
378.80	26.627
379.01	140.588
379.23	78.488
379.44	80.203
379.66	310.000
379.87	56.213
380.09	53.488
380.30	97.814
380.52	65.574
380.73	84.615
380.95	20.096
381.16	101.220
381.38	79.679
381.59	96.040
381.81	66.939
382.02	60.816
382.24	50.198
382.45	62.547
382.67	90.816
382.88	92.095
383.10	57.616
383.31	60.190
383.53	43.402
383.74	53.409
383.96	99.531
384.17	133.113
384.39	99.032
384.60	89.630
384.82	60.000
385.03	50.204
385.25	110.887
385.46	107.763
385.68	64.135
385.89	123.899
386.11	94.180
386.32	124.444
386.54	92.857
386.75	163.208
386.97	37.551
387.18	68.182
387.40	46.154
387.61	53.219
387.83	28.571
388.04	108.602
388.25	81.159
388.47	67.843
388.68	66.667
388.90	123.125
389.11	88.953
389.33	78.947
389.54	63.102
389.76	56.481
389.97	49.346
390.19	91.080
390.40	66.667
390.62	65.110
390.83	67.647
391.05	136.158
391.26	87.967
391.47	74.843
391.69	95.062
391.90	93.657
392.12	67.416
392.33	48.026
392.55	59.200
392.76	66.445
392.98	71.692
393.19	67.000
393.41	89.302
393.62	59.581
393.83	60.949
394.05	54.094
394.26	79.121
394.48	77.914
394.69	65.762
394.91	23.585
395.12	87.465
395.34	63.444
395.55	61.369
395.76	94.024
395.98	74.925
396.19	39.677
396.41	86.072
396.62	54.773
396.84	51.791
397.05	47.872
397.26	54.545
397.48	90.244
397.69	84.198
397.91	70.188
398.12	72.967
398.33	73.502
398.55	81.024
398.76	68.000
398.98	62.994
399.19	43.457
399.41	81.044
399.62	64.179
399.83	98.851
400.05	46.526
400.26	87.990
400.48	79.909
400.69	73.731
400.90	73.767
401.12	80.000
401.33	48.756
401.55	69.409
401.76	53.273
401.97	52.492
402.19	59.108
402.40	72.353
402.62	51.558
402.83	77.226
403.04	78.304
403.26	84.916
403.47	73.368
403.69	51.688
403.90	45.892
404.11	61.211
404.33	70.938
404.54	49.524
404.76	82.526
404.97	65.385
405.18	65.455
405.40	47.204
405.61	42.548
405.83	58.634
406.04	84.712
406.25	73.349
406.47	65.369
406.68	58.121
406.89	76.149
407.11	48.622
407.32	62.992
407.54	48.326
407.75	61.498
407.96	59.006
408.18	60.762
408.39	55.319
408.60	54.188
408.82	42.094
409.03	65.109
409.24	66.350
409.46	74.640
409.67	67.110
409.89	65.306
410.10	61.554
410.31	64.170
410.53	65.773
410.74	43.794
410.95	42.798
411.17	60.578
411.38	55.272
411.59	45.869
411.81	58.221
412.02	55.136
412.23	52.137
412.45	47.859
412.66	43.734
412.87	52.969
413.09	43.823
413.30	50.437
413.51	51.429
413.73	43.779
413.94	42.747
414.15	42.180
414.37	33.949
414.58	51.468
414.79	45.398
415.01	48.615
415.22	39.700
415.43	41.727
415.65	41.018
415.86	43.443
416.07	46.639
416.29	39.783
416.50	41.575
416.71	43.470
416.93	42.857
417.14	29.937
417.35	36.983
417.57	35.591
417.78	29.255
417.99	37.383
418.21	37.905
418.42	39.650
418.63	33.924
418.85	-67.681
419.06	34.320
419.27	33.788
419.48	35.188
419.70	35.685
419.91	30.591
420.12	33.679
420.34	27.954
420.55	28.504
420.76	28.676
420.98	35.529
421.19	27.312
421.40	33.586
421.61	32.081
421.83	25.014
422.04	29.432
422.25	28.774
422.47	31.723
422.68	27.618
422.89	22.663
423.11	28.363
423.32	19.227
423.53	25.602
423.74	28.447
423.96	24.115
424.17	31.273
424.38	21.173
424.59	27.985
424.81	23.038
425.02	25.634
425.23	24.053
425.45	26.251
425.66	24.367
425.87	28.152
426.08	22.800
426.30	18.599
426.51	24.681
426.72	24.567
426.93	21.065
427.15	22.708
427.36	21.815
427.57	23.406
427.79	20.328
428.00	23.046
428.21	-22.671
428.42	18.059
428.64	19.329
428.85	20.460
429.06	24.097
429.27	17.852
429.49	21.843
429.70	20.271
429.91	19.861
430.12	16.497
430.34	19.761
430.55	22.532
430.76	18.939
430.97	19.423
431.19	21.701
431.40	20.921
431.61	20.698
431.82	17.765
432.03	22.155
432.25	17.298
432.46	19.983
432.67	20.616
432.88	20.621
433.10	16.348
433.31	17.537
433.52	17.940
433.73	19.491
433.95	18.717
434.16	17.575
434.37	18.552
434.58	18.560
434.79	17.409
435.01	18.357
435.22	19.428
435.43	20.272
435.64	16.861
435.86	19.751
436.07	19.833
436.28	18.008
436.49	20.620
436.70	18.580
436.92	16.325
437.13	21.386
437.34	18.371
437.55	19.080
437.76	19.637
437.98	19.252
438.19	18.804
438.40	18.502
438.61	18.961
438.82	19.600
439.04	17.074
439.25	17.525
439.46	16.626
439.67	18.000
439.88	17.174
440.10	17.599
440.31	15.531
440.52	17.356
440.73	18.182
440.94	18.749
441.16	20.367
441.37	15.990
441.58	20.029
441.79	17.374
442.00	18.332
442.21	17.885
442.43	19.109
442.64	18.092
442.85	18.314
443.06	17.645
443.27	19.609
443.48	16.972
443.70	19.312
443.91	18.925
444.12	17.628
444.33	19.528
444.54	17.837
444.75	17.467
444.97	19.118
445.18	16.456
445.39	18.219
445.60	19.459
445.81	18.321
446.02	14.522
446.24	19.217
446.45	17.817
446.66	17.558
446.87	16.981
447.08	17.297
447.29	16.906
447.51	17.854
447.72	19.292
447.93	17.771
448.14	18.202
448.35	18.834
448.56	16.752
448.77	20.299
448.99	16.718
449.20	17.472
449.41	16.444
449.62	18.776
449.83	20.053
450.04	16.551
450.25	19.600
450.46	16.236
450.68	16.050
450.89	18.031
451.10	17.127
451.31	19.584
451.52	17.740
451.73	17.155
451.94	17.002
452.15	18.602
452.37	17.462
452.58	18.392
452.79	20.931
453.00	18.359
453.21	17.351
453.42	16.063
453.63	17.656
453.84	17.971
454.06	18.842
454.27	16.699
454.48	19.723
454.69	16.046
454.90	17.719
455.11	16.488
455.32	19.213
455.53	18.863
455.74	18.687
455.95	17.349
456.17	18.876
456.38	17.020
456.59	15.320
456.80	18.219
457.01	19.528
457.22	18.566
457.43	18.805
457.64	17.480
457.85	18.370
458.06	18.244
458.27	19.124
458.49	17.452
458.70	17.595
458.91	16.938
459.12	18.814
459.33	18.652
459.54	17.908
459.75	18.306
459.96	17.975
460.17	18.444
460.38	18.224
460.59	20.647
460.80	17.500
461.01	19.328
461.23	18.286
461.44	17.800
461.65	18.787
461.86	18.365
462.07	18.448
462.28	19.627
462.49	17.293
462.70	18.905
462.91	17.892
463.12	18.014
463.33	19.015
463.54	18.208
463.75	18.725
463.96	19.405
464.17	19.877
464.38	18.236
464.59	17.790
464.81	20.127
465.02	19.178
465.23	17.819
465.44	19.905
465.65	18.612
465.86	18.653
466.07	18.855
466.28	18.366
466.49	17.986
466.70	17.969
466.91	19.215
467.12	19.027
467.33	19.415
467.54	18.885
467.75	19.058
467.96	18.568
468.17	17.797
468.38	19.410
468.59	18.435
468.80	19.834
469.01	19.495
469.22	20.335
469.43	19.278
469.64	18.597
469.85	19.928
470.06	19.395
470.27	18.696
470.48	20.890
470.69	19.175
470.90	19.727
471.11	18.323
471.32	19.103
471.53	18.619
471.74	18.782
471.95	18.386
472.16	17.990
472.37	18.742
472.58	19.300
472.79	19.524
473.00	18.746
473.21	19.224
473.42	18.435
473.63	19.415
473.84	19.664
474.05	19.633
474.26	18.807
474.47	18.871
474.68	18.719
474.89	18.429
475.10	20.541
475.31	18.850
475.52	18.751
475.73	20.479
475.94	18.959
476.15	19.231
476.36	19.418
476.57	18.866
476.78	19.421
476.99	18.997
477.20	19.497
477.41	18.277
477.62	19.021
477.83	19.072
478.04	19.291
478.25	18.192
478.46	19.356
478.67	19.413
478.88	18.682
479.09	19.624
479.30	19.341
479.51	19.141
479.72	19.422
479.93	19.498
480.14	19.486
480.35	19.406
480.56	18.764
480.77	19.708
480.98	18.069
481.18	19.717
481.39	19.529
481.60	18.378
481.81	19.053
482.02	19.088
482.23	19.619
482.44	19.214
482.65	18.607
482.86	18.766
483.07	19.249
483.28	19.520
483.49	19.544
483.70	19.388
483.91	19.719
484.12	19.386
484.33	18.848
484.53	19.362
484.74	19.392
484.95	19.154
485.16	19.134
485.37	19.856
485.58	19.845
485.79	19.330
486.00	19.656
486.21	19.310
486.42	18.570
486.63	20.077
486.84	19.226
487.05	19.548
487.25	19.161
487.46	18.970
487.67	18.992
487.88	20.389
488.09	19.189
488.30	20.778
488.51	24.856
488.72	19.895
488.93	19.603
489.14	19.320
489.35	19.098
489.55	19.282
489.76	19.269
489.97	19.841
490.18	19.203
490.39	19.017
490.60	19.255
490.81	18.890
491.02	19.864
491.23	19.562
491.43	19.347
491.64	19.795
491.85	19.708
492.06	19.528
492.27	19.862
492.48	19.276
492.69	18.782
492.90	19.467
493.11	19.891
493.31	19.753
493.52	19.887
493.73	19.630
493.94	19.805
494.15	19.451
494.36	20.185
494.57	19.639
494.78	19.623
494.98	19.364
495.19	19.456
495.40	19.248
495.61	19.970
495.82	20.533
496.03	19.194
496.24	19.753
496.44	19.502
496.65	19.861
496.86	19.339
497.07	19.610
497.28	19.480
497.49	19.575
497.70	19.962
497.90	19.805
498.11	19.803
498.32	19.676
498.53	20.083
498.74	19.698
498.95	19.927
499.15	19.472
499.36	20.011
499.57	19.819
499.78	19.887
499.99	19.589
500.20	19.614
500.40	19.790
500.61	20.141
500.82	19.641
501.03	19.726
501.24	19.453
501.45	19.629
501.65	19.806
501.86	19.829
502.07	20.020
502.28	19.984
502.49	20.305
502.70	19.601
502.90	20.047
503.11	20.606
503.32	20.216
503.53	19.922
503.74	19.982
503.94	20.343
504.15	19.455
504.36	20.782
504.57	20.593
504.78	20.393
504.98	20.531
505.19	20.310
505.40	20.499
505.61	20.770
505.82	19.701
506.02	20.012
506.23	19.972
506.44	20.007
506.65	20.318
506.86	20.071
507.06	20.546
507.27	20.546
507.48	20.238
507.69	19.815
507.90	20.766
508.10	20.637
508.31	20.175
508.52	20.295
508.73	20.199
508.94	20.457
509.14	19.871
509.35	20.609
509.56	20.068
509.77	20.668
509.97	20.575
510.18	20.666
510.39	20.548
510.60	20.516
510.80	20.815
511.01	20.757
511.22	20.647
511.43	20.707
511.64	20.727
511.84	20.335
512.05	20.358
512.26	19.948
512.47	20.557
512.67	21.188
512.88	20.902
513.09	21.074
513.30	20.861
513.50	20.835
513.71	20.907
513.92	21.368
514.13	20.591
514.33	21.061
514.54	21.484
514.75	20.926
514.96	20.928
515.16	21.226
515.37	21.189
515.58	21.414
515.78	21.073
515.99	21.389
516.20	21.399
516.41	21.422
516.61	20.658
516.82	21.685
517.03	21.542
517.24	22.037
517.44	22.025
517.65	21.617
517.86	21.703
518.07	22.240
518.27	21.884
518.48	22.126
518.69	21.892
518.89	21.924
519.10	21.970
519.31	21.850
519.52	21.846
519.72	21.831
519.93	22.177
520.14	22.559
520.34	22.474
520.55	22.752
520.76	22.215
520.96	22.818
521.17	22.701
521.38	22.579
521.59	22.551
521.79	23.128
522.00	22.857
522.21	22.564
522.41	23.012
522.62	22.942
522.83	23.246
523.03	22.791
523.24	23.037
523.45	23.125
523.66	23.018
523.86	23.060
524.07	23.264
524.28	23.659
524.48	23.727
524.69	23.719
524.90	24.390
525.10	23.572
525.31	24.336
525.52	24.251
525.72	24.345
525.93	24.292
526.14	23.903
526.34	24.307
526.55	24.670
526.76	24.049
526.96	24.122
527.17	24.575
527.38	24.659
527.58	25.018
527.79	24.720
528.00	25.052
528.20	24.820
528.41	25.149
528.62	25.227
528.82	25.156
529.03	25.690
529.24	25.180
529.44	25.450
529.65	25.606
529.85	25.368
530.06	25.647
530.27	25.726
530.47	25.739
530.68	25.876
530.89	26.240
531.09	26.384
531.30	26.515
531.51	26.760
531.71	26.378
531.92	25.783
532.13	26.782
532.33	26.219
532.54	26.990
532.74	26.800
532.95	26.852
533.16	27.029
533.36	26.677
533.57	26.875
533.78	27.042
533.98	27.346
534.19	26.670
534.39	27.046
534.60	27.591
534.81	27.160
535.01	27.207
535.22	27.423
535.42	27.730
535.63	27.582
535.84	27.639
536.04	28.350
536.25	27.460
536.45	27.794
536.66	27.362
536.87	27.865
537.07	27.684
537.28	28.222
537.48	27.928
537.69	28.046
537.90	28.095
538.10	27.963
538.31	28.324
538.51	27.984
538.72	27.950
538.93	28.100
539.13	28.263
539.34	27.933
539.54	28.296
539.75	28.417
539.96	28.486
540.16	28.912
540.37	28.671
540.57	28.586
540.78	28.619
540.98	28.530
541.19	28.823
541.40	28.348
541.60	28.620
541.81	29.024
542.01	28.647
542.22	28.519
542.42	28.879
542.63	28.791
542.83	29.103
543.04	28.734
543.25	29.131
543.45	28.437
543.66	28.752
543.86	28.934
544.07	29.128
544.27	29.032
544.48	28.662
544.68	28.819
544.89	28.910
545.10	29.025
545.30	29.140
545.51	28.977
545.71	29.053
545.92	29.012
546.12	28.681
546.33	28.909
546.53	28.773
546.74	29.321
546.94	29.056
547.15	28.985
547.36	29.454
547.56	29.195
547.77	29.441
547.97	29.357
548.18	29.093
548.38	29.313
548.59	29.322
548.79	29.306
549.00	28.955
549.20	29.596
549.41	29.464
549.61	29.267
549.82	29.742
550.02	29.247
550.23	29.299
550.43	29.528
550.64	29.242
550.84	29.207
551.05	29.524
551.25	29.455
551.46	29.427
551.66	29.536
551.87	29.659
552.07	29.662
552.28	29.710
552.48	29.587
552.69	29.720
552.89	29.507
553.10	29.497
553.30	29.662
553.51	29.736
553.71	29.476
553.92	29.379
554.12	29.960
554.33	29.848
554.53	29.499
554.74	29.699
554.94	29.465
555.15	29.753
555.35	29.864
555.56	29.601
555.76	29.770
555.97	30.031
556.17	29.674
556.38	29.335
556.58	29.815
556.78	29.493
556.99	29.941
557.19	29.868
557.40	30.221
557.60	29.876
557.81	29.711
558.01	29.798
558.22	29.670
558.42	29.773
558.63	29.745
558.83	30.057
559.04	29.232
559.24	29.904
559.44	29.810
559.65	29.867
559.85	29.402
560.06	29.511
560.26	29.752
560.47	29.851
560.67	29.269
560.88	29.750
561.08	29.937
561.28	29.750
561.49	29.912
561.69	29.704
561.90	29.616
562.10	29.359
562.31	29.587
562.51	29.622
562.71	29.725
562.92	29.424
563.12	29.219
563.33	29.766
563.53	29.533
563.74	29.513
563.94	29.268
564.14	29.305
564.35	29.502
564.55	29.098
564.76	29.343
564.96	29.283
565.17	29.085
565.37	29.330
565.57	29.386
565.78	29.115
565.98	29.060
566.19	28.963
566.39	28.943
566.59	28.860
566.80	28.893
567.00	28.991
567.21	28.596
567.41	28.908
567.61	28.818
567.82	28.999
568.02	28.758
568.23	28.875
568.43	28.517
568.63	28.967
568.84	28.580
569.04	28.722
569.24	28.164
569.45	28.224
569.65	28.795
569.86	28.322
570.06	28.458
570.26	28.471
570.47	28.063
570.67	27.810
570.87	28.066
571.08	28.132
571.28	28.174
571.49	28.047
571.69	27.347
571.89	27.813
572.10	27.966
572.30	27.894
572.50	27.571
572.71	27.652
572.91	27.188
573.11	27.106
573.32	27.715
573.52	27.042
573.73	27.171
573.93	27.062
574.13	27.569
574.34	27.491
574.54	27.170
574.74	27.299
574.95	27.167
575.15	26.765
575.35	26.984
575.56	26.798
575.76	26.829
575.96	26.915
576.17	26.898
576.37	26.630
576.57	26.587
576.78	26.531
576.98	26.530
577.18	26.595
577.39	26.767
577.59	26.687
577.79	26.463
578.00	26.497
578.20	26.395
578.40	26.030
578.61	25.837
578.81	25.836
579.01	25.977
579.22	26.327
579.42	25.825
579.62	26.021
579.82	26.059
580.03	25.861
580.23	25.819
580.43	26.045
580.64	25.726
580.84	25.822
581.04	25.425
581.25	25.352
581.45	25.332
581.65	25.586
581.86	25.843
582.06	25.358
582.26	25.541
582.46	25.727
582.67	25.360
582.87	25.321
583.07	25.457
583.28	25.391
583.48	25.376
583.68	25.241
583.88	25.209
584.09	25.362
584.29	25.210
584.49	25.066
584.70	24.668
584.90	24.854
585.10	25.008
585.30	24.608
585.51	25.299
585.71	24.978
585.91	25.100
586.11	24.870
586.32	25.028
586.52	24.760
586.72	25.106
586.92	24.766
587.13	25.064
587.33	24.857
587.53	24.763
587.74	24.514
587.94	24.527
588.14	25.012
588.34	24.659
588.55	24.691
588.75	24.497
588.95	24.498
589.15	24.685
589.36	24.712
589.56	24.372
589.76	24.556
589.96	24.270
590.16	24.280
590.37	24.376
590.57	24.641
590.77	24.340
590.97	24.502
591.18	24.009
591.38	24.576
591.58	26.129
591.78	24.332
591.99	24.175
592.19	24.218
592.39	24.484
592.59	24.260
592.79	24.290
593.00	23.866
593.20	24.033
593.40	24.265
593.60	24.316
593.81	23.938
594.01	23.954
594.21	24.187
594.41	24.104
594.61	23.937
594.82	24.375
595.02	23.934
595.22	23.935
595.42	24.047
595.62	24.035
595.83	23.998
596.03	24.075
596.23	23.915
596.43	23.936
596.63	24.048
596.84	24.072
597.04	23.877
597.24	23.816
597.44	24.040
597.64	23.938
597.84	24.113
598.05	23.902
598.25	23.804
598.45	23.819
598.65	24.151
598.85	23.987
599.06	23.930
599.26	23.750
599.46	23.930
599.66	23.478
599.86	24.140
600.06	23.564
600.27	24.016
600.47	23.784
600.67	23.719
600.87	23.752
601.07	23.751
601.27	23.621
601.48	23.900
601.68	23.882
601.88	23.741
602.08	23.865
602.28	23.835
602.48	23.738
602.68	23.653
602.89	23.781
603.09	23.807
603.29	23.717
603.49	23.707
603.69	23.698
603.89	23.667
604.09	23.636
604.30	23.581
604.50	23.361
604.70	23.784
604.90	23.560
605.10	23.565
605.30	23.618
605.50	23.539
605.71	23.252
605.91	23.686
606.11	23.667
606.31	23.732
606.51	23.806
606.71	23.494
606.91	23.781
607.11	23.294
607.32	23.411
607.52	23.507
607.72	23.315
607.92	23.649
608.12	23.538
608.32	23.571
608.52	23.399
608.72	23.489
608.92	23.328
609.12	23.501
609.33	23.406
609.53	23.314
609.73	23.594
609.93	23.552
610.13	23.431
610.33	23.680
610.53	23.505
610.73	23.259
610.93	23.479
611.13	23.519
611.34	23.340
611.54	23.600
611.74	23.629
611.94	23.376
612.14	23.673
612.34	23.329
612.54	23.306
612.74	23.443
612.94	23.355
613.14	23.262
613.34	23.306
613.54	23.277
613.74	22.988
613.95	23.196
614.15	23.152
614.35	23.394
614.55	23.134
614.75	23.109
614.95	23.135
615.15	23.166
615.35	23.066
615.55	23.239
615.75	23.412
615.95	23.228
616.15	23.368
616.35	23.276
616.55	23.101
616.75	23.283
616.95	23.119
617.15	23.131
617.35	22.813
617.56	23.017
617.76	22.778
617.96	23.103
618.16	23.179
618.36	23.185
618.56	23.136
618.76	22.709
618.96	23.307
619.16	22.954
619.36	23.136
619.56	23.015
619.76	23.267
619.96	22.907
620.16	23.148
620.36	22.818
620.56	22.746
620.76	22.911
620.96	23.097
621.16	22.993
621.36	22.981
621.56	22.708
621.76	22.666
621.96	22.739
622.16	23.078
622.36	22.847
622.56	22.937
622.76	22.868
622.96	22.859
623.16	22.909
623.36	22.529
623.56	22.838
623.76	22.544
623.96	22.805
624.16	22.813
624.36	22.819
624.56	22.786
624.76	23.040
624.96	22.860
625.16	22.748
625.36	22.829
625.56	23.008
625.76	22.762
625.96	22.797
626.16	22.465
626.36	22.617
626.56	23.023
626.76	22.527
626.96	22.817
627.16	22.853
627.36	22.553
627.56	22.828
627.76	22.820
627.96	22.493
628.16	22.773
628.36	22.734
628.56	22.758
628.75	22.571
628.95	22.519
629.15	22.858
629.35	22.610
629.55	22.540
629.75	22.677
629.95	22.370
630.15	22.594
630.35	22.668
630.55	22.618
630.75	22.751
630.95	22.420
631.15	22.589
631.35	22.619
631.55	22.718
631.75	22.393
631.95	22.679
632.15	22.823
632.34	22.756
632.54	22.715
632.74	22.573
632.94	22.620
633.14	22.583
633.34	22.640
633.54	22.814
633.74	22.634
633.94	22.676
634.14	22.723
634.34	22.752
634.54	22.620
634.74	22.559
634.93	22.624
635.13	22.494
635.33	23.107
635.53	22.699
635.73	22.591
635.93	22.653
636.13	22.462
636.33	22.503
636.53	22.589
636.73	22.460
636.93	22.496
637.12	22.430
637.32	22.243
637.52	22.465
637.72	22.314
637.92	22.428
638.12	22.298
638.32	22.284
638.52	22.302
638.72	22.248
638.91	22.164
639.11	22.595
639.31	22.189
639.51	22.556
639.71	22.037
639.91	22.162
640.11	22.393
640.31	22.095
640.50	21.959
640.70	22.196
640.90	22.189
641.10	22.301
641.30	22.442
641.50	22.492
641.70	22.163
641.89	22.070
642.09	22.300
642.29	22.218
642.49	22.173
642.69	22.465
642.89	21.775
643.09	22.068
643.28	22.152
643.48	21.759
643.68	21.977
643.88	21.887
644.08	21.887
644.28	21.661
644.48	21.628
644.67	21.889
644.87	21.742
645.07	21.880
645.27	21.701
645.47	22.043
645.67	21.704
645.86	21.997
646.06	21.800
646.26	21.979
646.46	21.958
646.66	21.631
646.85	21.975
647.05	21.834
647.25	21.823
647.45	21.597
647.65	21.978
647.85	21.661
648.04	21.592
648.24	21.584
648.44	21.329
648.64	21.401
648.84	21.487
649.03	21.504
649.23	21.463
649.43	21.473
649.63	21.605
649.83	21.486
650.02	21.457
650.22	21.869
650.42	21.484
650.62	21.463
650.82	21.435
651.01	21.572
651.21	21.364
651.41	21.521
651.61	21.502
651.81	21.574
652.00	21.415
652.20	21.279
652.40	21.370
652.60	21.661
652.79	21.424
652.99	21.671
653.19	21.388
653.39	21.636
653.59	21.634
653.78	21.552
653.98	21.284
654.18	21.569
654.38	21.280
654.57	21.297
654.77	21.227
654.97	21.498
655.17	21.177
655.36	21.423
655.56	21.458
655.76	21.024
655.96	21.457
656.15	21.581
656.35	21.349
656.55	21.303
656.75	21.374
656.94	21.236
657.14	21.644
657.34	21.333
657.54	21.402
657.73	21.459
657.93	21.316
658.13	21.542
658.33	21.436
658.52	21.267
658.72	21.673
658.92	21.302
659.11	21.669
659.31	21.396
659.51	21.344
659.71	21.387
659.90	21.397
660.10	21.343
660.30	21.211
660.50	21.344
660.69	21.430
660.89	21.160
661.09	21.232
661.28	21.290
661.48	21.115
661.68	21.276
661.87	21.279
662.07	21.343
662.27	21.228
662.47	21.275
662.66	21.340
662.86	21.249
663.06	21.095
663.25	21.337
663.45	21.002
663.65	21.376
663.84	21.051
664.04	21.191
664.24	21.307
664.44	21.203
664.63	21.056
664.83	21.325
665.03	20.950
665.22	21.153
665.42	21.217
665.62	20.994
665.81	21.120
666.01	21.165
666.21	21.226
666.40	21.333
666.60	21.188
666.80	21.063
666.99	21.406
667.19	21.126
667.39	21.282
667.58	20.864
667.78	21.318
667.98	21.139
668.17	21.207
668.37	21.026
668.57	21.285
668.76	21.105
668.96	21.422
669.16	21.398
669.35	21.090
669.55	21.157
669.74	21.386
669.94	20.891
670.14	21.026
670.33	21.178
670.53	20.910
670.73	21.109
670.92	21.135
671.12	21.389
671.32	21.578
671.51	21.342
671.71	21.467
671.90	21.412
672.10	21.264
672.30	21.131
672.49	21.207
672.69	21.370
672.89	21.028
673.08	21.125
673.28	21.351
673.47	21.191
673.67	21.418
673.87	21.322
674.06	21.483
674.26	21.260
674.45	21.560
674.65	21.498
674.85	21.273
675.04	21.337
675.24	21.312
675.43	21.457
675.63	21.324
675.83	21.410
676.02	21.507
676.22	21.275
676.41	21.346
676.61	21.394
676.81	21.499
677.00	21.360
677.20	21.712
677.39	21.573
677.59	21.332
677.79	21.447
677.98	21.380
678.18	21.499
678.37	21.639
678.57	21.474
678.76	21.620
678.96	21.686
679.16	21.503
679.35	21.570
679.55	21.789
679.74	21.610
679.94	21.637
680.13	21.621
680.33	21.560
680.53	21.767
680.72	21.528
680.92	21.597
681.11	21.660
681.31	21.437
681.50	21.693
681.70	21.725
681.89	21.584
682.09	21.588
682.28	21.594
682.48	21.753
682.68	21.709
682.87	21.786
683.07	21.615
683.26	22.022
683.46	21.774
683.65	22.232
683.85	21.861
684.04	21.918
684.24	21.759
684.43	21.748
684.63	21.885
684.82	21.656
685.02	21.822
685.21	21.951
685.41	21.936
685.60	21.757
685.80	22.056
686.00	21.897
686.19	22.207
686.39	21.893
686.58	21.883
686.78	22.056
686.97	22.050
687.17	21.915
687.36	22.259
687.56	21.994
687.75	21.858
687.95	21.997
688.14	21.980
688.34	22.164
688.53	22.013
688.73	21.923
688.92	22.221
689.12	22.023
689.31	22.214
689.51	22.069
689.70	22.170
689.89	22.120
690.09	22.388
690.28	22.302
690.48	22.240
690.67	22.330
690.87	22.343
691.06	22.185
691.26	22.507
691.45	22.280
691.65	22.616
691.84	22.286
692.04	22.383
692.23	22.584
692.43	22.153
692.62	22.704
692.82	22.809
693.01	22.740
693.20	22.548
693.40	22.885
693.59	23.205
693.79	22.801
693.98	23.218
694.18	22.881
694.37	23.115
694.57	22.980
694.76	23.156
694.95	23.315
695.15	23.329
695.34	23.466
695.54	23.653
695.73	23.537
695.93	23.866
696.12	23.803
696.32	24.229
696.51	24.272
696.70	24.494
696.90	24.322
697.09	24.411
697.29	24.924
697.48	24.982
697.67	25.168
697.87	25.498
698.06	25.284
698.26	25.431
698.45	25.828
698.65	25.862
698.84	26.232
699.03	25.901
699.23	26.500
699.42	26.393
699.62	26.840
699.81	26.967
700.00	26.998
700.20	27.139
700.39	27.624
700.59	28.114
700.78	28.062
700.97	28.155
701.17	28.540
701.36	28.971
701.56	29.131
701.75	28.840
701.94	29.572
702.14	29.832
702.33	29.961
702.52	30.350
702.72	30.593
702.91	30.838
703.11	30.984
703.30	31.349
703.49	31.192
703.69	32.017
703.88	32.134
704.07	32.435
704.27	32.677
704.46	32.816
704.66	33.525
704.85	33.135
705.04	33.990
705.24	33.936
705.43	34.375
705.62	34.693
705.82	34.870
706.01	35.253
706.20	35.031
706.40	35.498
706.59	35.783
706.78	36.232
706.98	36.280
707.17	36.799
707.36	37.089
707.56	37.482
707.75	37.521
707.94	38.235
708.14	38.233
708.33	38.463
708.52	39.084
708.72	39.116
708.91	39.466
709.10	39.600
709.30	39.720
709.49	40.186
709.68	40.710
709.88	40.740
710.07	41.233
710.26	41.367
710.46	41.716
710.65	41.800
710.84	42.270
711.04	41.982
711.23	42.910
711.42	43.061
711.61	42.939
711.81	43.912
712.00	43.590
712.19	44.087
712.39	44.561
712.58	44.256
712.77	44.743
712.97	45.415
713.16	45.213
713.35	45.749
713.54	46.280
713.74	46.356
713.93	46.692
714.12	46.736
714.32	47.013
714.51	47.513
714.70	47.774
714.89	47.727
715.09	47.812
715.28	48.743
715.47	48.945
715.66	49.327
715.86	49.660
716.05	49.490
716.24	50.151
716.44	50.200
716.63	50.728
716.82	50.773
717.01	50.890
717.21	51.525
717.40	51.370
717.59	51.937
717.78	52.403
717.98	52.307
718.17	53.239
718.36	53.017
718.55	53.207
718.75	53.583
718.94	53.798
719.13	54.147
719.32	54.595
719.52	54.702
719.71	55.395
719.90	55.579
720.09	55.693
720.28	55.806
720.48	56.056
720.67	56.316
720.86	56.625
721.05	56.576
721.25	56.830
721.44	57.199
721.63	57.732
721.82	58.072
722.01	58.134
722.21	58.443
722.40	58.784
722.59	58.705
722.78	59.301
722.98	59.510
723.17	60.237
723.36	60.169
723.55	60.212
723.74	60.632
723.94	61.106
724.13	60.760
724.32	61.200
724.51	61.691
724.70	62.194
724.89	62.192
725.09	62.447
725.28	62.925
725.47	63.396
725.66	63.934
725.85	63.813
726.05	63.518
726.24	64.380
726.43	64.519
726.62	64.852
726.81	65.069
727.00	65.402
727.20	65.375
727.39	65.606
727.58	65.925
727.77	66.312
727.96	66.605
728.15	66.670
728.35	66.630
728.54	67.338
728.73	67.778
728.92	67.650
729.11	67.753
729.30	68.489
729.50	68.281
729.69	68.800
729.88	69.361
730.07	69.076
730.26	69.257
730.45	68.917
730.64	69.510
730.84	69.790
731.03	70.349
731.22	70.335
731.41	70.451
731.60	70.663
731.79	71.096
731.98	71.122
732.18	71.851
732.37	71.680
732.56	71.905
732.75	71.778
732.94	72.535
733.13	72.934
733.32	72.857
733.51	73.087
733.71	73.013
733.90	73.337
734.09	73.575
734.28	73.677
734.47	73.556
734.66	74.235
734.85	74.592
735.04	74.339
735.23	74.887
735.42	74.343
735.62	74.657
735.81	75.565
736.00	75.427
736.19	75.225
736.38	75.491
736.57	75.593
736.76	75.493
736.95	76.461
737.14	76.521
737.33	76.689
737.52	76.567
737.72	76.644
737.91	76.697
738.10	76.895
738.29	77.382
738.48	77.418
738.67	77.721
738.86	77.997
739.05	77.613
739.24	78.163
739.43	78.763
739.62	78.812
739.81	78.507
740.00	77.656
740.19	78.745
740.39	78.803
740.58	78.659
740.77	79.060
740.96	78.727
741.15	79.482
741.34	79.118
741.53	80.332
741.72	79.768
741.91	80.061
742.10	79.977
742.29	79.865
742.48	80.363
742.67	80.721
742.86	80.080
743.05	81.602
743.24	80.370
743.43	81.296
743.62	81.376
743.81	81.064
744.00	81.498
744.19	81.232
744.38	81.811
744.57	81.637
744.76	81.802
744.95	81.306
745.14	81.974
745.33	81.451
745.52	82.003
745.71	81.711
745.90	82.676
746.09	82.218
746.28	82.434
746.47	82.825
746.66	83.100
746.85	82.829
747.04	82.982
747.23	83.379
747.42	83.711
747.61	83.192
747.80	83.332
747.99	82.543
748.18	83.115
748.37	84.132
748.56	83.217
748.75	83.426
748.94	83.146
749.13	83.673
749.32	83.338
749.51	83.552
749.70	83.879
749.89	83.439
750.08	84.394
750.27	84.064
750.46	83.686
750.65	84.089
750.84	83.903
751.03	84.408
751.22	84.216
751.41	84.506
751.60	83.853
751.79	84.454
751.98	83.829
752.17	84.755
752.36	83.892
752.55	84.482
752.74	84.608
752.93	84.601
753.12	85.238
753.30	84.409
753.49	84.701
753.68	85.308
753.87	84.602
754.06	84.774
754.25	85.287
754.44	85.452
754.63	85.104
754.82	85.101
755.01	85.020
755.20	85.669
755.39	85.514
755.58	85.113
755.77	85.434
755.96	85.033
756.14	85.127
756.33	86.076
756.52	85.688
756.71	85.243
756.90	86.271
757.09	85.888
757.28	85.394
757.47	85.915
757.66	85.968
757.85	85.568
758.04	85.860
758.22	85.473
758.41	85.533
758.60	86.250
758.79	85.830
758.98	86.088
759.17	85.775
759.36	85.689
759.55	86.007
759.74	86.617
759.92	86.282
760.11	85.995
760.30	85.705
760.49	86.404
760.68	85.814
760.87	85.997
761.06	86.272
761.25	86.360
761.43	86.581
761.62	86.122
761.81	86.382
762.00	86.279
762.19	86.382
762.38	86.506
762.57	87.077
762.76	86.538
762.94	86.633
763.13	86.283
763.32	86.632
763.51	86.547
763.70	86.344
763.89	86.193
764.07	86.465
764.26	86.699
764.45	86.392
764.64	86.629
764.83	86.717
765.02	86.439
765.21	86.488
765.39	86.389
765.58	86.476
765.77	86.760
765.96	86.912
766.15	87.123
766.34	86.405
766.52	86.420
766.71	86.543
766.90	86.331
767.09	86.475
767.28	86.995
767.46	87.527
767.65	87.347
767.84	86.930
768.03	86.885
768.22	86.780
768.40	86.130
768.59	86.377
768.78	86.510
768.97	86.295
769.16	86.526
769.34	87.028
769.53	86.223
769.72	87.114
769.91	86.300
770.10	86.861
770.28	86.734
770.47	86.678
770.66	86.064
770.85	86.690
771.04	86.360
771.22	86.722
771.41	86.364
771.60	86.941
771.79	86.984
771.98	86.700
772.16	87.150
772.35	86.995
772.54	87.270
772.73	87.393
772.91	87.004
773.10	87.178
773.29	87.307
773.48	87.313
773.66	87.283
773.85	87.227
774.04	86.328
774.23	87.833
774.41	87.228
774.60	86.276
774.79	86.938
774.98	86.833
775.16	86.627
775.35	87.128
775.54	87.040
775.73	87.012
775.91	87.024
776.10	87.467
776.29	87.009
776.48	86.805
776.66	86.916
776.85	86.781
777.04	87.241
777.23	87.378
777.41	87.674
777.60	87.661
777.79	87.207
777.97	87.082
778.16	87.394
778.35	86.904
778.54	87.735
778.72	87.619
778.91	86.990
779.10	87.517
779.28	87.357
779.47	86.756
779.66	86.924
779.85	87.727
780.03	87.534
780.22	87.312
780.41	87.374
780.59	87.246
780.78	87.231
780.97	87.379
781.15	87.458
781.34	87.935
781.53	87.319
781.71	87.854
781.90	87.235
782.09	86.991
782.27	87.467
782.46	87.622
782.65	87.403
782.84	87.177
783.02	87.653
783.21	87.125
783.40	87.265
783.58	87.347
783.77	87.890
783.96	87.057
784.14	87.114
784.33	87.685
784.52	87.905
784.70	87.465
784.89	87.532
785.07	87.248
785.26	87.077
785.45	87.056
785.63	86.780
785.82	86.874
786.01	86.836
786.19	87.213
786.38	87.196
786.57	87.110
786.75	87.324
786.94	86.968
787.13	87.021
787.31	87.506
787.50	86.444
787.68	87.249
787.87	86.999
788.06	87.664
788.24	87.966
788.43	87.368
788.62	87.637
788.80	87.561
788.99	88.032
789.17	87.033
789.36	86.738
789.55	86.428
789.73	87.565
789.92	87.293
790.10	86.133
790.29	87.125
790.48	87.288
790.66	87.273
790.85	86.836
791.03	86.875
791.22	87.113
791.41	88.265
791.59	87.588
791.78	87.527
791.96	87.578
792.15	87.398
792.34	87.017
792.52	87.007
792.71	87.532
792.89	86.795
793.08	87.360
793.27	87.765
793.45	87.890
793.64	87.455
793.82	87.111
794.01	88.043
794.19	87.131
794.38	87.105
794.57	87.781
794.75	87.401
794.94	87.221
795.12	87.497
795.31	87.072
795.49	87.989
795.68	87.828
795.86	87.464
796.05	87.066
796.24	87.412
796.42	87.561
796.61	88.549
796.79	87.284
796.98	86.676
797.16	85.780
797.35	87.294
797.53	87.315
797.72	87.274
797.90	87.561
798.09	86.637
798.27	86.985
798.46	87.263
798.65	87.304
798.83	86.988
799.02	86.609
799.20	86.959
799.39	88.148
799.57	87.360
799.76	87.509
799.94	88.173
800.13	86.959
800.31	87.962
800.50	87.499
800.68	87.815
800.87	87.734
801.05	87.268
801.24	87.569
801.42	87.712
801.61	87.539
801.79	87.219
801.98	87.371
802.16	87.332
802.35	87.508
802.53	87.259
802.72	87.340
802.90	87.505
803.09	87.524
803.27	87.250
803.46	87.117
803.64	87.408
803.83	87.394
804.01	87.765
804.20	86.821
804.38	87.604
804.56	87.680
804.75	87.565
804.93	87.723
805.12	87.982
805.30	88.016
805.49	88.132
805.67	87.685
805.86	87.596
806.04	86.252
806.23	87.294
806.41	86.917
806.59	87.626
806.78	86.849
806.96	86.850
807.15	87.312
807.33	86.596
807.52	87.174
807.70	87.946
807.89	87.556
808.07	87.275
808.25	87.771
808.44	86.804
808.62	86.973
808.81	88.149
808.99	87.897
809.18	87.282
809.36	87.797
809.54	87.965
809.73	88.021
809.91	87.649
810.10	87.678
810.28	86.354
810.47	86.801
810.65	87.581
810.83	87.599
811.02	87.360
811.20	87.949
811.39	87.738
811.57	87.890
811.75	87.710
811.94	87.987
812.12	87.276
812.31	87.947
812.49	87.694
812.67	88.145
812.86	88.229
813.04	87.991
813.23	88.204
813.41	87.278
813.59	87.415
813.78	87.484
813.96	87.611
814.14	87.430
814.33	87.396
814.51	88.302
814.70	86.946
814.88	87.705
815.06	87.642
815.25	87.267
815.43	88.038
815.61	87.263
815.80	87.088
815.98	87.572
816.16	87.877
816.35	87.435
816.53	87.769
816.72	87.887
816.90	86.864
817.08	88.195
817.27	87.457
817.45	87.842
817.63	86.960
817.82	87.351
818.00	87.763
818.18	88.521
818.37	86.984
818.55	87.849
818.73	87.595
818.92	88.140
819.10	88.046
819.28	87.507
819.47	88.075
819.65	88.238
819.83	87.904
820.02	87.512
820.20	87.710
820.38	88.372
820.57	87.914
820.75	87.684
820.93	87.009
821.11	88.196
821.30	87.827
821.48	87.855
821.66	88.352
821.85	87.461
822.03	88.460
822.21	87.664
822.40	87.833
822.58	87.589
822.76	87.699
822.94	88.196
823.13	87.427
823.31	87.878
823.49	88.288
823.68	88.080
823.86	88.153
824.04	87.094
824.22	87.780
824.41	87.417
824.59	87.576
824.77	88.701
824.96	87.939
825.14	87.463
825.32	88.360
825.50	87.434
825.69	88.475
825.87	88.359
826.05	87.161
826.23	87.670
826.42	88.025
826.60	87.464
826.78	87.872
826.96	87.922
827.15	87.905
827.33	87.797
827.51	87.515
827.69	88.248
827.88	88.086
828.06	87.824
828.24	87.683
828.42	87.561
828.61	87.442
828.79	88.106
828.97	87.882
829.15	87.959
829.34	87.705
829.52	88.043
829.70	87.519
829.88	88.088
830.06	87.672
830.25	88.378
830.43	87.839
830.61	87.759
830.79	88.141
830.97	87.721
831.16	88.673
831.34	87.953
831.52	87.799
831.70	88.435
831.89	87.749
832.07	87.254
832.25	87.679
832.43	87.177
832.61	87.995
832.80	86.941
832.98	88.857
833.16	87.983
833.34	87.908
833.52	88.307
833.70	87.520
833.89	88.212
834.07	88.528
834.25	87.896
834.43	88.133
834.61	88.092
834.80	88.029
834.98	88.173
835.16	88.143
835.34	87.604
835.52	87.596
835.70	88.031
835.89	87.823
836.07	88.406
836.25	87.884
836.43	88.514
836.61	87.346
836.79	88.341
836.97	88.481
837.16	87.732
837.34	87.716
837.52	87.207
837.70	88.445
837.88	87.888
838.06	87.751
838.24	88.796
838.43	87.941
838.61	87.887
838.79	88.522
838.97	87.625
839.15	88.731
839.33	87.847
839.51	88.906
839.70	88.476
839.88	87.975
840.06	88.063
840.24	88.750
840.42	88.103
840.60	88.557
840.78	88.210
840.96	86.935
841.14	89.092
841.33	89.200
841.51	88.723
841.69	88.923
841.87	88.618
842.05	88.408
842.23	87.653
842.41	88.530
842.59	88.072
842.77	87.497
842.95	88.568
843.14	88.426
843.32	89.091
843.50	88.326
843.68	87.986
843.86	88.699
844.04	88.112
844.22	88.038
844.40	88.256
844.58	88.441
844.76	89.226
844.94	87.871
845.12	88.018
845.30	89.372
845.49	88.519
845.67	88.407
845.85	88.618
846.03	89.370
846.21	87.805
846.39	88.001
846.57	87.541
846.75	88.567
846.93	87.570
847.11	87.785
847.29	88.717
847.47	87.470
847.65	88.355
847.83	88.804
848.01	87.288
848.19	87.966
848.37	87.998
848.55	88.260
848.73	87.602
848.91	87.950
849.09	88.425
849.27	88.426
849.46	88.722
849.64	88.363
849.82	87.840
850.00	88.259
850.18	87.726
850.36	88.381
850.54	88.390
850.72	88.239
850.90	87.705
851.08	88.016
851.26	88.052
851.44	88.436
851.62	87.981
851.80	88.759
851.98	88.996
852.16	86.977
852.34	88.537
852.52	88.224
852.70	87.461
852.88	88.120
853.06	88.315
853.24	88.425
853.42	88.734
853.60	88.395
853.78	88.119
853.96	88.540
854.14	88.456
854.31	88.266
854.49	88.010
854.67	87.827
854.85	87.949
855.03	89.069
855.21	87.613
855.39	89.229
855.57	87.922
855.75	87.543
855.93	88.551
856.11	88.783
856.29	88.227
856.47	88.131
856.65	88.188
856.83	88.619
857.01	88.267
857.19	87.653
857.37	88.465
857.55	88.705
857.73	88.245
857.91	87.598
858.09	88.852
858.26	87.734
858.44	87.624
858.62	88.207
858.80	88.292
858.98	88.537
859.16	88.835
859.34	87.988
859.52	88.120
859.70	89.116
859.88	88.601
860.06	89.356
860.24	89.093
860.42	88.712
860.59	88.113
860.77	87.549
860.95	89.921
861.13	88.247
861.31	88.482
861.49	88.124
861.67	88.601
861.85	88.741
862.03	88.743
862.21	89.351
862.38	88.136
862.56	88.565
862.74	89.001
862.92	88.329
863.10	88.448
863.28	88.313
863.46	88.086
863.64	87.872
863.82	88.565
863.99	88.214
864.17	89.639
864.35	89.029
864.53	88.504
864.71	88.593
864.89	88.339
865.07	87.657
865.24	89.977
865.42	88.396
865.60	89.151
865.78	88.413
865.96	88.382
866.14	87.911
866.32	88.706
866.49	87.838
866.67	87.978
866.85	88.072
867.03	88.492
867.21	88.135
867.39	88.555
867.56	88.032
867.74	88.083
867.92	87.968
868.10	88.698
868.28	89.253
868.46	87.818
868.63	88.281
868.81	89.181
868.99	87.198
869.17	89.527
869.35	88.903
869.53	88.376
869.70	88.551
869.88	88.660
870.06	88.335
870.24	88.031
870.42	89.284
870.59	89.068
870.77	88.396
870.95	88.480
871.13	88.135
871.31	88.793
871.48	88.219
871.66	89.834
871.84	88.797
872.02	88.420
872.20	88.358
872.37	87.751
872.55	88.383
872.73	88.276
872.91	88.253
873.08	88.747
873.26	87.676
873.44	88.748
873.62	89.441
873.80	88.707
873.97	89.117
874.15	89.431
874.33	88.710
874.51	88.159
874.68	88.670
874.86	89.371
875.04	89.231
875.22	89.648
875.39	88.625
875.57	90.070
875.75	88.890
875.93	88.164
876.10	89.571
876.28	88.252
876.46	88.952
876.64	89.024
876.81	87.887
876.99	88.254
877.17	89.893
877.35	88.968
877.52	89.045
877.70	88.496
877.88	88.894
878.06	88.642
878.23	89.948
878.41	89.175
878.59	88.974
878.76	88.294
878.94	89.636
879.12	89.364
879.30	89.586
879.47	89.063
879.65	89.085
879.83	88.480
880.00	89.593
880.18	88.262
880.36	89.670
880.53	88.883
880.71	88.154
880.89	88.256
881.07	87.502
881.24	88.698
881.42	89.400
881.60	89.216
881.77	88.189
881.95	88.948
882.13	88.525
882.30	88.621
882.48	89.388
882.66	89.193
882.83	88.949
883.01	88.543
883.19	89.301
883.36	89.153
883.54	88.665
883.72	89.050
883.89	88.556
884.07	89.433
884.25	89.624
884.42	89.527
884.60	88.942
884.78	89.208
884.95	89.889
885.13	89.314
885.31	88.132
885.48	89.367
885.66	88.337
885.84	88.955
886.01	88.631
886.19	89.198
886.36	88.915
886.54	88.936
886.72	88.634
886.89	89.129
887.07	88.630
887.25	88.655
887.42	89.661
887.60	88.559
887.78	88.335
887.95	88.775
888.13	89.285
888.30	89.165
888.48	88.593
888.66	88.160
888.83	88.889
889.01	88.927
889.18	88.776
889.36	89.035
889.54	90.049
889.71	89.205
889.89	88.042
890.06	88.389
890.24	88.298
890.42	88.217
890.59	89.906
890.77	89.213
890.94	89.091
891.12	89.390
891.30	88.542
891.47	89.512
891.65	88.787
891.82	88.112
892.00	89.631
892.17	88.976
892.35	88.671
892.53	89.090
892.70	89.008
892.88	87.985
893.05	88.265
893.23	89.284
893.40	88.821
893.58	89.044
893.75	88.540
893.93	89.421
894.11	87.917
894.28	88.152
894.46	89.339
894.63	89.538
894.81	89.773
894.98	88.996
895.16	89.012
895.33	88.850
895.51	89.871
895.68	90.060
895.86	89.506
896.04	89.523
896.21	89.843
896.39	88.354
896.56	89.579
896.74	88.843
896.91	89.252
897.09	89.009
897.26	88.813
897.44	88.883
897.61	88.815
897.79	89.375
897.96	88.969
898.14	88.730
898.31	90.076
898.49	89.077
898.66	89.608
898.84	89.579
899.01	89.753
899.19	88.756
899.36	88.704
899.54	88.750
899.71	88.615
899.89	89.194
900.06	90.676
900.24	90.732
900.41	90.065
900.59	89.987
900.76	88.748
900.94	89.388
901.11	90.194
901.29	88.551
901.46	89.073
901.63	89.693
901.81	89.746
901.98	90.554
902.16	89.652
902.33	89.297
902.51	90.167
902.68	90.455
902.86	89.087
903.03	88.065
903.21	89.633
903.38	89.901
903.56	89.791
903.73	89.368
903.90	89.518
904.08	88.944
904.25	89.397
904.43	89.423
904.60	88.503
904.78	89.027
904.95	87.933
905.12	90.296
905.30	89.307
905.47	89.905
905.65	89.614
905.82	89.329
906.00	89.273
906.17	88.531
906.34	89.496
906.52	88.676
906.69	90.265
906.87	89.502
907.04	89.654
907.21	89.252
907.39	90.174
907.56	89.999
907.74	89.263
907.91	88.166
908.08	89.627
908.26	89.650
908.43	89.261
908.61	89.599
908.78	89.004
908.95	89.392
909.13	88.884
909.30	89.111
909.48	88.182
909.65	89.598
909.82	88.453
910.00	90.034
910.17	88.215
910.34	88.419
910.52	89.664
910.69	88.784
910.87	88.915
911.04	89.786
911.21	88.954
911.39	89.259
911.56	89.168
911.73	89.028
911.91	89.052
912.08	89.928
912.25	88.465
912.43	88.732
912.60	89.776
912.77	89.339
912.95	87.883
913.12	88.873
913.29	88.941
913.47	89.136
913.64	89.980
913.81	89.232
913.99	90.037
914.16	89.219
914.33	90.336
914.51	88.768
914.68	89.175
914.85	88.121
915.03	89.888
915.20	89.701
915.37	89.331
915.55	89.965
915.72	90.052
915.89	88.389
916.07	88.884
916.24	89.550
916.41	89.630
916.59	89.594
916.76	90.549
916.93	89.065
917.10	88.856
917.28	89.664
917.45	89.776
917.62	88.201
917.80	89.555
917.97	89.364
918.14	89.587
918.31	89.609
918.49	89.017
918.66	90.156
918.83	88.779
919.01	89.335
919.18	88.422
919.35	89.633
919.52	88.859
919.70	89.823
919.87	88.592
920.04	89.559
920.21	89.827
920.39	88.717
920.56	90.156
920.73	89.674
920.90	90.518
921.08	88.002
921.25	89.692
921.42	88.816
921.59	88.308
921.77	89.424
921.94	89.089
922.11	89.404
922.28	89.506
922.46	90.080
922.63	88.727
922.80	88.697
922.97	88.615
923.15	88.425
923.32	89.620
923.49	87.790
923.66	88.126
923.83	88.167
924.01	89.166
924.18	89.134
924.35	88.060
924.52	90.226
924.69	89.304
924.87	89.365
925.04	88.442
925.21	89.155
925.38	89.052
925.55	88.320
925.73	89.140
925.90	88.888
926.07	89.951
926.24	89.096
926.41	89.660
926.59	89.899
926.76	90.563
926.93	89.973
927.10	88.983
927.27	90.398
927.45	87.388
927.62	89.051
927.79	89.156
927.96	90.471
928.13	88.705
928.30	88.299
928.48	89.279
928.65	88.460
928.82	88.773
928.99	90.324
929.16	88.804
929.33	89.764
929.50	89.504
929.68	88.056
929.85	88.639
930.02	89.403
930.19	90.459
930.36	89.462
930.53	87.159
930.70	88.993
930.88	89.496
931.05	89.734
931.22	88.586
931.39	91.434
931.56	90.742
931.73	89.272
931.90	90.229
932.08	88.257
932.25	89.465
932.42	89.201
932.59	88.891
932.76	90.257
932.93	88.114
933.10	87.636
933.27	88.845
933.44	89.914
933.62	89.465
933.79	89.687
933.96	89.978
934.13	87.974
934.30	89.141
934.47	89.396
934.64	89.960
934.81	88.328
934.98	88.138
935.15	88.853
935.32	87.263
935.50	89.475
935.67	86.864
935.84	89.443
936.01	88.914
936.18	89.033
936.35	89.530
936.52	88.647
936.69	92.007
936.86	88.306
937.03	90.589
937.20	89.026
937.37	88.339
937.54	88.884
937.71	87.943
937.89	88.157
938.06	90.290
938.23	90.307
938.40	89.509
938.57	87.259
938.74	90.627
938.91	87.735
939.08	88.384
939.25	88.017
939.42	89.729
939.59	89.300
939.76	88.556
939.93	88.941
940.10	90.869
940.27	88.189
940.44	90.709
940.61	86.998
940.78	90.583
940.95	88.312
941.12	88.984
941.29	90.142
941.46	92.196
941.63	91.492
941.80	86.955
941.97	92.907
942.14	92.092
942.31	87.942
942.48	92.331
942.65	91.576
942.82	89.668
942.99	87.708
943.16	87.663
943.33	91.073
943.50	89.121
943.67	90.308
943.84	87.948
944.01	94.601
944.18	90.566
944.35	88.706
944.52	88.674
944.69	87.814
944.86	88.656
945.03	93.602
945.20	86.848
945.37	87.083
945.54	89.760
945.71	91.244
945.88	86.220
946.05	86.831
946.22	92.578
946.39	91.061
946.56	89.720
946.73	89.413
946.90	90.437
947.07	86.172
947.23	89.135
947.40	92.104
947.57	89.552
947.74	91.024
947.91	88.003
948.08	92.259
948.25	85.481
948.42	87.270
948.59	86.700
948.76	92.690
948.93	85.871
949.10	87.546
949.27	89.138
949.44	87.260
949.60	89.988
949.77	89.098
949.94	90.014
950.11	90.398
950.28	89.167
950.45	87.927
950.62	89.851
950.79	89.493
950.96	88.477
951.13	88.520
951.30	87.850
951.46	88.990
951.63	90.134
951.80	87.749
951.97	88.173
952.14	90.050
952.31	89.682
952.48	89.365
952.65	90.323
952.81	90.235
952.98	86.755
953.15	89.954
953.32	88.717
953.49	91.287
953.66	87.079
953.83	85.991
954.00	90.503
954.16	85.760
954.33	86.556
954.50	88.563
954.67	90.172
954.84	87.103
955.01	87.989
955.18	87.837
955.34	90.880
955.51	88.140
955.68	88.458
955.85	91.120
956.02	85.630
956.19	87.080
956.35	91.634
956.52	87.033
956.69	88.939
956.86	89.904
957.03	89.938
957.20	87.629
957.36	89.902
957.53	87.853
957.70	89.104
957.87	89.040
958.04	88.922
958.21	88.400
958.37	90.088
958.54	87.004
958.71	88.306
958.88	91.704
959.05	91.701
959.21	87.051
959.38	88.993
959.55	90.531
959.72	86.870
959.89	90.247
960.05	87.397
960.22	87.354
960.39	89.778
960.56	85.586
960.72	87.236
960.89	88.377
961.06	87.664
961.23	91.251
961.40	88.410
961.56	90.684
961.73	89.102
961.90	86.654
962.07	86.039
962.23	89.665
962.40	87.132
962.57	88.721
962.74	91.004
962.90	90.307
963.07	90.814
963.24	84.552
963.41	85.098
963.57	86.588
963.74	88.144
963.91	89.210
964.08	88.292
964.24	90.116
964.41	89.313
964.58	88.625
964.75	86.443
964.91	87.774
965.08	87.427
965.25	90.418
965.42	88.054
965.58	88.753
965.75	88.331
965.92	87.253
966.08	87.586
966.25	88.882
966.42	89.553
966.59	91.634
966.75	89.124
966.92	90.857
967.09	87.640
967.25	89.067
967.42	89.118
967.59	89.080
967.75	85.985
967.92	90.790
968.09	88.524
968.26	92.477
968.42	88.766
968.59	87.779
968.76	89.014
968.92	91.388
969.09	89.459
969.26	88.440
969.42	90.066
969.59	88.285
969.76	88.816
969.92	91.389
970.09	85.336
970.26	85.627
970.42	90.964
970.59	89.095
970.76	87.371
970.92	88.177
971.09	87.889
971.26	89.446
971.42	87.361
971.59	90.228
971.76	91.703
971.92	88.976
972.09	89.888
972.25	89.822
972.42	88.341
972.59	87.609
972.75	88.068
972.92	87.855
973.09	90.209
973.25	89.651
973.42	89.108
973.58	90.767
973.75	92.908
973.92	90.144
974.08	86.388
974.25	88.411
974.42	87.500
974.58	88.889
974.75	86.712
974.91	86.603
975.08	89.171
975.25	87.139
975.41	88.112
975.58	88.696
975.74	89.319
975.91	92.621
976.08	89.611
976.24	88.867
976.41	87.886
976.57	88.393
976.74	89.337
976.91	86.798
977.07	89.601
977.24	91.776
977.40	87.120
977.57	89.128
977.73	87.128
977.90	93.133
978.07	89.828
978.23	91.031
978.40	89.108
978.56	91.309
978.73	89.624
978.89	89.106
979.06	88.542
979.22	91.275
979.39	88.681
979.56	87.685
979.72	87.637
979.89	90.035
980.05	85.449
980.22	88.056
980.38	88.966
980.55	88.920
980.71	90.683
980.88	96.085
981.04	85.728
981.21	87.556
981.37	88.915
981.54	90.609
981.70	88.376
981.87	89.198
982.04	92.529
982.20	91.120
982.37	92.144
982.53	88.873
982.70	89.049
982.86	85.540
983.03	89.200
983.19	88.149
983.36	88.309
983.52	87.650
983.69	88.169
983.85	89.155
984.02	88.962
984.18	88.182
984.35	89.561
984.51	89.625
984.68	91.672
984.84	87.077
985.00	89.917
985.17	86.646
985.33	88.095
985.50	86.620
985.66	89.576
985.83	88.043
985.99	91.762
986.16	84.721
986.32	93.467
986.49	88.070
986.65	85.286
986.82	87.811
986.98	87.652
987.15	88.006
987.31	91.891
987.47	92.192
987.64	90.623
987.80	89.291
987.97	88.836
988.13	88.222
988.30	88.526
988.46	90.595
988.63	91.844
988.79	87.492
988.95	84.761
989.12	89.433
989.28	89.080
989.45	91.109
989.61	90.212
989.77	90.105
989.94	87.131
990.10	85.866
990.27	92.776
990.43	87.544
990.60	93.719
990.76	90.725
990.92	88.234
991.09	92.086
991.25	90.335
991.42	83.773
991.58	89.846
991.74	86.813
991.91	90.137
992.07	89.478
992.24	89.491
992.40	91.901
992.56	88.295
992.73	86.675
992.89	88.442
993.05	88.984
993.22	89.825
993.38	88.035
993.55	88.070
993.71	90.194
993.87	90.202
994.04	90.222
994.20	91.543
994.36	86.884
994.53	86.162
994.69	86.629
994.85	90.198
995.02	91.465
995.18	91.035
995.34	88.995
995.51	89.547
995.67	89.359
995.84	92.128
996.00	92.575
996.16	92.613
996.33	88.099
996.49	91.808
996.65	93.601
996.82	91.738
996.98	88.052
997.14	90.666
997.31	90.901
997.47	88.915
997.63	86.322
997.79	89.997
997.96	90.780
998.12	92.368
998.28	94.386
998.45	94.631
998.61	89.203
998.77	87.831
998.94	87.018
999.10	90.950
999.26	90.149
999.43	89.436
999.59	89.608
999.75	86.552
999.91	90.682
1000.08	89.241
1000.24	88.683
1000.40	90.295
1000.57	91.077
1000.73	86.260
1000.89	93.782
1001.05	86.720
1001.22	92.473
1001.38	90.000
1001.54	93.336
1001.70	91.237
1001.87	89.584
1002.03	86.071
1002.19	88.991
1002.35	87.837
1002.52	90.410
1002.68	89.484
1002.84	91.438
1003.00	89.739
1003.17	87.911
1003.33	89.141
1003.49	91.023
1003.65	90.788
1003.82	91.370
1003.98	91.580
1004.14	89.799
1004.30	90.495
1004.47	91.449
1004.63	90.073
1004.79	87.813
1004.95	87.918
1005.11	89.061
1005.28	93.571
1005.44	97.166
1005.60	88.838
1005.76	87.977
1005.93	89.357
1006.09	93.489
1006.25	91.971
1006.41	90.953
1006.57	91.181
1006.74	88.144
1006.90	88.744
1007.06	89.464
1007.22	86.441
1007.38	98.745
1007.55	90.773
1007.71	92.644
1007.87	90.852
1008.03	97.327
1008.19	93.083
1008.35	92.688
1008.52	92.225
1008.68	86.345
1008.84	88.247
1009.00	88.408
1009.16	92.728
1009.32	90.556
1009.49	86.854
1009.65	85.615
1009.81	99.416
1009.97	88.783
1010.13	88.346
1010.29	86.344
1010.46	90.038
1010.62	94.834
1010.78	93.454
1010.94	87.196
1011.10	89.604
1011.26	92.471
1011.42	98.812
1011.59	86.841
1011.75	88.919
1011.91	89.113
1012.07	89.564
1012.23	89.729
1012.39	90.842
1012.55	89.382
1012.71	90.086
1012.88	93.386
1013.04	90.207
1013.20	88.714
1013.36	93.113
1013.52	95.409
1013.68	96.971
1013.84	92.759
1014.00	93.134
1014.16	84.930
1014.33	93.561
1014.49	89.045
1014.65	96.830
1014.81	91.082
1014.97	87.386
1015.13	84.013
1015.29	94.066
1015.45	93.366
1015.61	88.928
1015.77	95.452
1015.93	90.291
1016.09	90.816
1016.26	93.314
1016.42	89.813
1016.58	90.772
1016.74	85.751
1016.90	91.662
1017.06	97.228
1017.22	85.896
1017.38	90.132
1017.54	89.312
1017.70	90.214
1017.86	102.907
1018.02	92.402
1018.18	86.227
1018.34	89.331
1018.50	91.363
1018.66	97.217
1018.82	87.206
1018.98	87.276
1019.14	90.454
1019.31	95.887
1019.47	90.990
1019.63	85.003
1019.79	94.489
1019.95	93.476
1020.11	89.286
1020.27	84.217
1020.43	95.772
1020.59	93.868
1020.75	91.418
1020.91	88.507
1021.07	94.316
1021.23	97.015
1021.39	89.217
1021.55	93.821
1021.71	83.580
1021.87	80.848
1022.03	84.169
1022.19	97.021
1022.35	99.246
1022.51	100.709
1022.67	91.661
1022.83	90.211
1022.99	81.462
1023.15	78.531
1023.31	88.359
1023.47	90.720
1023.63	85.270
1023.79	101.310
1023.95	86.212
1024.10	98.098
1024.26	91.327
1024.42	94.720
1024.58	90.056
1024.74	98.137
1024.90	88.374
1025.06	84.315
1025.22	82.701
1025.38	87.790
1025.54	90.848
1025.70	90.397
1025.86	81.171
1026.02	94.104
1026.18	88.226
1026.34	87.988
1026.50	101.958
1026.66	87.702
1026.82	90.748
1026.98	85.635
1027.13	84.236
1027.29	88.694
1027.45	91.718
1027.61	98.185
1027.77	91.366
1027.93	89.189
1028.09	93.884
1028.25	86.504
1028.41	84.069
1028.57	90.980
1028.73	90.489
1028.88	92.038
1029.04	99.359
1029.20	88.952
1029.36	98.804
1029.52	83.844
1029.68	89.800
1029.84	95.150
1030.00	93.357
1030.16	108.937
1030.32	85.702
1030.47	92.208
1030.63	87.255
1030.79	88.151
1030.95	87.646
1031.11	94.374
1031.27	83.167
1031.43	96.657
1031.59	108.140
1031.74	88.935
1031.90	89.314
1032.06	91.052
1032.22	91.866
1032.38	93.283
1032.54	89.749
1032.69	85.142
1032.85	83.141
1033.01	90.304
1033.17	87.764
1033.33	96.970
1033.49	90.919
1033.65	77.611
1033.80	100.445
1033.96	81.719
1034.12	90.693
1034.28	90.065
1034.44	84.845
1034.60	85.285
1034.75	83.537
1034.91	83.897
1035.07	88.644
1035.23	88.362
1035.39	85.466
1035.54	100.000
1035.70	91.031
1035.86	82.526
1036.02	73.823
1036.18	104.156
1036.33	97.105
1036.49	83.552
1036.65	85.998
1036.81	82.662
1036.97	80.556
1037.12	81.881
1037.28	85.991
1037.44	97.607
1037.60	98.614
1037.76	86.694
1037.91	80.792
1038.07	83.797
1038.23	79.084
1038.39	77.709
1038.54	90.765
1038.70	83.131
1038.86	92.308
1039.02	89.519
1039.17	97.774
1039.33	86.869
1039.49	87.752
1039.65	128.350
1039.80	91.462
1039.96	89.165
1040.12	86.401
1040.28	101.505
>>>>> Data<<<<< Espectral Procesado Extremo
