Fichero De Datos De SpectraSuite
++++++++++++++++++++++++++++++++++++
Fecha: Wed Jul 15 10:46:26 CST 2026
Usuario: HP
Presente Oscuro Del Espectro: Sí
La Referencia de Presente Del Espectro De: Sí
Muestreados de los componentes de Número de espectros: 1
Espectrómetros: USB4H06056
Tiempo de integración (usec): 300000 (USB4H06056)
Promedio de Espectros Hechos un: 5 (USB4H06056)
El Alisar Del Furgón: 0 (USB4H06056)
Párrafo de de Corregir del la del del de Eléctrica del obscuridad: No (USB4H06056)
Estrobo/Lámpara Permitido: No (USB4H06056)
Correct for Detector Non-linearity: No (USB4H06056)
Párrafo de de Corregir del la del del de Externa del luz: No (USB4H06056)
Procesado del espectro de Número de pixeles en: 3648
>>>>> Comienza Data<<<<< Espectral Procesado Del EL
345.09	12.500
345.30	12.500
345.52	12.500
345.74	218.182
345.95	40.000
346.17	-130.952
346.39	150.000
346.60	-207.042
346.82	-35.849
347.04	-1163.636
347.25	-150.000
347.47	255.224
347.69	-1029.412
347.90	-422.857
348.12	461.538
348.34	1958.333
348.56	328.205
348.77	-331.579
348.99	172.340
349.21	240.777
349.42	129.630
349.64	180.645
349.86	62.617
350.07	135.772
350.29	149.505
350.51	89.809
350.72	41.509
350.94	181.395
351.16	244.762
351.37	105.114
351.59	70.701
351.81	165.116
352.02	378.723
352.24	88.991
352.46	169.853
352.67	658.333
352.89	126.733
353.10	213.402
353.32	333.962
353.54	554.545
353.75	254.023
353.97	65.217
354.19	538.889
354.40	131.250
354.62	238.298
354.84	165.789
355.05	1354.545
355.27	78.723
355.49	108.075
355.70	155.357
355.92	70.408
356.14	164.103
356.35	120.398
356.57	96.482
356.78	90.476
357.00	228.571
357.22	27.027
357.43	83.511
357.65	101.818
357.87	2000.000
358.08	100.000
358.30	82.778
358.51	101.299
358.73	236.842
358.95	153.020
359.16	144.828
359.38	161.224
359.60	133.065
359.81	251.351
360.03	91.346
360.24	404.762
360.46	220.000
360.68	150.610
360.89	179.433
361.11	124.194
361.33	129.530
361.54	304.000
361.76	125.000
361.97	146.218
362.19	261.905
362.41	148.925
362.62	71.569
362.84	97.696
363.05	210.417
363.27	169.737
363.49	28.241
363.70	168.085
363.92	223.881
364.13	385.294
364.35	97.768
364.57	41.818
364.78	289.888
365.00	131.056
365.21	94.545
365.43	117.500
365.65	135.878
365.86	94.203
366.08	129.412
366.29	150.000
366.51	221.277
366.73	100.000
366.94	129.524
367.16	74.359
367.37	209.524
367.59	106.000
367.80	88.435
368.02	56.561
368.24	111.811
368.45	168.613
368.67	109.677
368.88	117.582
369.10	133.588
369.31	86.538
369.53	125.743
369.75	232.031
369.96	210.072
370.18	484.211
370.39	102.765
370.61	287.097
370.82	110.667
371.04	189.189
371.26	121.348
371.47	28.042
371.69	1518.182
371.90	300.000
372.12	92.000
372.33	8.621
372.55	273.684
372.76	127.647
372.98	37.788
373.20	105.344
373.41	167.969
373.63	80.081
373.84	137.811
374.06	30.147
374.27	129.752
374.49	229.730
374.70	150.000
374.92	87.547
375.13	94.479
375.35	156.019
375.57	120.988
375.78	73.292
376.00	143.182
376.21	120.526
376.43	126.471
376.64	104.734
376.86	184.921
377.07	133.186
377.29	106.173
377.50	108.571
377.72	78.214
377.93	155.882
378.15	90.272
378.36	122.430
378.58	154.248
378.80	71.831
379.01	127.350
379.23	73.988
379.44	92.121
379.66	201.695
379.87	138.849
380.09	100.495
380.30	283.516
380.52	168.571
380.73	143.925
380.95	87.923
381.16	138.286
381.38	96.018
381.59	120.645
381.81	78.333
382.02	153.555
382.24	122.388
382.45	139.394
382.67	101.987
382.88	209.524
383.10	139.056
383.31	47.561
383.53	97.159
383.74	124.000
383.96	204.082
384.17	155.280
384.39	97.268
384.60	93.064
384.82	88.636
385.03	126.910
385.25	76.682
385.46	75.177
385.68	70.742
385.89	107.981
386.11	214.545
386.32	101.754
386.54	94.141
386.75	53.556
386.97	60.526
387.18	105.978
387.40	100.000
387.61	96.491
387.83	48.760
388.04	111.654
388.25	75.258
388.47	77.734
388.68	114.103
388.90	100.939
389.11	50.485
389.33	78.571
389.54	64.835
389.76	194.118
389.97	61.202
390.19	79.167
390.40	69.325
390.62	87.273
390.83	105.102
391.05	95.425
391.26	75.926
391.47	87.898
391.69	147.393
391.90	85.098
392.12	89.100
392.33	103.621
392.55	95.912
392.76	66.292
392.98	65.665
393.19	65.312
393.41	112.500
393.62	72.203
393.83	40.789
394.05	100.901
394.26	80.198
394.48	59.310
394.69	72.333
394.91	107.979
395.12	105.797
395.34	47.015
395.55	91.855
395.76	55.484
395.98	80.060
396.19	55.836
396.41	79.715
396.62	119.008
396.84	68.421
397.05	61.246
397.26	72.059
397.48	85.829
397.69	76.378
397.91	53.191
398.12	69.123
398.33	73.247
398.55	88.187
398.76	48.387
398.98	98.868
399.19	88.816
399.41	57.033
399.62	55.424
399.83	92.879
400.05	95.580
400.26	67.937
400.48	45.690
400.69	49.081
400.90	107.432
401.12	70.536
401.33	68.750
401.55	63.190
401.76	67.184
401.97	102.335
402.19	51.477
402.40	41.235
402.62	64.471
402.83	47.335
403.04	65.688
403.26	48.043
403.47	81.986
403.69	63.325
403.90	61.963
404.11	60.432
404.33	53.103
404.54	54.028
404.76	54.274
404.97	59.514
405.18	57.244
405.40	47.300
405.61	57.600
405.83	43.214
406.04	66.667
406.25	77.634
406.47	55.672
406.68	74.492
406.89	61.377
407.11	63.148
407.32	54.563
407.54	63.217
407.75	61.382
407.96	67.350
408.18	50.909
408.39	48.954
408.60	70.056
408.82	50.902
409.03	58.681
409.24	66.961
409.46	40.670
409.67	55.956
409.89	51.987
410.10	52.759
410.31	40.830
410.53	42.464
410.74	53.802
410.95	41.529
411.17	42.626
411.38	59.191
411.59	38.824
411.81	39.150
412.02	49.577
412.23	61.146
412.45	36.230
412.66	44.012
412.87	47.826
413.09	43.065
413.30	35.792
413.51	40.554
413.73	32.581
413.94	34.934
414.15	36.181
414.37	28.223
414.58	28.117
414.79	34.390
415.01	49.338
415.22	28.648
415.43	29.171
415.65	17.019
415.86	23.996
416.07	25.299
416.29	36.974
416.50	30.928
416.71	29.406
416.93	17.316
417.14	28.691
417.35	19.064
417.57	31.755
417.78	29.417
417.99	32.261
418.21	33.949
418.42	32.815
418.63	22.578
418.85	375.510
419.06	17.705
419.27	23.899
419.48	21.897
419.70	15.171
419.91	27.120
420.12	24.245
420.34	11.033
420.55	19.150
420.76	28.412
420.98	21.254
421.19	16.528
421.40	22.021
421.61	17.040
421.83	13.871
422.04	24.422
422.25	26.272
422.47	22.323
422.68	15.422
422.89	15.634
423.11	26.185
423.32	19.989
423.53	14.724
423.74	16.108
423.96	22.954
424.17	23.207
424.38	19.307
424.59	18.495
424.81	21.011
425.02	14.195
425.23	16.216
425.45	17.139
425.66	16.948
425.87	20.701
426.08	15.467
426.30	12.400
426.51	19.313
426.72	13.914
426.93	15.789
427.15	14.303
427.36	18.606
427.57	15.047
427.79	18.091
428.00	12.409
428.21	-8.259
428.42	12.124
428.64	15.129
428.85	11.059
429.06	14.434
429.27	17.566
429.49	16.113
429.70	14.133
429.91	14.877
430.12	16.701
430.34	14.510
430.55	13.203
430.76	13.508
430.97	14.194
431.19	12.620
431.40	15.080
431.61	14.383
431.82	14.239
432.03	11.025
432.25	12.898
432.46	15.283
432.67	16.620
432.88	10.107
433.10	11.074
433.31	11.228
433.52	12.294
433.73	12.812
433.95	14.215
434.16	13.148
434.37	13.227
434.58	12.231
434.79	10.118
435.01	14.282
435.22	12.987
435.43	11.951
435.64	11.872
435.86	11.254
436.07	13.915
436.28	13.181
436.49	11.936
436.70	12.697
436.92	11.582
437.13	10.426
437.34	10.528
437.55	8.700
437.76	10.963
437.98	13.671
438.19	11.241
438.40	12.203
438.61	10.482
438.82	12.491
439.04	11.847
439.25	10.783
439.46	12.460
439.67	10.068
439.88	13.238
440.10	11.473
440.31	11.221
440.52	15.124
440.73	11.632
440.94	11.312
441.16	13.660
441.37	10.874
441.58	10.164
441.79	11.987
442.00	15.652
442.21	9.109
442.43	9.642
442.64	10.740
442.85	12.679
443.06	10.448
443.27	12.124
443.48	12.608
443.70	12.344
443.91	12.832
444.12	13.871
444.33	11.595
444.54	11.791
444.75	11.234
444.97	10.329
445.18	12.578
445.39	12.642
445.60	11.109
445.81	10.584
446.02	13.760
446.24	11.714
446.45	9.509
446.66	10.887
446.87	11.113
447.08	12.295
447.29	8.952
447.51	10.107
447.72	14.351
447.93	9.880
448.14	12.321
448.35	10.341
448.56	12.534
448.77	13.461
448.99	13.186
449.20	11.661
449.41	10.886
449.62	12.824
449.83	12.388
450.04	11.197
450.25	11.160
450.46	10.935
450.68	10.109
450.89	10.812
451.10	10.697
451.31	11.680
451.52	9.259
451.73	9.642
451.94	9.754
452.15	10.772
452.37	10.739
452.58	13.013
452.79	10.598
453.00	11.107
453.21	10.471
453.42	11.688
453.63	12.257
453.84	12.764
454.06	10.182
454.27	10.989
454.48	11.397
454.69	9.886
454.90	8.688
455.11	11.554
455.32	10.023
455.53	11.120
455.74	10.335
455.95	8.892
456.17	10.775
456.38	11.373
456.59	10.635
456.80	11.682
457.01	11.282
457.22	11.382
457.43	10.269
457.64	10.503
457.85	10.688
458.06	12.245
458.27	11.127
458.49	9.290
458.70	13.081
458.91	12.197
459.12	10.209
459.33	10.671
459.54	11.477
459.75	11.195
459.96	9.111
460.17	10.342
460.38	10.346
460.59	12.396
460.80	11.513
461.01	10.362
461.23	12.355
461.44	11.613
461.65	11.047
461.86	11.416
462.07	11.864
462.28	10.789
462.49	11.070
462.70	9.252
462.91	10.729
463.12	11.271
463.33	9.379
463.54	9.682
463.75	11.234
463.96	11.148
464.17	9.879
464.38	10.966
464.59	10.586
464.81	11.916
465.02	10.706
465.23	9.935
465.44	11.833
465.65	10.525
465.86	9.879
466.07	10.034
466.28	10.105
466.49	10.312
466.70	9.948
466.91	11.597
467.12	9.364
467.33	12.447
467.54	9.375
467.75	10.076
467.96	10.856
468.17	10.539
468.38	10.673
468.59	10.692
468.80	11.386
469.01	10.979
469.22	11.237
469.43	11.743
469.64	10.012
469.85	10.305
470.06	11.079
470.27	9.532
470.48	11.615
470.69	9.707
470.90	10.024
471.11	10.660
471.32	12.128
471.53	10.263
471.74	11.021
471.95	10.165
472.16	10.767
472.37	10.516
472.58	10.049
472.79	9.043
473.00	11.243
473.21	11.559
473.42	10.311
473.63	11.219
473.84	11.166
474.05	11.099
474.26	10.690
474.47	11.290
474.68	10.473
474.89	11.112
475.10	10.441
475.31	10.879
475.52	11.287
475.73	10.400
475.94	9.850
476.15	10.474
476.36	10.263
476.57	11.073
476.78	9.357
476.99	11.303
477.20	10.041
477.41	11.515
477.62	9.764
477.83	9.873
478.04	9.961
478.25	11.372
478.46	8.846
478.67	10.869
478.88	10.374
479.09	11.357
479.30	8.597
479.51	10.121
479.72	10.348
479.93	11.498
480.14	10.170
480.35	10.003
480.56	9.783
480.77	10.541
480.98	10.852
481.18	10.284
481.39	10.295
481.60	10.312
481.81	9.485
482.02	10.555
482.23	10.944
482.44	10.953
482.65	10.034
482.86	10.276
483.07	11.207
483.28	10.279
483.49	9.867
483.70	10.206
483.91	10.246
484.12	10.289
484.33	10.272
484.53	10.200
484.74	10.207
484.95	10.589
485.16	10.283
485.37	11.059
485.58	10.949
485.79	10.162
486.00	10.555
486.21	8.620
486.42	10.396
486.63	11.047
486.84	10.060
487.05	10.272
487.25	9.847
487.46	10.208
487.67	11.011
487.88	10.304
488.09	9.548
488.30	9.974
488.51	17.923
488.72	10.360
488.93	10.762
489.14	9.880
489.35	10.214
489.55	10.178
489.76	10.929
489.97	10.545
490.18	9.696
490.39	11.013
490.60	10.382
490.81	9.817
491.02	10.419
491.23	10.721
491.43	10.180
491.64	10.210
491.85	9.814
492.06	10.704
492.27	10.439
492.48	10.612
492.69	10.183
492.90	10.010
493.11	10.126
493.31	9.719
493.52	9.903
493.73	10.609
493.94	10.669
494.15	9.595
494.36	9.841
494.57	9.786
494.78	10.329
494.98	9.749
495.19	9.778
495.40	10.185
495.61	10.753
495.82	10.329
496.03	9.968
496.24	10.218
496.44	10.193
496.65	10.648
496.86	9.921
497.07	9.722
497.28	10.815
497.49	10.451
497.70	10.393
497.90	10.487
498.11	10.509
498.32	10.424
498.53	10.176
498.74	10.328
498.95	10.335
499.15	10.613
499.36	10.610
499.57	10.338
499.78	9.976
499.99	10.583
500.20	10.035
500.40	10.663
500.61	10.245
500.82	10.443
501.03	10.578
501.24	10.411
501.45	10.495
501.65	10.168
501.86	10.235
502.07	10.512
502.28	10.482
502.49	10.354
502.70	10.440
502.90	9.712
503.11	10.068
503.32	10.636
503.53	9.904
503.74	10.529
503.94	10.413
504.15	10.423
504.36	10.000
504.57	9.836
504.78	10.122
504.98	9.839
505.19	10.322
505.40	10.088
505.61	10.208
505.82	10.473
506.02	10.117
506.23	9.935
506.44	10.172
506.65	10.050
506.86	10.447
507.06	9.692
507.27	10.955
507.48	10.452
507.69	9.844
507.90	10.489
508.10	10.677
508.31	10.119
508.52	10.334
508.73	10.268
508.94	10.221
509.14	10.512
509.35	10.592
509.56	10.647
509.77	10.339
509.97	10.728
510.18	10.656
510.39	10.214
510.60	10.903
510.80	10.535
511.01	10.770
511.22	10.262
511.43	10.859
511.64	10.791
511.84	10.530
512.05	10.567
512.26	11.231
512.47	10.775
512.67	10.965
512.88	10.770
513.09	10.783
513.30	10.528
513.50	10.979
513.71	10.407
513.92	10.828
514.13	11.042
514.33	10.788
514.54	10.915
514.75	10.776
514.96	10.991
515.16	10.618
515.37	10.963
515.58	10.904
515.78	11.202
515.99	11.494
516.20	10.980
516.41	11.163
516.61	11.213
516.82	11.286
517.03	11.104
517.24	11.225
517.44	11.254
517.65	11.246
517.86	11.693
518.07	11.430
518.27	11.692
518.48	11.323
518.69	11.335
518.89	11.931
519.10	11.576
519.31	11.289
519.52	11.609
519.72	11.696
519.93	12.075
520.14	11.777
520.34	11.943
520.55	11.971
520.76	12.036
520.96	11.922
521.17	11.491
521.38	12.182
521.59	11.830
521.79	12.834
522.00	11.912
522.21	12.724
522.41	12.194
522.62	12.590
522.83	12.657
523.03	12.518
523.24	12.371
523.45	12.748
523.66	13.118
523.86	12.714
524.07	12.893
524.28	12.660
524.48	12.622
524.69	13.163
524.90	13.493
525.10	13.005
525.31	13.258
525.52	12.665
525.72	13.488
525.93	13.760
526.14	12.994
526.34	13.515
526.55	13.126
526.76	13.686
526.96	13.774
527.17	14.308
527.38	14.104
527.58	13.647
527.79	13.959
528.00	14.454
528.20	13.833
528.41	14.118
528.62	14.087
528.82	14.547
529.03	14.218
529.24	14.222
529.44	14.237
529.65	14.228
529.85	14.179
530.06	14.763
530.27	13.986
530.47	14.455
530.68	13.985
530.89	14.653
531.09	14.779
531.30	14.643
531.51	14.402
531.71	14.736
531.92	14.963
532.13	15.224
532.33	15.308
532.54	15.069
532.74	15.272
532.95	15.178
533.16	15.131
533.36	15.105
533.57	15.116
533.78	15.432
533.98	15.496
534.19	15.606
534.39	14.911
534.60	15.786
534.81	15.454
535.01	16.077
535.22	15.781
535.42	15.848
535.63	15.626
535.84	15.885
536.04	15.558
536.25	15.930
536.45	15.765
536.66	15.997
536.87	15.704
537.07	16.037
537.28	15.790
537.48	15.747
537.69	15.182
537.90	15.983
538.10	16.136
538.31	16.335
538.51	16.161
538.72	16.264
538.93	15.873
539.13	16.060
539.34	16.138
539.54	16.226
539.75	16.043
539.96	15.945
540.16	16.558
540.37	16.136
540.57	16.365
540.78	16.336
540.98	16.695
541.19	16.350
541.40	16.627
541.60	16.078
541.81	15.944
542.01	15.859
542.22	15.871
542.42	16.699
542.63	16.506
542.83	16.756
543.04	16.438
543.25	16.689
543.45	16.307
543.66	16.594
543.86	16.238
544.07	16.548
544.27	16.321
544.48	16.679
544.68	16.231
544.89	16.316
545.10	16.168
545.30	16.531
545.51	16.762
545.71	16.216
545.92	16.425
546.12	16.637
546.33	16.642
546.53	16.725
546.74	16.057
546.94	16.243
547.15	16.488
547.36	16.604
547.56	16.563
547.77	16.539
547.97	16.549
548.18	16.517
548.38	16.721
548.59	16.558
548.79	16.704
549.00	16.680
549.20	16.551
549.41	16.448
549.61	16.356
549.82	16.600
550.02	16.364
550.23	16.750
550.43	16.660
550.64	16.567
550.84	16.621
551.05	16.747
551.25	16.977
551.46	16.718
551.66	17.011
551.87	16.931
552.07	16.804
552.28	16.741
552.48	17.133
552.69	16.806
552.89	16.983
553.10	16.492
553.30	16.665
553.51	16.761
553.71	16.875
553.92	16.815
554.12	16.623
554.33	16.945
554.53	17.050
554.74	16.374
554.94	17.035
555.15	16.769
555.35	17.020
555.56	16.647
555.76	16.471
555.97	16.825
556.17	17.063
556.38	16.702
556.58	16.805
556.78	16.814
556.99	16.590
557.19	16.909
557.40	16.886
557.60	16.664
557.81	17.023
558.01	16.889
558.22	16.512
558.42	17.029
558.63	16.672
558.83	16.559
559.04	16.970
559.24	16.928
559.44	16.974
559.65	16.854
559.85	16.629
560.06	16.653
560.26	16.400
560.47	16.592
560.67	17.277
560.88	16.694
561.08	16.900
561.28	16.876
561.49	16.194
561.69	17.011
561.90	16.618
562.10	16.412
562.31	16.434
562.51	16.254
562.71	16.489
562.92	16.619
563.12	16.321
563.33	16.270
563.53	16.490
563.74	16.339
563.94	16.465
564.14	16.274
564.35	16.666
564.55	15.970
564.76	16.217
564.96	16.240
565.17	16.283
565.37	16.422
565.57	15.834
565.78	16.474
565.98	16.393
566.19	15.953
566.39	16.355
566.59	16.060
566.80	15.634
567.00	15.948
567.21	15.865
567.41	16.202
567.61	15.763
567.82	15.537
568.02	15.549
568.23	15.693
568.43	15.289
568.63	15.635
568.84	15.709
569.04	15.528
569.24	15.521
569.45	15.303
569.65	15.271
569.86	15.440
570.06	15.492
570.26	15.521
570.47	15.148
570.67	15.081
570.87	15.268
571.08	15.314
571.28	14.729
571.49	14.738
571.69	14.787
571.89	14.562
572.10	14.772
572.30	14.835
572.50	14.740
572.71	14.521
572.91	14.447
573.11	14.590
573.32	14.848
573.52	14.335
573.73	14.340
573.93	14.825
574.13	14.475
574.34	14.559
574.54	13.987
574.74	14.200
574.95	14.484
575.15	14.172
575.35	13.957
575.56	14.046
575.76	14.207
575.96	14.154
576.17	13.964
576.37	13.913
576.57	13.836
576.78	13.571
576.98	13.745
577.18	14.328
577.39	13.934
577.59	13.615
577.79	13.962
578.00	13.627
578.20	13.581
578.40	13.365
578.61	13.571
578.81	13.654
579.01	13.281
579.22	13.558
579.42	13.554
579.62	13.404
579.82	13.660
580.03	13.438
580.23	13.422
580.43	13.310
580.64	13.254
580.84	13.082
581.04	12.888
581.25	13.139
581.45	13.025
581.65	12.969
581.86	13.086
582.06	12.931
582.26	13.016
582.46	13.031
582.67	13.042
582.87	12.928
583.07	13.237
583.28	13.110
583.48	12.803
583.68	12.977
583.88	12.977
584.09	12.566
584.29	12.758
584.49	12.550
584.70	12.905
584.90	12.641
585.10	12.774
585.30	12.594
585.51	12.531
585.71	12.651
585.91	12.393
586.11	12.606
586.32	12.591
586.52	12.566
586.72	12.515
586.92	12.485
587.13	12.515
587.33	12.381
587.53	12.176
587.74	12.362
587.94	12.509
588.14	12.436
588.34	12.703
588.55	12.125
588.75	12.154
588.95	12.284
589.15	12.443
589.36	12.532
589.56	12.186
589.76	12.047
589.96	12.150
590.16	12.187
590.37	12.363
590.57	12.093
590.77	12.203
590.97	12.274
591.18	12.500
591.38	12.132
591.58	11.153
591.78	11.928
591.99	12.145
592.19	12.254
592.39	11.986
592.59	12.394
592.79	12.392
593.00	12.201
593.20	11.900
593.40	11.953
593.60	12.004
593.81	12.052
594.01	12.129
594.21	11.956
594.41	12.150
594.61	11.829
594.82	12.254
595.02	11.896
595.22	12.037
595.42	11.778
595.62	11.892
595.83	12.200
596.03	11.640
596.23	12.014
596.43	11.996
596.63	12.083
596.84	11.800
597.04	11.924
597.24	11.579
597.44	11.863
597.64	11.839
597.84	11.906
598.05	11.934
598.25	11.630
598.45	11.883
598.65	11.867
598.85	11.630
599.06	11.993
599.26	11.572
599.46	11.798
599.66	11.568
599.86	11.677
600.06	11.931
600.27	11.877
600.47	11.838
600.67	11.953
600.87	11.658
601.07	11.522
601.27	11.544
601.48	11.625
601.68	11.689
601.88	11.425
602.08	11.571
602.28	11.953
602.48	11.755
602.68	11.592
602.89	11.523
603.09	11.784
603.29	11.790
603.49	11.580
603.69	11.648
603.89	11.636
604.09	11.787
604.30	11.297
604.50	11.480
604.70	11.420
604.90	11.402
605.10	11.556
605.30	11.560
605.50	11.577
605.71	11.583
605.91	11.491
606.11	11.417
606.31	11.618
606.51	11.719
606.71	11.503
606.91	11.484
607.11	11.522
607.32	11.303
607.52	11.399
607.72	11.625
607.92	11.428
608.12	11.739
608.32	11.431
608.52	11.651
608.72	11.582
608.92	11.616
609.12	11.279
609.33	11.345
609.53	11.454
609.73	11.432
609.93	11.327
610.13	11.387
610.33	11.732
610.53	11.494
610.73	11.343
610.93	11.567
611.13	11.374
611.34	11.235
611.54	11.372
611.74	11.332
611.94	11.303
612.14	11.464
612.34	11.252
612.54	11.299
612.74	11.221
612.94	11.164
613.14	11.448
613.34	11.157
613.54	11.179
613.74	11.465
613.95	11.106
614.15	11.220
614.35	11.379
614.55	11.342
614.75	11.254
614.95	11.140
615.15	11.282
615.35	11.484
615.55	11.506
615.75	11.112
615.95	11.296
616.15	11.321
616.35	11.073
616.55	11.154
616.75	11.173
616.95	11.547
617.15	11.020
617.35	11.045
617.56	11.216
617.76	11.177
617.96	10.998
618.16	11.068
618.36	11.053
618.56	11.055
618.76	11.117
618.96	11.230
619.16	11.099
619.36	10.786
619.56	10.976
619.76	11.085
619.96	10.942
620.16	10.936
620.36	10.897
620.56	10.826
620.76	10.797
620.96	10.961
621.16	10.943
621.36	10.778
621.56	10.905
621.76	11.368
621.96	10.985
622.16	10.962
622.36	11.131
622.56	10.982
622.76	10.973
622.96	10.977
623.16	10.692
623.36	10.865
623.56	10.930
623.76	10.870
623.96	10.951
624.16	10.627
624.36	10.676
624.56	10.805
624.76	11.066
624.96	10.779
625.16	10.806
625.36	10.682
625.56	10.902
625.76	11.231
625.96	10.763
626.16	10.856
626.36	10.890
626.56	11.050
626.76	10.939
626.96	10.759
627.16	11.033
627.36	10.953
627.56	10.747
627.76	10.962
627.96	10.843
628.16	10.923
628.36	10.918
628.56	10.697
628.75	10.768
628.95	10.877
629.15	10.705
629.35	10.788
629.55	10.634
629.75	10.834
629.95	10.808
630.15	10.761
630.35	10.982
630.55	10.986
630.75	10.706
630.95	10.858
631.15	10.870
631.35	10.545
631.55	10.899
631.75	11.036
631.95	10.887
632.15	10.694
632.34	10.749
632.54	10.427
632.74	10.716
632.94	10.865
633.14	10.599
633.34	10.983
633.54	10.811
633.74	10.482
633.94	10.714
634.14	11.030
634.34	10.857
634.54	10.521
634.74	10.670
634.93	10.585
635.13	10.623
635.33	10.935
635.53	10.759
635.73	10.756
635.93	10.767
636.13	10.558
636.33	10.686
636.53	10.574
636.73	10.745
636.93	10.465
637.12	10.761
637.32	10.678
637.52	10.757
637.72	10.664
637.92	10.710
638.12	10.507
638.32	10.588
638.52	10.518
638.72	10.624
638.91	10.729
639.11	10.519
639.31	10.740
639.51	10.276
639.71	10.398
639.91	10.539
640.11	10.558
640.31	10.521
640.50	10.334
640.70	10.551
640.90	10.567
641.10	10.325
641.30	10.280
641.50	10.509
641.70	10.397
641.89	10.272
642.09	10.321
642.29	10.344
642.49	10.403
642.69	10.188
642.89	10.237
643.09	10.503
643.28	10.432
643.48	10.324
643.68	10.298
643.88	10.317
644.08	10.314
644.28	10.258
644.48	10.072
644.67	10.296
644.87	10.316
645.07	10.354
645.27	10.114
645.47	10.107
645.67	10.450
645.86	10.126
646.06	10.346
646.26	10.213
646.46	10.230
646.66	10.074
646.85	10.065
647.05	10.570
647.25	10.086
647.45	10.129
647.65	10.010
647.85	10.098
648.04	10.154
648.24	10.079
648.44	10.070
648.64	10.393
648.84	10.039
649.03	10.163
649.23	9.832
649.43	9.984
649.63	10.353
649.83	9.902
650.02	9.954
650.22	10.056
650.42	9.924
650.62	10.058
650.82	10.123
651.01	10.224
651.21	9.862
651.41	10.138
651.61	10.086
651.81	9.934
652.00	10.078
652.20	10.054
652.40	9.868
652.60	9.828
652.79	10.111
652.99	10.027
653.19	9.959
653.39	9.765
653.59	10.188
653.78	10.043
653.98	10.142
654.18	10.256
654.38	10.142
654.57	9.683
654.77	9.795
654.97	9.984
655.17	9.884
655.36	10.091
655.56	9.890
655.76	10.012
655.96	9.739
656.15	10.192
656.35	9.783
656.55	9.912
656.75	9.714
656.94	10.151
657.14	9.937
657.34	10.006
657.54	10.041
657.73	9.979
657.93	9.935
658.13	9.770
658.33	10.101
658.52	10.070
658.72	11.899
658.92	9.819
659.11	10.006
659.31	9.926
659.51	9.976
659.71	9.845
659.90	9.990
660.10	9.783
660.30	10.052
660.50	9.852
660.69	9.965
660.89	9.974
661.09	9.950
661.28	9.807
661.48	9.885
661.68	9.799
661.87	9.903
662.07	10.116
662.27	9.899
662.47	9.956
662.66	9.901
662.86	10.080
663.06	9.827
663.25	9.922
663.45	9.931
663.65	10.040
663.84	10.071
664.04	9.899
664.24	9.942
664.44	9.955
664.63	9.884
664.83	10.145
665.03	9.927
665.22	9.775
665.42	9.848
665.62	10.002
665.81	10.054
666.01	9.954
666.21	9.921
666.40	9.838
666.60	9.832
666.80	9.935
666.99	10.091
667.19	10.044
667.39	10.035
667.58	9.886
667.78	10.085
667.98	9.842
668.17	9.871
668.37	10.104
668.57	9.885
668.76	9.869
668.96	9.751
669.16	10.067
669.35	10.076
669.55	10.218
669.74	10.150
669.94	10.055
670.14	9.988
670.33	9.979
670.53	9.982
670.73	10.079
670.92	10.154
671.12	9.889
671.32	10.031
671.51	10.184
671.71	10.089
671.90	10.180
672.10	9.952
672.30	10.081
672.49	10.258
672.69	10.110
672.89	10.192
673.08	10.028
673.28	10.078
673.47	9.929
673.67	10.078
673.87	10.163
674.06	10.239
674.26	10.159
674.45	10.082
674.65	10.195
674.85	10.157
675.04	10.250
675.24	10.244
675.43	10.236
675.63	10.453
675.83	10.264
676.02	10.369
676.22	10.313
676.41	10.263
676.61	10.464
676.81	10.448
677.00	10.291
677.20	10.219
677.39	10.210
677.59	10.347
677.79	10.438
677.98	10.295
678.18	10.228
678.37	10.320
678.57	10.298
678.76	10.380
678.96	10.322
679.16	10.458
679.35	10.300
679.55	10.603
679.74	10.547
679.94	10.570
680.13	10.520
680.33	10.368
680.53	10.376
680.72	10.470
680.92	10.458
681.11	10.520
681.31	10.511
681.50	10.497
681.70	10.631
681.89	10.486
682.09	10.665
682.28	10.354
682.48	10.464
682.68	10.683
682.87	10.638
683.07	10.738
683.26	10.704
683.46	10.697
683.65	10.894
683.85	10.579
684.04	10.541
684.24	10.935
684.43	10.829
684.63	10.729
684.82	11.057
685.02	10.728
685.21	10.753
685.41	10.783
685.60	10.736
685.80	10.896
686.00	10.815
686.19	11.022
686.39	11.029
686.58	11.139
686.78	10.991
686.97	10.690
687.17	10.978
687.36	11.172
687.56	11.070
687.75	10.994
687.95	11.128
688.14	10.947
688.34	10.895
688.53	11.024
688.73	11.055
688.92	11.192
689.12	10.868
689.31	10.856
689.51	11.380
689.70	11.234
689.89	11.106
690.09	11.038
690.28	11.069
690.48	11.090
690.67	11.233
690.87	11.293
691.06	11.423
691.26	11.128
691.45	11.599
691.65	11.370
691.84	11.359
692.04	11.429
692.23	11.215
692.43	11.430
692.62	11.440
692.82	11.410
693.01	11.670
693.20	11.461
693.40	11.874
693.59	11.840
693.79	11.759
693.98	11.696
694.18	11.852
694.37	11.763
694.57	11.954
694.76	12.016
694.95	11.954
695.15	12.169
695.34	12.157
695.54	12.272
695.73	12.582
695.93	12.560
696.12	12.666
696.32	12.569
696.51	12.788
696.70	12.615
696.90	12.711
697.09	12.762
697.29	13.142
697.48	13.215
697.67	13.358
697.87	13.608
698.06	13.644
698.26	13.941
698.45	14.163
698.65	13.958
698.84	14.309
699.03	14.575
699.23	14.640
699.42	14.926
699.62	14.976
699.81	15.004
700.00	15.159
700.20	15.677
700.39	15.830
700.59	15.914
700.78	16.179
700.97	16.541
701.17	16.683
701.36	17.029
701.56	16.964
701.75	17.329
701.94	17.420
702.14	17.587
702.33	17.782
702.52	17.875
702.72	18.206
702.91	18.999
703.11	18.631
703.30	19.072
703.49	19.118
703.69	19.482
703.88	19.814
704.07	20.302
704.27	20.103
704.46	20.537
704.66	20.826
704.85	20.859
705.04	21.382
705.24	21.475
705.43	21.678
705.62	21.699
705.82	22.308
706.01	22.511
706.20	22.663
706.40	23.079
706.59	23.223
706.78	23.637
706.98	23.455
707.17	24.590
707.36	24.303
707.56	24.554
707.75	24.662
707.94	24.880
708.14	24.841
708.33	25.565
708.52	25.814
708.72	25.919
708.91	26.435
709.10	26.138
709.30	26.782
709.49	27.167
709.68	27.691
709.88	27.739
710.07	27.870
710.26	27.861
710.46	28.399
710.65	28.535
710.84	28.862
711.04	29.051
711.23	29.602
711.42	29.697
711.61	29.954
711.81	30.477
712.00	30.579
712.19	30.632
712.39	30.606
712.58	30.988
712.77	31.864
712.97	31.786
713.16	31.995
713.35	32.490
713.54	32.219
713.74	32.927
713.93	33.168
714.12	33.512
714.32	33.940
714.51	34.069
714.70	34.091
714.89	34.408
715.09	34.316
715.28	35.112
715.47	35.428
715.66	35.463
715.86	35.786
716.05	35.906
716.24	35.819
716.44	36.725
716.63	37.213
716.82	37.357
717.01	37.871
717.21	37.587
717.40	38.063
717.59	38.188
717.78	38.819
717.98	39.387
718.17	39.159
718.36	39.467
718.55	39.423
718.75	39.919
718.94	40.100
719.13	40.477
719.32	40.760
719.52	40.945
719.71	41.424
719.90	41.668
720.09	41.931
720.28	41.811
720.48	42.651
720.67	42.788
720.86	43.051
721.05	43.158
721.25	43.410
721.44	43.818
721.63	44.236
721.82	44.868
722.01	44.758
722.21	44.926
722.40	45.427
722.59	46.261
722.78	45.846
722.98	46.118
723.17	46.326
723.36	46.745
723.55	46.751
723.74	47.447
723.94	47.490
724.13	47.514
724.32	48.462
724.51	48.300
724.70	48.161
724.89	49.147
725.09	49.234
725.28	49.631
725.47	49.991
725.66	50.152
725.85	50.722
726.05	51.001
726.24	50.699
726.43	51.382
726.62	51.377
726.81	51.774
727.00	52.248
727.20	52.017
727.39	52.822
727.58	53.077
727.77	53.674
727.96	53.538
728.15	54.135
728.35	54.142
728.54	54.512
728.73	54.247
728.92	54.767
729.11	55.126
729.30	55.608
729.50	55.113
729.69	56.046
729.88	55.962
730.07	56.231
730.26	57.138
730.45	56.628
730.64	57.561
730.84	57.342
731.03	58.095
731.22	58.163
731.41	58.516
731.60	58.153
731.79	58.638
731.98	59.023
732.18	59.460
732.37	58.739
732.56	60.488
732.75	60.414
732.94	60.248
733.13	60.590
733.32	60.697
733.51	61.580
733.71	61.668
733.90	60.882
734.09	61.739
734.28	62.169
734.47	61.720
734.66	62.540
734.85	62.098
735.04	62.313
735.23	62.921
735.42	63.564
735.62	62.797
735.81	63.728
736.00	63.502
736.19	64.018
736.38	64.295
736.57	64.068
736.76	64.987
736.95	64.491
737.14	65.385
737.33	65.282
737.52	64.964
737.72	65.345
737.91	64.895
738.10	65.538
738.29	66.249
738.48	67.020
738.67	66.968
738.86	66.878
739.05	67.483
739.24	66.543
739.43	67.280
739.62	67.385
739.81	67.478
740.00	67.719
740.19	68.350
740.39	68.071
740.58	68.764
740.77	68.503
740.96	69.173
741.15	69.396
741.34	68.809
741.53	69.545
741.72	68.792
741.91	69.196
742.10	69.588
742.29	69.100
742.48	70.483
742.67	70.023
742.86	70.057
743.05	70.185
743.24	70.211
743.43	70.456
743.62	70.866
743.81	71.546
744.00	71.134
744.19	71.226
744.38	70.896
744.57	71.642
744.76	71.477
744.95	71.647
745.14	72.265
745.33	71.361
745.52	72.231
745.71	72.446
745.90	72.715
746.09	72.389
746.28	72.903
746.47	73.287
746.66	72.432
746.85	73.229
747.04	73.438
747.23	73.331
747.42	73.324
747.61	72.650
747.80	73.112
747.99	73.330
748.18	73.605
748.37	73.854
748.56	74.220
748.75	74.367
748.94	74.031
749.13	73.688
749.32	74.081
749.51	74.351
749.70	74.346
749.89	73.909
750.08	74.209
750.27	74.756
750.46	74.562
750.65	74.601
750.84	74.767
751.03	75.008
751.22	74.580
751.41	74.839
751.60	75.016
751.79	74.819
751.98	75.125
752.17	75.076
752.36	75.382
752.55	75.028
752.74	75.817
752.93	75.742
753.12	75.797
753.30	75.518
753.49	75.832
753.68	75.690
753.87	76.042
754.06	76.042
754.25	75.691
754.44	76.078
754.63	76.261
754.82	76.298
755.01	76.269
755.20	75.888
755.39	76.401
755.58	76.164
755.77	76.776
755.96	76.362
756.14	76.462
756.33	76.589
756.52	75.901
756.71	76.172
756.90	76.697
757.09	76.808
757.28	76.671
757.47	76.633
757.66	76.912
757.85	77.205
758.04	77.205
758.22	76.781
758.41	76.629
758.60	77.241
758.79	76.992
758.98	77.269
759.17	77.083
759.36	77.227
759.55	77.516
759.74	76.866
759.92	77.456
760.11	77.679
760.30	77.039
760.49	77.128
760.68	77.691
760.87	77.254
761.06	77.872
761.25	77.689
761.43	77.532
761.62	77.857
761.81	77.585
762.00	78.019
762.19	77.443
762.38	77.396
762.57	77.609
762.76	77.997
762.94	77.625
763.13	77.649
763.32	77.570
763.51	77.717
763.70	78.281
763.89	77.829
764.07	77.900
764.26	77.756
764.45	77.817
764.64	78.299
764.83	77.870
765.02	77.436
765.21	77.768
765.39	77.797
765.58	78.350
765.77	77.686
765.96	77.627
766.15	78.353
766.34	78.202
766.52	77.972
766.71	78.061
766.90	78.025
767.09	78.343
767.28	77.980
767.46	77.709
767.65	78.017
767.84	77.957
768.03	78.188
768.22	78.327
768.40	78.915
768.59	77.901
768.78	78.028
768.97	78.573
769.16	78.025
769.34	78.302
769.53	78.255
769.72	78.284
769.91	78.028
770.10	78.142
770.28	77.858
770.47	78.057
770.66	78.506
770.85	78.323
771.04	77.584
771.22	78.765
771.41	78.056
771.60	78.340
771.79	78.572
771.98	78.193
772.16	78.335
772.35	78.865
772.54	79.167
772.73	78.880
772.91	78.902
773.10	78.321
773.29	78.197
773.48	78.487
773.66	78.387
773.85	78.367
774.04	78.953
774.23	78.603
774.41	78.974
774.60	78.954
774.79	78.040
774.98	78.543
775.16	79.324
775.35	78.994
775.54	78.096
775.73	77.947
775.91	78.733
776.10	78.971
776.29	78.448
776.48	77.962
776.66	78.332
776.85	78.119
777.04	77.834
777.23	79.200
777.41	78.754
777.60	78.431
777.79	78.350
777.97	78.252
778.16	78.329
778.35	78.545
778.54	78.830
778.72	78.444
778.91	78.170
779.10	78.686
779.28	78.212
779.47	78.970
779.66	78.438
779.85	78.519
780.03	78.167
780.22	79.104
780.41	78.748
780.59	78.310
780.78	78.606
780.97	77.994
781.15	78.147
781.34	78.309
781.53	78.758
781.71	78.040
781.90	79.495
782.09	78.517
782.27	77.927
782.46	79.397
782.65	78.672
782.84	78.517
783.02	79.159
783.21	78.548
783.40	78.723
783.58	78.807
783.77	78.439
783.96	78.659
784.14	78.468
784.33	78.725
784.52	78.006
784.70	79.363
784.89	78.204
785.07	77.857
785.26	78.927
785.45	78.670
785.63	78.875
785.82	78.846
786.01	78.439
786.19	78.868
786.38	78.679
786.57	79.183
786.75	78.902
786.94	78.920
787.13	79.005
787.31	78.815
787.50	78.642
787.68	78.091
787.87	78.055
788.06	78.347
788.24	78.987
788.43	78.440
788.62	79.190
788.80	78.859
788.99	78.675
789.17	78.714
789.36	78.927
789.55	78.328
789.73	78.743
789.92	79.140
790.10	78.379
790.29	79.219
790.48	79.155
790.66	79.139
790.85	78.746
791.03	79.583
791.22	78.874
791.41	79.329
791.59	78.967
791.78	78.481
791.96	79.304
792.15	78.690
792.34	78.218
792.52	79.282
792.71	79.067
792.89	79.105
793.08	79.324
793.27	79.039
793.45	78.404
793.64	78.247
793.82	78.917
794.01	78.900
794.19	78.972
794.38	78.574
794.57	78.837
794.75	78.436
794.94	79.410
795.12	79.536
795.31	78.145
795.49	78.347
795.68	78.977
795.86	78.883
796.05	78.676
796.24	79.154
796.42	78.186
796.61	78.870
796.79	78.101
796.98	78.606
797.16	77.989
797.35	78.931
797.53	78.535
797.72	78.756
797.90	78.850
798.09	78.462
798.27	78.375
798.46	78.978
798.65	78.740
798.83	78.633
799.02	78.198
799.20	78.313
799.39	79.198
799.57	78.900
799.76	78.984
799.94	78.424
800.13	78.282
800.31	79.136
800.50	79.090
800.68	78.858
800.87	78.426
801.05	78.581
801.24	78.161
801.42	78.695
801.61	78.295
801.79	79.334
801.98	79.259
802.16	78.717
802.35	78.509
802.53	78.509
802.72	79.093
802.90	78.199
803.09	79.146
803.27	79.156
803.46	79.315
803.64	78.686
803.83	78.755
804.01	79.347
804.20	79.281
804.38	78.725
804.56	78.723
804.75	78.337
804.93	78.868
805.12	79.650
805.30	79.125
805.49	79.393
805.67	78.624
805.86	79.343
806.04	78.547
806.23	78.722
806.41	79.404
806.59	78.848
806.78	78.666
806.96	78.821
807.15	78.909
807.33	78.679
807.52	78.864
807.70	78.609
807.89	78.665
808.07	78.760
808.25	79.992
808.44	78.755
808.62	79.028
808.81	78.955
808.99	79.058
809.18	79.030
809.36	78.632
809.54	79.254
809.73	79.082
809.91	78.669
810.10	79.133
810.28	78.888
810.47	79.552
810.65	78.584
810.83	78.882
811.02	79.780
811.20	79.686
811.39	79.274
811.57	79.850
811.75	79.124
811.94	79.012
812.12	79.388
812.31	78.515
812.49	79.197
812.67	78.831
812.86	79.370
813.04	79.166
813.23	79.391
813.41	78.853
813.59	79.187
813.78	79.080
813.96	79.695
814.14	79.340
814.33	78.939
814.51	79.569
814.70	79.140
814.88	79.674
815.06	79.642
815.25	79.184
815.43	79.063
815.61	78.731
815.80	78.561
815.98	79.358
816.16	78.830
816.35	79.844
816.53	78.799
816.72	78.833
816.90	79.550
817.08	79.680
817.27	78.742
817.45	79.232
817.63	79.901
817.82	79.011
818.00	78.812
818.18	78.792
818.37	78.859
818.55	79.155
818.73	79.128
818.92	79.059
819.10	79.250
819.28	78.921
819.47	79.051
819.65	78.894
819.83	78.786
820.02	78.901
820.20	78.356
820.38	79.001
820.57	79.704
820.75	78.764
820.93	78.913
821.11	78.847
821.30	80.012
821.48	79.080
821.66	78.452
821.85	79.508
822.03	79.414
822.21	79.153
822.40	79.550
822.58	78.745
822.76	78.807
822.94	79.372
823.13	79.182
823.31	80.006
823.49	79.499
823.68	79.269
823.86	78.956
824.04	79.550
824.22	79.007
824.41	79.186
824.59	79.386
824.77	79.759
824.96	79.594
825.14	79.136
825.32	79.314
825.50	78.757
825.69	78.934
825.87	79.188
826.05	78.945
826.23	79.514
826.42	78.843
826.60	79.229
826.78	79.650
826.96	79.239
827.15	78.999
827.33	79.219
827.51	79.255
827.69	78.721
827.88	78.720
828.06	79.029
828.24	79.469
828.42	78.959
828.61	78.530
828.79	79.098
828.97	78.839
829.15	80.031
829.34	79.717
829.52	80.078
829.70	79.757
829.88	78.622
830.06	80.139
830.25	79.979
830.43	78.676
830.61	79.240
830.79	79.148
830.97	79.017
831.16	78.685
831.34	79.493
831.52	79.072
831.70	79.515
831.89	78.777
832.07	79.456
832.25	78.810
832.43	78.763
832.61	78.507
832.80	79.468
832.98	79.171
833.16	79.620
833.34	79.514
833.52	79.195
833.70	79.195
833.89	78.897
834.07	78.935
834.25	78.784
834.43	79.145
834.61	79.166
834.80	79.171
834.98	78.984
835.16	79.412
835.34	78.928
835.52	79.130
835.70	78.862
835.89	79.001
836.07	79.607
836.25	79.102
836.43	79.952
836.61	80.004
836.79	78.939
836.97	79.092
837.16	79.604
837.34	79.041
837.52	79.022
837.70	79.100
837.88	79.503
838.06	79.056
838.24	79.166
838.43	79.230
838.61	79.608
838.79	78.979
838.97	79.931
839.15	79.096
839.33	79.785
839.51	79.157
839.70	78.598
839.88	79.555
840.06	78.882
840.24	79.288
840.42	79.615
840.60	79.832
840.78	79.468
840.96	79.247
841.14	78.891
841.33	79.284
841.51	79.457
841.69	80.006
841.87	79.864
842.05	79.564
842.23	80.083
842.41	79.776
842.59	79.193
842.77	79.677
842.95	80.023
843.14	79.235
843.32	78.831
843.50	79.567
843.68	79.127
843.86	79.728
844.04	78.354
844.22	79.105
844.40	79.344
844.58	78.835
844.76	79.725
844.94	79.408
845.12	78.593
845.30	79.529
845.49	78.545
845.67	79.810
845.85	78.616
846.03	79.223
846.21	79.670
846.39	80.089
846.57	79.507
846.75	79.805
846.93	79.541
847.11	80.288
847.29	79.163
847.47	79.507
847.65	79.714
847.83	79.983
848.01	79.650
848.19	79.402
848.37	79.598
848.55	80.020
848.73	79.224
848.91	79.547
849.09	79.099
849.27	79.829
849.46	80.044
849.64	79.366
849.82	79.598
850.00	79.025
850.18	80.031
850.36	80.216
850.54	79.680
850.72	79.548
850.90	79.444
851.08	78.768
851.26	79.490
851.44	79.494
851.62	79.657
851.80	79.946
851.98	78.622
852.16	79.223
852.34	79.881
852.52	78.900
852.70	79.632
852.88	79.175
853.06	80.138
853.24	79.703
853.42	79.697
853.60	79.063
853.78	79.631
853.96	80.005
854.14	78.820
854.31	79.949
854.49	80.554
854.67	79.742
854.85	80.072
855.03	79.878
855.21	79.672
855.39	79.639
855.57	80.459
855.75	79.377
855.93	79.401
856.11	79.308
856.29	79.398
856.47	79.131
856.65	79.791
856.83	79.681
857.01	79.801
857.19	79.176
857.37	80.588
857.55	80.204
857.73	79.227
857.91	78.316
858.09	79.237
858.26	79.493
858.44	79.309
858.62	78.962
858.80	79.060
858.98	79.534
859.16	79.714
859.34	79.609
859.52	79.791
859.70	80.579
859.88	79.817
860.06	79.021
860.24	80.349
860.42	80.181
860.59	79.487
860.77	80.829
860.95	79.446
861.13	79.446
861.31	80.259
861.49	79.819
861.67	79.378
861.85	79.281
862.03	79.690
862.21	79.871
862.38	79.660
862.56	78.762
862.74	80.361
862.92	80.198
863.10	80.470
863.28	79.277
863.46	78.883
863.64	80.172
863.82	80.520
863.99	79.880
864.17	80.062
864.35	79.463
864.53	79.913
864.71	79.492
864.89	79.454
865.07	79.636
865.24	79.556
865.42	79.864
865.60	80.245
865.78	79.714
865.96	80.141
866.14	80.027
866.32	80.101
866.49	79.953
866.67	79.837
866.85	79.592
867.03	81.358
867.21	80.004
867.39	80.065
867.56	79.191
867.74	79.712
867.92	80.468
868.10	79.261
868.28	79.245
868.46	80.563
868.63	78.916
868.81	80.469
868.99	80.973
869.17	80.119
869.35	79.798
869.53	79.265
869.70	79.968
869.88	79.848
870.06	78.866
870.24	81.004
870.42	79.922
870.59	79.586
870.77	80.171
870.95	80.323
871.13	80.879
871.31	80.547
871.48	79.090
871.66	79.906
871.84	80.575
872.02	80.663
872.20	81.357
872.37	80.390
872.55	80.417
872.73	80.028
872.91	80.022
873.08	80.549
873.26	79.681
873.44	80.121
873.62	80.240
873.80	80.944
873.97	79.671
874.15	80.601
874.33	78.980
874.51	79.477
874.68	80.606
874.86	80.351
875.04	80.191
875.22	80.018
875.39	80.167
875.57	79.865
875.75	79.079
875.93	81.572
876.10	80.293
876.28	80.400
876.46	80.632
876.64	79.663
876.81	80.202
876.99	80.522
877.17	81.276
877.35	79.614
877.52	79.749
877.70	80.552
877.88	79.468
878.06	79.962
878.23	80.975
878.41	80.455
878.59	81.743
878.76	80.840
878.94	79.647
879.12	79.719
879.30	79.900
879.47	80.187
879.65	80.121
879.83	78.973
880.00	80.630
880.18	80.151
880.36	79.866
880.53	79.286
880.71	79.442
880.89	81.257
881.07	81.288
881.24	81.605
881.42	80.340
881.60	79.934
881.77	80.117
881.95	80.333
882.13	80.755
882.30	80.035
882.48	80.118
882.66	80.308
882.83	80.097
883.01	79.151
883.19	80.777
883.36	80.590
883.54	79.630
883.72	79.789
883.89	79.571
884.07	80.413
884.25	78.800
884.42	79.792
884.60	80.108
884.78	80.284
884.95	80.032
885.13	79.577
885.31	80.227
885.48	80.336
885.66	80.146
885.84	79.824
886.01	80.889
886.19	79.051
886.36	79.584
886.54	80.515
886.72	81.120
886.89	80.535
887.07	79.901
887.25	80.631
887.42	79.875
887.60	80.679
887.78	79.921
887.95	81.963
888.13	80.433
888.30	80.103
888.48	79.696
888.66	80.465
888.83	79.765
889.01	79.518
889.18	79.901
889.36	79.307
889.54	81.340
889.71	79.406
889.89	80.475
890.06	79.838
890.24	81.138
890.42	80.169
890.59	80.733
890.77	81.138
890.94	80.776
891.12	80.629
891.30	81.077
891.47	80.449
891.65	80.029
891.82	80.522
892.00	80.702
892.17	80.712
892.35	79.662
892.53	80.944
892.70	80.296
892.88	80.563
893.05	80.872
893.23	80.616
893.40	80.097
893.58	79.658
893.75	80.195
893.93	80.736
894.11	80.218
894.28	79.698
894.46	81.484
894.63	80.478
894.81	79.476
894.98	81.462
895.16	79.836
895.33	80.043
895.51	79.565
895.68	80.725
895.86	80.071
896.04	80.343
896.21	82.323
896.39	78.870
896.56	80.885
896.74	79.823
896.91	80.041
897.09	80.742
897.26	80.348
897.44	81.159
897.61	82.037
897.79	80.447
897.96	80.865
898.14	79.680
898.31	80.413
898.49	80.406
898.66	80.440
898.84	79.299
899.01	79.190
899.19	81.808
899.36	80.929
899.54	79.784
899.71	80.168
899.89	79.174
900.06	80.132
900.24	80.030
900.41	79.909
900.59	81.433
900.76	80.580
900.94	80.601
901.11	80.749
901.29	79.734
901.46	80.475
901.63	80.153
901.81	79.451
901.98	81.038
902.16	80.922
902.33	80.459
902.51	79.772
902.68	80.239
902.86	81.250
903.03	80.587
903.21	80.031
903.38	80.543
903.56	80.887
903.73	80.401
903.90	79.300
904.08	81.316
904.25	80.290
904.43	80.585
904.60	80.658
904.78	80.211
904.95	80.348
905.12	80.931
905.30	80.042
905.47	80.254
905.65	79.431
905.82	81.193
906.00	80.273
906.17	79.720
906.34	80.149
906.52	81.157
906.69	80.906
906.87	80.544
907.04	81.230
907.21	81.029
907.39	80.836
907.56	80.697
907.74	81.858
907.91	81.795
908.08	82.163
908.26	79.489
908.43	79.605
908.61	79.907
908.78	80.114
908.95	81.164
909.13	80.890
909.30	80.667
909.48	80.728
909.65	80.515
909.82	80.822
910.00	81.212
910.17	80.249
910.34	80.543
910.52	79.802
910.69	80.619
910.87	80.759
911.04	80.159
911.21	80.644
911.39	79.676
911.56	80.150
911.73	80.564
911.91	80.367
912.08	80.795
912.25	80.522
912.43	80.822
912.60	80.381
912.77	81.146
912.95	81.525
913.12	80.162
913.29	80.378
913.47	80.293
913.64	81.585
913.81	80.815
913.99	81.335
914.16	80.037
914.33	79.681
914.51	80.176
914.68	80.746
914.85	79.919
915.03	80.303
915.20	81.685
915.37	80.196
915.55	80.355
915.72	79.937
915.89	80.606
916.07	79.918
916.24	79.770
916.41	80.995
916.59	81.116
916.76	80.895
916.93	79.560
917.10	79.608
917.28	80.363
917.45	80.519
917.62	78.575
917.80	80.156
917.97	81.725
918.14	80.607
918.31	80.782
918.49	80.823
918.66	80.961
918.83	80.311
919.01	80.940
919.18	81.069
919.35	80.769
919.52	80.166
919.70	80.525
919.87	79.726
920.04	81.804
920.21	79.855
920.39	80.846
920.56	81.118
920.73	80.091
920.90	80.035
921.08	80.109
921.25	81.358
921.42	80.989
921.59	80.424
921.77	80.700
921.94	80.653
922.11	79.161
922.28	80.582
922.46	81.662
922.63	82.033
922.80	80.252
922.97	79.442
923.15	81.296
923.32	80.371
923.49	81.659
923.66	81.505
923.83	81.287
924.01	80.221
924.18	80.923
924.35	81.003
924.52	81.443
924.69	81.087
924.87	81.061
925.04	79.553
925.21	80.716
925.38	79.772
925.55	80.462
925.73	81.502
925.90	80.386
926.07	81.557
926.24	80.249
926.41	80.595
926.59	80.813
926.76	81.107
926.93	80.704
927.10	82.403
927.27	81.655
927.45	79.681
927.62	81.098
927.79	79.764
927.96	81.204
928.13	81.539
928.30	80.510
928.48	81.341
928.65	80.833
928.82	80.838
928.99	82.622
929.16	82.491
929.33	79.857
929.50	80.434
929.68	80.629
929.85	80.250
930.02	79.743
930.19	79.655
930.36	80.520
930.53	79.945
930.70	80.561
930.88	81.593
931.05	83.098
931.22	81.238
931.39	80.864
931.56	80.819
931.73	79.769
931.90	81.518
932.08	80.186
932.25	81.042
932.42	81.581
932.59	80.222
932.76	81.041
932.93	81.095
933.10	80.997
933.27	83.072
933.44	82.108
933.62	80.878
933.79	81.710
933.96	81.463
934.13	81.461
934.30	81.562
934.47	82.665
934.64	81.818
934.81	80.809
934.98	82.254
935.15	84.279
935.32	82.478
935.50	78.596
935.67	81.636
935.84	81.504
936.01	81.664
936.18	80.964
936.35	80.638
936.52	81.344
936.69	82.328
936.86	82.544
937.03	81.254
937.20	82.130
937.37	83.971
937.54	81.511
937.71	81.905
937.89	82.859
938.06	81.134
938.23	81.529
938.40	82.195
938.57	83.841
938.74	81.344
938.91	82.530
939.08	78.739
939.25	86.065
939.42	83.831
939.59	81.000
939.76	83.570
939.93	83.819
940.10	82.962
940.27	82.210
940.44	83.843
940.61	79.420
940.78	85.134
940.95	84.485
941.12	84.328
941.29	81.600
941.46	83.587
941.63	83.253
941.80	86.347
941.97	80.333
942.14	83.579
942.31	78.837
942.48	83.386
942.65	83.055
942.82	83.590
942.99	87.088
943.16	80.112
943.33	83.500
943.50	83.088
943.67	84.923
943.84	80.188
944.01	86.937
944.18	85.216
944.35	81.824
944.52	82.952
944.69	83.747
944.86	82.961
945.03	80.495
945.20	80.888
945.37	82.195
945.54	82.234
945.71	79.759
945.88	82.736
946.05	86.130
946.22	83.495
946.39	83.853
946.56	81.055
946.73	84.795
946.90	84.046
947.07	86.652
947.23	84.997
947.40	87.709
947.57	81.764
947.74	84.975
947.91	84.961
948.08	82.353
948.25	84.598
948.42	82.858
948.59	84.115
948.76	82.876
948.93	85.790
949.10	82.268
949.27	82.081
949.44	84.893
949.60	84.790
949.77	84.255
949.94	85.950
950.11	81.849
950.28	83.510
950.45	83.870
950.62	86.175
950.79	83.150
950.96	80.244
951.13	83.375
951.30	82.683
951.46	83.208
951.63	79.922
951.80	84.571
951.97	82.426
952.14	81.744
952.31	83.165
952.48	82.966
952.65	85.978
952.81	83.326
952.98	83.826
953.15	76.667
953.32	82.089
953.49	81.445
953.66	82.813
953.83	83.613
954.00	81.585
954.16	82.442
954.33	84.304
954.50	86.409
954.67	82.590
954.84	84.019
955.01	87.887
955.18	83.319
955.34	80.105
955.51	80.142
955.68	80.911
955.85	80.239
956.02	80.438
956.19	83.156
956.35	81.123
956.52	82.730
956.69	82.724
956.86	80.600
957.03	82.546
957.20	83.121
957.36	81.226
957.53	82.172
957.70	81.228
957.87	77.507
958.04	82.517
958.21	81.998
958.37	81.147
958.54	81.383
958.71	84.407
958.88	79.096
959.05	79.681
959.21	79.614
959.38	79.657
959.55	82.068
959.72	83.045
959.89	81.611
960.05	81.146
960.22	80.727
960.39	81.101
960.56	81.455
960.72	80.341
960.89	82.977
961.06	80.533
961.23	80.820
961.40	84.777
961.56	83.270
961.73	80.053
961.90	86.533
962.07	80.784
962.23	83.203
962.40	82.143
962.57	82.160
962.74	80.045
962.90	81.209
963.07	81.257
963.24	82.166
963.41	78.880
963.57	83.343
963.74	84.836
963.91	80.866
964.08	82.456
964.24	80.128
964.41	82.593
964.58	84.596
964.75	82.957
964.91	80.699
965.08	82.224
965.25	82.536
965.42	81.417
965.58	83.686
965.75	80.353
965.92	80.898
966.08	79.144
966.25	81.413
966.42	82.419
966.59	78.209
966.75	80.886
966.92	80.658
967.09	82.292
967.25	84.216
967.42	84.399
967.59	83.147
967.75	81.039
967.92	80.936
968.09	81.835
968.26	81.882
968.42	83.314
968.59	80.213
968.76	78.885
968.92	80.233
969.09	83.907
969.26	81.804
969.42	80.350
969.59	80.672
969.76	81.810
969.92	81.740
970.09	80.862
970.26	79.559
970.42	83.599
970.59	80.918
970.76	81.230
970.92	84.337
971.09	83.435
971.26	81.270
971.42	84.319
971.59	79.478
971.76	82.551
971.92	83.578
972.09	81.714
972.25	82.388
972.42	79.867
972.59	79.605
972.75	84.534
972.92	79.973
973.09	82.455
973.25	81.057
973.42	79.954
973.58	81.673
973.75	82.208
973.92	81.099
974.08	83.044
974.25	79.646
974.42	81.769
974.58	81.217
974.75	81.404
974.91	82.458
975.08	82.395
975.25	85.855
975.41	82.846
975.58	82.766
975.74	80.790
975.91	79.891
976.08	82.465
976.24	84.702
976.41	83.531
976.57	82.712
976.74	82.368
976.91	80.977
977.07	82.696
977.24	83.006
977.40	79.468
977.57	81.457
977.73	82.470
977.90	82.664
978.07	82.593
978.23	84.076
978.40	78.354
978.56	81.191
978.73	81.862
978.89	83.523
979.06	82.934
979.22	82.797
979.39	83.123
979.56	84.285
979.72	81.789
979.89	79.839
980.05	81.428
980.22	85.643
980.38	81.947
980.55	81.353
980.71	83.330
980.88	85.911
981.04	80.647
981.21	87.151
981.37	82.314
981.54	82.656
981.70	82.437
981.87	79.527
982.04	83.979
982.20	80.462
982.37	82.952
982.53	81.189
982.70	83.402
982.86	83.835
983.03	83.383
983.19	81.369
983.36	82.800
983.52	83.580
983.69	85.606
983.85	83.953
984.02	81.648
984.18	81.698
984.35	82.298
984.51	82.217
984.68	82.445
984.84	84.551
985.00	84.409
985.17	85.579
985.33	84.888
985.50	86.083
985.66	82.375
985.83	81.969
985.99	80.999
986.16	80.557
986.32	89.323
986.49	82.217
986.65	81.543
986.82	80.952
986.98	85.041
987.15	83.831
987.31	82.782
987.47	85.332
987.64	82.738
987.80	82.734
987.97	81.458
988.13	79.564
988.30	84.011
988.46	84.281
988.63	83.053
988.79	84.216
988.95	84.042
989.12	86.193
989.28	83.218
989.45	84.040
989.61	85.801
989.77	83.766
989.94	81.207
990.10	81.662
990.27	82.513
990.43	78.635
990.60	83.025
990.76	83.754
990.92	86.654
991.09	82.764
991.25	80.473
991.42	83.930
991.58	83.288
991.74	86.982
991.91	78.432
992.07	82.102
992.24	84.086
992.40	80.199
992.56	84.749
992.73	83.557
992.89	86.105
993.05	85.702
993.22	81.267
993.38	83.271
993.55	82.668
993.71	84.958
993.87	81.295
994.04	80.965
994.20	84.245
994.36	85.187
994.53	80.461
994.69	85.727
994.85	86.176
995.02	80.974
995.18	83.318
995.34	82.958
995.51	87.169
995.67	76.994
995.84	87.345
996.00	85.040
996.16	83.829
996.33	78.648
996.49	81.280
996.65	86.358
996.82	86.014
996.98	83.771
997.14	85.027
997.31	83.524
997.47	83.894
997.63	83.355
997.79	83.726
997.96	86.381
998.12	84.216
998.28	80.476
998.45	84.165
998.61	86.590
998.77	87.114
998.94	81.457
999.10	84.363
999.26	86.136
999.43	86.904
999.59	85.416
999.75	81.095
999.91	83.477
1000.08	83.672
1000.24	84.400
1000.40	87.491
1000.57	81.179
1000.73	81.843
1000.89	85.918
1001.05	84.302
1001.22	84.048
1001.38	85.377
1001.54	85.218
1001.70	84.594
1001.87	84.859
1002.03	88.240
1002.19	84.228
1002.35	83.207
1002.52	84.177
1002.68	89.660
1002.84	86.122
1003.00	86.999
1003.17	87.142
1003.33	83.695
1003.49	78.152
1003.65	83.314
1003.82	86.404
1003.98	86.232
1004.14	87.954
1004.30	87.347
1004.47	85.272
1004.63	83.734
1004.79	86.247
1004.95	85.614
1005.11	83.481
1005.28	82.313
1005.44	82.665
1005.60	89.129
1005.76	89.082
1005.93	84.805
1006.09	86.008
1006.25	86.753
1006.41	86.020
1006.57	86.395
1006.74	87.572
1006.90	89.347
1007.06	83.643
1007.22	86.741
1007.38	89.856
1007.55	80.442
1007.71	83.305
1007.87	85.256
1008.03	81.302
1008.19	86.556
1008.35	96.805
1008.52	83.725
1008.68	83.620
1008.84	87.429
1009.00	89.233
1009.16	84.512
1009.32	83.552
1009.49	87.720
1009.65	81.215
1009.81	88.380
1009.97	87.224
1010.13	88.936
1010.29	82.518
1010.46	90.420
1010.62	86.335
1010.78	83.524
1010.94	86.792
1011.10	84.345
1011.26	81.801
1011.42	85.245
1011.59	87.678
1011.75	84.567
1011.91	87.818
1012.07	91.786
1012.23	92.048
1012.39	90.309
1012.55	95.016
1012.71	88.169
1012.88	87.248
1013.04	83.647
1013.20	86.826
1013.36	92.019
1013.52	85.454
1013.68	94.342
1013.84	86.008
1014.00	88.913
1014.16	90.368
1014.33	86.249
1014.49	92.649
1014.65	89.597
1014.81	85.828
1014.97	85.185
1015.13	86.954
1015.29	86.880
1015.45	86.069
1015.61	86.507
1015.77	84.258
1015.93	94.322
1016.09	96.766
1016.26	93.958
1016.42	87.010
1016.58	92.233
1016.74	88.651
1016.90	91.167
1017.06	92.332
1017.22	83.603
1017.38	90.097
1017.54	84.029
1017.70	90.990
1017.86	83.959
1018.02	88.357
1018.18	87.253
1018.34	81.422
1018.50	92.678
1018.66	87.129
1018.82	85.413
1018.98	97.690
1019.14	94.595
1019.31	86.675
1019.47	94.388
1019.63	90.176
1019.79	90.347
1019.95	101.248
1020.11	88.391
1020.27	84.197
1020.43	91.156
1020.59	85.733
1020.75	95.417
1020.91	90.966
1021.07	89.199
1021.23	91.643
1021.39	87.099
1021.55	81.437
1021.71	85.600
1021.87	90.000
1022.03	88.294
1022.19	92.251
1022.35	95.873
1022.51	74.700
1022.67	88.473
1022.83	88.847
1022.99	91.503
1023.15	90.287
1023.31	88.455
1023.47	93.906
1023.63	99.559
1023.79	92.572
1023.95	94.378
1024.10	94.188
1024.26	85.088
1024.42	100.252
1024.58	86.378
1024.74	92.180
1024.90	92.213
1025.06	82.825
1025.22	99.019
1025.38	92.905
1025.54	88.664
1025.70	93.795
1025.86	96.889
1026.02	83.507
1026.18	92.702
1026.34	102.374
1026.50	86.571
1026.66	98.522
1026.82	89.991
1026.98	97.848
1027.13	91.624
1027.29	92.014
1027.45	85.065
1027.61	95.535
1027.77	92.672
1027.93	92.916
1028.09	93.169
1028.25	90.547
1028.41	90.351
1028.57	98.287
1028.73	98.496
1028.88	101.973
1029.04	98.997
1029.20	99.715
1029.36	105.516
1029.52	88.029
1029.68	93.326
1029.84	85.095
1030.00	94.678
1030.16	95.203
1030.32	83.700
1030.47	97.028
1030.63	82.896
1030.79	104.585
1030.95	89.911
1031.11	93.623
1031.27	87.965
1031.43	97.808
1031.59	85.485
1031.74	91.359
1031.90	98.952
1032.06	93.002
1032.22	101.970
1032.38	89.848
1032.54	100.239
1032.69	101.869
1032.85	102.133
1033.01	97.944
1033.17	116.426
1033.33	112.895
1033.49	82.468
1033.65	93.758
1033.80	103.057
1033.96	108.811
1034.12	89.227
1034.28	97.481
1034.44	104.000
1034.60	96.000
1034.75	107.565
1034.91	97.372
1035.07	112.483
1035.23	98.782
1035.39	85.832
1035.54	96.306
1035.70	93.604
1035.86	112.798
1036.02	95.905
1036.18	104.306
1036.33	77.330
1036.49	96.639
1036.65	120.684
1036.81	85.384
1036.97	125.589
1037.12	106.114
1037.28	100.715
1037.44	84.890
1037.60	104.892
1037.76	94.828
1037.91	103.699
1038.07	95.448
1038.23	115.504
1038.39	100.151
1038.54	104.299
1038.70	86.424
1038.86	100.577
1039.02	90.072
1039.17	113.636
1039.33	110.455
1039.49	88.294
1039.65	103.172
1039.80	110.133
1039.96	100.498
1040.12	105.317
1040.28	119.449
>>>>> Data<<<<< Espectral Procesado Extremo
