Fichero De Datos De SpectraSuite
++++++++++++++++++++++++++++++++++++
Fecha: Wed Jul 15 10:46:08 CST 2026
Usuario: HP
Presente Oscuro Del Espectro: Sí
La Referencia de Presente Del Espectro De: Sí
Muestreados de los componentes de Número de espectros: 1
Espectrómetros: USB4H06056
Tiempo de integración (usec): 300000 (USB4H06056)
Promedio de Espectros Hechos un: 5 (USB4H06056)
El Alisar Del Furgón: 0 (USB4H06056)
Párrafo de de Corregir del la del del de Eléctrica del obscuridad: No (USB4H06056)
Estrobo/Lámpara Permitido: No (USB4H06056)
Correct for Detector Non-linearity: No (USB4H06056)
Párrafo de de Corregir del la del del de Externa del luz: No (USB4H06056)
Procesado del espectro de Número de pixeles en: 3648
>>>>> Comienza Data<<<<< Espectral Procesado Del EL
345.09	-162.500
345.30	-162.500
345.52	-162.500
345.74	136.364
345.95	496.667
346.17	-54.762
346.39	588.095
346.60	1.408
346.82	54.717
347.04	-1500.000
347.25	41.176
347.47	274.627
347.69	-988.235
347.90	-211.429
348.12	587.179
348.34	866.667
348.56	152.564
348.77	-500.000
348.99	203.546
349.21	159.223
349.42	94.444
349.64	138.710
349.86	71.963
350.07	124.390
350.29	151.485
350.51	80.255
350.72	69.811
350.94	190.698
351.16	103.810
351.37	90.341
351.59	84.076
351.81	213.953
352.02	387.234
352.24	125.688
352.46	140.441
352.67	291.667
352.89	96.040
353.10	78.351
353.32	201.887
353.54	654.545
353.75	205.747
353.97	189.130
354.19	1166.667
354.40	176.389
354.62	263.830
354.84	156.579
355.05	1509.091
355.27	60.638
355.49	31.056
355.70	101.786
355.92	96.429
356.14	150.000
356.35	112.438
356.57	91.457
356.78	72.109
357.00	111.429
357.22	70.270
357.43	120.745
357.65	96.970
357.87	2425.000
358.08	108.000
358.30	50.556
358.51	172.727
358.73	215.789
358.95	167.785
359.16	146.552
359.38	114.286
359.60	133.065
359.81	231.081
360.03	118.269
360.24	225.397
360.46	136.667
360.68	171.951
360.89	146.099
361.11	151.613
361.33	123.490
361.54	101.333
361.76	138.462
361.97	115.966
362.19	126.190
362.41	120.968
362.62	61.275
362.84	45.161
363.05	177.083
363.27	118.421
363.49	82.870
363.70	84.043
363.92	205.970
364.13	270.588
364.35	76.339
364.57	86.061
364.78	335.955
365.00	101.242
365.21	67.273
365.43	82.000
365.65	113.740
365.86	47.826
366.08	50.420
366.29	83.673
366.51	291.489
366.73	156.923
366.94	213.333
367.16	69.872
367.37	169.048
367.59	129.333
367.80	49.660
368.02	51.584
368.24	188.189
368.45	113.139
368.67	169.355
368.88	42.857
369.10	145.038
369.31	149.038
369.53	98.515
369.75	167.187
369.96	163.309
370.18	405.263
370.39	121.659
370.61	351.613
370.82	80.667
371.04	208.108
371.26	224.719
371.47	61.905
371.69	1418.182
371.90	276.923
372.12	110.667
372.33	3.448
372.55	306.316
372.76	82.353
372.98	63.594
373.20	122.137
373.41	122.656
373.63	89.431
373.84	56.716
374.06	28.676
374.27	117.355
374.49	161.261
374.70	226.667
374.92	60.755
375.13	77.301
375.35	81.481
375.57	112.346
375.78	100.932
376.00	148.295
376.21	111.053
376.43	120.588
376.64	97.633
376.86	152.381
377.07	142.478
377.29	57.407
377.50	114.857
377.72	90.357
377.93	135.294
378.15	129.183
378.36	115.888
378.58	149.020
378.80	71.268
379.01	142.735
379.23	58.671
379.44	90.909
379.66	251.695
379.87	94.245
380.09	90.594
380.30	247.253
380.52	120.000
380.73	45.794
380.95	132.367
381.16	199.429
381.38	88.496
381.59	47.742
381.81	55.556
382.02	99.526
382.24	93.035
382.45	130.303
382.67	92.053
382.88	87.302
383.10	141.202
383.31	36.585
383.53	78.409
383.74	157.600
383.96	163.265
384.17	126.087
384.39	87.432
384.60	84.393
384.82	92.273
385.03	80.066
385.25	96.413
385.46	86.170
385.68	101.310
385.89	71.831
386.11	149.091
386.32	122.807
386.54	106.250
386.75	43.933
386.97	77.444
387.18	147.826
387.40	116.216
387.61	48.421
387.83	42.562
388.04	112.406
388.25	77.835
388.47	109.375
388.68	105.983
388.90	85.446
389.11	94.660
389.33	60.390
389.54	77.473
389.76	172.353
389.97	62.022
390.19	60.985
390.40	77.914
390.62	78.182
390.83	96.939
391.05	107.516
391.26	100.926
391.47	129.936
391.69	115.166
391.90	113.725
392.12	124.171
392.33	55.710
392.55	89.308
392.76	77.154
392.98	41.202
393.19	88.750
393.41	118.519
393.62	91.525
393.83	45.614
394.05	106.006
394.26	82.673
394.48	28.621
394.69	56.667
394.91	122.872
395.12	102.174
395.34	39.925
395.55	82.353
395.76	110.968
395.98	97.583
396.19	89.590
396.41	53.381
396.62	149.587
396.84	63.968
397.05	55.017
397.26	57.353
397.48	66.578
397.69	66.929
397.91	54.711
398.12	60.000
398.33	84.675
398.55	72.527
398.76	52.493
398.98	82.264
399.19	96.711
399.41	70.077
399.62	73.176
399.83	82.043
400.05	83.149
400.26	89.841
400.48	73.563
400.69	60.630
400.90	82.770
401.12	65.774
401.33	59.635
401.55	51.227
401.76	55.728
401.97	59.922
402.19	41.561
402.40	50.617
402.62	42.118
402.83	68.230
403.04	77.878
403.26	64.783
403.47	53.118
403.69	43.799
403.90	29.448
404.11	53.237
404.33	51.724
404.54	72.692
404.76	49.304
404.97	56.073
405.18	54.240
405.40	53.564
405.61	52.533
405.83	48.571
406.04	49.908
406.25	85.806
406.47	45.378
406.68	33.409
406.89	59.082
407.11	61.181
407.32	61.553
407.54	50.796
407.75	55.081
407.96	72.308
408.18	46.182
408.39	53.347
408.60	53.861
408.82	71.543
409.03	46.354
409.24	54.064
409.46	45.933
409.67	67.085
409.89	36.725
410.10	29.483
410.31	51.038
410.53	35.942
410.74	52.662
410.95	45.127
411.17	29.496
411.38	34.907
411.59	45.588
411.81	38.814
412.02	59.718
412.23	42.516
412.45	32.131
412.66	42.768
412.87	47.187
413.09	44.518
413.30	40.437
413.51	38.035
413.73	32.581
413.94	45.138
414.15	34.673
414.37	32.985
414.58	33.952
414.79	30.869
415.01	49.890
415.22	31.330
415.43	31.415
415.65	9.193
415.86	33.225
416.07	29.658
416.29	39.379
416.50	29.691
416.71	23.156
416.93	16.598
417.14	30.084
417.35	24.681
417.57	33.796
417.78	26.816
417.99	30.958
418.21	25.762
418.42	27.288
418.63	17.315
418.85	361.905
419.06	16.393
419.27	19.811
419.48	22.734
419.70	21.922
419.91	29.825
420.12	25.088
420.34	21.434
420.55	27.901
420.76	19.359
420.98	19.233
421.19	17.776
421.40	25.000
421.61	20.460
421.83	17.339
422.04	20.737
422.25	27.588
422.47	24.134
422.68	16.151
422.89	13.274
423.11	24.394
423.32	16.901
423.53	10.201
423.74	18.759
423.96	17.265
424.17	20.667
424.38	16.273
424.59	18.301
424.81	15.586
425.02	13.175
425.23	13.466
425.45	10.172
425.66	18.461
425.87	17.871
426.08	15.853
426.30	11.511
426.51	17.881
426.72	13.059
426.93	12.360
427.15	15.547
427.36	15.942
427.57	18.585
427.79	16.051
428.00	7.937
428.21	-2.262
428.42	10.090
428.64	14.979
428.85	10.159
429.06	11.891
429.27	15.188
429.49	14.785
429.70	12.892
429.91	15.333
430.12	15.871
430.34	13.556
430.55	15.730
430.76	14.623
430.97	12.166
431.19	9.712
431.40	12.524
431.61	14.073
431.82	12.664
432.03	14.143
432.25	10.379
432.46	14.780
432.67	14.924
432.88	9.619
433.10	13.073
433.31	11.609
433.52	10.115
433.73	12.869
433.95	13.776
434.16	11.859
434.37	15.024
434.58	12.719
434.79	11.646
435.01	12.096
435.22	13.595
435.43	13.397
435.64	9.514
435.86	11.114
436.07	11.787
436.28	12.549
436.49	12.226
436.70	11.762
436.92	12.483
437.13	11.659
437.34	10.291
437.55	8.565
437.76	9.404
437.98	12.193
438.19	8.899
438.40	12.561
438.61	12.148
438.82	10.017
439.04	12.048
439.25	10.058
439.46	9.461
439.67	6.970
439.88	11.859
440.10	11.159
440.31	10.048
440.52	13.421
440.73	11.864
440.94	11.405
441.16	14.269
441.37	11.241
441.58	10.232
441.79	11.717
442.00	13.391
442.21	11.645
442.43	8.492
442.64	10.267
442.85	12.304
443.06	12.817
443.27	13.082
443.48	11.767
443.70	10.533
443.91	11.228
444.12	10.572
444.33	11.574
444.54	11.834
444.75	10.578
444.97	10.431
445.18	10.203
445.39	8.912
445.60	10.245
445.81	10.934
446.02	11.187
446.24	10.274
446.45	9.984
446.66	11.134
446.87	11.406
447.08	10.982
447.29	8.639
447.51	10.584
447.72	10.376
447.93	9.240
448.14	10.856
448.35	9.521
448.56	11.570
448.77	8.178
448.99	11.769
449.20	10.322
449.41	11.579
449.62	12.789
449.83	10.973
450.04	9.916
450.25	10.048
450.46	9.423
450.68	9.953
450.89	8.843
451.10	10.298
451.31	11.947
451.52	8.655
451.73	10.524
451.94	10.667
452.15	10.532
452.37	9.536
452.58	11.640
452.79	11.774
453.00	10.210
453.21	9.613
453.42	10.373
453.63	11.512
453.84	12.006
454.06	10.947
454.27	9.595
454.48	11.075
454.69	9.212
454.90	7.843
455.11	10.874
455.32	9.633
455.53	11.723
455.74	9.482
455.95	10.603
456.17	8.958
456.38	10.820
456.59	9.652
456.80	10.362
457.01	10.167
457.22	10.999
457.43	11.077
457.64	8.852
457.85	11.135
458.06	10.340
458.27	10.235
458.49	10.222
458.70	11.705
458.91	10.940
459.12	10.781
459.33	10.335
459.54	10.091
459.75	12.392
459.96	9.171
460.17	8.558
460.38	10.686
460.59	11.306
460.80	9.952
461.01	8.820
461.23	11.051
461.44	10.901
461.65	10.757
461.86	9.664
462.07	10.551
462.28	8.934
462.49	10.296
462.70	8.599
462.91	11.340
463.12	11.340
463.33	9.436
463.54	9.441
463.75	8.153
463.96	11.463
464.17	10.675
464.38	10.695
464.59	9.874
464.81	10.650
465.02	11.020
465.23	8.833
465.44	10.855
465.65	9.639
465.86	8.208
466.07	8.986
466.28	9.962
466.49	9.974
466.70	10.805
466.91	11.196
467.12	10.935
467.33	10.841
467.54	8.503
467.75	10.640
467.96	9.901
468.17	9.653
468.38	11.449
468.59	10.457
468.80	10.792
469.01	8.740
469.22	10.920
469.43	9.615
469.64	9.172
469.85	10.630
470.06	10.481
470.27	9.661
470.48	11.119
470.69	10.831
470.90	9.443
471.11	9.823
471.32	9.695
471.53	9.657
471.74	10.264
471.95	9.830
472.16	10.711
472.37	10.277
472.58	10.406
472.79	9.563
473.00	11.827
473.21	11.029
473.42	8.968
473.63	10.327
473.84	10.534
474.05	10.157
474.26	9.830
474.47	9.954
474.68	9.490
474.89	11.214
475.10	10.825
475.31	10.462
475.52	10.485
475.73	11.042
475.94	9.663
476.15	9.819
476.36	10.253
476.57	9.796
476.78	9.649
476.99	9.827
477.20	9.570
477.41	10.627
477.62	9.224
477.83	9.540
478.04	10.607
478.25	11.515
478.46	9.035
478.67	9.577
478.88	10.732
479.09	10.330
479.30	9.209
479.51	10.069
479.72	9.743
479.93	11.162
480.14	9.654
480.35	10.179
480.56	10.042
480.77	10.566
480.98	10.440
481.18	10.125
481.39	9.798
481.60	9.707
481.81	9.243
482.02	9.674
482.23	11.075
482.44	10.193
482.65	9.371
482.86	10.217
483.07	10.376
483.28	9.294
483.49	9.606
483.70	10.214
483.91	9.873
484.12	9.571
484.33	9.902
484.53	9.956
484.74	10.415
484.95	9.695
485.16	9.412
485.37	10.241
485.58	10.311
485.79	10.222
486.00	9.346
486.21	9.093
486.42	10.279
486.63	10.008
486.84	10.411
487.05	10.612
487.25	10.173
487.46	10.102
487.67	10.037
487.88	9.906
488.09	9.030
488.30	8.924
488.51	17.486
488.72	8.864
488.93	9.813
489.14	10.049
489.35	9.282
489.55	9.778
489.76	10.519
489.97	10.015
490.18	9.781
490.39	10.229
490.60	9.860
490.81	9.581
491.02	9.531
491.23	10.301
491.43	10.027
491.64	9.512
491.85	9.594
492.06	9.782
492.27	9.694
492.48	9.543
492.69	9.630
492.90	9.646
493.11	9.950
493.31	9.231
493.52	9.655
493.73	10.365
493.94	9.680
494.15	9.773
494.36	9.468
494.57	9.761
494.78	9.534
494.98	9.370
495.19	9.257
495.40	9.823
495.61	10.456
495.82	9.664
496.03	10.076
496.24	9.881
496.44	9.677
496.65	9.737
496.86	9.315
497.07	9.689
497.28	10.268
497.49	9.785
497.70	10.402
497.90	10.155
498.11	9.614
498.32	9.479
498.53	9.777
498.74	9.742
498.95	9.918
499.15	10.078
499.36	9.958
499.57	9.687
499.78	9.883
499.99	10.190
500.20	9.420
500.40	10.049
500.61	10.011
500.82	9.745
501.03	9.783
501.24	10.226
501.45	10.034
501.65	9.835
501.86	9.583
502.07	9.899
502.28	9.982
502.49	9.614
502.70	10.041
502.90	9.420
503.11	10.001
503.32	9.800
503.53	9.933
503.74	10.073
503.94	10.119
504.15	9.695
504.36	10.017
504.57	9.687
504.78	9.900
504.98	9.978
505.19	10.220
505.40	9.559
505.61	9.910
505.82	10.217
506.02	9.908
506.23	9.638
506.44	10.479
506.65	9.538
506.86	10.050
507.06	9.708
507.27	10.126
507.48	9.691
507.69	9.625
507.90	10.202
508.10	10.048
508.31	10.045
508.52	10.081
508.73	10.202
508.94	10.109
509.14	9.643
509.35	10.463
509.56	10.165
509.77	9.790
509.97	10.365
510.18	10.151
510.39	10.361
510.60	10.487
510.80	9.900
511.01	9.991
511.22	9.610
511.43	10.206
511.64	10.570
511.84	10.088
512.05	9.805
512.26	10.572
512.47	10.347
512.67	10.336
512.88	10.124
513.09	10.624
513.30	10.097
513.50	10.586
513.71	10.220
513.92	10.543
514.13	10.687
514.33	10.372
514.54	10.177
514.75	10.694
514.96	10.413
515.16	10.540
515.37	10.817
515.58	10.205
515.78	10.855
515.99	10.680
516.20	10.476
516.41	11.044
516.61	10.728
516.82	10.506
517.03	10.868
517.24	10.760
517.44	10.766
517.65	10.734
517.86	10.816
518.07	11.161
518.27	10.908
518.48	10.988
518.69	11.216
518.89	11.497
519.10	10.917
519.31	10.170
519.52	10.969
519.72	11.530
519.93	11.359
520.14	11.664
520.34	11.118
520.55	11.748
520.76	11.517
520.96	11.689
521.17	11.297
521.38	11.819
521.59	11.385
521.79	11.623
522.00	11.434
522.21	12.632
522.41	11.780
522.62	11.993
522.83	12.317
523.03	12.282
523.24	12.309
523.45	12.322
523.66	12.387
523.86	12.544
524.07	12.007
524.28	12.352
524.48	11.999
524.69	12.482
524.90	12.614
525.10	12.779
525.31	12.836
525.52	12.624
525.72	12.840
525.93	13.331
526.14	13.320
526.34	13.008
526.55	13.065
526.76	12.883
526.96	13.437
527.17	13.523
527.38	12.945
527.58	13.134
527.79	13.527
528.00	13.773
528.20	13.040
528.41	13.679
528.62	13.485
528.82	13.732
529.03	14.194
529.24	13.934
529.44	14.090
529.65	14.148
529.85	13.891
530.06	14.154
530.27	13.618
530.47	14.198
530.68	13.810
530.89	13.953
531.09	14.068
531.30	14.215
531.51	14.813
531.71	13.926
531.92	14.379
532.13	14.500
532.33	14.389
532.54	14.886
532.74	14.842
532.95	14.393
533.16	14.453
533.36	14.498
533.57	14.896
533.78	14.682
533.98	15.152
534.19	15.196
534.39	15.206
534.60	15.343
534.81	15.014
535.01	15.246
535.22	15.224
535.42	15.158
535.63	14.880
535.84	15.304
536.04	15.179
536.25	15.315
536.45	15.392
536.66	15.385
536.87	15.314
537.07	15.329
537.28	15.426
537.48	15.767
537.69	15.293
537.90	15.507
538.10	15.588
538.31	15.127
538.51	15.945
538.72	15.835
538.93	15.539
539.13	15.553
539.34	15.776
539.54	15.890
539.75	15.546
539.96	15.706
540.16	15.668
540.37	15.395
540.57	15.514
540.78	15.657
540.98	15.882
541.19	15.649
541.40	16.022
541.60	15.684
541.81	15.602
542.01	15.494
542.22	15.504
542.42	15.970
542.63	15.598
542.83	16.095
543.04	15.825
543.25	16.401
543.45	15.535
543.66	15.787
543.86	16.007
544.07	16.058
544.27	15.904
544.48	16.154
544.68	15.587
544.89	15.689
545.10	15.962
545.30	15.858
545.51	16.219
545.71	15.735
545.92	16.050
546.12	16.153
546.33	15.878
546.53	16.031
546.74	16.050
546.94	16.015
547.15	15.785
547.36	15.748
547.56	15.969
547.77	16.087
547.97	15.848
548.18	15.969
548.38	15.661
548.59	16.099
548.79	15.977
549.00	16.284
549.20	15.655
549.41	16.094
549.61	15.752
549.82	15.739
550.02	16.268
550.23	15.749
550.43	16.352
550.64	16.070
550.84	16.003
551.05	16.109
551.25	16.428
551.46	16.396
551.66	16.057
551.87	16.612
552.07	16.205
552.28	16.038
552.48	16.539
552.69	16.817
552.89	16.297
553.10	16.080
553.30	16.113
553.51	16.090
553.71	16.238
553.92	16.221
554.12	16.106
554.33	16.140
554.53	16.572
554.74	16.046
554.94	16.171
555.15	16.015
555.35	16.487
555.56	16.035
555.76	15.923
555.97	16.033
556.17	16.370
556.38	16.278
556.58	16.199
556.78	16.169
556.99	16.233
557.19	16.019
557.40	16.081
557.60	16.318
557.81	16.070
558.01	16.527
558.22	16.232
558.42	16.476
558.63	16.428
558.83	16.138
559.04	16.193
559.24	16.264
559.44	16.177
559.65	16.163
559.85	15.998
560.06	16.181
560.26	16.855
560.47	15.832
560.67	16.449
560.88	15.892
561.08	15.847
561.28	15.901
561.49	15.693
561.69	16.027
561.90	16.032
562.10	15.879
562.31	16.082
562.51	15.875
562.71	15.932
562.92	15.872
563.12	15.711
563.33	15.941
563.53	15.644
563.74	15.576
563.94	15.541
564.14	15.928
564.35	15.977
564.55	15.697
564.76	15.417
564.96	15.578
565.17	15.619
565.37	15.589
565.57	15.297
565.78	15.772
565.98	15.327
566.19	15.342
566.39	15.339
566.59	15.236
566.80	15.200
567.00	15.118
567.21	15.354
567.41	15.696
567.61	15.181
567.82	15.079
568.02	15.125
568.23	14.934
568.43	15.055
568.63	14.802
568.84	15.078
569.04	14.896
569.24	14.875
569.45	14.762
569.65	14.772
569.86	14.702
570.06	14.885
570.26	14.585
570.47	14.949
570.67	14.897
570.87	14.706
571.08	14.571
571.28	14.560
571.49	14.595
571.69	14.408
571.89	14.301
572.10	14.343
572.30	14.300
572.50	14.260
572.71	14.280
572.91	14.451
573.11	14.019
573.32	14.346
573.52	14.047
573.73	14.230
573.93	14.118
574.13	13.590
574.34	14.017
574.54	13.594
574.74	13.701
574.95	13.308
575.15	13.695
575.35	13.494
575.56	13.790
575.76	13.984
575.96	13.570
576.17	12.940
576.37	13.656
576.57	13.227
576.78	13.497
576.98	13.404
577.18	13.482
577.39	13.264
577.59	13.265
577.79	13.146
578.00	13.341
578.20	12.931
578.40	12.682
578.61	13.022
578.81	13.338
579.01	12.889
579.22	13.093
579.42	13.116
579.62	12.909
579.82	13.109
580.03	12.736
580.23	12.626
580.43	12.596
580.64	12.643
580.84	13.053
581.04	12.529
581.25	12.709
581.45	12.366
581.65	12.760
581.86	12.375
582.06	12.649
582.26	12.525
582.46	13.163
582.67	12.400
582.87	12.399
583.07	12.693
583.28	12.496
583.48	12.313
583.68	12.411
583.88	12.414
584.09	12.255
584.29	12.189
584.49	12.309
584.70	12.114
584.90	12.112
585.10	11.993
585.30	12.182
585.51	12.255
585.71	12.240
585.91	11.903
586.11	11.738
586.32	12.167
586.52	11.741
586.72	11.852
586.92	12.350
587.13	12.212
587.33	12.154
587.53	12.008
587.74	11.798
587.94	12.106
588.14	12.017
588.34	12.508
588.55	11.990
588.75	11.856
588.95	11.725
589.15	12.117
589.36	11.780
589.56	11.606
589.76	11.938
589.96	11.826
590.16	11.570
590.37	11.989
590.57	11.607
590.77	11.729
590.97	11.876
591.18	11.679
591.38	11.641
591.58	10.937
591.78	11.413
591.99	11.577
592.19	11.416
592.39	11.848
592.59	11.808
592.79	11.627
593.00	11.612
593.20	11.490
593.40	11.573
593.60	11.569
593.81	11.840
594.01	11.634
594.21	11.500
594.41	11.446
594.61	11.679
594.82	11.833
595.02	11.396
595.22	11.549
595.42	11.426
595.62	11.527
595.83	11.516
596.03	11.401
596.23	11.223
596.43	11.623
596.63	11.427
596.84	11.499
597.04	11.718
597.24	11.184
597.44	11.451
597.64	11.289
597.84	11.387
598.05	11.772
598.25	11.178
598.45	11.404
598.65	11.401
598.85	11.276
599.06	11.375
599.26	11.598
599.46	11.372
599.66	11.358
599.86	11.541
600.06	11.690
600.27	11.142
600.47	11.251
600.67	11.389
600.87	11.165
601.07	11.300
601.27	11.427
601.48	11.294
601.68	11.151
601.88	11.280
602.08	11.208
602.28	11.263
602.48	11.176
602.68	11.429
602.89	11.373
603.09	11.585
603.29	11.465
603.49	11.099
603.69	11.245
603.89	11.281
604.09	11.050
604.30	11.002
604.50	11.172
604.70	11.055
604.90	11.189
605.10	11.190
605.30	10.988
605.50	10.908
605.71	11.375
605.91	10.989
606.11	11.153
606.31	11.216
606.51	11.459
606.71	10.891
606.91	11.185
607.11	11.181
607.32	11.074
607.52	11.132
607.72	11.072
607.92	10.974
608.12	11.167
608.32	11.005
608.52	11.143
608.72	10.913
608.92	10.956
609.12	10.950
609.33	10.944
609.53	11.131
609.73	11.236
609.93	10.934
610.13	10.861
610.33	11.197
610.53	10.899
610.73	10.769
610.93	11.036
611.13	10.876
611.34	10.894
611.54	10.999
611.74	11.092
611.94	10.656
612.14	10.968
612.34	10.905
612.54	10.652
612.74	10.932
612.94	10.938
613.14	10.821
613.34	10.891
613.54	11.003
613.74	11.116
613.95	10.629
614.15	10.923
614.35	10.951
614.55	10.734
614.75	10.861
614.95	10.815
615.15	10.830
615.35	10.740
615.55	10.838
615.75	10.825
615.95	10.730
616.15	10.938
616.35	10.554
616.55	10.698
616.75	10.636
616.95	10.995
617.15	10.576
617.35	10.536
617.56	10.669
617.76	10.914
617.96	10.644
618.16	10.514
618.36	10.640
618.56	10.915
618.76	10.761
618.96	10.623
619.16	10.528
619.36	10.706
619.56	10.460
619.76	10.641
619.96	10.439
620.16	10.533
620.36	10.556
620.56	10.378
620.76	10.575
620.96	10.777
621.16	10.515
621.36	10.457
621.56	10.590
621.76	10.665
621.96	10.794
622.16	10.553
622.36	10.702
622.56	10.466
622.76	10.340
622.96	10.401
623.16	10.666
623.36	10.385
623.56	10.441
623.76	10.642
623.96	10.809
624.16	10.385
624.36	10.425
624.56	10.430
624.76	10.394
624.96	10.485
625.16	10.465
625.36	10.244
625.56	10.598
625.76	10.671
625.96	10.504
626.16	10.372
626.36	10.517
626.56	10.456
626.76	10.499
626.96	10.433
627.16	10.501
627.36	10.379
627.56	10.433
627.76	10.485
627.96	10.559
628.16	10.466
628.36	10.181
628.56	10.353
628.75	10.521
628.95	10.165
629.15	10.364
629.35	10.428
629.55	10.277
629.75	10.463
629.95	10.503
630.15	10.342
630.35	10.698
630.55	10.438
630.75	10.334
630.95	10.334
631.15	10.531
631.35	10.552
631.55	10.275
631.75	10.424
631.95	10.403
632.15	10.575
632.34	10.418
632.54	10.108
632.74	10.382
632.94	10.414
633.14	10.210
633.34	10.358
633.54	10.381
633.74	10.352
633.94	10.372
634.14	10.476
634.34	10.236
634.54	10.387
634.74	10.376
634.93	10.171
635.13	10.284
635.33	10.404
635.53	10.332
635.73	10.194
635.93	10.332
636.13	10.249
636.33	10.293
636.53	10.138
636.73	10.543
636.93	10.355
637.12	10.255
637.32	10.418
637.52	10.001
637.72	10.317
637.92	10.123
638.12	10.061
638.32	10.338
638.52	10.142
638.72	10.165
638.91	10.104
639.11	10.086
639.31	10.233
639.51	10.101
639.71	10.033
639.91	10.036
640.11	10.160
640.31	10.020
640.50	9.843
640.70	9.955
640.90	9.930
641.10	9.896
641.30	10.098
641.50	10.237
641.70	9.911
641.89	10.148
642.09	9.953
642.29	9.830
642.49	10.253
642.69	9.869
642.89	9.876
643.09	10.189
643.28	10.073
643.48	9.808
643.68	9.819
643.88	10.168
644.08	9.798
644.28	9.830
644.48	9.908
644.67	9.872
644.87	9.771
645.07	9.969
645.27	9.732
645.47	9.918
645.67	10.089
645.86	9.787
646.06	9.887
646.26	9.686
646.46	9.845
646.66	9.746
646.85	9.875
647.05	9.859
647.25	9.897
647.45	9.777
647.65	9.822
647.85	9.895
648.04	9.907
648.24	9.736
648.44	9.777
648.64	9.832
648.84	9.766
649.03	9.710
649.23	9.738
649.43	9.748
649.63	9.789
649.83	9.603
650.02	9.870
650.22	9.724
650.42	9.756
650.62	9.659
650.82	9.559
651.01	9.755
651.21	9.551
651.41	9.508
651.61	9.492
651.81	9.660
652.00	9.625
652.20	9.596
652.40	9.631
652.60	9.486
652.79	9.582
652.99	9.556
653.19	9.541
653.39	9.645
653.59	9.691
653.78	9.635
653.98	9.599
654.18	9.769
654.38	9.706
654.57	9.575
654.77	9.728
654.97	9.624
655.17	9.706
655.36	9.588
655.56	9.775
655.76	9.774
655.96	9.514
656.15	9.577
656.35	9.611
656.55	9.881
656.75	9.503
656.94	9.590
657.14	9.478
657.34	9.593
657.54	9.621
657.73	9.435
657.93	9.591
658.13	9.505
658.33	9.784
658.52	9.605
658.72	11.378
658.92	9.647
659.11	9.701
659.31	9.665
659.51	9.481
659.71	9.544
659.90	9.570
660.10	9.723
660.30	9.701
660.50	9.611
660.69	9.723
660.89	9.571
661.09	9.665
661.28	9.682
661.48	9.713
661.68	9.531
661.87	9.506
662.07	9.754
662.27	9.560
662.47	9.450
662.66	9.598
662.86	9.677
663.06	9.668
663.25	9.568
663.45	9.807
663.65	9.486
663.84	9.615
664.04	9.573
664.24	9.451
664.44	9.313
664.63	9.848
664.83	9.694
665.03	9.872
665.22	9.756
665.42	9.258
665.62	9.578
665.81	9.615
666.01	9.617
666.21	9.747
666.40	9.625
666.60	9.585
666.80	9.683
666.99	9.896
667.19	9.526
667.39	9.732
667.58	9.553
667.78	9.725
667.98	9.411
668.17	9.695
668.37	9.741
668.57	9.867
668.76	9.839
668.96	9.608
669.16	9.642
669.35	9.693
669.55	9.744
669.74	9.747
669.94	9.668
670.14	9.716
670.33	9.801
670.53	9.446
670.73	9.839
670.92	9.955
671.12	10.098
671.32	9.866
671.51	9.978
671.71	9.731
671.90	9.827
672.10	9.688
672.30	9.865
672.49	9.889
672.69	10.085
672.89	9.726
673.08	9.750
673.28	10.144
673.47	9.823
673.67	10.013
673.87	9.806
674.06	9.817
674.26	10.006
674.45	9.787
674.65	9.774
674.85	9.857
675.04	9.829
675.24	10.043
675.43	9.906
675.63	10.023
675.83	10.100
676.02	10.087
676.22	10.260
676.41	10.153
676.61	10.029
676.81	10.012
677.00	9.915
677.20	10.086
677.39	10.057
677.59	10.343
677.79	10.240
677.98	10.314
678.18	10.111
678.37	10.403
678.57	9.870
678.76	10.146
678.96	10.230
679.16	10.193
679.35	10.240
679.55	10.585
679.74	10.360
679.94	10.240
680.13	10.369
680.33	10.123
680.53	10.330
680.72	10.358
680.92	10.367
681.11	10.499
681.31	10.496
681.50	10.352
681.70	10.654
681.89	10.467
682.09	10.553
682.28	10.512
682.48	10.777
682.68	10.557
682.87	10.543
683.07	10.586
683.26	10.655
683.46	10.440
683.65	10.988
683.85	10.673
684.04	10.600
684.24	10.654
684.43	10.871
684.63	10.760
684.82	10.977
685.02	10.684
685.21	10.807
685.41	10.945
685.60	10.762
685.80	10.922
686.00	10.725
686.19	11.035
686.39	10.965
686.58	10.775
686.78	10.885
686.97	10.839
687.17	11.144
687.36	10.865
687.56	11.126
687.75	10.863
687.95	11.088
688.14	10.872
688.34	10.919
688.53	11.134
688.73	11.339
688.92	11.251
689.12	11.046
689.31	11.302
689.51	11.269
689.70	11.211
689.89	11.097
690.09	11.117
690.28	10.992
690.48	10.868
690.67	11.184
690.87	11.289
691.06	11.248
691.26	11.209
691.45	11.535
691.65	11.263
691.84	11.426
692.04	11.432
692.23	11.539
692.43	11.376
692.62	11.365
692.82	11.603
693.01	11.455
693.20	11.510
693.40	11.775
693.59	11.678
693.79	11.699
693.98	11.493
694.18	11.775
694.37	11.618
694.57	11.932
694.76	11.955
694.95	11.780
695.15	11.984
695.34	12.089
695.54	12.149
695.73	12.227
695.93	12.592
696.12	12.575
696.32	12.317
696.51	12.519
696.70	12.574
696.90	12.784
697.09	12.974
697.29	13.150
697.48	13.032
697.67	13.325
697.87	13.278
698.06	13.496
698.26	13.659
698.45	13.746
698.65	14.021
698.84	14.206
699.03	14.451
699.23	14.166
699.42	14.613
699.62	14.905
699.81	14.847
700.00	14.830
700.20	15.122
700.39	15.489
700.59	15.548
700.78	15.582
700.97	16.094
701.17	16.147
701.36	16.475
701.56	16.518
701.75	16.685
701.94	16.924
702.14	17.105
702.33	17.306
702.52	17.730
702.72	17.861
702.91	18.269
703.11	18.117
703.30	18.489
703.49	18.670
703.69	19.043
703.88	18.966
704.07	19.700
704.27	19.709
704.46	20.172
704.66	20.113
704.85	20.766
705.04	20.634
705.24	21.105
705.43	20.852
705.62	21.402
705.82	21.589
706.01	21.830
706.20	21.874
706.40	22.233
706.59	22.429
706.78	22.765
706.98	22.953
707.17	23.384
707.36	23.488
707.56	23.526
707.75	24.232
707.94	24.308
708.14	24.277
708.33	25.000
708.52	24.959
708.72	25.305
708.91	25.581
709.10	25.662
709.30	26.157
709.49	26.325
709.68	26.715
709.88	26.915
710.07	27.131
710.26	26.990
710.46	27.144
710.65	27.811
710.84	27.695
711.04	28.580
711.23	28.872
711.42	28.764
711.61	29.071
711.81	29.398
712.00	29.630
712.19	29.698
712.39	29.791
712.58	30.328
712.77	30.956
712.97	30.732
713.16	30.902
713.35	31.602
713.54	31.535
713.74	31.855
713.93	31.911
714.12	32.536
714.32	32.737
714.51	33.246
714.70	33.034
714.89	33.355
715.09	33.436
715.28	34.464
715.47	34.404
715.66	34.046
715.86	35.065
716.05	34.637
716.24	35.106
716.44	35.391
716.63	35.982
716.82	36.294
717.01	36.103
717.21	36.580
717.40	37.117
717.59	37.473
717.78	37.664
717.98	38.192
718.17	38.141
718.36	38.078
718.55	38.518
718.75	38.414
718.94	38.984
719.13	39.542
719.32	39.864
719.52	39.924
719.71	40.325
719.90	40.357
720.09	40.658
720.28	40.984
720.48	41.561
720.67	41.796
720.86	41.738
721.05	41.998
721.25	42.199
721.44	42.108
721.63	42.862
721.82	43.210
722.01	43.561
722.21	43.407
722.40	44.421
722.59	43.986
722.78	44.828
722.98	44.831
723.17	45.164
723.36	45.157
723.55	45.183
723.74	46.119
723.94	46.301
724.13	46.217
724.32	46.578
724.51	47.154
724.70	47.298
724.89	47.826
725.09	47.788
725.28	48.495
725.47	48.612
725.66	49.048
725.85	49.275
726.05	49.413
726.24	49.448
726.43	49.985
726.62	50.221
726.81	50.252
727.00	50.491
727.20	50.841
727.39	52.038
727.58	51.440
727.77	51.933
727.96	52.134
728.15	52.627
728.35	52.612
728.54	52.770
728.73	53.167
728.92	53.756
729.11	53.483
729.30	54.082
729.50	54.018
729.69	54.386
729.88	54.547
730.07	54.772
730.26	55.543
730.45	55.196
730.64	55.938
730.84	55.522
731.03	56.062
731.22	56.582
731.41	56.664
731.60	56.636
731.79	57.177
731.98	57.855
732.18	57.263
732.37	57.872
732.56	58.785
732.75	58.319
732.94	58.201
733.13	58.711
733.32	59.423
733.51	59.168
733.71	59.410
733.90	59.631
734.09	60.018
734.28	59.913
734.47	60.590
734.66	60.673
734.85	60.820
735.04	60.650
735.23	61.508
735.42	61.609
735.62	61.528
735.81	61.942
736.00	62.367
736.19	62.360
736.38	63.075
736.57	62.743
736.76	62.513
736.95	62.817
737.14	63.006
737.33	62.821
737.52	63.265
737.72	63.636
737.91	63.567
738.10	64.569
738.29	64.194
738.48	65.087
738.67	64.772
738.86	65.399
739.05	65.140
739.24	65.147
739.43	65.521
739.62	65.757
739.81	65.629
740.00	65.847
740.19	65.972
740.39	66.031
740.58	67.122
740.77	66.545
740.96	66.633
741.15	67.209
741.34	67.259
741.53	67.264
741.72	67.143
741.91	67.843
742.10	67.603
742.29	68.010
742.48	68.317
742.67	67.776
742.86	67.922
743.05	68.602
743.24	68.467
743.43	68.646
743.62	69.331
743.81	69.413
744.00	69.575
744.19	69.538
744.38	69.397
744.57	69.533
744.76	69.458
744.95	70.126
745.14	69.375
745.33	70.039
745.52	70.331
745.71	70.709
745.90	70.316
746.09	70.364
746.28	71.032
746.47	71.507
746.66	71.062
746.85	71.062
747.04	71.104
747.23	71.706
747.42	71.417
747.61	70.865
747.80	71.212
747.99	71.719
748.18	72.058
748.37	71.877
748.56	72.365
748.75	72.002
748.94	71.974
749.13	72.216
749.32	71.863
749.51	71.921
749.70	72.640
749.89	72.151
750.08	72.322
750.27	72.817
750.46	72.145
750.65	73.147
750.84	72.567
751.03	72.498
751.22	72.984
751.41	73.005
751.60	72.828
751.79	72.589
751.98	72.958
752.17	73.084
752.36	72.904
752.55	73.216
752.74	73.724
752.93	73.504
753.12	73.661
753.30	73.448
753.49	74.349
753.68	73.872
753.87	73.863
754.06	73.778
754.25	73.765
754.44	74.025
754.63	74.242
754.82	74.177
755.01	74.046
755.20	73.810
755.39	74.524
755.58	73.820
755.77	74.179
755.96	74.049
756.14	74.213
756.33	74.533
756.52	74.012
756.71	74.348
756.90	74.839
757.09	74.794
757.28	74.148
757.47	74.789
757.66	74.676
757.85	75.071
758.04	75.514
758.22	74.134
758.41	75.079
758.60	74.703
758.79	74.953
758.98	74.835
759.17	75.156
759.36	74.921
759.55	75.249
759.74	75.185
759.92	75.039
760.11	75.347
760.30	74.772
760.49	75.114
760.68	75.554
760.87	74.848
761.06	75.302
761.25	75.108
761.43	75.457
761.62	75.314
761.81	75.468
762.00	75.300
762.19	75.357
762.38	75.867
762.57	75.528
762.76	75.536
762.94	75.303
763.13	76.048
763.32	75.266
763.51	75.374
763.70	76.111
763.89	75.759
764.07	75.834
764.26	75.806
764.45	75.818
764.64	75.034
764.83	75.469
765.02	75.074
765.21	75.297
765.39	75.453
765.58	75.794
765.77	75.841
765.96	75.303
766.15	75.386
766.34	75.270
766.52	75.403
766.71	76.131
766.90	75.796
767.09	75.436
767.28	75.509
767.46	75.732
767.65	76.006
767.84	75.615
768.03	75.556
768.22	75.623
768.40	76.195
768.59	75.218
768.78	75.309
768.97	75.849
769.16	75.919
769.34	76.246
769.53	75.624
769.72	75.898
769.91	76.001
770.10	75.597
770.28	75.384
770.47	75.409
770.66	75.890
770.85	75.330
771.04	75.856
771.22	76.852
771.41	75.845
771.60	76.293
771.79	75.772
771.98	76.120
772.16	75.838
772.35	76.219
772.54	75.891
772.73	75.868
772.91	76.518
773.10	75.688
773.29	75.963
773.48	75.966
773.66	76.913
773.85	75.673
774.04	76.735
774.23	75.598
774.41	76.207
774.60	76.196
774.79	75.792
774.98	75.815
775.16	76.386
775.35	76.368
775.54	75.751
775.73	76.020
775.91	75.955
776.10	76.928
776.29	76.198
776.48	75.425
776.66	75.688
776.85	75.727
777.04	75.236
777.23	76.345
777.41	75.899
777.60	75.874
777.79	75.773
777.97	76.206
778.16	76.061
778.35	76.339
778.54	76.261
778.72	76.588
778.91	76.319
779.10	75.937
779.28	75.668
779.47	76.680
779.66	76.382
779.85	76.131
780.03	75.797
780.22	76.322
780.41	76.032
780.59	76.582
780.78	75.955
780.97	76.482
781.15	76.001
781.34	75.890
781.53	75.971
781.71	75.296
781.90	76.831
782.09	76.441
782.27	75.967
782.46	76.159
782.65	77.185
782.84	76.256
783.02	76.621
783.21	76.080
783.40	76.254
783.58	75.944
783.77	75.880
783.96	75.666
784.14	75.376
784.33	76.111
784.52	75.381
784.70	76.772
784.89	75.749
785.07	75.215
785.26	76.499
785.45	75.855
785.63	76.055
785.82	76.422
786.01	76.091
786.19	76.517
786.38	75.876
786.57	76.150
786.75	76.551
786.94	75.920
787.13	76.694
787.31	75.774
787.50	76.238
787.68	76.052
787.87	75.926
788.06	76.302
788.24	76.266
788.43	76.327
788.62	76.292
788.80	76.971
788.99	75.375
789.17	76.201
789.36	76.212
789.55	76.146
789.73	76.080
789.92	76.873
790.10	76.489
790.29	76.089
790.48	76.117
790.66	76.231
790.85	76.462
791.03	76.010
791.22	76.154
791.41	76.697
791.59	76.115
791.78	76.182
791.96	76.570
792.15	76.707
792.34	75.850
792.52	76.438
792.71	76.437
792.89	76.710
793.08	76.967
793.27	76.384
793.45	76.503
793.64	76.313
793.82	76.130
794.01	76.526
794.19	76.512
794.38	76.654
794.57	76.090
794.75	76.241
794.94	76.677
795.12	76.718
795.31	75.545
795.49	76.428
795.68	76.440
795.86	76.080
796.05	76.033
796.24	76.389
796.42	76.149
796.61	76.459
796.79	76.279
796.98	75.640
797.16	76.122
797.35	76.609
797.53	76.579
797.72	75.602
797.90	75.940
798.09	75.913
798.27	76.056
798.46	76.837
798.65	76.373
798.83	76.057
799.02	75.551
799.20	76.102
799.39	76.446
799.57	76.659
799.76	77.033
799.94	76.408
800.13	75.804
800.31	76.070
800.50	76.431
800.68	76.032
800.87	76.093
801.05	76.029
801.24	75.473
801.42	76.190
801.61	75.901
801.79	76.625
801.98	76.587
802.16	76.039
802.35	77.126
802.53	76.699
802.72	76.657
802.90	75.614
803.09	76.500
803.27	76.760
803.46	76.681
803.64	76.547
803.83	76.402
804.01	76.491
804.20	76.589
804.38	76.106
804.56	76.421
804.75	76.521
804.93	76.685
805.12	76.636
805.30	76.111
805.49	76.721
805.67	76.297
805.86	76.571
806.04	76.291
806.23	76.044
806.41	76.182
806.59	76.431
806.78	76.201
806.96	75.963
807.15	76.149
807.33	76.267
807.52	76.083
807.70	76.302
807.89	76.043
808.07	76.624
808.25	77.463
808.44	75.876
808.62	76.153
808.81	76.989
808.99	76.209
809.18	76.299
809.36	75.898
809.54	76.117
809.73	76.375
809.91	75.917
810.10	76.731
810.28	76.504
810.47	76.771
810.65	76.509
810.83	76.269
811.02	76.550
811.20	77.073
811.39	76.841
811.57	76.769
811.75	76.717
811.94	76.334
812.12	76.198
812.31	76.252
812.49	76.378
812.67	76.535
812.86	76.599
813.04	76.537
813.23	76.267
813.41	76.582
813.59	76.053
813.78	76.242
813.96	77.098
814.14	76.581
814.33	76.872
814.51	76.728
814.70	76.825
814.88	76.985
815.06	76.369
815.25	76.213
815.43	75.842
815.61	76.403
815.80	76.106
815.98	76.207
816.16	76.379
816.35	76.842
816.53	75.440
816.72	76.401
816.90	76.901
817.08	75.883
817.27	76.463
817.45	76.996
817.63	76.711
817.82	76.269
818.00	76.712
818.18	75.886
818.37	76.990
818.55	76.644
818.73	76.513
818.92	76.737
819.10	76.935
819.28	76.233
819.47	76.391
819.65	76.641
819.83	76.867
820.02	76.053
820.20	76.435
820.38	76.698
820.57	76.585
820.75	76.181
820.93	76.372
821.11	76.761
821.30	77.083
821.48	77.161
821.66	76.046
821.85	77.345
822.03	76.229
822.21	76.100
822.40	76.801
822.58	76.248
822.76	76.143
822.94	76.961
823.13	76.640
823.31	77.473
823.49	76.857
823.68	75.862
823.86	75.978
824.04	76.544
824.22	76.414
824.41	76.677
824.59	76.191
824.77	76.841
824.96	76.845
825.14	76.220
825.32	76.511
825.50	76.641
825.69	76.359
825.87	76.717
826.05	76.390
826.23	76.741
826.42	76.382
826.60	76.322
826.78	77.608
826.96	76.255
827.15	76.247
827.33	77.337
827.51	76.956
827.69	76.564
827.88	76.991
828.06	76.046
828.24	77.290
828.42	76.953
828.61	77.204
828.79	76.707
828.97	76.501
829.15	76.583
829.34	76.632
829.52	77.295
829.70	76.951
829.88	76.604
830.06	77.168
830.25	77.649
830.43	76.554
830.61	76.464
830.79	75.903
830.97	77.062
831.16	76.163
831.34	77.247
831.52	76.540
831.70	76.402
831.89	76.219
832.07	76.394
832.25	76.620
832.43	76.856
832.61	75.862
832.80	76.500
832.98	76.355
833.16	77.208
833.34	76.874
833.52	77.009
833.70	76.848
833.89	76.554
834.07	76.450
834.25	75.865
834.43	76.133
834.61	76.714
834.80	77.152
834.98	76.507
835.16	76.290
835.34	76.816
835.52	76.917
835.70	76.207
835.89	76.296
836.07	77.274
836.25	76.298
836.43	76.249
836.61	76.877
836.79	76.011
836.97	76.592
837.16	76.761
837.34	76.314
837.52	76.043
837.70	76.858
837.88	77.682
838.06	76.855
838.24	76.460
838.43	76.826
838.61	76.803
838.79	76.415
838.97	76.943
839.15	76.022
839.33	76.857
839.51	76.612
839.70	76.681
839.88	77.287
840.06	76.225
840.24	77.228
840.42	77.429
840.60	77.597
840.78	76.513
840.96	76.427
841.14	76.179
841.33	76.945
841.51	76.723
841.69	77.178
841.87	76.687
842.05	76.991
842.23	77.181
842.41	76.993
842.59	75.922
842.77	76.592
842.95	77.476
843.14	76.268
843.32	76.524
843.50	75.899
843.68	76.737
843.86	77.575
844.04	76.085
844.22	77.199
844.40	77.123
844.58	76.585
844.76	77.320
844.94	76.968
845.12	76.381
845.30	76.356
845.49	76.262
845.67	76.983
845.85	75.849
846.03	76.468
846.21	76.502
846.39	77.191
846.57	76.616
846.75	76.784
846.93	77.439
847.11	77.120
847.29	76.755
847.47	76.017
847.65	77.165
847.83	76.722
848.01	77.694
848.19	76.589
848.37	77.059
848.55	76.987
848.73	76.674
848.91	76.260
849.09	76.665
849.27	76.097
849.46	77.226
849.64	77.405
849.82	76.671
850.00	76.764
850.18	77.090
850.36	76.931
850.54	76.171
850.72	76.719
850.90	77.261
851.08	76.890
851.26	76.445
851.44	76.988
851.62	76.580
851.80	77.365
851.98	76.254
852.16	76.469
852.34	77.641
852.52	75.811
852.70	77.054
852.88	77.324
853.06	77.293
853.24	77.727
853.42	76.014
853.60	76.615
853.78	76.889
853.96	77.665
854.14	75.758
854.31	77.480
854.49	77.767
854.67	76.237
854.85	76.780
855.03	77.371
855.21	77.279
855.39	77.431
855.57	77.124
855.75	76.989
855.93	76.630
856.11	77.291
856.29	76.770
856.47	76.442
856.65	77.162
856.83	77.018
857.01	76.793
857.19	76.220
857.37	76.980
857.55	77.192
857.73	77.108
857.91	76.447
858.09	76.943
858.26	76.891
858.44	77.045
858.62	76.265
858.80	76.433
858.98	77.887
859.16	76.775
859.34	77.166
859.52	77.484
859.70	77.043
859.88	76.536
860.06	75.807
860.24	77.380
860.42	77.866
860.59	76.899
860.77	77.673
860.95	76.726
861.13	77.121
861.31	76.899
861.49	76.887
861.67	77.431
861.85	76.640
862.03	77.972
862.21	77.154
862.38	76.786
862.56	77.433
862.74	77.358
862.92	77.724
863.10	78.227
863.28	77.698
863.46	77.044
863.64	77.384
863.82	78.201
863.99	77.016
864.17	77.155
864.35	77.055
864.53	77.807
864.71	77.577
864.89	77.168
865.07	76.797
865.24	76.330
865.42	77.215
865.60	77.281
865.78	77.322
865.96	77.506
866.14	77.279
866.32	77.637
866.49	76.821
866.67	77.610
866.85	77.632
867.03	77.288
867.21	76.910
867.39	77.290
867.56	77.464
867.74	77.551
867.92	77.787
868.10	76.432
868.28	76.946
868.46	77.434
868.63	76.241
868.81	78.576
868.99	77.570
869.17	76.645
869.35	77.404
869.53	76.351
869.70	77.112
869.88	77.104
870.06	76.919
870.24	77.948
870.42	77.445
870.59	77.313
870.77	77.194
870.95	76.272
871.13	77.656
871.31	77.363
871.48	76.543
871.66	78.183
871.84	77.808
872.02	77.346
872.20	77.351
872.37	78.550
872.55	77.845
872.73	77.376
872.91	77.177
873.08	77.986
873.26	78.009
873.44	77.956
873.62	76.611
873.80	77.665
873.97	77.352
874.15	78.067
874.33	76.624
874.51	77.627
874.68	77.632
874.86	77.358
875.04	77.558
875.22	77.420
875.39	77.483
875.57	77.382
875.75	76.811
875.93	77.912
876.10	77.085
876.28	77.645
876.46	78.002
876.64	76.791
876.81	78.296
876.99	77.489
877.17	77.662
877.35	77.169
877.52	76.880
877.70	77.359
877.88	76.906
878.06	76.569
878.23	77.804
878.41	77.029
878.59	78.391
878.76	77.321
878.94	76.126
879.12	77.307
879.30	77.574
879.47	78.770
879.65	77.438
879.83	76.864
880.00	76.593
880.18	76.781
880.36	76.760
880.53	77.322
880.71	76.588
880.89	78.061
881.07	77.835
881.24	78.523
881.42	77.045
881.60	76.734
881.77	77.356
881.95	77.515
882.13	78.366
882.30	77.994
882.48	78.079
882.66	76.758
882.83	77.780
883.01	77.312
883.19	76.706
883.36	78.486
883.54	77.154
883.72	77.117
883.89	77.980
884.07	76.893
884.25	77.245
884.42	78.020
884.60	77.166
884.78	78.525
884.95	76.762
885.13	77.069
885.31	78.706
885.48	76.966
885.66	77.588
885.84	77.807
886.01	77.934
886.19	76.455
886.36	77.970
886.54	78.352
886.72	77.889
886.89	77.087
887.07	77.395
887.25	77.287
887.42	77.091
887.60	77.401
887.78	77.406
887.95	78.497
888.13	77.528
888.30	78.267
888.48	77.300
888.66	77.700
888.83	78.172
889.01	77.669
889.18	76.796
889.36	77.165
889.54	77.521
889.71	77.280
889.89	77.902
890.06	77.779
890.24	77.843
890.42	77.236
890.59	78.252
890.77	78.081
890.94	78.448
891.12	78.263
891.30	77.838
891.47	77.092
891.65	77.046
891.82	78.013
892.00	78.108
892.17	78.372
892.35	77.339
892.53	78.440
892.70	77.652
892.88	77.905
893.05	78.072
893.23	77.578
893.40	77.211
893.58	77.695
893.75	77.680
893.93	77.846
894.11	77.068
894.28	78.036
894.46	78.113
894.63	78.074
894.81	77.293
894.98	77.839
895.16	77.428
895.33	77.943
895.51	77.128
895.68	77.543
895.86	77.991
896.04	77.062
896.21	78.417
896.39	78.734
896.56	77.086
896.74	77.874
896.91	76.480
897.09	78.068
897.26	77.536
897.44	77.458
897.61	79.230
897.79	77.698
897.96	78.621
898.14	77.124
898.31	77.480
898.49	78.259
898.66	77.707
898.84	77.505
899.01	77.330
899.19	78.076
899.36	77.672
899.54	77.327
899.71	75.996
899.89	76.762
900.06	76.427
900.24	76.462
900.41	77.546
900.59	76.949
900.76	77.012
900.94	77.355
901.11	77.731
901.29	77.522
901.46	77.582
901.63	77.933
901.81	77.263
901.98	76.908
902.16	79.398
902.33	77.408
902.51	77.732
902.68	77.751
902.86	79.398
903.03	78.344
903.21	77.376
903.38	78.158
903.56	78.248
903.73	76.972
903.90	76.998
904.08	78.500
904.25	76.991
904.43	78.594
904.60	77.705
904.78	77.675
904.95	78.316
905.12	78.961
905.30	77.287
905.47	78.206
905.65	78.111
905.82	78.538
906.00	77.378
906.17	77.813
906.34	78.225
906.52	77.941
906.69	77.996
906.87	77.160
907.04	77.810
907.21	77.062
907.39	77.941
907.56	77.728
907.74	78.388
907.91	78.150
908.08	78.330
908.26	77.168
908.43	77.092
908.61	78.015
908.78	78.004
908.95	79.450
909.13	78.583
909.30	79.097
909.48	77.513
909.65	78.142
909.82	78.050
910.00	77.874
910.17	78.841
910.34	77.608
910.52	77.668
910.69	77.904
910.87	77.534
911.04	77.928
911.21	78.273
911.39	76.743
911.56	77.966
911.73	78.184
911.91	77.791
912.08	78.902
912.25	77.944
912.43	77.738
912.60	76.985
912.77	77.761
912.95	77.939
913.12	76.706
913.29	77.562
913.47	77.168
913.64	78.850
913.81	77.727
913.99	78.115
914.16	78.454
914.33	76.449
914.51	78.115
914.68	77.863
914.85	77.833
915.03	78.077
915.20	78.308
915.37	78.629
915.55	77.521
915.72	77.111
915.89	77.182
916.07	78.334
916.24	76.936
916.41	78.628
916.59	78.851
916.76	78.138
916.93	77.302
917.10	78.518
917.28	77.652
917.45	78.207
917.62	77.070
917.80	77.617
917.97	78.749
918.14	78.976
918.31	77.601
918.49	76.843
918.66	78.147
918.83	78.396
919.01	78.101
919.18	78.087
919.35	79.237
919.52	76.969
919.70	76.813
919.87	77.651
920.04	78.984
920.21	76.995
920.39	78.080
920.56	79.036
920.73	77.492
920.90	76.935
921.08	77.939
921.25	78.556
921.42	77.721
921.59	78.761
921.77	77.327
921.94	77.775
922.11	77.056
922.28	78.820
922.46	77.472
922.63	79.196
922.80	77.490
922.97	77.374
923.15	77.454
923.32	78.243
923.49	77.599
923.66	77.206
923.83	78.458
924.01	77.323
924.18	77.957
924.35	78.380
924.52	77.773
924.69	79.288
924.87	77.704
925.04	77.873
925.21	78.499
925.38	78.324
925.55	78.045
925.73	79.670
925.90	77.761
926.07	78.381
926.24	77.668
926.41	78.885
926.59	77.638
926.76	77.943
926.93	77.868
927.10	78.539
927.27	78.540
927.45	77.959
927.62	77.856
927.79	78.172
927.96	77.945
928.13	77.569
928.30	77.340
928.48	78.826
928.65	77.440
928.82	77.835
928.99	78.800
929.16	78.810
929.33	77.260
929.50	78.625
929.68	77.492
929.85	78.024
930.02	78.102
930.19	77.196
930.36	78.001
930.53	77.915
930.70	77.937
930.88	78.622
931.05	79.247
931.22	77.474
931.39	78.991
931.56	77.954
931.73	75.969
931.90	79.012
932.08	76.904
932.25	78.036
932.42	78.766
932.59	78.730
932.76	78.825
932.93	78.246
933.10	78.423
933.27	79.254
933.44	78.991
933.62	78.276
933.79	78.203
933.96	77.933
934.13	79.134
934.30	78.503
934.47	78.133
934.64	78.571
934.81	78.820
934.98	78.162
935.15	78.415
935.32	80.358
935.50	79.251
935.67	80.553
935.84	78.796
936.01	78.257
936.18	79.546
936.35	78.507
936.52	80.029
936.69	78.959
936.86	78.513
937.03	79.101
937.20	80.121
937.37	78.812
937.54	78.803
937.71	78.695
937.89	81.252
938.06	78.774
938.23	77.508
938.40	75.131
938.57	80.188
938.74	79.248
938.91	82.383
939.08	78.016
939.25	82.796
939.42	80.094
939.59	78.344
939.76	79.144
939.93	79.811
940.10	80.836
940.27	77.879
940.44	80.575
940.61	77.805
940.78	81.751
940.95	81.436
941.12	80.501
941.29	80.757
941.46	80.512
941.63	78.549
941.80	81.068
941.97	81.042
942.14	84.902
942.31	80.230
942.48	81.491
942.65	79.532
942.82	76.743
942.99	83.958
943.16	80.638
943.33	83.187
943.50	80.694
943.67	82.313
943.84	80.945
944.01	80.648
944.18	82.272
944.35	83.136
944.52	80.153
944.69	81.332
944.86	80.026
945.03	77.217
945.20	77.127
945.37	78.685
945.54	80.709
945.71	77.353
945.88	78.752
946.05	81.432
946.22	81.163
946.39	80.550
946.56	81.145
946.73	80.095
946.90	79.799
947.07	84.007
947.23	82.947
947.40	80.834
947.57	80.374
947.74	80.324
947.91	80.493
948.08	80.326
948.25	78.887
948.42	79.223
948.59	82.356
948.76	79.336
948.93	82.629
949.10	78.869
949.27	79.021
949.44	79.647
949.60	80.353
949.77	81.599
949.94	83.479
950.11	75.045
950.28	81.287
950.45	76.170
950.62	82.817
950.79	85.136
950.96	79.976
951.13	80.422
951.30	79.471
951.46	79.487
951.63	78.174
951.80	81.805
951.97	79.922
952.14	80.167
952.31	82.325
952.48	78.076
952.65	79.380
952.81	79.065
952.98	80.450
953.15	77.285
953.32	80.356
953.49	76.253
953.66	80.361
953.83	79.427
954.00	81.742
954.16	82.442
954.33	81.581
954.50	82.912
954.67	78.992
954.84	77.051
955.01	80.791
955.18	79.826
955.34	77.014
955.51	80.163
955.68	78.530
955.85	75.627
956.02	78.166
956.19	77.746
956.35	76.681
956.52	78.069
956.69	78.683
956.86	80.763
957.03	79.409
957.20	78.357
957.36	79.270
957.53	80.008
957.70	77.892
957.87	78.345
958.04	79.494
958.21	79.787
958.37	78.920
958.54	79.961
958.71	79.365
958.88	76.655
959.05	78.126
959.21	77.804
959.38	79.503
959.55	76.985
959.72	76.952
959.89	78.159
960.05	77.866
960.22	80.153
960.39	79.970
960.56	78.702
960.72	77.538
960.89	79.824
961.06	78.207
961.23	78.891
961.40	79.791
961.56	79.592
961.73	78.942
961.90	79.743
962.07	77.991
962.23	79.539
962.40	78.029
962.57	77.256
962.74	77.485
962.90	78.417
963.07	79.945
963.24	80.922
963.41	80.684
963.57	78.217
963.74	78.999
963.91	75.820
964.08	81.534
964.24	76.098
964.41	77.770
964.58	81.979
964.75	80.381
964.91	76.600
965.08	77.316
965.25	81.486
965.42	78.630
965.58	80.498
965.75	76.990
965.92	80.548
966.08	77.914
966.25	77.637
966.42	81.255
966.59	77.359
966.75	77.970
966.92	79.152
967.09	78.308
967.25	81.605
967.42	82.354
967.59	79.575
967.75	77.588
967.92	78.404
968.09	78.205
968.26	78.027
968.42	82.044
968.59	75.808
968.76	76.877
968.92	78.320
969.09	79.673
969.26	80.710
969.42	78.435
969.59	79.959
969.76	79.688
969.92	79.912
970.09	78.697
970.26	75.051
970.42	79.965
970.59	78.708
970.76	77.638
970.92	80.430
971.09	78.618
971.26	78.641
971.42	81.508
971.59	79.346
971.76	79.167
971.92	78.254
972.09	78.838
972.25	79.872
972.42	76.130
972.59	78.682
972.75	79.488
972.92	77.156
973.09	79.531
973.25	79.358
973.42	78.928
973.58	78.201
973.75	79.428
973.92	78.217
974.08	77.665
974.25	77.913
974.42	82.957
974.58	76.638
974.75	78.525
974.91	77.612
975.08	76.534
975.25	81.061
975.41	80.597
975.58	80.386
975.74	79.035
975.91	78.576
976.08	79.394
976.24	77.593
976.41	78.932
976.57	79.144
976.74	80.210
976.91	79.107
977.07	78.851
977.24	79.115
977.40	78.344
977.57	77.213
977.73	77.126
977.90	78.427
978.07	77.924
978.23	79.744
978.40	76.845
978.56	80.839
978.73	80.388
978.89	79.067
979.06	81.124
979.22	78.178
979.39	80.789
979.56	77.357
979.72	81.072
979.89	78.184
980.05	79.810
980.22	80.013
980.38	81.711
980.55	77.548
980.71	78.463
980.88	80.970
981.04	80.797
981.21	80.371
981.37	78.573
981.54	81.236
981.70	79.099
981.87	75.732
982.04	80.980
982.20	78.967
982.37	80.523
982.53	78.348
982.70	80.510
982.86	78.764
983.03	80.826
983.19	77.811
983.36	80.589
983.52	79.185
983.69	79.028
983.85	77.380
984.02	76.362
984.18	81.057
984.35	78.617
984.51	79.133
984.68	79.967
984.84	79.260
985.00	82.273
985.17	80.316
985.33	82.788
985.50	79.947
985.66	77.268
985.83	79.692
985.99	78.192
986.16	77.907
986.32	83.688
986.49	79.277
986.65	77.552
986.82	79.429
986.98	83.104
987.15	80.388
987.31	81.825
987.47	82.009
987.64	79.820
987.80	77.375
987.97	76.272
988.13	77.724
988.30	83.059
988.46	81.592
988.63	81.679
988.79	82.082
988.95	79.685
989.12	82.429
989.28	81.094
989.45	82.078
989.61	83.599
989.77	80.731
989.94	79.532
990.10	79.103
990.27	80.511
990.43	78.942
990.60	81.039
990.76	81.394
990.92	78.871
991.09	78.645
991.25	80.446
991.42	79.332
991.58	80.070
991.74	77.240
991.91	77.662
992.07	79.169
992.24	80.566
992.40	78.184
992.56	79.330
992.73	81.597
992.89	82.779
993.05	79.816
993.22	78.988
993.38	81.352
993.55	80.045
993.71	81.885
993.87	76.271
994.04	81.982
994.20	79.218
994.36	77.451
994.53	80.344
994.69	84.264
994.85	81.752
995.02	79.311
995.18	80.194
995.34	81.611
995.51	84.958
995.67	76.606
995.84	83.096
996.00	77.329
996.16	77.152
996.33	77.271
996.49	80.532
996.65	82.505
996.82	82.163
996.98	78.681
997.14	82.398
997.31	78.555
997.47	79.439
997.63	80.500
997.79	85.318
997.96	81.302
998.12	84.673
998.28	77.356
998.45	82.701
998.61	83.034
998.77	82.197
998.94	82.914
999.10	81.110
999.26	83.754
999.43	85.259
999.59	82.967
999.75	80.433
999.91	80.153
1000.08	83.006
1000.24	77.284
1000.40	82.048
1000.57	80.306
1000.73	81.983
1000.89	85.668
1001.05	80.996
1001.22	82.491
1001.38	80.274
1001.54	82.169
1001.70	76.787
1001.87	80.414
1002.03	82.996
1002.19	80.511
1002.35	78.007
1002.52	85.841
1002.68	84.128
1002.84	80.146
1003.00	81.686
1003.17	81.962
1003.33	79.693
1003.49	78.080
1003.65	81.885
1003.82	82.580
1003.98	83.087
1004.14	83.251
1004.30	81.930
1004.47	86.291
1004.63	82.080
1004.79	82.560
1004.95	86.109
1005.11	76.950
1005.28	83.103
1005.44	82.392
1005.60	83.610
1005.76	86.077
1005.93	77.355
1006.09	80.958
1006.25	87.004
1006.41	84.761
1006.57	87.117
1006.74	84.733
1006.90	82.522
1007.06	81.269
1007.22	81.445
1007.38	80.717
1007.55	79.889
1007.71	83.560
1007.87	77.610
1008.03	82.700
1008.19	84.937
1008.35	85.044
1008.52	86.722
1008.68	86.516
1008.84	87.097
1009.00	87.638
1009.16	85.516
1009.32	85.895
1009.49	84.152
1009.65	81.860
1009.81	83.194
1009.97	86.857
1010.13	84.248
1010.29	79.103
1010.46	84.555
1010.62	83.583
1010.78	85.196
1010.94	87.488
1011.10	81.081
1011.26	80.853
1011.42	88.580
1011.59	80.284
1011.75	80.192
1011.91	83.324
1012.07	90.760
1012.23	86.282
1012.39	86.149
1012.55	83.735
1012.71	80.979
1012.88	89.054
1013.04	84.562
1013.20	83.921
1013.36	87.689
1013.52	87.539
1013.68	90.058
1013.84	83.052
1014.00	78.587
1014.16	85.173
1014.33	74.790
1014.49	83.873
1014.65	85.739
1014.81	80.592
1014.97	87.575
1015.13	80.763
1015.29	87.450
1015.45	81.329
1015.61	83.787
1015.77	87.089
1015.93	93.651
1016.09	84.991
1016.26	90.074
1016.42	85.294
1016.58	86.226
1016.74	85.918
1016.90	93.628
1017.06	92.143
1017.22	84.040
1017.38	84.812
1017.54	81.406
1017.70	90.155
1017.86	86.199
1018.02	88.486
1018.18	90.312
1018.34	82.639
1018.50	87.733
1018.66	82.503
1018.82	90.083
1018.98	97.283
1019.14	92.169
1019.31	88.522
1019.47	89.993
1019.63	89.702
1019.79	88.511
1019.95	90.222
1020.11	82.892
1020.27	85.857
1020.43	89.929
1020.59	81.400
1020.75	91.811
1020.91	83.878
1021.07	88.066
1021.23	87.181
1021.39	86.428
1021.55	87.624
1021.71	85.600
1021.87	84.681
1022.03	85.157
1022.19	95.468
1022.35	86.242
1022.51	69.335
1022.67	83.069
1022.83	81.662
1022.99	79.308
1023.15	86.247
1023.31	96.736
1023.47	79.453
1023.63	93.122
1023.79	85.692
1023.95	88.996
1024.10	82.803
1024.26	82.859
1024.42	88.003
1024.58	82.992
1024.74	86.772
1024.90	95.082
1025.06	83.949
1025.22	93.042
1025.38	83.389
1025.54	88.016
1025.70	86.960
1025.86	96.456
1026.02	84.708
1026.18	82.016
1026.34	87.179
1026.50	86.124
1026.66	86.207
1026.82	78.972
1026.98	94.574
1027.13	79.526
1027.29	88.628
1027.45	79.383
1027.61	80.465
1027.77	90.909
1027.93	85.318
1028.09	82.163
1028.25	85.970
1028.41	82.193
1028.57	97.050
1028.73	83.628
1028.88	99.896
1029.04	92.578
1029.20	86.965
1029.36	96.936
1029.52	89.061
1029.68	95.688
1029.84	81.924
1030.00	95.011
1030.16	78.415
1030.32	94.300
1030.47	90.412
1030.63	92.340
1030.79	90.066
1030.95	85.144
1031.11	86.538
1031.27	94.311
1031.43	95.094
1031.59	88.596
1031.74	95.507
1031.90	98.021
1032.06	91.886
1032.22	94.322
1032.38	96.616
1032.54	95.096
1032.69	87.734
1032.85	101.659
1033.01	100.846
1033.17	93.824
1033.33	116.053
1033.49	71.280
1033.65	86.903
1033.80	102.803
1033.96	101.119
1034.12	88.086
1034.28	93.703
1034.44	91.625
1034.60	98.000
1034.75	95.461
1034.91	91.563
1035.07	92.867
1035.23	84.166
1035.39	100.000
1035.54	91.083
1035.70	94.096
1035.86	105.060
1036.02	86.129
1036.18	99.861
1036.33	90.554
1036.49	90.616
1036.65	110.261
1036.81	82.582
1036.97	105.892
1037.12	99.864
1037.28	86.838
1037.44	88.599
1037.60	97.266
1037.76	89.655
1037.91	90.822
1038.07	73.517
1038.23	116.434
1038.39	98.946
1038.54	128.981
1038.70	92.881
1038.86	96.970
1039.02	97.266
1039.17	93.574
1039.33	106.239
1039.49	81.104
1039.65	115.526
1039.80	93.522
1039.96	109.619
1040.12	96.226
1040.28	96.759
>>>>> Data<<<<< Espectral Procesado Extremo
