Fichero De Datos De SpectraSuite
++++++++++++++++++++++++++++++++++++
Fecha: Wed Jul 15 12:04:52 CST 2026
Usuario: HP
Presente Oscuro Del Espectro: Sí
La Referencia de Presente Del Espectro De: Sí
Muestreados de los componentes de Número de espectros: 1
Espectrómetros: USB4H06056
Tiempo de integración (usec): 300000 (USB4H06056)
Promedio de Espectros Hechos un: 5 (USB4H06056)
El Alisar Del Furgón: 0 (USB4H06056)
Párrafo de de Corregir del la del del de Eléctrica del obscuridad: No (USB4H06056)
Estrobo/Lámpara Permitido: No (USB4H06056)
Correct for Detector Non-linearity: No (USB4H06056)
Párrafo de de Corregir del la del del de Externa del luz: No (USB4H06056)
Procesado del espectro de Número de pixeles en: 3648
>>>>> Comienza Data<<<<< Espectral Procesado Del EL
345.09	-733.333
345.30	-733.333
345.52	-733.333
345.74	21.875
345.95	-105.455
346.17	-566.667
346.39	380.952
346.60	-988.889
346.82	174.227
347.04	627.586
347.25	2587.500
347.47	-847.059
347.69	621.739
347.90	-3900.000
348.12	-3633.333
348.34	116.763
348.56	189.916
348.77	161.486
348.99	119.774
349.21	143.678
349.42	134.426
349.64	83.333
349.86	1820.000
350.07	222.481
350.29	169.271
350.51	111.017
350.72	128.966
350.94	79.757
351.16	178.378
351.37	124.870
351.59	87.611
351.81	142.986
352.02	151.600
352.24	229.070
352.46	95.397
352.67	125.625
352.89	113.278
353.10	32.231
353.32	181.013
353.54	123.967
353.75	223.404
353.97	138.514
354.19	122.619
354.40	226.374
354.62	161.538
354.84	101.493
355.05	154.622
355.27	133.333
355.49	91.579
355.70	73.381
355.92	85.650
356.14	95.238
356.35	146.512
356.57	118.251
356.78	50.000
357.00	114.228
357.22	127.835
357.43	156.725
357.65	69.281
357.87	92.157
358.08	67.063
358.30	125.743
358.51	121.154
358.73	149.593
358.95	136.041
359.16	82.264
359.38	92.254
359.60	87.069
359.81	103.922
360.03	98.253
360.24	134.568
360.46	98.750
360.68	86.235
360.89	99.578
361.11	207.614
361.33	232.979
361.54	70.769
361.76	103.971
361.97	126.400
362.19	107.207
362.41	174.684
362.62	116.034
362.84	82.625
363.05	162.914
363.27	135.652
363.49	98.024
363.70	106.494
363.92	131.683
364.13	111.111
364.35	55.363
364.57	157.339
364.78	133.080
365.00	73.361
365.21	136.232
365.43	84.783
365.65	120.084
365.86	101.695
366.08	194.340
366.29	88.249
366.51	111.765
366.73	91.556
366.94	93.818
367.16	137.387
367.37	116.404
367.59	75.887
367.80	108.586
368.02	161.538
368.24	173.288
368.45	138.267
368.67	93.627
368.88	310.769
369.10	84.227
369.31	135.315
369.53	167.614
369.75	166.197
369.96	136.680
370.18	94.636
370.39	126.446
370.61	94.361
370.82	118.118
371.04	214.394
371.26	172.678
371.47	119.522
371.69	140.081
371.90	119.178
372.12	103.693
372.33	89.062
372.55	122.422
372.76	120.724
372.98	152.941
373.20	125.926
373.41	94.545
373.63	134.444
373.84	108.033
374.06	106.522
374.27	117.730
374.49	142.017
374.70	112.281
374.92	156.650
375.13	133.088
375.35	94.545
375.57	161.224
375.78	135.537
376.00	130.332
376.21	138.400
376.43	113.021
376.64	124.731
376.86	133.922
377.07	128.819
377.29	225.000
377.50	99.598
377.72	155.833
377.93	122.831
378.15	125.126
378.36	111.370
378.58	122.535
378.80	153.208
379.01	123.293
379.23	305.556
379.44	93.808
379.66	125.191
379.87	115.954
380.09	104.948
380.30	144.156
380.52	132.578
380.73	94.071
380.95	90.909
381.16	126.814
381.38	120.067
381.59	119.521
381.81	97.771
382.02	153.306
382.24	124.014
382.45	132.934
382.67	103.235
382.88	121.176
383.10	99.263
383.31	146.698
383.53	70.604
383.74	109.394
383.96	96.364
384.17	146.407
384.39	101.212
384.60	102.141
384.82	96.088
385.03	138.855
385.25	122.137
385.46	112.759
385.68	107.467
385.89	106.593
386.11	121.037
386.32	68.069
386.54	122.491
386.75	95.970
386.97	87.385
387.18	120.581
387.40	122.438
387.61	97.706
387.83	113.545
388.04	88.621
388.25	103.846
388.47	115.345
388.68	118.447
388.90	108.040
389.11	136.131
389.33	126.797
389.54	103.257
389.76	110.748
389.97	99.638
390.19	94.704
390.40	102.439
390.62	122.813
390.83	134.653
391.05	73.989
391.26	129.412
391.47	150.769
391.69	155.015
391.90	104.308
392.12	131.890
392.33	125.207
392.55	114.975
392.76	91.732
392.98	94.748
393.19	73.589
393.41	95.946
393.62	106.186
393.83	106.010
394.05	103.929
394.26	97.529
394.48	96.586
394.69	128.081
394.91	88.034
395.12	104.102
395.34	96.980
395.55	101.507
395.76	103.750
395.98	104.922
396.19	102.022
396.41	74.440
396.62	76.782
396.84	100.544
397.05	96.122
397.26	116.352
397.48	99.487
397.69	91.400
397.91	96.255
398.12	93.881
398.33	105.973
398.55	90.017
398.76	102.956
398.98	122.517
399.19	91.340
399.41	112.081
399.62	103.120
399.83	96.173
400.05	111.287
400.26	110.606
400.48	92.389
400.69	83.174
400.90	108.423
401.12	119.337
401.33	94.453
401.55	81.806
401.76	94.937
401.97	99.533
402.19	83.305
402.40	67.613
402.62	81.062
402.83	69.613
403.04	87.046
403.26	94.424
403.47	77.356
403.69	81.065
403.90	85.560
404.11	103.506
404.33	84.362
404.54	78.028
404.76	68.982
404.97	96.133
405.18	82.458
405.40	75.486
405.61	76.839
405.83	79.513
406.04	100.134
406.25	83.475
406.47	90.455
406.68	83.944
406.89	86.728
407.11	93.718
407.32	73.924
407.54	63.346
407.75	77.830
407.96	80.368
408.18	66.799
408.39	88.467
408.60	73.810
408.82	77.376
409.03	67.110
409.24	80.149
409.46	83.814
409.67	74.568
409.89	61.736
410.10	65.463
410.31	76.585
410.53	64.923
410.74	60.666
410.95	70.114
411.17	72.644
411.38	70.974
411.59	71.019
411.81	67.877
412.02	72.016
412.23	62.969
412.45	73.046
412.66	65.306
412.87	64.621
413.09	66.192
413.30	58.433
413.51	64.939
413.73	53.729
413.94	64.682
414.15	51.064
414.37	63.058
414.58	59.104
414.79	68.433
415.01	56.689
415.22	57.143
415.43	58.216
415.65	47.724
415.86	46.502
416.07	47.555
416.29	56.480
416.50	54.086
416.71	51.118
416.93	50.783
417.14	53.833
417.35	44.325
417.57	47.855
417.78	39.147
417.99	41.455
418.21	37.770
418.42	42.707
418.63	45.946
418.85	133.855
419.06	46.745
419.27	37.887
419.48	44.113
419.70	43.496
419.91	37.746
420.12	39.621
420.34	33.349
420.55	41.472
420.76	42.605
420.98	37.801
421.19	38.903
421.40	37.849
421.61	38.629
421.83	34.637
422.04	36.569
422.25	38.390
422.47	37.603
422.68	33.287
422.89	33.577
423.11	37.431
423.32	35.834
423.53	31.855
423.74	34.564
423.96	31.337
424.17	29.020
424.38	30.299
424.59	30.146
424.81	31.792
425.02	29.345
425.23	27.717
425.45	28.670
425.66	32.115
425.87	29.243
426.08	28.016
426.30	24.239
426.51	27.835
426.72	29.351
426.93	28.479
427.15	29.051
427.36	29.595
427.57	29.070
427.79	28.981
428.00	24.628
428.21	28.865
428.42	27.218
428.64	26.194
428.85	24.811
429.06	25.102
429.27	28.250
429.49	26.646
429.70	25.325
429.91	26.659
430.12	25.987
430.34	26.176
430.55	26.476
430.76	25.581
430.97	24.889
431.19	25.311
431.40	24.477
431.61	24.820
431.82	24.064
432.03	20.153
432.25	24.268
432.46	24.069
432.67	22.272
432.88	25.123
433.10	23.604
433.31	23.911
433.52	23.851
433.73	23.343
433.95	22.691
434.16	23.792
434.37	24.806
434.58	24.477
434.79	23.315
435.01	24.939
435.22	24.955
435.43	23.207
435.64	23.372
435.86	21.729
436.07	23.581
436.28	22.022
436.49	23.180
436.70	21.923
436.92	23.683
437.13	23.531
437.34	22.820
437.55	22.736
437.76	22.500
437.98	21.139
438.19	23.017
438.40	22.130
438.61	24.811
438.82	22.229
439.04	21.651
439.25	22.710
439.46	21.832
439.67	20.654
439.88	21.494
440.10	19.830
440.31	23.048
440.52	21.962
440.73	20.854
440.94	22.235
441.16	21.396
441.37	21.085
441.58	20.903
441.79	23.209
442.00	22.429
442.21	22.009
442.43	21.473
442.64	21.897
442.85	21.265
443.06	21.942
443.27	23.434
443.48	23.965
443.70	21.811
443.91	21.927
444.12	22.003
444.33	22.946
444.54	21.794
444.75	21.192
444.97	20.187
445.18	21.620
445.39	20.796
445.60	21.629
445.81	20.859
446.02	21.286
446.24	22.439
446.45	21.476
446.66	22.475
446.87	22.877
447.08	23.199
447.29	22.662
447.51	22.535
447.72	21.404
447.93	21.929
448.14	21.699
448.35	22.775
448.56	21.001
448.77	20.605
448.99	20.826
449.20	22.060
449.41	21.658
449.62	20.869
449.83	22.648
450.04	21.893
450.25	22.642
450.46	19.808
450.68	22.113
450.89	21.749
451.10	22.139
451.31	21.695
451.52	22.703
451.73	21.482
451.94	21.526
452.15	21.671
452.37	21.912
452.58	20.811
452.79	21.261
453.00	20.619
453.21	21.783
453.42	21.111
453.63	22.478
453.84	22.215
454.06	22.308
454.27	21.965
454.48	22.662
454.69	21.742
454.90	23.475
455.11	21.723
455.32	21.360
455.53	22.671
455.74	21.155
455.95	22.307
456.17	23.009
456.38	22.032
456.59	22.254
456.80	20.616
457.01	22.402
457.22	21.686
457.43	21.765
457.64	21.956
457.85	20.759
458.06	22.529
458.27	21.218
458.49	21.281
458.70	22.094
458.91	22.097
459.12	22.557
459.33	22.692
459.54	23.001
459.75	22.977
459.96	22.200
460.17	22.865
460.38	21.755
460.59	23.744
460.80	22.242
461.01	22.154
461.23	23.079
461.44	21.625
461.65	21.209
461.86	22.236
462.07	22.451
462.28	23.539
462.49	21.941
462.70	21.958
462.91	21.752
463.12	21.371
463.33	21.862
463.54	21.938
463.75	22.454
463.96	22.981
464.17	22.109
464.38	23.283
464.59	23.926
464.81	23.775
465.02	22.084
465.23	21.892
465.44	23.008
465.65	22.153
465.86	22.101
466.07	21.878
466.28	22.629
466.49	23.132
466.70	21.703
466.91	23.046
467.12	23.005
467.33	21.741
467.54	21.836
467.75	22.472
467.96	23.059
468.17	22.973
468.38	21.960
468.59	22.140
468.80	21.836
469.01	23.030
469.22	22.548
469.43	22.759
469.64	22.745
469.85	21.659
470.06	22.063
470.27	21.966
470.48	23.238
470.69	22.976
470.90	21.744
471.11	22.700
471.32	23.052
471.53	21.946
471.74	22.528
471.95	22.138
472.16	22.684
472.37	22.530
472.58	21.699
472.79	22.130
473.00	22.561
473.21	22.366
473.42	22.331
473.63	22.647
473.84	22.946
474.05	22.457
474.26	21.961
474.47	21.921
474.68	22.255
474.89	22.700
475.10	22.791
475.31	21.725
475.52	22.278
475.73	22.250
475.94	22.024
476.15	21.992
476.36	23.248
476.57	22.032
476.78	22.730
476.99	22.451
477.20	22.721
477.41	21.386
477.62	22.103
477.83	22.766
478.04	21.765
478.25	22.459
478.46	22.628
478.67	21.405
478.88	22.527
479.09	22.707
479.30	22.756
479.51	21.712
479.72	22.463
479.93	22.400
480.14	21.530
480.35	21.581
480.56	22.181
480.77	22.386
480.98	21.751
481.18	22.932
481.39	22.692
481.60	22.606
481.81	22.376
482.02	21.444
482.23	22.742
482.44	22.536
482.65	22.778
482.86	22.308
483.07	21.877
483.28	22.631
483.49	22.414
483.70	22.108
483.91	22.320
484.12	22.228
484.33	21.803
484.53	22.060
484.74	22.305
484.95	21.946
485.16	22.217
485.37	22.495
485.58	22.969
485.79	22.050
486.00	22.153
486.21	21.680
486.42	22.528
486.63	21.922
486.84	22.285
487.05	22.644
487.25	22.985
487.46	22.737
487.67	22.449
487.88	22.599
488.09	22.011
488.30	22.606
488.51	26.923
488.72	21.717
488.93	22.016
489.14	23.048
489.35	22.191
489.55	22.222
489.76	21.791
489.97	22.369
490.18	21.961
490.39	22.672
490.60	21.871
490.81	22.266
491.02	22.174
491.23	22.738
491.43	22.042
491.64	22.477
491.85	22.524
492.06	22.741
492.27	22.705
492.48	22.312
492.69	22.509
492.90	21.481
493.11	22.584
493.31	22.726
493.52	22.538
493.73	22.643
493.94	22.270
494.15	22.122
494.36	21.805
494.57	21.846
494.78	22.289
494.98	22.408
495.19	21.568
495.40	22.440
495.61	23.108
495.82	22.525
496.03	22.407
496.24	22.628
496.44	22.411
496.65	22.046
496.86	21.881
497.07	22.389
497.28	23.297
497.49	22.505
497.70	22.471
497.90	22.563
498.11	22.846
498.32	22.292
498.53	22.195
498.74	22.470
498.95	22.557
499.15	22.592
499.36	22.523
499.57	22.545
499.78	22.836
499.99	22.461
500.20	22.036
500.40	22.278
500.61	22.355
500.82	22.522
501.03	22.541
501.24	22.188
501.45	22.400
501.65	22.770
501.86	22.616
502.07	22.816
502.28	22.670
502.49	22.610
502.70	22.662
502.90	22.681
503.11	22.938
503.32	21.962
503.53	22.568
503.74	22.538
503.94	22.216
504.15	22.629
504.36	22.266
504.57	22.330
504.78	22.666
504.98	22.572
505.19	22.417
505.40	22.524
505.61	22.785
505.82	22.655
506.02	22.638
506.23	22.471
506.44	22.554
506.65	22.710
506.86	22.591
507.06	22.644
507.27	22.952
507.48	23.036
507.69	22.766
507.90	22.826
508.10	22.888
508.31	23.156
508.52	22.585
508.73	23.087
508.94	23.294
509.14	22.882
509.35	23.326
509.56	23.112
509.77	23.209
509.97	23.090
510.18	22.942
510.39	23.018
510.60	23.109
510.80	23.287
511.01	23.148
511.22	23.255
511.43	23.468
511.64	23.462
511.84	23.038
512.05	23.161
512.26	23.255
512.47	23.092
512.67	23.191
512.88	23.056
513.09	23.232
513.30	23.343
513.50	23.706
513.71	23.388
513.92	23.207
514.13	23.618
514.33	23.725
514.54	23.427
514.75	23.653
514.96	23.222
515.16	23.795
515.37	23.627
515.58	23.594
515.78	23.570
515.99	23.969
516.20	23.491
516.41	24.041
516.61	24.312
516.82	23.984
517.03	23.926
517.24	24.179
517.44	24.293
517.65	24.132
517.86	24.238
518.07	24.384
518.27	24.187
518.48	24.360
518.69	24.195
518.89	24.204
519.10	24.752
519.31	24.752
519.52	24.603
519.72	24.675
519.93	25.012
520.14	24.792
520.34	24.754
520.55	25.241
520.76	25.296
520.96	24.889
521.17	25.324
521.38	25.030
521.59	24.891
521.79	25.698
522.00	25.153
522.21	25.633
522.41	25.929
522.62	25.637
522.83	25.776
523.03	25.847
523.24	25.968
523.45	25.668
523.66	25.599
523.86	25.958
524.07	26.407
524.28	26.197
524.48	26.478
524.69	26.633
524.90	26.625
525.10	26.529
525.31	26.080
525.52	26.450
525.72	26.509
525.93	26.668
526.14	26.354
526.34	26.593
526.55	27.195
526.76	27.449
526.96	27.235
527.17	27.452
527.38	27.322
527.58	27.406
527.79	27.648
528.00	27.004
528.20	27.570
528.41	27.850
528.62	27.642
528.82	27.734
529.03	28.088
529.24	27.965
529.44	27.951
529.65	27.729
529.85	28.225
530.06	28.426
530.27	28.143
530.47	27.571
530.68	28.231
530.89	28.343
531.09	28.516
531.30	28.529
531.51	28.514
531.71	28.709
531.92	28.289
532.13	28.687
532.33	29.026
532.54	28.859
532.74	28.942
532.95	28.920
533.16	28.643
533.36	29.191
533.57	28.920
533.78	29.481
533.98	28.722
534.19	29.004
534.39	29.023
534.60	29.753
534.81	28.735
535.01	29.504
535.22	29.058
535.42	29.313
535.63	29.580
535.84	29.486
536.04	29.429
536.25	29.789
536.45	29.475
536.66	29.543
536.87	29.517
537.07	29.308
537.28	29.680
537.48	29.612
537.69	29.876
537.90	29.832
538.10	29.519
538.31	29.936
538.51	29.956
538.72	29.612
538.93	30.057
539.13	30.025
539.34	29.899
539.54	30.233
539.75	29.987
539.96	29.789
540.16	29.702
540.37	29.822
540.57	30.530
540.78	30.096
540.98	29.941
541.19	30.200
541.40	30.312
541.60	30.361
541.81	30.164
542.01	30.047
542.22	30.046
542.42	30.140
542.63	30.042
542.83	30.371
543.04	30.507
543.25	29.964
543.45	30.335
543.66	30.411
543.86	30.041
544.07	29.927
544.27	30.186
544.48	30.514
544.68	30.040
544.89	29.795
545.10	30.179
545.30	30.060
545.51	30.337
545.71	30.168
545.92	30.502
546.12	30.185
546.33	30.314
546.53	30.255
546.74	30.446
546.94	30.410
547.15	30.389
547.36	30.284
547.56	30.369
547.77	30.273
547.97	30.371
548.18	30.700
548.38	30.274
548.59	30.117
548.79	30.577
549.00	30.144
549.20	30.557
549.41	30.348
549.61	30.765
549.82	30.480
550.02	30.522
550.23	30.351
550.43	30.872
550.64	30.447
550.84	30.451
551.05	30.455
551.25	30.105
551.46	30.548
551.66	30.626
551.87	30.576
552.07	30.537
552.28	30.675
552.48	30.462
552.69	31.063
552.89	31.246
553.10	30.610
553.30	30.705
553.51	30.416
553.71	30.717
553.92	30.552
554.12	30.394
554.33	30.605
554.53	31.042
554.74	30.831
554.94	30.582
555.15	30.755
555.35	30.620
555.56	30.559
555.76	30.774
555.97	30.507
556.17	30.491
556.38	30.461
556.58	30.415
556.78	30.823
556.99	30.960
557.19	30.847
557.40	30.795
557.60	30.728
557.81	30.822
558.01	30.524
558.22	30.695
558.42	30.646
558.63	30.721
558.83	30.861
559.04	30.772
559.24	30.739
559.44	30.888
559.65	30.646
559.85	30.249
560.06	30.764
560.26	30.721
560.47	30.568
560.67	30.744
560.88	30.791
561.08	30.358
561.28	30.539
561.49	30.949
561.69	30.655
561.90	30.486
562.10	30.755
562.31	30.365
562.51	30.578
562.71	30.448
562.92	30.485
563.12	30.068
563.33	30.423
563.53	30.151
563.74	30.271
563.94	30.239
564.14	30.197
564.35	30.298
564.55	30.207
564.76	30.202
564.96	29.905
565.17	30.327
565.37	29.903
565.57	29.869
565.78	29.874
565.98	30.284
566.19	29.619
566.39	29.882
566.59	29.893
566.80	29.738
567.00	29.948
567.21	29.765
567.41	29.659
567.61	29.893
567.82	29.363
568.02	29.522
568.23	29.537
568.43	29.528
568.63	29.342
568.84	29.440
569.04	29.205
569.24	29.729
569.45	29.229
569.65	29.225
569.86	29.279
570.06	29.059
570.26	28.919
570.47	29.137
570.67	28.985
570.87	29.108
571.08	28.883
571.28	29.183
571.49	28.884
571.69	28.691
571.89	28.600
572.10	28.632
572.30	28.629
572.50	28.562
572.71	28.409
572.91	28.768
573.11	28.549
573.32	28.488
573.52	28.217
573.73	28.110
573.93	28.190
574.13	28.392
574.34	28.111
574.54	27.985
574.74	28.130
574.95	28.186
575.15	27.913
575.35	27.764
575.56	27.759
575.76	27.858
575.96	27.940
576.17	27.822
576.37	27.855
576.57	27.786
576.78	27.738
576.98	27.630
577.18	27.709
577.39	27.807
577.59	27.579
577.79	27.559
578.00	27.303
578.20	27.207
578.40	26.995
578.61	27.096
578.81	27.074
579.01	27.355
579.22	27.193
579.42	27.231
579.62	27.080
579.82	27.027
580.03	27.066
580.23	27.148
580.43	26.951
580.64	26.514
580.84	26.743
581.04	26.824
581.25	26.669
581.45	26.892
581.65	26.710
581.86	26.655
582.06	26.767
582.26	26.750
582.46	27.132
582.67	26.515
582.87	26.550
583.07	26.578
583.28	26.222
583.48	26.474
583.68	26.602
583.88	26.534
584.09	26.298
584.29	26.446
584.49	26.238
584.70	26.058
584.90	25.917
585.10	26.388
585.30	26.220
585.51	26.316
585.71	26.175
585.91	26.007
586.11	26.114
586.32	25.975
586.52	26.109
586.72	25.936
586.92	26.060
587.13	25.944
587.33	25.833
587.53	25.929
587.74	25.917
587.94	25.586
588.14	25.871
588.34	26.121
588.55	25.957
588.75	25.811
588.95	25.816
589.15	26.003
589.36	25.980
589.56	25.673
589.76	25.586
589.96	25.642
590.16	25.874
590.37	25.786
590.57	25.747
590.77	25.534
590.97	25.595
591.18	25.397
591.38	25.683
591.58	25.087
591.78	25.613
591.99	25.567
592.19	25.395
592.39	25.632
592.59	25.718
592.79	25.562
593.00	25.253
593.20	25.545
593.40	25.502
593.60	25.452
593.81	25.154
594.01	25.405
594.21	25.394
594.41	25.323
594.61	25.082
594.82	25.433
595.02	25.204
595.22	25.248
595.42	25.330
595.62	25.236
595.83	25.272
596.03	25.206
596.23	25.264
596.43	25.055
596.63	25.226
596.84	25.070
597.04	24.857
597.24	25.068
597.44	25.193
597.64	25.117
597.84	25.130
598.05	25.338
598.25	24.977
598.45	25.033
598.65	24.894
598.85	25.107
599.06	24.954
599.26	25.191
599.46	24.646
599.66	24.985
599.86	25.166
600.06	24.858
600.27	24.852
600.47	25.016
600.67	25.034
600.87	25.069
601.07	24.884
601.27	24.981
601.48	25.045
601.68	24.914
601.88	25.287
602.08	24.820
602.28	25.069
602.48	24.610
602.68	24.913
602.89	24.959
603.09	25.157
603.29	25.008
603.49	24.901
603.69	24.753
603.89	24.848
604.09	25.057
604.30	24.880
604.50	24.708
604.70	25.123
604.90	24.752
605.10	24.666
605.30	24.696
605.50	24.742
605.71	24.773
605.91	24.755
606.11	24.858
606.31	24.867
606.51	25.078
606.71	24.693
606.91	24.799
607.11	24.690
607.32	24.856
607.52	24.836
607.72	24.749
607.92	24.571
608.12	24.995
608.32	24.739
608.52	24.612
608.72	24.770
608.92	24.857
609.12	24.570
609.33	24.884
609.53	24.609
609.73	24.557
609.93	24.533
610.13	24.788
610.33	24.810
610.53	24.657
610.73	24.821
610.93	24.522
611.13	24.673
611.34	25.016
611.54	24.511
611.74	24.468
611.94	24.776
612.14	24.395
612.34	24.437
612.54	24.622
612.74	24.769
612.94	24.724
613.14	24.435
613.34	24.134
613.54	24.385
613.74	24.663
613.95	24.423
614.15	24.335
614.35	24.613
614.55	24.550
614.75	24.503
614.95	24.350
615.15	24.447
615.35	24.548
615.55	24.451
615.75	24.635
615.95	24.206
616.15	24.427
616.35	24.422
616.55	24.283
616.75	24.421
616.95	24.295
617.15	24.093
617.35	24.442
617.56	24.087
617.76	24.382
617.96	24.322
618.16	24.510
618.36	24.304
618.56	24.322
618.76	24.082
618.96	24.252
619.16	24.416
619.36	24.116
619.56	24.052
619.76	24.260
619.96	24.166
620.16	24.286
620.36	24.285
620.56	24.309
620.76	24.277
620.96	24.318
621.16	24.127
621.36	24.103
621.56	23.981
621.76	24.274
621.96	24.046
622.16	24.299
622.36	24.102
622.56	24.297
622.76	23.852
622.96	24.232
623.16	23.894
623.36	23.949
623.56	24.057
623.76	24.221
623.96	24.279
624.16	23.943
624.36	24.083
624.56	23.941
624.76	24.239
624.96	24.119
625.16	23.786
625.36	24.018
625.56	24.101
625.76	23.946
625.96	23.893
626.16	23.808
626.36	24.106
626.56	24.025
626.76	23.830
626.96	24.280
627.16	23.829
627.36	24.085
627.56	23.838
627.76	23.948
627.96	24.001
628.16	24.111
628.36	23.897
628.56	24.174
628.75	24.203
628.95	23.935
629.15	24.021
629.35	23.998
629.55	24.037
629.75	24.198
629.95	23.697
630.15	23.687
630.35	24.166
630.55	23.778
630.75	23.896
630.95	23.791
631.15	24.038
631.35	23.733
631.55	23.760
631.75	24.074
631.95	23.829
632.15	23.903
632.34	23.801
632.54	24.052
632.74	23.948
632.94	23.727
633.14	23.793
633.34	23.708
633.54	23.636
633.74	23.796
633.94	23.888
634.14	23.808
634.34	23.927
634.54	23.744
634.74	23.503
634.93	23.604
635.13	23.570
635.33	23.712
635.53	23.867
635.73	23.704
635.93	23.873
636.13	23.504
636.33	23.694
636.53	23.774
636.73	23.839
636.93	23.674
637.12	23.504
637.32	23.718
637.52	23.539
637.72	23.578
637.92	23.598
638.12	23.617
638.32	23.804
638.52	23.387
638.72	23.569
638.91	23.523
639.11	23.578
639.31	23.801
639.51	23.056
639.71	23.371
639.91	23.379
640.11	23.489
640.31	23.421
640.50	23.558
640.70	23.329
640.90	23.328
641.10	23.462
641.30	23.506
641.50	23.210
641.70	23.354
641.89	23.095
642.09	23.426
642.29	23.217
642.49	23.066
642.69	23.372
642.89	23.318
643.09	23.259
643.28	23.140
643.48	23.123
643.68	23.196
643.88	22.938
644.08	22.963
644.28	23.088
644.48	22.917
644.67	22.991
644.87	23.082
645.07	23.108
645.27	23.203
645.47	23.186
645.67	22.942
645.86	22.720
646.06	23.099
646.26	23.032
646.46	23.094
646.66	23.125
646.85	22.910
647.05	23.089
647.25	22.932
647.45	22.980
647.65	22.992
647.85	23.076
648.04	22.923
648.24	22.885
648.44	22.763
648.64	22.705
648.84	22.855
649.03	22.827
649.23	22.723
649.43	22.733
649.63	22.666
649.83	22.715
650.02	22.494
650.22	22.991
650.42	23.024
650.62	22.684
650.82	22.532
651.01	22.846
651.21	22.771
651.41	22.640
651.61	22.631
651.81	22.811
652.00	22.799
652.20	22.858
652.40	22.805
652.60	22.671
652.79	22.787
652.99	22.571
653.19	22.751
653.39	22.802
653.59	22.567
653.78	22.694
653.98	22.634
654.18	22.398
654.38	22.645
654.57	22.713
654.77	22.657
654.97	22.586
655.17	22.602
655.36	22.612
655.56	22.688
655.76	22.637
655.96	22.606
656.15	22.421
656.35	22.650
656.55	22.636
656.75	22.475
656.94	22.507
657.14	22.350
657.34	22.890
657.54	22.458
657.73	22.537
657.93	22.825
658.13	22.574
658.33	22.455
658.52	22.479
658.72	23.794
658.92	22.465
659.11	22.832
659.31	22.587
659.51	22.368
659.71	22.656
659.90	22.558
660.10	22.703
660.30	22.696
660.50	22.548
660.69	22.537
660.89	22.552
661.09	22.754
661.28	22.561
661.48	22.674
661.68	22.274
661.87	22.706
662.07	22.702
662.27	22.546
662.47	22.562
662.66	22.456
662.86	22.557
663.06	22.534
663.25	22.644
663.45	22.426
663.65	22.491
663.84	22.495
664.04	22.611
664.24	22.599
664.44	22.404
664.63	22.699
664.83	22.558
665.03	22.489
665.22	22.688
665.42	22.466
665.62	22.507
665.81	22.660
666.01	22.630
666.21	22.461
666.40	22.668
666.60	22.389
666.80	22.561
666.99	22.620
667.19	22.573
667.39	22.491
667.58	22.548
667.78	22.474
667.98	22.328
668.17	22.421
668.37	22.620
668.57	22.626
668.76	22.288
668.96	22.325
669.16	22.648
669.35	22.421
669.55	22.281
669.74	22.257
669.94	22.668
670.14	22.863
670.33	22.562
670.53	22.676
670.73	22.554
670.92	22.538
671.12	22.481
671.32	22.615
671.51	22.521
671.71	22.529
671.90	22.511
672.10	22.707
672.30	22.580
672.49	22.754
672.69	22.685
672.89	22.483
673.08	22.656
673.28	22.591
673.47	22.409
673.67	22.669
673.87	22.493
674.06	22.637
674.26	22.490
674.45	22.624
674.65	22.660
674.85	22.686
675.04	22.714
675.24	22.460
675.43	22.355
675.63	22.686
675.83	22.844
676.02	22.701
676.22	22.444
676.41	22.832
676.61	22.604
676.81	22.569
677.00	22.770
677.20	22.756
677.39	22.754
677.59	22.594
677.79	22.758
677.98	22.708
678.18	22.633
678.37	22.699
678.57	22.675
678.76	22.782
678.96	22.498
679.16	22.608
679.35	22.627
679.55	22.712
679.74	22.754
679.94	22.867
680.13	22.838
680.33	22.843
680.53	22.721
680.72	22.739
680.92	22.814
681.11	22.790
681.31	23.049
681.50	22.971
681.70	22.638
681.89	23.042
682.09	23.034
682.28	22.834
682.48	23.217
682.68	22.858
682.87	23.089
683.07	23.241
683.26	22.983
683.46	22.842
683.65	23.096
683.85	22.923
684.04	23.174
684.24	23.057
684.43	22.940
684.63	23.152
684.82	23.088
685.02	23.258
685.21	23.156
685.41	23.055
685.60	23.004
685.80	23.170
686.00	23.190
686.19	23.202
686.39	23.201
686.58	23.199
686.78	23.159
686.97	23.034
687.17	23.223
687.36	23.204
687.56	23.506
687.75	23.349
687.95	23.152
688.14	23.245
688.34	23.467
688.53	23.091
688.73	23.519
688.92	23.557
689.12	23.131
689.31	23.568
689.51	23.269
689.70	23.768
689.89	23.525
690.09	23.507
690.28	23.442
690.48	23.459
690.67	23.449
690.87	23.515
691.06	23.675
691.26	23.583
691.45	23.709
691.65	23.619
691.84	23.724
692.04	23.946
692.23	23.943
692.43	23.624
692.62	24.093
692.82	23.856
693.01	24.043
693.20	23.892
693.40	24.135
693.59	23.907
693.79	24.135
693.98	24.086
694.18	24.419
694.37	24.584
694.57	24.650
694.76	24.511
694.95	24.804
695.15	24.857
695.34	25.109
695.54	25.032
695.73	25.400
695.93	25.291
696.12	25.328
696.32	25.348
696.51	25.622
696.70	25.793
696.90	25.875
697.09	26.072
697.29	26.248
697.48	26.326
697.67	26.116
697.87	26.618
698.06	27.180
698.26	26.903
698.45	27.085
698.65	27.293
698.84	27.291
699.03	27.591
699.23	27.837
699.42	27.902
699.62	28.126
699.81	28.552
700.00	28.623
700.20	28.646
700.39	28.965
700.59	28.969
700.78	29.484
700.97	29.562
701.17	29.821
701.36	30.122
701.56	30.363
701.75	30.390
701.94	30.914
702.14	30.773
702.33	31.185
702.52	31.818
702.72	31.510
702.91	32.015
703.11	32.186
703.30	32.578
703.49	32.715
703.69	33.029
703.88	33.330
704.07	33.466
704.27	34.035
704.46	33.945
704.66	34.083
704.85	34.457
705.04	34.658
705.24	35.238
705.43	35.348
705.62	35.785
705.82	36.052
706.01	36.012
706.20	36.532
706.40	36.796
706.59	36.930
706.78	37.324
706.98	37.324
707.17	37.649
707.36	38.133
707.56	38.479
707.75	38.674
707.94	38.605
708.14	39.317
708.33	39.328
708.52	39.508
708.72	39.743
708.91	40.044
709.10	40.481
709.30	40.535
709.49	40.745
709.68	41.225
709.88	41.634
710.07	41.833
710.26	42.008
710.46	42.030
710.65	42.439
710.84	42.681
711.04	42.842
711.23	43.378
711.42	43.567
711.61	44.070
711.81	44.338
712.00	44.344
712.19	44.632
712.39	45.128
712.58	44.913
712.77	45.798
712.97	45.854
713.16	45.951
713.35	46.166
713.54	46.416
713.74	46.665
713.93	47.056
714.12	47.044
714.32	47.870
714.51	47.561
714.70	48.338
714.89	48.002
715.09	48.572
715.28	48.762
715.47	49.139
715.66	49.237
715.86	49.800
716.05	49.937
716.24	49.983
716.44	50.209
716.63	50.931
716.82	50.812
717.01	51.278
717.21	51.425
717.40	51.607
717.59	51.813
717.78	52.089
717.98	52.156
718.17	52.871
718.36	52.445
718.55	52.851
718.75	53.389
718.94	53.568
719.13	54.065
719.32	53.917
719.52	54.278
719.71	54.831
719.90	54.676
720.09	55.658
720.28	55.347
720.48	56.205
720.67	55.814
720.86	56.370
721.05	56.613
721.25	56.775
721.44	56.875
721.63	57.349
721.82	57.894
722.01	57.666
722.21	57.906
722.40	58.158
722.59	58.175
722.78	58.829
722.98	59.077
723.17	59.781
723.36	59.123
723.55	59.891
723.74	60.295
723.94	60.534
724.13	60.424
724.32	61.630
724.51	61.639
724.70	61.340
724.89	61.575
725.09	62.356
725.28	62.438
725.47	62.432
725.66	62.290
725.85	63.217
726.05	63.210
726.24	63.284
726.43	63.708
726.62	63.999
726.81	64.329
727.00	64.293
727.20	64.500
727.39	64.510
727.58	65.043
727.77	64.915
727.96	65.429
728.15	65.752
728.35	66.166
728.54	66.548
728.73	66.045
728.92	66.976
729.11	66.994
729.30	67.131
729.50	67.195
729.69	67.763
729.88	67.715
730.07	67.842
730.26	67.868
730.45	68.072
730.64	68.284
730.84	68.487
731.03	69.200
731.22	69.178
731.41	69.470
731.60	70.003
731.79	70.081
731.98	70.000
732.18	70.085
732.37	70.427
732.56	70.673
732.75	71.161
732.94	70.998
733.13	71.555
733.32	71.389
733.51	71.671
733.71	71.615
733.90	71.589
734.09	71.868
734.28	72.357
734.47	72.471
734.66	72.792
734.85	73.337
735.04	73.435
735.23	73.447
735.42	73.372
735.62	74.085
735.81	74.142
736.00	74.077
736.19	74.697
736.38	73.874
736.57	74.697
736.76	74.352
736.95	75.274
737.14	75.085
737.33	75.347
737.52	75.464
737.72	75.294
737.91	75.227
738.10	76.116
738.29	76.118
738.48	75.572
738.67	75.965
738.86	76.783
739.05	76.698
739.24	76.149
739.43	76.765
739.62	77.176
739.81	76.819
740.00	77.732
740.19	77.233
740.39	77.287
740.58	77.570
740.77	77.611
740.96	77.832
741.15	77.990
741.34	77.803
741.53	77.718
741.72	78.190
741.91	78.794
742.10	78.467
742.29	78.678
742.48	78.986
742.67	79.071
742.86	79.008
743.05	79.247
743.24	79.168
743.43	79.505
743.62	79.778
743.81	79.623
744.00	79.139
744.19	79.396
744.38	79.694
744.57	79.821
744.76	80.428
744.95	80.224
745.14	80.199
745.33	80.008
745.52	80.169
745.71	80.837
745.90	80.773
746.09	81.084
746.28	80.974
746.47	80.968
746.66	81.427
746.85	80.843
747.04	81.454
747.23	81.313
747.42	81.768
747.61	81.236
747.80	81.663
747.99	81.863
748.18	81.239
748.37	81.811
748.56	81.815
748.75	81.612
748.94	81.926
749.13	81.707
749.32	82.154
749.51	81.867
749.70	82.225
749.89	82.239
750.08	82.320
750.27	82.662
750.46	82.763
750.65	82.502
750.84	82.458
751.03	82.709
751.22	82.941
751.41	82.691
751.60	82.117
751.79	82.543
751.98	83.202
752.17	83.018
752.36	83.054
752.55	82.847
752.74	83.010
752.93	82.580
753.12	83.061
753.30	83.574
753.49	83.198
753.68	83.859
753.87	83.017
754.06	83.221
754.25	83.633
754.44	83.456
754.63	83.244
754.82	83.854
755.01	83.145
755.20	83.590
755.39	83.765
755.58	83.704
755.77	84.316
755.96	83.430
756.14	83.899
756.33	84.438
756.52	83.761
756.71	83.812
756.90	83.932
757.09	84.284
757.28	84.197
757.47	84.101
757.66	83.693
757.85	83.790
758.04	83.992
758.22	83.407
758.41	83.894
758.60	84.351
758.79	84.418
758.98	83.872
759.17	84.117
759.36	84.889
759.55	84.262
759.74	84.306
759.92	84.335
760.11	84.482
760.30	84.295
760.49	84.312
760.68	84.086
760.87	84.564
761.06	84.960
761.25	84.662
761.43	84.610
761.62	84.399
761.81	84.266
762.00	84.388
762.19	84.337
762.38	84.870
762.57	84.271
762.76	84.251
762.94	84.782
763.13	85.027
763.32	84.677
763.51	84.785
763.70	84.898
763.89	84.982
764.07	84.815
764.26	84.751
764.45	84.891
764.64	84.627
764.83	84.564
765.02	85.073
765.21	84.770
765.39	84.558
765.58	84.350
765.77	84.683
765.96	84.994
766.15	84.499
766.34	85.018
766.52	84.612
766.71	84.694
766.90	84.925
767.09	84.930
767.28	84.647
767.46	85.301
767.65	85.000
767.84	84.574
768.03	84.977
768.22	84.717
768.40	85.028
768.59	84.515
768.78	84.670
768.97	85.204
769.16	85.311
769.34	84.680
769.53	84.722
769.72	84.870
769.91	84.968
770.10	85.479
770.28	84.934
770.47	84.592
770.66	85.342
770.85	85.741
771.04	85.286
771.22	84.883
771.41	85.249
771.60	85.581
771.79	85.055
771.98	85.621
772.16	84.920
772.35	85.653
772.54	85.492
772.73	84.261
772.91	85.484
773.10	85.172
773.29	84.892
773.48	84.619
773.66	84.858
773.85	85.153
774.04	84.967
774.23	85.356
774.41	85.338
774.60	85.100
774.79	85.079
774.98	84.905
775.16	85.308
775.35	85.317
775.54	84.865
775.73	85.216
775.91	85.034
776.10	84.906
776.29	85.432
776.48	85.529
776.66	85.510
776.85	85.401
777.04	85.129
777.23	85.920
777.41	85.413
777.60	85.780
777.79	85.380
777.97	84.877
778.16	84.820
778.35	84.489
778.54	84.996
778.72	84.603
778.91	85.155
779.10	85.324
779.28	85.086
779.47	85.346
779.66	84.992
779.85	85.253
780.03	85.418
780.22	85.305
780.41	85.039
780.59	85.526
780.78	84.605
780.97	84.901
781.15	85.475
781.34	85.301
781.53	85.460
781.71	85.146
781.90	84.992
782.09	85.478
782.27	85.864
782.46	85.133
782.65	84.776
782.84	85.170
783.02	84.654
783.21	84.952
783.40	85.017
783.58	84.015
783.77	84.964
783.96	85.489
784.14	85.810
784.33	85.713
784.52	85.225
784.70	85.046
784.89	85.614
785.07	85.568
785.26	84.929
785.45	85.482
785.63	85.790
785.82	85.307
786.01	85.406
786.19	85.160
786.38	85.390
786.57	85.552
786.75	85.466
786.94	85.107
787.13	85.608
787.31	85.380
787.50	85.270
787.68	85.235
787.87	85.423
788.06	85.339
788.24	84.646
788.43	85.957
788.62	84.939
788.80	85.637
788.99	84.997
789.17	85.552
789.36	85.339
789.55	85.237
789.73	84.621
789.92	85.308
790.10	85.102
790.29	85.593
790.48	85.864
790.66	85.296
790.85	85.204
791.03	85.590
791.22	84.857
791.41	85.094
791.59	86.289
791.78	85.406
791.96	85.211
792.15	85.004
792.34	84.863
792.52	84.827
792.71	85.192
792.89	85.446
793.08	85.372
793.27	85.563
793.45	85.057
793.64	85.235
793.82	85.657
794.01	85.055
794.19	85.679
794.38	85.731
794.57	85.548
794.75	85.299
794.94	85.607
795.12	85.359
795.31	85.316
795.49	85.615
795.68	85.627
795.86	85.312
796.05	84.993
796.24	85.900
796.42	85.766
796.61	85.184
796.79	85.227
796.98	85.783
797.16	85.634
797.35	85.767
797.53	85.452
797.72	85.180
797.90	85.200
798.09	85.562
798.27	85.255
798.46	85.204
798.65	85.289
798.83	85.305
799.02	85.012
799.20	85.405
799.39	85.551
799.57	85.394
799.76	85.593
799.94	85.608
800.13	85.010
800.31	86.051
800.50	85.427
800.68	85.969
800.87	85.398
801.05	85.797
801.24	85.118
801.42	85.269
801.61	85.807
801.79	85.496
801.98	85.887
802.16	85.874
802.35	85.563
802.53	84.883
802.72	85.492
802.90	85.520
803.09	85.003
803.27	84.821
803.46	85.758
803.64	85.281
803.83	85.561
804.01	84.941
804.20	86.270
804.38	85.112
804.56	85.472
804.75	85.281
804.93	85.711
805.12	85.296
805.30	85.649
805.49	85.310
805.67	85.381
805.86	85.465
806.04	85.880
806.23	84.888
806.41	85.747
806.59	85.998
806.78	85.601
806.96	85.342
807.15	85.363
807.33	85.530
807.52	85.529
807.70	85.803
807.89	85.495
808.07	85.713
808.25	84.915
808.44	85.905
808.62	85.605
808.81	85.716
808.99	85.503
809.18	85.877
809.36	85.245
809.54	85.423
809.73	85.420
809.91	85.500
810.10	85.185
810.28	85.428
810.47	85.593
810.65	85.394
810.83	85.476
811.02	85.580
811.20	85.795
811.39	85.203
811.57	85.729
811.75	86.004
811.94	85.436
812.12	85.875
812.31	85.089
812.49	85.519
812.67	85.765
812.86	85.172
813.04	85.259
813.23	86.485
813.41	85.375
813.59	85.788
813.78	85.705
813.96	85.657
814.14	85.556
814.33	85.551
814.51	85.457
814.70	85.693
814.88	85.262
815.06	86.026
815.25	85.735
815.43	85.496
815.61	85.518
815.80	84.986
815.98	85.721
816.16	85.902
816.35	85.371
816.53	85.255
816.72	85.793
816.90	85.680
817.08	85.413
817.27	85.486
817.45	86.018
817.63	85.044
817.82	85.314
818.00	85.710
818.18	85.373
818.37	85.813
818.55	85.886
818.73	86.133
818.92	85.466
819.10	85.834
819.28	86.423
819.47	86.080
819.65	85.450
819.83	86.522
820.02	86.025
820.20	85.426
820.38	86.029
820.57	85.951
820.75	85.911
820.93	86.010
821.11	85.711
821.30	85.686
821.48	85.518
821.66	85.922
821.85	85.893
822.03	85.232
822.21	86.031
822.40	85.943
822.58	85.737
822.76	86.112
822.94	85.526
823.13	85.375
823.31	85.745
823.49	86.297
823.68	85.732
823.86	85.261
824.04	85.163
824.22	86.279
824.41	85.685
824.59	85.671
824.77	85.185
824.96	85.674
825.14	85.951
825.32	85.963
825.50	86.246
825.69	85.378
825.87	85.251
826.05	85.500
826.23	85.915
826.42	85.682
826.60	85.858
826.78	85.953
826.96	85.542
827.15	85.782
827.33	85.248
827.51	85.569
827.69	86.145
827.88	85.988
828.06	85.729
828.24	85.862
828.42	85.406
828.61	85.566
828.79	85.499
828.97	85.652
829.15	85.586
829.34	85.691
829.52	85.830
829.70	85.900
829.88	85.781
830.06	85.917
830.25	85.669
830.43	85.478
830.61	84.938
830.79	85.373
830.97	84.662
831.16	86.055
831.34	85.897
831.52	86.122
831.70	85.036
831.89	85.497
832.07	85.583
832.25	86.329
832.43	85.562
832.61	86.744
832.80	85.936
832.98	86.016
833.16	86.153
833.34	86.050
833.52	86.026
833.70	85.791
833.89	85.993
834.07	85.316
834.25	85.968
834.43	85.905
834.61	85.782
834.80	85.496
834.98	85.743
835.16	86.648
835.34	85.333
835.52	85.408
835.70	85.981
835.89	86.172
836.07	85.898
836.25	86.321
836.43	85.516
836.61	85.811
836.79	85.471
836.97	85.722
837.16	85.768
837.34	86.027
837.52	85.566
837.70	85.651
837.88	85.277
838.06	85.567
838.24	85.658
838.43	85.816
838.61	86.765
838.79	85.819
838.97	86.944
839.15	85.826
839.33	86.678
839.51	86.219
839.70	86.127
839.88	86.190
840.06	85.577
840.24	85.919
840.42	85.716
840.60	85.656
840.78	85.664
840.96	85.926
841.14	85.534
841.33	86.008
841.51	85.140
841.69	85.930
841.87	86.481
842.05	86.639
842.23	85.572
842.41	86.156
842.59	86.063
842.77	86.361
842.95	85.451
843.14	86.331
843.32	85.853
843.50	86.340
843.68	86.910
843.86	86.697
844.04	86.098
844.22	86.150
844.40	86.427
844.58	85.696
844.76	85.547
844.94	86.074
845.12	85.919
845.30	86.491
845.49	86.326
845.67	86.360
845.85	85.440
846.03	86.760
846.21	86.059
846.39	86.478
846.57	86.820
846.75	85.611
846.93	85.750
847.11	85.946
847.29	86.905
847.47	86.437
847.65	86.294
847.83	85.994
848.01	86.248
848.19	85.604
848.37	85.671
848.55	86.767
848.73	86.913
848.91	87.080
849.09	85.911
849.27	86.683
849.46	85.529
849.64	85.392
849.82	85.563
850.00	85.194
850.18	85.891
850.36	86.172
850.54	85.108
850.72	85.827
850.90	85.768
851.08	85.850
851.26	86.040
851.44	86.110
851.62	85.577
851.80	86.450
851.98	85.878
852.16	86.766
852.34	86.006
852.52	86.018
852.70	85.783
852.88	85.633
853.06	86.113
853.24	85.923
853.42	86.321
853.60	85.605
853.78	86.334
853.96	85.807
854.14	86.174
854.31	86.321
854.49	86.064
854.67	86.496
854.85	85.283
855.03	86.194
855.21	85.534
855.39	85.531
855.57	86.122
855.75	86.822
855.93	86.592
856.11	85.812
856.29	86.753
856.47	85.280
856.65	86.447
856.83	86.599
857.01	85.882
857.19	86.038
857.37	86.412
857.55	86.187
857.73	85.696
857.91	85.893
858.09	86.269
858.26	85.800
858.44	86.140
858.62	86.521
858.80	86.291
858.98	86.372
859.16	86.312
859.34	86.590
859.52	86.655
859.70	86.613
859.88	85.390
860.06	86.638
860.24	86.233
860.42	85.764
860.59	86.263
860.77	86.361
860.95	86.170
861.13	86.264
861.31	86.566
861.49	85.806
861.67	85.752
861.85	86.397
862.03	85.682
862.21	86.723
862.38	85.913
862.56	86.703
862.74	86.602
862.92	87.001
863.10	86.282
863.28	86.217
863.46	86.013
863.64	85.757
863.82	86.493
863.99	85.990
864.17	85.746
864.35	85.885
864.53	86.442
864.71	85.803
864.89	86.233
865.07	86.810
865.24	86.640
865.42	86.836
865.60	85.837
865.78	85.930
865.96	86.573
866.14	86.761
866.32	85.889
866.49	86.830
866.67	86.304
866.85	86.954
867.03	86.332
867.21	86.956
867.39	86.022
867.56	86.531
867.74	86.419
867.92	86.922
868.10	86.466
868.28	87.033
868.46	86.997
868.63	87.100
868.81	86.397
868.99	85.623
869.17	86.067
869.35	86.501
869.53	86.934
869.70	85.796
869.88	86.806
870.06	85.709
870.24	86.566
870.42	85.978
870.59	85.672
870.77	86.063
870.95	85.926
871.13	85.503
871.31	86.628
871.48	86.074
871.66	86.706
871.84	86.463
872.02	86.962
872.20	86.064
872.37	85.979
872.55	86.188
872.73	86.010
872.91	85.709
873.08	86.682
873.26	86.467
873.44	86.418
873.62	86.886
873.80	86.553
873.97	86.705
874.15	85.933
874.33	86.340
874.51	86.206
874.68	86.220
874.86	85.759
875.04	86.661
875.22	85.658
875.39	86.226
875.57	86.250
875.75	86.552
875.93	86.063
876.10	85.788
876.28	87.093
876.46	86.588
876.64	86.421
876.81	87.096
876.99	86.440
877.17	86.229
877.35	85.901
877.52	86.852
877.70	86.210
877.88	86.491
878.06	86.802
878.23	86.121
878.41	86.513
878.59	86.804
878.76	86.338
878.94	86.137
879.12	86.459
879.30	86.483
879.47	87.508
879.65	87.118
879.83	86.421
880.00	86.104
880.18	86.627
880.36	86.098
880.53	86.574
880.71	85.706
880.89	86.296
881.07	86.082
881.24	86.373
881.42	86.650
881.60	86.113
881.77	86.188
881.95	86.381
882.13	86.777
882.30	86.506
882.48	86.506
882.66	86.536
882.83	86.428
883.01	86.765
883.19	87.385
883.36	85.961
883.54	85.572
883.72	87.063
883.89	86.709
884.07	85.936
884.25	86.261
884.42	86.363
884.60	86.555
884.78	85.820
884.95	85.853
885.13	86.551
885.31	86.896
885.48	86.371
885.66	86.680
885.84	87.238
886.01	86.000
886.19	87.008
886.36	86.668
886.54	86.474
886.72	85.828
886.89	86.529
887.07	86.692
887.25	87.096
887.42	86.898
887.60	87.788
887.78	86.169
887.95	86.154
888.13	86.786
888.30	86.707
888.48	86.825
888.66	86.088
888.83	87.359
889.01	86.283
889.18	86.370
889.36	85.771
889.54	85.353
889.71	87.390
889.89	86.719
890.06	86.835
890.24	86.290
890.42	86.707
890.59	87.030
890.77	87.233
890.94	86.935
891.12	87.229
891.30	86.528
891.47	86.575
891.65	86.372
891.82	86.330
892.00	85.673
892.17	86.614
892.35	86.214
892.53	86.791
892.70	85.725
892.88	87.190
893.05	86.497
893.23	87.062
893.40	87.408
893.58	86.605
893.75	88.127
893.93	86.880
894.11	86.917
894.28	86.498
894.46	86.986
894.63	86.828
894.81	86.190
894.98	86.889
895.16	86.631
895.33	86.542
895.51	86.326
895.68	86.428
895.86	87.391
896.04	86.528
896.21	86.382
896.39	86.850
896.56	86.483
896.74	85.413
896.91	87.425
897.09	86.777
897.26	86.674
897.44	86.352
897.61	86.148
897.79	86.411
897.96	86.257
898.14	86.188
898.31	86.277
898.49	86.393
898.66	87.795
898.84	86.139
899.01	86.720
899.19	87.343
899.36	86.383
899.54	86.515
899.71	86.520
899.89	85.971
900.06	86.769
900.24	86.522
900.41	85.958
900.59	87.504
900.76	86.443
900.94	86.150
901.11	86.585
901.29	86.788
901.46	87.016
901.63	86.265
901.81	86.912
901.98	87.317
902.16	85.895
902.33	86.603
902.51	86.398
902.68	86.375
902.86	86.866
903.03	86.642
903.21	86.518
903.38	86.372
903.56	86.865
903.73	87.713
903.90	86.963
904.08	86.992
904.25	86.763
904.43	86.592
904.60	86.372
904.78	87.529
904.95	86.760
905.12	86.551
905.30	87.264
905.47	87.208
905.65	86.776
905.82	86.443
906.00	85.985
906.17	86.171
906.34	86.484
906.52	86.896
906.69	87.125
906.87	87.176
907.04	85.858
907.21	87.097
907.39	87.155
907.56	86.973
907.74	87.053
907.91	84.727
908.08	85.661
908.26	87.153
908.43	86.483
908.61	86.547
908.78	86.671
908.95	86.437
909.13	87.071
909.30	87.314
909.48	85.426
909.65	86.383
909.82	87.153
910.00	86.521
910.17	86.553
910.34	87.072
910.52	86.251
910.69	87.208
910.87	86.857
911.04	86.657
911.21	87.294
911.39	86.612
911.56	86.277
911.73	86.415
911.91	86.819
912.08	86.507
912.25	87.021
912.43	86.624
912.60	86.863
912.77	87.035
912.95	87.450
913.12	87.053
913.29	87.873
913.47	87.161
913.64	87.617
913.81	86.599
913.99	85.905
914.16	87.108
914.33	85.972
914.51	87.908
914.68	87.168
914.85	85.737
915.03	87.307
915.20	86.787
915.37	86.999
915.55	87.313
915.72	85.986
915.89	86.705
916.07	85.663
916.24	86.150
916.41	86.059
916.59	86.648
916.76	86.577
916.93	86.695
917.10	86.435
917.28	86.363
917.45	87.176
917.62	86.713
917.80	87.338
917.97	87.220
918.14	87.361
918.31	86.826
918.49	86.085
918.66	86.368
918.83	86.863
919.01	86.323
919.18	87.320
919.35	86.199
919.52	87.121
919.70	86.284
919.87	86.566
920.04	87.239
920.21	86.547
920.39	87.089
920.56	86.640
920.73	86.891
920.90	86.722
921.08	87.269
921.25	86.626
921.42	86.545
921.59	86.742
921.77	86.786
921.94	86.066
922.11	86.946
922.28	86.646
922.46	87.521
922.63	86.822
922.80	87.237
922.97	87.373
923.15	86.279
923.32	86.677
923.49	86.841
923.66	86.436
923.83	86.754
924.01	86.412
924.18	87.446
924.35	86.962
924.52	86.987
924.69	86.429
924.87	86.296
925.04	87.358
925.21	86.554
925.38	86.215
925.55	87.523
925.73	87.784
925.90	86.957
926.07	86.553
926.24	87.323
926.41	86.781
926.59	87.206
926.76	86.346
926.93	87.421
927.10	87.541
927.27	87.691
927.45	86.609
927.62	87.088
927.79	87.935
927.96	86.391
928.13	88.064
928.30	86.868
928.48	88.073
928.65	87.935
928.82	86.923
928.99	87.450
929.16	87.240
929.33	86.556
929.50	86.528
929.68	87.236
929.85	87.113
930.02	86.071
930.19	86.673
930.36	87.095
930.53	87.421
930.70	86.805
930.88	87.166
931.05	88.376
931.22	88.937
931.39	87.833
931.56	87.258
931.73	88.475
931.90	88.249
932.08	87.614
932.25	88.161
932.42	88.592
932.59	86.968
932.76	88.134
932.93	87.323
933.10	87.286
933.27	87.350
933.44	87.005
933.62	85.586
933.79	87.627
933.96	87.779
934.13	86.960
934.30	87.203
934.47	87.381
934.64	88.261
934.81	90.009
934.98	86.679
935.15	88.374
935.32	87.000
935.50	87.464
935.67	88.281
935.84	87.744
936.01	86.162
936.18	87.214
936.35	87.196
936.52	87.967
936.69	87.773
936.86	90.074
937.03	88.200
937.20	89.119
937.37	89.149
937.54	86.839
937.71	88.778
937.89	86.775
938.06	88.372
938.23	88.142
938.40	87.835
938.57	89.318
938.74	87.338
938.91	89.574
939.08	87.920
939.25	88.000
939.42	87.894
939.59	90.196
939.76	86.569
939.93	90.932
940.10	88.305
940.27	88.975
940.44	90.154
940.61	89.389
940.78	87.202
940.95	87.371
941.12	89.251
941.29	90.534
941.46	88.915
941.63	89.250
941.80	88.973
941.97	89.352
942.14	88.064
942.31	88.231
942.48	87.627
942.65	86.929
942.82	89.225
942.99	88.365
943.16	90.477
943.33	90.424
943.50	88.760
943.67	90.033
943.84	92.060
944.01	89.157
944.18	89.945
944.35	87.453
944.52	86.760
944.69	88.470
944.86	90.697
945.03	88.094
945.20	89.007
945.37	89.898
945.54	89.184
945.71	85.691
945.88	88.331
946.05	91.767
946.22	89.498
946.39	85.260
946.56	90.141
946.73	90.067
946.90	88.296
947.07	88.178
947.23	90.137
947.40	89.328
947.57	89.619
947.74	88.681
947.91	90.630
948.08	89.423
948.25	87.650
948.42	84.586
948.59	86.563
948.76	88.733
948.93	88.046
949.10	88.085
949.27	88.280
949.44	92.174
949.60	90.096
949.77	86.353
949.94	86.707
950.11	86.059
950.28	89.442
950.45	90.426
950.62	88.977
950.79	87.574
950.96	88.695
951.13	88.225
951.30	86.662
951.46	88.370
951.63	86.641
951.80	88.846
951.97	89.059
952.14	90.034
952.31	88.306
952.48	89.614
952.65	90.119
952.81	87.838
952.98	90.316
953.15	90.230
953.32	84.925
953.49	87.178
953.66	88.562
953.83	88.308
954.00	87.043
954.16	89.461
954.33	87.379
954.50	85.827
954.67	87.681
954.84	87.332
955.01	88.712
955.18	85.786
955.34	88.523
955.51	89.040
955.68	88.443
955.85	85.203
956.02	88.631
956.19	87.682
956.35	89.374
956.52	87.801
956.69	87.397
956.86	87.577
957.03	87.098
957.20	88.097
957.36	87.744
957.53	88.504
957.70	87.084
957.87	88.413
958.04	86.901
958.21	85.628
958.37	85.998
958.54	86.970
958.71	85.903
958.88	86.759
959.05	87.001
959.21	87.577
959.38	86.530
959.55	86.784
959.72	86.874
959.89	86.973
960.05	84.500
960.22	85.604
960.39	86.575
960.56	85.605
960.72	85.549
960.89	85.543
961.06	86.438
961.23	84.854
961.40	87.546
961.56	87.442
961.73	86.381
961.90	87.069
962.07	87.593
962.23	88.532
962.40	88.014
962.57	88.269
962.74	86.704
962.90	86.020
963.07	86.147
963.24	89.202
963.41	86.246
963.57	87.449
963.74	86.951
963.91	86.273
964.08	86.951
964.24	85.810
964.41	87.548
964.58	88.100
964.75	86.201
964.91	88.287
965.08	85.645
965.25	86.980
965.42	87.424
965.58	87.966
965.75	87.345
965.92	85.054
966.08	87.206
966.25	88.068
966.42	85.280
966.59	85.996
966.75	88.759
966.92	86.175
967.09	85.607
967.25	87.377
967.42	87.370
967.59	87.059
967.75	90.280
967.92	87.701
968.09	86.483
968.26	87.226
968.42	88.068
968.59	87.486
968.76	86.801
968.92	86.892
969.09	87.238
969.26	85.410
969.42	86.434
969.59	86.829
969.76	85.790
969.92	87.139
970.09	88.181
970.26	85.891
970.42	86.392
970.59	86.110
970.76	87.720
970.92	89.290
971.09	86.743
971.26	87.109
971.42	88.161
971.59	88.871
971.76	86.846
971.92	88.323
972.09	85.959
972.25	86.426
972.42	87.586
972.59	86.031
972.75	86.955
972.92	85.704
973.09	86.705
973.25	87.508
973.42	86.688
973.58	87.944
973.75	86.131
973.92	86.081
974.08	86.077
974.25	86.663
974.42	85.164
974.58	87.398
974.75	87.790
974.91	86.651
975.08	85.763
975.25	86.436
975.41	90.152
975.58	87.321
975.74	87.445
975.91	85.629
976.08	86.973
976.24	88.122
976.41	87.867
976.57	85.236
976.74	85.795
976.91	86.602
977.07	88.068
977.24	87.795
977.40	87.787
977.57	87.562
977.73	85.801
977.90	85.870
978.07	86.706
978.23	86.387
978.40	87.161
978.56	87.595
978.73	86.815
978.89	86.829
979.06	87.121
979.22	86.437
979.39	86.909
979.56	87.045
979.72	85.905
979.89	89.134
980.05	88.386
980.22	86.399
980.38	86.840
980.55	88.565
980.71	86.251
980.88	86.542
981.04	86.949
981.21	88.564
981.37	89.543
981.54	88.215
981.70	87.527
981.87	86.690
982.04	85.447
982.20	88.616
982.37	89.539
982.53	87.322
982.70	86.459
982.86	87.028
983.03	89.221
983.19	87.708
983.36	83.695
983.52	87.329
983.69	83.772
983.85	89.091
984.02	89.229
984.18	88.019
984.35	86.800
984.51	89.340
984.68	84.563
984.84	88.394
985.00	87.621
985.17	89.185
985.33	89.959
985.50	87.211
985.66	84.669
985.83	85.542
985.99	87.913
986.16	87.370
986.32	88.211
986.49	88.249
986.65	88.465
986.82	87.225
986.98	88.041
987.15	86.214
987.31	88.791
987.47	89.300
987.64	90.789
987.80	87.069
987.97	88.514
988.13	88.472
988.30	86.864
988.46	88.429
988.63	88.047
988.79	89.042
988.95	86.408
989.12	87.561
989.28	88.077
989.45	90.451
989.61	91.119
989.77	87.952
989.94	92.296
990.10	90.083
990.27	86.708
990.43	89.431
990.60	87.293
990.76	87.095
990.92	87.015
991.09	89.052
991.25	89.320
991.42	88.836
991.58	89.982
991.74	90.867
991.91	90.215
992.07	87.930
992.24	87.911
992.40	87.013
992.56	85.699
992.73	89.849
992.89	87.605
993.05	88.178
993.22	86.258
993.38	89.000
993.55	88.728
993.71	89.821
993.87	87.339
994.04	88.384
994.20	87.413
994.36	88.442
994.53	88.046
994.69	87.408
994.85	90.127
995.02	86.828
995.18	90.721
995.34	88.178
995.51	86.882
995.67	88.546
995.84	87.072
996.00	87.802
996.16	88.938
996.33	90.192
996.49	89.024
996.65	90.918
996.82	90.494
996.98	88.213
997.14	89.905
997.31	88.205
997.47	89.318
997.63	88.944
997.79	86.300
997.96	88.335
998.12	87.932
998.28	89.331
998.45	91.332
998.61	88.054
998.77	90.670
998.94	88.610
999.10	87.239
999.26	88.838
999.43	86.804
999.59	89.069
999.75	89.180
999.91	89.886
1000.08	87.902
1000.24	88.848
1000.40	90.476
1000.57	88.266
1000.73	87.972
1000.89	87.568
1001.05	88.163
1001.22	89.754
1001.38	87.268
1001.54	90.671
1001.70	91.817
1001.87	89.986
1002.03	93.240
1002.19	88.806
1002.35	86.384
1002.52	88.915
1002.68	90.229
1002.84	89.055
1003.00	87.568
1003.17	89.647
1003.33	87.017
1003.49	84.872
1003.65	89.167
1003.82	91.744
1003.98	91.015
1004.14	90.548
1004.30	90.725
1004.47	90.404
1004.63	87.783
1004.79	89.421
1004.95	86.732
1005.11	90.321
1005.28	89.872
1005.44	88.609
1005.60	91.742
1005.76	87.002
1005.93	92.665
1006.09	90.643
1006.25	90.390
1006.41	95.044
1006.57	95.282
1006.74	92.064
1006.90	88.337
1007.06	90.410
1007.22	87.928
1007.38	88.432
1007.55	87.170
1007.71	87.429
1007.87	92.465
1008.03	94.100
1008.19	92.169
1008.35	88.589
1008.52	91.604
1008.68	90.766
1008.84	87.383
1009.00	93.940
1009.16	93.855
1009.32	94.789
1009.49	92.963
1009.65	86.502
1009.81	92.226
1009.97	89.163
1010.13	89.859
1010.29	88.526
1010.46	93.498
1010.62	89.598
1010.78	91.144
1010.94	90.129
1011.10	88.000
1011.26	93.906
1011.42	91.401
1011.59	92.262
1011.75	90.960
1011.91	90.547
1012.07	94.416
1012.23	93.019
1012.39	89.300
1012.55	90.368
1012.71	86.496
1012.88	91.624
1013.04	90.953
1013.20	90.516
1013.36	89.448
1013.52	89.463
1013.68	89.302
1013.84	90.468
1014.00	92.708
1014.16	92.424
1014.33	88.418
1014.49	93.134
1014.65	89.470
1014.81	88.815
1014.97	87.830
1015.13	93.008
1015.29	93.559
1015.45	92.701
1015.61	88.873
1015.77	84.506
1015.93	93.865
1016.09	87.680
1016.26	89.964
1016.42	93.561
1016.58	85.441
1016.74	93.355
1016.90	89.747
1017.06	95.762
1017.22	90.061
1017.38	89.122
1017.54	95.253
1017.70	94.703
1017.86	97.316
1018.02	92.408
1018.18	92.483
1018.34	89.320
1018.50	88.695
1018.66	90.240
1018.82	89.654
1018.98	88.993
1019.14	93.119
1019.31	93.018
1019.47	92.930
1019.63	88.075
1019.79	87.253
1019.95	88.713
1020.11	92.756
1020.27	93.154
1020.43	91.604
1020.59	97.702
1020.75	92.854
1020.91	94.491
1021.07	91.195
1021.23	89.549
1021.39	91.496
1021.55	89.413
1021.71	90.905
1021.87	99.077
1022.03	91.401
1022.19	94.096
1022.35	93.905
1022.51	110.767
1022.67	94.032
1022.83	99.125
1022.99	97.481
1023.15	91.708
1023.31	91.495
1023.47	92.576
1023.63	89.893
1023.79	93.595
1023.95	96.234
1024.10	98.147
1024.26	92.278
1024.42	89.576
1024.58	95.813
1024.74	90.723
1024.90	93.385
1025.06	92.227
1025.22	91.109
1025.38	89.035
1025.54	91.195
1025.70	98.778
1025.86	97.300
1026.02	89.762
1026.18	88.837
1026.34	92.987
1026.50	96.862
1026.66	89.084
1026.82	86.804
1026.98	92.764
1027.13	98.331
1027.29	94.931
1027.45	99.875
1027.61	88.011
1027.77	97.800
1027.93	92.725
1028.09	89.566
1028.25	95.833
1028.41	86.565
1028.57	93.939
1028.73	92.308
1028.88	97.504
1029.04	98.079
1029.20	95.680
1029.36	100.321
1029.52	95.876
1029.68	100.192
1029.84	98.995
1030.00	103.514
1030.16	92.058
1030.32	103.458
1030.47	96.466
1030.63	93.872
1030.79	97.983
1030.95	93.922
1031.11	101.744
1031.27	91.196
1031.43	92.919
1031.59	94.130
1031.74	94.835
1031.90	97.054
1032.06	103.157
1032.22	92.181
1032.38	90.158
1032.54	98.701
1032.69	97.530
1032.85	96.684
1033.01	86.217
1033.17	94.658
1033.33	88.136
1033.49	93.808
1033.65	98.872
1033.80	91.342
1033.96	89.647
1034.12	99.700
1034.28	104.087
1034.44	89.384
1034.60	96.766
1034.75	95.296
1034.91	104.522
1035.07	87.744
1035.23	102.082
1035.39	100.827
1035.54	100.458
1035.70	91.206
1035.86	101.016
1036.02	100.513
1036.18	92.851
1036.33	94.228
1036.49	105.953
1036.65	90.169
1036.81	81.266
1036.97	103.770
1037.12	102.371
1037.28	97.344
1037.44	100.444
1037.60	102.806
1037.76	103.235
1037.91	97.609
1038.07	95.412
1038.23	93.452
1038.39	101.670
1038.54	93.694
1038.70	103.125
1038.86	95.032
1039.02	93.157
1039.17	107.066
1039.33	99.794
1039.49	111.344
1039.65	100.521
1039.80	92.692
1039.96	101.396
1040.12	106.519
1040.28	95.252
>>>>> Data<<<<< Espectral Procesado Extremo
