Fichero De Datos De SpectraSuite
++++++++++++++++++++++++++++++++++++
Fecha: Wed Jul 15 10:56:50 CST 2026
Usuario: HP
Presente Oscuro Del Espectro: Sí
La Referencia de Presente Del Espectro De: Sí
Muestreados de los componentes de Número de espectros: 1
Espectrómetros: USB4H06056
Tiempo de integración (usec): 300000 (USB4H06056)
Promedio de Espectros Hechos un: 5 (USB4H06056)
El Alisar Del Furgón: 0 (USB4H06056)
Párrafo de de Corregir del la del del de Eléctrica del obscuridad: No (USB4H06056)
Estrobo/Lámpara Permitido: No (USB4H06056)
Correct for Detector Non-linearity: No (USB4H06056)
Párrafo de de Corregir del la del del de Externa del luz: No (USB4H06056)
Procesado del espectro de Número de pixeles en: 3648
>>>>> Comienza Data<<<<< Espectral Procesado Del EL
345.09	56.250
345.30	56.250
345.52	56.250
345.74	80.000
345.95	-62.963
346.17	-16.667
346.39	10.000
346.60	256.757
346.82	135.065
347.04	139.063
347.25	90.909
347.47	-34.737
347.69	-106.122
347.90	-100.000
348.12	733.333
348.34	-192.105
348.56	-26.984
348.77	-845.455
348.99	68.421
349.21	63.285
349.42	37.037
349.64	50.000
349.86	30.939
350.07	102.778
350.29	31.481
350.51	68.478
350.72	-35.000
350.94	87.234
351.16	55.039
351.37	50.000
351.59	45.390
351.81	63.030
352.02	14.085
352.24	68.868
352.46	-30.864
352.67	39.634
352.89	55.000
353.10	100.000
353.32	-21.429
353.54	140.323
353.75	-69.892
353.97	680.000
354.19	66.667
354.40	79.710
354.62	34.483
354.84	34.634
355.05	36.054
355.27	18.889
355.49	19.355
355.70	113.043
355.92	40.244
356.14	56.701
356.35	209.836
356.57	50.857
356.78	51.101
357.00	61.062
357.22	-30.000
357.43	83.333
357.65	70.968
357.87	22.543
358.08	95.000
358.30	38.384
358.51	250.980
358.73	107.692
358.95	61.340
359.16	114.667
359.38	37.500
359.60	66.111
359.81	-24.390
360.03	9.565
360.24	58.447
360.46	90.370
360.68	137.398
360.89	56.250
361.11	46.296
361.33	67.284
361.54	134.426
361.76	36.066
361.97	72.632
362.19	59.009
362.41	58.182
362.62	73.148
362.84	29.851
363.05	54.508
363.27	-32.941
363.49	184.444
363.70	91.111
363.92	189.855
364.13	38.129
364.35	45.763
364.57	115.789
364.78	-22.901
365.00	55.307
365.21	66.667
365.43	37.500
365.65	68.718
365.86	48.085
366.08	21.905
366.29	-7.092
366.51	47.451
366.73	84.722
366.94	33.721
367.16	15.500
367.37	48.387
367.59	135.780
367.80	-650.000
368.02	60.976
368.24	107.385
368.45	60.088
368.67	97.209
368.88	-29.412
369.10	90.123
369.31	13.270
369.53	152.381
369.75	29.064
369.96	77.352
370.18	31.169
370.39	45.794
370.61	45.349
370.82	115.957
371.04	72.694
371.26	94.828
371.47	30.435
371.69	75.362
371.90	-4.167
372.12	39.456
372.33	-2.128
372.55	47.093
372.76	81.203
372.98	28.319
373.20	42.564
373.41	55.725
373.63	105.000
373.84	85.294
374.06	78.700
374.27	83.486
374.49	35.926
374.70	-15.741
374.92	60.488
375.13	105.298
375.35	42.778
375.57	57.519
375.78	115.385
376.00	136.082
376.21	139.474
376.43	43.567
376.64	14.506
376.86	2.970
377.07	55.556
377.29	26.786
377.50	50.242
377.72	44.571
377.93	35.385
378.15	42.322
378.36	96.386
378.58	93.750
378.80	40.977
379.01	38.333
379.23	36.246
379.44	20.779
379.66	111.877
379.87	52.299
380.09	19.549
380.30	88.936
380.52	61.404
380.73	154.286
380.95	82.971
381.16	64.467
381.38	80.412
381.59	115.000
381.81	34.104
382.02	23.556
382.24	49.306
382.45	54.647
382.67	68.333
382.88	72.539
383.10	75.585
383.31	51.908
383.53	89.895
383.74	89.474
383.96	19.831
384.17	106.145
384.39	40.659
384.60	37.931
384.82	66.435
385.03	96.682
385.25	48.466
385.46	156.442
385.68	49.544
385.89	30.556
386.11	59.843
386.32	52.652
386.54	85.027
386.75	25.616
386.97	124.878
387.18	40.264
387.40	0.943
387.61	63.985
387.83	71.186
388.04	63.600
388.25	61.775
388.47	28.205
388.68	267.949
388.90	55.078
389.11	58.305
389.33	49.622
389.54	78.992
389.76	121.111
389.97	70.915
390.19	47.489
390.40	77.966
390.62	44.788
390.83	88.550
391.05	64.012
391.26	60.268
391.47	74.725
391.69	45.767
391.90	58.120
392.12	85.664
392.33	89.130
392.55	72.524
392.76	82.392
392.98	83.667
393.19	86.111
393.41	90.214
393.62	77.124
393.83	96.562
394.05	68.046
394.26	63.136
394.48	39.151
394.69	60.839
394.91	107.407
395.12	75.534
395.34	40.187
395.55	59.434
395.76	65.300
395.98	65.018
396.19	59.491
396.41	97.486
396.62	80.625
396.84	90.559
397.05	36.646
397.26	72.383
397.48	58.085
397.69	57.788
397.91	79.612
398.12	52.695
398.33	34.597
398.55	43.095
398.76	47.039
398.98	29.123
399.19	72.332
399.41	72.237
399.62	58.596
399.83	76.203
400.05	35.831
400.26	25.344
400.48	47.092
400.69	68.943
400.90	67.949
401.12	49.333
401.33	83.463
401.55	50.348
401.76	52.135
401.97	46.894
402.19	41.935
402.40	85.934
402.62	67.187
402.83	50.877
403.04	40.501
403.26	54.265
403.47	66.253
403.69	50.572
403.90	67.164
404.11	48.900
404.33	71.429
404.54	38.403
404.76	65.000
404.97	54.428
405.18	56.540
405.40	76.183
405.61	38.956
405.83	66.462
406.04	32.579
406.25	46.214
406.47	49.464
406.68	52.532
406.89	43.040
407.11	47.774
407.32	44.603
407.54	50.715
407.75	74.476
407.96	56.346
408.18	37.246
408.39	47.633
408.60	46.859
408.82	55.919
409.03	56.196
409.24	42.164
409.46	47.686
409.67	55.497
409.89	40.000
410.10	57.941
410.31	48.794
410.53	45.466
410.74	40.563
410.95	53.871
411.17	47.577
411.38	56.437
411.59	44.214
411.81	47.390
412.02	42.899
412.23	49.675
412.45	42.186
412.66	40.460
412.87	39.115
413.09	43.011
413.30	36.485
413.51	31.673
413.73	37.572
413.94	48.561
414.15	45.390
414.37	40.719
414.58	31.444
414.79	29.072
415.01	44.803
415.22	42.030
415.43	33.464
415.65	37.715
415.86	36.528
416.07	36.693
416.29	37.795
416.50	22.433
416.71	30.096
416.93	34.956
417.14	39.258
417.35	29.055
417.57	35.336
417.78	31.587
417.99	33.628
418.21	28.320
418.42	34.351
418.63	21.776
418.85	-86.137
419.06	24.920
419.27	26.316
419.48	26.084
419.70	30.559
419.91	22.136
420.12	26.128
420.34	28.197
420.55	23.448
420.76	27.973
420.98	25.152
421.19	24.291
421.40	21.476
421.61	25.458
421.83	23.560
422.04	24.952
422.25	22.631
422.47	21.844
422.68	26.580
422.89	21.108
423.11	20.448
423.32	23.672
423.53	22.639
423.74	18.925
423.96	23.156
424.17	22.500
424.38	20.100
424.59	17.305
424.81	19.081
425.02	19.119
425.23	20.468
425.45	20.316
425.66	16.259
425.87	19.463
426.08	19.916
426.30	19.488
426.51	17.212
426.72	15.564
426.93	16.724
427.15	16.846
427.36	17.232
427.57	17.901
427.79	20.309
428.00	17.086
428.21	48.423
428.42	17.352
428.64	17.390
428.85	17.636
429.06	15.665
429.27	17.517
429.49	17.081
429.70	16.297
429.91	14.922
430.12	20.273
430.34	15.596
430.55	17.309
430.76	16.004
430.97	16.173
431.19	18.284
431.40	17.026
431.61	17.205
431.82	14.838
432.03	17.671
432.25	15.104
432.46	17.774
432.67	13.756
432.88	16.064
433.10	16.427
433.31	18.591
433.52	19.462
433.73	16.127
433.95	16.183
434.16	18.805
434.37	15.019
434.58	14.505
434.79	15.334
435.01	13.957
435.22	17.713
435.43	14.543
435.64	13.830
435.86	17.925
436.07	15.659
436.28	13.130
436.49	13.724
436.70	15.627
436.92	13.062
437.13	15.657
437.34	15.662
437.55	14.413
437.76	16.013
437.98	17.988
438.19	16.142
438.40	15.860
438.61	14.017
438.82	15.941
439.04	15.931
439.25	15.466
439.46	18.934
439.67	17.059
439.88	14.022
440.10	15.767
440.31	16.060
440.52	16.390
440.73	15.246
440.94	16.510
441.16	15.134
441.37	14.419
441.58	14.669
441.79	14.474
442.00	16.398
442.21	14.478
442.43	16.228
442.64	14.998
442.85	15.322
443.06	14.453
443.27	15.881
443.48	16.470
443.70	16.479
443.91	14.565
444.12	14.131
444.33	15.235
444.54	14.998
444.75	16.444
444.97	15.677
445.18	15.590
445.39	14.952
445.60	13.014
445.81	14.871
446.02	16.982
446.24	17.153
446.45	14.762
446.66	14.575
446.87	16.640
447.08	16.222
447.29	14.828
447.51	14.946
447.72	15.900
447.93	15.819
448.14	15.392
448.35	14.834
448.56	14.916
448.77	15.535
448.99	14.411
449.20	14.668
449.41	15.540
449.62	16.016
449.83	14.581
450.04	16.871
450.25	14.463
450.46	13.503
450.68	15.365
450.89	14.778
451.10	16.260
451.31	14.718
451.52	14.875
451.73	14.142
451.94	13.349
452.15	16.075
452.37	14.784
452.58	15.118
452.79	16.034
453.00	16.320
453.21	14.883
453.42	15.523
453.63	14.341
453.84	15.826
454.06	15.369
454.27	17.676
454.48	17.815
454.69	15.345
454.90	15.036
455.11	15.028
455.32	15.189
455.53	16.259
455.74	14.995
455.95	17.622
456.17	16.050
456.38	15.400
456.59	15.905
456.80	16.778
457.01	15.822
457.22	15.540
457.43	16.501
457.64	15.418
457.85	15.774
458.06	15.120
458.27	16.140
458.49	14.616
458.70	16.471
458.91	16.347
459.12	17.766
459.33	15.997
459.54	17.761
459.75	16.063
459.96	15.966
460.17	15.762
460.38	15.787
460.59	16.182
460.80	16.056
461.01	14.880
461.23	16.904
461.44	16.246
461.65	14.459
461.86	16.776
462.07	16.042
462.28	17.490
462.49	15.934
462.70	16.646
462.91	16.749
463.12	16.923
463.33	17.162
463.54	15.548
463.75	15.950
463.96	17.006
464.17	16.708
464.38	15.640
464.59	16.644
464.81	14.538
465.02	16.020
465.23	16.623
465.44	16.269
465.65	15.635
465.86	16.247
466.07	15.826
466.28	16.023
466.49	17.084
466.70	16.080
466.91	16.773
467.12	17.488
467.33	16.584
467.54	16.688
467.75	16.686
467.96	16.204
468.17	16.776
468.38	16.164
468.59	15.047
468.80	16.614
469.01	15.614
469.22	15.433
469.43	16.456
469.64	16.750
469.85	16.592
470.06	16.604
470.27	16.598
470.48	17.187
470.69	15.659
470.90	15.417
471.11	16.482
471.32	16.155
471.53	16.247
471.74	16.681
471.95	16.091
472.16	16.539
472.37	16.363
472.58	16.281
472.79	16.180
473.00	15.375
473.21	16.375
473.42	16.159
473.63	16.097
473.84	16.486
474.05	15.767
474.26	16.276
474.47	15.904
474.68	15.766
474.89	17.354
475.10	16.182
475.31	16.237
475.52	16.299
475.73	15.870
475.94	16.024
476.15	16.550
476.36	15.812
476.57	15.585
476.78	16.688
476.99	16.658
477.20	16.574
477.41	16.017
477.62	17.260
477.83	15.091
478.04	16.863
478.25	15.619
478.46	15.354
478.67	16.149
478.88	15.417
479.09	16.174
479.30	15.424
479.51	15.668
479.72	16.901
479.93	16.360
480.14	15.545
480.35	17.305
480.56	17.259
480.77	15.825
480.98	15.534
481.18	15.606
481.39	16.135
481.60	16.339
481.81	16.136
482.02	16.696
482.23	16.772
482.44	15.813
482.65	15.483
482.86	15.879
483.07	16.342
483.28	15.827
483.49	16.505
483.70	16.443
483.91	16.530
484.12	16.444
484.33	15.657
484.53	15.798
484.74	16.133
484.95	16.328
485.16	16.319
485.37	16.167
485.58	16.566
485.79	16.360
486.00	15.988
486.21	16.488
486.42	15.913
486.63	16.699
486.84	16.861
487.05	16.396
487.25	15.788
487.46	16.145
487.67	15.943
487.88	16.940
488.09	16.581
488.30	16.139
488.51	10.455
488.72	16.615
488.93	16.770
489.14	16.553
489.35	16.047
489.55	16.098
489.76	16.065
489.97	17.029
490.18	16.180
490.39	16.292
490.60	16.202
490.81	16.944
491.02	16.533
491.23	16.392
491.43	16.110
491.64	17.115
491.85	16.661
492.06	16.669
492.27	15.830
492.48	15.984
492.69	17.130
492.90	16.429
493.11	16.253
493.31	16.507
493.52	16.683
493.73	16.351
493.94	16.571
494.15	16.731
494.36	16.388
494.57	16.601
494.78	16.898
494.98	16.616
495.19	16.568
495.40	16.797
495.61	16.878
495.82	16.635
496.03	16.658
496.24	16.377
496.44	16.300
496.65	16.734
496.86	16.524
497.07	16.436
497.28	16.332
497.49	16.808
497.70	16.911
497.90	16.538
498.11	16.409
498.32	16.466
498.53	16.813
498.74	16.454
498.95	16.550
499.15	16.626
499.36	16.687
499.57	16.916
499.78	16.864
499.99	16.778
500.20	16.512
500.40	16.239
500.61	16.862
500.82	17.052
501.03	16.605
501.24	16.185
501.45	16.803
501.65	17.157
501.86	16.262
502.07	16.663
502.28	16.752
502.49	16.724
502.70	16.761
502.90	16.633
503.11	16.604
503.32	16.816
503.53	16.918
503.74	16.634
503.94	16.962
504.15	16.980
504.36	16.548
504.57	16.538
504.78	16.919
504.98	16.798
505.19	16.680
505.40	16.718
505.61	16.962
505.82	16.749
506.02	17.204
506.23	16.876
506.44	16.828
506.65	16.843
506.86	17.044
507.06	16.779
507.27	16.655
507.48	16.494
507.69	17.147
507.90	17.283
508.10	16.979
508.31	16.920
508.52	16.428
508.73	16.903
508.94	16.529
509.14	16.727
509.35	17.065
509.56	17.179
509.77	17.162
509.97	17.067
510.18	17.224
510.39	17.136
510.60	17.172
510.80	17.040
511.01	17.174
511.22	17.227
511.43	17.281
511.64	17.010
511.84	17.032
512.05	17.140
512.26	17.079
512.47	17.781
512.67	16.919
512.88	17.355
513.09	17.234
513.30	17.668
513.50	17.391
513.71	17.212
513.92	17.368
514.13	17.236
514.33	17.473
514.54	17.369
514.75	17.410
514.96	17.562
515.16	17.381
515.37	17.488
515.58	17.906
515.78	17.240
515.99	17.695
516.20	17.582
516.41	17.778
516.61	17.619
516.82	17.961
517.03	17.814
517.24	17.652
517.44	17.501
517.65	17.981
517.86	17.830
518.07	17.975
518.27	17.897
518.48	18.112
518.69	17.838
518.89	18.095
519.10	18.194
519.31	17.907
519.52	17.964
519.72	18.608
519.93	18.106
520.14	18.424
520.34	18.745
520.55	18.291
520.76	18.393
520.96	18.340
521.17	18.187
521.38	18.758
521.59	18.617
521.79	18.562
522.00	18.746
522.21	18.704
522.41	19.073
522.62	18.804
522.83	18.876
523.03	18.837
523.24	19.022
523.45	18.610
523.66	19.043
523.86	19.392
524.07	19.834
524.28	19.782
524.48	19.109
524.69	19.695
524.90	19.723
525.10	19.120
525.31	19.461
525.52	19.341
525.72	19.193
525.93	19.967
526.14	19.248
526.34	19.806
526.55	19.684
526.76	20.093
526.96	19.726
527.17	19.811
527.38	19.990
527.58	20.002
527.79	20.122
528.00	20.298
528.20	19.915
528.41	20.282
528.62	20.689
528.82	20.743
529.03	20.469
529.24	20.914
529.44	20.951
529.65	20.752
529.85	20.760
530.06	20.837
530.27	20.929
530.47	21.036
530.68	21.138
530.89	21.002
531.09	21.250
531.30	21.057
531.51	20.919
531.71	21.269
531.92	20.987
532.13	21.363
532.33	21.779
532.54	21.126
532.74	21.225
532.95	21.470
533.16	21.669
533.36	21.545
533.57	21.298
533.78	21.554
533.98	21.863
534.19	21.523
534.39	21.924
534.60	22.068
534.81	21.719
535.01	21.867
535.22	21.765
535.42	22.285
535.63	21.911
535.84	22.039
536.04	21.745
536.25	21.951
536.45	22.193
536.66	22.284
536.87	22.163
537.07	21.749
537.28	22.414
537.48	22.456
537.69	22.075
537.90	22.677
538.10	21.768
538.31	22.108
538.51	22.492
538.72	22.668
538.93	22.468
539.13	22.514
539.34	22.483
539.54	22.452
539.75	22.195
539.96	22.613
540.16	22.297
540.37	22.640
540.57	22.702
540.78	22.368
540.98	22.889
541.19	22.996
541.40	23.001
541.60	22.635
541.81	22.419
542.01	22.862
542.22	22.669
542.42	22.659
542.63	22.495
542.83	22.694
543.04	22.633
543.25	22.738
543.45	22.451
543.66	22.696
543.86	22.523
544.07	22.986
544.27	22.870
544.48	22.731
544.68	22.506
544.89	22.709
545.10	22.824
545.30	22.856
545.51	22.881
545.71	22.601
545.92	22.817
546.12	22.674
546.33	22.787
546.53	22.902
546.74	22.960
546.94	22.653
547.15	22.738
547.36	23.212
547.56	22.983
547.77	22.851
547.97	22.901
548.18	23.118
548.38	23.469
548.59	22.841
548.79	22.983
549.00	23.070
549.20	22.881
549.41	22.852
549.61	23.021
549.82	23.353
550.02	22.783
550.23	22.795
550.43	22.867
550.64	23.069
550.84	23.029
551.05	22.834
551.25	22.929
551.46	22.951
551.66	23.050
551.87	22.801
552.07	22.975
552.28	22.849
552.48	23.377
552.69	23.350
552.89	23.049
553.10	22.841
553.30	23.219
553.51	23.338
553.71	22.808
553.92	22.931
554.12	23.004
554.33	23.150
554.53	23.149
554.74	23.126
554.94	23.313
555.15	23.155
555.35	22.912
555.56	23.181
555.76	23.173
555.97	23.086
556.17	23.236
556.38	23.112
556.58	23.147
556.78	23.069
556.99	23.408
557.19	23.064
557.40	23.197
557.60	23.083
557.81	23.400
558.01	23.300
558.22	22.955
558.42	23.198
558.63	23.170
558.83	23.119
559.04	23.045
559.24	23.237
559.44	23.217
559.65	23.144
559.85	22.952
560.06	22.941
560.26	22.903
560.47	23.270
560.67	25.628
560.88	23.173
561.08	22.960
561.28	22.810
561.49	22.849
561.69	22.682
561.90	23.121
562.10	22.956
562.31	22.919
562.51	22.870
562.71	22.800
562.92	23.063
563.12	22.911
563.33	22.535
563.53	23.012
563.74	22.765
563.94	22.623
564.14	23.037
564.35	22.614
564.55	22.506
564.76	22.534
564.96	22.614
565.17	22.417
565.37	22.497
565.57	22.280
565.78	22.633
565.98	22.557
566.19	22.217
566.39	22.550
566.59	22.431
566.80	21.960
567.00	22.161
567.21	22.294
567.41	22.555
567.61	22.207
567.82	22.115
568.02	22.354
568.23	21.942
568.43	22.146
568.63	21.788
568.84	21.954
569.04	22.021
569.24	21.646
569.45	21.617
569.65	21.860
569.86	21.500
570.06	21.686
570.26	21.421
570.47	21.264
570.67	21.779
570.87	21.586
571.08	21.579
571.28	21.615
571.49	21.013
571.69	21.149
571.89	21.066
572.10	21.244
572.30	21.124
572.50	21.157
572.71	21.104
572.91	20.957
573.11	21.254
573.32	21.219
573.52	21.191
573.73	20.987
573.93	20.965
574.13	21.081
574.34	20.808
574.54	20.742
574.74	20.819
574.95	20.677
575.15	20.670
575.35	20.604
575.56	20.397
575.76	20.445
575.96	20.318
576.17	20.342
576.37	20.512
576.57	20.533
576.78	20.337
576.98	20.486
577.18	20.275
577.39	20.224
577.59	20.145
577.79	20.148
578.00	20.567
578.20	20.089
578.40	19.805
578.61	20.294
578.81	20.310
579.01	19.624
579.22	19.759
579.42	19.942
579.62	19.931
579.82	20.037
580.03	19.720
580.23	19.936
580.43	19.658
580.64	19.486
580.84	19.856
581.04	19.455
581.25	19.903
581.45	19.732
581.65	19.489
581.86	19.666
582.06	19.582
582.26	19.616
582.46	19.733
582.67	19.626
582.87	19.415
583.07	19.236
583.28	19.346
583.48	19.592
583.68	19.362
583.88	19.312
584.09	19.266
584.29	19.273
584.49	19.242
584.70	18.991
584.90	18.997
585.10	19.253
585.30	19.101
585.51	19.031
585.71	18.922
585.91	19.083
586.11	19.291
586.32	19.126
586.52	19.364
586.72	19.062
586.92	19.068
587.13	18.893
587.33	19.115
587.53	19.171
587.74	19.017
587.94	18.814
588.14	18.747
588.34	19.256
588.55	19.022
588.75	18.804
588.95	19.162
589.15	18.914
589.36	18.836
589.56	18.700
589.76	18.884
589.96	18.633
590.16	18.881
590.37	18.739
590.57	18.719
590.77	18.803
590.97	18.693
591.18	18.698
591.38	18.699
591.58	18.817
591.78	18.662
591.99	18.636
592.19	18.757
592.39	18.714
592.59	18.745
592.79	18.547
593.00	18.511
593.20	18.578
593.40	18.316
593.60	18.293
593.81	18.230
594.01	18.767
594.21	18.298
594.41	18.450
594.61	18.435
594.82	18.395
595.02	18.475
595.22	18.474
595.42	18.524
595.62	18.269
595.83	18.548
596.03	18.474
596.23	18.413
596.43	18.327
596.63	18.039
596.84	18.492
597.04	18.634
597.24	18.372
597.44	18.570
597.64	18.201
597.84	18.385
598.05	18.379
598.25	18.708
598.45	18.342
598.65	18.339
598.85	18.271
599.06	18.458
599.26	18.040
599.46	18.253
599.66	18.306
599.86	18.180
600.06	18.198
600.27	18.046
600.47	18.448
600.67	18.196
600.87	18.018
601.07	18.117
601.27	18.229
601.48	18.459
601.68	18.343
601.88	18.249
602.08	18.452
602.28	18.429
602.48	18.183
602.68	18.302
602.89	18.500
603.09	18.156
603.29	18.349
603.49	17.805
603.69	18.023
603.89	18.211
604.09	18.190
604.30	18.090
604.50	18.293
604.70	18.024
604.90	18.030
605.10	18.182
605.30	18.108
605.50	18.123
605.71	18.009
605.91	18.363
606.11	18.380
606.31	18.333
606.51	17.902
606.71	18.083
606.91	18.044
607.11	18.185
607.32	18.160
607.52	18.107
607.72	17.967
607.92	17.995
608.12	18.268
608.32	18.151
608.52	18.189
608.72	17.947
608.92	18.151
609.12	18.204
609.33	18.205
609.53	18.101
609.73	17.849
609.93	18.108
610.13	18.151
610.33	17.964
610.53	18.318
610.73	17.814
610.93	17.737
611.13	17.970
611.34	18.199
611.54	18.201
611.74	17.797
611.94	17.921
612.14	17.978
612.34	18.112
612.54	17.909
612.74	17.925
612.94	17.886
613.14	17.900
613.34	17.957
613.54	18.070
613.74	17.638
613.95	17.951
614.15	17.862
614.35	17.878
614.55	17.926
614.75	17.764
614.95	17.824
615.15	17.856
615.35	17.685
615.55	17.965
615.75	17.833
615.95	18.114
616.15	17.502
616.35	17.867
616.55	17.592
616.75	17.857
616.95	17.970
617.15	17.726
617.35	17.903
617.56	17.662
617.76	17.864
617.96	17.472
618.16	18.011
618.36	17.899
618.56	17.723
618.76	17.849
618.96	17.920
619.16	17.851
619.36	17.700
619.56	17.522
619.76	17.462
619.96	17.660
620.16	17.715
620.36	17.699
620.56	17.774
620.76	17.598
620.96	17.573
621.16	17.442
621.36	17.672
621.56	17.625
621.76	17.458
621.96	17.475
622.16	17.337
622.36	17.674
622.56	17.508
622.76	17.745
622.96	17.402
623.16	17.505
623.36	17.453
623.56	17.549
623.76	17.477
623.96	17.507
624.16	17.378
624.36	17.425
624.56	17.753
624.76	17.368
624.96	17.519
625.16	17.131
625.36	17.452
625.56	17.863
625.76	17.679
625.96	17.373
626.16	17.267
626.36	17.628
626.56	17.526
626.76	17.400
626.96	17.219
627.16	17.540
627.36	17.790
627.56	17.532
627.76	17.418
627.96	17.512
628.16	17.418
628.36	17.504
628.56	17.471
628.75	17.476
628.95	17.749
629.15	17.422
629.35	17.661
629.55	17.334
629.75	17.475
629.95	17.483
630.15	17.348
630.35	17.492
630.55	17.643
630.75	17.546
630.95	17.261
631.15	17.489
631.35	17.217
631.55	17.289
631.75	17.385
631.95	17.349
632.15	17.409
632.34	17.467
632.54	17.705
632.74	17.484
632.94	17.644
633.14	17.601
633.34	17.468
633.54	17.603
633.74	17.336
633.94	17.463
634.14	17.225
634.34	17.535
634.54	17.502
634.74	17.060
634.93	17.469
635.13	17.178
635.33	17.499
635.53	17.353
635.73	17.224
635.93	17.756
636.13	17.305
636.33	17.371
636.53	17.452
636.73	17.174
636.93	17.210
637.12	17.525
637.32	17.298
637.52	17.565
637.72	17.327
637.92	17.188
638.12	17.110
638.32	17.399
638.52	17.319
638.72	17.208
638.91	17.191
639.11	17.319
639.31	17.041
639.51	17.221
639.71	17.056
639.91	17.254
640.11	17.117
640.31	17.133
640.50	16.995
640.70	17.279
640.90	17.283
641.10	16.990
641.30	16.985
641.50	17.108
641.70	17.170
641.89	17.173
642.09	16.965
642.29	17.230
642.49	17.017
642.69	17.358
642.89	16.946
643.09	17.150
643.28	17.354
643.48	17.129
643.68	16.888
643.88	17.019
644.08	16.966
644.28	16.881
644.48	16.998
644.67	16.957
644.87	16.839
645.07	16.986
645.27	16.981
645.47	16.759
645.67	17.263
645.86	16.820
646.06	16.945
646.26	16.929
646.46	16.676
646.66	16.824
646.85	16.548
647.05	16.868
647.25	16.883
647.45	16.762
647.65	16.788
647.85	16.957
648.04	17.090
648.24	16.984
648.44	16.741
648.64	16.813
648.84	16.760
649.03	16.891
649.23	16.681
649.43	16.924
649.63	16.857
649.83	16.896
650.02	16.609
650.22	16.760
650.42	16.705
650.62	16.787
650.82	16.780
651.01	16.789
651.21	16.726
651.41	16.557
651.61	16.532
651.81	16.751
652.00	16.706
652.20	16.678
652.40	16.551
652.60	16.685
652.79	16.635
652.99	16.709
653.19	16.880
653.39	16.546
653.59	16.811
653.78	16.602
653.98	16.556
654.18	16.595
654.38	16.565
654.57	16.731
654.77	16.659
654.97	16.645
655.17	16.589
655.36	16.743
655.56	16.538
655.76	16.691
655.96	16.741
656.15	16.664
656.35	16.659
656.55	16.413
656.75	16.579
656.94	16.706
657.14	16.590
657.34	16.629
657.54	16.614
657.73	16.649
657.93	16.464
658.13	16.681
658.33	16.389
658.52	16.801
658.72	15.137
658.92	16.564
659.11	16.739
659.31	16.638
659.51	16.558
659.71	16.563
659.90	16.512
660.10	16.644
660.30	16.630
660.50	16.678
660.69	16.589
660.89	16.585
661.09	16.626
661.28	16.572
661.48	16.625
661.68	16.551
661.87	16.532
662.07	16.572
662.27	16.716
662.47	16.554
662.66	16.528
662.86	16.781
663.06	16.599
663.25	16.462
663.45	16.739
663.65	16.338
663.84	16.449
664.04	16.519
664.24	16.494
664.44	16.470
664.63	16.768
664.83	16.482
665.03	16.533
665.22	16.792
665.42	16.632
665.62	16.593
665.81	16.468
666.01	16.516
666.21	16.814
666.40	16.783
666.60	16.699
666.80	16.640
666.99	16.566
667.19	16.318
667.39	16.589
667.58	16.613
667.78	16.560
667.98	16.604
668.17	16.536
668.37	16.392
668.57	16.609
668.76	16.337
668.96	16.529
669.16	16.718
669.35	16.559
669.55	16.579
669.74	16.581
669.94	16.740
670.14	16.774
670.33	16.626
670.53	16.444
670.73	16.646
670.92	16.495
671.12	16.500
671.32	16.539
671.51	16.612
671.71	16.571
671.90	16.533
672.10	16.500
672.30	16.632
672.49	16.544
672.69	16.419
672.89	16.417
673.08	16.459
673.28	16.856
673.47	16.486
673.67	16.732
673.87	16.593
674.06	16.657
674.26	16.831
674.45	16.592
674.65	16.726
674.85	16.656
675.04	16.606
675.24	16.546
675.43	16.863
675.63	16.623
675.83	16.908
676.02	16.724
676.22	16.957
676.41	16.823
676.61	16.682
676.81	16.854
677.00	16.524
677.20	16.752
677.39	16.740
677.59	16.820
677.79	16.837
677.98	16.753
678.18	16.619
678.37	16.771
678.57	16.613
678.76	16.649
678.96	16.924
679.16	16.719
679.35	16.928
679.55	16.587
679.74	16.698
679.94	16.976
680.13	16.663
680.33	16.991
680.53	16.834
680.72	16.931
680.92	16.735
681.11	17.132
681.31	16.971
681.50	16.907
681.70	17.067
681.89	16.937
682.09	16.933
682.28	17.006
682.48	16.815
682.68	16.901
682.87	16.980
683.07	17.142
683.26	17.143
683.46	16.938
683.65	17.236
683.85	16.993
684.04	16.962
684.24	16.817
684.43	16.943
684.63	17.233
684.82	16.958
685.02	16.997
685.21	16.795
685.41	16.854
685.60	17.187
685.80	17.167
686.00	17.137
686.19	17.045
686.39	17.321
686.58	17.014
686.78	17.013
686.97	17.016
687.17	17.109
687.36	17.183
687.56	17.188
687.75	17.022
687.95	17.316
688.14	17.137
688.34	17.111
688.53	16.959
688.73	17.012
688.92	17.258
689.12	17.065
689.31	17.071
689.51	17.241
689.70	17.351
689.89	17.252
690.09	17.308
690.28	17.280
690.48	17.279
690.67	17.301
690.87	17.376
691.06	17.209
691.26	17.412
691.45	17.323
691.65	17.203
691.84	17.426
692.04	17.170
692.23	17.305
692.43	17.218
692.62	17.451
692.82	17.546
693.01	17.585
693.20	17.536
693.40	17.555
693.59	17.597
693.79	17.664
693.98	17.697
694.18	17.677
694.37	17.427
694.57	17.650
694.76	17.752
694.95	17.864
695.15	17.768
695.34	18.051
695.54	18.077
695.73	18.139
695.93	18.044
696.12	17.854
696.32	18.078
696.51	18.211
696.70	18.238
696.90	18.460
697.09	18.650
697.29	18.554
697.48	18.643
697.67	18.994
697.87	18.616
698.06	18.766
698.26	18.575
698.45	19.045
698.65	19.267
698.84	19.378
699.03	19.695
699.23	19.753
699.42	19.695
699.62	19.995
699.81	19.988
700.00	20.211
700.20	20.328
700.39	20.461
700.59	20.713
700.78	20.953
700.97	21.000
701.17	21.133
701.36	21.191
701.56	21.751
701.75	21.683
701.94	21.841
702.14	22.111
702.33	22.116
702.52	22.233
702.72	22.584
702.91	22.881
703.11	23.000
703.30	23.120
703.49	23.139
703.69	23.185
703.88	23.750
704.07	24.135
704.27	24.299
704.46	24.497
704.66	24.681
704.85	24.654
705.04	24.950
705.24	25.317
705.43	25.514
705.62	25.695
705.82	25.957
706.01	26.263
706.20	26.243
706.40	26.587
706.59	27.027
706.78	26.949
706.98	27.756
707.17	27.710
707.36	28.262
707.56	28.390
707.75	28.151
707.94	28.700
708.14	28.712
708.33	29.071
708.52	29.326
708.72	29.380
708.91	29.808
709.10	30.380
709.30	30.140
709.49	30.800
709.68	30.896
709.88	31.022
710.07	31.290
710.26	31.811
710.46	31.972
710.65	32.008
710.84	32.219
711.04	32.973
711.23	32.990
711.42	33.215
711.61	33.242
711.81	33.514
712.00	33.983
712.19	33.892
712.39	34.474
712.58	34.744
712.77	35.149
712.97	35.339
713.16	35.228
713.35	35.889
713.54	35.962
713.74	36.091
713.93	36.488
714.12	36.982
714.32	37.011
714.51	37.160
714.70	37.407
714.89	37.612
715.09	37.986
715.28	38.222
715.47	38.532
715.66	39.148
715.86	39.379
716.05	39.324
716.24	39.418
716.44	40.020
716.63	40.555
716.82	40.729
717.01	40.826
717.21	40.707
717.40	41.390
717.59	41.626
717.78	42.026
717.98	42.148
718.17	42.397
718.36	42.605
718.55	42.943
718.75	42.966
718.94	43.152
719.13	43.838
719.32	44.142
719.52	44.351
719.71	44.472
719.90	45.383
720.09	45.427
720.28	45.541
720.48	46.005
720.67	46.292
720.86	46.405
721.05	46.799
721.25	47.423
721.44	47.286
721.63	47.831
721.82	48.309
722.01	47.752
722.21	48.063
722.40	48.719
722.59	48.889
722.78	49.046
722.98	49.278
723.17	49.217
723.36	50.373
723.55	50.267
723.74	50.938
723.94	51.354
724.13	51.484
724.32	51.476
724.51	51.786
724.70	52.531
724.89	52.415
725.09	52.586
725.28	53.104
725.47	52.905
725.66	53.261
725.85	53.633
726.05	54.193
726.24	54.117
726.43	54.546
726.62	55.047
726.81	55.495
727.00	55.215
727.20	55.474
727.39	55.830
727.58	56.601
727.77	56.429
727.96	56.563
728.15	56.938
728.35	57.298
728.54	57.135
728.73	58.050
728.92	58.317
729.11	58.338
729.30	58.738
729.50	58.640
729.69	59.370
729.88	59.581
730.07	59.597
730.26	60.481
730.45	60.147
730.64	60.250
730.84	60.431
731.03	60.891
731.22	61.426
731.41	61.316
731.60	61.400
731.79	61.885
731.98	61.684
732.18	62.601
732.37	62.689
732.56	63.175
732.75	63.205
732.94	63.477
733.13	63.675
733.32	63.949
733.51	63.945
733.71	64.208
733.90	64.911
734.09	64.324
734.28	65.506
734.47	65.263
734.66	65.629
734.85	65.892
735.04	65.827
735.23	65.849
735.42	66.411
735.62	66.493
735.81	66.901
736.00	66.501
736.19	67.156
736.38	67.858
736.57	67.395
736.76	68.080
736.95	68.305
737.14	67.688
737.33	68.310
737.52	68.138
737.72	68.859
737.91	68.847
738.10	69.315
738.29	69.903
738.48	69.826
738.67	69.376
738.86	69.763
739.05	70.105
739.24	70.302
739.43	70.604
739.62	70.774
739.81	71.424
740.00	71.112
740.19	71.475
740.39	71.426
740.58	71.969
740.77	72.195
740.96	71.656
741.15	71.672
741.34	71.884
741.53	71.781
741.72	72.773
741.91	72.794
742.10	73.229
742.29	72.702
742.48	73.145
742.67	73.227
742.86	73.530
743.05	73.630
743.24	73.452
743.43	73.937
743.62	73.532
743.81	74.326
744.00	74.709
744.19	74.424
744.38	74.705
744.57	75.259
744.76	74.796
744.95	75.205
745.14	75.313
745.33	75.594
745.52	75.652
745.71	75.024
745.90	75.098
746.09	75.243
746.28	75.803
746.47	76.137
746.66	76.128
746.85	76.310
747.04	76.512
747.23	76.555
747.42	75.826
747.61	76.515
747.80	76.786
747.99	77.110
748.18	76.515
748.37	76.578
748.56	77.241
748.75	77.628
748.94	77.062
749.13	77.286
749.32	78.015
749.51	78.038
749.70	77.574
749.89	78.255
750.08	78.415
750.27	78.113
750.46	78.153
750.65	78.174
750.84	78.448
751.03	77.861
751.22	78.695
751.41	78.211
751.60	78.544
751.79	78.525
751.98	78.775
752.17	78.405
752.36	77.673
752.55	78.691
752.74	78.558
752.93	79.270
753.12	78.480
753.30	79.208
753.49	78.943
753.68	79.196
753.87	79.522
754.06	79.195
754.25	79.459
754.44	79.451
754.63	79.024
754.82	80.279
755.01	79.940
755.20	79.650
755.39	79.946
755.58	79.425
755.77	79.260
755.96	79.847
756.14	79.825
756.33	80.011
756.52	79.574
756.71	80.159
756.90	79.695
757.09	79.930
757.28	80.458
757.47	80.001
757.66	80.306
757.85	80.147
758.04	80.450
758.22	79.844
758.41	80.039
758.60	80.555
758.79	80.049
758.98	79.848
759.17	80.069
759.36	80.223
759.55	80.763
759.74	81.057
759.92	80.649
760.11	80.980
760.30	80.183
760.49	80.811
760.68	80.926
760.87	81.113
761.06	80.639
761.25	80.557
761.43	80.657
761.62	80.874
761.81	80.398
762.00	81.161
762.19	81.069
762.38	80.802
762.57	80.958
762.76	80.793
762.94	81.068
763.13	80.702
763.32	81.157
763.51	81.009
763.70	81.662
763.89	80.819
764.07	81.049
764.26	80.994
764.45	80.782
764.64	81.291
764.83	81.489
765.02	82.096
765.21	80.972
765.39	81.192
765.58	81.727
765.77	81.312
765.96	81.352
766.15	80.858
766.34	81.035
766.52	80.715
766.71	81.972
766.90	81.316
767.09	81.366
767.28	81.798
767.46	81.482
767.65	81.014
767.84	81.677
768.03	81.568
768.22	81.340
768.40	81.190
768.59	81.669
768.78	80.998
768.97	81.387
769.16	81.613
769.34	81.933
769.53	81.889
769.72	80.796
769.91	81.500
770.10	81.193
770.28	81.664
770.47	81.191
770.66	81.294
770.85	81.220
771.04	80.733
771.22	81.602
771.41	81.177
771.60	81.275
771.79	81.385
771.98	81.639
772.16	81.527
772.35	81.825
772.54	81.613
772.73	81.655
772.91	82.478
773.10	81.529
773.29	82.090
773.48	81.282
773.66	82.007
773.85	81.847
774.04	81.759
774.23	81.784
774.41	81.742
774.60	81.143
774.79	81.875
774.98	82.129
775.16	81.775
775.35	81.572
775.54	81.560
775.73	82.269
775.91	81.042
776.10	82.003
776.29	81.872
776.48	81.689
776.66	81.768
776.85	81.501
777.04	81.814
777.23	82.015
777.41	81.766
777.60	82.097
777.79	82.237
777.97	81.296
778.16	81.871
778.35	81.553
778.54	81.692
778.72	81.546
778.91	81.899
779.10	81.683
779.28	81.193
779.47	80.988
779.66	81.725
779.85	81.914
780.03	81.890
780.22	81.031
780.41	81.315
780.59	81.598
780.78	81.927
780.97	82.791
781.15	81.629
781.34	82.117
781.53	81.933
781.71	81.656
781.90	81.939
782.09	81.275
782.27	81.820
782.46	81.572
782.65	81.634
782.84	82.269
783.02	81.923
783.21	81.362
783.40	81.610
783.58	81.565
783.77	81.507
783.96	81.206
784.14	82.071
784.33	82.586
784.52	81.948
784.70	81.633
784.89	82.031
785.07	81.715
785.26	81.740
785.45	81.503
785.63	81.693
785.82	81.092
786.01	81.686
786.19	81.632
786.38	81.802
786.57	81.021
786.75	81.603
786.94	81.742
787.13	81.917
787.31	81.707
787.50	81.298
787.68	81.780
787.87	81.512
788.06	82.252
788.24	81.408
788.43	81.181
788.62	81.465
788.80	81.338
788.99	82.036
789.17	81.581
789.36	81.624
789.55	81.918
789.73	82.389
789.92	81.547
790.10	82.010
790.29	81.127
790.48	82.101
790.66	82.163
790.85	81.543
791.03	81.895
791.22	81.889
791.41	81.891
791.59	81.885
791.78	81.830
791.96	81.937
792.15	81.798
792.34	81.920
792.52	81.746
792.71	81.949
792.89	81.964
793.08	81.904
793.27	82.245
793.45	81.693
793.64	81.918
793.82	82.412
794.01	81.935
794.19	82.410
794.38	81.335
794.57	82.174
794.75	81.923
794.94	81.919
795.12	81.239
795.31	81.696
795.49	82.163
795.68	82.338
795.86	81.486
796.05	81.803
796.24	82.182
796.42	82.036
796.61	82.456
796.79	82.243
796.98	82.159
797.16	81.417
797.35	82.318
797.53	82.104
797.72	82.075
797.90	81.927
798.09	81.888
798.27	81.621
798.46	81.595
798.65	82.089
798.83	82.091
799.02	81.763
799.20	81.778
799.39	81.933
799.57	82.038
799.76	82.004
799.94	81.864
800.13	81.188
800.31	81.602
800.50	81.902
800.68	81.864
800.87	82.165
801.05	81.871
801.24	81.993
801.42	82.075
801.61	82.087
801.79	81.727
801.98	82.267
802.16	82.053
802.35	81.740
802.53	82.110
802.72	82.009
802.90	81.770
803.09	81.777
803.27	82.061
803.46	82.266
803.64	81.642
803.83	81.677
804.01	82.274
804.20	81.924
804.38	81.897
804.56	82.390
804.75	81.460
804.93	82.258
805.12	82.193
805.30	82.088
805.49	82.237
805.67	82.060
805.86	81.963
806.04	81.327
806.23	81.812
806.41	81.681
806.59	81.622
806.78	81.675
806.96	81.876
807.15	81.602
807.33	82.067
807.52	81.471
807.70	81.581
807.89	82.166
808.07	82.215
808.25	81.563
808.44	81.759
808.62	81.933
808.81	81.770
808.99	81.913
809.18	81.626
809.36	81.557
809.54	82.126
809.73	81.727
809.91	81.898
810.10	82.441
810.28	82.047
810.47	82.454
810.65	82.419
810.83	81.807
811.02	82.129
811.20	81.441
811.39	81.603
811.57	81.765
811.75	81.861
811.94	82.252
812.12	81.910
812.31	82.039
812.49	82.471
812.67	82.219
812.86	82.738
813.04	82.116
813.23	81.713
813.41	82.037
813.59	81.896
813.78	81.972
813.96	82.228
814.14	82.753
814.33	82.509
814.51	82.057
814.70	82.348
814.88	82.115
815.06	82.603
815.25	82.436
815.43	81.884
815.61	82.151
815.80	82.131
815.98	82.507
816.16	82.476
816.35	81.602
816.53	81.788
816.72	82.867
816.90	82.802
817.08	81.946
817.27	81.791
817.45	81.981
817.63	82.040
817.82	82.234
818.00	81.891
818.18	82.704
818.37	82.120
818.55	81.604
818.73	81.824
818.92	82.437
819.10	82.134
819.28	82.315
819.47	82.186
819.65	82.663
819.83	82.907
820.02	82.017
820.20	81.633
820.38	82.410
820.57	82.257
820.75	82.463
820.93	81.713
821.11	81.592
821.30	81.913
821.48	81.687
821.66	81.508
821.85	81.767
822.03	81.731
822.21	82.159
822.40	82.066
822.58	81.682
822.76	82.470
822.94	82.499
823.13	81.496
823.31	82.251
823.49	82.510
823.68	81.588
823.86	82.456
824.04	82.413
824.22	82.364
824.41	81.484
824.59	82.669
824.77	81.969
824.96	81.896
825.14	82.199
825.32	82.372
825.50	82.034
825.69	81.783
825.87	82.222
826.05	82.233
826.23	83.011
826.42	83.102
826.60	82.006
826.78	82.500
826.96	82.117
827.15	81.748
827.33	81.691
827.51	82.340
827.69	82.707
827.88	81.709
828.06	82.459
828.24	81.982
828.42	82.982
828.61	82.199
828.79	81.353
828.97	82.071
829.15	82.659
829.34	82.614
829.52	82.050
829.70	82.640
829.88	82.292
830.06	81.823
830.25	82.236
830.43	81.503
830.61	82.361
830.79	82.458
830.97	81.599
831.16	82.807
831.34	82.604
831.52	82.543
831.70	82.332
831.89	82.878
832.07	82.172
832.25	81.879
832.43	82.949
832.61	83.030
832.80	81.516
832.98	81.758
833.16	82.102
833.34	81.666
833.52	82.008
833.70	81.888
833.89	81.812
834.07	82.238
834.25	81.949
834.43	82.152
834.61	82.707
834.80	81.674
834.98	82.578
835.16	82.636
835.34	81.331
835.52	82.317
835.70	82.235
835.89	82.381
836.07	82.942
836.25	82.256
836.43	82.249
836.61	82.098
836.79	81.937
836.97	82.108
837.16	82.208
837.34	81.893
837.52	81.853
837.70	82.898
837.88	82.865
838.06	81.824
838.24	81.687
838.43	82.110
838.61	82.599
838.79	82.669
838.97	81.981
839.15	82.539
839.33	82.004
839.51	82.670
839.70	82.511
839.88	80.994
840.06	82.367
840.24	81.830
840.42	81.756
840.60	83.100
840.78	82.524
840.96	83.276
841.14	81.970
841.33	82.604
841.51	82.524
841.69	82.411
841.87	82.319
842.05	82.177
842.23	82.350
842.41	81.414
842.59	82.468
842.77	82.296
842.95	82.058
843.14	82.113
843.32	82.758
843.50	81.945
843.68	82.858
843.86	82.483
844.04	82.233
844.22	82.557
844.40	82.200
844.58	82.683
844.76	82.468
844.94	82.134
845.12	82.203
845.30	82.504
845.49	82.412
845.67	81.729
845.85	82.069
846.03	81.937
846.21	82.470
846.39	81.762
846.57	82.425
846.75	81.530
846.93	82.979
847.11	82.329
847.29	82.167
847.47	82.052
847.65	81.974
847.83	82.507
848.01	82.978
848.19	82.734
848.37	82.125
848.55	82.071
848.73	82.323
848.91	82.239
849.09	82.333
849.27	81.993
849.46	83.042
849.64	82.883
849.82	82.410
850.00	82.035
850.18	81.756
850.36	82.330
850.54	81.666
850.72	82.846
850.90	82.412
851.08	82.442
851.26	82.840
851.44	82.660
851.62	82.042
851.80	82.165
851.98	82.068
852.16	82.721
852.34	82.915
852.52	82.595
852.70	83.309
852.88	83.032
853.06	81.991
853.24	81.932
853.42	82.040
853.60	81.636
853.78	82.141
853.96	82.753
854.14	82.404
854.31	82.018
854.49	82.239
854.67	82.305
854.85	81.838
855.03	82.766
855.21	81.760
855.39	81.779
855.57	82.401
855.75	82.171
855.93	82.579
856.11	81.997
856.29	82.535
856.47	81.163
856.65	81.805
856.83	82.863
857.01	82.019
857.19	81.968
857.37	82.061
857.55	82.698
857.73	82.634
857.91	82.369
858.09	82.456
858.26	82.110
858.44	82.143
858.62	81.856
858.80	82.143
858.98	82.210
859.16	82.108
859.34	82.833
859.52	82.743
859.70	82.283
859.88	82.546
860.06	82.532
860.24	82.326
860.42	82.874
860.59	82.125
860.77	81.979
860.95	83.051
861.13	82.208
861.31	82.325
861.49	82.519
861.67	82.707
861.85	81.583
862.03	82.373
862.21	82.420
862.38	82.374
862.56	81.882
862.74	83.438
862.92	82.310
863.10	82.839
863.28	82.748
863.46	81.878
863.64	82.773
863.82	82.718
863.99	83.102
864.17	82.313
864.35	82.648
864.53	82.199
864.71	82.708
864.89	83.020
865.07	82.411
865.24	82.942
865.42	82.348
865.60	82.669
865.78	82.804
865.96	82.633
866.14	81.744
866.32	81.438
866.49	82.309
866.67	82.175
866.85	82.411
867.03	82.508
867.21	81.962
867.39	82.050
867.56	81.941
867.74	82.313
867.92	82.474
868.10	82.140
868.28	83.113
868.46	83.359
868.63	82.250
868.81	82.819
868.99	82.582
869.17	82.675
869.35	83.240
869.53	82.729
869.70	82.498
869.88	82.545
870.06	82.441
870.24	81.492
870.42	82.869
870.59	82.675
870.77	82.711
870.95	82.558
871.13	82.556
871.31	82.085
871.48	82.815
871.66	82.508
871.84	82.558
872.02	82.318
872.20	82.622
872.37	82.709
872.55	83.079
872.73	81.465
872.91	83.768
873.08	83.092
873.26	81.797
873.44	81.660
873.62	82.103
873.80	83.011
873.97	82.507
874.15	82.565
874.33	82.852
874.51	81.842
874.68	81.802
874.86	82.337
875.04	83.179
875.22	82.735
875.39	83.161
875.57	82.740
875.75	82.550
875.93	82.636
876.10	82.156
876.28	82.784
876.46	82.721
876.64	83.622
876.81	83.074
876.99	82.255
877.17	82.727
877.35	83.142
877.52	81.453
877.70	81.976
877.88	82.763
878.06	82.402
878.23	82.575
878.41	82.516
878.59	82.699
878.76	82.806
878.94	82.598
879.12	82.635
879.30	83.266
879.47	82.810
879.65	83.443
879.83	82.157
880.00	83.363
880.18	82.987
880.36	83.080
880.53	82.279
880.71	83.060
880.89	83.866
881.07	83.197
881.24	81.790
881.42	82.500
881.60	82.823
881.77	83.226
881.95	83.044
882.13	83.082
882.30	82.433
882.48	83.143
882.66	82.667
882.83	82.869
883.01	82.588
883.19	82.516
883.36	83.520
883.54	83.043
883.72	82.419
883.89	82.565
884.07	82.512
884.25	82.008
884.42	81.520
884.60	82.125
884.78	82.537
884.95	82.584
885.13	82.524
885.31	81.852
885.48	82.638
885.66	82.421
885.84	82.355
886.01	83.092
886.19	82.209
886.36	82.936
886.54	81.568
886.72	82.884
886.89	83.115
887.07	83.121
887.25	82.016
887.42	82.317
887.60	82.271
887.78	82.153
887.95	82.021
888.13	82.843
888.30	82.659
888.48	83.538
888.66	82.734
888.83	82.465
889.01	82.403
889.18	82.324
889.36	82.599
889.54	83.147
889.71	82.317
889.89	82.519
890.06	82.774
890.24	83.303
890.42	82.842
890.59	83.229
890.77	82.636
890.94	82.625
891.12	83.041
891.30	82.407
891.47	83.288
891.65	83.338
891.82	83.463
892.00	84.142
892.17	82.725
892.35	82.118
892.53	81.883
892.70	83.947
892.88	82.349
893.05	82.925
893.23	82.539
893.40	82.553
893.58	82.718
893.75	82.067
893.93	82.657
894.11	82.806
894.28	82.946
894.46	82.098
894.63	82.604
894.81	82.383
894.98	82.993
895.16	82.671
895.33	82.515
895.51	82.909
895.68	83.079
895.86	82.578
896.04	83.092
896.21	83.718
896.39	82.766
896.56	82.299
896.74	83.423
896.91	83.345
897.09	82.688
897.26	82.914
897.44	82.424
897.61	82.760
897.79	82.685
897.96	82.816
898.14	82.338
898.31	82.474
898.49	82.290
898.66	83.266
898.84	84.195
899.01	82.876
899.19	82.830
899.36	82.887
899.54	82.785
899.71	82.317
899.89	83.702
900.06	83.295
900.24	82.897
900.41	82.484
900.59	82.520
900.76	83.853
900.94	83.220
901.11	82.875
901.29	83.047
901.46	82.826
901.63	83.560
901.81	81.932
901.98	83.313
902.16	83.098
902.33	83.117
902.51	82.540
902.68	82.964
902.86	83.749
903.03	82.272
903.21	82.654
903.38	83.756
903.56	82.589
903.73	82.965
903.90	83.722
904.08	82.381
904.25	83.699
904.43	81.782
904.60	82.558
904.78	82.972
904.95	82.482
905.12	82.800
905.30	82.011
905.47	83.422
905.65	82.893
905.82	83.024
906.00	83.503
906.17	82.432
906.34	82.991
906.52	82.311
906.69	82.291
906.87	83.091
907.04	82.334
907.21	83.123
907.39	83.016
907.56	83.538
907.74	82.862
907.91	82.744
908.08	82.796
908.26	82.842
908.43	83.141
908.61	83.709
908.78	82.290
908.95	83.169
909.13	82.754
909.30	83.153
909.48	83.285
909.65	83.641
909.82	84.051
910.00	82.797
910.17	83.196
910.34	83.374
910.52	83.187
910.69	82.665
910.87	82.214
911.04	82.298
911.21	83.697
911.39	82.661
911.56	82.758
911.73	82.961
911.91	82.562
912.08	83.520
912.25	83.456
912.43	81.540
912.60	82.944
912.77	82.081
912.95	83.496
913.12	81.612
913.29	81.135
913.47	82.804
913.64	82.605
913.81	83.116
913.99	82.906
914.16	82.665
914.33	83.594
914.51	82.758
914.68	82.225
914.85	82.816
915.03	82.690
915.20	82.632
915.37	83.408
915.55	82.329
915.72	84.080
915.89	83.413
916.07	82.865
916.24	83.289
916.41	82.842
916.59	82.985
916.76	83.390
916.93	83.544
917.10	82.522
917.28	83.636
917.45	82.842
917.62	82.663
917.80	82.700
917.97	85.753
918.14	83.206
918.31	83.539
918.49	83.206
918.66	82.515
918.83	82.632
919.01	83.137
919.18	82.809
919.35	83.250
919.52	81.814
919.70	82.040
919.87	82.745
920.04	82.130
920.21	83.071
920.39	82.383
920.56	82.708
920.73	83.364
920.90	84.601
921.08	82.955
921.25	82.280
921.42	81.655
921.59	82.714
921.77	82.511
921.94	82.600
922.11	84.210
922.28	82.185
922.46	83.136
922.63	82.017
922.80	83.920
922.97	83.448
923.15	81.495
923.32	83.742
923.49	83.195
923.66	83.470
923.83	82.085
924.01	82.580
924.18	82.928
924.35	82.628
924.52	82.060
924.69	82.077
924.87	83.579
925.04	83.456
925.21	82.770
925.38	83.083
925.55	82.553
925.73	82.434
925.90	82.182
926.07	83.272
926.24	84.345
926.41	83.462
926.59	83.017
926.76	82.123
926.93	83.777
927.10	82.482
927.27	83.919
927.45	82.515
927.62	84.121
927.79	83.439
927.96	81.791
928.13	81.573
928.30	83.756
928.48	84.293
928.65	82.484
928.82	82.921
928.99	82.710
929.16	82.760
929.33	81.352
929.50	82.904
929.68	82.506
929.85	82.046
930.02	82.665
930.19	82.978
930.36	82.539
930.53	82.971
930.70	82.077
930.88	82.390
931.05	82.538
931.22	81.961
931.39	82.432
931.56	83.156
931.73	82.338
931.90	82.249
932.08	83.875
932.25	83.374
932.42	83.449
932.59	83.281
932.76	82.210
932.93	83.172
933.10	82.195
933.27	84.213
933.44	83.257
933.62	84.414
933.79	82.185
933.96	83.298
934.13	81.873
934.30	81.463
934.47	82.900
934.64	82.913
934.81	81.577
934.98	81.732
935.15	82.619
935.32	82.670
935.50	85.207
935.67	84.477
935.84	84.497
936.01	81.576
936.18	80.571
936.35	83.030
936.52	84.525
936.69	85.457
936.86	83.038
937.03	82.951
937.20	83.417
937.37	84.464
937.54	82.909
937.71	82.958
937.89	83.580
938.06	82.259
938.23	83.929
938.40	84.123
938.57	83.946
938.74	84.083
938.91	83.936
939.08	83.961
939.25	82.642
939.42	83.896
939.59	82.164
939.76	84.517
939.93	80.255
940.10	82.899
940.27	78.831
940.44	83.068
940.61	83.479
940.78	84.370
940.95	83.079
941.12	85.060
941.29	81.610
941.46	80.560
941.63	82.441
941.80	79.782
941.97	81.538
942.14	83.637
942.31	84.325
942.48	80.801
942.65	79.628
942.82	79.574
942.99	84.840
943.16	81.265
943.33	81.652
943.50	81.496
943.67	80.994
943.84	82.103
944.01	84.845
944.18	80.317
944.35	79.470
944.52	83.810
944.69	78.039
944.86	83.466
945.03	83.646
945.20	84.486
945.37	86.254
945.54	82.979
945.71	80.632
945.88	82.275
946.05	83.034
946.22	84.522
946.39	83.863
946.56	82.994
946.73	84.168
946.90	83.985
947.07	86.577
947.23	78.060
947.40	84.011
947.57	82.666
947.74	81.916
947.91	84.992
948.08	80.037
948.25	84.899
948.42	82.673
948.59	79.163
948.76	80.816
948.93	82.517
949.10	77.639
949.27	81.931
949.44	84.425
949.60	85.664
949.77	82.677
949.94	80.777
950.11	85.308
950.28	79.771
950.45	81.228
950.62	84.810
950.79	82.375
950.96	78.913
951.13	81.369
951.30	86.309
951.46	81.596
951.63	81.474
951.80	78.269
951.97	81.210
952.14	81.682
952.31	83.878
952.48	83.386
952.65	84.869
952.81	78.372
952.98	82.436
953.15	82.096
953.32	85.900
953.49	81.108
953.66	81.418
953.83	83.286
954.00	80.797
954.16	81.851
954.33	82.393
954.50	81.923
954.67	80.393
954.84	80.101
955.01	82.843
955.18	81.587
955.34	82.460
955.51	82.738
955.68	81.906
955.85	78.970
956.02	82.608
956.19	81.628
956.35	82.571
956.52	84.970
956.69	80.581
956.86	83.269
957.03	81.117
957.20	81.915
957.36	82.522
957.53	82.507
957.70	80.000
957.87	83.069
958.04	80.759
958.21	83.024
958.37	83.538
958.54	82.902
958.71	80.266
958.88	81.770
959.05	81.681
959.21	78.548
959.38	84.118
959.55	82.168
959.72	81.449
959.89	82.583
960.05	81.047
960.22	80.989
960.39	82.332
960.56	83.626
960.72	82.271
960.89	82.483
961.06	80.155
961.23	79.570
961.40	82.509
961.56	80.647
961.73	82.206
961.90	82.484
962.07	80.098
962.23	80.599
962.40	79.555
962.57	82.754
962.74	80.799
962.90	81.754
963.07	80.840
963.24	80.185
963.41	83.280
963.57	80.821
963.74	83.341
963.91	83.000
964.08	81.743
964.24	78.945
964.41	79.410
964.58	82.380
964.75	78.204
964.91	81.390
965.08	82.513
965.25	83.057
965.42	81.401
965.58	81.056
965.75	80.638
965.92	79.282
966.08	80.132
966.25	81.450
966.42	81.338
966.59	82.951
966.75	81.350
966.92	82.236
967.09	80.867
967.25	82.270
967.42	82.760
967.59	80.282
967.75	82.440
967.92	83.514
968.09	83.606
968.26	82.477
968.42	83.333
968.59	79.797
968.76	82.527
968.92	80.959
969.09	82.179
969.26	81.524
969.42	80.614
969.59	83.785
969.76	81.519
969.92	81.071
970.09	83.455
970.26	80.578
970.42	84.657
970.59	81.950
970.76	81.496
970.92	81.220
971.09	82.589
971.26	79.351
971.42	82.219
971.59	82.459
971.76	79.182
971.92	82.649
972.09	81.450
972.25	80.848
972.42	80.083
972.59	79.741
972.75	84.301
972.92	81.067
973.09	83.547
973.25	83.633
973.42	81.972
973.58	79.857
973.75	81.726
973.92	83.500
974.08	80.000
974.25	81.996
974.42	83.010
974.58	82.606
974.75	81.344
974.91	80.250
975.08	78.865
975.25	81.833
975.41	81.951
975.58	82.997
975.74	83.344
975.91	82.264
976.08	82.150
976.24	83.231
976.41	83.344
976.57	81.380
976.74	80.818
976.91	81.310
977.07	82.912
977.24	83.880
977.40	83.449
977.57	84.165
977.73	80.737
977.90	83.178
978.07	81.314
978.23	82.916
978.40	82.010
978.56	82.785
978.73	80.494
978.89	80.174
979.06	81.898
979.22	83.967
979.39	79.738
979.56	82.679
979.72	78.227
979.89	80.175
980.05	83.247
980.22	81.691
980.38	80.947
980.55	81.683
980.71	81.389
980.88	83.321
981.04	79.603
981.21	80.894
981.37	82.156
981.54	83.306
981.70	83.074
981.87	82.142
982.04	82.726
982.20	79.880
982.37	80.893
982.53	82.163
982.70	81.120
982.86	80.227
983.03	82.939
983.19	80.267
983.36	82.733
983.52	83.731
983.69	80.415
983.85	81.895
984.02	80.991
984.18	82.466
984.35	80.469
984.51	81.383
984.68	84.414
984.84	80.157
985.00	82.058
985.17	84.033
985.33	82.496
985.50	80.525
985.66	81.240
985.83	86.272
985.99	83.350
986.16	83.028
986.32	81.562
986.49	79.421
986.65	82.236
986.82	79.276
986.98	81.928
987.15	82.695
987.31	82.149
987.47	83.131
987.64	82.372
987.80	82.156
987.97	80.543
988.13	82.625
988.30	84.034
988.46	83.852
988.63	82.660
988.79	87.056
988.95	83.391
989.12	84.635
989.28	82.609
989.45	83.402
989.61	81.639
989.77	79.906
989.94	81.542
990.10	85.358
990.27	84.621
990.43	82.517
990.60	82.278
990.76	81.002
990.92	81.909
991.09	82.316
991.25	80.356
991.42	83.326
991.58	82.196
991.74	81.317
991.91	83.303
992.07	82.006
992.24	81.387
992.40	81.239
992.56	85.584
992.73	82.571
992.89	83.169
993.05	81.912
993.22	82.158
993.38	83.045
993.55	83.119
993.71	81.812
993.87	83.594
994.04	83.269
994.20	82.375
994.36	82.738
994.53	81.657
994.69	83.244
994.85	83.276
995.02	84.337
995.18	80.768
995.34	84.881
995.51	83.669
995.67	80.325
995.84	86.491
996.00	84.086
996.16	84.234
996.33	85.160
996.49	81.303
996.65	83.210
996.82	82.857
996.98	81.318
997.14	83.216
997.31	83.891
997.47	81.799
997.63	80.627
997.79	80.263
997.96	80.068
998.12	82.688
998.28	86.718
998.45	85.883
998.61	79.274
998.77	79.657
998.94	81.388
999.10	82.101
999.26	86.007
999.43	82.095
999.59	84.390
999.75	83.029
999.91	79.508
1000.08	83.955
1000.24	81.291
1000.40	84.145
1000.57	84.133
1000.73	82.737
1000.89	80.082
1001.05	82.699
1001.22	84.419
1001.38	82.550
1001.54	80.578
1001.70	88.380
1001.87	82.021
1002.03	82.410
1002.19	82.124
1002.35	81.956
1002.52	84.829
1002.68	84.229
1002.84	80.975
1003.00	81.397
1003.17	83.124
1003.33	79.873
1003.49	82.879
1003.65	85.099
1003.82	80.355
1003.98	82.417
1004.14	81.634
1004.30	87.488
1004.47	79.541
1004.63	78.098
1004.79	78.028
1004.95	79.801
1005.11	86.511
1005.28	79.624
1005.44	84.100
1005.60	81.026
1005.76	85.190
1005.93	83.367
1006.09	82.107
1006.25	85.345
1006.41	86.276
1006.57	81.850
1006.74	82.313
1006.90	79.922
1007.06	83.420
1007.22	80.681
1007.38	80.969
1007.55	83.693
1007.71	85.448
1007.87	82.074
1008.03	79.753
1008.19	82.208
1008.35	87.280
1008.52	82.916
1008.68	83.152
1008.84	78.405
1009.00	83.146
1009.16	85.704
1009.32	83.247
1009.49	79.673
1009.65	81.455
1009.81	82.679
1009.97	85.334
1010.13	81.566
1010.29	83.523
1010.46	85.386
1010.62	81.850
1010.78	81.969
1010.94	85.814
1011.10	82.074
1011.26	86.588
1011.42	78.380
1011.59	81.167
1011.75	85.968
1011.91	83.897
1012.07	84.741
1012.23	81.234
1012.39	84.486
1012.55	82.365
1012.71	84.880
1012.88	85.288
1013.04	85.000
1013.20	79.861
1013.36	82.114
1013.52	80.779
1013.68	85.165
1013.84	87.692
1014.00	84.837
1014.16	86.354
1014.33	81.067
1014.49	83.772
1014.65	81.523
1014.81	82.943
1014.97	87.883
1015.13	80.494
1015.29	87.947
1015.45	81.326
1015.61	89.515
1015.77	85.254
1015.93	83.683
1016.09	77.926
1016.26	85.208
1016.42	81.269
1016.58	81.198
1016.74	84.362
1016.90	90.245
1017.06	80.399
1017.22	76.783
1017.38	76.915
1017.54	87.966
1017.70	91.129
1017.86	86.921
1018.02	90.116
1018.18	89.571
1018.34	81.025
1018.50	83.864
1018.66	84.191
1018.82	82.849
1018.98	88.079
1019.14	85.580
1019.31	88.984
1019.47	81.525
1019.63	86.922
1019.79	85.640
1019.95	78.156
1020.11	84.211
1020.27	80.064
1020.43	86.912
1020.59	86.010
1020.75	84.906
1020.91	86.962
1021.07	86.951
1021.23	88.049
1021.39	77.375
1021.55	90.619
1021.71	85.859
1021.87	78.886
1022.03	80.119
1022.19	85.318
1022.35	81.030
1022.51	70.021
1022.67	82.857
1022.83	83.164
1022.99	80.126
1023.15	83.071
1023.31	80.348
1023.47	84.525
1023.63	86.232
1023.79	78.429
1023.95	81.208
1024.10	82.892
1024.26	91.834
1024.42	86.884
1024.58	83.835
1024.74	81.259
1024.90	86.935
1025.06	83.428
1025.22	85.575
1025.38	80.276
1025.54	88.571
1025.70	78.951
1025.86	87.658
1026.02	75.342
1026.18	82.779
1026.34	76.939
1026.50	92.548
1026.66	83.407
1026.82	89.873
1026.98	81.862
1027.13	84.426
1027.29	86.067
1027.45	83.800
1027.61	78.839
1027.77	86.415
1027.93	78.816
1028.09	85.921
1028.25	83.931
1028.41	71.064
1028.57	81.017
1028.73	86.164
1028.88	82.811
1029.04	79.127
1029.20	85.450
1029.36	76.267
1029.52	87.542
1029.68	69.027
1029.84	87.600
1030.00	82.634
1030.16	84.680
1030.32	79.199
1030.47	86.432
1030.63	73.116
1030.79	95.330
1030.95	90.282
1031.11	84.388
1031.27	78.362
1031.43	77.389
1031.59	74.319
1031.74	83.798
1031.90	83.748
1032.06	74.220
1032.22	89.918
1032.38	83.333
1032.54	77.054
1032.69	77.878
1032.85	82.544
1033.01	87.500
1033.17	90.461
1033.33	93.624
1033.49	85.212
1033.65	96.316
1033.80	91.215
1033.96	89.594
1034.12	85.948
1034.28	83.961
1034.44	85.871
1034.60	99.761
1034.75	89.883
1034.91	86.826
1035.07	69.581
1035.23	81.456
1035.39	79.072
1035.54	86.616
1035.70	94.664
1035.86	80.549
1036.02	81.190
1036.18	92.273
1036.33	80.731
1036.49	82.558
1036.65	79.508
1036.81	91.022
1036.97	88.889
1037.12	87.579
1037.28	82.841
1037.44	86.832
1037.60	93.026
1037.76	87.821
1037.91	76.762
1038.07	75.334
1038.23	82.751
1038.39	82.225
1038.54	100.600
1038.70	84.409
1038.86	83.086
1039.02	86.569
1039.17	88.440
1039.33	83.648
1039.49	86.600
1039.65	81.955
1039.80	72.749
1039.96	96.474
1040.12	85.841
1040.28	86.974
>>>>> Data<<<<< Espectral Procesado Extremo
