Fichero De Datos De SpectraSuite
++++++++++++++++++++++++++++++++++++
Fecha: Wed Jul 15 16:47:28 CST 2026
Usuario: HP
Presente Oscuro Del Espectro: Sí
La Referencia de Presente Del Espectro De: Sí
Muestreados de los componentes de Número de espectros: 1
Espectrómetros: USB4H06056
Tiempo de integración (usec): 100000 (USB4H06056)
Promedio de Espectros Hechos un: 1 (USB4H06056)
El Alisar Del Furgón: 0 (USB4H06056)
Párrafo de de Corregir del la del del de Eléctrica del obscuridad: No (USB4H06056)
Estrobo/Lámpara Permitido: No (USB4H06056)
Correct for Detector Non-linearity: No (USB4H06056)
Párrafo de de Corregir del la del del de Externa del luz: No (USB4H06056)
Procesado del espectro de Número de pixeles en: 3648
>>>>> Comienza Data<<<<< Espectral Procesado Del EL
345.09	400.000
345.30	400.000
345.52	400.000
345.74	-69.231
345.95	53.333
346.17	0.000
346.39	40.625
346.60	-4900.000
346.82	42.105
347.04	-8.333
347.25	-168.750
347.47	200.000
347.69	150.000
347.90	100.000
348.12	-200.000
348.34	57.447
348.56	73.529
348.77	272.222
348.99	1300.000
349.21	56.667
349.42	316.667
349.64	-600.000
349.86	-58.824
350.07	-35.714
350.29	91.304
350.51	3.509
350.72	860.000
350.94	60.714
351.16	94.595
351.37	-280.000
351.59	59.184
351.81	-76.923
352.02	75.000
352.24	37.931
352.46	75.000
352.67	106.818
352.89	0.000
353.10	105.882
353.32	150.000
353.54	-28.571
353.75	-22.222
353.97	356.250
354.19	100.000
354.40	188.889
354.62	0.000
354.84	2000.000
355.05	-60.526
355.27	22.449
355.49	-173.684
355.70	-333.333
355.92	-150.000
356.14	83.784
356.35	700.000
356.57	22.222
356.78	20.000
357.00	-11.111
357.22	-129.630
357.43	633.333
357.65	-322.222
357.87	-360.000
358.08	10.526
358.30	128.000
358.51	114.706
358.73	-185.714
358.95	-750.000
359.16	14.286
359.38	-866.667
359.60	1500.000
359.81	600.000
360.03	131.250
360.24	36.111
360.46	783.333
360.68	633.333
360.89	33.333
361.11	180.000
361.33	112.000
361.54	-255.556
361.76	62.857
361.97	-66.667
362.19	24.242
362.41	533.333
362.62	73.810
362.84	3.846
363.05	16.667
363.27	-2500.000
363.49	90.323
363.70	-0.000
363.92	29.032
364.13	-41.667
364.35	185.714
364.57	21.818
364.78	100.000
365.00	24.194
365.21	140.000
365.43	-142.857
365.65	-7.692
365.86	160.000
366.08	223.077
366.29	20.000
366.51	0.000
366.73	316.667
366.94	150.000
367.16	-63.636
367.37	-200.000
367.59	700.000
367.80	63.158
368.02	28.571
368.24	-66.667
368.45	300.000
368.67	307.692
368.88	61.111
369.10	30.769
369.31	262.500
369.53	236.364
369.75	-165.000
369.96	78.788
370.18	155.000
370.39	190.909
370.61	32.000
370.82	42.000
371.04	52.632
371.26	-250.000
371.47	20.833
371.69	269.231
371.90	-45.714
372.12	-32.000
372.33	48.889
372.55	184.615
372.76	150.000
372.98	-160.000
373.20	-45.455
373.41	18.750
373.63	-1100.000
373.84	200.000
374.06	-182.857
374.27	233.333
374.49	70.690
374.70	81.132
374.92	38.462
375.13	261.538
375.35	50.000
375.57	-51.351
375.78	143.478
376.00	130.303
376.21	-40.000
376.43	70.370
376.64	241.176
376.86	130.952
377.07	30.556
377.29	175.000
377.50	204.167
377.72	10.000
377.93	33.333
378.15	80.000
378.36	82.051
378.58	166.667
378.80	57.500
379.01	122.449
379.23	64.286
379.44	109.091
379.66	22.727
379.87	-480.000
380.09	-766.667
380.30	65.000
380.52	-24.000
380.73	100.000
380.95	275.000
381.16	-100.000
381.38	7.353
381.59	100.000
381.81	55.814
382.02	24.324
382.24	-400.000
382.45	72.917
382.67	-138.462
382.88	-242.857
383.10	118.868
383.31	150.000
383.53	0.000
383.74	16.667
383.96	-21.622
384.17	-215.385
384.39	600.000
384.60	345.455
384.82	175.000
385.03	-53.333
385.25	7.143
385.46	-3.226
385.68	96.429
385.89	92.857
386.11	31.034
386.32	0.000
386.54	57.692
386.75	45.833
386.97	-2.174
387.18	133.333
387.40	107.143
387.61	-244.444
387.83	-11.765
388.04	0.000
388.25	-133.333
388.47	-850.000
388.68	61.765
388.90	159.091
389.11	-11.111
389.33	-50.000
389.54	30.612
389.76	35.294
389.97	211.111
390.19	-11.111
390.40	-105.556
390.62	512.500
390.83	15.152
391.05	4500.000
391.26	145.946
391.47	2850.000
391.69	43.902
391.90	27.869
392.12	-255.556
392.33	-5.882
392.55	74.194
392.76	233.333
392.98	-90.476
393.19	-800.000
393.41	69.444
393.62	183.333
393.83	-88.889
394.05	82.759
394.26	-20.000
394.48	107.895
394.69	37.209
394.91	35.714
395.12	134.483
395.34	69.355
395.55	-69.231
395.76	0.000
395.98	50.000
396.19	20.455
396.41	31.081
396.62	-233.333
396.84	151.724
397.05	128.571
397.26	1100.000
397.48	-166.667
397.69	44.444
397.91	85.714
398.12	170.588
398.33	-428.571
398.55	400.000
398.76	30.769
398.98	200.000
399.19	-41.379
399.41	176.667
399.62	-125.000
399.83	350.000
400.05	80.952
400.26	-102.564
400.48	112.500
400.69	-33.333
400.90	250.000
401.12	51.351
401.33	58.696
401.55	47.619
401.76	1100.000
401.97	-375.000
402.19	88.235
402.40	200.000
402.62	-50.000
402.83	750.000
403.04	-21.739
403.26	-175.000
403.47	56.579
403.69	96.970
403.90	101.754
404.11	56.250
404.33	20.779
404.54	-26.087
404.76	42.647
404.97	81.250
405.18	-300.000
405.40	-77.778
405.61	40.299
405.83	64.407
406.04	122.917
406.25	-325.000
406.47	-1700.000
406.68	16.981
406.89	150.000
407.11	112.500
407.32	59.574
407.54	19.643
407.75	-12.195
407.96	52.830
408.18	-32.075
408.39	13.514
408.60	88.000
408.82	62.264
409.03	13.924
409.24	30.667
409.46	161.538
409.67	58.333
409.89	200.000
410.10	18.571
410.31	87.500
410.53	64.062
410.74	-1.299
410.95	-11.475
411.17	38.462
411.38	27.273
411.59	-3.448
411.81	-2150.000
412.02	83.077
412.23	24.490
412.45	-32.432
412.66	520.000
412.87	49.462
413.09	227.778
413.30	47.368
413.51	-68.750
413.73	-40.741
413.94	-3600.000
414.15	34.247
414.37	106.667
414.58	113.333
414.79	66.667
415.01	33.333
415.22	18.750
415.43	7.843
415.65	-6.667
415.86	54.651
416.07	-39.286
416.29	27.632
416.50	14.773
416.71	19.048
416.93	18.391
417.14	-36.585
417.35	13.636
417.57	14.679
417.78	38.776
417.99	33.636
418.21	34.694
418.42	90.625
418.63	-13.433
418.85	23.585
419.06	54.098
419.27	-16.667
419.48	-51.087
419.70	12.500
419.91	37.179
420.12	11.940
420.34	8.696
420.55	31.667
420.76	21.138
420.98	-38.806
421.19	14.094
421.40	-1.493
421.61	43.158
421.83	38.053
422.04	24.786
422.25	16.529
422.47	-17.021
422.68	3.623
422.89	11.268
423.11	1.190
423.32	36.364
423.53	44.366
423.74	24.742
423.96	30.000
424.17	48.503
424.38	-23.529
424.59	-34.615
424.81	-57.333
425.02	43.810
425.23	0.578
425.45	23.810
425.66	18.571
425.87	17.763
426.08	7.018
426.30	17.222
426.51	-9.474
426.72	32.836
426.93	39.706
427.15	26.738
427.36	12.838
427.57	14.483
427.79	5.000
428.00	15.060
428.21	24.413
428.42	-6.098
428.64	18.341
428.85	6.857
429.06	6.011
429.27	12.727
429.49	-8.511
429.70	11.392
429.91	25.620
430.12	-1.136
430.34	2.778
430.55	12.207
430.76	2.210
430.97	19.070
431.19	13.609
431.40	-24.737
431.61	24.479
431.82	-13.497
432.03	3.571
432.25	4.217
432.46	2.174
432.67	9.565
432.88	23.464
433.10	-9.633
433.31	33.333
433.52	1.894
433.73	9.948
433.95	-19.429
434.16	23.387
434.37	12.329
434.58	12.109
434.79	9.746
435.01	12.448
435.22	-11.688
435.43	14.356
435.64	12.109
435.86	-10.000
436.07	19.820
436.28	-13.665
436.49	16.087
436.70	8.607
436.92	9.960
437.13	-1.509
437.34	25.806
437.55	10.544
437.76	0.386
437.98	8.099
438.19	6.931
438.40	13.043
438.61	34.056
438.82	6.757
439.04	10.213
439.25	6.711
439.46	15.636
439.67	0.000
439.88	3.822
440.10	7.988
440.31	5.474
440.52	5.986
440.73	0.000
440.94	2.299
441.16	23.437
441.37	3.883
441.58	-6.186
441.79	-5.611
442.00	2.456
442.21	17.612
442.43	20.061
442.64	1.786
442.85	-0.912
443.06	-1.254
443.27	8.023
443.48	4.947
443.70	-0.965
443.91	9.697
444.12	10.217
444.33	6.739
444.54	-0.647
444.75	9.610
444.97	5.607
445.18	4.412
445.39	-5.000
445.60	4.967
445.81	13.598
446.02	-6.964
446.24	12.366
446.45	14.244
446.66	-0.971
446.87	11.280
447.08	14.179
447.29	12.583
447.51	10.857
447.72	3.694
447.93	13.032
448.14	1.939
448.35	9.264
448.56	-0.491
448.77	0.000
448.99	7.082
449.20	-0.838
449.41	5.100
449.62	7.592
449.83	2.452
450.04	10.209
450.25	11.189
450.46	4.639
450.68	1.918
450.89	11.737
451.10	7.634
451.31	0.265
451.52	14.010
451.73	6.150
451.94	-4.202
452.15	-12.202
452.37	7.046
452.58	7.123
452.79	3.672
453.00	8.209
453.21	-12.256
453.42	6.266
453.63	9.489
453.84	11.735
454.06	4.861
454.27	-1.777
454.48	1.250
454.69	9.577
454.90	7.071
455.11	6.190
455.32	16.274
455.53	-3.000
455.74	21.075
455.95	6.332
456.17	-2.237
456.38	12.990
456.59	11.136
456.80	9.207
457.01	16.223
457.22	6.941
457.43	3.185
457.64	20.798
457.85	5.239
458.06	11.400
458.27	1.402
458.49	15.269
458.70	9.053
458.91	0.402
459.12	12.474
459.33	9.091
459.54	9.917
459.75	14.545
459.96	-0.495
460.17	4.338
460.38	7.083
460.59	8.909
460.80	1.602
461.01	6.402
461.23	7.399
461.44	7.784
461.65	7.287
461.86	-1.325
462.07	8.366
462.28	10.189
462.49	1.109
462.70	0.221
462.91	-4.025
463.12	3.968
463.33	9.932
463.54	-1.055
463.75	-5.195
463.96	14.090
464.17	6.571
464.38	3.870
464.59	3.769
464.81	10.097
465.02	-0.200
465.23	-6.828
465.44	4.613
465.65	10.090
465.86	8.163
466.07	7.463
466.28	-2.490
466.49	4.788
466.70	8.841
466.91	3.986
467.12	6.238
467.33	3.565
467.54	11.504
467.75	7.451
467.96	12.876
468.17	2.841
468.38	3.640
468.59	8.445
468.80	5.882
469.01	2.467
469.22	1.990
469.43	-1.124
469.64	13.154
469.85	8.966
470.06	5.246
470.27	7.383
470.48	5.862
470.69	-0.174
470.90	4.348
471.11	0.946
471.32	13.204
471.53	12.283
471.74	4.058
471.95	8.199
472.16	8.528
472.37	-0.335
472.58	10.565
472.79	5.882
473.00	5.203
473.21	3.668
473.42	7.753
473.63	6.607
473.84	10.526
474.05	7.895
474.26	9.220
474.47	3.894
474.68	3.662
474.89	12.203
475.10	7.359
475.31	2.367
475.52	3.555
475.73	8.480
475.94	-0.141
476.15	8.904
476.36	-2.663
476.57	4.821
476.78	7.349
476.99	-3.587
477.20	8.146
477.41	7.080
477.62	10.630
477.83	2.261
478.04	1.702
478.25	6.258
478.46	8.000
478.67	3.017
478.88	6.838
479.09	6.049
479.30	10.280
479.51	7.115
479.72	3.502
479.93	13.571
480.14	5.618
480.35	13.728
480.56	1.102
480.77	5.807
480.98	-0.758
481.18	0.927
481.39	11.416
481.60	1.961
481.81	8.962
482.02	5.759
482.23	-0.232
482.44	9.242
482.65	6.709
482.86	-0.219
483.07	2.207
483.28	5.771
483.49	5.738
483.70	4.071
483.91	9.029
484.12	3.776
484.33	2.068
484.53	7.021
484.74	12.906
484.95	8.610
485.16	4.970
485.37	7.038
485.58	3.069
485.79	4.012
486.00	2.417
486.21	5.100
486.42	9.294
486.63	4.963
486.84	2.315
487.05	3.690
487.25	4.107
487.46	3.605
487.67	2.778
487.88	3.282
488.09	5.446
488.30	1.817
488.51	3.767
488.72	9.440
488.93	7.490
489.14	5.360
489.35	5.456
489.55	4.974
489.76	6.075
489.97	7.407
490.18	7.987
490.39	7.309
490.60	5.130
490.81	10.632
491.02	4.204
491.23	5.137
491.43	3.905
491.64	6.692
491.85	5.615
492.06	7.843
492.27	4.542
492.48	7.195
492.69	7.231
492.90	2.963
493.11	5.359
493.31	5.091
493.52	4.407
493.73	7.274
493.94	4.173
494.15	4.044
494.36	2.611
494.57	6.120
494.78	6.001
494.98	9.015
495.19	5.608
495.40	6.800
495.61	4.310
495.82	3.172
496.03	4.303
496.24	4.345
496.44	8.304
496.65	5.000
496.86	6.843
497.07	3.912
497.28	6.379
497.49	6.658
497.70	6.726
497.90	5.436
498.11	4.156
498.32	5.978
498.53	3.562
498.74	3.751
498.95	3.579
499.15	3.411
499.36	0.552
499.57	7.319
499.78	3.082
499.99	3.841
500.20	7.169
500.40	6.151
500.61	7.043
500.82	3.815
501.03	5.609
501.24	6.714
501.45	4.292
501.65	6.642
501.86	3.844
502.07	7.646
502.28	0.954
502.49	6.448
502.70	5.446
502.90	4.856
503.11	6.643
503.32	8.656
503.53	6.801
503.74	6.655
503.94	6.740
504.15	3.988
504.36	6.955
504.57	5.245
504.78	4.524
504.98	7.631
505.19	5.349
505.40	4.625
505.61	7.441
505.82	5.714
506.02	6.567
506.23	5.009
506.44	5.694
506.65	7.524
506.86	5.175
507.06	3.505
507.27	6.977
507.48	7.155
507.69	4.061
507.90	7.239
508.10	2.975
508.31	6.382
508.52	4.228
508.73	7.313
508.94	8.483
509.14	7.428
509.35	5.344
509.56	5.745
509.77	5.254
509.97	6.194
510.18	8.039
510.39	4.836
510.60	7.972
510.80	7.526
511.01	9.425
511.22	6.645
511.43	5.681
511.64	6.369
511.84	6.778
512.05	7.201
512.26	6.074
512.47	7.443
512.67	7.529
512.88	5.472
513.09	5.492
513.30	6.839
513.50	7.629
513.71	8.064
513.92	6.435
514.13	7.056
514.33	7.135
514.54	10.516
514.75	6.322
514.96	7.669
515.16	6.718
515.37	9.082
515.58	7.043
515.78	5.769
515.99	9.956
516.20	9.492
516.41	9.064
516.61	7.975
516.82	8.504
517.03	10.146
517.24	7.750
517.44	7.334
517.65	9.643
517.86	6.636
518.07	8.014
518.27	7.651
518.48	9.834
518.69	6.400
518.89	6.205
519.10	8.068
519.31	9.216
519.52	9.082
519.72	9.069
519.93	9.338
520.14	9.354
520.34	7.494
520.55	10.223
520.76	8.906
520.96	10.247
521.17	7.681
521.38	8.386
521.59	8.700
521.79	9.422
522.00	9.850
522.21	7.797
522.41	9.440
522.62	8.669
522.83	11.779
523.03	10.230
523.24	9.542
523.45	10.835
523.66	10.332
523.86	10.108
524.07	13.400
524.28	12.199
524.48	12.351
524.69	10.784
524.90	9.331
525.10	11.264
525.31	10.061
525.52	8.187
525.72	11.905
525.93	10.708
526.14	7.177
526.34	12.722
526.55	10.442
526.76	12.013
526.96	10.091
527.17	11.967
527.38	11.887
527.58	11.190
527.79	10.977
528.00	9.796
528.20	10.298
528.41	10.549
528.62	10.050
528.82	12.489
529.03	11.437
529.24	12.895
529.44	11.035
529.65	13.107
529.85	12.256
530.06	9.588
530.27	12.275
530.47	15.367
530.68	14.948
530.89	12.699
531.09	10.722
531.30	13.001
531.51	11.169
531.71	16.623
531.92	13.642
532.13	13.064
532.33	12.368
532.54	13.880
532.74	15.142
532.95	11.927
533.16	12.946
533.36	12.952
533.57	13.930
533.78	14.829
533.98	13.193
534.19	14.369
534.39	12.844
534.60	12.686
534.81	12.922
535.01	14.256
535.22	14.875
535.42	14.327
535.63	11.770
535.84	14.417
536.04	13.816
536.25	15.178
536.45	13.832
536.66	15.424
536.87	12.857
537.07	15.763
537.28	15.444
537.48	14.621
537.69	15.081
537.90	11.493
538.10	15.768
538.31	14.929
538.51	14.851
538.72	14.145
538.93	15.010
539.13	15.079
539.34	15.157
539.54	13.200
539.75	13.610
539.96	15.504
540.16	16.849
540.37	16.391
540.57	16.395
540.78	16.519
540.98	16.725
541.19	14.352
541.40	15.917
541.60	17.300
541.81	14.368
542.01	13.612
542.22	15.661
542.42	16.895
542.63	15.887
542.83	16.177
543.04	16.006
543.25	14.232
543.45	15.594
543.66	15.104
543.86	14.876
544.07	16.353
544.27	15.352
544.48	14.446
544.68	16.467
544.89	15.342
545.10	16.135
545.30	16.101
545.51	17.548
545.71	16.288
545.92	15.351
546.12	15.421
546.33	14.078
546.53	16.027
546.74	16.031
546.94	16.758
547.15	18.381
547.36	17.412
547.56	15.299
547.77	17.818
547.97	16.619
548.18	15.108
548.38	15.692
548.59	17.585
548.79	17.747
549.00	17.142
549.20	18.582
549.41	15.929
549.61	16.364
549.82	16.107
550.02	13.873
550.23	16.413
550.43	17.537
550.64	16.859
550.84	16.470
551.05	16.395
551.25	16.104
551.46	17.326
551.66	17.221
551.87	20.207
552.07	16.174
552.28	17.529
552.48	16.694
552.69	16.822
552.89	16.477
553.10	18.291
553.30	15.607
553.51	15.480
553.71	17.163
553.92	16.131
554.12	18.825
554.33	17.358
554.53	16.860
554.74	16.517
554.94	17.142
555.15	18.546
555.35	17.933
555.56	16.877
555.76	19.554
555.97	19.028
556.17	17.320
556.38	18.215
556.58	16.362
556.78	17.840
556.99	18.339
557.19	18.736
557.40	19.584
557.60	17.563
557.81	18.628
558.01	17.449
558.22	16.523
558.42	16.376
558.63	16.748
558.83	15.985
559.04	16.971
559.24	17.078
559.44	17.455
559.65	17.716
559.85	17.960
560.06	19.962
560.26	16.425
560.47	17.287
560.67	16.327
560.88	18.357
561.08	18.162
561.28	17.373
561.49	18.850
561.69	17.209
561.90	17.252
562.10	19.317
562.31	18.147
562.51	16.471
562.71	17.707
562.92	18.705
563.12	17.582
563.33	16.662
563.53	18.250
563.74	18.969
563.94	17.061
564.14	17.834
564.35	18.602
564.55	18.378
564.76	17.031
564.96	16.734
565.17	16.883
565.37	18.836
565.57	16.877
565.78	18.128
565.98	16.743
566.19	20.095
566.39	18.656
566.59	19.127
566.80	17.956
567.00	18.985
567.21	17.825
567.41	18.286
567.61	18.099
567.82	16.275
568.02	16.907
568.23	17.310
568.43	19.242
568.63	16.767
568.84	17.397
569.04	16.202
569.24	17.466
569.45	17.481
569.65	16.467
569.86	17.686
570.06	17.142
570.26	15.985
570.47	17.633
570.67	18.678
570.87	18.281
571.08	17.771
571.28	16.549
571.49	18.087
571.69	16.682
571.89	16.597
572.10	16.132
572.30	17.147
572.50	16.981
572.71	14.587
572.91	15.425
573.11	16.901
573.32	15.815
573.52	16.223
573.73	17.039
573.93	16.617
574.13	16.106
574.34	16.735
574.54	16.443
574.74	15.067
574.95	17.770
575.15	16.815
575.35	15.685
575.56	15.743
575.76	15.537
575.96	16.143
576.17	16.767
576.37	15.017
576.57	15.341
576.78	15.727
576.98	15.505
577.18	16.521
577.39	15.647
577.59	14.088
577.79	15.473
578.00	14.762
578.20	16.676
578.40	15.783
578.61	15.271
578.81	15.285
579.01	14.717
579.22	16.843
579.42	15.846
579.62	15.844
579.82	16.139
580.03	16.922
580.23	15.563
580.43	14.370
580.64	15.118
580.84	16.028
581.04	15.462
581.25	14.368
581.45	14.650
581.65	16.170
581.86	14.193
582.06	14.501
582.26	16.342
582.46	13.271
582.67	14.501
582.87	13.704
583.07	13.946
583.28	14.817
583.48	14.454
583.68	15.836
583.88	15.510
584.09	14.100
584.29	14.354
584.49	13.396
584.70	14.019
584.90	14.777
585.10	13.092
585.30	13.684
585.51	15.019
585.71	14.666
585.91	13.930
586.11	13.013
586.32	14.438
586.52	13.140
586.72	13.978
586.92	13.088
587.13	13.765
587.33	14.328
587.53	13.357
587.74	13.155
587.94	13.646
588.14	13.573
588.34	13.832
588.55	12.730
588.75	14.021
588.95	14.263
589.15	13.894
589.36	12.493
589.56	13.835
589.76	14.542
589.96	13.525
590.16	14.790
590.37	14.349
590.57	14.064
590.77	14.038
590.97	13.603
591.18	15.076
591.38	14.342
591.58	14.525
591.78	12.999
591.99	12.796
592.19	12.741
592.39	13.591
592.59	13.519
592.79	13.255
593.00	13.737
593.20	13.401
593.40	13.123
593.60	12.282
593.81	12.582
594.01	12.725
594.21	15.411
594.41	15.167
594.61	11.949
594.82	13.152
595.02	12.938
595.22	12.688
595.42	12.896
595.62	12.215
595.83	13.275
596.03	13.264
596.23	12.756
596.43	12.472
596.63	13.304
596.84	12.900
597.04	15.363
597.24	14.874
597.44	12.693
597.64	12.579
597.84	13.148
598.05	13.239
598.25	13.257
598.45	13.109
598.65	11.817
598.85	14.101
599.06	13.754
599.26	11.922
599.46	13.459
599.66	13.730
599.86	11.815
600.06	12.219
600.27	13.382
600.47	13.315
600.67	13.610
600.87	14.124
601.07	12.690
601.27	13.300
601.48	14.076
601.68	11.739
601.88	12.199
602.08	12.756
602.28	12.194
602.48	12.668
602.68	12.283
602.89	12.914
603.09	12.875
603.29	13.505
603.49	13.198
603.69	13.246
603.89	14.487
604.09	13.382
604.30	13.208
604.50	12.125
604.70	12.899
604.90	12.552
605.10	11.658
605.30	12.809
605.50	12.704
605.71	11.865
605.91	12.807
606.11	12.282
606.31	13.969
606.51	12.791
606.71	12.754
606.91	12.415
607.11	12.456
607.32	12.161
607.52	12.999
607.72	13.128
607.92	12.799
608.12	12.112
608.32	13.034
608.52	11.758
608.72	14.211
608.92	11.306
609.12	11.974
609.33	12.907
609.53	12.296
609.73	11.520
609.93	11.400
610.13	12.996
610.33	11.916
610.53	12.097
610.73	13.354
610.93	12.075
611.13	11.558
611.34	12.253
611.54	10.974
611.74	13.034
611.94	12.228
612.14	12.558
612.34	13.491
612.54	12.598
612.74	11.840
612.94	12.497
613.14	12.899
613.34	11.570
613.54	12.009
613.74	10.484
613.95	12.302
614.15	10.498
614.35	12.603
614.55	12.292
614.75	11.031
614.95	13.359
615.15	11.479
615.35	12.880
615.55	10.884
615.75	13.555
615.95	11.121
616.15	12.538
616.35	10.902
616.55	11.721
616.75	11.152
616.95	10.331
617.15	10.859
617.35	10.838
617.56	12.445
617.76	12.318
617.96	11.001
618.16	11.585
618.36	11.142
618.56	11.519
618.76	11.046
618.96	11.004
619.16	11.831
619.36	9.975
619.56	11.751
619.76	11.611
619.96	10.700
620.16	11.234
620.36	10.016
620.56	11.284
620.76	10.653
620.96	11.202
621.16	10.934
621.36	12.131
621.56	11.285
621.76	10.908
621.96	10.595
622.16	11.204
622.36	11.354
622.56	11.501
622.76	12.257
622.96	11.065
623.16	10.245
623.36	10.007
623.56	10.491
623.76	10.523
623.96	11.432
624.16	11.298
624.36	10.096
624.56	10.165
624.76	11.412
624.96	10.765
625.16	10.870
625.36	10.316
625.56	9.528
625.76	11.221
625.96	10.495
626.16	10.892
626.36	9.552
626.56	9.424
626.76	11.166
626.96	8.950
627.16	10.066
627.36	10.455
627.56	10.461
627.76	11.082
627.96	10.248
628.16	10.296
628.36	10.814
628.56	10.743
628.75	11.427
628.95	10.739
629.15	10.673
629.35	10.203
629.55	9.592
629.75	10.574
629.95	11.708
630.15	10.196
630.35	10.500
630.55	10.463
630.75	11.555
630.95	10.258
631.15	10.256
631.35	10.203
631.55	9.477
631.75	10.385
631.95	10.510
632.15	10.259
632.34	10.810
632.54	11.133
632.74	9.374
632.94	9.905
633.14	10.004
633.34	10.568
633.54	11.146
633.74	10.314
633.94	10.578
634.14	10.957
634.34	10.553
634.54	10.127
634.74	11.306
634.93	10.123
635.13	10.161
635.33	11.198
635.53	10.373
635.73	11.104
635.93	9.739
636.13	9.354
636.33	9.962
636.53	10.129
636.73	10.388
636.93	10.088
637.12	9.914
637.32	9.770
637.52	10.809
637.72	9.943
637.92	9.739
638.12	10.627
638.32	10.231
638.52	10.749
638.72	10.444
638.91	10.629
639.11	10.231
639.31	9.414
639.51	8.783
639.71	9.780
639.91	9.363
640.11	9.587
640.31	10.163
640.50	9.851
640.70	8.889
640.90	7.974
641.10	9.773
641.30	9.243
641.50	8.342
641.70	9.936
641.89	10.159
642.09	10.314
642.29	9.376
642.49	8.925
642.69	9.200
642.89	9.364
643.09	9.510
643.28	8.725
643.48	10.642
643.68	9.325
643.88	9.895
644.08	9.502
644.28	7.951
644.48	8.643
644.67	9.056
644.87	8.604
645.07	8.924
645.27	8.649
645.47	8.923
645.67	8.861
645.86	7.876
646.06	9.667
646.26	8.934
646.46	8.186
646.66	8.290
646.85	8.555
647.05	8.905
647.25	8.455
647.45	9.159
647.65	9.047
647.85	8.884
648.04	8.379
648.24	7.925
648.44	8.201
648.64	8.111
648.84	7.836
649.03	7.394
649.23	8.721
649.43	7.303
649.63	8.642
649.83	7.827
650.02	8.803
650.22	8.764
650.42	7.663
650.62	7.424
650.82	7.805
651.01	7.760
651.21	7.255
651.41	7.967
651.61	7.474
651.81	7.606
652.00	7.363
652.20	8.597
652.40	7.539
652.60	7.351
652.79	7.217
652.99	7.526
653.19	6.906
653.39	8.320
653.59	6.787
653.78	7.075
653.98	7.955
654.18	7.251
654.38	7.313
654.57	6.262
654.77	7.364
654.97	7.872
655.17	8.000
655.36	7.699
655.56	7.460
655.76	8.202
655.96	7.214
656.15	8.144
656.35	6.687
656.55	7.772
656.75	7.393
656.94	7.619
657.14	8.291
657.34	7.043
657.54	8.031
657.73	7.891
657.93	6.849
658.13	7.313
658.33	6.200
658.52	7.673
658.72	7.792
658.92	7.194
659.11	7.278
659.31	7.572
659.51	6.931
659.71	6.625
659.90	6.984
660.10	6.127
660.30	6.882
660.50	6.874
660.69	6.656
660.89	7.899
661.09	6.733
661.28	5.510
661.48	6.369
661.68	6.371
661.87	7.020
662.07	6.407
662.27	6.530
662.47	6.845
662.66	6.266
662.86	7.666
663.06	6.837
663.25	7.073
663.45	6.109
663.65	7.862
663.84	6.448
664.04	6.945
664.24	6.632
664.44	6.991
664.63	6.070
664.83	5.690
665.03	6.369
665.22	6.040
665.42	6.291
665.62	6.742
665.81	6.978
666.01	6.216
666.21	6.994
666.40	7.048
666.60	4.614
666.80	6.401
666.99	5.686
667.19	5.358
667.39	5.083
667.58	7.663
667.78	6.743
667.98	6.471
668.17	5.838
668.37	6.726
668.57	6.335
668.76	5.852
668.96	6.637
669.16	6.941
669.35	7.323
669.55	8.207
669.74	6.669
669.94	5.905
670.14	6.171
670.33	6.276
670.53	5.771
670.73	5.388
670.92	5.582
671.12	5.935
671.32	5.799
671.51	5.991
671.71	6.524
671.90	5.667
672.10	5.257
672.30	5.872
672.49	5.435
672.69	5.392
672.89	6.312
673.08	6.073
673.28	5.737
673.47	6.061
673.67	5.648
673.87	5.638
674.06	5.239
674.26	6.236
674.45	5.525
674.65	6.819
674.85	4.768
675.04	5.593
675.24	6.929
675.43	6.422
675.63	6.098
675.83	5.822
676.02	6.143
676.22	5.769
676.41	5.980
676.61	5.893
676.81	6.611
677.00	4.998
677.20	6.702
677.39	6.790
677.59	5.816
677.79	5.670
677.98	7.085
678.18	6.647
678.37	5.302
678.57	5.931
678.76	6.182
678.96	5.686
679.16	7.228
679.35	6.306
679.55	5.938
679.74	6.259
679.94	5.800
680.13	5.891
680.33	5.902
680.53	6.481
680.72	5.688
680.92	6.005
681.11	6.303
681.31	6.717
681.50	6.444
681.70	6.190
681.89	6.996
682.09	6.753
682.28	6.355
682.48	6.380
682.68	5.844
682.87	6.298
683.07	6.791
683.26	6.469
683.46	6.924
683.65	6.040
683.85	7.045
684.04	6.067
684.24	6.322
684.43	6.281
684.63	5.915
684.82	6.190
685.02	6.076
685.21	6.354
685.41	6.221
685.60	6.803
685.80	6.381
686.00	6.712
686.19	6.701
686.39	6.808
686.58	7.007
686.78	7.005
686.97	6.499
687.17	7.081
687.36	7.394
687.56	7.442
687.75	8.394
687.95	7.959
688.14	7.358
688.34	6.628
688.53	7.493
688.73	7.984
688.92	7.368
689.12	6.649
689.31	7.037
689.51	7.077
689.70	7.663
689.89	7.255
690.09	8.814
690.28	8.657
690.48	8.363
690.67	8.539
690.87	8.444
691.06	9.475
691.26	8.727
691.45	8.161
691.65	10.476
691.84	9.448
692.04	9.324
692.23	9.002
692.43	8.711
692.62	9.600
692.82	9.336
693.01	10.525
693.20	11.167
693.40	10.251
693.59	10.362
693.79	10.332
693.98	11.424
694.18	10.525
694.37	10.956
694.57	10.818
694.76	11.307
694.95	11.982
695.15	12.841
695.34	13.467
695.54	12.763
695.73	12.393
695.93	12.559
696.12	13.406
696.32	13.256
696.51	14.252
696.70	14.653
696.90	14.835
697.09	15.106
697.29	15.420
697.48	16.285
697.67	15.931
697.87	15.906
698.06	17.793
698.26	16.397
698.45	17.803
698.65	16.448
698.84	17.134
699.03	17.221
699.23	17.744
699.42	18.182
699.62	18.006
699.81	19.343
700.00	20.105
700.20	19.168
700.39	20.174
700.59	20.746
700.78	22.049
700.97	20.679
701.17	22.408
701.36	21.259
701.56	21.248
701.75	22.537
701.94	23.581
702.14	23.857
702.33	22.993
702.52	24.020
702.72	24.619
702.91	24.142
703.11	24.894
703.30	23.791
703.49	23.578
703.69	24.504
703.88	25.822
704.07	24.773
704.27	27.222
704.46	27.231
704.66	27.420
704.85	27.304
705.04	29.191
705.24	27.609
705.43	29.626
705.62	28.777
705.82	28.533
706.01	28.999
706.20	30.168
706.40	29.540
706.59	30.907
706.78	30.614
706.98	28.767
707.17	29.795
707.36	31.249
707.56	32.597
707.75	32.372
707.94	32.404
708.14	31.677
708.33	33.026
708.52	32.020
708.72	32.315
708.91	33.819
709.10	34.806
709.30	31.816
709.49	35.747
709.68	34.726
709.88	34.571
710.07	34.759
710.26	36.172
710.46	36.789
710.65	35.671
710.84	35.331
711.04	36.587
711.23	37.059
711.42	37.292
711.61	39.276
711.81	35.514
712.00	36.654
712.19	38.666
712.39	37.279
712.58	39.904
712.77	38.516
712.97	37.858
713.16	38.443
713.35	39.446
713.54	40.057
713.74	39.094
713.93	39.397
714.12	40.109
714.32	40.711
714.51	41.220
714.70	41.293
714.89	39.708
715.09	41.360
715.28	41.602
715.47	41.700
715.66	40.795
715.86	41.090
716.05	43.259
716.24	43.009
716.44	41.944
716.63	43.231
716.82	42.959
717.01	45.033
717.21	41.570
717.40	43.556
717.59	43.511
717.78	42.581
717.98	43.462
718.17	45.513
718.36	44.556
718.55	43.922
718.75	44.452
718.94	44.189
719.13	45.353
719.32	46.926
719.52	46.789
719.71	45.287
719.90	43.826
720.09	45.237
720.28	45.246
720.48	48.086
720.67	44.666
720.86	46.348
721.05	48.706
721.25	48.092
721.44	47.052
721.63	45.223
721.82	47.821
722.01	46.991
722.21	48.941
722.40	47.276
722.59	49.471
722.78	48.787
722.98	48.684
723.17	47.869
723.36	48.062
723.55	48.050
723.74	46.945
723.94	48.419
724.13	48.516
724.32	50.431
724.51	48.689
724.70	50.035
724.89	52.030
725.09	50.201
725.28	50.812
725.47	52.978
725.66	49.419
725.85	50.012
726.05	49.659
726.24	51.065
726.43	50.596
726.62	51.210
726.81	50.739
727.00	51.841
727.20	51.893
727.39	53.154
727.58	51.614
727.77	50.401
727.96	52.529
728.15	52.577
728.35	53.098
728.54	51.067
728.73	54.114
728.92	53.159
729.11	54.479
729.30	52.531
729.50	53.620
729.69	54.488
729.88	56.000
730.07	51.555
730.26	53.329
730.45	53.696
730.64	54.807
730.84	55.111
731.03	54.581
731.22	55.454
731.41	54.402
731.60	54.324
731.79	55.643
731.98	56.327
732.18	53.901
732.37	54.565
732.56	56.494
732.75	55.884
732.94	54.968
733.13	55.086
733.32	54.627
733.51	55.821
733.71	54.621
733.90	55.746
734.09	55.979
734.28	56.291
734.47	56.028
734.66	55.131
734.85	54.993
735.04	57.852
735.23	56.014
735.42	56.790
735.62	54.330
735.81	56.871
736.00	59.814
736.19	56.642
736.38	56.138
736.57	57.224
736.76	55.847
736.95	57.166
737.14	57.895
737.33	57.390
737.52	57.852
737.72	57.939
737.91	56.504
738.10	58.305
738.29	57.708
738.48	57.590
738.67	58.919
738.86	57.278
739.05	57.919
739.24	56.412
739.43	56.878
739.62	58.859
739.81	58.275
740.00	58.578
740.19	58.337
740.39	57.505
740.58	59.589
740.77	56.979
740.96	58.549
741.15	57.490
741.34	56.998
741.53	59.228
741.72	61.788
741.91	58.407
742.10	57.925
742.29	59.293
742.48	58.097
742.67	60.743
742.86	58.383
743.05	58.818
743.24	58.384
743.43	56.725
743.62	59.300
743.81	61.514
744.00	58.181
744.19	58.962
744.38	57.681
744.57	60.470
744.76	60.639
744.95	59.202
745.14	59.307
745.33	60.047
745.52	61.107
745.71	58.648
745.90	58.944
746.09	58.873
746.28	58.663
746.47	60.038
746.66	61.086
746.85	60.414
747.04	59.421
747.23	58.662
747.42	61.130
747.61	61.056
747.80	61.617
747.99	59.568
748.18	59.357
748.37	59.957
748.56	62.644
748.75	59.562
748.94	58.929
749.13	58.960
749.32	60.786
749.51	59.874
749.70	62.393
749.89	61.542
750.08	61.134
750.27	60.380
750.46	58.836
750.65	59.035
750.84	59.986
751.03	61.546
751.22	60.748
751.41	61.231
751.60	58.720
751.79	61.977
751.98	62.379
752.17	61.305
752.36	59.753
752.55	58.385
752.74	60.165
752.93	62.371
753.12	60.637
753.30	61.651
753.49	61.370
753.68	60.851
753.87	60.176
754.06	61.240
754.25	59.590
754.44	58.743
754.63	60.670
754.82	60.891
755.01	61.734
755.20	63.777
755.39	60.667
755.58	61.027
755.77	62.943
755.96	61.298
756.14	59.656
756.33	60.689
756.52	59.520
756.71	64.097
756.90	61.894
757.09	62.660
757.28	61.620
757.47	60.623
757.66	61.342
757.85	57.765
758.04	62.004
758.22	59.658
758.41	60.617
758.60	62.376
758.79	61.416
758.98	59.267
759.17	60.347
759.36	60.361
759.55	60.897
759.74	61.197
759.92	59.876
760.11	58.819
760.30	61.805
760.49	58.610
760.68	60.525
760.87	62.420
761.06	60.298
761.25	59.975
761.43	60.358
761.62	59.668
761.81	59.137
762.00	62.554
762.19	62.346
762.38	60.797
762.57	61.123
762.76	60.544
762.94	61.748
763.13	62.247
763.32	61.030
763.51	62.749
763.70	58.974
763.89	63.549
764.07	59.757
764.26	62.291
764.45	61.438
764.64	61.087
764.83	60.866
765.02	60.770
765.21	61.705
765.39	62.018
765.58	60.156
765.77	62.252
765.96	60.478
766.15	61.246
766.34	59.341
766.52	62.572
766.71	61.832
766.90	60.517
767.09	60.587
767.28	60.056
767.46	62.692
767.65	60.472
767.84	61.064
768.03	61.309
768.22	61.230
768.40	61.139
768.59	63.233
768.78	60.824
768.97	60.195
769.16	60.711
769.34	62.030
769.53	60.882
769.72	61.241
769.91	60.224
770.10	63.288
770.28	62.247
770.47	60.800
770.66	61.408
770.85	62.294
771.04	64.085
771.22	60.649
771.41	60.978
771.60	61.028
771.79	63.454
771.98	61.216
772.16	61.769
772.35	61.136
772.54	61.369
772.73	62.510
772.91	61.475
773.10	62.147
773.29	62.077
773.48	60.086
773.66	61.848
773.85	63.824
774.04	63.159
774.23	61.320
774.41	62.148
774.60	61.263
774.79	62.965
774.98	61.421
775.16	62.969
775.35	65.113
775.54	61.824
775.73	63.392
775.91	64.191
776.10	62.611
776.29	62.650
776.48	61.676
776.66	61.880
776.85	61.611
777.04	61.009
777.23	63.697
777.41	63.280
777.60	61.204
777.79	60.604
777.97	61.302
778.16	61.412
778.35	61.906
778.54	60.850
778.72	62.357
778.91	62.255
779.10	60.326
779.28	59.383
779.47	62.314
779.66	61.070
779.85	62.500
780.03	62.703
780.22	63.245
780.41	61.827
780.59	59.370
780.78	61.983
780.97	62.026
781.15	60.148
781.34	60.693
781.53	60.614
781.71	61.411
781.90	61.339
782.09	62.766
782.27	59.665
782.46	61.185
782.65	59.877
782.84	60.808
783.02	62.493
783.21	62.299
783.40	61.223
783.58	61.671
783.77	62.379
783.96	63.552
784.14	65.110
784.33	63.188
784.52	59.471
784.70	60.877
784.89	59.730
785.07	61.866
785.26	61.666
785.45	61.723
785.63	61.923
785.82	59.854
786.01	60.943
786.19	60.156
786.38	59.287
786.57	60.872
786.75	60.191
786.94	62.017
787.13	62.144
787.31	61.601
787.50	62.059
787.68	62.712
787.87	61.688
788.06	60.973
788.24	62.554
788.43	61.683
788.62	61.519
788.80	60.186
788.99	61.119
789.17	62.209
789.36	61.175
789.55	62.468
789.73	61.094
789.92	61.392
790.10	60.446
790.29	62.922
790.48	61.766
790.66	62.151
790.85	61.399
791.03	64.094
791.22	65.472
791.41	59.541
791.59	61.063
791.78	59.744
791.96	63.384
792.15	61.098
792.34	61.169
792.52	61.677
792.71	60.806
792.89	61.600
793.08	61.164
793.27	61.480
793.45	62.860
793.64	60.540
793.82	61.621
794.01	62.675
794.19	60.378
794.38	62.518
794.57	65.603
794.75	61.655
794.94	61.950
795.12	60.659
795.31	62.089
795.49	62.947
795.68	62.180
795.86	60.852
796.05	62.812
796.24	61.983
796.42	62.333
796.61	62.661
796.79	62.062
796.98	62.416
797.16	61.969
797.35	61.290
797.53	60.337
797.72	62.431
797.90	62.570
798.09	58.812
798.27	61.196
798.46	60.621
798.65	62.427
798.83	60.755
799.02	62.332
799.20	61.632
799.39	62.242
799.57	60.515
799.76	61.426
799.94	61.642
800.13	61.608
800.31	61.791
800.50	61.789
800.68	61.485
800.87	62.647
801.05	60.701
801.24	63.606
801.42	60.827
801.61	62.705
801.79	60.816
801.98	58.610
802.16	63.291
802.35	61.978
802.53	63.179
802.72	61.935
802.90	61.497
803.09	60.311
803.27	62.282
803.46	62.608
803.64	62.929
803.83	62.063
804.01	62.299
804.20	61.094
804.38	61.117
804.56	63.598
804.75	64.316
804.93	61.510
805.12	62.619
805.30	61.017
805.49	60.803
805.67	62.119
805.86	64.407
806.04	64.885
806.23	60.050
806.41	62.532
806.59	63.542
806.78	61.811
806.96	60.726
807.15	61.350
807.33	63.045
807.52	62.733
807.70	60.325
807.89	62.416
808.07	60.796
808.25	62.082
808.44	62.539
808.62	62.496
808.81	62.234
808.99	60.487
809.18	62.608
809.36	59.932
809.54	61.211
809.73	60.683
809.91	61.466
810.10	62.115
810.28	60.860
810.47	62.432
810.65	62.014
810.83	64.393
811.02	63.300
811.20	62.941
811.39	61.554
811.57	62.954
811.75	61.636
811.94	61.307
812.12	63.497
812.31	60.259
812.49	61.505
812.67	60.151
812.86	59.522
813.04	61.991
813.23	61.299
813.41	60.148
813.59	61.839
813.78	60.223
813.96	63.103
814.14	61.777
814.33	64.292
814.51	60.875
814.70	63.331
814.88	61.201
815.06	62.563
815.25	60.829
815.43	59.736
815.61	62.775
815.80	64.198
815.98	61.395
816.16	61.354
816.35	60.201
816.53	64.900
816.72	60.877
816.90	62.035
817.08	61.771
817.27	64.288
817.45	65.135
817.63	62.508
817.82	61.647
818.00	61.061
818.18	64.154
818.37	62.524
818.55	62.746
818.73	64.964
818.92	61.985
819.10	61.775
819.28	62.429
819.47	63.767
819.65	61.616
819.83	63.333
820.02	64.417
820.20	61.911
820.38	63.993
820.57	58.956
820.75	61.201
820.93	63.745
821.11	61.649
821.30	62.219
821.48	61.464
821.66	62.074
821.85	64.254
822.03	63.610
822.21	60.875
822.40	63.702
822.58	61.261
822.76	62.412
822.94	59.334
823.13	61.543
823.31	61.803
823.49	61.384
823.68	58.891
823.86	62.403
824.04	60.989
824.22	63.427
824.41	64.073
824.59	62.608
824.77	64.337
824.96	62.941
825.14	63.211
825.32	63.449
825.50	65.148
825.69	63.392
825.87	62.893
826.05	60.743
826.23	60.779
826.42	62.263
826.60	61.851
826.78	64.602
826.96	61.511
827.15	61.132
827.33	62.340
827.51	61.718
827.69	64.035
827.88	65.111
828.06	61.446
828.24	61.367
828.42	64.266
828.61	60.631
828.79	62.802
828.97	63.293
829.15	63.321
829.34	62.038
829.52	62.233
829.70	62.987
829.88	62.138
830.06	61.269
830.25	63.583
830.43	62.160
830.61	59.891
830.79	62.997
830.97	60.865
831.16	60.280
831.34	64.951
831.52	59.726
831.70	63.505
831.89	62.626
832.07	62.435
832.25	61.197
832.43	65.124
832.61	62.193
832.80	60.399
832.98	61.789
833.16	60.296
833.34	60.509
833.52	58.758
833.70	61.684
833.89	64.754
834.07	60.794
834.25	61.715
834.43	62.725
834.61	64.441
834.80	61.372
834.98	60.462
835.16	62.867
835.34	61.990
835.52	63.582
835.70	65.583
835.89	61.414
836.07	62.172
836.25	63.370
836.43	61.996
836.61	60.767
836.79	62.900
836.97	64.368
837.16	65.979
837.34	64.782
837.52	61.730
837.70	63.479
837.88	62.646
838.06	64.447
838.24	60.279
838.43	61.275
838.61	60.607
838.79	64.242
838.97	63.226
839.15	59.235
839.33	63.197
839.51	64.913
839.70	62.850
839.88	64.597
840.06	63.103
840.24	63.904
840.42	62.431
840.60	64.090
840.78	62.402
840.96	61.078
841.14	64.058
841.33	65.611
841.51	62.232
841.69	60.235
841.87	62.318
842.05	64.495
842.23	64.954
842.41	60.345
842.59	62.434
842.77	60.208
842.95	62.235
843.14	64.655
843.32	63.026
843.50	62.084
843.68	64.784
843.86	62.176
844.04	65.491
844.22	60.369
844.40	63.238
844.58	65.835
844.76	63.982
844.94	62.243
845.12	63.457
845.30	60.688
845.49	62.514
845.67	60.748
845.85	63.131
846.03	63.379
846.21	64.517
846.39	65.084
846.57	67.278
846.75	61.404
846.93	64.628
847.11	63.309
847.29	62.221
847.47	61.849
847.65	60.047
847.83	64.082
848.01	65.200
848.19	63.144
848.37	63.730
848.55	64.474
848.73	66.090
848.91	61.910
849.09	63.571
849.27	62.179
849.46	65.348
849.64	60.971
849.82	64.482
850.00	62.176
850.18	62.368
850.36	63.006
850.54	62.888
850.72	63.024
850.90	62.628
851.08	62.284
851.26	61.867
851.44	60.326
851.62	63.081
851.80	65.052
851.98	62.133
852.16	62.134
852.34	63.199
852.52	63.658
852.70	64.125
852.88	67.481
853.06	57.483
853.24	62.413
853.42	63.405
853.60	64.362
853.78	62.978
853.96	63.339
854.14	64.155
854.31	61.874
854.49	64.085
854.67	67.389
854.85	61.627
855.03	62.772
855.21	65.473
855.39	65.629
855.57	59.354
855.75	64.148
855.93	60.635
856.11	61.883
856.29	63.723
856.47	64.292
856.65	61.702
856.83	62.309
857.01	62.511
857.19	64.088
857.37	64.415
857.55	66.924
857.73	62.126
857.91	64.227
858.09	60.424
858.26	63.462
858.44	61.861
858.62	62.946
858.80	60.803
858.98	66.889
859.16	62.317
859.34	61.046
859.52	60.542
859.70	60.913
859.88	61.262
860.06	64.516
860.24	67.206
860.42	63.597
860.59	61.463
860.77	62.751
860.95	62.396
861.13	63.479
861.31	65.557
861.49	63.660
861.67	61.452
861.85	64.754
862.03	62.456
862.21	66.322
862.38	62.798
862.56	60.278
862.74	63.283
862.92	61.664
863.10	58.128
863.28	64.962
863.46	64.668
863.64	59.643
863.82	67.235
863.99	63.981
864.17	64.749
864.35	65.930
864.53	63.881
864.71	59.224
864.89	65.002
865.07	64.515
865.24	63.201
865.42	61.495
865.60	62.861
865.78	58.757
865.96	65.064
866.14	62.488
866.32	65.666
866.49	61.062
866.67	66.813
866.85	64.559
867.03	66.392
867.21	64.018
867.39	65.085
867.56	62.235
867.74	64.240
867.92	64.141
868.10	60.411
868.28	59.752
868.46	65.642
868.63	62.403
868.81	62.674
868.99	64.579
869.17	65.144
869.35	60.592
869.53	61.932
869.70	61.859
869.88	66.103
870.06	65.590
870.24	61.877
870.42	65.055
870.59	67.161
870.77	63.509
870.95	62.974
871.13	61.955
871.31	63.316
871.48	63.495
871.66	62.034
871.84	67.054
872.02	64.822
872.20	60.584
872.37	64.545
872.55	64.337
872.73	63.589
872.91	62.931
873.08	63.948
873.26	59.840
873.44	63.520
873.62	61.588
873.80	60.586
873.97	64.360
874.15	63.152
874.33	63.597
874.51	65.180
874.68	59.571
874.86	65.982
875.04	61.169
875.22	62.975
875.39	65.778
875.57	62.521
875.75	59.464
875.93	66.423
876.10	61.987
876.28	62.243
876.46	61.891
876.64	65.170
876.81	63.012
876.99	63.423
877.17	60.259
877.35	65.487
877.52	64.086
877.70	61.288
877.88	63.956
878.06	56.639
878.23	63.857
878.41	61.883
878.59	63.820
878.76	68.727
878.94	62.493
879.12	62.392
879.30	61.817
879.47	62.655
879.65	66.248
879.83	65.171
880.00	63.681
880.18	65.753
880.36	63.636
880.53	63.353
880.71	63.321
880.89	61.314
881.07	60.950
881.24	64.443
881.42	63.313
881.60	65.707
881.77	63.490
881.95	66.485
882.13	62.188
882.30	65.164
882.48	62.416
882.66	59.711
882.83	64.039
883.01	65.457
883.19	63.348
883.36	64.863
883.54	60.800
883.72	62.796
883.89	60.781
884.07	62.430
884.25	62.854
884.42	65.146
884.60	61.514
884.78	65.458
884.95	61.471
885.13	63.946
885.31	64.506
885.48	63.840
885.66	63.903
885.84	64.333
886.01	65.302
886.19	66.146
886.36	64.573
886.54	64.281
886.72	63.230
886.89	66.031
887.07	63.579
887.25	62.306
887.42	59.778
887.60	60.051
887.78	63.230
887.95	61.587
888.13	62.616
888.30	65.083
888.48	59.539
888.66	61.679
888.83	64.768
889.01	66.972
889.18	63.442
889.36	64.290
889.54	60.377
889.71	60.356
889.89	62.975
890.06	68.045
890.24	63.838
890.42	63.062
890.59	63.182
890.77	63.161
890.94	60.375
891.12	62.321
891.30	69.096
891.47	61.222
891.65	62.916
891.82	65.084
892.00	61.136
892.17	61.224
892.35	66.275
892.53	60.932
892.70	68.221
892.88	60.921
893.05	64.837
893.23	62.442
893.40	62.916
893.58	71.016
893.75	61.664
893.93	63.488
894.11	62.965
894.28	61.276
894.46	64.678
894.63	62.557
894.81	63.648
894.98	64.671
895.16	63.987
895.33	67.467
895.51	62.806
895.68	65.760
895.86	63.099
896.04	62.420
896.21	62.637
896.39	61.438
896.56	66.001
896.74	61.213
896.91	65.580
897.09	61.509
897.26	60.025
897.44	62.128
897.61	63.590
897.79	64.729
897.96	63.308
898.14	64.728
898.31	68.937
898.49	62.196
898.66	64.760
898.84	62.595
899.01	63.069
899.19	61.029
899.36	65.251
899.54	65.208
899.71	64.286
899.89	62.938
900.06	63.916
900.24	63.795
900.41	57.740
900.59	61.023
900.76	65.985
900.94	67.762
901.11	64.981
901.29	62.674
901.46	60.878
901.63	63.798
901.81	61.831
901.98	64.412
902.16	65.223
902.33	64.036
902.51	64.953
902.68	60.654
902.86	60.633
903.03	60.737
903.21	60.313
903.38	62.986
903.56	63.219
903.73	61.914
903.90	65.288
904.08	64.490
904.25	64.252
904.43	61.543
904.60	59.925
904.78	62.599
904.95	64.204
905.12	62.606
905.30	61.861
905.47	60.645
905.65	70.190
905.82	62.594
906.00	61.890
906.17	61.577
906.34	63.612
906.52	60.777
906.69	63.636
906.87	65.127
907.04	62.402
907.21	61.464
907.39	62.235
907.56	65.385
907.74	63.977
907.91	66.689
908.08	59.572
908.26	63.589
908.43	64.918
908.61	66.311
908.78	62.092
908.95	63.607
909.13	64.206
909.30	66.096
909.48	62.286
909.65	61.321
909.82	68.085
910.00	67.031
910.17	66.346
910.34	60.850
910.52	61.243
910.69	67.575
910.87	66.804
911.04	61.684
911.21	62.737
911.39	64.839
911.56	61.299
911.73	66.839
911.91	63.960
912.08	64.863
912.25	65.789
912.43	59.022
912.60	64.038
912.77	61.420
912.95	62.867
913.12	62.694
913.29	60.989
913.47	62.561
913.64	65.632
913.81	65.708
913.99	60.797
914.16	65.355
914.33	62.206
914.51	61.151
914.68	64.511
914.85	69.099
915.03	62.205
915.20	61.898
915.37	62.084
915.55	62.955
915.72	63.294
915.89	63.370
916.07	62.388
916.24	60.552
916.41	64.505
916.59	64.142
916.76	59.865
916.93	62.464
917.10	65.312
917.28	63.388
917.45	62.664
917.62	64.973
917.80	65.402
917.97	66.567
918.14	63.589
918.31	66.340
918.49	62.355
918.66	61.007
918.83	61.487
919.01	64.970
919.18	60.015
919.35	72.249
919.52	60.135
919.70	63.043
919.87	61.073
920.04	63.728
920.21	69.115
920.39	65.714
920.56	63.715
920.73	64.430
920.90	61.346
921.08	63.294
921.25	61.545
921.42	66.584
921.59	66.175
921.77	64.219
921.94	63.688
922.11	64.552
922.28	63.590
922.46	61.211
922.63	65.957
922.80	63.180
922.97	61.207
923.15	61.025
923.32	60.814
923.49	66.497
923.66	70.714
923.83	69.182
924.01	66.667
924.18	65.668
924.35	62.979
924.52	62.722
924.69	64.299
924.87	67.003
925.04	62.478
925.21	67.860
925.38	59.001
925.55	65.405
925.73	65.640
925.90	62.905
926.07	62.687
926.24	61.308
926.41	65.188
926.59	65.622
926.76	66.475
926.93	65.977
927.10	62.208
927.27	67.215
927.45	63.422
927.62	64.272
927.79	67.807
927.96	66.531
928.13	67.161
928.30	69.246
928.48	63.973
928.65	63.758
928.82	67.041
928.99	65.891
929.16	60.084
929.33	63.298
929.50	69.459
929.68	61.802
929.85	59.375
930.02	62.238
930.19	63.041
930.36	55.951
930.53	64.174
930.70	61.017
930.88	63.973
931.05	59.779
931.22	64.092
931.39	67.991
931.56	58.863
931.73	60.698
931.90	64.957
932.08	73.188
932.25	67.730
932.42	64.207
932.59	66.002
932.76	63.797
932.93	64.885
933.10	61.307
933.27	64.690
933.44	62.569
933.62	61.528
933.79	62.282
933.96	65.128
934.13	59.697
934.30	61.846
934.47	63.873
934.64	64.214
934.81	61.640
934.98	61.574
935.15	66.832
935.32	61.206
935.50	69.984
935.67	58.121
935.84	62.069
936.01	67.156
936.18	61.274
936.35	62.311
936.52	59.901
936.69	62.222
936.86	51.642
937.03	62.372
937.20	54.021
937.37	57.778
937.54	66.183
937.71	64.729
937.89	59.112
938.06	76.289
938.23	61.809
938.40	64.569
938.57	57.143
938.74	68.678
938.91	64.140
939.08	71.761
939.25	72.365
939.42	71.507
939.59	54.231
939.76	75.758
939.93	67.247
940.10	75.578
940.27	68.841
940.44	58.170
940.61	66.987
940.78	62.914
940.95	53.550
941.12	74.400
941.29	64.236
941.46	73.898
941.63	63.934
941.80	58.042
941.97	63.235
942.14	76.562
942.31	64.824
942.48	58.305
942.65	75.188
942.82	51.420
942.99	67.000
943.16	73.600
943.33	62.681
943.50	60.269
943.67	71.144
943.84	63.118
944.01	63.725
944.18	60.390
944.35	59.414
944.52	53.712
944.69	60.800
944.86	40.149
945.03	64.202
945.20	91.457
945.37	56.863
945.54	62.857
945.71	69.444
945.88	51.515
946.05	55.422
946.22	76.491
946.39	67.578
946.56	87.121
946.73	51.264
946.90	67.638
947.07	59.727
947.23	78.947
947.40	56.835
947.57	74.510
947.74	64.643
947.91	77.007
948.08	89.189
948.25	48.800
948.42	65.763
948.59	60.596
948.76	53.125
948.93	65.886
949.10	53.608
949.27	70.423
949.44	73.606
949.60	59.322
949.77	77.441
949.94	48.092
950.11	65.763
950.28	51.773
950.45	55.303
950.62	80.000
950.79	67.273
950.96	81.419
951.13	61.742
951.30	55.132
951.46	67.532
951.63	75.962
951.80	68.056
951.97	59.184
952.14	68.235
952.31	77.211
952.48	49.741
952.65	69.836
952.81	62.112
952.98	61.180
953.15	75.811
953.32	51.504
953.49	74.242
953.66	81.818
953.83	56.986
954.00	61.170
954.16	64.456
954.33	76.834
954.50	40.988
954.67	71.264
954.84	47.714
955.01	66.667
955.18	69.444
955.34	82.759
955.51	69.632
955.68	71.233
955.85	66.849
956.02	70.942
956.19	67.778
956.35	56.341
956.52	73.842
956.69	88.411
956.86	71.512
957.03	52.551
957.20	54.824
957.36	65.426
957.53	75.581
957.70	63.433
957.87	71.144
958.04	61.139
958.21	51.499
958.37	61.429
958.54	60.538
958.71	59.945
958.88	63.846
959.05	75.833
959.21	47.507
959.38	63.797
959.55	61.675
959.72	54.569
959.89	62.559
960.05	64.972
960.22	71.503
960.39	62.216
960.56	67.662
960.72	47.409
960.89	65.187
961.06	62.740
961.23	61.702
961.40	60.574
961.56	55.908
961.73	59.905
961.90	58.779
962.07	68.798
962.23	56.992
962.40	65.057
962.57	57.346
962.74	63.144
962.90	73.086
963.07	68.409
963.24	71.274
963.41	64.691
963.57	84.091
963.74	76.127
963.91	61.591
964.08	73.580
964.24	60.697
964.41	63.007
964.58	73.171
964.75	54.301
964.91	70.602
965.08	58.413
965.25	58.543
965.42	65.764
965.58	72.249
965.75	67.018
965.92	69.575
966.08	67.261
966.25	67.943
966.42	57.962
966.59	69.554
966.75	60.459
966.92	59.135
967.09	73.537
967.25	66.667
967.42	78.706
967.59	63.014
967.75	53.118
967.92	68.939
968.09	78.161
968.26	59.511
968.42	68.504
968.59	52.889
968.76	65.789
968.92	45.024
969.09	56.448
969.26	70.959
969.42	57.282
969.59	68.354
969.76	59.259
969.92	55.011
970.09	60.256
970.26	52.041
970.42	53.182
970.59	70.628
970.76	67.602
970.92	68.123
971.09	57.538
971.26	60.822
971.42	62.381
971.59	53.050
971.76	78.718
971.92	62.592
972.09	65.228
972.25	72.727
972.42	68.158
972.59	65.922
972.75	64.567
972.92	57.377
973.09	71.582
973.25	59.384
973.42	62.304
973.58	59.200
973.75	68.878
973.92	63.877
974.08	61.347
974.25	68.227
974.42	49.051
974.58	59.854
974.75	67.241
974.91	54.856
975.08	63.942
975.25	61.758
975.41	61.758
975.58	66.384
975.74	69.501
975.91	59.105
976.08	73.585
976.24	67.391
976.41	65.344
976.57	67.617
976.74	55.309
976.91	59.467
977.07	54.135
977.24	67.493
977.40	66.246
977.57	48.930
977.73	49.735
977.90	59.259
978.07	52.941
978.23	60.955
978.40	67.257
978.56	71.045
978.73	67.619
978.89	60.615
979.06	58.810
979.22	60.894
979.39	53.727
979.56	56.452
979.72	76.608
979.89	62.740
980.05	72.810
980.22	70.253
980.38	75.219
980.55	63.130
980.71	65.934
980.88	71.045
981.04	61.300
981.21	68.590
981.37	57.881
981.54	61.850
981.70	77.099
981.87	50.893
982.04	58.824
982.20	57.881
982.37	65.680
982.53	62.803
982.70	67.614
982.86	50.681
983.03	74.909
983.19	79.299
983.36	73.968
983.52	49.843
983.69	62.678
983.85	71.803
984.02	64.000
984.18	66.947
984.35	53.846
984.51	57.692
984.68	69.716
984.84	55.077
985.00	80.831
985.17	74.757
985.33	65.724
985.50	71.865
985.66	75.735
985.83	52.333
985.99	60.714
986.16	61.565
986.32	67.987
986.49	64.183
986.65	62.951
986.82	59.211
986.98	82.034
987.15	61.953
987.31	64.000
987.47	51.282
987.64	71.217
987.80	71.148
987.97	68.531
988.13	60.484
988.30	65.357
988.46	66.084
988.63	54.150
988.79	63.569
988.95	82.784
989.12	53.067
989.28	65.161
989.45	64.444
989.61	47.751
989.77	63.866
989.94	63.248
990.10	63.406
990.27	57.308
990.43	52.203
990.60	64.052
990.76	64.198
990.92	60.741
991.09	58.000
991.25	57.798
991.42	59.701
991.58	63.481
991.74	75.210
991.91	72.400
992.07	64.794
992.24	83.333
992.40	54.321
992.56	61.024
992.73	71.311
992.89	66.406
993.05	58.608
993.22	81.413
993.38	59.912
993.55	53.257
993.71	55.197
993.87	62.547
994.04	51.661
994.20	66.222
994.36	59.779
994.53	56.198
994.69	97.596
994.85	71.084
995.02	64.460
995.18	61.455
995.34	77.922
995.51	56.432
995.67	69.804
995.84	62.304
996.00	43.220
996.16	51.383
996.33	57.635
996.49	57.627
996.65	59.167
996.82	87.805
996.98	64.202
997.14	62.557
997.31	48.988
997.47	71.489
997.63	62.791
997.79	65.566
997.96	60.937
998.12	63.699
998.28	74.528
998.45	84.211
998.61	83.163
998.77	57.364
998.94	44.767
999.10	65.272
999.26	57.959
999.43	37.113
999.59	75.926
999.75	51.852
999.91	61.458
1000.08	50.254
1000.24	88.571
1000.40	70.306
1000.57	67.347
1000.73	62.332
1000.89	86.432
1001.05	57.500
1001.22	82.212
1001.38	71.233
1001.54	68.553
1001.70	49.057
1001.87	62.564
1002.03	63.547
1002.19	80.488
1002.35	56.207
1002.52	82.547
1002.68	90.000
1002.84	64.390
1003.00	87.500
1003.17	51.628
1003.33	57.639
1003.49	71.635
1003.65	76.856
1003.82	66.138
1003.98	72.906
1004.14	53.684
1004.30	75.000
1004.47	66.842
1004.63	80.255
1004.79	57.368
1004.95	48.066
1005.11	67.742
1005.28	63.830
1005.44	63.842
1005.60	70.370
1005.76	50.000
1005.93	62.500
1006.09	53.750
1006.25	65.363
1006.41	68.000
1006.57	78.014
1006.74	50.282
1006.90	74.026
1007.06	56.051
1007.22	68.927
1007.38	57.500
1007.55	57.955
1007.71	65.327
1007.87	63.291
1008.03	66.879
1008.19	85.890
1008.35	83.732
1008.52	77.000
1008.68	50.000
1008.84	63.592
1009.00	72.308
1009.16	79.032
1009.32	70.833
1009.49	80.667
1009.65	54.054
1009.81	104.464
1009.97	70.803
1010.13	50.829
1010.29	69.189
1010.46	50.000
1010.62	51.724
1010.78	77.703
1010.94	59.836
1011.10	80.272
1011.26	127.586
1011.42	92.035
1011.59	85.792
1011.75	68.000
1011.91	76.190
1012.07	47.753
1012.23	53.378
1012.39	48.667
1012.55	67.204
1012.71	65.306
1012.88	84.615
1013.04	71.351
1013.20	73.256
1013.36	66.102
1013.52	61.486
1013.68	87.719
1013.84	60.317
1014.00	77.273
1014.16	74.497
1014.33	48.889
1014.49	90.654
1014.65	56.522
1014.81	54.645
1014.97	90.751
1015.13	59.783
1015.29	53.846
1015.45	74.286
1015.61	58.678
1015.77	82.946
1015.93	57.143
1016.09	51.220
1016.26	49.351
1016.42	56.571
1016.58	56.075
1016.74	74.809
1016.90	75.258
1017.06	62.500
1017.22	76.596
1017.38	98.611
1017.54	34.247
1017.70	141.463
1017.86	104.237
1018.02	102.353
1018.18	81.081
1018.34	79.528
1018.50	49.286
1018.66	117.647
1018.82	42.754
1018.98	43.651
1019.14	71.094
1019.31	79.570
1019.47	47.674
1019.63	71.074
1019.79	69.231
1019.95	76.471
1020.11	24.031
1020.27	8.511
1020.43	82.031
1020.59	48.889
1020.75	136.486
1020.91	83.333
1021.07	58.678
1021.23	86.316
1021.39	73.451
1021.55	50.000
1021.71	55.833
1021.87	40.196
1022.03	53.383
1022.19	84.375
1022.35	118.919
1022.51	-14.118
1022.67	123.077
1022.83	50.704
1022.99	64.463
1023.15	52.857
1023.31	81.013
1023.47	80.851
1023.63	85.246
1023.79	80.220
1023.95	113.889
1024.10	39.474
1024.26	72.527
1024.42	75.000
1024.58	56.044
1024.74	101.739
1024.90	102.500
1025.06	51.042
1025.22	118.750
1025.38	52.273
1025.54	63.725
1025.70	67.606
1025.86	68.462
1026.02	48.936
1026.18	36.634
1026.34	86.139
1026.50	85.981
1026.66	67.347
1026.82	69.231
1026.98	29.231
1027.13	54.545
1027.29	113.514
1027.45	80.460
1027.61	28.571
1027.77	13.043
1027.93	187.500
1028.09	72.619
1028.25	65.152
1028.41	162.500
1028.57	6.522
1028.73	110.667
1028.88	52.778
1029.04	44.118
1029.20	40.580
1029.36	75.000
1029.52	72.881
1029.68	104.255
1029.84	67.416
1030.00	31.746
1030.16	58.824
1030.32	103.191
1030.47	88.235
1030.63	32.812
1030.79	128.571
1030.95	87.500
1031.11	-29.508
1031.27	138.235
1031.43	56.000
1031.59	155.000
1031.74	114.286
1031.90	73.684
1032.06	228.000
1032.22	62.500
1032.38	152.273
1032.54	44.444
1032.69	31.000
1032.85	85.965
1033.01	9.804
1033.17	89.474
1033.33	103.896
1033.49	60.345
1033.65	158.824
1033.80	115.254
1033.96	58.947
1034.12	90.385
1034.28	-1.695
1034.44	107.143
1034.60	79.545
1034.75	115.789
1034.91	101.639
1035.07	104.286
1035.23	916.667
1035.39	86.364
1035.54	20.339
1035.70	-75.000
1035.86	21.667
1036.02	178.947
1036.18	52.632
1036.33	43.860
1036.49	42.647
1036.65	59.259
1036.81	285.714
1036.97	83.871
1037.12	108.219
1037.28	34.545
1037.44	150.877
1037.60	82.500
1037.76	112.903
1037.91	200.000
1038.07	63.415
1038.23	97.333
1038.39	58.333
1038.54	100.000
1038.70	212.500
1038.86	88.889
1039.02	-2000.000
1039.17	107.792
1039.33	78.082
1039.49	206.250
1039.65	63.934
1039.80	42.857
1039.96	98.000
1040.12	74.725
1040.28	133.333
>>>>> Data<<<<< Espectral Procesado Extremo
