Fichero De Datos De SpectraSuite
++++++++++++++++++++++++++++++++++++
Fecha: Wed Jul 15 16:47:57 CST 2026
Usuario: HP
Presente Oscuro Del Espectro: Sí
La Referencia de Presente Del Espectro De: Sí
Muestreados de los componentes de Número de espectros: 1
Espectrómetros: USB4H06056
Tiempo de integración (usec): 100000 (USB4H06056)
Promedio de Espectros Hechos un: 1 (USB4H06056)
El Alisar Del Furgón: 0 (USB4H06056)
Párrafo de de Corregir del la del del de Eléctrica del obscuridad: No (USB4H06056)
Estrobo/Lámpara Permitido: No (USB4H06056)
Correct for Detector Non-linearity: No (USB4H06056)
Párrafo de de Corregir del la del del de Externa del luz: No (USB4H06056)
Procesado del espectro de Número de pixeles en: 3648
>>>>> Comienza Data<<<<< Espectral Procesado Del EL
345.09	300.000
345.30	300.000
345.52	300.000
345.74	-53.846
345.95	33.333
346.17	0.000
346.39	25.000
346.60	-6800.000
346.82	118.421
347.04	75.000
347.25	125.000
347.47	-4300.000
347.69	950.000
347.90	131.579
348.12	-280.000
348.34	48.936
348.56	61.765
348.77	316.667
348.99	1466.667
349.21	173.333
349.42	325.000
349.64	-2500.000
349.86	11.765
350.07	42.857
350.29	89.130
350.51	15.789
350.72	-300.000
350.94	85.714
351.16	83.784
351.37	-320.000
351.59	75.510
351.81	-153.846
352.02	216.667
352.24	-44.828
352.46	350.000
352.67	77.273
352.89	54.545
353.10	94.118
353.32	7.692
353.54	114.286
353.75	11.111
353.97	218.750
354.19	300.000
354.40	155.556
354.62	0.000
354.84	2900.000
355.05	-92.105
355.27	34.694
355.49	-131.579
355.70	66.667
355.92	380.000
356.14	164.865
356.35	300.000
356.57	-11.111
356.78	93.333
357.00	55.556
357.22	-62.963
357.43	866.667
357.65	-377.778
357.87	-360.000
358.08	57.895
358.30	-80.000
358.51	85.294
358.73	642.857
358.95	-50.000
359.16	250.000
359.38	-233.333
359.60	1800.000
359.81	460.000
360.03	12.500
360.24	77.778
360.46	583.333
360.68	433.333
360.89	0.000
361.11	110.000
361.33	32.000
361.54	-211.111
361.76	145.714
361.97	-244.444
362.19	178.788
362.41	733.333
362.62	109.524
362.84	-69.231
363.05	53.333
363.27	-3200.000
363.49	51.613
363.70	233.333
363.92	174.194
364.13	70.833
364.35	85.714
364.57	58.182
364.78	-0.000
365.00	98.387
365.21	124.000
365.43	-185.714
365.65	107.692
365.86	8.000
366.08	115.385
366.29	20.000
366.51	0.000
366.73	525.000
366.94	540.000
367.16	69.697
367.37	-125.000
367.59	-475.000
367.80	110.526
368.02	189.286
368.24	44.444
368.45	-100.000
368.67	38.462
368.88	122.222
369.10	176.923
369.31	100.000
369.53	63.636
369.75	50.000
369.96	-6.061
370.18	-5.000
370.39	0.000
370.61	14.000
370.82	52.000
371.04	-126.316
371.26	-225.000
371.47	112.500
371.69	315.385
371.90	85.714
372.12	104.000
372.33	46.667
372.55	-30.769
372.76	-29.167
372.98	-6.667
373.20	-121.212
373.41	18.750
373.63	-600.000
373.84	1300.000
374.06	48.571
374.27	1333.333
374.49	50.000
374.70	20.755
374.92	176.923
375.13	430.769
375.35	-150.000
375.57	37.838
375.78	47.826
376.00	-133.333
376.21	-186.667
376.43	103.704
376.64	58.824
376.86	169.048
377.07	13.889
377.29	-16.667
377.50	100.000
377.72	170.000
377.93	-83.333
378.15	26.154
378.36	56.410
378.58	66.667
378.80	157.500
379.01	140.816
379.23	145.238
379.44	250.000
379.66	140.909
379.87	-620.000
380.09	-866.667
380.30	17.500
380.52	188.000
380.73	-94.118
380.95	-100.000
381.16	800.000
381.38	66.176
381.59	240.000
381.81	0.000
382.02	5.405
382.24	1050.000
382.45	122.917
382.67	-153.846
382.88	-228.571
383.10	79.245
383.31	2.778
383.53	-16.667
383.74	50.000
383.96	-5.405
384.17	-207.692
384.39	216.667
384.60	181.818
384.82	166.667
385.03	166.667
385.25	103.571
385.46	51.613
385.68	107.143
385.89	164.286
386.11	31.034
386.32	-400.000
386.54	46.154
386.75	4.167
386.97	78.261
387.18	22.222
387.40	103.571
387.61	11.111
387.83	-105.882
388.04	0.000
388.25	-11.111
388.47	-1150.000
388.68	126.471
388.90	0.000
389.11	48.148
389.33	-125.000
389.54	-16.327
389.76	-105.882
389.97	-3.704
390.19	-4.762
390.40	116.667
390.62	212.500
390.83	96.970
391.05	2000.000
391.26	108.108
391.47	2450.000
391.69	80.488
391.90	-3.279
392.12	88.889
392.33	-123.529
392.55	19.355
392.76	-50.000
392.98	42.857
393.19	-1200.000
393.41	77.778
393.62	-36.667
393.83	-255.556
394.05	74.138
394.26	-14.000
394.48	94.737
394.69	11.628
394.91	53.571
395.12	93.103
395.34	43.548
395.55	238.462
395.76	0.000
395.98	79.167
396.19	104.545
396.41	78.378
396.62	-1733.333
396.84	82.759
397.05	50.000
397.26	1566.667
397.48	13.333
397.69	108.889
397.91	48.980
398.12	152.941
398.33	-42.857
398.55	-880.000
398.76	53.846
398.98	-6.250
399.19	37.931
399.41	163.333
399.62	8.333
399.83	185.714
400.05	-42.857
400.26	-82.051
400.48	-143.750
400.69	79.167
400.90	115.000
401.12	-2.703
401.33	15.217
401.55	-80.952
401.76	1300.000
401.97	-200.000
402.19	176.471
402.40	740.000
402.62	-75.000
402.83	-300.000
403.04	39.130
403.26	337.500
403.47	40.789
403.69	109.091
403.90	70.175
404.11	-50.000
404.33	54.545
404.54	-82.609
404.76	64.706
404.97	-31.250
405.18	200.000
405.40	19.444
405.61	25.373
405.83	47.458
406.04	31.250
406.25	-700.000
406.47	-1800.000
406.68	50.943
406.89	-775.000
407.11	-250.000
407.32	68.085
407.54	14.286
407.75	17.073
407.96	88.679
408.18	56.604
408.39	48.649
408.60	-84.000
408.82	-1.887
409.03	16.456
409.24	10.667
409.46	84.615
409.67	80.556
409.89	94.118
410.10	31.429
410.31	38.889
410.53	95.312
410.74	45.455
410.95	4.918
411.17	-23.077
411.38	22.727
411.59	31.034
411.81	-450.000
412.02	72.308
412.23	89.796
412.45	64.865
412.66	-300.000
412.87	48.387
413.09	50.000
413.30	273.684
413.51	-200.000
413.73	1.852
413.94	-3100.000
414.15	20.548
414.37	80.000
414.58	-60.000
414.79	62.500
415.01	-56.667
415.22	50.000
415.43	29.412
415.65	71.111
415.86	58.140
416.07	-21.429
416.29	34.211
416.50	7.955
416.71	41.270
416.93	47.126
417.14	56.098
417.35	22.727
417.57	22.018
417.78	-30.612
417.99	26.364
418.21	63.265
418.42	43.750
418.63	0.000
418.85	30.189
419.06	11.475
419.27	-4.762
419.48	17.391
419.70	6.250
419.91	15.385
420.12	-16.418
420.34	-4.348
420.55	35.000
420.76	1.626
420.98	-5.970
421.19	33.557
421.40	-26.866
421.61	-3.158
421.83	29.204
422.04	6.838
422.25	28.099
422.47	-2.128
422.68	13.043
422.89	-6.338
423.11	-16.667
423.32	13.333
423.53	52.113
423.74	-5.155
423.96	34.286
424.17	10.778
424.38	-19.608
424.59	-32.051
424.81	-21.333
425.02	30.476
425.23	29.480
425.45	19.643
425.66	30.000
425.87	19.737
426.08	18.421
426.30	21.111
426.51	-29.474
426.72	20.149
426.93	-5.147
427.15	26.738
427.36	6.081
427.57	31.034
427.79	-1.500
428.00	14.458
428.21	6.103
428.42	30.488
428.64	26.638
428.85	12.571
429.06	19.672
429.27	9.545
429.49	-5.674
429.70	29.114
429.91	21.074
430.12	12.500
430.34	24.537
430.55	11.737
430.76	31.492
430.97	29.302
431.19	19.527
431.40	8.947
431.61	16.146
431.82	4.908
432.03	5.357
432.25	-8.434
432.46	8.152
432.67	17.391
432.88	9.497
433.10	-12.385
433.31	12.500
433.52	12.500
433.73	-4.712
433.95	5.714
434.16	27.823
434.37	10.502
434.58	11.719
434.79	2.542
435.01	21.992
435.22	2.165
435.43	26.733
435.64	7.031
435.86	11.000
436.07	13.514
436.28	-8.696
436.49	13.043
436.70	11.885
436.92	13.546
437.13	-16.604
437.34	15.054
437.55	12.245
437.76	-5.792
437.98	17.254
438.19	20.462
438.40	18.478
438.61	24.149
438.82	20.270
439.04	-3.830
439.25	10.067
439.46	7.636
439.67	-8.730
439.88	10.191
440.10	15.385
440.31	14.599
440.52	6.690
440.73	5.534
440.94	16.092
441.16	15.000
441.37	16.181
441.58	11.684
441.79	1.980
442.00	5.263
442.21	9.552
442.43	17.021
442.64	1.071
442.85	-3.647
443.06	0.000
443.27	12.894
443.48	8.834
443.70	13.826
443.91	18.485
444.12	4.954
444.33	15.094
444.54	11.003
444.75	5.455
444.97	-2.804
445.18	7.353
445.39	1.563
445.60	4.967
445.81	-2.833
446.02	0.279
446.24	-0.269
446.45	11.047
446.66	4.854
446.87	6.402
447.08	13.930
447.29	11.921
447.51	17.143
447.72	10.290
447.93	18.085
448.14	4.986
448.35	11.639
448.56	-0.246
448.77	3.481
448.99	16.997
449.20	12.570
449.41	5.322
449.62	15.445
449.83	-1.635
450.04	11.518
450.25	5.828
450.46	6.443
450.68	3.836
450.89	17.136
451.10	18.321
451.31	-6.631
451.52	11.594
451.73	15.490
451.94	-3.922
452.15	-8.631
452.37	5.691
452.58	5.479
452.79	1.412
453.00	8.706
453.21	5.850
453.42	8.772
453.63	1.460
453.84	7.908
454.06	3.241
454.27	5.838
454.48	13.500
454.69	10.913
454.90	-8.838
455.11	-1.190
455.32	24.764
455.53	-2.250
455.74	15.269
455.95	1.528
456.17	-5.145
456.38	12.577
456.59	8.909
456.80	8.696
457.01	-0.242
457.22	4.555
457.43	8.280
457.64	13.655
457.85	9.567
458.06	12.400
458.27	8.645
458.49	10.538
458.70	7.789
458.91	5.433
459.12	5.317
459.33	16.162
459.54	6.818
459.75	8.864
459.96	9.406
460.17	3.471
460.38	5.000
460.59	6.236
460.80	-8.009
461.01	6.181
461.23	2.242
461.44	10.978
461.65	5.466
461.86	6.623
462.07	10.700
462.28	13.962
462.49	4.213
462.70	11.504
462.91	-7.203
463.12	6.151
463.33	9.481
463.54	0.633
463.75	5.195
463.96	8.611
464.17	3.080
464.38	6.721
464.59	6.874
464.81	10.097
465.02	0.200
465.23	2.643
465.44	5.166
465.65	5.045
465.86	7.959
466.07	9.142
466.28	7.088
466.49	5.893
466.70	10.806
466.91	7.428
467.12	11.153
467.33	14.259
467.54	4.956
467.75	4.902
467.96	11.873
468.17	6.250
468.38	3.448
468.59	1.727
468.80	10.626
469.01	-1.328
469.22	-0.498
469.43	5.056
469.64	11.094
469.85	5.172
470.06	10.652
470.27	7.383
470.48	10.690
470.69	2.431
470.90	10.261
471.11	8.044
471.32	14.085
471.53	6.299
471.74	6.818
471.95	5.466
472.16	14.214
472.37	0.503
472.58	9.836
472.79	6.555
473.00	-2.276
473.21	9.410
473.42	6.804
473.63	6.456
473.84	3.008
474.05	4.112
474.26	14.468
474.47	5.452
474.68	9.859
474.89	8.241
475.10	9.668
475.31	6.953
475.52	4.946
475.73	0.146
475.94	6.488
476.15	9.726
476.36	1.036
476.57	6.749
476.78	6.916
476.99	0.598
477.20	7.865
477.41	10.619
477.62	8.793
477.83	3.324
478.04	8.901
478.25	4.598
478.46	9.290
478.67	5.603
478.88	8.425
479.09	4.074
479.30	0.267
479.51	5.175
479.72	3.502
479.93	8.690
480.14	2.747
480.35	12.544
480.56	9.670
480.77	3.020
480.98	-1.515
481.18	1.506
481.39	9.550
481.60	10.611
481.81	5.778
482.02	8.377
482.23	1.510
482.44	6.231
482.65	8.595
482.86	5.355
483.07	7.433
483.28	6.401
483.49	11.680
483.70	2.681
483.91	5.631
484.12	7.755
484.33	2.172
484.53	4.614
484.74	7.980
484.95	9.129
485.16	4.970
485.37	7.527
485.58	8.218
485.79	2.572
486.00	0.906
486.21	4.300
486.42	5.019
486.63	9.270
486.84	1.944
487.05	3.870
487.25	6.017
487.46	5.028
487.67	4.815
487.88	2.461
488.09	6.518
488.30	3.361
488.51	5.022
488.72	6.683
488.93	6.420
489.14	5.888
489.35	5.115
489.55	7.376
489.76	7.165
489.97	5.556
490.18	6.988
490.39	3.987
490.60	4.642
490.81	7.088
491.02	4.287
491.23	7.620
491.43	2.632
491.64	7.529
491.85	8.042
492.06	8.824
492.27	5.247
492.48	6.608
492.69	5.692
492.90	5.926
493.11	1.970
493.31	8.582
493.52	6.079
493.73	7.198
493.94	3.414
494.15	6.397
494.36	3.046
494.57	5.544
494.78	8.098
494.98	6.727
495.19	3.933
495.40	6.800
495.61	5.963
495.82	4.831
496.03	4.858
496.24	3.276
496.44	7.682
496.65	6.056
496.86	3.320
497.07	4.125
497.28	5.781
497.49	5.208
497.70	5.765
497.90	5.772
498.11	8.707
498.32	4.959
498.53	4.683
498.74	2.813
498.95	5.053
499.15	4.482
499.36	3.448
499.57	6.282
499.78	8.459
499.99	4.717
500.20	9.889
500.40	6.214
500.61	5.584
500.82	5.109
501.03	8.565
501.24	5.818
501.45	4.100
501.65	3.697
501.86	3.600
502.07	7.587
502.28	2.797
502.49	4.960
502.70	7.121
502.90	4.057
503.11	4.779
503.32	5.085
503.53	6.340
503.74	5.929
503.94	3.983
504.15	3.695
504.36	6.345
504.57	5.245
504.78	7.262
504.98	5.737
505.19	4.026
505.40	4.204
505.61	5.975
505.82	5.598
506.02	7.761
506.23	8.050
506.44	5.148
506.65	7.467
506.86	5.463
507.06	5.023
507.27	4.477
507.48	6.428
507.69	5.003
507.90	7.071
508.10	3.890
508.31	6.089
508.52	4.059
508.73	5.896
508.94	6.101
509.14	6.596
509.35	6.391
509.56	6.247
509.77	4.919
509.97	8.311
510.18	6.953
510.39	5.447
510.60	8.026
510.80	7.688
511.01	8.679
511.22	4.942
511.43	7.342
511.64	7.006
511.84	5.756
512.05	5.956
512.26	5.531
512.47	7.549
512.67	8.893
512.88	5.193
513.09	6.224
513.30	5.547
513.50	6.701
513.71	7.756
513.92	8.199
514.13	7.478
514.33	7.244
514.54	8.627
514.75	5.590
514.96	7.257
515.16	7.179
515.37	5.489
515.58	6.183
515.78	7.794
515.99	10.446
516.20	9.595
516.41	9.313
516.61	6.851
516.82	9.068
517.03	9.844
517.24	6.250
517.44	6.677
517.65	10.714
517.86	7.657
518.07	5.615
518.27	6.713
518.48	9.483
518.69	7.426
518.89	7.846
519.10	7.862
519.31	8.280
519.52	8.571
519.72	10.147
519.93	8.053
520.14	9.643
520.34	8.954
520.55	9.032
520.76	9.154
520.96	10.104
521.17	8.579
521.38	8.000
521.59	8.317
521.79	9.471
522.00	10.188
522.21	10.266
522.41	9.781
522.62	8.432
522.83	12.903
523.03	11.262
523.24	11.927
523.45	10.929
523.66	9.659
523.86	9.920
524.07	9.967
524.28	8.905
524.48	12.123
524.69	12.019
524.90	9.572
525.10	11.027
525.31	10.817
525.52	9.893
525.72	10.644
525.93	10.940
526.14	9.696
526.34	13.178
526.55	12.135
526.76	11.967
526.96	11.598
527.17	11.508
527.38	11.312
527.58	12.561
527.79	11.290
528.00	10.399
528.20	10.705
528.41	11.447
528.62	12.779
528.82	11.983
529.03	12.878
529.24	13.384
529.44	14.169
529.65	11.824
529.85	13.854
530.06	9.722
530.27	13.503
530.47	14.740
530.68	12.738
530.89	13.540
531.09	12.672
531.30	10.908
531.51	11.821
531.71	13.605
531.92	15.158
532.13	13.542
532.33	14.261
532.54	13.925
532.74	14.486
532.95	15.068
533.16	13.115
533.36	14.653
533.57	14.183
533.78	14.449
533.98	15.943
534.19	15.831
534.39	12.887
534.60	13.958
534.81	13.053
535.01	14.923
535.22	14.832
535.42	15.764
535.63	14.221
535.84	13.333
536.04	13.353
536.25	14.971
536.45	14.501
536.66	16.148
536.87	13.270
537.07	15.511
537.28	13.790
537.48	16.464
537.69	15.378
537.90	14.346
538.10	15.849
538.31	12.761
538.51	15.271
538.72	13.322
538.93	12.188
539.13	15.403
539.34	14.086
539.54	14.880
539.75	14.914
539.96	15.465
540.16	16.028
540.37	16.351
540.57	16.434
540.78	16.827
540.98	16.179
541.19	15.783
541.40	14.994
541.60	15.558
541.81	15.062
542.01	14.158
542.22	16.568
542.42	17.925
542.63	14.439
542.83	15.668
543.04	16.924
543.25	14.458
543.45	15.291
543.66	15.253
543.86	16.648
544.07	15.662
544.27	16.551
544.48	15.906
544.68	16.692
544.89	14.744
545.10	14.806
545.30	15.617
545.51	16.226
545.71	15.187
545.92	14.699
546.12	16.661
546.33	14.451
546.53	15.815
546.74	17.741
546.94	18.441
547.15	16.413
547.36	16.727
547.56	17.027
547.77	17.127
547.97	16.547
548.18	16.428
548.38	17.011
548.59	15.834
548.79	18.101
549.00	14.924
549.20	16.277
549.41	17.428
549.61	16.224
549.82	14.583
550.02	16.227
550.23	17.277
550.43	17.503
550.64	18.743
550.84	17.435
551.05	16.661
551.25	14.717
551.46	18.082
551.66	15.693
551.87	19.414
552.07	16.621
552.28	16.814
552.48	17.288
552.69	15.157
552.89	17.582
553.10	17.186
553.30	17.937
553.51	16.253
553.71	17.819
553.92	15.495
554.12	16.966
554.33	16.295
554.53	17.677
554.74	17.614
554.94	17.312
555.15	18.376
555.35	16.380
555.56	18.688
555.76	17.717
555.97	17.923
556.17	17.487
556.38	17.849
556.58	17.438
556.78	16.361
556.99	17.751
557.19	18.934
557.40	21.208
557.60	17.660
557.81	17.667
558.01	17.989
558.22	18.086
558.42	16.408
558.63	16.618
558.83	17.023
559.04	18.244
559.24	18.007
559.44	19.478
559.65	19.663
559.85	18.155
560.06	18.048
560.26	18.583
560.47	17.413
560.67	20.343
560.88	19.066
561.08	17.587
561.28	18.043
561.49	17.823
561.69	18.934
561.90	18.287
562.10	19.224
562.31	18.778
562.51	17.897
562.71	15.933
562.92	18.893
563.12	18.434
563.33	18.496
563.53	18.909
563.74	17.106
563.94	16.501
564.14	19.359
564.35	19.232
564.55	18.563
564.76	18.531
564.96	18.987
565.17	18.522
565.37	17.685
565.57	18.849
565.78	17.625
565.98	17.230
566.19	19.177
566.39	18.008
566.59	18.539
566.80	16.943
567.00	18.435
567.21	17.856
567.41	18.255
567.61	17.370
567.82	16.427
568.02	18.591
568.23	18.107
568.43	18.000
568.63	16.828
568.84	18.546
569.04	16.605
569.24	17.649
569.45	16.866
569.65	17.545
569.86	16.970
570.06	16.962
570.26	16.931
570.47	17.150
570.67	18.102
570.87	17.315
571.08	16.519
571.28	17.285
571.49	15.543
571.69	17.544
571.89	15.341
572.10	16.626
572.30	16.820
572.50	17.187
572.71	15.596
572.91	17.802
573.11	16.393
573.32	17.559
573.52	16.460
573.73	15.983
573.93	17.002
574.13	15.457
574.34	15.158
574.54	16.501
574.74	14.681
574.95	17.471
575.15	18.077
575.35	16.310
575.56	15.890
575.76	16.910
575.96	16.407
576.17	15.738
576.37	15.938
576.57	13.580
576.78	14.861
576.98	15.941
577.18	16.229
577.39	16.783
577.59	15.068
577.79	16.124
578.00	14.848
578.20	16.761
578.40	15.812
578.61	15.241
578.81	14.418
579.01	14.027
579.22	15.358
579.42	14.827
579.62	14.616
579.82	15.158
580.03	16.354
580.23	15.792
580.43	15.187
580.64	15.569
580.84	16.169
581.04	14.085
581.25	15.745
581.45	13.800
581.65	15.832
581.86	14.982
582.06	13.998
582.26	15.283
582.46	13.592
582.67	14.588
582.87	14.034
583.07	14.985
583.28	15.205
583.48	16.166
583.68	15.725
583.88	14.884
584.09	14.290
584.29	14.354
584.49	13.505
584.70	14.659
584.90	16.346
585.10	15.250
585.30	14.953
585.51	14.965
585.71	15.685
585.91	14.715
586.11	13.696
586.32	14.930
586.52	14.755
586.72	13.177
586.92	13.602
587.13	13.387
587.33	13.607
587.53	15.397
587.74	13.947
587.94	13.974
588.14	14.990
588.34	14.293
588.55	12.917
588.75	14.879
588.95	13.614
589.15	14.077
589.36	12.762
589.56	14.515
589.76	14.331
589.96	13.552
590.16	14.189
590.37	14.061
590.57	13.476
590.77	12.357
590.97	14.054
591.18	13.800
591.38	14.342
591.58	13.808
591.78	12.947
591.99	12.663
592.19	13.563
592.39	13.722
592.59	13.891
592.79	12.703
593.00	13.237
593.20	13.791
593.40	12.784
593.60	13.658
593.81	13.709
594.01	12.830
594.21	14.707
594.41	14.810
594.61	12.943
594.82	13.357
595.02	13.588
595.22	12.530
595.42	13.381
595.62	12.345
595.83	13.801
596.03	12.784
596.23	11.921
596.43	12.597
596.63	11.683
596.84	12.642
597.04	13.080
597.24	14.724
597.44	12.461
597.64	12.201
597.84	12.805
598.05	12.061
598.25	13.004
598.45	12.876
598.65	12.778
598.85	13.403
599.06	13.551
599.26	14.076
599.46	12.704
599.66	14.424
599.86	12.712
600.06	12.041
600.27	14.135
600.47	13.619
600.67	13.786
600.87	13.772
601.07	11.666
601.27	13.599
601.48	13.021
601.68	12.725
601.88	12.398
602.08	12.954
602.28	13.143
602.48	13.546
602.68	11.153
602.89	12.153
603.09	12.654
603.29	12.885
603.49	13.686
603.69	11.337
603.89	13.648
604.09	12.921
604.30	13.722
604.50	11.976
604.70	11.787
604.90	13.217
605.10	12.094
605.30	13.075
605.50	13.015
605.71	12.216
605.91	13.248
606.11	12.912
606.31	14.138
606.51	11.578
606.71	12.396
606.91	11.980
607.11	11.676
607.32	12.737
607.52	12.200
607.72	13.468
607.92	12.985
608.12	11.804
608.32	12.843
608.52	11.132
608.72	13.003
608.92	12.313
609.12	13.245
609.33	12.479
609.53	13.539
609.73	11.164
609.93	11.734
610.13	13.521
610.33	11.823
610.53	12.026
610.73	12.934
610.93	12.448
611.13	11.745
611.34	12.621
611.54	12.181
611.74	12.819
611.94	11.952
612.14	12.373
612.34	12.564
612.54	11.335
612.74	11.654
612.94	12.567
613.14	12.526
613.34	11.873
613.54	11.532
613.74	10.645
613.95	12.808
614.15	11.390
614.35	11.249
614.55	12.497
614.75	11.551
614.95	12.670
615.15	12.026
615.35	13.016
615.55	10.563
615.75	12.343
615.95	11.355
616.15	12.162
616.35	10.672
616.55	12.216
616.75	11.313
616.95	11.176
617.15	11.065
617.35	10.974
617.56	10.359
617.76	11.610
617.96	11.832
618.16	11.149
618.36	11.050
618.56	11.129
618.76	10.189
618.96	10.591
619.16	11.226
619.36	11.510
619.56	11.456
619.76	10.594
619.96	10.792
620.16	10.266
620.36	10.813
620.56	11.352
620.76	11.018
620.96	10.198
621.16	10.778
621.36	10.218
621.56	11.308
621.76	10.589
621.96	10.572
622.16	11.091
622.36	9.918
622.56	9.907
622.76	11.721
622.96	10.678
623.16	9.889
623.36	9.873
623.56	10.964
623.76	10.949
623.96	11.074
624.16	10.922
624.36	10.252
624.56	10.550
624.76	12.088
624.96	9.763
625.16	11.202
625.36	9.498
625.56	9.748
625.76	10.546
625.96	10.937
626.16	11.291
626.36	10.933
626.56	10.567
626.76	10.964
626.96	10.203
627.16	11.696
627.36	9.396
627.56	10.811
627.76	10.753
627.96	10.892
628.16	10.251
628.36	10.725
628.56	9.905
628.75	10.574
628.95	10.043
629.15	11.293
629.35	10.159
629.55	9.283
629.75	10.441
629.95	11.180
630.15	10.196
630.35	11.384
630.55	10.329
630.75	8.886
630.95	11.414
631.15	10.103
631.35	9.685
631.55	10.678
631.75	10.603
631.95	11.138
632.15	10.808
632.34	10.609
632.54	11.002
632.74	9.901
632.94	10.273
633.14	9.352
633.34	9.629
633.54	10.323
633.74	10.049
633.94	10.401
634.14	10.610
634.34	11.154
634.54	10.650
634.74	10.605
634.93	10.483
635.13	9.666
635.33	10.786
635.53	10.129
635.73	10.663
635.93	10.566
636.13	9.006
636.33	10.831
636.53	10.172
636.73	9.809
636.93	10.329
637.12	11.340
637.32	9.443
637.52	9.910
637.72	10.140
637.92	10.000
638.12	9.147
638.32	10.380
638.52	10.385
638.72	9.937
638.91	9.906
639.11	10.100
639.31	10.891
639.51	10.326
639.71	10.291
639.91	8.953
640.11	10.060
640.31	9.905
640.50	10.433
640.70	9.508
640.90	10.661
641.10	9.687
641.30	9.352
641.50	9.769
641.70	9.079
641.89	9.550
642.09	10.116
642.29	10.100
642.49	8.475
642.69	9.726
642.89	9.407
643.09	9.338
643.28	9.727
643.48	10.404
643.68	9.801
643.88	9.265
644.08	9.817
644.28	7.549
644.48	9.386
644.67	8.719
644.87	8.752
645.07	9.159
645.27	9.392
645.47	8.796
645.67	8.075
645.86	9.093
646.06	8.310
646.26	8.763
646.46	9.209
646.66	8.373
646.85	8.077
647.05	8.905
647.25	8.434
647.45	9.159
647.65	8.521
647.85	8.905
648.04	8.023
648.24	8.029
648.44	8.609
648.64	8.173
648.84	7.773
649.03	8.182
649.23	7.261
649.43	7.449
649.63	8.830
649.83	7.869
650.02	8.039
650.22	9.311
650.42	7.663
650.62	6.571
650.82	8.309
651.01	7.153
651.21	8.352
651.41	8.514
651.61	8.557
651.81	8.008
652.00	7.816
652.20	6.580
652.40	6.669
652.60	7.224
652.79	6.858
652.99	7.256
653.19	7.072
653.39	8.320
653.59	7.363
653.78	7.600
653.98	7.085
654.18	8.152
654.38	7.209
654.57	6.840
654.77	7.611
654.97	6.428
655.17	7.458
655.36	7.043
655.56	7.565
655.76	8.119
655.96	6.495
656.15	8.753
656.35	6.728
656.55	8.340
656.75	7.540
656.94	7.433
657.14	8.066
657.34	7.910
657.54	8.650
657.73	7.588
657.93	7.158
658.13	7.128
658.33	6.284
658.52	6.475
658.72	5.757
658.92	6.475
659.11	6.841
659.31	6.633
659.51	6.769
659.71	6.787
659.90	8.583
660.10	6.819
660.30	7.005
660.50	6.235
660.69	6.697
660.89	7.329
661.09	6.773
661.28	5.986
661.48	6.827
661.68	6.907
661.87	6.937
662.07	6.101
662.27	7.129
662.47	6.302
662.66	6.829
662.86	7.017
663.06	7.531
663.25	6.510
663.45	6.976
663.65	6.880
663.84	6.649
664.04	7.299
664.24	8.095
664.44	7.114
664.63	6.711
664.83	6.324
665.03	5.666
665.22	6.535
665.42	7.237
665.62	7.020
665.81	6.735
666.01	6.196
666.21	5.727
666.40	7.290
666.60	5.910
666.80	6.039
666.99	5.913
667.19	6.143
667.39	5.714
667.58	6.899
667.78	6.763
667.98	5.963
668.17	5.899
668.37	5.759
668.57	5.687
668.76	6.330
668.96	5.976
669.16	7.222
669.35	7.077
669.55	7.061
669.74	6.024
669.94	5.824
670.14	6.009
670.33	6.595
670.53	6.584
670.73	5.528
670.92	6.610
671.12	6.867
671.32	6.039
671.51	5.750
671.71	6.159
671.90	5.687
672.10	5.418
672.30	5.526
672.49	5.614
672.69	5.213
672.89	6.597
673.08	6.372
673.28	6.142
673.47	5.596
673.67	6.461
673.87	5.882
674.06	4.938
674.26	6.114
674.45	5.827
674.65	6.700
674.85	5.778
675.04	6.827
675.24	6.318
675.43	6.341
675.63	5.937
675.83	5.546
676.02	5.882
676.22	5.749
676.41	6.362
676.61	5.526
676.81	6.179
677.00	5.398
677.20	6.065
677.39	6.930
677.59	5.735
677.79	5.231
677.98	6.374
678.18	5.321
678.37	5.602
678.57	6.536
678.76	6.871
678.96	6.753
679.16	6.233
679.35	6.265
679.55	6.103
679.74	6.178
679.94	5.780
680.13	6.538
680.33	6.227
680.53	5.792
680.72	5.889
680.92	5.903
681.11	5.817
681.31	6.350
681.50	5.743
681.70	6.190
681.89	6.227
682.09	5.686
682.28	5.584
682.48	6.580
682.68	6.187
682.87	4.966
683.07	5.975
683.26	6.106
683.46	6.136
683.65	6.876
683.85	6.943
684.04	6.450
684.24	7.438
684.43	6.671
684.63	7.175
684.82	5.763
685.02	5.649
685.21	6.251
685.41	6.099
685.60	7.004
685.80	6.649
686.00	6.374
686.19	6.618
686.39	6.995
686.58	6.756
686.78	7.026
686.97	6.395
687.17	7.517
687.36	8.075
687.56	6.805
687.75	7.420
687.95	7.731
688.14	6.480
688.34	5.627
688.53	7.367
688.73	8.292
688.92	6.854
689.12	8.202
689.31	7.524
689.51	6.845
689.70	7.433
689.89	7.359
690.09	8.710
690.28	8.111
690.48	8.259
690.67	8.830
690.87	7.867
691.06	8.059
691.26	8.261
691.45	7.813
691.65	9.459
691.84	9.534
692.04	9.109
692.23	9.644
692.43	9.007
692.62	9.685
692.82	9.654
693.01	11.155
693.20	9.584
693.40	9.972
693.59	10.446
693.79	10.374
693.98	10.188
694.18	11.692
694.37	11.896
694.57	11.118
694.76	11.838
694.95	11.128
695.15	13.865
695.34	12.549
695.54	11.942
695.73	12.436
695.93	12.602
696.12	13.149
696.32	12.825
696.51	14.145
696.70	14.189
696.90	14.431
697.09	13.718
697.29	14.391
697.48	16.497
697.67	15.401
697.87	15.927
698.06	15.666
698.26	15.473
698.45	17.782
698.65	15.897
698.84	18.496
699.03	17.511
699.23	17.154
699.42	17.359
699.62	18.297
699.81	18.305
700.00	20.168
700.20	17.951
700.39	19.200
700.59	21.188
700.78	20.878
700.97	20.743
701.17	21.285
701.36	22.201
701.56	22.161
701.75	23.552
701.94	22.287
702.14	22.964
702.33	24.548
702.52	23.935
702.72	23.900
702.91	25.117
703.11	24.492
703.30	23.493
703.49	25.558
703.69	24.420
703.88	25.328
704.07	26.285
704.27	27.350
704.46	26.471
704.66	26.893
704.85	27.153
705.04	26.580
705.24	29.034
705.43	27.143
705.62	28.627
705.82	29.119
706.01	30.253
706.20	28.999
706.40	30.085
706.59	29.308
706.78	29.898
706.98	29.987
707.17	31.229
707.36	31.569
707.56	32.382
707.75	31.227
707.94	32.382
708.14	32.129
708.33	31.870
708.52	32.589
708.72	33.411
708.91	32.855
709.10	33.547
709.30	35.024
709.49	33.996
709.68	33.355
709.88	35.261
710.07	34.588
710.26	36.323
710.46	35.816
710.65	36.209
710.84	35.654
711.04	35.902
711.23	37.189
711.42	37.336
711.61	37.980
711.81	35.880
712.00	36.895
712.19	38.666
712.39	37.107
712.58	39.355
712.77	40.410
712.97	39.007
713.16	38.508
713.35	38.403
713.54	37.883
713.74	40.172
713.93	40.065
714.12	39.457
714.32	41.867
714.51	41.111
714.70	41.837
714.89	40.623
715.09	42.729
715.28	43.661
715.47	41.165
715.66	40.385
715.86	41.813
716.05	42.240
716.24	44.141
716.44	41.522
716.63	42.904
716.82	42.404
717.01	44.584
717.21	42.713
717.40	43.401
717.59	43.666
717.78	44.290
717.98	45.375
718.17	45.223
718.36	44.355
718.55	43.878
718.75	43.165
718.94	44.211
719.13	44.430
719.32	44.400
719.52	47.451
719.71	45.742
719.90	46.331
720.09	46.176
720.28	45.179
720.48	44.732
720.67	45.182
720.86	45.583
721.05	46.729
721.25	46.546
721.44	47.052
721.63	47.544
721.82	46.628
722.01	48.818
722.21	48.615
722.40	48.157
722.59	46.813
722.78	49.533
722.98	48.731
723.17	48.445
723.36	49.777
723.55	48.543
723.74	49.088
723.94	50.059
724.13	47.287
724.32	50.000
724.51	47.839
724.70	50.035
724.89	50.677
725.09	50.036
725.28	49.659
725.47	50.977
725.66	49.628
725.85	50.562
726.05	50.977
726.24	51.373
726.43	51.883
726.62	51.804
726.81	49.519
727.00	53.962
727.20	51.234
727.39	52.086
727.58	51.002
727.77	50.707
727.96	52.458
728.15	51.722
728.35	51.270
728.54	50.166
728.73	52.178
728.92	52.718
729.11	53.013
729.30	53.785
729.50	54.664
729.69	53.457
729.88	54.561
730.07	52.864
730.26	53.639
730.45	52.650
730.64	55.537
730.84	55.644
731.03	54.339
731.22	54.178
731.41	52.641
731.60	54.854
731.79	55.023
731.98	55.685
732.18	53.486
732.37	55.363
732.56	55.988
732.75	55.115
732.94	55.830
733.13	55.513
733.32	54.466
733.51	55.000
733.71	53.766
733.90	53.249
734.09	55.577
734.28	55.795
734.47	56.381
734.66	54.439
734.85	54.616
735.04	55.862
735.23	54.623
735.42	55.458
735.62	55.073
735.81	56.354
736.00	55.969
736.19	55.984
736.38	55.386
736.57	57.438
736.76	55.378
736.95	56.329
737.14	56.573
737.33	57.437
737.52	56.906
737.72	58.059
737.91	58.049
738.10	58.739
738.29	56.249
738.48	58.096
738.67	58.116
738.86	57.990
739.05	58.596
739.24	57.340
739.43	55.929
739.62	59.218
739.81	59.909
740.00	59.413
740.19	56.991
740.39	57.343
740.58	58.034
740.77	57.003
740.96	58.598
741.15	58.182
741.34	57.493
741.53	58.181
741.72	59.255
741.91	57.541
742.10	58.234
742.29	59.054
742.48	58.192
742.67	60.503
742.86	58.264
743.05	60.877
743.24	59.162
743.43	59.064
743.62	59.807
743.81	56.884
744.00	59.657
744.19	58.200
744.38	57.916
744.57	59.344
744.76	60.968
744.95	59.083
745.14	59.090
745.33	58.485
745.52	60.770
745.71	58.958
745.90	58.990
746.09	58.216
746.28	58.427
746.47	59.849
746.66	60.351
746.85	61.474
747.04	59.350
747.23	58.686
747.42	58.127
747.61	61.750
747.80	56.870
747.99	58.159
748.18	60.701
748.37	59.981
748.56	59.976
748.75	61.055
748.94	61.917
749.13	60.260
749.32	60.762
749.51	60.117
749.70	59.718
749.89	62.472
750.08	61.937
750.27	60.209
750.46	58.978
750.65	58.559
750.84	58.842
751.03	61.884
751.22	60.117
751.41	60.958
751.60	61.390
751.79	62.099
751.98	59.782
752.17	63.480
752.36	61.304
752.55	60.572
752.74	60.238
752.93	60.880
753.12	61.789
753.30	59.795
753.49	60.517
753.68	63.074
753.87	58.541
754.06	60.737
754.25	60.241
754.44	60.142
754.63	61.107
754.82	59.100
755.01	59.616
755.20	61.179
755.39	62.177
755.58	61.846
755.77	62.571
755.96	61.077
756.14	60.074
756.33	60.518
756.52	60.610
756.71	63.542
756.90	59.670
757.09	61.382
757.28	60.114
757.47	63.213
757.66	62.112
757.85	61.052
758.04	59.367
758.22	60.525
758.41	60.444
758.60	62.971
758.79	62.532
758.98	59.587
759.17	59.809
759.36	60.559
759.55	60.125
759.74	61.045
759.92	61.766
760.11	60.894
760.30	62.107
760.49	61.176
760.68	60.475
760.87	62.880
761.06	60.770
761.25	60.250
761.43	59.499
761.62	59.209
761.81	59.260
762.00	62.784
762.19	63.001
762.38	61.072
762.57	61.586
762.76	60.267
762.94	60.627
763.13	61.021
763.32	60.803
763.51	61.440
763.70	58.824
763.89	60.398
764.07	59.584
764.26	61.444
764.45	60.885
764.64	62.074
764.83	63.214
765.02	61.803
765.21	64.364
765.39	61.283
765.58	60.728
765.77	61.608
765.96	61.257
766.15	60.301
766.34	61.039
766.52	61.242
766.71	63.441
766.90	60.879
767.09	60.638
767.28	60.922
767.46	62.513
767.65	61.223
767.84	60.296
768.03	60.745
768.22	61.230
768.40	61.375
768.59	62.705
768.78	59.025
768.97	62.935
769.16	61.130
769.34	61.822
769.53	62.116
769.72	60.900
769.91	60.120
770.10	60.373
770.28	64.111
770.47	60.403
770.66	61.301
770.85	62.556
771.04	60.721
771.22	61.115
771.41	62.733
771.60	62.182
771.79	60.901
771.98	61.611
772.16	61.395
772.35	59.524
772.54	63.514
772.73	62.106
772.91	62.590
773.10	61.739
773.29	60.769
773.48	62.052
773.66	61.150
773.85	60.507
774.04	62.213
774.23	60.930
774.41	60.498
774.60	61.182
774.79	61.625
774.98	62.810
775.16	60.468
775.35	63.913
775.54	60.732
775.73	62.365
775.91	61.982
776.10	62.528
776.29	64.439
776.48	59.703
776.66	59.013
776.85	60.452
777.04	61.841
777.23	61.219
777.41	60.504
777.60	62.102
777.79	60.275
777.97	63.890
778.16	61.077
778.35	62.048
778.54	60.175
778.72	63.876
778.91	62.313
779.10	62.786
779.28	60.119
779.47	61.779
779.66	60.926
779.85	62.202
780.03	64.070
780.22	61.995
780.41	60.917
780.59	60.242
780.78	63.631
780.97	62.526
781.15	60.205
781.34	61.289
781.53	61.274
781.71	59.983
781.90	61.311
782.09	63.298
782.27	60.546
782.46	61.866
782.65	61.512
782.84	61.889
783.02	60.540
783.21	61.794
783.40	61.223
783.58	60.477
783.77	62.673
783.96	64.119
784.14	62.966
784.33	63.759
784.52	63.118
784.70	59.406
784.89	63.462
785.07	61.020
785.26	61.346
785.45	61.839
785.63	60.053
785.82	62.067
786.01	60.972
786.19	61.603
786.38	59.689
786.57	60.581
786.75	61.550
786.94	58.761
787.13	62.029
787.31	60.695
787.50	63.000
787.68	65.507
787.87	60.714
788.06	59.771
788.24	62.410
788.43	58.531
788.62	61.173
788.80	60.102
788.99	62.150
789.17	61.163
789.36	60.340
789.55	61.078
789.73	61.322
789.92	60.414
790.10	59.989
790.29	60.988
790.48	60.085
790.66	61.387
790.85	62.464
791.03	62.828
791.22	60.557
791.41	59.793
791.59	60.663
791.78	59.601
791.96	65.780
792.15	62.312
792.34	62.320
792.52	61.762
792.71	63.679
792.89	59.829
793.08	62.267
793.27	57.344
793.45	63.629
793.64	61.835
793.82	61.876
794.01	61.363
794.19	62.465
794.38	63.608
794.57	63.994
794.75	62.767
794.94	62.173
795.12	63.261
795.31	61.835
795.49	60.130
795.68	62.461
795.86	63.393
796.05	62.698
796.24	61.261
796.42	60.250
796.61	62.204
796.79	61.836
796.98	62.725
797.16	64.332
797.35	62.020
797.53	60.309
797.72	63.230
797.90	59.922
798.09	61.754
798.27	61.363
798.46	62.951
798.65	61.450
798.83	60.033
799.02	62.612
799.20	62.354
799.39	63.796
799.57	62.015
799.76	61.960
799.94	61.361
800.13	60.377
800.31	62.121
800.50	63.827
800.68	61.401
800.87	62.114
801.05	61.143
801.24	62.298
801.42	62.699
801.61	63.232
801.79	60.573
801.98	58.912
802.16	60.683
802.35	62.665
802.53	60.716
802.72	63.210
802.90	61.666
803.09	59.601
803.27	60.893
803.46	63.137
803.64	60.161
803.83	61.925
804.01	62.751
804.20	60.957
804.38	61.530
804.56	61.472
804.75	63.460
804.93	63.217
805.12	60.073
805.30	62.980
805.49	62.604
805.67	62.542
805.86	62.316
806.04	62.471
806.23	64.270
806.41	61.607
806.59	61.558
806.78	63.118
806.96	61.515
807.15	62.278
807.33	64.997
807.52	62.846
807.70	62.476
807.89	60.225
808.07	59.469
808.25	60.928
808.44	61.717
808.62	62.382
808.81	62.121
808.99	61.400
809.18	61.975
809.36	61.385
809.54	59.469
809.73	59.498
809.91	63.206
810.10	66.033
810.28	64.148
810.47	63.232
810.65	62.357
810.83	62.423
811.02	61.693
811.20	61.103
811.39	65.718
811.57	60.450
811.75	61.783
811.94	61.536
812.12	60.347
812.31	61.210
812.49	62.180
812.67	61.022
812.86	61.450
813.04	60.939
813.23	63.612
813.41	61.363
813.59	61.809
813.78	62.394
813.96	61.233
814.14	61.601
814.33	62.725
814.51	62.273
814.70	63.331
814.88	63.465
815.06	62.623
815.25	60.801
815.43	61.173
815.61	61.538
815.80	60.330
815.98	62.858
816.16	60.815
816.35	61.913
816.53	60.980
816.72	61.725
816.90	62.761
817.08	62.496
817.27	62.695
817.45	63.924
817.63	60.721
817.82	62.338
818.00	62.839
818.18	63.781
818.37	64.003
818.55	61.302
818.73	62.379
818.92	60.153
819.10	61.651
819.28	61.016
819.47	63.639
819.65	60.363
819.83	61.698
820.02	62.104
820.20	62.488
820.38	61.031
820.57	59.750
820.75	61.605
820.93	61.097
821.11	63.664
821.30	63.421
821.48	64.108
821.66	60.619
821.85	61.840
822.03	61.485
822.21	60.592
822.40	63.482
822.58	61.647
822.76	61.521
822.94	63.828
823.13	61.253
823.31	61.166
823.49	61.847
823.68	58.286
823.86	62.436
824.04	60.447
824.22	64.237
824.41	62.873
824.59	62.576
824.77	63.911
824.96	63.103
825.14	63.404
825.32	63.095
825.50	65.351
825.69	62.529
825.87	65.360
826.05	60.646
826.23	61.004
826.42	60.233
826.60	61.620
826.78	64.364
826.96	62.651
827.15	65.477
827.33	61.935
827.51	62.042
827.69	64.912
827.88	62.141
828.06	60.347
828.24	62.064
828.42	64.403
828.61	60.894
828.79	60.824
828.97	63.842
829.15	60.720
829.34	62.537
829.52	58.522
829.70	63.910
829.88	59.993
830.06	61.032
830.25	63.823
830.43	60.028
830.61	62.172
830.79	64.017
830.97	58.502
831.16	61.749
831.34	62.059
831.52	61.372
831.70	62.297
831.89	64.154
832.07	63.337
832.25	60.475
832.43	61.291
832.61	61.801
832.80	59.299
832.98	60.125
833.16	62.362
833.34	60.337
833.52	60.570
833.70	61.018
833.89	63.592
834.07	63.627
834.25	60.617
834.43	57.455
834.61	62.263
834.80	63.495
834.98	61.291
835.16	61.792
835.34	65.634
835.52	61.900
835.70	63.724
835.89	65.937
836.07	63.466
836.25	62.601
836.43	62.175
836.61	64.493
836.79	62.548
836.97	65.984
837.16	62.070
837.34	62.838
837.52	66.775
837.70	62.854
837.88	63.560
838.06	62.442
838.24	61.246
838.43	64.153
838.61	64.960
838.79	64.242
838.97	61.462
839.15	59.480
839.33	64.784
839.51	60.911
839.70	63.213
839.88	60.857
840.06	63.103
840.24	63.457
840.42	61.989
840.60	62.049
840.78	64.379
840.96	60.929
841.14	63.272
841.33	63.612
841.51	61.405
841.69	61.411
841.87	61.589
842.05	60.914
842.23	64.650
842.41	63.118
842.59	64.506
842.77	64.143
842.95	61.527
843.14	61.901
843.32	62.875
843.50	62.413
843.68	59.932
843.86	59.287
844.04	65.832
844.22	65.515
844.40	64.099
844.58	61.413
844.76	63.792
844.94	62.357
845.12	61.098
845.30	61.958
845.49	62.476
845.67	63.204
845.85	61.722
846.03	64.204
846.21	64.241
846.39	63.760
846.57	63.531
846.75	65.575
846.93	63.700
847.11	63.890
847.29	60.678
847.47	63.063
847.65	60.279
847.83	63.878
848.01	65.200
848.19	62.129
848.37	61.151
848.55	61.323
848.73	62.792
848.91	64.153
849.09	60.821
849.27	62.716
849.46	64.557
849.64	65.118
849.82	63.430
850.00	59.191
850.18	63.788
850.36	63.287
850.54	64.340
850.72	62.654
850.90	64.429
851.08	62.766
851.26	61.867
851.44	62.117
851.62	61.151
851.80	67.734
851.98	61.851
852.16	63.057
852.34	62.911
852.52	61.604
852.70	63.958
852.88	65.283
853.06	60.670
853.24	60.783
853.42	63.922
853.60	65.103
853.78	63.924
853.96	62.316
854.14	63.988
854.31	63.299
854.49	60.130
854.67	65.605
854.85	63.084
855.03	64.238
855.21	64.390
855.39	61.934
855.57	61.879
855.75	60.842
855.93	62.119
856.11	63.199
856.29	62.811
856.47	61.263
856.65	61.447
856.83	62.433
857.01	64.531
857.19	63.915
857.37	61.503
857.55	65.335
857.73	61.535
857.91	64.967
858.09	62.627
858.26	62.821
858.44	62.424
858.62	58.582
858.80	60.589
858.98	66.711
859.16	61.499
859.34	60.225
859.52	59.780
859.70	61.374
859.88	60.669
860.06	64.996
860.24	64.867
860.42	63.640
860.59	59.592
860.77	63.188
860.95	61.781
861.13	60.956
861.31	61.193
861.49	63.703
861.67	59.939
861.85	66.516
862.03	60.018
862.21	68.436
862.38	62.180
862.56	61.795
862.74	60.465
862.92	59.815
863.10	62.651
863.28	66.182
863.46	62.838
863.64	60.971
863.82	66.098
863.99	65.199
864.17	63.425
864.35	65.695
864.53	66.714
864.71	63.927
864.89	64.771
865.07	62.506
865.24	61.914
865.42	63.318
865.60	59.692
865.78	59.568
865.96	64.309
866.14	65.502
866.32	64.166
866.49	62.692
866.67	65.595
866.85	63.001
867.03	65.424
867.21	60.739
867.39	65.323
867.56	65.017
867.74	67.269
867.92	64.575
868.10	60.267
868.28	63.567
868.46	61.557
868.63	62.111
868.81	65.657
868.99	64.784
869.17	63.654
869.35	60.115
869.53	60.795
869.70	62.817
869.88	63.966
870.06	60.675
870.24	63.012
870.42	60.867
870.59	66.803
870.77	60.551
870.95	64.122
871.13	64.085
871.31	64.949
871.48	63.755
871.66	60.624
871.84	62.302
872.02	66.270
872.20	63.873
872.37	64.247
872.55	61.922
872.73	66.002
872.91	61.902
873.08	63.305
873.26	61.173
873.44	62.773
873.62	64.019
873.80	62.179
873.97	61.889
874.15	60.052
874.33	62.359
874.51	68.082
874.68	61.611
874.86	65.538
875.04	62.769
875.22	65.785
875.39	63.110
875.57	60.374
875.75	63.987
875.93	66.199
876.10	64.428
876.28	61.577
876.46	64.100
876.64	68.451
876.81	60.963
876.99	63.482
877.17	60.034
877.35	63.599
877.52	64.319
877.70	61.060
877.88	66.262
878.06	63.697
878.23	66.801
878.41	63.800
878.59	65.302
878.76	67.407
878.94	62.722
879.12	63.140
879.30	60.689
879.47	62.832
879.65	61.819
879.83	64.333
880.00	64.361
880.18	63.073
880.36	61.452
880.53	61.792
880.71	61.947
880.89	62.835
881.07	63.027
881.24	65.422
881.42	60.241
881.60	64.329
881.77	63.923
881.95	60.980
882.13	66.261
882.30	64.616
882.48	58.676
882.66	58.831
882.83	65.394
883.01	61.264
883.19	67.517
883.36	60.304
883.54	60.246
883.72	64.863
883.89	62.515
884.07	65.545
884.25	61.282
884.42	63.624
884.60	63.705
884.78	65.063
884.95	61.345
885.13	62.789
885.31	65.095
885.48	60.751
885.66	64.031
885.84	67.133
886.01	65.042
886.19	63.086
886.36	63.254
886.54	62.134
886.72	62.387
886.89	62.023
887.07	62.500
887.25	60.881
887.42	62.924
887.60	62.968
887.78	67.498
887.95	59.619
888.13	66.843
888.30	66.667
888.48	66.645
888.66	62.459
888.83	65.497
889.01	64.094
889.18	66.978
889.36	65.290
889.54	60.566
889.71	65.831
889.89	63.619
890.06	65.682
890.24	68.148
890.42	61.938
890.59	65.000
890.77	59.946
890.94	65.997
891.12	65.645
891.30	68.016
891.47	62.616
891.65	62.404
891.82	60.712
892.00	61.451
892.17	64.222
892.35	62.484
892.53	60.407
892.70	61.626
892.88	63.472
893.05	64.092
893.23	64.554
893.40	62.020
893.58	68.475
893.75	61.664
893.93	62.769
894.11	60.614
894.28	59.975
894.46	66.847
894.63	60.992
894.81	61.384
894.98	65.132
895.16	67.176
895.33	67.267
895.51	61.197
895.68	64.167
895.86	64.806
896.04	60.746
896.21	64.641
896.39	63.688
896.56	63.340
896.74	63.168
896.91	61.575
897.09	63.636
897.26	61.378
897.44	60.212
897.61	64.799
897.79	65.774
897.96	61.062
898.14	63.540
898.31	65.054
898.49	64.497
898.66	67.916
898.84	62.786
899.01	61.847
899.19	63.408
899.36	64.794
899.54	69.306
899.71	62.628
899.89	66.446
900.06	62.279
900.24	63.109
900.41	59.738
900.59	64.276
900.76	64.535
900.94	63.176
901.11	59.923
901.29	66.181
901.46	62.910
901.63	61.498
901.81	56.912
901.98	64.281
902.16	65.879
902.33	64.877
902.51	64.005
902.68	63.231
902.86	62.595
903.03	61.309
903.21	61.097
903.38	64.555
903.56	60.116
903.73	65.281
903.90	64.610
904.08	63.855
904.25	66.977
904.43	60.759
904.60	62.688
904.78	64.125
904.95	65.279
905.12	65.863
905.30	61.009
905.47	65.480
905.65	67.367
905.82	62.028
906.00	65.885
906.17	59.180
906.34	66.288
906.52	60.324
906.69	61.623
906.87	66.734
907.04	65.144
907.21	63.263
907.39	67.328
907.56	67.573
907.74	61.524
907.91	65.423
908.08	58.793
908.26	64.300
908.43	62.389
908.61	66.511
908.78	59.869
908.95	62.500
909.13	63.415
909.30	66.557
909.48	64.066
909.65	62.399
909.82	64.823
910.00	65.051
910.17	65.247
910.34	64.314
910.52	60.714
910.69	63.100
910.87	65.569
911.04	65.320
911.21	62.213
911.39	63.948
911.56	61.365
911.73	64.641
911.91	63.036
912.08	63.928
912.25	64.612
912.43	65.634
912.60	59.551
912.77	65.886
912.95	60.819
913.12	64.457
913.29	62.019
913.47	62.353
913.64	66.126
913.81	60.028
913.99	59.402
914.16	58.890
914.33	62.491
914.51	63.352
914.68	59.626
914.85	64.929
915.03	64.286
915.20	62.042
915.37	66.149
915.55	66.667
915.72	64.254
915.89	65.641
916.07	62.388
916.24	62.252
916.41	62.081
916.59	59.764
916.76	63.079
916.93	62.966
917.10	66.981
917.28	60.503
917.45	61.790
917.62	61.454
917.80	66.388
917.97	66.046
918.14	63.663
918.31	63.774
918.49	64.136
918.66	58.058
918.83	60.892
919.01	64.742
919.18	62.481
919.35	65.453
919.52	59.910
919.70	60.945
919.87	64.399
920.04	62.336
920.21	65.166
920.39	67.020
920.56	65.864
920.73	60.146
920.90	56.884
921.08	64.314
921.25	64.441
921.42	66.749
921.59	65.274
921.77	65.756
921.94	61.111
922.11	68.697
922.28	64.444
922.46	64.157
922.63	60.311
922.80	64.541
922.97	62.845
923.15	62.815
923.32	61.629
923.49	62.775
923.66	64.911
923.83	62.818
924.01	66.110
924.18	66.952
924.35	66.463
924.52	62.046
924.69	62.860
924.87	68.194
925.04	62.029
925.21	63.474
925.38	63.394
925.55	64.505
925.73	64.986
925.90	61.980
926.07	59.701
926.24	62.710
926.41	68.852
926.59	61.410
926.76	64.655
926.93	64.192
927.10	59.869
927.27	65.280
927.45	65.217
927.62	59.924
927.79	68.663
927.96	65.822
928.13	64.985
928.30	70.251
928.48	58.175
928.65	62.115
928.82	71.327
928.99	60.950
929.16	64.625
929.33	66.915
929.50	67.762
929.68	62.096
929.85	58.817
930.02	64.331
930.19	57.550
930.36	60.427
930.53	68.192
930.70	64.831
930.88	61.728
931.05	58.343
931.22	61.273
931.39	66.702
931.56	59.643
931.73	66.047
931.90	58.242
932.08	70.773
932.25	58.865
932.42	63.838
932.59	65.629
932.76	61.519
932.93	65.522
933.10	62.614
933.27	65.768
933.44	64.917
933.62	65.211
933.79	71.946
933.96	67.564
934.13	65.199
934.30	63.774
934.47	64.451
934.64	64.935
934.81	59.883
934.98	67.130
935.15	71.122
935.32	65.533
935.50	65.719
935.67	64.490
935.84	65.345
936.01	68.991
936.18	60.413
936.35	64.205
936.52	58.746
936.69	64.646
936.86	56.204
937.03	59.714
937.20	54.639
937.37	60.202
937.54	67.635
937.71	60.721
937.89	48.131
938.06	62.887
938.23	68.844
938.40	58.741
938.57	51.128
938.74	63.218
938.91	67.930
939.08	60.797
939.25	64.672
939.42	52.055
939.59	55.769
939.76	72.391
939.93	67.596
940.10	66.007
940.27	40.942
940.44	60.458
940.61	68.590
940.78	59.934
940.95	58.876
941.12	64.400
941.29	68.056
941.46	61.695
941.63	76.066
941.80	74.476
941.97	62.500
942.14	69.531
942.31	54.271
942.48	63.729
942.65	64.662
942.82	55.205
942.99	54.500
943.16	69.200
943.33	43.841
943.50	48.148
943.67	61.194
943.84	50.190
944.01	43.791
944.18	59.740
944.35	70.711
944.52	54.148
944.69	54.400
944.86	69.517
945.03	66.926
945.20	68.844
945.37	68.627
945.54	55.918
945.71	45.635
945.88	57.955
946.05	80.723
946.22	70.526
946.39	39.844
946.56	65.530
946.73	70.758
946.90	77.551
947.07	67.577
947.23	69.474
947.40	56.115
947.57	59.804
947.74	69.643
947.91	72.628
948.08	60.811
948.25	68.800
948.42	57.966
948.59	55.960
948.76	59.687
948.93	66.555
949.10	79.038
949.27	78.169
949.44	75.836
949.60	60.000
949.77	74.074
949.94	75.573
950.11	66.102
950.28	68.085
950.45	75.000
950.62	76.735
950.79	70.909
950.96	52.365
951.13	67.803
951.30	58.651
951.46	73.052
951.63	60.577
951.80	52.431
951.97	64.723
952.14	69.118
952.31	61.565
952.48	50.259
952.65	66.885
952.81	56.832
952.98	51.242
953.15	64.602
953.32	59.774
953.49	64.848
953.66	55.273
953.83	59.726
954.00	49.468
954.16	57.029
954.33	73.745
954.50	47.093
954.67	74.713
954.84	62.571
955.01	52.874
955.18	63.889
955.34	79.310
955.51	65.644
955.68	71.233
955.85	73.425
956.02	69.895
956.19	61.667
956.35	63.415
956.52	61.035
956.69	73.841
956.86	73.837
957.03	62.245
957.20	58.588
957.36	75.532
957.53	72.384
957.70	54.229
957.87	60.448
958.04	72.525
958.21	56.948
958.37	74.286
958.54	58.744
958.71	70.166
958.88	59.487
959.05	64.167
959.21	58.793
959.38	52.405
959.55	62.183
959.72	60.406
959.89	66.114
960.05	51.977
960.22	68.653
960.39	64.773
960.56	56.965
960.72	52.332
960.89	57.243
961.06	57.692
961.23	58.156
961.40	61.619
961.56	56.196
961.73	69.451
961.90	61.832
962.07	63.171
962.23	66.755
962.40	57.931
962.57	55.450
962.74	68.022
962.90	64.691
963.07	63.183
963.24	71.545
963.41	65.926
963.57	66.477
963.74	64.456
963.91	53.182
964.08	64.691
964.24	62.935
964.41	74.702
964.58	78.591
964.75	65.323
964.91	59.028
965.08	67.308
965.25	55.528
965.42	68.719
965.58	60.048
965.75	66.755
965.92	60.613
966.08	69.488
966.25	69.856
966.42	62.845
966.59	63.366
966.75	61.224
966.92	65.865
967.09	59.542
967.25	61.745
967.42	60.916
967.59	63.836
967.75	62.818
967.92	69.949
968.09	69.195
968.26	69.837
968.42	64.567
968.59	54.222
968.76	75.598
968.92	50.237
969.09	56.448
969.26	64.658
969.42	73.301
969.59	62.785
969.76	66.138
969.92	52.339
970.09	64.103
970.26	77.806
970.42	55.227
970.59	60.987
970.76	65.051
970.92	55.527
971.09	56.784
971.26	63.836
971.42	60.476
971.59	55.968
971.76	78.205
971.92	66.748
972.09	58.273
972.25	66.093
972.42	65.789
972.59	73.743
972.75	56.955
972.92	68.618
973.09	60.858
973.25	57.143
973.42	65.969
973.58	72.000
973.75	53.827
973.92	60.132
974.08	59.102
974.25	61.823
974.42	56.369
974.58	62.530
974.75	68.103
974.91	56.168
975.08	65.144
975.25	61.283
975.41	62.233
975.58	63.559
975.74	64.516
975.91	61.981
976.08	67.116
976.24	72.283
976.41	72.751
976.57	74.093
976.74	62.469
976.91	57.333
977.07	59.148
977.24	69.697
977.40	66.246
977.57	56.952
977.73	43.122
977.90	60.847
978.07	60.900
978.23	60.955
978.40	74.631
978.56	68.358
978.73	61.587
978.89	61.173
979.06	70.023
979.22	57.821
979.39	51.553
979.56	64.785
979.72	62.573
979.89	64.658
980.05	63.142
980.22	62.025
980.38	69.971
980.55	57.825
980.71	63.736
980.88	59.701
981.04	77.399
981.21	69.551
981.37	57.364
981.54	69.364
981.70	71.756
981.87	54.464
982.04	69.188
982.20	64.083
982.37	56.805
982.53	65.229
982.70	66.761
982.86	57.766
983.03	80.364
983.19	83.121
983.36	67.937
983.52	68.025
983.69	61.538
983.85	58.033
984.02	59.385
984.18	61.625
984.35	53.254
984.51	57.372
984.68	57.729
984.84	60.923
985.00	78.275
985.17	65.372
985.33	67.491
985.50	65.749
985.66	68.750
985.83	50.333
985.99	62.662
986.16	62.585
986.32	58.416
986.49	71.060
986.65	55.738
986.82	59.211
986.98	67.797
987.15	63.636
987.31	65.000
987.47	64.103
987.64	74.481
987.80	79.016
987.97	52.448
988.13	66.935
988.30	57.500
988.46	76.573
988.63	74.704
988.79	63.569
988.95	65.934
989.12	49.693
989.28	63.226
989.45	62.222
989.61	62.976
989.77	65.966
989.94	65.385
990.10	61.594
990.27	58.462
990.43	52.542
990.60	61.111
990.76	52.675
990.92	56.296
991.09	64.000
991.25	57.187
991.42	65.373
991.58	70.990
991.74	73.529
991.91	67.200
992.07	70.412
992.24	68.095
992.40	54.733
992.56	68.504
992.73	64.754
992.89	75.000
993.05	58.974
993.22	64.312
993.38	68.722
993.55	64.368
993.71	60.215
993.87	40.824
994.04	67.897
994.20	65.778
994.36	59.779
994.53	55.372
994.69	78.365
994.85	89.157
995.02	78.746
995.18	65.091
995.34	53.680
995.51	48.548
995.67	70.588
995.84	78.010
996.00	47.881
996.16	40.711
996.33	61.084
996.49	51.695
996.65	67.083
996.82	84.390
996.98	67.315
997.14	76.256
997.31	54.656
997.47	81.702
997.63	79.845
997.79	57.075
997.96	71.354
998.12	89.726
998.28	45.755
998.45	80.000
998.61	95.408
998.77	65.504
998.94	68.023
999.10	74.477
999.26	61.633
999.43	29.381
999.59	60.185
999.75	58.201
999.91	68.229
1000.08	67.005
1000.24	69.714
1000.40	68.559
1000.57	66.327
1000.73	52.018
1000.89	69.849
1001.05	55.417
1001.22	66.346
1001.38	66.210
1001.54	81.132
1001.70	61.006
1001.87	80.513
1002.03	53.695
1002.19	73.659
1002.35	64.828
1002.52	79.717
1002.68	87.778
1002.84	80.000
1003.00	82.895
1003.17	59.070
1003.33	65.972
1003.49	55.769
1003.65	72.926
1003.82	49.735
1003.98	64.039
1004.14	59.474
1004.30	101.829
1004.47	63.158
1004.63	53.503
1004.79	76.842
1004.95	69.613
1005.11	71.505
1005.28	61.170
1005.44	63.277
1005.60	62.963
1005.76	46.939
1005.93	68.421
1006.09	66.875
1006.25	37.430
1006.41	72.000
1006.57	39.007
1006.74	76.271
1006.90	70.130
1007.06	68.790
1007.22	59.887
1007.38	52.000
1007.55	67.614
1007.71	75.377
1007.87	63.291
1008.03	78.981
1008.19	46.012
1008.35	54.067
1008.52	84.500
1008.68	46.739
1008.84	72.330
1009.00	75.385
1009.16	71.505
1009.32	53.125
1009.49	89.333
1009.65	62.838
1009.81	87.500
1009.97	67.153
1010.13	44.199
1010.29	67.568
1010.46	46.703
1010.62	46.305
1010.78	48.649
1010.94	79.508
1011.10	68.027
1011.26	77.586
1011.42	114.159
1011.59	54.098
1011.75	64.000
1011.91	88.095
1012.07	61.798
1012.23	75.000
1012.39	77.333
1012.55	67.742
1012.71	76.190
1012.88	84.615
1013.04	67.568
1013.20	64.535
1013.36	59.322
1013.52	93.919
1013.68	86.842
1013.84	45.503
1014.00	54.545
1014.16	80.537
1014.33	85.185
1014.49	57.944
1014.65	84.783
1014.81	76.503
1014.97	47.977
1015.13	65.217
1015.29	41.538
1015.45	76.571
1015.61	45.455
1015.77	53.488
1015.93	34.066
1016.09	58.537
1016.26	52.597
1016.42	63.429
1016.58	40.187
1016.74	38.168
1016.90	78.351
1017.06	45.588
1017.22	39.007
1017.38	73.611
1017.54	56.849
1017.70	113.415
1017.86	98.305
1018.02	61.176
1018.18	99.099
1018.34	74.803
1018.50	51.429
1018.66	110.784
1018.82	73.188
1018.98	96.032
1019.14	31.250
1019.31	34.409
1019.47	70.930
1019.63	72.727
1019.79	62.393
1019.95	59.559
1020.11	76.744
1020.27	58.865
1020.43	92.969
1020.59	49.630
1020.75	116.216
1020.91	58.772
1021.07	40.496
1021.23	121.053
1021.39	40.708
1021.55	59.091
1021.71	27.500
1021.87	87.255
1022.03	75.940
1022.19	13.542
1022.35	89.189
1022.51	9.412
1022.67	43.956
1022.83	95.775
1022.99	35.537
1023.15	95.714
1023.31	32.911
1023.47	36.170
1023.63	59.836
1023.79	30.769
1023.95	65.278
1024.10	65.789
1024.26	57.143
1024.42	34.091
1024.58	41.758
1024.74	63.478
1024.90	47.500
1025.06	65.625
1025.22	50.000
1025.38	48.485
1025.54	93.137
1025.70	71.831
1025.86	80.000
1026.02	43.617
1026.18	31.683
1026.34	48.515
1026.50	92.523
1026.66	64.286
1026.82	52.885
1026.98	112.308
1027.13	79.545
1027.29	94.595
1027.45	62.069
1027.61	32.143
1027.77	53.913
1027.93	171.875
1028.09	76.190
1028.25	121.212
1028.41	256.250
1028.57	113.043
1028.73	82.667
1028.88	52.778
1029.04	141.176
1029.20	17.391
1029.36	81.731
1029.52	71.186
1029.68	94.681
1029.84	15.730
1030.00	80.952
1030.16	70.588
1030.32	98.936
1030.47	27.451
1030.63	42.187
1030.79	128.571
1030.95	105.357
1031.11	59.016
1031.27	232.353
1031.43	22.667
1031.59	126.667
1031.74	150.000
1031.90	57.143
1032.06	268.000
1032.22	0.000
1032.38	65.909
1032.54	57.407
1032.69	68.000
1032.85	70.175
1033.01	37.255
1033.17	67.544
1033.33	98.701
1033.49	31.034
1033.65	47.059
1033.80	108.475
1033.96	50.526
1034.12	75.000
1034.28	96.610
1034.44	117.857
1034.60	47.727
1034.75	34.211
1034.91	96.721
1035.07	71.429
1035.23	166.667
1035.39	90.909
1035.54	35.593
1035.70	187.500
1035.86	116.667
1036.02	152.632
1036.18	67.368
1036.33	0.000
1036.49	-11.765
1036.65	112.963
1036.81	171.429
1036.97	40.860
1037.12	32.877
1037.28	-10.909
1037.44	92.982
1037.60	7.500
1037.76	16.129
1037.91	263.636
1038.07	7.317
1038.23	149.333
1038.39	97.917
1038.54	500.000
1038.70	50.000
1038.86	120.000
1039.02	-850.000
1039.17	74.026
1039.33	27.397
1039.49	212.500
1039.65	67.213
1039.80	61.905
1039.96	74.000
1040.12	70.330
1040.28	96.970
>>>>> Data<<<<< Espectral Procesado Extremo
