Fichero De Datos De SpectraSuite
++++++++++++++++++++++++++++++++++++
Fecha: Wed Jul 15 16:48:25 CST 2026
Usuario: HP
Presente Oscuro Del Espectro: Sí
La Referencia de Presente Del Espectro De: Sí
Muestreados de los componentes de Número de espectros: 1
Espectrómetros: USB4H06056
Tiempo de integración (usec): 100000 (USB4H06056)
Promedio de Espectros Hechos un: 1 (USB4H06056)
El Alisar Del Furgón: 0 (USB4H06056)
Párrafo de de Corregir del la del del de Eléctrica del obscuridad: No (USB4H06056)
Estrobo/Lámpara Permitido: No (USB4H06056)
Correct for Detector Non-linearity: No (USB4H06056)
Párrafo de de Corregir del la del del de Externa del luz: No (USB4H06056)
Procesado del espectro de Número de pixeles en: 3648
>>>>> Comienza Data<<<<< Espectral Procesado Del EL
345.09	800.000
345.30	800.000
345.52	800.000
345.74	-269.231
345.95	56.667
346.17	0.000
346.39	15.625
346.60	-5000.000
346.82	44.737
347.04	25.000
347.25	12.500
347.47	-2900.000
347.69	100.000
347.90	-15.789
348.12	-290.000
348.34	91.489
348.56	135.294
348.77	138.889
348.99	600.000
349.21	143.333
349.42	225.000
349.64	-2900.000
349.86	176.471
350.07	-21.429
350.29	28.261
350.51	-35.088
350.72	200.000
350.94	7.143
351.16	91.892
351.37	-90.000
351.59	63.265
351.81	123.077
352.02	-50.000
352.24	44.828
352.46	-12.500
352.67	27.273
352.89	18.182
353.10	100.000
353.32	80.769
353.54	78.571
353.75	-266.667
353.97	350.000
354.19	500.000
354.40	255.556
354.62	0.000
354.84	2000.000
355.05	-81.579
355.27	100.000
355.49	105.263
355.70	166.667
355.92	430.000
356.14	97.297
356.35	333.333
356.57	100.000
356.78	66.667
357.00	233.333
357.22	-7.407
357.43	1033.333
357.65	22.222
357.87	-560.000
358.08	23.684
358.30	84.000
358.51	126.471
358.73	-642.857
358.95	-50.000
359.16	271.429
359.38	-633.333
359.60	1650.000
359.81	320.000
360.03	-143.750
360.24	158.333
360.46	-133.333
360.68	144.444
360.89	1100.000
361.11	180.000
361.33	120.000
361.54	55.556
361.76	65.714
361.97	-44.444
362.19	103.030
362.41	-400.000
362.62	88.095
362.84	11.538
363.05	70.000
363.27	-1500.000
363.49	35.484
363.70	-933.333
363.92	58.065
364.13	154.167
364.35	257.143
364.57	38.182
364.78	1350.000
365.00	114.516
365.21	92.000
365.43	28.571
365.65	123.077
365.86	-12.000
366.08	-53.846
366.29	-148.000
366.51	0.000
366.73	-66.667
366.94	740.000
367.16	6.061
367.37	137.500
367.59	-225.000
367.80	100.000
368.02	-17.857
368.24	-66.667
368.45	-1350.000
368.67	53.846
368.88	277.778
369.10	146.154
369.31	237.500
369.53	36.364
369.75	-25.000
369.96	36.364
370.18	25.000
370.39	100.000
370.61	66.000
370.82	-10.000
371.04	-126.316
371.26	-750.000
371.47	2.083
371.69	100.000
371.90	48.571
372.12	164.000
372.33	11.111
372.55	23.077
372.76	58.333
372.98	-326.667
373.20	18.182
373.41	50.000
373.63	1000.000
373.84	600.000
374.06	-17.143
374.27	1266.667
374.49	44.828
374.70	81.132
374.92	207.692
375.13	376.923
375.35	725.000
375.57	8.108
375.78	-78.261
376.00	130.303
376.21	46.667
376.43	11.111
376.64	70.588
376.86	90.476
377.07	58.333
377.29	-41.667
377.50	16.667
377.72	-75.000
377.93	350.000
378.15	76.923
378.36	48.718
378.58	-83.333
378.80	110.000
379.01	44.898
379.23	145.238
379.44	59.091
379.66	54.545
379.87	-780.000
380.09	-66.667
380.30	115.000
380.52	132.000
380.73	52.941
380.95	-525.000
381.16	-50.000
381.38	102.941
381.59	250.000
381.81	-30.233
382.02	102.703
382.24	1000.000
382.45	95.833
382.67	-30.769
382.88	185.714
383.10	64.151
383.31	133.333
383.53	183.333
383.74	57.576
383.96	64.865
384.17	-200.000
384.39	700.000
384.60	381.818
384.82	425.000
385.03	60.000
385.25	42.857
385.46	35.484
385.68	92.857
385.89	-3.571
386.11	50.000
386.32	60.000
386.54	11.538
386.75	47.917
386.97	76.087
387.18	-22.222
387.40	3.571
387.61	66.667
387.83	-105.882
388.04	0.000
388.25	-22.222
388.47	-1300.000
388.68	2.941
388.90	95.455
389.11	18.519
389.33	-283.333
389.54	65.306
389.76	-52.941
389.97	-48.148
390.19	36.508
390.40	-172.222
390.62	162.500
390.83	18.182
391.05	-5100.000
391.26	97.297
391.47	-450.000
391.69	29.268
391.90	-11.475
392.12	177.778
392.33	52.941
392.55	38.710
392.76	-133.333
392.98	-42.857
393.19	1150.000
393.41	50.000
393.62	96.667
393.83	33.333
394.05	115.517
394.26	-40.000
394.48	-2.632
394.69	160.465
394.91	42.857
395.12	144.828
395.34	35.484
395.55	92.308
395.76	0.000
395.98	91.667
396.19	88.636
396.41	28.378
396.62	500.000
396.84	175.862
397.05	-114.286
397.26	233.333
397.48	133.333
397.69	82.222
397.91	75.510
398.12	111.765
398.33	100.000
398.55	260.000
398.76	100.000
398.98	56.250
399.19	75.862
399.41	130.000
399.62	-75.000
399.83	164.286
400.05	223.810
400.26	-30.769
400.48	-68.750
400.69	70.833
400.90	235.000
401.12	64.865
401.33	-52.174
401.55	28.571
401.76	-200.000
401.97	-200.000
402.19	-35.294
402.40	400.000
402.62	-86.111
402.83	50.000
403.04	-56.522
403.26	175.000
403.47	-14.474
403.69	-18.182
403.90	66.667
404.11	-65.625
404.33	2.597
404.54	21.739
404.76	60.294
404.97	37.500
405.18	-450.000
405.40	75.000
405.61	20.896
405.83	-15.254
406.04	95.833
406.25	-500.000
406.47	-3800.000
406.68	100.000
406.89	-200.000
407.11	-100.000
407.32	65.957
407.54	91.071
407.75	23.171
407.96	69.811
408.18	-3.774
408.39	29.730
408.60	152.000
408.82	28.302
409.03	17.722
409.24	62.667
409.46	-253.846
409.67	130.556
409.89	-158.824
410.10	12.857
410.31	45.833
410.53	26.562
410.74	29.870
410.95	37.705
411.17	35.897
411.38	77.273
411.59	-13.793
411.81	-650.000
412.02	36.923
412.23	59.184
412.45	-27.027
412.66	200.000
412.87	34.409
413.09	83.333
413.30	-68.421
413.51	-212.500
413.73	-24.074
413.94	1300.000
414.15	21.918
414.37	84.444
414.58	-133.333
414.79	9.722
415.01	28.333
415.22	43.750
415.43	27.451
415.65	60.000
415.86	44.186
416.07	-25.000
416.29	38.158
416.50	6.818
416.71	-14.286
416.93	-1.149
417.14	102.439
417.35	11.364
417.57	21.101
417.78	42.857
417.99	41.818
418.21	16.327
418.42	59.375
418.63	14.925
418.85	18.868
419.06	9.836
419.27	15.476
419.48	29.348
419.70	-4.687
419.91	3.846
420.12	50.746
420.34	14.783
420.55	19.167
420.76	18.699
420.98	-20.896
421.19	44.295
421.40	-32.836
421.61	32.632
421.83	38.053
422.04	28.205
422.25	29.752
422.47	7.447
422.68	42.754
422.89	27.465
423.11	-36.905
423.32	39.394
423.53	41.549
423.74	21.649
423.96	25.714
424.17	30.539
424.38	6.863
424.59	-35.897
424.81	-16.000
425.02	21.905
425.23	13.873
425.45	-3.571
425.66	22.857
425.87	21.053
426.08	7.018
426.30	42.778
426.51	-3.158
426.72	11.940
426.93	-27.941
427.15	20.321
427.36	20.270
427.57	26.897
427.79	19.000
428.00	-1.807
428.21	29.108
428.42	9.146
428.64	8.734
428.85	10.286
429.06	1.639
429.27	8.182
429.49	41.844
429.70	15.823
429.91	29.339
430.12	22.159
430.34	6.944
430.55	7.981
430.76	24.862
430.97	0.465
431.19	1.775
431.40	-1.053
431.61	21.875
431.82	-12.883
432.03	12.500
432.25	7.831
432.46	-3.804
432.67	4.348
432.88	-7.821
433.10	0.917
433.31	12.963
433.52	10.985
433.73	0.524
433.95	6.286
434.16	13.306
434.37	15.982
434.58	15.234
434.79	-0.424
435.01	14.108
435.22	1.299
435.43	0.495
435.64	12.109
435.86	-0.500
436.07	24.775
436.28	-19.255
436.49	7.826
436.70	10.656
436.92	4.781
437.13	-2.264
437.34	7.527
437.55	23.469
437.76	3.475
437.98	22.183
438.19	18.152
438.40	2.536
438.61	11.455
438.82	6.757
439.04	11.915
439.25	22.483
439.46	7.273
439.67	1.587
439.88	9.236
440.10	8.876
440.31	12.044
440.52	11.972
440.73	0.791
440.94	3.448
441.16	11.250
441.37	19.094
441.58	5.498
441.79	-0.330
442.00	8.070
442.21	8.657
442.43	7.599
442.64	5.714
442.85	10.942
443.06	2.508
443.27	22.063
443.48	8.481
443.70	-6.431
443.91	14.242
444.12	4.954
444.33	3.504
444.54	8.091
444.75	14.545
444.97	-7.165
445.18	5.294
445.39	-7.188
445.60	2.649
445.81	5.099
446.02	-4.457
446.24	21.237
446.45	7.558
446.66	11.974
446.87	6.402
447.08	15.672
447.29	24.503
447.51	13.143
447.72	6.069
447.93	4.255
448.14	10.803
448.35	16.152
448.56	3.440
448.77	-7.278
448.99	7.649
449.20	4.469
449.41	2.661
449.62	4.188
449.83	1.635
450.04	12.304
450.25	14.452
450.46	6.443
450.68	14.521
450.89	16.901
451.10	6.616
451.31	3.183
451.52	7.729
451.73	14.123
451.94	10.924
452.15	-9.226
452.37	6.504
452.58	7.123
452.79	9.887
453.00	15.423
453.21	-3.900
453.42	9.023
453.63	5.596
453.84	7.143
454.06	5.093
454.27	3.807
454.48	5.500
454.69	13.140
454.90	2.525
455.11	7.143
455.32	13.679
455.53	-1.750
455.74	15.484
455.95	4.803
456.17	-10.962
456.38	3.918
456.59	14.477
456.80	3.581
457.01	0.000
457.22	8.243
457.43	10.616
457.64	20.798
457.85	4.328
458.06	9.600
458.27	7.009
458.49	14.624
458.70	8.421
458.91	6.640
459.12	11.861
459.33	17.980
459.54	10.744
459.75	11.591
459.96	-2.970
460.17	1.952
460.38	8.333
460.59	9.131
460.80	1.602
461.01	12.362
461.23	3.812
461.44	10.180
461.65	11.336
461.86	12.583
462.07	18.872
462.28	11.321
462.49	1.330
462.70	12.168
462.91	3.390
463.12	0.794
463.33	5.869
463.54	-5.907
463.75	4.762
463.96	15.068
464.17	9.856
464.38	4.481
464.59	-1.109
464.81	7.767
465.02	3.600
465.23	-4.626
465.44	8.487
465.65	8.829
465.86	12.449
466.07	9.142
466.28	8.812
466.49	9.576
466.70	-3.340
466.91	6.522
467.12	6.805
467.33	6.567
467.54	8.319
467.75	10.588
467.96	13.378
468.17	3.788
468.38	1.149
468.59	3.455
468.80	9.677
469.01	1.328
469.22	4.643
469.43	1.124
469.64	12.361
469.85	9.138
470.06	10.016
470.27	9.228
470.48	7.759
470.69	4.167
470.90	3.826
471.11	7.098
471.32	9.683
471.53	8.189
471.74	8.117
471.95	3.215
472.16	11.873
472.37	1.005
472.58	13.479
472.79	-0.840
473.00	1.626
473.21	7.018
473.42	6.804
473.63	8.709
473.84	4.812
474.05	2.796
474.26	10.355
474.47	7.321
474.68	6.479
474.89	10.301
475.10	5.195
475.31	4.734
475.52	6.028
475.73	1.901
475.94	6.770
476.15	3.014
476.36	0.740
476.57	3.857
476.78	4.899
476.99	0.149
477.20	9.270
477.41	9.355
477.62	11.286
477.83	4.521
478.04	6.545
478.25	7.918
478.46	10.323
478.67	5.029
478.88	5.250
479.09	6.667
479.30	2.937
479.51	1.811
479.72	5.314
479.93	10.595
480.14	5.618
480.35	10.533
480.56	4.529
480.77	4.994
480.98	0.000
481.18	4.056
481.39	8.782
481.60	5.421
481.81	9.316
482.02	5.550
482.23	1.858
482.44	8.100
482.65	5.346
482.86	0.546
483.07	2.904
483.28	5.247
483.49	4.713
483.70	3.972
483.91	5.534
484.12	10.000
484.33	5.171
484.53	4.012
484.74	10.049
484.95	7.469
485.16	3.280
485.37	4.692
485.58	3.663
485.79	3.395
486.00	4.532
486.21	6.600
486.42	5.483
486.63	6.461
486.84	5.185
487.05	8.911
487.25	7.641
487.46	6.167
487.67	10.370
487.88	7.657
488.09	4.286
488.30	3.815
488.51	5.202
488.72	9.190
488.93	8.148
489.14	3.603
489.35	-0.256
489.55	5.660
489.76	7.555
489.97	6.313
490.18	10.649
490.39	5.648
490.60	5.456
490.81	9.168
491.02	4.287
491.23	7.449
491.43	4.499
491.64	6.844
491.85	8.118
492.06	8.905
492.27	1.879
492.48	6.461
492.69	5.000
492.90	6.444
493.11	3.152
493.31	5.818
493.52	6.611
493.73	7.504
493.94	3.869
494.15	4.485
494.36	4.278
494.57	6.335
494.78	7.809
494.98	9.778
495.19	6.555
495.40	6.084
495.61	8.333
495.82	4.975
496.03	6.940
496.24	1.994
496.44	7.266
496.65	5.986
496.86	4.404
497.07	1.778
497.28	6.379
497.49	4.812
497.70	4.598
497.90	8.255
498.11	1.979
498.32	6.386
498.53	5.871
498.74	4.689
498.95	2.246
499.15	6.421
499.36	-0.483
499.57	4.793
499.78	5.574
499.99	7.008
500.20	4.821
500.40	7.039
500.61	5.901
500.82	4.496
501.03	7.780
501.24	7.353
501.45	4.612
501.65	4.637
501.86	5.186
502.07	8.184
502.28	2.161
502.49	6.262
502.70	6.583
502.90	5.347
503.11	5.828
503.32	5.932
503.53	9.395
503.74	5.687
503.94	6.618
504.15	5.513
504.36	3.661
504.57	3.746
504.78	4.881
504.98	7.344
505.19	8.594
505.40	6.006
505.61	7.835
505.82	5.714
506.02	9.015
506.23	8.527
506.44	8.237
506.65	6.835
506.86	7.763
507.06	5.783
507.27	5.349
507.48	7.155
507.69	4.473
507.90	7.576
508.10	1.602
508.31	5.679
508.52	6.426
508.73	6.633
508.94	5.230
509.14	7.539
509.35	4.848
509.56	9.704
509.77	5.422
509.97	7.782
510.18	4.780
510.39	6.948
510.60	9.417
510.80	8.609
511.01	7.029
511.22	5.052
511.43	7.288
511.64	7.272
511.84	6.186
512.05	5.522
512.26	5.640
512.47	7.230
512.67	6.656
512.88	6.756
513.09	7.374
513.30	5.223
513.50	7.113
513.71	6.112
513.92	7.888
514.13	8.373
514.33	6.046
514.54	9.648
514.75	8.934
514.96	6.845
515.16	6.154
515.37	6.886
515.58	9.140
515.78	7.692
515.99	8.877
516.20	8.620
516.41	9.761
516.61	9.509
516.82	9.734
517.03	9.187
517.24	6.650
517.44	7.688
517.65	9.286
517.86	7.708
518.07	8.167
518.27	7.009
518.48	8.078
518.69	7.328
518.89	7.231
519.10	9.096
519.31	9.364
519.52	4.898
519.72	7.990
519.93	9.684
520.14	7.618
520.34	7.883
520.55	9.032
520.76	8.659
520.96	12.381
521.17	9.027
521.38	8.096
521.59	9.130
521.79	9.034
522.00	9.223
522.21	10.557
522.41	10.073
522.62	9.853
522.83	10.997
523.03	9.855
523.24	10.401
523.45	10.788
523.66	9.515
523.86	9.356
524.07	10.253
524.28	10.065
524.48	10.018
524.69	12.114
524.90	9.187
525.10	11.407
525.31	9.400
525.52	9.064
525.72	10.271
525.93	11.313
526.14	9.458
526.34	13.999
526.55	13.123
526.76	13.735
526.96	10.731
527.17	11.463
527.38	13.478
527.58	11.897
527.79	13.208
528.00	8.449
528.20	12.060
528.41	11.022
528.62	12.051
528.82	11.433
529.03	11.917
529.24	11.161
529.44	12.080
529.65	14.161
529.85	13.366
530.06	9.812
530.27	13.196
530.47	14.158
530.68	12.522
530.89	13.496
531.09	13.691
531.30	13.090
531.51	10.908
531.71	15.529
531.92	12.674
532.13	11.675
532.33	15.141
532.54	15.299
532.74	14.354
532.95	14.261
533.16	13.964
533.36	15.177
533.57	14.394
533.78	14.533
533.98	12.892
534.19	15.664
534.39	12.802
534.60	13.916
534.81	12.922
535.01	13.964
535.22	14.110
535.42	14.327
535.63	12.832
535.84	14.750
536.04	14.364
536.25	15.178
536.45	14.333
536.66	15.594
536.87	13.683
537.07	16.309
537.28	15.121
537.48	15.794
537.69	15.888
537.90	14.178
538.10	13.904
538.31	13.344
538.51	16.239
538.72	15.049
538.93	16.074
539.13	14.917
539.34	16.928
539.54	14.200
539.75	13.651
539.96	14.806
540.16	16.419
540.37	18.043
540.57	14.845
540.78	16.442
540.98	16.842
541.19	17.060
541.40	14.956
541.60	16.825
541.81	13.867
542.01	16.147
542.22	17.357
542.42	15.751
542.63	16.036
542.83	16.373
543.04	18.429
543.25	16.686
543.45	14.421
543.66	16.071
543.86	16.907
544.07	14.741
544.27	15.855
544.48	17.889
544.68	15.566
544.89	14.558
545.10	16.553
545.30	15.654
545.51	16.226
545.71	15.957
545.92	17.668
546.12	16.770
546.33	15.646
546.53	17.189
546.74	16.922
546.94	16.868
547.15	16.970
547.36	17.808
547.56	16.019
547.77	18.582
547.97	15.473
548.18	17.088
548.38	16.191
548.59	19.372
548.79	18.172
549.00	16.755
549.20	16.070
549.41	15.755
549.61	16.643
549.82	17.077
550.02	16.548
550.23	17.623
550.43	15.911
550.64	17.871
550.84	16.577
551.05	17.161
551.25	17.170
551.46	17.360
551.66	17.697
551.87	19.414
552.07	17.548
552.28	17.052
552.48	17.024
552.69	16.589
552.89	16.926
553.10	17.186
553.30	18.303
553.51	16.488
553.71	17.819
553.92	15.763
554.12	18.467
554.33	15.815
554.53	18.290
554.74	16.650
554.94	19.043
555.15	18.546
555.35	18.001
555.56	16.433
555.76	17.717
555.97	19.263
556.17	18.850
556.38	16.717
556.58	17.634
556.78	16.233
556.99	17.980
557.19	17.378
557.40	19.195
557.60	17.110
557.81	18.495
558.01	17.989
558.22	16.587
558.42	15.342
558.63	17.559
558.83	17.527
559.04	18.897
559.24	18.263
559.44	18.597
559.65	18.689
559.85	17.993
560.06	17.379
560.26	18.003
560.47	17.855
560.67	19.436
560.88	19.066
561.08	19.055
561.28	17.724
561.49	17.052
561.69	18.870
561.90	18.350
562.10	20.194
562.31	17.328
562.51	17.390
562.71	18.404
562.92	19.237
563.12	19.287
563.33	16.632
563.53	18.532
563.74	18.907
563.94	17.964
564.14	18.799
564.35	18.036
564.55	18.902
564.76	17.813
564.96	18.123
565.17	16.729
565.37	19.156
565.57	18.041
565.78	19.667
565.98	18.356
566.19	19.335
566.39	19.056
566.59	16.249
566.80	18.201
567.00	17.242
567.21	17.547
567.41	17.760
567.61	18.281
567.82	17.710
568.02	16.662
568.23	17.708
568.43	17.848
568.63	17.551
568.84	18.639
569.04	18.092
569.24	18.473
569.45	17.849
569.65	17.874
569.86	17.626
570.06	18.493
570.26	17.175
570.47	17.210
570.67	17.465
570.87	19.457
571.08	18.168
571.28	16.637
571.49	18.945
571.69	17.603
571.89	17.315
572.10	17.798
572.30	16.077
572.50	16.833
572.71	15.535
572.91	17.048
573.11	16.632
573.32	18.370
573.52	16.696
573.73	15.531
573.93	18.335
574.13	16.372
574.34	16.384
574.54	15.219
574.74	14.562
574.95	17.950
575.15	17.561
575.35	15.327
575.56	16.974
575.76	16.910
575.96	15.879
576.17	17.024
576.37	15.247
576.57	15.568
576.78	14.414
576.98	16.434
577.18	17.455
577.39	17.366
577.59	15.817
577.79	16.657
578.00	15.882
578.20	17.327
578.40	15.955
578.61	16.143
578.81	14.302
579.01	15.809
579.22	14.873
579.42	16.807
579.62	14.559
579.82	16.531
580.03	16.780
580.23	15.792
580.43	15.638
580.64	15.709
580.84	15.859
581.04	15.856
581.25	15.084
581.45	16.209
581.65	15.664
581.86	14.306
582.06	16.234
582.26	15.398
582.46	14.450
582.67	15.224
582.87	14.997
583.07	14.329
583.28	14.789
583.48	14.931
583.68	17.220
583.88	14.966
584.09	13.991
584.29	13.991
584.49	14.988
584.70	14.381
584.90	14.317
585.10	13.839
585.30	15.924
585.51	15.019
585.71	14.949
585.91	14.661
586.11	12.712
586.32	13.645
586.52	15.576
586.72	14.227
586.92	13.602
587.13	14.521
587.33	14.808
587.53	15.424
587.74	14.793
587.94	14.656
588.14	14.582
588.34	14.864
588.55	13.558
588.75	13.458
588.95	15.829
589.15	12.249
589.36	13.299
589.56	14.895
589.76	13.725
589.96	13.364
590.16	15.312
590.37	14.244
590.57	13.556
590.77	14.331
590.97	13.762
591.18	15.235
591.38	15.419
591.58	15.295
591.78	12.555
591.99	14.206
592.19	13.588
592.39	13.251
592.59	14.980
592.79	13.570
593.00	13.842
593.20	15.275
593.40	13.332
593.60	13.632
593.81	13.368
594.01	13.588
594.21	14.316
594.41	14.581
594.61	12.306
594.82	13.511
595.02	13.120
595.22	12.293
595.42	13.049
595.62	12.966
595.83	13.828
596.03	12.683
596.23	12.528
596.43	11.721
596.63	13.461
596.84	13.287
597.04	15.183
597.24	13.216
597.44	12.127
597.64	12.428
597.84	13.685
598.05	13.060
598.25	13.916
598.45	12.876
598.65	12.222
598.85	14.699
599.06	13.856
599.26	12.803
599.46	14.164
599.66	13.606
599.86	12.488
600.06	12.876
600.27	13.005
600.47	12.173
600.67	13.308
600.87	13.295
601.07	13.115
601.27	13.699
601.48	14.345
601.68	12.503
601.88	13.193
602.08	12.460
602.28	13.068
602.48	13.864
602.68	13.188
602.89	13.307
603.09	12.138
603.29	13.431
603.49	13.125
603.69	13.125
603.89	13.500
604.09	13.333
604.30	12.668
604.50	12.943
604.70	11.715
604.90	12.257
605.10	12.021
605.30	13.680
605.50	12.919
605.71	12.567
605.91	12.193
606.11	11.991
606.31	14.258
606.51	11.628
606.71	12.873
606.91	12.633
607.11	13.685
607.32	11.849
607.52	14.694
607.72	12.206
607.92	12.358
608.12	11.946
608.32	11.817
608.52	12.263
608.72	13.430
608.92	13.132
609.12	13.338
609.33	12.669
609.53	13.079
609.73	12.233
609.93	11.710
610.13	12.661
610.33	12.268
610.53	12.897
610.73	14.216
610.93	13.564
611.13	11.535
611.34	12.345
611.54	12.181
611.74	13.106
611.94	13.099
612.14	12.002
612.34	13.769
612.54	11.542
612.74	11.700
612.94	12.169
613.14	12.573
613.34	11.990
613.54	12.281
613.74	11.103
613.95	13.198
614.15	11.578
614.35	11.387
614.55	12.017
614.75	12.364
614.95	11.727
615.15	11.912
615.35	11.905
615.55	11.068
615.75	12.388
615.95	12.357
616.15	12.820
616.35	10.902
616.55	11.654
616.75	10.692
616.95	10.660
617.15	11.615
617.35	11.498
617.56	10.939
617.76	13.002
617.96	13.134
618.16	10.232
618.36	11.531
618.56	10.303
618.76	10.821
618.96	10.683
619.16	11.405
619.36	10.833
619.56	11.570
619.76	11.769
619.96	11.458
620.16	10.851
620.36	10.904
620.56	10.833
620.76	11.791
620.96	11.431
621.16	11.472
621.36	10.128
621.56	10.740
621.76	11.410
621.96	9.860
622.16	11.407
622.36	10.898
622.56	10.499
622.76	11.230
622.96	10.769
623.16	10.735
623.36	11.121
623.56	11.459
623.76	10.523
623.96	11.141
624.16	11.054
624.36	9.560
624.56	11.297
624.76	11.119
624.96	11.561
625.16	10.382
625.36	9.771
625.56	10.209
625.76	10.726
625.96	10.915
626.16	10.426
626.36	11.340
626.56	10.984
626.76	11.166
626.96	9.952
627.16	11.101
627.36	10.635
627.56	11.579
627.76	10.907
627.96	11.424
628.16	10.453
628.36	11.510
628.56	10.898
628.75	11.033
628.95	10.674
629.15	11.249
629.35	11.283
629.55	9.791
629.75	10.929
629.95	10.563
630.15	11.888
630.35	11.649
630.55	11.420
630.75	10.650
630.95	12.025
631.15	10.804
631.35	9.620
631.55	10.142
631.75	10.778
631.95	10.272
632.15	11.314
632.34	10.431
632.54	10.893
632.74	9.989
632.94	11.248
633.14	10.874
633.34	10.175
633.54	11.168
633.74	10.447
633.94	11.706
634.14	11.174
634.34	10.682
634.54	10.105
634.74	10.167
634.93	10.191
635.13	10.484
635.33	10.265
635.53	11.550
635.73	10.619
635.93	10.893
636.13	10.833
636.33	11.210
636.53	10.880
636.73	10.088
636.93	10.768
637.12	10.200
637.32	10.514
637.52	11.494
637.72	10.927
637.92	10.217
638.12	9.898
638.32	10.338
638.52	11.113
638.72	10.381
638.91	9.715
639.11	9.251
639.31	12.037
639.51	10.111
639.71	10.867
639.91	10.103
640.11	10.727
640.31	10.142
640.50	10.110
640.70	9.529
640.90	10.661
641.10	9.880
641.30	9.395
641.50	9.111
641.70	9.679
641.89	9.724
642.09	10.116
642.29	9.823
642.49	8.732
642.69	10.142
642.89	9.580
643.09	10.589
643.28	8.599
643.48	11.097
643.68	9.996
643.88	8.613
644.08	9.922
644.28	9.389
644.48	8.622
644.67	10.004
644.87	9.536
645.07	9.287
645.27	9.392
645.47	10.004
645.67	9.031
645.86	9.541
646.06	8.098
646.26	8.378
646.46	8.165
646.66	8.812
646.85	9.178
647.05	9.297
647.25	7.648
647.45	9.456
647.65	9.047
647.85	8.989
648.04	7.960
648.24	8.637
648.44	7.793
648.64	8.090
648.84	7.730
649.03	8.630
649.23	8.825
649.43	8.370
649.63	8.433
649.83	8.328
650.02	9.237
650.22	8.827
650.42	7.349
650.62	7.964
650.82	7.931
651.01	8.095
651.21	8.819
651.41	10.301
651.61	8.411
651.81	8.008
652.00	7.075
652.20	7.981
652.40	6.504
652.60	7.414
652.79	8.082
652.99	7.734
653.19	7.072
653.39	8.753
653.59	7.425
653.78	7.663
653.98	7.976
654.18	7.691
654.38	7.668
654.57	7.088
654.77	8.168
654.97	7.771
655.17	8.271
655.36	8.354
655.56	8.424
655.76	8.202
655.96	6.791
656.15	7.221
656.35	8.671
656.55	8.604
656.75	8.087
656.94	7.433
657.14	8.168
657.34	6.423
657.54	7.762
657.73	7.952
657.93	7.692
658.13	7.477
658.33	6.868
658.52	7.126
658.72	8.100
658.92	5.899
659.11	6.467
659.31	6.884
659.51	6.870
659.71	7.918
659.90	7.713
660.10	6.609
660.30	7.313
660.50	7.700
660.69	6.512
660.89	7.410
661.09	6.652
661.28	6.504
661.48	7.006
661.68	6.763
661.87	7.455
662.07	7.264
662.27	6.789
662.47	7.268
662.66	6.728
662.86	7.544
663.06	6.796
663.25	6.309
663.45	6.452
663.65	6.695
663.84	6.468
664.04	6.548
664.24	6.571
664.44	6.786
664.63	7.432
664.83	5.690
665.03	6.691
665.22	5.999
665.42	6.229
665.62	7.258
665.81	6.816
666.01	6.519
666.21	7.074
666.40	6.280
666.60	5.889
666.80	7.407
666.99	6.160
667.19	7.150
667.39	6.446
667.58	6.436
667.78	6.172
667.98	5.983
668.17	6.350
668.37	6.021
668.57	6.375
668.76	6.170
668.96	6.296
669.16	7.141
669.35	6.729
669.55	7.573
669.74	7.139
669.94	6.270
670.14	5.949
670.33	7.233
670.53	5.974
670.73	6.249
670.92	6.127
671.12	7.515
671.32	6.380
671.51	5.931
671.71	6.402
671.90	6.167
672.10	6.163
672.30	6.583
672.49	5.594
672.69	5.909
672.89	6.211
673.08	6.093
673.28	6.487
673.47	6.626
673.67	6.380
673.87	5.007
674.06	5.038
674.26	6.033
674.45	6.128
674.65	6.998
674.85	6.162
675.04	5.449
675.24	7.051
675.43	6.381
675.63	5.937
675.83	6.098
676.02	6.143
676.22	5.506
676.41	6.061
676.61	6.403
676.81	6.569
677.00	6.098
677.20	6.229
677.39	6.910
677.59	5.432
677.79	5.730
677.98	6.192
678.18	5.984
678.37	6.663
678.57	6.133
678.76	6.080
678.96	6.132
679.16	6.113
679.35	6.876
679.55	6.227
679.74	6.016
679.94	6.120
680.13	5.810
680.33	6.512
680.53	7.171
680.72	5.910
680.92	7.215
681.11	6.425
681.31	6.778
681.50	6.164
681.70	5.500
681.89	6.854
682.09	6.137
682.28	5.746
682.48	6.860
682.68	6.630
682.87	6.581
683.07	6.333
683.26	5.885
683.46	6.681
683.65	6.815
683.85	7.127
684.04	6.612
684.24	6.178
684.43	7.451
684.63	7.378
684.82	7.127
685.02	6.239
685.21	6.148
685.41	5.755
685.60	7.004
685.80	6.752
686.00	6.902
686.19	6.391
686.39	6.019
686.58	6.568
686.78	6.984
686.97	7.413
687.17	8.036
687.36	7.807
687.56	7.998
687.75	7.461
687.95	8.104
688.14	6.250
688.34	6.836
688.53	6.823
688.73	8.004
688.92	8.374
689.12	7.664
689.31	7.249
689.51	8.425
689.70	8.836
689.89	7.255
690.09	8.814
690.28	9.204
690.48	8.697
690.67	9.204
690.87	7.482
691.06	8.955
691.26	8.494
691.45	8.596
691.65	9.156
691.84	9.684
692.04	8.226
692.23	9.768
692.43	9.956
692.62	9.259
692.82	8.912
693.01	10.200
693.20	10.049
693.40	10.229
693.59	10.890
693.79	10.415
693.98	12.298
694.18	11.779
694.37	10.846
694.57	10.925
694.76	11.753
694.95	12.238
695.15	13.140
695.34	11.762
695.54	13.627
695.73	12.736
695.93	13.076
696.12	14.372
696.32	15.365
696.51	14.252
696.70	16.445
696.90	15.154
697.09	15.506
697.29	15.714
697.48	15.967
697.67	15.846
697.87	15.800
698.06	16.930
698.26	17.426
698.45	18.014
698.65	17.274
698.84	17.742
699.03	17.927
699.23	17.849
699.42	17.633
699.62	18.567
699.81	18.845
700.00	20.126
700.20	19.723
700.39	19.412
700.59	20.535
700.78	20.579
700.97	20.571
701.17	22.006
701.36	21.880
701.56	22.479
701.75	24.228
701.94	21.014
702.14	24.793
702.33	23.355
702.52	23.275
702.72	25.233
702.91	23.930
703.11	23.390
703.30	25.644
703.49	23.578
703.69	25.433
703.88	25.564
704.07	25.032
704.27	27.350
704.46	27.441
704.66	27.336
704.85	26.936
705.04	27.422
705.24	29.186
705.43	28.482
705.62	27.551
705.82	29.223
706.01	29.743
706.20	29.382
706.40	29.845
706.59	30.170
706.78	31.742
706.98	29.965
707.17	31.122
707.36	31.355
707.56	32.575
707.75	32.966
707.94	31.947
708.14	31.419
708.33	33.540
708.52	33.453
708.72	32.694
708.91	34.462
709.10	34.165
709.30	34.070
709.49	33.953
709.68	35.368
709.88	35.024
710.07	34.439
710.26	35.806
710.46	36.958
710.65	35.047
710.84	36.150
711.04	36.459
711.23	38.510
711.42	38.058
711.61	39.012
711.81	38.076
712.00	37.508
712.19	38.470
712.39	37.322
712.58	39.487
712.77	39.898
712.97	39.831
713.16	39.112
713.35	38.914
713.54	39.426
713.74	39.622
713.93	39.763
714.12	38.936
714.32	40.622
714.51	41.784
714.70	41.794
714.89	40.209
715.09	42.168
715.28	42.998
715.47	41.901
715.66	42.178
715.86	42.360
716.05	44.786
716.24	42.344
716.44	41.722
716.63	43.668
716.82	43.868
717.01	43.934
717.21	44.317
717.40	43.490
717.59	44.329
717.78	43.683
717.98	45.937
718.17	45.513
718.36	44.467
718.55	44.121
718.75	44.785
718.94	45.827
719.13	44.979
719.32	44.959
719.52	46.674
719.71	46.607
719.90	45.682
720.09	44.946
720.28	44.888
720.48	44.800
720.67	45.719
720.86	47.090
721.05	48.847
721.25	45.048
721.44	46.142
721.63	47.792
721.82	48.555
722.01	48.911
722.21	48.755
722.40	50.916
722.59	48.436
722.78	48.693
722.98	47.909
723.17	49.159
723.36	48.391
723.55	49.225
723.74	47.925
723.94	49.227
724.13	48.516
724.32	50.455
724.51	50.460
724.70	49.282
724.89	51.450
725.09	49.136
725.28	49.000
725.47	50.109
725.66	50.604
725.85	49.845
726.05	50.271
726.24	51.681
726.43	49.523
726.62	51.780
726.81	49.097
727.00	52.548
727.20	51.399
727.39	54.124
727.58	52.651
727.77	52.215
727.96	52.011
728.15	53.052
728.35	52.955
728.54	52.775
728.73	54.405
728.92	54.946
729.11	52.186
729.30	53.351
729.50	54.427
729.69	53.035
729.88	55.659
730.07	52.139
730.26	52.899
730.45	53.577
730.64	54.393
730.84	52.689
731.03	54.966
731.22	54.202
731.41	53.322
731.60	55.746
731.79	54.808
731.98	55.281
732.18	53.786
732.37	55.715
732.56	56.013
732.75	54.875
732.94	57.218
733.13	56.369
733.32	54.836
733.51	56.449
733.71	54.336
733.90	53.988
734.09	56.879
734.28	57.308
734.47	56.498
734.66	56.492
734.85	54.192
735.04	55.371
735.23	55.643
735.42	57.099
735.62	57.070
735.81	56.613
736.00	56.351
736.19	56.854
736.38	57.855
736.57	60.076
736.76	57.628
736.95	56.887
737.14	55.936
737.33	56.561
737.52	55.322
737.72	59.308
737.91	56.996
738.10	58.233
738.29	57.614
738.48	59.711
738.67	57.484
738.86	57.587
739.05	57.826
739.24	56.198
739.43	57.341
739.62	58.092
739.81	58.972
740.00	60.582
740.19	60.109
740.39	56.653
740.58	59.278
740.77	58.333
740.96	58.982
741.15	59.160
741.34	58.671
741.53	59.609
741.72	59.717
741.91	57.939
742.10	58.353
742.29	59.580
742.48	57.531
742.67	59.162
742.86	58.359
743.05	59.496
743.24	59.727
743.43	59.064
743.62	59.349
743.81	61.080
744.00	59.538
744.19	59.652
744.38	58.478
744.57	57.355
744.76	60.592
744.95	58.751
745.14	60.270
745.33	60.402
745.52	60.457
745.71	59.627
745.90	58.200
746.09	58.803
746.28	59.440
746.47	58.811
746.66	59.474
746.85	61.137
747.04	59.703
747.23	58.853
747.42	59.962
747.61	60.188
747.80	61.427
747.99	59.325
748.18	59.981
748.37	60.076
748.56	61.665
748.75	60.934
748.94	62.156
749.13	60.591
749.32	57.826
749.51	61.187
749.70	60.411
749.89	60.000
750.08	62.302
750.27	60.185
750.46	58.245
750.65	58.607
750.84	59.628
751.03	60.242
751.22	59.922
751.41	61.951
751.60	60.404
751.79	62.026
751.98	62.209
752.17	62.696
752.36	60.334
752.55	60.884
752.74	61.282
752.93	59.077
753.12	61.250
753.30	61.163
753.49	61.808
753.68	60.826
753.87	60.957
754.06	62.437
754.25	61.279
754.44	59.929
754.63	60.622
754.82	60.092
755.01	61.069
755.20	60.655
755.39	61.544
755.58	62.267
755.77	63.810
755.96	60.929
756.14	60.541
756.33	59.272
756.52	60.732
756.71	63.190
756.90	61.044
757.09	61.583
757.28	61.620
757.47	58.854
757.66	62.211
757.85	59.907
758.04	60.748
758.22	61.293
758.41	59.160
758.60	63.641
758.79	61.339
758.98	59.980
759.17	58.857
759.36	62.364
759.55	61.096
759.74	63.014
759.92	61.070
760.11	60.277
760.30	61.353
760.49	58.884
760.68	59.856
760.87	62.931
761.06	60.323
761.25	61.199
761.43	60.506
761.62	62.908
761.81	61.085
762.00	62.070
762.19	61.362
762.38	61.799
762.57	63.002
762.76	61.829
762.94	63.124
763.13	61.321
763.32	60.575
763.51	62.147
763.70	60.375
763.89	62.264
764.07	61.268
764.26	61.700
764.45	60.382
764.64	62.230
764.83	62.432
765.02	60.434
765.21	63.947
765.39	60.294
765.58	63.251
765.77	61.015
765.96	59.881
766.15	61.297
766.34	60.228
766.52	60.929
766.71	63.363
766.90	59.096
767.09	60.740
767.28	60.514
767.46	59.954
767.65	62.830
767.84	61.143
768.03	63.851
768.22	64.721
768.40	60.929
768.59	63.550
768.78	62.911
768.97	62.065
769.16	61.993
769.34	61.143
769.53	61.696
769.72	62.654
769.91	58.611
770.10	60.084
770.28	62.011
770.47	61.967
770.66	60.930
770.85	61.876
771.04	64.940
771.22	60.960
771.41	60.952
771.60	62.208
771.79	64.078
771.98	63.086
772.16	61.608
772.35	61.162
772.54	62.057
772.73	64.153
772.91	63.147
773.10	62.554
773.29	62.132
773.48	60.867
773.66	62.010
773.85	60.953
774.04	61.022
774.23	61.933
774.41	61.797
774.60	61.985
774.79	62.883
774.98	61.503
775.16	61.283
775.35	63.383
775.54	62.152
775.73	60.644
775.91	63.860
776.10	62.751
776.29	63.657
776.48	60.730
776.66	60.309
776.85	61.142
777.04	62.729
777.23	62.723
777.41	63.366
777.60	62.594
777.79	59.918
777.97	63.548
778.16	61.244
778.35	64.011
778.54	59.386
778.72	61.554
778.91	63.668
779.10	61.613
779.28	60.798
779.47	62.820
779.66	62.593
779.85	63.244
780.03	61.512
780.22	60.047
780.41	61.030
780.59	61.902
780.78	62.648
780.97	62.026
781.15	60.974
781.34	59.330
781.53	61.446
781.71	60.497
781.90	60.305
782.09	61.554
782.27	59.864
782.46	61.355
782.65	59.381
782.84	61.633
783.02	60.167
783.21	62.953
783.40	62.002
783.58	63.679
783.77	62.085
783.96	63.582
784.14	63.465
784.33	64.421
784.52	60.912
784.70	60.617
784.89	61.079
785.07	63.178
785.26	62.045
785.45	60.653
785.63	62.858
785.82	63.785
786.01	61.467
786.19	60.012
786.38	61.415
786.57	61.686
786.75	62.041
786.94	62.968
787.13	60.793
787.31	63.589
787.50	64.265
787.68	64.793
787.87	61.954
788.06	61.516
788.24	62.439
788.43	60.382
788.62	61.375
788.80	62.133
788.99	62.386
789.17	62.616
789.36	61.866
789.55	61.135
789.73	63.657
789.92	58.976
790.10	59.045
790.29	62.951
790.48	64.188
790.66	61.563
790.85	62.378
791.03	62.194
791.22	64.021
791.41	61.080
791.59	61.692
791.78	60.627
791.96	65.196
792.15	61.474
792.34	60.104
792.52	61.339
792.71	62.112
792.89	61.829
793.08	61.278
793.27	60.073
793.45	63.458
793.64	62.792
793.82	64.626
794.01	60.365
794.19	64.051
794.38	61.858
794.57	62.644
794.75	62.311
794.94	62.423
795.12	60.797
795.31	61.580
795.49	62.130
795.68	62.152
795.86	61.191
796.05	61.168
796.24	61.955
796.42	62.972
796.61	62.689
796.79	60.254
796.98	59.685
797.16	61.688
797.35	61.543
797.53	62.219
797.72	62.073
797.90	63.880
798.09	59.303
798.27	61.641
798.46	61.925
798.65	62.399
798.83	60.616
799.02	61.547
799.20	61.743
799.39	60.943
799.57	63.147
799.76	61.988
799.94	61.699
800.13	63.631
800.31	63.003
800.50	61.279
800.68	59.503
800.87	62.703
801.05	61.806
801.24	61.352
801.42	62.280
801.61	62.316
801.79	60.708
801.98	60.258
802.16	63.846
802.35	61.538
802.53	62.591
802.72	61.242
802.90	65.339
803.09	61.896
803.27	63.399
803.46	61.995
803.64	61.711
803.83	62.368
804.01	61.226
804.20	62.442
804.38	61.778
804.56	61.891
804.75	63.717
804.93	62.769
805.12	60.492
805.30	60.464
805.49	62.438
805.67	62.768
805.86	64.407
806.04	63.649
806.23	61.216
806.41	62.560
806.59	63.657
806.78	62.266
806.96	61.909
807.15	61.603
807.33	62.903
807.52	62.309
807.70	61.952
807.89	63.034
808.07	60.739
808.25	63.319
808.44	61.717
808.62	62.066
808.81	59.399
808.99	60.819
809.18	62.608
809.36	58.478
809.54	62.325
809.73	61.135
809.91	62.892
810.10	63.065
810.28	63.023
810.47	63.146
810.65	60.927
810.83	61.805
811.02	63.554
811.20	63.933
811.39	61.642
811.57	61.716
811.75	62.254
811.94	63.571
812.12	63.350
812.31	61.470
812.49	63.532
812.67	62.591
812.86	62.572
813.04	61.195
813.23	65.451
813.41	62.874
813.59	63.101
813.78	62.628
813.96	62.664
814.14	63.939
814.33	61.927
814.51	63.344
814.70	62.203
814.88	60.302
815.06	61.731
815.25	62.068
815.43	61.789
815.61	61.176
815.80	62.009
815.98	61.091
816.16	61.714
816.35	60.378
816.53	64.012
816.72	60.575
816.90	61.853
817.08	62.587
817.27	63.032
817.45	65.321
817.63	61.084
817.82	59.213
818.00	62.116
818.18	63.376
818.37	63.090
818.55	59.582
818.73	63.469
818.92	62.290
819.10	62.675
819.28	62.459
819.47	65.488
819.65	62.461
819.83	63.302
820.02	61.692
820.20	63.161
820.38	61.678
820.57	60.299
820.75	61.605
820.93	62.074
821.11	60.733
821.30	65.950
821.48	65.302
821.66	60.867
821.85	64.414
822.03	63.515
822.21	61.442
822.40	63.828
822.58	62.741
822.76	61.871
822.94	59.648
823.13	61.511
823.31	62.823
823.49	62.311
823.68	61.090
823.86	64.079
824.04	61.180
824.22	64.010
824.41	62.484
824.59	60.312
824.77	63.615
824.96	62.941
825.14	62.016
825.32	59.781
825.50	62.517
825.69	64.753
825.87	64.008
826.05	61.102
826.23	61.229
826.42	63.295
826.60	61.719
826.78	61.879
826.96	60.567
827.15	60.391
827.33	62.138
827.51	60.746
827.69	62.213
827.88	62.402
828.06	63.079
828.24	64.155
828.42	63.959
828.61	61.781
828.79	60.523
828.97	61.887
829.15	62.821
829.34	61.905
829.52	59.442
829.70	64.935
829.88	61.083
830.06	63.360
830.25	62.247
830.43	63.055
830.61	59.823
830.79	64.720
830.97	62.130
831.16	62.602
831.34	63.808
831.52	62.539
831.70	63.643
831.89	62.591
832.07	63.892
832.25	61.816
832.43	61.499
832.61	62.086
832.80	59.952
832.98	61.061
833.16	63.499
833.34	61.300
833.52	59.966
833.70	63.404
833.89	62.746
834.07	63.592
834.25	60.309
834.43	62.864
834.61	63.106
834.80	63.070
834.98	64.610
835.16	62.151
835.34	64.759
835.52	62.285
835.70	63.831
835.89	63.532
836.07	63.754
836.25	62.234
836.43	61.711
836.61	63.597
836.79	63.499
836.97	64.152
837.16	63.518
837.34	63.594
837.52	64.180
837.70	62.523
837.88	61.148
838.06	65.270
838.24	61.461
838.43	62.659
838.61	61.887
838.79	61.841
838.97	63.519
839.15	60.604
839.33	59.801
839.51	64.431
839.70	63.722
839.88	61.474
840.06	63.437
840.24	63.979
840.42	64.530
840.60	60.992
840.78	63.335
840.96	64.498
841.14	60.389
841.33	63.876
841.51	61.368
841.69	60.162
841.87	62.427
842.05	64.419
842.23	66.134
842.41	60.682
842.59	62.283
842.77	61.841
842.95	64.097
843.14	63.184
843.32	63.326
843.50	61.682
843.68	61.865
843.86	60.563
844.04	63.936
844.22	63.018
844.40	65.154
844.58	63.794
844.76	62.234
844.94	63.387
845.12	63.689
845.30	63.789
845.49	64.635
845.67	63.204
845.85	65.323
846.03	63.458
846.21	62.579
846.39	62.904
846.57	65.205
846.75	66.511
846.93	64.590
847.11	62.805
847.29	60.871
847.47	62.045
847.65	60.861
847.83	65.102
848.01	65.720
848.19	65.913
848.37	62.817
848.55	64.592
848.73	64.642
848.91	60.905
849.09	62.694
849.27	64.787
849.46	64.399
849.64	61.136
849.82	62.500
850.00	60.880
850.18	64.599
850.36	62.886
850.54	57.402
850.72	64.380
850.90	61.482
851.08	61.761
851.26	62.896
851.44	62.515
851.62	62.687
851.80	65.917
851.98	63.823
852.16	62.455
852.34	63.980
852.52	61.483
852.70	62.542
852.88	63.126
853.06	59.944
853.24	60.660
853.42	66.595
853.60	64.033
853.78	64.295
853.96	60.229
854.14	63.405
854.31	63.422
854.49	62.006
854.67	65.520
854.85	59.101
855.03	64.238
855.21	65.389
855.39	61.976
855.57	61.300
855.75	63.418
855.93	62.943
856.11	61.595
856.29	62.148
856.47	65.572
856.65	65.872
856.83	64.295
857.01	64.058
857.19	60.717
857.37	64.542
857.55	63.875
857.73	61.535
857.91	64.532
858.09	62.415
858.26	66.111
858.44	62.554
858.62	61.645
858.80	62.340
858.98	67.022
859.16	61.671
859.34	61.695
859.52	60.965
859.70	59.740
859.88	62.532
860.06	62.075
860.24	66.712
860.42	65.586
860.59	63.760
860.77	60.699
860.95	62.352
861.13	62.151
861.31	64.736
861.49	61.925
861.67	60.328
861.85	65.432
862.03	61.525
862.21	66.134
862.38	63.239
862.56	62.099
862.74	63.506
862.92	61.884
863.10	62.830
863.28	67.777
863.46	67.002
863.64	62.849
863.82	64.441
863.99	64.262
864.17	63.927
864.35	63.863
864.53	63.975
864.71	65.753
864.89	64.494
865.07	66.188
865.24	63.799
865.42	63.224
865.60	66.356
865.78	60.873
865.96	65.582
866.14	66.364
866.32	61.482
866.49	62.925
866.67	67.154
866.85	65.408
867.03	63.584
867.21	59.954
867.39	64.326
867.56	62.282
867.74	63.752
867.92	65.492
868.10	62.751
868.28	64.187
868.46	64.104
868.63	62.549
868.81	62.530
868.99	66.376
869.17	62.761
869.35	64.361
869.53	65.814
869.70	61.380
869.88	63.817
870.06	61.398
870.24	62.519
870.42	63.559
870.59	64.655
870.77	59.649
870.95	63.573
871.13	61.229
871.31	65.051
871.48	63.183
871.66	61.782
871.84	61.985
872.02	64.770
872.20	62.122
872.37	61.561
872.55	62.795
872.73	62.907
872.91	63.959
873.08	65.719
873.26	63.733
873.44	65.760
873.62	62.723
873.80	61.100
873.97	67.985
874.15	59.948
874.33	63.166
874.51	62.332
874.68	62.657
874.86	63.873
875.04	63.817
875.22	61.763
875.39	64.018
875.57	63.181
875.75	62.423
875.93	64.964
876.10	64.539
876.28	61.244
876.46	66.704
876.64	64.421
876.81	60.742
876.99	66.471
877.17	61.669
877.35	65.900
877.52	65.716
877.70	62.771
877.88	65.595
878.06	60.784
878.23	65.935
878.41	66.473
878.59	61.862
878.76	63.565
878.94	62.321
879.12	60.667
879.30	62.055
879.47	66.313
879.65	61.759
879.83	66.487
880.00	64.422
880.18	64.145
880.36	64.876
880.53	58.960
880.71	61.888
880.89	65.693
881.07	65.341
881.24	65.545
881.42	66.325
881.60	65.887
881.77	61.510
881.95	62.795
882.13	64.985
882.30	64.982
882.48	60.760
882.66	62.288
882.83	66.564
883.01	64.080
883.19	62.477
883.36	65.046
883.54	62.646
883.72	63.951
883.89	63.383
884.07	62.555
884.25	63.671
884.42	66.601
884.60	61.389
884.78	62.096
884.95	62.414
885.13	64.717
885.31	67.583
885.48	62.023
885.66	64.094
885.84	68.000
886.01	66.212
886.19	66.081
886.36	61.118
886.54	64.736
886.72	64.008
886.89	62.913
887.07	60.279
887.25	63.407
887.42	61.012
887.60	61.129
887.78	67.104
887.95	62.349
888.13	66.446
888.30	65.152
888.48	59.667
888.66	62.069
888.83	68.344
889.01	64.094
889.18	65.177
889.36	63.424
889.54	60.692
889.71	67.282
889.89	63.361
890.06	69.094
890.24	65.387
890.42	64.688
890.59	62.273
890.77	66.510
890.94	64.525
891.12	66.493
891.30	65.587
891.47	61.687
891.65	64.834
891.82	61.024
892.00	63.155
892.17	59.949
892.35	65.098
892.53	64.938
892.70	64.957
892.88	61.357
893.05	62.127
893.23	64.224
893.40	62.340
893.58	64.423
893.75	61.206
893.93	66.884
894.11	63.619
894.28	59.480
894.46	63.051
894.63	64.384
894.81	63.777
894.98	63.355
895.16	64.518
895.33	68.000
895.51	57.786
895.68	66.622
895.86	62.640
896.04	59.910
896.21	62.961
896.39	60.875
896.56	60.679
896.74	60.300
896.91	65.241
897.09	63.959
897.26	59.717
897.44	63.120
897.61	62.126
897.79	63.031
897.96	61.470
898.14	61.664
898.31	62.534
898.49	64.234
898.66	67.653
898.84	65.076
899.01	62.729
899.19	64.373
899.36	67.342
899.54	66.111
899.71	63.265
899.89	64.858
900.06	64.375
900.24	62.547
900.41	62.547
900.59	64.143
900.76	64.667
900.94	64.819
901.11	61.396
901.29	64.593
901.46	64.351
901.63	58.739
901.81	63.512
901.98	63.559
902.16	65.682
902.33	62.225
902.51	60.961
902.68	58.768
902.86	60.190
903.03	60.673
903.21	61.097
903.38	65.182
903.56	61.991
903.73	65.017
903.90	67.458
904.08	64.363
904.25	69.103
904.43	63.833
904.60	61.432
904.78	66.844
904.95	64.809
905.12	64.430
905.30	65.334
905.47	63.130
905.65	61.458
905.82	62.469
906.00	63.158
906.17	61.956
906.34	65.284
906.52	62.136
906.69	64.675
906.87	66.466
907.04	62.598
907.21	61.785
907.39	65.278
907.56	64.854
907.74	63.396
907.91	62.891
908.08	61.064
908.26	62.492
908.43	63.085
908.61	66.177
908.78	61.242
908.95	64.323
909.13	63.415
909.30	62.607
909.48	64.819
909.65	65.094
909.82	69.362
910.00	64.915
910.17	66.690
910.34	62.549
910.52	60.979
910.69	62.646
910.87	66.049
911.04	64.175
911.21	60.183
911.39	62.920
911.56	57.787
911.73	66.063
911.91	66.403
912.08	67.201
912.25	61.357
912.43	62.879
912.60	63.290
912.77	63.909
912.95	63.618
913.12	66.291
913.29	64.217
913.47	63.045
913.64	62.879
913.81	66.410
913.99	58.671
914.16	60.506
914.33	60.569
914.51	62.926
914.68	65.158
914.85	65.078
915.03	61.789
915.20	60.101
915.37	62.823
915.55	61.313
915.72	64.993
915.89	66.447
916.07	64.701
916.24	61.969
916.41	59.658
916.59	61.223
916.76	62.182
916.93	66.762
917.10	64.804
917.28	65.459
917.45	60.844
917.62	63.722
917.80	63.278
917.97	64.855
918.14	63.811
918.31	70.415
918.49	62.432
918.66	60.504
918.83	62.602
919.01	64.438
919.18	61.734
919.35	68.447
919.52	62.528
919.70	65.517
919.87	66.062
920.04	64.114
920.21	62.717
920.39	69.143
920.56	68.358
920.73	67.340
920.90	60.363
921.08	65.961
921.25	65.889
921.42	67.243
921.59	62.817
921.77	67.464
921.94	60.628
922.11	63.875
922.28	61.709
922.46	66.039
922.63	65.548
922.80	64.371
922.97	65.259
923.15	64.605
923.32	65.068
923.49	65.144
923.66	64.643
923.83	64.364
924.01	67.409
924.18	63.699
924.35	63.328
924.52	63.990
924.69	61.421
924.87	67.828
925.04	61.759
925.21	67.592
925.38	61.499
925.55	67.928
925.73	63.585
925.90	63.460
926.07	60.541
926.24	59.813
926.41	65.670
926.59	64.545
926.76	62.069
926.93	61.842
927.10	56.501
927.27	66.151
927.45	66.730
927.62	61.909
927.79	68.128
927.96	72.921
928.13	68.348
928.30	67.739
928.48	64.734
928.65	66.632
928.82	62.857
928.99	63.275
929.16	68.532
929.33	70.426
929.50	64.793
929.68	62.977
929.85	64.062
930.02	64.121
930.19	57.339
930.36	56.867
930.53	62.723
930.70	65.466
930.88	63.075
931.05	62.210
931.22	68.789
931.39	66.810
931.56	66.109
931.73	64.302
931.90	70.574
932.08	66.787
932.25	55.910
932.42	66.790
932.59	67.621
932.76	63.291
932.93	63.104
933.10	56.993
933.27	65.633
933.44	69.199
933.62	72.442
933.79	64.966
933.96	63.846
934.13	64.237
934.30	60.331
934.47	64.740
934.64	58.009
934.81	59.004
934.98	64.043
935.15	69.307
935.32	62.287
935.50	60.664
935.67	61.783
935.84	67.414
936.01	68.257
936.18	62.823
936.35	63.636
936.52	60.891
936.69	51.515
936.86	63.139
937.03	65.440
937.20	62.474
937.37	64.040
937.54	61.826
937.71	58.317
937.89	61.215
938.06	68.814
938.23	62.060
938.40	57.110
938.57	52.130
938.74	67.241
938.91	66.472
939.08	54.485
939.25	62.108
939.42	63.836
939.59	69.615
939.76	75.758
939.93	47.735
940.10	68.317
940.27	74.275
940.44	62.418
940.61	73.077
940.78	62.252
940.95	57.988
941.12	70.000
941.29	68.403
941.46	67.119
941.63	73.770
941.80	80.070
941.97	67.647
942.14	69.141
942.31	85.930
942.48	57.966
942.65	67.669
942.82	64.038
942.99	73.000
943.16	68.800
943.33	58.333
943.50	62.290
943.67	72.139
943.84	56.274
944.01	51.961
944.18	69.481
944.35	75.732
944.52	41.485
944.69	43.600
944.86	63.941
945.03	67.315
945.20	68.844
945.37	66.275
945.54	85.714
945.71	66.667
945.88	48.485
946.05	60.643
946.22	60.702
946.39	68.359
946.56	71.212
946.73	70.036
946.90	66.472
947.07	65.870
947.23	67.368
947.40	66.187
947.57	63.725
947.74	69.643
947.91	89.416
948.08	63.964
948.25	66.800
948.42	58.305
948.59	58.278
948.76	45.937
948.93	71.237
949.10	49.485
949.27	65.845
949.44	77.323
949.60	58.644
949.77	68.350
949.94	75.573
950.11	59.322
950.28	71.986
950.45	70.455
950.62	85.714
950.79	70.909
950.96	79.730
951.13	74.242
951.30	63.930
951.46	67.857
951.63	69.231
951.80	67.014
951.97	62.391
952.14	74.118
952.31	76.190
952.48	65.285
952.65	68.525
952.81	57.764
952.98	57.453
953.15	53.687
953.32	81.955
953.49	69.394
953.66	70.545
953.83	67.123
954.00	54.787
954.16	66.578
954.33	79.923
954.50	54.070
954.67	59.483
954.84	68.857
955.01	73.180
955.18	71.111
955.34	81.191
955.51	61.656
955.68	71.507
955.85	63.014
956.02	66.230
956.19	64.167
956.35	65.610
956.52	68.665
956.69	70.861
956.86	64.244
957.03	67.602
957.20	48.941
957.36	59.840
957.53	68.895
957.70	55.721
957.87	65.920
958.04	61.139
958.21	60.490
958.37	75.714
958.54	58.072
958.71	64.088
958.88	60.000
959.05	63.611
959.21	41.470
959.38	61.266
959.55	61.929
959.72	62.437
959.89	62.559
960.05	65.537
960.22	67.098
960.39	69.318
960.56	63.682
960.72	59.585
960.89	58.178
961.06	59.615
961.23	59.811
961.40	63.969
961.56	58.501
961.73	51.313
961.90	69.466
962.07	65.729
962.23	55.409
962.40	67.816
962.57	60.190
962.74	56.911
962.90	70.864
963.07	67.221
963.24	72.900
963.41	61.728
963.57	76.136
963.74	67.374
963.91	62.273
964.08	62.716
964.24	73.632
964.41	72.076
964.58	71.816
964.75	64.785
964.91	57.176
965.08	66.106
965.25	64.573
965.42	67.488
965.58	66.029
965.75	66.755
965.92	71.934
966.08	55.234
966.25	61.005
966.42	65.180
966.59	66.584
966.75	57.653
966.92	60.577
967.09	65.140
967.25	59.955
967.42	77.089
967.59	63.562
967.75	70.670
967.92	62.879
968.09	75.172
968.26	61.957
968.42	64.304
968.59	59.556
968.76	64.354
968.92	50.711
969.09	59.854
969.26	74.795
969.42	61.165
969.59	62.278
969.76	62.434
969.92	50.780
970.09	59.487
970.26	56.888
970.42	68.636
970.59	64.350
970.76	74.235
970.92	66.067
971.09	56.281
971.26	68.493
971.42	72.143
971.59	55.968
971.76	72.821
971.92	52.078
972.09	65.947
972.25	73.219
972.42	70.263
972.59	61.453
972.75	68.504
972.92	60.890
973.09	80.697
973.25	60.784
973.42	63.613
973.58	56.267
973.75	58.418
973.92	63.216
974.08	64.339
974.25	68.473
974.42	56.098
974.58	72.749
974.75	60.632
974.91	63.255
975.08	66.587
975.25	59.382
975.41	57.720
975.58	63.277
975.74	69.795
975.91	65.815
976.08	74.394
976.24	62.500
976.41	62.698
976.57	60.622
976.74	56.543
976.91	68.267
977.07	54.887
977.24	63.636
977.40	83.596
977.57	46.791
977.73	59.788
977.90	70.635
978.07	54.671
978.23	68.539
978.40	69.912
978.56	80.896
978.73	63.175
978.89	66.201
979.06	61.556
979.22	62.849
979.39	47.205
979.56	72.312
979.72	53.509
979.89	60.274
980.05	59.215
980.22	70.886
980.38	69.096
980.55	63.130
980.71	61.813
980.88	81.791
981.04	69.350
981.21	73.077
981.37	66.150
981.54	60.694
981.70	76.718
981.87	58.036
982.04	66.387
982.20	56.848
982.37	56.805
982.53	60.108
982.70	52.841
982.86	52.044
983.03	78.909
983.19	80.573
983.36	63.492
983.52	65.517
983.69	59.259
983.85	68.197
984.02	64.615
984.18	67.227
984.35	64.793
984.51	64.423
984.68	72.240
984.84	67.077
985.00	68.690
985.17	64.078
985.33	55.830
985.50	62.997
985.66	85.294
985.83	58.000
985.99	65.909
986.16	72.109
986.32	61.386
986.49	70.201
986.65	60.656
986.82	59.211
986.98	66.102
987.15	63.300
987.31	72.667
987.47	57.051
987.64	70.326
987.80	62.295
987.97	61.538
988.13	61.290
988.30	70.000
988.46	65.035
988.63	61.265
988.79	52.045
988.95	63.736
989.12	50.613
989.28	61.290
989.45	68.000
989.61	64.706
989.77	65.546
989.94	66.667
990.10	57.971
990.27	53.077
990.43	63.729
990.60	61.111
990.76	55.144
990.92	60.000
991.09	54.400
991.25	59.633
991.42	57.910
991.58	67.918
991.74	74.370
991.91	56.400
992.07	64.794
992.24	58.571
992.40	67.490
992.56	71.260
992.73	51.639
992.89	68.359
993.05	49.817
993.22	58.364
993.38	69.604
993.55	57.471
993.71	56.989
993.87	57.678
994.04	54.244
994.20	77.333
994.36	57.934
994.53	84.298
994.69	72.596
994.85	87.550
995.02	75.958
995.18	76.000
995.34	52.381
995.51	48.548
995.67	67.843
995.84	88.482
996.00	55.932
996.16	56.126
996.33	71.921
996.49	59.746
996.65	61.667
996.82	78.537
996.98	62.257
997.14	76.256
997.31	72.065
997.47	73.191
997.63	77.132
997.79	66.981
997.96	77.604
998.12	80.137
998.28	74.057
998.45	81.579
998.61	57.143
998.77	58.140
998.94	64.535
999.10	71.548
999.26	56.327
999.43	62.887
999.59	72.685
999.75	61.376
999.91	83.333
1000.08	68.020
1000.24	66.286
1000.40	65.502
1000.57	72.449
1000.73	70.852
1000.89	72.864
1001.05	50.000
1001.22	64.423
1001.38	67.580
1001.54	60.377
1001.70	66.038
1001.87	56.410
1002.03	50.246
1002.19	74.146
1002.35	61.034
1002.52	73.585
1002.68	87.222
1002.84	83.415
1003.00	96.053
1003.17	56.744
1003.33	69.444
1003.49	80.769
1003.65	65.066
1003.82	57.143
1003.98	91.133
1004.14	59.474
1004.30	45.122
1004.47	78.947
1004.63	80.255
1004.79	51.579
1004.95	45.304
1005.11	66.129
1005.28	36.702
1005.44	46.328
1005.60	74.074
1005.76	69.898
1005.93	36.842
1006.09	94.375
1006.25	59.218
1006.41	56.000
1006.57	61.702
1006.74	53.107
1006.90	70.130
1007.06	77.707
1007.22	55.932
1007.38	63.000
1007.55	61.932
1007.71	80.905
1007.87	68.987
1008.03	75.796
1008.19	80.368
1008.35	55.024
1008.52	90.000
1008.68	64.130
1008.84	66.019
1009.00	59.231
1009.16	66.667
1009.32	68.750
1009.49	72.000
1009.65	68.243
1009.81	59.821
1009.97	53.285
1010.13	55.249
1010.29	74.595
1010.46	65.934
1010.62	51.232
1010.78	54.054
1010.94	69.672
1011.10	65.306
1011.26	56.897
1011.42	62.832
1011.59	91.803
1011.75	26.000
1011.91	51.587
1012.07	65.169
1012.23	72.973
1012.39	52.000
1012.55	62.366
1012.71	68.707
1012.88	76.224
1013.04	72.432
1013.20	87.209
1013.36	49.153
1013.52	102.703
1013.68	77.193
1013.84	38.624
1014.00	57.576
1014.16	66.443
1014.33	93.333
1014.49	63.551
1014.65	67.391
1014.81	84.153
1014.97	76.301
1015.13	69.022
1015.29	36.923
1015.45	72.571
1015.61	79.339
1015.77	75.969
1015.93	29.670
1016.09	52.846
1016.26	54.545
1016.42	40.571
1016.58	93.458
1016.74	74.046
1016.90	98.969
1017.06	27.206
1017.22	56.028
1017.38	66.667
1017.54	54.795
1017.70	124.390
1017.86	88.136
1018.02	96.471
1018.18	130.631
1018.34	101.575
1018.50	55.714
1018.66	85.294
1018.82	63.043
1018.98	73.016
1019.14	46.094
1019.31	81.720
1019.47	91.860
1019.63	54.545
1019.79	80.342
1019.95	73.529
1020.11	44.961
1020.27	41.135
1020.43	77.344
1020.59	68.148
1020.75	93.243
1020.91	52.632
1021.07	80.165
1021.23	89.474
1021.39	67.257
1021.55	65.909
1021.71	78.333
1021.87	50.980
1022.03	54.887
1022.19	47.917
1022.35	93.243
1022.51	25.882
1022.67	46.154
1022.83	84.507
1022.99	19.008
1023.15	60.000
1023.31	91.139
1023.47	74.468
1023.63	59.836
1023.79	87.912
1023.95	91.667
1024.10	64.035
1024.26	71.429
1024.42	25.000
1024.58	81.319
1024.74	90.435
1024.90	35.000
1025.06	98.958
1025.22	67.187
1025.38	13.636
1025.54	56.863
1025.70	80.282
1025.86	61.538
1026.02	73.404
1026.18	59.406
1026.34	63.366
1026.50	48.598
1026.66	67.347
1026.82	52.885
1026.98	66.154
1027.13	71.591
1027.29	135.135
1027.45	50.575
1027.61	100.000
1027.77	40.870
1027.93	303.125
1028.09	90.476
1028.25	119.697
1028.41	212.500
1028.57	121.739
1028.73	97.333
1028.88	41.667
1029.04	47.059
1029.20	62.319
1029.36	51.923
1029.52	49.153
1029.68	87.234
1029.84	4.494
1030.00	77.778
1030.16	82.353
1030.32	85.106
1030.47	60.784
1030.63	81.250
1030.79	85.714
1030.95	101.786
1031.11	1.639
1031.27	202.941
1031.43	93.333
1031.59	80.000
1031.74	142.857
1031.90	63.158
1032.06	228.000
1032.22	72.917
1032.38	31.818
1032.54	87.963
1032.69	54.000
1032.85	103.509
1033.01	-17.647
1033.17	57.895
1033.33	94.805
1033.49	81.034
1033.65	76.471
1033.80	96.610
1033.96	54.737
1034.12	105.769
1034.28	55.932
1034.44	-1.786
1034.60	107.955
1034.75	55.263
1034.91	73.770
1035.07	92.857
1035.23	466.667
1035.39	70.455
1035.54	-55.932
1035.70	-62.500
1035.86	105.000
1036.02	147.368
1036.18	69.474
1036.33	5.263
1036.49	52.941
1036.65	92.593
1036.81	-142.857
1036.97	58.065
1037.12	72.603
1037.28	90.909
1037.44	17.544
1037.60	22.500
1037.76	203.226
1037.91	90.909
1038.07	-19.512
1038.23	114.667
1038.39	18.750
1038.54	800.000
1038.70	-262.500
1038.86	33.333
1039.02	-650.000
1039.17	51.948
1039.33	42.466
1039.49	300.000
1039.65	109.836
1039.80	59.048
1039.96	83.000
1040.12	54.945
1040.28	166.667
>>>>> Data<<<<< Espectral Procesado Extremo
