Fichero De Datos De SpectraSuite
++++++++++++++++++++++++++++++++++++
Fecha: Wed Jul 15 16:55:03 CST 2026
Usuario: HP
Presente Oscuro Del Espectro: Sí
La Referencia de Presente Del Espectro De: Sí
Muestreados de los componentes de Número de espectros: 1
Espectrómetros: USB4H06056
Tiempo de integración (usec): 300000 (USB4H06056)
Promedio de Espectros Hechos un: 5 (USB4H06056)
El Alisar Del Furgón: 0 (USB4H06056)
Párrafo de de Corregir del la del del de Eléctrica del obscuridad: No (USB4H06056)
Estrobo/Lámpara Permitido: No (USB4H06056)
Correct for Detector Non-linearity: No (USB4H06056)
Párrafo de de Corregir del la del del de Externa del luz: No (USB4H06056)
Procesado del espectro de Número de pixeles en: 3648
>>>>> Comienza Data<<<<< Espectral Procesado Del EL
345.09	102.128
345.30	102.128
345.52	102.128
345.74	1583.333
345.95	1166.667
346.17	-45.902
346.39	-18.681
346.60	166.667
346.82	50.000
347.04	-216.667
347.25	-38.462
347.47	441.667
347.69	-112.500
347.90	256.098
348.12	90.244
348.34	-5.882
348.56	65.385
348.77	7.407
348.99	-74.000
349.21	102.000
349.42	109.278
349.64	-47.143
349.86	23.333
350.07	219.565
350.29	31.858
350.51	12.575
350.72	-225.000
350.94	47.239
351.16	71.111
351.37	70.345
351.59	48.344
351.81	-18.310
352.02	37.705
352.24	16.901
352.46	142.647
352.67	128.571
352.89	27.778
353.10	-43.243
353.32	167.164
353.54	66.892
353.75	20.430
353.97	34.483
354.19	21.084
354.40	75.000
354.62	107.692
354.84	-53.261
355.05	50.296
355.27	15.328
355.49	129.000
355.70	62.162
355.92	-42.857
356.14	-38.824
356.35	84.932
356.57	90.909
356.78	-22.989
357.00	51.887
357.22	42.908
357.43	52.846
357.65	33.117
357.87	92.935
358.08	8.462
358.30	12.637
358.51	72.581
358.73	53.846
358.95	-215.909
359.16	40.000
359.38	-62.338
359.60	171.429
359.81	27.717
360.03	58.564
360.24	46.025
360.46	80.000
360.68	51.977
360.89	-14.667
361.11	-17.647
361.33	65.517
361.54	51.361
361.76	55.642
361.97	120.968
362.19	7.522
362.41	17.610
362.62	152.632
362.84	-18.182
363.05	99.194
363.27	76.636
363.49	2.290
363.70	-1.852
363.92	5.696
364.13	24.490
364.35	48.125
364.57	139.000
364.78	42.564
365.00	17.486
365.21	69.027
365.43	50.345
365.65	21.101
365.86	73.143
366.08	-20.548
366.29	78.704
366.51	9.023
366.73	-5.797
366.94	76.720
367.16	-66.667
367.37	12.069
367.59	22.523
367.80	28.740
368.02	45.192
368.24	175.000
368.45	48.133
368.67	90.588
368.88	86.000
369.10	34.010
369.31	35.057
369.53	68.421
369.75	86.765
369.96	33.865
370.18	62.245
370.39	15.323
370.61	17.568
370.82	-20.312
371.04	62.874
371.26	22.857
371.47	58.929
371.69	25.417
371.90	71.053
372.12	74.233
372.33	45.570
372.55	13.408
372.76	72.444
372.98	47.426
373.20	98.225
373.41	90.541
373.63	91.304
373.84	29.956
374.06	75.194
374.27	-12.500
374.49	26.957
374.70	38.674
374.92	-15.714
375.13	80.543
375.35	65.414
375.57	33.714
375.78	63.354
376.00	48.058
376.21	16.749
376.43	36.493
376.64	56.545
376.86	5.882
377.07	36.337
377.29	7.576
377.50	139.073
377.72	-9.938
377.93	-7.317
378.15	-8.511
378.36	54.585
378.58	42.857
378.80	3.145
379.01	54.070
379.23	55.844
379.44	40.686
379.66	60.084
379.87	61.864
380.09	48.263
380.30	71.287
380.52	26.284
380.73	91.919
380.95	-19.162
381.16	40.116
381.38	58.333
381.59	16.294
381.81	56.485
382.02	6.923
382.24	44.620
382.45	-66.957
382.67	-55.056
382.88	22.656
383.10	200.000
383.31	66.359
383.53	11.111
383.74	41.951
383.96	100.602
384.17	24.906
384.39	49.561
384.60	40.957
384.82	25.767
385.03	2.008
385.25	-3.556
385.46	1.370
385.68	31.210
385.89	30.928
386.11	77.778
386.32	1.325
386.54	15.459
386.75	46.667
386.97	38.158
387.18	25.339
387.40	51.773
387.61	35.125
387.83	48.585
388.04	-2.920
388.25	-23.140
388.47	53.623
388.68	-2.033
388.90	23.077
389.11	34.114
389.33	60.465
389.54	16.929
389.76	-7.101
389.97	6.831
390.19	27.431
390.40	68.345
390.62	46.224
390.83	65.663
391.05	1.413
391.26	36.948
391.47	16.667
391.69	16.393
391.90	36.000
392.12	14.901
392.33	25.896
392.55	19.535
392.76	9.322
392.98	13.438
393.19	90.625
393.41	47.810
393.62	32.246
393.83	16.667
394.05	1.132
394.26	59.164
394.48	57.246
394.69	14.134
394.91	54.434
395.12	61.519
395.34	30.409
395.55	-2.551
395.76	30.328
395.98	48.814
396.19	2.404
396.41	33.624
396.62	41.542
396.84	36.982
397.05	48.305
397.26	19.895
397.48	37.691
397.69	49.270
397.91	23.643
398.12	51.176
398.33	7.065
398.55	10.552
398.76	8.798
398.98	5.983
399.19	26.354
399.41	40.749
399.62	44.809
399.83	58.264
400.05	24.731
400.26	12.541
400.48	33.249
400.69	5.276
400.90	25.283
401.12	34.840
401.33	-2.025
401.55	14.488
401.76	16.307
401.97	40.573
402.19	44.963
402.40	-11.517
402.62	34.940
402.83	26.034
403.04	26.173
403.26	-11.613
403.47	10.841
403.69	38.155
403.90	36.382
404.11	40.798
404.33	21.776
404.54	29.175
404.76	8.311
404.97	32.971
405.18	11.591
405.40	28.302
405.61	16.910
405.83	18.575
406.04	7.289
406.25	44.348
406.47	38.020
406.68	22.243
406.89	24.780
407.11	17.032
407.32	2.890
407.54	-0.794
407.75	19.331
407.96	22.241
408.18	28.021
408.39	14.318
408.60	15.663
408.82	21.417
409.03	-1.649
409.24	40.874
409.46	21.739
409.67	-1.937
409.89	26.170
410.10	17.477
410.31	29.325
410.53	25.268
410.74	17.504
410.95	31.898
411.17	26.050
411.38	23.474
411.59	7.304
411.81	12.615
412.02	6.094
412.23	24.499
412.45	20.994
412.66	15.261
412.87	23.598
413.09	24.334
413.30	12.887
413.51	6.460
413.73	9.918
413.94	11.749
414.15	15.795
414.37	12.817
414.58	33.924
414.79	14.543
415.01	12.352
415.22	18.042
415.43	13.778
415.65	17.506
415.86	12.283
416.07	8.039
416.29	-0.450
416.50	18.634
416.71	8.027
416.93	7.434
417.14	8.478
417.35	8.086
417.57	7.489
417.78	14.827
417.99	20.000
418.21	14.873
418.42	10.088
418.63	10.757
418.85	7.603
419.06	16.314
419.27	9.667
419.48	10.295
419.70	14.380
419.91	5.646
420.12	14.959
420.34	9.687
420.55	13.979
420.76	7.645
420.98	12.972
421.19	4.290
421.40	14.032
421.61	15.063
421.83	2.772
422.04	7.555
422.25	8.428
422.47	10.595
422.68	11.545
422.89	8.421
423.11	13.780
423.32	11.485
423.53	7.527
423.74	12.015
423.96	7.468
424.17	7.967
424.38	12.048
424.59	5.575
424.81	7.496
425.02	10.587
425.23	11.998
425.45	7.932
425.66	8.044
425.87	5.470
426.08	6.970
426.30	6.210
426.51	2.619
426.72	4.996
426.93	9.642
427.15	8.247
427.36	3.925
427.57	2.665
427.79	9.652
428.00	5.396
428.21	-28.685
428.42	10.077
428.64	6.606
428.85	5.053
429.06	9.067
429.27	9.385
429.49	4.547
429.70	10.739
429.91	3.062
430.12	6.124
430.34	4.303
430.55	6.189
430.76	5.446
430.97	6.935
431.19	4.860
431.40	5.307
431.61	8.088
431.82	7.183
432.03	2.589
432.25	3.393
432.46	7.097
432.67	8.111
432.88	5.552
433.10	7.126
433.31	4.934
433.52	7.000
433.73	4.185
433.95	2.797
434.16	6.639
434.37	7.474
434.58	7.465
434.79	4.449
435.01	3.184
435.22	4.256
435.43	7.817
435.64	3.415
435.86	7.321
436.07	6.563
436.28	6.413
436.49	2.755
436.70	3.713
436.92	4.924
437.13	3.922
437.34	4.815
437.55	5.224
437.76	4.501
437.98	5.482
438.19	5.534
438.40	7.062
438.61	6.668
438.82	3.084
439.04	4.847
439.25	3.690
439.46	5.877
439.67	6.939
439.88	7.138
440.10	6.155
440.31	5.284
440.52	4.648
440.73	7.199
440.94	6.896
441.16	3.245
441.37	4.270
441.58	4.745
441.79	6.183
442.00	4.994
442.21	3.015
442.43	3.992
442.64	7.406
442.85	4.329
443.06	4.999
443.27	5.357
443.48	5.222
443.70	4.570
443.91	5.214
444.12	1.962
444.33	6.345
444.54	4.977
444.75	4.516
444.97	5.278
445.18	4.574
445.39	4.441
445.60	2.807
445.81	3.219
446.02	4.107
446.24	4.351
446.45	5.613
446.66	4.292
446.87	6.499
447.08	2.943
447.29	4.124
447.51	6.216
447.72	4.221
447.93	5.278
448.14	5.264
448.35	5.359
448.56	3.347
448.77	5.445
448.99	7.260
449.20	4.854
449.41	5.959
449.62	4.311
449.83	6.746
450.04	5.667
450.25	6.623
450.46	5.482
450.68	3.036
450.89	3.746
451.10	4.226
451.31	6.592
451.52	7.004
451.73	5.659
451.94	7.683
452.15	3.900
452.37	6.390
452.58	2.315
452.79	4.688
453.00	4.515
453.21	5.982
453.42	3.614
453.63	5.565
453.84	3.923
454.06	5.793
454.27	6.734
454.48	5.059
454.69	5.767
454.90	4.374
455.11	5.619
455.32	4.793
455.53	5.088
455.74	5.169
455.95	5.731
456.17	3.512
456.38	4.800
456.59	5.475
456.80	4.741
457.01	6.004
457.22	4.152
457.43	5.048
457.64	5.018
457.85	4.476
458.06	5.176
458.27	5.386
458.49	5.903
458.70	5.030
458.91	4.262
459.12	5.533
459.33	4.686
459.54	5.917
459.75	6.406
459.96	4.256
460.17	4.080
460.38	4.468
460.59	1.934
460.80	4.600
461.01	5.781
461.23	4.765
461.44	4.563
461.65	4.839
461.86	5.918
462.07	4.135
462.28	4.669
462.49	4.372
462.70	5.531
462.91	3.900
463.12	5.913
463.33	5.262
463.54	4.361
463.75	4.941
463.96	6.832
464.17	5.379
464.38	5.195
464.59	3.506
464.81	4.272
465.02	4.029
465.23	5.272
465.44	5.490
465.65	4.837
465.86	5.160
466.07	4.658
466.28	4.562
466.49	3.925
466.70	4.516
466.91	5.267
467.12	3.900
467.33	5.268
467.54	4.518
467.75	4.924
467.96	5.949
468.17	4.748
468.38	6.213
468.59	4.942
468.80	4.845
469.01	5.639
469.22	5.628
469.43	5.822
469.64	4.462
469.85	4.058
470.06	5.118
470.27	4.128
470.48	5.557
470.69	4.388
470.90	5.774
471.11	5.251
471.32	4.299
471.53	5.331
471.74	4.745
471.95	3.991
472.16	3.469
472.37	5.008
472.58	3.919
472.79	5.324
473.00	5.573
473.21	4.519
473.42	5.999
473.63	5.036
473.84	4.965
474.05	5.557
474.26	4.690
474.47	4.856
474.68	4.743
474.89	5.031
475.10	3.881
475.31	4.650
475.52	5.449
475.73	4.468
475.94	5.047
476.15	5.057
476.36	5.095
476.57	4.886
476.78	5.027
476.99	4.106
477.20	4.523
477.41	4.979
477.62	5.780
477.83	4.500
478.04	4.929
478.25	5.775
478.46	4.461
478.67	5.429
478.88	4.351
479.09	4.801
479.30	4.956
479.51	4.878
479.72	5.179
479.93	5.061
480.14	4.288
480.35	4.619
480.56	4.905
480.77	4.842
480.98	5.182
481.18	4.800
481.39	3.933
481.60	4.632
481.81	4.004
482.02	4.945
482.23	5.078
482.44	5.272
482.65	4.994
482.86	4.272
483.07	4.893
483.28	4.151
483.49	4.800
483.70	3.907
483.91	4.433
484.12	4.689
484.33	5.669
484.53	5.125
484.74	5.060
484.95	5.121
485.16	4.927
485.37	4.903
485.58	5.024
485.79	4.668
486.00	5.292
486.21	5.120
486.42	5.096
486.63	5.146
486.84	4.916
487.05	4.050
487.25	5.098
487.46	4.824
487.67	4.766
487.88	4.759
488.09	4.936
488.30	4.821
488.51	5.092
488.72	4.929
488.93	4.458
489.14	4.703
489.35	5.479
489.55	4.673
489.76	5.206
489.97	5.106
490.18	5.430
490.39	4.687
490.60	4.618
490.81	4.747
491.02	4.504
491.23	4.664
491.43	4.623
491.64	5.131
491.85	5.273
492.06	4.609
492.27	5.207
492.48	4.622
492.69	4.602
492.90	5.102
493.11	4.883
493.31	4.706
493.52	5.202
493.73	4.351
493.94	4.568
494.15	4.788
494.36	5.262
494.57	5.220
494.78	4.841
494.98	5.153
495.19	4.910
495.40	4.515
495.61	4.665
495.82	5.253
496.03	4.926
496.24	5.045
496.44	5.468
496.65	5.532
496.86	5.773
497.07	4.994
497.28	5.234
497.49	5.097
497.70	5.216
497.90	4.995
498.11	5.261
498.32	4.784
498.53	5.433
498.74	4.853
498.95	5.365
499.15	5.134
499.36	5.311
499.57	4.944
499.78	4.924
499.99	5.034
500.20	4.992
500.40	5.289
500.61	4.782
500.82	5.226
501.03	5.192
501.24	5.101
501.45	5.038
501.65	5.577
501.86	4.922
502.07	5.387
502.28	5.047
502.49	5.850
502.70	5.186
502.90	4.989
503.11	4.753
503.32	5.386
503.53	5.005
503.74	5.037
503.94	5.486
504.15	5.218
504.36	4.867
504.57	5.170
504.78	5.241
504.98	5.723
505.19	5.483
505.40	5.046
505.61	5.345
505.82	5.360
506.02	5.368
506.23	5.256
506.44	5.247
506.65	5.521
506.86	5.314
507.06	5.543
507.27	5.545
507.48	5.408
507.69	5.453
507.90	5.534
508.10	5.466
508.31	5.743
508.52	5.531
508.73	5.263
508.94	5.579
509.14	5.390
509.35	5.345
509.56	5.760
509.77	5.688
509.97	5.740
510.18	5.989
510.39	5.857
510.60	6.026
510.80	5.785
511.01	5.896
511.22	6.096
511.43	6.076
511.64	6.034
511.84	5.795
512.05	6.091
512.26	5.990
512.47	5.896
512.67	5.872
512.88	6.260
513.09	6.029
513.30	6.284
513.50	6.499
513.71	6.358
513.92	6.313
514.13	6.422
514.33	6.225
514.54	6.708
514.75	6.799
514.96	6.405
515.16	6.679
515.37	6.769
515.58	6.886
515.78	6.744
515.99	6.903
516.20	7.129
516.41	7.261
516.61	6.855
516.82	7.101
517.03	7.005
517.24	7.066
517.44	7.406
517.65	6.719
517.86	7.326
518.07	7.647
518.27	7.757
518.48	7.486
518.69	7.733
518.89	7.605
519.10	7.829
519.31	8.007
519.52	8.032
519.72	8.104
519.93	7.574
520.14	8.170
520.34	8.166
520.55	8.352
520.76	8.505
520.96	8.262
521.17	8.417
521.38	8.336
521.59	8.713
521.79	8.639
522.00	8.727
522.21	8.726
522.41	9.242
522.62	8.645
522.83	8.727
523.03	8.901
523.24	8.996
523.45	9.130
523.66	9.125
523.86	9.226
524.07	9.225
524.28	9.312
524.48	9.367
524.69	9.720
524.90	9.728
525.10	10.019
525.31	10.458
525.52	10.349
525.72	10.276
525.93	10.068
526.14	10.237
526.34	10.084
526.55	10.375
526.76	10.520
526.96	11.038
527.17	10.697
527.38	10.899
527.58	10.803
527.79	11.129
528.00	10.962
528.20	11.198
528.41	10.869
528.62	11.263
528.82	11.395
529.03	10.804
529.24	11.568
529.44	11.498
529.65	11.838
529.85	11.673
530.06	11.624
530.27	11.921
530.47	12.044
530.68	12.215
530.89	12.134
531.09	12.155
531.30	12.039
531.51	12.215
531.71	12.281
531.92	12.484
532.13	12.672
532.33	12.758
532.54	12.584
532.74	12.559
532.95	12.968
533.16	12.684
533.36	12.888
533.57	12.556
533.78	13.510
533.98	13.161
534.19	13.565
534.39	13.006
534.60	13.079
534.81	12.904
535.01	13.169
535.22	13.598
535.42	13.935
535.63	13.764
535.84	13.690
536.04	13.666
536.25	13.692
536.45	13.643
536.66	13.957
536.87	13.831
537.07	14.019
537.28	14.022
537.48	14.179
537.69	14.118
537.90	14.374
538.10	14.340
538.31	14.282
538.51	14.803
538.72	14.200
538.93	14.238
539.13	14.650
539.34	14.649
539.54	14.917
539.75	14.675
539.96	14.627
540.16	14.733
540.37	14.575
540.57	14.385
540.78	14.989
540.98	14.757
541.19	14.771
541.40	15.186
541.60	15.107
541.81	15.232
542.01	14.749
542.22	15.372
542.42	15.044
542.63	14.974
542.83	15.325
543.04	15.187
543.25	15.507
543.45	15.267
543.66	15.278
543.86	15.317
544.07	15.123
544.27	15.500
544.48	15.298
544.68	15.365
544.89	15.757
545.10	15.452
545.30	15.755
545.51	15.289
545.71	15.133
545.92	15.598
546.12	15.954
546.33	15.674
546.53	15.510
546.74	15.708
546.94	15.531
547.15	15.820
547.36	15.759
547.56	15.709
547.77	15.978
547.97	16.070
548.18	16.155
548.38	15.901
548.59	16.048
548.79	16.178
549.00	16.488
549.20	16.436
549.41	15.896
549.61	16.094
549.82	16.149
550.02	16.467
550.23	16.273
550.43	16.235
550.64	16.235
550.84	16.601
551.05	16.334
551.25	16.732
551.46	16.311
551.66	16.771
551.87	16.740
552.07	16.277
552.28	16.455
552.48	16.246
552.69	16.626
552.89	16.940
553.10	16.602
553.30	16.785
553.51	16.687
553.71	16.765
553.92	16.715
554.12	16.835
554.33	16.728
554.53	16.808
554.74	16.972
554.94	16.781
555.15	17.087
555.35	17.394
555.56	17.101
555.76	17.212
555.97	17.004
556.17	17.161
556.38	16.887
556.58	17.101
556.78	17.165
556.99	17.532
557.19	17.036
557.40	17.449
557.60	17.019
557.81	17.599
558.01	17.400
558.22	17.576
558.42	17.261
558.63	17.951
558.83	17.592
559.04	17.496
559.24	17.482
559.44	17.621
559.65	17.433
559.85	17.518
560.06	17.641
560.26	17.477
560.47	17.508
560.67	17.607
560.88	17.668
561.08	17.627
561.28	17.560
561.49	17.609
561.69	17.593
561.90	17.438
562.10	17.591
562.31	17.691
562.51	17.712
562.71	17.766
562.92	17.932
563.12	17.485
563.33	17.699
563.53	17.523
563.74	17.613
563.94	17.834
564.14	17.379
564.35	17.734
564.55	17.239
564.76	17.589
564.96	17.409
565.17	17.704
565.37	17.432
565.57	17.515
565.78	17.304
565.98	17.527
566.19	17.372
566.39	17.563
566.59	17.562
566.80	17.054
567.00	17.252
567.21	17.393
567.41	17.364
567.61	17.370
567.82	17.281
568.02	17.196
568.23	17.471
568.43	17.246
568.63	17.431
568.84	17.131
569.04	17.668
569.24	17.158
569.45	17.012
569.65	16.978
569.86	17.118
570.06	17.105
570.26	17.146
570.47	16.895
570.67	16.882
570.87	16.709
571.08	16.630
571.28	16.861
571.49	16.603
571.69	16.755
571.89	16.837
572.10	16.506
572.30	16.369
572.50	16.788
572.71	16.232
572.91	16.505
573.11	16.569
573.32	16.356
573.52	16.718
573.73	16.374
573.93	16.228
574.13	16.199
574.34	16.209
574.54	15.986
574.74	16.306
574.95	16.377
575.15	16.049
575.35	15.867
575.56	15.765
575.76	15.753
575.96	15.914
576.17	16.304
576.37	15.585
576.57	15.383
576.78	15.581
576.98	15.403
577.18	15.293
577.39	15.529
577.59	15.483
577.79	15.414
578.00	15.330
578.20	15.064
578.40	15.349
578.61	15.225
578.81	15.216
579.01	14.974
579.22	14.892
579.42	14.932
579.62	15.044
579.82	15.190
580.03	14.558
580.23	14.643
580.43	14.920
580.64	14.502
580.84	14.735
581.04	14.695
581.25	14.490
581.45	14.658
581.65	14.276
581.86	14.511
582.06	14.795
582.26	14.827
582.46	14.571
582.67	14.665
582.87	14.264
583.07	14.158
583.28	14.434
583.48	14.427
583.68	14.295
583.88	14.107
584.09	14.214
584.29	13.987
584.49	14.125
584.70	13.966
584.90	14.002
585.10	13.982
585.30	13.738
585.51	13.813
585.71	13.883
585.91	13.876
586.11	13.861
586.32	13.782
586.52	13.728
586.72	13.538
586.92	13.909
587.13	13.681
587.33	13.713
587.53	13.949
587.74	13.661
587.94	13.511
588.14	13.605
588.34	13.631
588.55	13.698
588.75	13.545
588.95	13.523
589.15	13.226
589.36	13.627
589.56	13.631
589.76	13.630
589.96	13.498
590.16	13.506
590.37	13.397
590.57	13.399
590.77	13.237
590.97	13.488
591.18	13.179
591.38	13.052
591.58	12.927
591.78	13.313
591.99	13.106
592.19	12.970
592.39	13.004
592.59	13.250
592.79	13.050
593.00	13.051
593.20	13.227
593.40	12.952
593.60	13.099
593.81	12.980
594.01	12.964
594.21	13.121
594.41	13.095
594.61	12.958
594.82	12.852
595.02	12.801
595.22	12.902
595.42	12.813
595.62	13.129
595.83	13.050
596.03	12.932
596.23	12.805
596.43	12.561
596.63	12.828
596.84	12.629
597.04	12.600
597.24	12.767
597.44	12.884
597.64	12.477
597.84	12.661
598.05	12.569
598.25	12.715
598.45	12.771
598.65	12.596
598.85	12.753
599.06	12.495
599.26	12.743
599.46	12.934
599.66	12.750
599.86	12.595
600.06	12.767
600.27	12.743
600.47	12.750
600.67	12.693
600.87	12.606
601.07	12.621
601.27	12.762
601.48	12.599
601.68	12.423
601.88	12.654
602.08	12.499
602.28	12.834
602.48	12.584
602.68	12.558
602.89	12.448
603.09	12.684
603.29	12.370
603.49	12.746
603.69	12.400
603.89	12.361
604.09	12.565
604.30	12.428
604.50	12.557
604.70	12.485
604.90	12.491
605.10	12.495
605.30	12.472
605.50	12.219
605.71	12.550
605.91	12.413
606.11	12.384
606.31	12.481
606.51	12.440
606.71	12.348
606.91	12.574
607.11	12.483
607.32	12.218
607.52	12.155
607.72	12.366
607.92	12.061
608.12	12.363
608.32	12.015
608.52	12.117
608.72	12.239
608.92	12.313
609.12	11.842
609.33	12.042
609.53	12.127
609.73	12.024
609.93	11.953
610.13	12.028
610.33	12.050
610.53	11.908
610.73	11.968
610.93	11.972
611.13	12.047
611.34	11.705
611.54	11.819
611.74	11.892
611.94	11.708
612.14	11.778
612.34	11.738
612.54	11.772
612.74	11.513
612.94	11.616
613.14	11.526
613.34	11.815
613.54	11.499
613.74	11.398
613.95	11.405
614.15	11.442
614.35	11.558
614.55	11.491
614.75	11.428
614.95	11.255
615.15	11.353
615.35	11.183
615.55	10.901
615.75	11.262
615.95	11.294
616.15	11.361
616.35	11.014
616.55	11.185
616.75	11.131
616.95	11.144
617.15	10.917
617.35	11.026
617.56	11.065
617.76	10.853
617.96	11.091
618.16	10.941
618.36	11.194
618.56	11.083
618.76	10.874
618.96	10.968
619.16	10.764
619.36	10.767
619.56	10.768
619.76	10.886
619.96	10.877
620.16	10.618
620.36	10.848
620.56	10.644
620.76	10.566
620.96	10.422
621.16	10.657
621.36	10.464
621.56	10.813
621.76	10.672
621.96	10.579
622.16	10.536
622.36	10.454
622.56	10.364
622.76	10.879
622.96	10.493
623.16	10.491
623.36	10.486
623.56	10.139
623.76	10.445
623.96	10.327
624.16	10.571
624.36	10.410
624.56	10.259
624.76	10.375
624.96	10.248
625.16	10.346
625.36	10.157
625.56	9.918
625.76	10.105
625.96	9.958
626.16	10.422
626.36	10.150
626.56	10.185
626.76	10.454
626.96	10.163
627.16	10.215
627.36	10.299
627.56	10.254
627.76	10.298
627.96	10.376
628.16	10.267
628.36	10.037
628.56	10.193
628.75	10.155
628.95	10.124
629.15	10.085
629.35	10.057
629.55	10.200
629.75	9.860
629.95	9.828
630.15	9.873
630.35	10.036
630.55	10.040
630.75	10.102
630.95	10.286
631.15	10.096
631.35	10.035
631.55	10.054
631.75	9.967
631.95	10.151
632.15	10.201
632.34	10.225
632.54	10.065
632.74	9.919
632.94	10.108
633.14	10.124
633.34	10.173
633.54	10.216
633.74	10.032
633.94	10.003
634.14	10.089
634.34	10.132
634.54	9.952
634.74	10.002
634.93	10.001
635.13	10.032
635.33	10.237
635.53	9.869
635.73	10.195
635.93	10.011
636.13	10.158
636.33	9.929
636.53	9.908
636.73	10.137
636.93	9.901
637.12	10.069
637.32	9.826
637.52	9.928
637.72	9.810
637.92	9.843
638.12	9.760
638.32	9.681
638.52	9.904
638.72	9.616
638.91	9.768
639.11	9.691
639.31	9.469
639.51	9.709
639.71	9.778
639.91	9.664
640.11	9.525
640.31	9.520
640.50	9.700
640.70	9.432
640.90	9.187
641.10	9.452
641.30	9.346
641.50	9.153
641.70	9.406
641.89	9.249
642.09	9.311
642.29	9.076
642.49	9.019
642.69	9.015
642.89	9.098
643.09	9.196
643.28	9.035
643.48	9.117
643.68	9.088
643.88	8.978
644.08	9.020
644.28	8.850
644.48	9.002
644.67	8.884
644.87	8.843
645.07	8.877
645.27	8.747
645.47	8.728
645.67	8.673
645.86	8.598
646.06	8.697
646.26	8.505
646.46	8.319
646.66	8.293
646.85	8.334
647.05	8.325
647.25	8.360
647.45	8.069
647.65	8.363
647.85	8.352
648.04	8.213
648.24	7.909
648.44	8.310
648.64	8.045
648.84	7.986
649.03	7.941
649.23	7.952
649.43	7.987
649.63	7.853
649.83	7.853
650.02	7.743
650.22	7.750
650.42	7.599
650.62	7.719
650.82	7.764
651.01	7.622
651.21	7.602
651.41	7.519
651.61	7.748
651.81	7.371
652.00	7.495
652.20	7.574
652.40	7.392
652.60	7.276
652.79	7.360
652.99	7.421
653.19	7.233
653.39	7.393
653.59	7.298
653.78	7.313
653.98	7.385
654.18	7.453
654.38	7.131
654.57	7.235
654.77	7.143
654.97	7.260
655.17	6.991
655.36	7.417
655.56	7.156
655.76	7.172
655.96	7.047
656.15	7.100
656.35	6.697
656.55	7.005
656.75	7.009
656.94	7.111
657.14	7.063
657.34	7.025
657.54	7.199
657.73	6.926
657.93	6.985
658.13	7.008
658.33	6.953
658.52	6.971
658.72	8.241
658.92	6.623
659.11	6.826
659.31	6.903
659.51	6.841
659.71	6.552
659.90	6.734
660.10	6.606
660.30	6.954
660.50	6.677
660.69	6.700
660.89	6.639
661.09	6.584
661.28	6.728
661.48	6.646
661.68	6.567
661.87	6.726
662.07	6.752
662.27	6.580
662.47	6.423
662.66	6.460
662.86	6.575
663.06	6.524
663.25	6.344
663.45	6.297
663.65	6.280
663.84	6.382
664.04	6.516
664.24	6.133
664.44	6.250
664.63	6.206
664.83	6.139
665.03	6.231
665.22	6.266
665.42	6.084
665.62	6.051
665.81	6.068
666.01	6.022
666.21	6.226
666.40	6.011
666.60	6.033
666.80	6.030
666.99	6.005
667.19	6.091
667.39	6.067
667.58	5.892
667.78	6.000
667.98	5.934
668.17	5.770
668.37	5.998
668.57	5.844
668.76	5.857
668.96	5.913
669.16	5.888
669.35	5.774
669.55	5.861
669.74	5.856
669.94	5.822
670.14	5.927
670.33	5.974
670.53	5.877
670.73	5.778
670.92	5.689
671.12	5.785
671.32	5.707
671.51	5.708
671.71	5.902
671.90	5.836
672.10	5.824
672.30	5.730
672.49	5.597
672.69	5.758
672.89	5.697
673.08	5.775
673.28	5.580
673.47	5.841
673.67	5.668
673.87	5.529
674.06	5.792
674.26	5.630
674.45	5.812
674.65	5.835
674.85	5.733
675.04	5.820
675.24	5.774
675.43	5.776
675.63	5.810
675.83	5.760
676.02	5.722
676.22	5.477
676.41	5.676
676.61	5.674
676.81	5.944
677.00	5.619
677.20	5.730
677.39	5.765
677.59	5.916
677.79	5.899
677.98	5.720
678.18	5.640
678.37	5.882
678.57	5.786
678.76	5.861
678.96	5.875
679.16	5.827
679.35	5.928
679.55	5.881
679.74	5.898
679.94	5.688
680.13	5.909
680.33	5.664
680.53	5.749
680.72	5.994
680.92	5.869
681.11	5.897
681.31	5.930
681.50	5.703
681.70	5.716
681.89	5.898
682.09	6.049
682.28	6.016
682.48	6.068
682.68	5.990
682.87	5.884
683.07	6.036
683.26	5.904
683.46	6.022
683.65	6.058
683.85	6.155
684.04	6.159
684.24	6.073
684.43	5.971
684.63	6.083
684.82	6.183
685.02	6.400
685.21	6.145
685.41	6.235
685.60	6.349
685.80	6.135
686.00	6.367
686.19	6.285
686.39	6.487
686.58	6.446
686.78	6.455
686.97	6.530
687.17	6.340
687.36	6.599
687.56	6.807
687.75	6.791
687.95	6.679
688.14	6.761
688.34	6.783
688.53	6.818
688.73	7.136
688.92	7.155
689.12	7.147
689.31	7.258
689.51	7.368
689.70	7.448
689.89	7.472
690.09	7.425
690.28	7.611
690.48	7.599
690.67	7.606
690.87	7.857
691.06	7.866
691.26	8.314
691.45	8.350
691.65	8.273
691.84	8.503
692.04	8.838
692.23	8.994
692.43	8.969
692.62	9.129
692.82	9.123
693.01	9.445
693.20	9.567
693.40	9.873
693.59	9.892
693.79	10.174
693.98	10.327
694.18	10.718
694.37	11.106
694.57	11.167
694.76	11.226
694.95	11.545
695.15	11.840
695.34	12.038
695.54	12.225
695.73	12.583
695.93	12.838
696.12	13.002
696.32	13.326
696.51	13.507
696.70	14.089
696.90	14.144
697.09	14.343
697.29	14.899
697.48	15.301
697.67	15.355
697.87	15.644
698.06	16.036
698.26	16.450
698.45	16.822
698.65	16.937
698.84	17.264
699.03	17.771
699.23	18.162
699.42	18.473
699.62	18.844
699.81	18.835
700.00	19.302
700.20	19.585
700.39	20.117
700.59	20.280
700.78	20.832
700.97	20.988
701.17	21.621
701.36	21.945
701.56	22.084
701.75	22.457
701.94	23.018
702.14	23.234
702.33	23.407
702.52	23.971
702.72	24.225
702.91	24.523
703.11	24.981
703.30	25.203
703.49	25.674
703.69	25.796
703.88	26.299
704.07	26.718
704.27	26.961
704.46	27.277
704.66	27.542
704.85	27.828
705.04	28.294
705.24	28.414
705.43	29.064
705.62	29.175
705.82	29.512
706.01	29.887
706.20	30.071
706.40	30.254
706.59	30.455
706.78	30.938
706.98	31.500
707.17	31.537
707.36	31.980
707.56	31.822
707.75	32.554
707.94	32.419
708.14	33.188
708.33	33.105
708.52	33.375
708.72	33.680
708.91	33.838
709.10	34.382
709.30	34.588
709.49	35.111
709.68	35.027
709.88	35.356
710.07	35.647
710.26	35.659
710.46	36.155
710.65	36.595
710.84	36.541
711.04	36.791
711.23	37.167
711.42	37.594
711.61	37.270
711.81	38.124
712.00	38.049
712.19	37.871
712.39	38.560
712.58	38.838
712.77	39.270
712.97	38.815
713.16	39.298
713.35	39.410
713.54	39.816
713.74	39.795
713.93	40.044
714.12	40.544
714.32	40.988
714.51	40.883
714.70	41.264
714.89	40.814
715.09	41.301
715.28	42.128
715.47	42.177
715.66	42.104
715.86	42.353
716.05	42.636
716.24	43.273
716.44	43.359
716.63	43.304
716.82	43.574
717.01	43.898
717.21	43.461
717.40	43.594
717.59	44.033
717.78	44.376
717.98	44.529
718.17	44.699
718.36	45.005
718.55	45.072
718.75	45.354
718.94	45.731
719.13	45.743
719.32	46.111
719.52	46.048
719.71	46.331
719.90	46.668
720.09	46.417
720.28	46.965
720.48	47.042
720.67	47.449
720.86	47.169
721.05	47.818
721.25	47.652
721.44	47.757
721.63	48.272
721.82	48.012
722.01	48.275
722.21	48.917
722.40	49.086
722.59	48.974
722.78	48.726
722.98	49.549
723.17	49.300
723.36	49.318
723.55	49.802
723.74	49.812
723.94	49.987
724.13	50.436
724.32	50.104
724.51	50.410
724.70	50.723
724.89	51.157
725.09	51.459
725.28	50.697
725.47	50.897
725.66	51.218
725.85	51.658
726.05	51.613
726.24	51.540
726.43	52.024
726.62	52.202
726.81	52.341
727.00	52.574
727.20	52.775
727.39	52.512
727.58	53.289
727.77	52.867
727.96	53.206
728.15	53.455
728.35	53.604
728.54	53.535
728.73	53.544
728.92	53.884
729.11	53.864
729.30	54.081
729.50	54.185
729.69	54.578
729.88	54.430
730.07	54.859
730.26	54.680
730.45	54.333
730.64	54.759
730.84	54.552
731.03	55.231
731.22	54.855
731.41	55.338
731.60	55.235
731.79	55.456
731.98	55.816
732.18	55.811
732.37	55.992
732.56	55.973
732.75	55.817
732.94	56.091
733.13	56.471
733.32	56.320
733.51	56.327
733.71	56.596
733.90	57.335
734.09	56.879
734.28	57.154
734.47	57.284
734.66	57.208
734.85	57.201
735.04	57.214
735.23	57.109
735.42	57.467
735.62	57.518
735.81	57.152
736.00	57.634
736.19	57.672
736.38	58.028
736.57	58.129
736.76	57.829
736.95	58.037
737.14	58.003
737.33	58.237
737.52	58.193
737.72	58.247
737.91	58.570
738.10	58.310
738.29	58.591
738.48	58.871
738.67	58.495
738.86	59.151
739.05	59.185
739.24	59.038
739.43	59.094
739.62	58.970
739.81	58.816
740.00	59.382
740.19	58.793
740.39	59.213
740.58	59.886
740.77	59.776
740.96	59.256
741.15	59.570
741.34	59.890
741.53	60.153
741.72	60.084
741.91	59.795
742.10	59.615
742.29	59.701
742.48	60.294
742.67	60.193
742.86	60.040
743.05	59.852
743.24	60.538
743.43	60.077
743.62	60.453
743.81	60.496
744.00	60.381
744.19	60.210
744.38	60.385
744.57	60.322
744.76	60.854
744.95	60.165
745.14	60.508
745.33	60.309
745.52	60.813
745.71	60.870
745.90	61.234
746.09	60.804
746.28	61.206
746.47	61.240
746.66	60.957
746.85	60.874
747.04	61.239
747.23	60.835
747.42	61.288
747.61	60.640
747.80	61.318
747.99	61.628
748.18	61.069
748.37	61.535
748.56	60.969
748.75	61.047
748.94	61.644
749.13	60.773
749.32	61.252
749.51	60.872
749.70	61.469
749.89	61.536
750.08	61.401
750.27	61.754
750.46	61.713
750.65	61.543
750.84	61.339
751.03	61.228
751.22	61.163
751.41	61.422
751.60	61.667
751.79	61.918
751.98	61.366
752.17	61.829
752.36	61.566
752.55	62.221
752.74	62.299
752.93	61.325
753.12	61.282
753.30	62.033
753.49	61.710
753.68	61.776
753.87	61.920
754.06	62.044
754.25	61.085
754.44	62.024
754.63	61.539
754.82	61.466
755.01	62.019
755.20	61.780
755.39	61.987
755.58	62.220
755.77	61.799
755.96	61.127
756.14	62.169
756.33	62.031
756.52	61.417
756.71	62.164
756.90	62.004
757.09	61.813
757.28	62.408
757.47	61.651
757.66	62.255
757.85	62.277
758.04	61.734
758.22	62.630
758.41	61.995
758.60	62.232
758.79	62.138
758.98	62.325
759.17	61.799
759.36	61.647
759.55	62.895
759.74	62.242
759.92	62.153
760.11	62.534
760.30	62.370
760.49	61.990
760.68	61.976
760.87	62.213
761.06	61.993
761.25	62.268
761.43	62.559
761.62	62.729
761.81	62.465
762.00	62.558
762.19	62.911
762.38	62.284
762.57	62.762
762.76	62.669
762.94	62.940
763.13	62.397
763.32	62.630
763.51	62.667
763.70	62.407
763.89	62.803
764.07	62.363
764.26	62.071
764.45	62.439
764.64	62.578
764.83	62.296
765.02	62.396
765.21	62.582
765.39	62.196
765.58	62.827
765.77	63.256
765.96	62.714
766.15	62.172
766.34	62.794
766.52	62.767
766.71	62.790
766.90	62.591
767.09	62.912
767.28	62.755
767.46	62.807
767.65	62.321
767.84	62.425
768.03	62.432
768.22	62.137
768.40	62.421
768.59	63.170
768.78	62.921
768.97	62.208
769.16	62.764
769.34	62.676
769.53	62.542
769.72	62.674
769.91	62.094
770.10	63.016
770.28	62.622
770.47	62.823
770.66	62.318
770.85	62.276
771.04	62.484
771.22	62.778
771.41	61.919
771.60	62.307
771.79	62.248
771.98	62.306
772.16	62.444
772.35	62.765
772.54	62.776
772.73	62.475
772.91	62.378
773.10	62.922
773.29	62.925
773.48	62.779
773.66	62.933
773.85	62.438
774.04	62.533
774.23	62.238
774.41	62.760
774.60	62.695
774.79	63.099
774.98	62.171
775.16	62.575
775.35	62.878
775.54	63.102
775.73	62.852
775.91	62.624
776.10	62.608
776.29	62.720
776.48	63.328
776.66	62.687
776.85	62.713
777.04	62.584
777.23	63.253
777.41	62.902
777.60	62.538
777.79	63.222
777.97	62.383
778.16	62.855
778.35	62.599
778.54	62.511
778.72	62.586
778.91	62.882
779.10	62.679
779.28	63.085
779.47	63.157
779.66	63.053
779.85	62.639
780.03	63.065
780.22	63.204
780.41	63.172
780.59	63.339
780.78	62.389
780.97	62.472
781.15	63.448
781.34	62.460
781.53	62.911
781.71	62.903
781.90	62.892
782.09	62.641
782.27	62.813
782.46	62.926
782.65	62.779
782.84	63.231
783.02	62.632
783.21	62.839
783.40	63.106
783.58	62.948
783.77	62.869
783.96	62.386
784.14	62.575
784.33	62.489
784.52	63.090
784.70	62.892
784.89	62.817
785.07	63.143
785.26	62.708
785.45	62.618
785.63	62.934
785.82	62.874
786.01	62.427
786.19	63.069
786.38	62.986
786.57	63.427
786.75	63.091
786.94	62.980
787.13	63.002
787.31	62.969
787.50	63.025
787.68	62.392
787.87	63.475
788.06	63.194
788.24	62.987
788.43	63.593
788.62	63.376
788.80	62.707
788.99	62.521
789.17	62.458
789.36	63.294
789.55	63.180
789.73	62.693
789.92	62.731
790.10	62.915
790.29	63.143
790.48	63.007
790.66	63.100
790.85	63.556
791.03	63.503
791.22	62.713
791.41	63.041
791.59	62.801
791.78	63.100
791.96	63.288
792.15	63.163
792.34	63.001
792.52	63.198
792.71	62.973
792.89	62.709
793.08	62.997
793.27	63.546
793.45	63.430
793.64	63.168
793.82	62.584
794.01	63.212
794.19	64.376
794.38	63.711
794.57	63.687
794.75	63.168
794.94	63.761
795.12	63.366
795.31	62.880
795.49	63.167
795.68	62.982
795.86	63.095
796.05	64.018
796.24	62.943
796.42	63.326
796.61	62.972
796.79	62.594
796.98	63.199
797.16	63.473
797.35	62.687
797.53	62.538
797.72	63.054
797.90	63.627
798.09	63.367
798.27	63.054
798.46	62.789
798.65	63.110
798.83	63.651
799.02	62.736
799.20	63.349
799.39	63.351
799.57	63.365
799.76	63.683
799.94	62.855
800.13	63.305
800.31	63.621
800.50	63.421
800.68	63.352
800.87	63.230
801.05	63.389
801.24	63.016
801.42	63.099
801.61	63.277
801.79	63.527
801.98	63.407
802.16	63.334
802.35	63.600
802.53	63.141
802.72	63.677
802.90	62.849
803.09	62.852
803.27	63.639
803.46	63.911
803.64	63.291
803.83	63.095
804.01	63.586
804.20	63.870
804.38	63.304
804.56	63.064
804.75	63.534
804.93	62.999
805.12	63.285
805.30	63.397
805.49	63.433
805.67	64.039
805.86	63.702
806.04	63.393
806.23	63.399
806.41	63.164
806.59	64.083
806.78	63.494
806.96	63.656
807.15	63.484
807.33	63.134
807.52	63.263
807.70	63.408
807.89	63.740
808.07	63.909
808.25	63.995
808.44	63.649
808.62	63.354
808.81	63.596
808.99	63.728
809.18	63.827
809.36	63.193
809.54	63.537
809.73	63.600
809.91	63.285
810.10	63.472
810.28	63.292
810.47	63.348
810.65	63.071
810.83	63.642
811.02	62.999
811.20	63.734
811.39	63.998
811.57	63.288
811.75	63.586
811.94	63.379
812.12	63.706
812.31	63.757
812.49	63.131
812.67	63.392
812.86	63.461
813.04	62.929
813.23	63.965
813.41	63.929
813.59	63.870
813.78	63.226
813.96	63.446
814.14	63.318
814.33	64.061
814.51	63.072
814.70	63.362
814.88	64.201
815.06	63.174
815.25	63.241
815.43	63.723
815.61	63.573
815.80	63.423
815.98	63.975
816.16	63.768
816.35	63.176
816.53	63.808
816.72	63.419
816.90	63.896
817.08	63.580
817.27	63.476
817.45	63.255
817.63	63.160
817.82	63.846
818.00	63.799
818.18	63.234
818.37	63.796
818.55	63.350
818.73	63.821
818.92	63.922
819.10	64.268
819.28	64.356
819.47	64.197
819.65	63.953
819.83	63.635
820.02	63.411
820.20	63.325
820.38	63.371
820.57	63.559
820.75	63.404
820.93	63.935
821.11	63.598
821.30	64.101
821.48	63.668
821.66	63.680
821.85	63.939
822.03	63.495
822.21	63.739
822.40	63.631
822.58	64.045
822.76	63.374
822.94	63.553
823.13	63.820
823.31	63.879
823.49	63.390
823.68	63.340
823.86	63.935
824.04	63.855
824.22	63.415
824.41	63.671
824.59	63.918
824.77	63.593
824.96	63.990
825.14	63.416
825.32	63.884
825.50	63.647
825.69	63.610
825.87	63.442
826.05	63.706
826.23	63.313
826.42	63.170
826.60	64.089
826.78	64.194
826.96	64.236
827.15	63.895
827.33	63.578
827.51	63.713
827.69	63.657
827.88	63.595
828.06	64.008
828.24	63.830
828.42	63.713
828.61	63.503
828.79	64.245
828.97	64.161
829.15	63.945
829.34	63.598
829.52	64.146
829.70	63.521
829.88	63.701
830.06	63.843
830.25	63.787
830.43	63.040
830.61	64.073
830.79	63.797
830.97	63.916
831.16	63.437
831.34	63.506
831.52	64.347
831.70	63.969
831.89	63.292
832.07	63.954
832.25	63.776
832.43	63.489
832.61	63.419
832.80	64.124
832.98	63.830
833.16	63.670
833.34	63.488
833.52	63.369
833.70	63.901
833.89	64.052
834.07	64.593
834.25	64.483
834.43	63.202
834.61	64.267
834.80	63.956
834.98	63.644
835.16	63.991
835.34	64.330
835.52	64.149
835.70	63.925
835.89	63.384
836.07	63.898
836.25	64.611
836.43	64.010
836.61	63.863
836.79	63.961
836.97	63.538
837.16	64.030
837.34	63.869
837.52	64.198
837.70	63.395
837.88	64.295
838.06	63.907
838.24	63.889
838.43	64.362
838.61	64.204
838.79	64.215
838.97	64.070
839.15	64.057
839.33	64.015
839.51	63.470
839.70	63.940
839.88	63.713
840.06	64.350
840.24	65.132
840.42	64.465
840.60	63.895
840.78	64.864
840.96	64.001
841.14	64.052
841.33	64.601
841.51	64.202
841.69	64.233
841.87	64.491
842.05	63.964
842.23	64.569
842.41	64.335
842.59	63.717
842.77	64.298
842.95	64.487
843.14	64.018
843.32	64.101
843.50	63.882
843.68	64.070
843.86	63.498
844.04	63.894
844.22	63.516
844.40	64.090
844.58	64.157
844.76	64.369
844.94	63.837
845.12	64.082
845.30	63.568
845.49	64.414
845.67	64.165
845.85	63.017
846.03	63.276
846.21	64.154
846.39	63.483
846.57	64.273
846.75	65.262
846.93	64.060
847.11	64.517
847.29	63.992
847.47	64.563
847.65	63.852
847.83	63.935
848.01	64.279
848.19	64.087
848.37	63.820
848.55	64.439
848.73	64.339
848.91	64.431
849.09	63.797
849.27	64.170
849.46	64.716
849.64	64.355
849.82	64.709
850.00	64.763
850.18	64.019
850.36	64.302
850.54	64.400
850.72	64.239
850.90	64.504
851.08	64.034
851.26	64.655
851.44	64.269
851.62	63.896
851.80	64.255
851.98	63.912
852.16	64.266
852.34	63.614
852.52	64.794
852.70	64.956
852.88	63.790
853.06	63.796
853.24	63.934
853.42	63.926
853.60	64.732
853.78	63.640
853.96	64.042
854.14	63.837
854.31	64.411
854.49	63.829
854.67	64.740
854.85	64.284
855.03	64.251
855.21	64.175
855.39	64.634
855.57	64.623
855.75	64.530
855.93	65.165
856.11	64.165
856.29	64.642
856.47	64.313
856.65	63.771
856.83	64.390
857.01	63.917
857.19	63.887
857.37	64.554
857.55	63.465
857.73	63.672
857.91	63.890
858.09	64.452
858.26	64.224
858.44	64.224
858.62	63.427
858.80	63.630
858.98	63.400
859.16	64.721
859.34	64.910
859.52	64.438
859.70	63.635
859.88	64.135
860.06	64.245
860.24	64.609
860.42	63.696
860.59	64.790
860.77	65.108
860.95	63.856
861.13	64.230
861.31	64.518
861.49	64.422
861.67	64.953
861.85	64.828
862.03	63.497
862.21	64.427
862.38	64.367
862.56	64.794
862.74	64.452
862.92	64.900
863.10	64.762
863.28	64.654
863.46	63.814
863.64	64.528
863.82	64.181
863.99	64.749
864.17	63.907
864.35	64.513
864.53	64.849
864.71	64.281
864.89	64.245
865.07	65.354
865.24	64.753
865.42	65.237
865.60	63.600
865.78	64.165
865.96	64.760
866.14	64.068
866.32	64.139
866.49	64.499
866.67	64.787
866.85	64.756
867.03	63.657
867.21	64.088
867.39	64.226
867.56	64.786
867.74	63.829
867.92	64.182
868.10	64.812
868.28	64.843
868.46	64.546
868.63	64.476
868.81	64.872
868.99	64.094
869.17	63.716
869.35	63.905
869.53	64.467
869.70	64.662
869.88	64.775
870.06	64.752
870.24	64.941
870.42	64.831
870.59	64.731
870.77	64.523
870.95	64.510
871.13	64.125
871.31	65.267
871.48	65.006
871.66	63.676
871.84	64.912
872.02	64.586
872.20	64.789
872.37	65.092
872.55	63.295
872.73	64.148
872.91	64.647
873.08	64.855
873.26	63.906
873.44	65.042
873.62	64.354
873.80	64.898
873.97	64.750
874.15	64.747
874.33	64.055
874.51	65.032
874.68	63.907
874.86	64.705
875.04	64.170
875.22	64.374
875.39	64.538
875.57	64.186
875.75	64.460
875.93	64.120
876.10	65.142
876.28	64.358
876.46	64.425
876.64	64.461
876.81	65.298
876.99	64.387
877.17	64.687
877.35	64.339
877.52	64.057
877.70	65.067
877.88	63.727
878.06	65.002
878.23	65.139
878.41	65.046
878.59	64.984
878.76	63.353
878.94	64.871
879.12	64.454
879.30	64.999
879.47	65.034
879.65	64.631
879.83	65.142
880.00	64.883
880.18	65.025
880.36	63.873
880.53	64.185
880.71	65.027
880.89	65.213
881.07	64.523
881.24	64.707
881.42	65.102
881.60	65.545
881.77	64.447
881.95	65.143
882.13	64.477
882.30	64.108
882.48	64.705
882.66	64.581
882.83	64.237
883.01	64.937
883.19	64.472
883.36	64.506
883.54	65.526
883.72	64.792
883.89	64.994
884.07	65.195
884.25	65.165
884.42	65.606
884.60	65.136
884.78	64.267
884.95	63.853
885.13	64.531
885.31	65.815
885.48	66.184
885.66	65.381
885.84	64.086
886.01	65.006
886.19	65.038
886.36	65.037
886.54	64.754
886.72	65.698
886.89	64.905
887.07	65.143
887.25	64.927
887.42	64.642
887.60	65.098
887.78	65.604
887.95	64.537
888.13	64.959
888.30	64.906
888.48	65.142
888.66	64.734
888.83	65.352
889.01	64.782
889.18	64.541
889.36	65.078
889.54	64.611
889.71	64.928
889.89	64.393
890.06	65.026
890.24	64.863
890.42	63.909
890.59	64.607
890.77	65.035
890.94	65.241
891.12	64.700
891.30	64.820
891.47	64.626
891.65	64.746
891.82	65.316
892.00	64.464
892.17	64.351
892.35	64.191
892.53	65.464
892.70	64.983
892.88	65.515
893.05	64.308
893.23	64.939
893.40	64.329
893.58	64.861
893.75	64.753
893.93	65.270
894.11	64.034
894.28	64.521
894.46	64.087
894.63	64.696
894.81	65.214
894.98	65.366
895.16	64.452
895.33	65.335
895.51	64.063
895.68	64.758
895.86	64.493
896.04	64.970
896.21	64.106
896.39	64.598
896.56	64.451
896.74	64.913
896.91	63.183
897.09	65.468
897.26	65.119
897.44	65.076
897.61	64.713
897.79	63.945
897.96	63.857
898.14	64.257
898.31	63.683
898.49	64.512
898.66	63.575
898.84	64.743
899.01	64.982
899.19	65.331
899.36	64.743
899.54	64.409
899.71	64.703
899.89	64.375
900.06	64.981
900.24	64.159
900.41	65.065
900.59	63.701
900.76	65.409
900.94	63.955
901.11	64.105
901.29	65.124
901.46	65.575
901.63	64.825
901.81	65.251
901.98	64.367
902.16	64.142
902.33	65.063
902.51	63.887
902.68	64.703
902.86	65.064
903.03	65.893
903.21	65.735
903.38	65.232
903.56	64.032
903.73	65.454
903.90	64.664
904.08	64.510
904.25	64.252
904.43	64.691
904.60	64.856
904.78	64.998
904.95	65.083
905.12	64.755
905.30	64.736
905.47	65.516
905.65	64.811
905.82	64.219
906.00	65.077
906.17	65.013
906.34	63.800
906.52	64.356
906.69	64.493
906.87	63.952
907.04	64.242
907.21	64.693
907.39	64.609
907.56	64.849
907.74	64.896
907.91	64.572
908.08	65.032
908.26	64.690
908.43	65.721
908.61	64.841
908.78	64.782
908.95	65.076
909.13	64.806
909.30	64.968
909.48	65.163
909.65	65.027
909.82	65.311
910.00	65.431
910.17	64.346
910.34	64.592
910.52	64.826
910.69	64.754
910.87	63.810
911.04	64.541
911.21	64.939
911.39	64.949
911.56	64.865
911.73	65.084
911.91	65.057
912.08	64.838
912.25	65.734
912.43	64.515
912.60	64.983
912.77	64.309
912.95	65.126
913.12	65.205
913.29	64.330
913.47	64.800
913.64	64.897
913.81	64.428
913.99	65.800
914.16	65.362
914.33	65.491
914.51	65.662
914.68	65.112
914.85	65.086
915.03	65.117
915.20	65.337
915.37	65.112
915.55	65.451
915.72	65.646
915.89	65.466
916.07	65.532
916.24	64.356
916.41	64.848
916.59	65.395
916.76	65.805
916.93	65.083
917.10	64.862
917.28	64.646
917.45	64.531
917.62	64.992
917.80	65.702
917.97	65.898
918.14	65.509
918.31	64.806
918.49	64.610
918.66	65.878
918.83	64.386
919.01	65.080
919.18	66.159
919.35	65.364
919.52	64.619
919.70	64.983
919.87	65.012
920.04	65.302
920.21	66.406
920.39	66.857
920.56	65.426
920.73	64.795
920.90	65.384
921.08	64.962
921.25	65.558
921.42	65.261
921.59	65.126
921.77	65.346
921.94	65.867
922.11	65.046
922.28	64.602
922.46	65.019
922.63	65.079
922.80	65.636
922.97	64.785
923.15	64.409
923.32	65.611
923.49	65.507
923.66	65.550
923.83	65.049
924.01	65.053
924.18	65.108
924.35	65.052
924.52	65.775
924.69	63.425
924.87	64.858
925.04	64.652
925.21	65.546
925.38	65.105
925.55	65.385
925.73	65.785
925.90	65.321
926.07	63.926
926.24	64.971
926.41	65.304
926.59	65.420
926.76	65.039
926.93	66.100
927.10	66.029
927.27	64.117
927.45	64.999
927.62	66.198
927.79	65.403
927.96	65.758
928.13	64.725
928.30	65.318
928.48	65.151
928.65	65.692
928.82	66.189
928.99	65.325
929.16	65.003
929.33	65.893
929.50	66.088
929.68	64.366
929.85	64.582
930.02	64.195
930.19	65.211
930.36	64.922
930.53	64.781
930.70	64.834
930.88	64.247
931.05	65.806
931.22	65.041
931.39	66.540
931.56	65.209
931.73	65.505
931.90	65.839
932.08	64.296
932.25	65.681
932.42	65.483
932.59	64.926
932.76	65.818
932.93	65.032
933.10	64.120
933.27	65.296
933.44	63.300
933.62	65.053
933.79	65.894
933.96	64.188
934.13	67.709
934.30	65.322
934.47	65.202
934.64	63.997
934.81	64.611
934.98	65.524
935.15	64.561
935.32	66.814
935.50	65.660
935.67	66.174
935.84	65.875
936.01	65.983
936.18	64.661
936.35	65.420
936.52	65.105
936.69	63.789
936.86	66.195
937.03	66.820
937.20	63.906
937.37	65.092
937.54	64.551
937.71	64.680
937.89	63.052
938.06	64.890
938.23	62.962
938.40	64.699
938.57	66.620
938.74	66.342
938.91	62.547
939.08	65.824
939.25	64.714
939.42	62.947
939.59	64.144
939.76	66.473
939.93	66.817
940.10	66.039
940.27	67.415
940.44	63.978
940.61	65.640
940.78	63.199
940.95	63.434
941.12	66.014
941.29	64.639
941.46	65.796
941.63	65.168
941.80	65.842
941.97	66.848
942.14	62.646
942.31	69.384
942.48	65.719
942.65	64.272
942.82	63.759
942.99	65.603
943.16	66.480
943.33	68.601
943.50	65.452
943.67	67.663
943.84	66.576
944.01	66.057
944.18	66.731
944.35	68.049
944.52	67.342
944.69	63.998
944.86	65.724
945.03	64.825
945.20	64.571
945.37	62.974
945.54	66.694
945.71	64.246
945.88	64.150
946.05	64.023
946.22	64.056
946.39	62.395
946.56	65.354
946.73	65.784
946.90	65.341
947.07	62.428
947.23	65.091
947.40	65.982
947.57	67.258
947.74	66.017
947.91	65.617
948.08	66.006
948.25	65.237
948.42	67.702
948.59	65.358
948.76	64.581
948.93	64.113
949.10	65.820
949.27	65.403
949.44	64.836
949.60	65.041
949.77	65.394
949.94	63.730
950.11	64.308
950.28	60.787
950.45	66.160
950.62	61.980
950.79	65.314
950.96	65.622
951.13	62.200
951.30	64.710
951.46	64.421
951.63	66.070
951.80	63.797
951.97	62.866
952.14	65.108
952.31	61.838
952.48	64.919
952.65	64.362
952.81	63.638
952.98	61.600
953.15	67.363
953.32	62.440
953.49	64.787
953.66	61.806
953.83	62.288
954.00	67.143
954.16	63.652
954.33	65.390
954.50	65.163
954.67	63.002
954.84	64.088
955.01	65.527
955.18	64.096
955.34	64.891
955.51	65.225
955.68	63.669
955.85	62.667
956.02	63.818
956.19	64.258
956.35	64.254
956.52	66.047
956.69	65.972
956.86	63.913
957.03	64.926
957.20	61.279
957.36	64.306
957.53	64.584
957.70	62.312
957.87	64.031
958.04	63.775
958.21	63.127
958.37	62.692
958.54	63.474
958.71	63.285
958.88	63.748
959.05	65.217
959.21	64.327
959.38	62.846
959.55	63.532
959.72	64.176
959.89	62.565
960.05	63.143
960.22	63.098
960.39	62.841
960.56	64.679
960.72	63.999
960.89	64.255
961.06	65.312
961.23	64.549
961.40	62.900
961.56	65.979
961.73	64.012
961.90	64.035
962.07	65.445
962.23	65.076
962.40	61.823
962.57	62.231
962.74	63.574
962.90	61.999
963.07	63.025
963.24	63.686
963.41	63.838
963.57	64.058
963.74	64.715
963.91	64.159
964.08	64.012
964.24	64.194
964.41	62.743
964.58	62.560
964.75	63.966
964.91	62.874
965.08	63.727
965.25	64.521
965.42	63.321
965.58	63.579
965.75	64.802
965.92	63.713
966.08	65.606
966.25	63.061
966.42	62.484
966.59	63.472
966.75	63.552
966.92	65.134
967.09	62.105
967.25	62.660
967.42	64.905
967.59	63.290
967.75	63.997
967.92	64.164
968.09	63.336
968.26	65.740
968.42	64.606
968.59	64.285
968.76	64.745
968.92	61.171
969.09	64.033
969.26	65.697
969.42	65.529
969.59	64.515
969.76	63.410
969.92	63.971
970.09	65.941
970.26	65.109
970.42	64.381
970.59	61.836
970.76	63.628
970.92	64.940
971.09	63.800
971.26	65.157
971.42	63.841
971.59	64.029
971.76	66.134
971.92	62.821
972.09	65.145
972.25	62.164
972.42	66.077
972.59	65.639
972.75	62.714
972.92	62.406
973.09	65.498
973.25	63.276
973.42	61.887
973.58	64.164
973.75	63.025
973.92	63.298
974.08	63.461
974.25	65.586
974.42	63.369
974.58	64.421
974.75	62.859
974.91	61.703
975.08	63.946
975.25	65.315
975.41	64.277
975.58	63.780
975.74	61.127
975.91	64.191
976.08	62.579
976.24	62.989
976.41	63.560
976.57	63.279
976.74	64.456
976.91	64.069
977.07	65.022
977.24	63.718
977.40	62.250
977.57	64.006
977.73	66.519
977.90	64.075
978.07	64.687
978.23	63.645
978.40	63.218
978.56	65.309
978.73	64.332
978.89	63.904
979.06	63.156
979.22	62.719
979.39	64.153
979.56	64.407
979.72	64.350
979.89	64.812
980.05	62.073
980.22	64.544
980.38	63.831
980.55	64.917
980.71	62.070
980.88	64.595
981.04	64.275
981.21	63.857
981.37	64.905
981.54	61.393
981.70	64.506
981.87	63.273
982.04	61.462
982.20	64.077
982.37	67.092
982.53	64.115
982.70	65.165
982.86	61.920
983.03	67.003
983.19	63.761
983.36	64.654
983.52	62.385
983.69	63.885
983.85	65.404
984.02	65.050
984.18	63.486
984.35	65.463
984.51	66.380
984.68	63.424
984.84	62.680
985.00	66.116
985.17	65.704
985.33	62.000
985.50	64.110
985.66	64.703
985.83	59.891
985.99	63.939
986.16	63.224
986.32	63.801
986.49	62.355
986.65	63.019
986.82	63.743
986.98	62.213
987.15	64.857
987.31	64.848
987.47	63.518
987.64	64.577
987.80	61.670
987.97	62.928
988.13	63.370
988.30	63.312
988.46	62.070
988.63	67.228
988.79	65.072
988.95	65.018
989.12	64.358
989.28	63.336
989.45	66.728
989.61	63.687
989.77	68.234
989.94	65.362
990.10	64.836
990.27	63.488
990.43	65.882
990.60	64.631
990.76	63.786
990.92	65.109
991.09	61.714
991.25	65.292
991.42	63.133
991.58	62.479
991.74	63.979
991.91	63.505
992.07	64.977
992.24	65.592
992.40	64.310
992.56	64.599
992.73	62.525
992.89	62.068
993.05	64.059
993.22	68.967
993.38	64.368
993.55	64.659
993.71	66.418
993.87	61.824
994.04	64.694
994.20	66.476
994.36	64.295
994.53	63.541
994.69	62.308
994.85	64.943
995.02	65.965
995.18	65.666
995.34	66.494
995.51	65.340
995.67	65.253
995.84	63.181
996.00	62.412
996.16	65.523
996.33	61.414
996.49	63.281
996.65	66.094
996.82	64.542
996.98	66.179
997.14	64.476
997.31	65.942
997.47	63.618
997.63	64.182
997.79	63.188
997.96	64.359
998.12	63.283
998.28	65.254
998.45	62.089
998.61	65.301
998.77	64.018
998.94	64.389
999.10	66.024
999.26	65.046
999.43	60.623
999.59	65.957
999.75	64.071
999.91	63.961
1000.08	62.180
1000.24	64.702
1000.40	63.449
1000.57	65.144
1000.73	64.127
1000.89	64.593
1001.05	63.308
1001.22	62.245
1001.38	67.658
1001.54	64.302
1001.70	65.041
1001.87	65.604
1002.03	63.150
1002.19	61.588
1002.35	64.691
1002.52	65.417
1002.68	64.432
1002.84	65.500
1003.00	69.735
1003.17	66.420
1003.33	65.691
1003.49	63.540
1003.65	62.585
1003.82	63.639
1003.98	59.211
1004.14	62.647
1004.30	64.396
1004.47	68.628
1004.63	64.298
1004.79	68.931
1004.95	64.594
1005.11	66.609
1005.28	68.679
1005.44	70.381
1005.60	68.217
1005.76	65.796
1005.93	63.365
1006.09	68.436
1006.25	63.782
1006.41	62.207
1006.57	65.566
1006.74	62.092
1006.90	67.602
1007.06	65.492
1007.22	65.984
1007.38	67.764
1007.55	67.981
1007.71	66.084
1007.87	66.994
1008.03	64.235
1008.19	65.033
1008.35	68.211
1008.52	65.533
1008.68	63.062
1008.84	64.936
1009.00	65.020
1009.16	66.011
1009.32	58.943
1009.49	66.223
1009.65	64.401
1009.81	62.576
1009.97	59.732
1010.13	65.324
1010.29	59.950
1010.46	66.013
1010.62	62.138
1010.78	63.636
1010.94	67.692
1011.10	66.178
1011.26	66.198
1011.42	61.001
1011.59	64.556
1011.75	67.804
1011.91	61.505
1012.07	69.368
1012.23	63.351
1012.39	62.870
1012.55	62.677
1012.71	63.432
1012.88	64.724
1013.04	65.149
1013.20	65.599
1013.36	65.190
1013.52	71.788
1013.68	66.869
1013.84	61.146
1014.00	63.632
1014.16	63.444
1014.33	63.498
1014.49	63.902
1014.65	69.858
1014.81	65.707
1014.97	64.988
1015.13	65.230
1015.29	64.403
1015.45	67.095
1015.61	66.937
1015.77	68.084
1015.93	59.496
1016.09	64.661
1016.26	67.848
1016.42	65.689
1016.58	65.625
1016.74	64.255
1016.90	62.373
1017.06	62.630
1017.22	70.704
1017.38	71.197
1017.54	75.419
1017.70	71.500
1017.86	67.742
1018.02	73.337
1018.18	68.524
1018.34	67.278
1018.50	65.342
1018.66	67.132
1018.82	67.070
1018.98	64.516
1019.14	64.823
1019.31	65.254
1019.47	74.398
1019.63	70.664
1019.79	69.652
1019.95	65.407
1020.11	76.798
1020.27	72.537
1020.43	65.319
1020.59	67.350
1020.75	62.658
1020.91	68.174
1021.07	68.223
1021.23	66.121
1021.39	68.067
1021.55	66.385
1021.71	70.013
1021.87	66.667
1022.03	64.917
1022.19	64.226
1022.35	68.407
1022.51	74.857
1022.67	68.789
1022.83	65.920
1022.99	63.081
1023.15	58.182
1023.31	63.874
1023.47	65.682
1023.63	68.777
1023.79	54.941
1023.95	64.043
1024.10	71.095
1024.26	63.682
1024.42	65.063
1024.58	70.753
1024.74	71.460
1024.90	67.129
1025.06	75.020
1025.22	66.501
1025.38	63.738
1025.54	56.781
1025.70	61.778
1025.86	76.716
1026.02	69.202
1026.18	66.085
1026.34	60.920
1026.50	75.374
1026.66	69.866
1026.82	70.453
1026.98	67.556
1027.13	69.508
1027.29	76.230
1027.45	70.533
1027.61	72.522
1027.77	56.505
1027.93	62.030
1028.09	60.480
1028.25	59.876
1028.41	58.701
1028.57	63.592
1028.73	63.436
1028.88	65.434
1029.04	62.360
1029.20	59.505
1029.36	71.454
1029.52	59.815
1029.68	69.880
1029.84	71.092
1030.00	67.249
1030.16	65.847
1030.32	69.606
1030.47	65.841
1030.63	68.323
1030.79	66.288
1030.95	65.409
1031.11	70.653
1031.27	64.382
1031.43	65.768
1031.59	66.984
1031.74	66.165
1031.90	74.132
1032.06	69.144
1032.22	62.375
1032.38	73.913
1032.54	63.550
1032.69	71.066
1032.85	68.819
1033.01	59.570
1033.17	69.561
1033.33	65.150
1033.49	59.574
1033.65	72.254
1033.80	71.747
1033.96	70.508
1034.12	54.054
1034.28	77.241
1034.44	60.677
1034.60	75.996
1034.75	68.047
1034.91	62.760
1035.07	62.677
1035.23	72.122
1035.39	64.286
1035.54	67.970
1035.70	80.579
1035.86	64.892
1036.02	62.235
1036.18	68.654
1036.33	69.548
1036.49	68.871
1036.65	77.565
1036.81	74.297
1036.97	73.171
1037.12	73.217
1037.28	69.412
1037.44	59.886
1037.60	78.464
1037.76	51.023
1037.91	65.774
1038.07	56.725
1038.23	71.304
1038.39	56.183
1038.54	60.693
1038.70	58.322
1038.86	69.444
1039.02	68.443
1039.17	59.561
1039.33	67.746
1039.49	83.987
1039.65	72.249
1039.80	67.364
1039.96	50.322
1040.12	64.384
1040.28	72.906
>>>>> Data<<<<< Espectral Procesado Extremo
