Fichero De Datos De SpectraSuite
++++++++++++++++++++++++++++++++++++
Fecha: Wed Jul 15 16:58:54 CST 2026
Usuario: HP
Presente Oscuro Del Espectro: Sí
La Referencia de Presente Del Espectro De: Sí
Muestreados de los componentes de Número de espectros: 1
Espectrómetros: USB4H06056
Tiempo de integración (usec): 300000 (USB4H06056)
Promedio de Espectros Hechos un: 5 (USB4H06056)
El Alisar Del Furgón: 0 (USB4H06056)
Párrafo de de Corregir del la del del de Eléctrica del obscuridad: No (USB4H06056)
Estrobo/Lámpara Permitido: No (USB4H06056)
Correct for Detector Non-linearity: No (USB4H06056)
Párrafo de de Corregir del la del del de Externa del luz: No (USB4H06056)
Procesado del espectro de Número de pixeles en: 3648
>>>>> Comienza Data<<<<< Espectral Procesado Del EL
345.09	122.340
345.30	122.340
345.52	122.340
345.74	750.000
345.95	383.333
346.17	-114.754
346.39	156.044
346.60	-159.259
346.82	150.000
347.04	-512.500
347.25	-164.103
347.47	1241.667
347.69	-190.625
347.90	368.293
348.12	-14.634
348.34	139.216
348.56	115.385
348.77	240.741
348.99	-54.000
349.21	120.000
349.42	76.289
349.64	-1.429
349.86	-28.889
350.07	263.043
350.29	43.363
350.51	44.910
350.72	56.250
350.94	34.356
351.16	92.593
351.37	99.310
351.59	49.669
351.81	49.296
352.02	-65.574
352.24	116.901
352.46	155.882
352.67	119.048
352.89	161.111
353.10	97.297
353.32	202.985
353.54	41.892
353.75	-46.237
353.97	73.103
354.19	40.361
354.40	115.741
354.62	38.462
354.84	-9.783
355.05	37.870
355.27	82.482
355.49	42.000
355.70	49.730
355.92	114.286
356.14	58.824
356.35	50.228
356.57	67.273
356.78	19.540
357.00	58.491
357.22	62.057
357.43	69.512
357.65	74.675
357.87	110.870
358.08	39.615
358.30	30.220
358.51	-20.968
358.73	29.371
358.95	-77.273
359.16	41.176
359.38	16.234
359.60	45.714
359.81	25.000
360.03	22.652
360.24	78.243
360.46	45.000
360.68	28.249
360.89	80.000
361.11	-1.765
361.33	32.759
361.54	73.469
361.76	61.479
361.97	89.516
362.19	57.080
362.41	45.912
362.62	1.754
362.84	20.455
363.05	91.129
363.27	68.224
363.49	13.740
363.70	47.222
363.92	50.633
364.13	124.490
364.35	56.250
364.57	79.000
364.78	30.769
365.00	4.372
365.21	48.673
365.43	44.138
365.65	-54.128
365.86	58.286
366.08	45.205
366.29	47.222
366.51	28.571
366.73	52.174
366.94	92.063
367.16	-38.095
367.37	28.161
367.59	58.559
367.80	16.929
368.02	124.038
368.24	215.000
368.45	70.954
368.67	79.216
368.88	73.333
369.10	70.051
369.31	108.621
369.53	10.526
369.75	-11.765
369.96	13.546
370.18	58.503
370.39	63.710
370.61	54.054
370.82	-22.656
371.04	68.263
371.26	38.571
371.47	76.786
371.69	37.500
371.90	45.395
372.12	69.325
372.33	124.051
372.55	27.933
372.76	74.222
372.98	88.235
373.20	57.988
373.41	72.973
373.63	49.457
373.84	85.022
374.06	-13.953
374.27	26.630
374.49	41.739
374.70	4.972
374.92	73.571
375.13	38.462
375.35	32.331
375.57	0.000
375.78	37.888
376.00	21.359
376.21	18.719
376.43	62.559
376.64	53.403
376.86	16.471
377.07	42.442
377.29	65.152
377.50	94.702
377.72	17.391
377.93	39.837
378.15	7.447
378.36	47.598
378.58	57.143
378.80	-11.321
379.01	10.465
379.23	44.156
379.44	18.627
379.66	110.924
379.87	36.441
380.09	58.687
380.30	47.525
380.52	25.982
380.73	173.737
380.95	64.671
381.16	55.233
381.38	32.143
381.59	29.073
381.81	73.222
382.02	53.846
382.24	35.759
382.45	99.130
382.67	-23.596
382.88	-28.906
383.10	137.895
383.31	83.410
383.53	103.086
383.74	124.390
383.96	99.398
384.17	35.094
384.39	24.561
384.60	40.957
384.82	41.718
385.03	44.980
385.25	7.556
385.46	-14.384
385.68	-1.274
385.89	57.216
386.11	35.802
386.32	15.232
386.54	14.010
386.75	86.667
386.97	53.070
387.18	53.846
387.40	53.191
387.61	10.036
387.83	31.604
388.04	29.197
388.25	61.157
388.47	38.647
388.68	42.683
388.90	76.018
389.11	44.482
389.33	34.625
389.54	38.976
389.76	56.213
389.97	21.858
390.19	-3.472
390.40	48.561
390.62	67.976
390.83	77.711
391.05	11.661
391.26	29.719
391.47	35.119
391.69	2.186
391.90	43.077
392.12	42.384
392.33	49.402
392.55	17.209
392.76	42.938
392.98	32.500
393.19	55.208
393.41	15.328
393.62	13.406
393.83	-21.429
394.05	0.000
394.26	28.296
394.48	38.043
394.69	35.336
394.91	17.125
395.12	31.392
395.34	30.994
395.55	-8.673
395.76	14.754
395.98	38.983
396.19	12.500
396.41	32.533
396.62	63.682
396.84	36.391
397.05	72.881
397.26	36.649
397.48	34.858
397.69	40.876
397.91	24.806
398.12	56.176
398.33	-33.696
398.55	28.777
398.76	6.158
398.98	19.658
399.19	-10.469
399.41	41.686
399.62	55.738
399.83	26.446
400.05	48.118
400.26	35.974
400.48	21.066
400.69	35.427
400.90	56.981
401.12	25.798
401.33	17.468
401.55	17.314
401.76	30.456
401.97	32.220
402.19	31.695
402.40	17.697
402.62	49.398
402.83	27.981
403.04	25.185
403.26	9.032
403.47	2.434
403.69	46.135
403.90	46.720
404.11	29.712
404.33	24.313
404.54	26.358
404.76	-0.536
404.97	9.420
405.18	12.181
405.40	23.690
405.61	-3.499
405.83	27.430
406.04	5.248
406.25	28.696
406.47	33.267
406.68	15.441
406.89	47.979
407.11	18.381
407.32	14.066
407.54	12.169
407.75	34.944
407.96	36.034
408.18	28.722
408.39	23.937
408.60	20.080
408.82	5.314
409.03	21.237
409.24	27.925
409.46	41.472
409.67	7.570
409.89	35.819
410.10	6.839
410.31	16.667
410.53	23.890
410.74	11.265
410.95	32.376
411.17	24.790
411.38	6.416
411.59	15.130
411.81	15.538
412.02	20.776
412.23	24.037
412.45	15.280
412.66	20.482
412.87	34.681
413.09	17.918
413.30	10.137
413.51	7.806
413.73	17.853
413.94	16.319
414.15	7.727
414.37	3.386
414.58	19.367
414.79	24.710
415.01	14.727
415.22	23.231
415.43	8.111
415.65	17.849
415.86	21.739
416.07	16.863
416.29	7.649
416.50	14.596
416.71	9.922
416.93	11.813
417.14	12.428
417.35	7.063
417.57	12.159
417.78	12.273
417.99	15.083
418.21	8.217
418.42	8.807
418.63	14.985
418.85	10.318
419.06	12.169
419.27	16.166
419.48	18.862
419.70	14.161
419.91	5.349
420.12	14.645
420.34	4.620
420.55	7.988
420.76	13.361
420.98	9.677
421.19	3.094
421.40	14.461
421.61	12.085
421.83	5.803
422.04	13.028
422.25	12.767
422.47	14.524
422.68	7.301
422.89	6.316
423.11	10.402
423.32	8.067
423.53	12.801
423.74	8.240
423.96	8.051
424.17	9.778
424.38	7.139
424.59	8.538
424.81	2.601
425.02	9.478
425.23	10.014
425.45	7.507
425.66	11.200
425.87	7.505
426.08	4.829
426.30	3.083
426.51	5.805
426.72	9.246
426.93	5.492
427.15	7.086
427.36	7.329
427.57	3.638
427.79	4.747
428.00	7.394
428.21	9.853
428.42	6.284
428.64	5.815
428.85	8.942
429.06	8.205
429.27	8.221
429.49	2.329
429.70	8.613
429.91	4.941
430.12	5.358
430.34	6.024
430.55	8.186
430.76	4.723
430.97	5.945
431.19	4.663
431.40	4.840
431.61	4.090
431.82	7.971
432.03	4.602
432.25	2.473
432.46	8.817
432.67	6.037
432.88	6.675
433.10	6.307
433.31	3.157
433.52	6.352
433.73	2.751
433.95	3.709
434.16	5.978
434.37	9.037
434.58	5.535
434.79	2.646
435.01	4.649
435.22	6.481
435.43	8.030
435.64	5.574
435.86	6.215
436.07	5.303
436.28	3.831
436.49	3.275
436.70	4.072
436.92	5.675
437.13	4.563
437.34	2.778
437.55	5.713
437.76	3.476
437.98	5.162
438.19	4.078
438.40	7.133
438.61	4.784
438.82	4.590
439.04	3.408
439.25	3.201
439.46	7.645
439.67	6.495
439.88	5.701
440.10	4.975
440.31	4.936
440.52	3.964
440.73	3.577
440.94	4.590
441.16	6.027
441.37	3.319
441.58	3.836
441.79	5.765
442.00	2.819
442.21	2.885
442.43	1.338
442.64	6.038
442.85	4.090
443.06	6.644
443.27	4.790
443.48	4.004
443.70	4.734
443.91	5.111
444.12	4.614
444.33	7.086
444.54	4.916
444.75	4.437
444.97	4.378
445.18	3.475
445.39	4.461
445.60	1.898
445.81	1.217
446.02	3.570
446.24	3.786
446.45	5.380
446.66	4.835
446.87	5.816
447.08	2.198
447.29	3.484
447.51	6.107
447.72	2.174
447.93	4.032
448.14	4.781
448.35	2.456
448.56	3.310
448.77	5.672
448.99	5.759
449.20	3.866
449.41	5.371
449.62	5.063
449.83	5.644
450.04	4.754
450.25	5.945
450.46	4.132
450.68	2.575
450.89	4.909
451.10	1.821
451.31	5.491
451.52	4.823
451.73	4.236
451.94	4.454
452.15	1.573
452.37	6.292
452.58	2.636
452.79	3.495
453.00	4.245
453.21	4.188
453.42	3.160
453.63	5.276
453.84	3.654
454.06	5.409
454.27	5.355
454.48	4.528
454.69	2.892
454.90	3.749
455.11	4.489
455.32	4.458
455.53	4.238
455.74	2.937
455.95	4.122
456.17	3.255
456.38	4.602
456.59	3.513
456.80	4.095
457.01	4.570
457.22	3.404
457.43	3.753
457.64	3.559
457.85	4.162
458.06	4.554
458.27	3.717
458.49	3.910
458.70	4.492
458.91	3.069
459.12	4.115
459.33	3.266
459.54	4.514
459.75	5.745
459.96	2.451
460.17	3.275
460.38	4.223
460.59	3.054
460.80	3.719
461.01	3.835
461.23	3.901
461.44	3.056
461.65	4.120
461.86	4.403
462.07	3.785
462.28	2.865
462.49	3.171
462.70	3.752
462.91	3.997
463.12	3.761
463.33	4.691
463.54	3.502
463.75	4.327
463.96	4.976
464.17	3.401
464.38	4.578
464.59	4.493
464.81	3.034
465.02	3.399
465.23	4.742
465.44	4.780
465.65	3.922
465.86	3.491
466.07	4.454
466.28	3.865
466.49	4.327
466.70	3.620
466.91	4.097
467.12	3.469
467.33	3.830
467.54	2.649
467.75	4.912
467.96	6.939
468.17	5.376
468.38	4.005
468.59	3.539
468.80	3.833
469.01	4.803
469.22	3.852
469.43	4.686
469.64	3.685
469.85	4.467
470.06	4.750
470.27	2.488
470.48	3.830
470.69	3.070
470.90	3.816
471.11	4.707
471.32	3.689
471.53	4.720
471.74	3.676
471.95	4.913
472.16	2.724
472.37	2.802
472.58	2.138
472.79	4.046
473.00	4.795
473.21	4.508
473.42	4.353
473.63	4.168
473.84	3.977
474.05	4.456
474.26	3.241
474.47	4.088
474.68	2.883
474.89	4.194
475.10	2.800
475.31	3.898
475.52	3.913
475.73	3.899
475.94	4.004
476.15	2.987
476.36	3.584
476.57	3.909
476.78	3.529
476.99	3.821
477.20	3.991
477.41	4.389
477.62	3.619
477.83	3.606
478.04	3.425
478.25	4.267
478.46	3.230
478.67	3.744
478.88	3.521
479.09	4.098
479.30	4.556
479.51	4.698
479.72	4.536
479.93	4.552
480.14	3.998
480.35	3.280
480.56	4.102
480.77	3.321
480.98	3.709
481.18	3.769
481.39	4.284
481.60	3.031
481.81	3.161
482.02	3.944
482.23	3.833
482.44	4.004
482.65	3.979
482.86	3.672
483.07	4.210
483.28	2.989
483.49	3.643
483.70	3.843
483.91	3.197
484.12	3.532
484.33	4.467
484.53	4.127
484.74	4.031
484.95	3.856
485.16	3.419
485.37	3.699
485.58	4.675
485.79	3.810
486.00	3.786
486.21	3.716
486.42	3.539
486.63	3.472
486.84	3.892
487.05	3.535
487.25	3.863
487.46	3.727
487.67	4.248
487.88	3.985
488.09	4.017
488.30	3.374
488.51	3.889
488.72	3.227
488.93	3.651
489.14	3.719
489.35	3.523
489.55	3.832
489.76	3.658
489.97	3.655
490.18	4.181
490.39	3.336
490.60	3.744
490.81	4.243
491.02	3.652
491.23	3.286
491.43	3.433
491.64	4.115
491.85	4.291
492.06	3.599
492.27	3.981
492.48	4.060
492.69	4.182
492.90	3.840
493.11	3.436
493.31	3.725
493.52	4.122
493.73	3.453
493.94	3.596
494.15	3.477
494.36	4.212
494.57	3.746
494.78	3.810
494.98	3.726
495.19	3.720
495.40	3.398
495.61	3.698
495.82	3.819
496.03	3.568
496.24	3.550
496.44	4.392
496.65	3.940
496.86	4.202
497.07	3.726
497.28	4.005
497.49	4.190
497.70	3.911
497.90	3.983
498.11	4.557
498.32	3.447
498.53	4.020
498.74	3.574
498.95	3.751
499.15	3.856
499.36	3.370
499.57	3.906
499.78	3.580
499.99	3.883
500.20	3.800
500.40	4.042
500.61	3.874
500.82	3.710
501.03	4.125
501.24	3.848
501.45	3.648
501.65	4.162
501.86	3.856
502.07	3.934
502.28	4.155
502.49	4.170
502.70	3.940
502.90	3.466
503.11	3.675
503.32	3.867
503.53	3.612
503.74	4.256
503.94	4.249
504.15	4.145
504.36	3.616
504.57	3.976
504.78	4.008
504.98	4.258
505.19	4.163
505.40	4.065
505.61	4.023
505.82	4.092
506.02	3.795
506.23	3.985
506.44	3.985
506.65	4.684
506.86	4.088
507.06	3.889
507.27	4.075
507.48	4.404
507.69	4.423
507.90	4.298
508.10	4.442
508.31	4.526
508.52	4.205
508.73	4.250
508.94	4.167
509.14	4.416
509.35	4.593
509.56	4.598
509.77	4.839
509.97	4.185
510.18	4.486
510.39	4.666
510.60	4.518
510.80	4.598
511.01	4.370
511.22	4.482
511.43	4.681
511.64	4.797
511.84	4.545
512.05	5.009
512.26	4.997
512.47	4.946
512.67	4.676
512.88	5.062
513.09	4.589
513.30	4.729
513.50	4.981
513.71	4.840
513.92	5.079
514.13	5.217
514.33	5.005
514.54	5.123
514.75	5.004
514.96	5.056
515.16	5.144
515.37	5.328
515.58	5.303
515.78	5.206
515.99	5.184
516.20	5.483
516.41	5.919
516.61	5.122
516.82	5.381
517.03	5.728
517.24	5.754
517.44	5.541
517.65	5.527
517.86	5.532
518.07	5.989
518.27	6.302
518.48	6.192
518.69	6.331
518.89	5.692
519.10	5.898
519.31	6.421
519.52	6.355
519.72	6.678
519.93	6.536
520.14	6.404
520.34	6.297
520.55	6.661
520.76	6.419
520.96	6.994
521.17	6.959
521.38	6.929
521.59	6.779
521.79	6.824
522.00	6.643
522.21	6.939
522.41	7.474
522.62	7.316
522.83	6.749
523.03	7.453
523.24	7.294
523.45	7.423
523.66	7.517
523.86	7.425
524.07	7.995
524.28	7.570
524.48	7.705
524.69	8.081
524.90	8.299
525.10	8.107
525.31	8.016
525.52	8.595
525.72	8.248
525.93	8.476
526.14	8.407
526.34	8.024
526.55	8.106
526.76	8.372
526.96	8.457
527.17	8.569
527.38	8.763
527.58	8.435
527.79	9.055
528.00	8.923
528.20	9.042
528.41	8.865
528.62	9.022
528.82	8.941
529.03	9.187
529.24	9.221
529.44	9.356
529.65	9.483
529.85	9.917
530.06	9.519
530.27	9.396
530.47	9.897
530.68	9.484
530.89	9.846
531.09	10.003
531.30	9.622
531.51	9.935
531.71	9.972
531.92	9.961
532.13	9.919
532.33	9.984
532.54	10.379
532.74	9.875
532.95	10.265
533.16	10.735
533.36	10.167
533.57	10.480
533.78	10.730
533.98	10.709
534.19	11.084
534.39	10.583
534.60	10.776
534.81	10.385
535.01	10.767
535.22	10.424
535.42	11.210
535.63	11.181
535.84	11.227
536.04	10.874
536.25	11.399
536.45	10.746
536.66	11.281
536.87	10.984
537.07	11.650
537.28	10.739
537.48	11.184
537.69	11.350
537.90	11.118
538.10	12.031
538.31	11.149
538.51	11.282
538.72	11.772
538.93	11.698
539.13	11.748
539.34	11.471
539.54	11.748
539.75	11.721
539.96	11.515
540.16	11.786
540.37	11.958
540.57	11.698
540.78	11.987
540.98	11.848
541.19	11.889
541.40	12.200
541.60	11.897
541.81	12.002
542.01	11.810
542.22	12.302
542.42	12.572
542.63	12.380
542.83	12.305
543.04	12.441
543.25	12.407
543.45	12.066
543.66	12.164
543.86	12.420
544.07	12.689
544.27	12.561
544.48	12.540
544.68	12.600
544.89	12.927
545.10	12.685
545.30	12.972
545.51	12.704
545.71	12.612
545.92	12.774
546.12	12.856
546.33	12.612
546.53	12.672
546.74	12.934
546.94	12.729
547.15	12.836
547.36	12.470
547.56	12.853
547.77	13.158
547.97	12.958
548.18	12.814
548.38	12.954
548.59	12.940
548.79	13.186
549.00	12.879
549.20	13.019
549.41	13.046
549.61	12.996
549.82	13.124
550.02	13.177
550.23	13.464
550.43	13.555
550.64	13.360
550.84	13.421
551.05	13.419
551.25	13.427
551.46	13.694
551.66	13.483
551.87	13.454
552.07	13.394
552.28	13.466
552.48	13.323
552.69	13.711
552.89	13.777
553.10	13.753
553.30	13.598
553.51	13.320
553.71	13.783
553.92	13.647
554.12	13.215
554.33	13.802
554.53	13.882
554.74	13.826
554.94	14.252
555.15	13.759
555.35	13.996
555.56	13.798
555.76	14.119
555.97	14.138
556.17	13.935
556.38	13.942
556.58	14.066
556.78	14.342
556.99	14.103
557.19	13.893
557.40	14.208
557.60	14.081
557.81	14.582
558.01	14.095
558.22	14.430
558.42	14.275
558.63	14.506
558.83	13.991
559.04	14.248
559.24	14.169
559.44	14.531
559.65	14.377
559.85	14.379
560.06	14.182
560.26	14.723
560.47	14.254
560.67	14.718
560.88	14.406
561.08	14.660
561.28	14.447
561.49	14.301
561.69	14.365
561.90	14.383
562.10	14.473
562.31	14.581
562.51	14.646
562.71	14.744
562.92	14.742
563.12	14.652
563.33	14.579
563.53	14.348
563.74	14.607
563.94	14.532
564.14	14.413
564.35	14.375
564.55	14.678
564.76	14.612
564.96	14.650
565.17	14.777
565.37	14.429
565.57	14.571
565.78	14.484
565.98	14.530
566.19	14.357
566.39	14.824
566.59	14.781
566.80	14.108
567.00	14.499
567.21	14.466
567.41	14.663
567.61	14.602
567.82	14.278
568.02	14.171
568.23	14.840
568.43	14.273
568.63	14.743
568.84	14.181
569.04	14.434
569.24	14.275
569.45	14.239
569.65	14.306
569.86	14.228
570.06	14.174
570.26	14.095
570.47	14.203
570.67	13.908
570.87	14.223
571.08	14.006
571.28	14.089
571.49	14.014
571.69	14.123
571.89	14.170
572.10	14.142
572.30	13.998
572.50	13.898
572.71	13.857
572.91	14.142
573.11	13.842
573.32	13.924
573.52	13.993
573.73	13.677
573.93	13.690
574.13	13.914
574.34	13.853
574.54	13.713
574.74	13.778
574.95	13.594
575.15	13.594
575.35	13.348
575.56	13.353
575.76	13.407
575.96	13.399
576.17	13.322
576.37	13.081
576.57	13.495
576.78	13.165
576.98	13.097
577.18	13.100
577.39	13.565
577.59	13.218
577.79	12.998
578.00	13.054
578.20	13.237
578.40	12.943
578.61	13.060
578.81	12.828
579.01	12.941
579.22	12.462
579.42	12.770
579.62	12.732
579.82	12.972
580.03	12.554
580.23	12.400
580.43	12.747
580.64	12.742
580.84	12.798
581.04	12.865
581.25	12.702
581.45	12.626
581.65	12.658
581.86	12.388
582.06	12.524
582.26	12.516
582.46	12.516
582.67	12.550
582.87	12.505
583.07	12.322
583.28	12.305
583.48	12.157
583.68	12.283
583.88	12.033
584.09	12.247
584.29	12.008
584.49	12.122
584.70	12.155
584.90	12.481
585.10	12.085
585.30	11.880
585.51	11.973
585.71	11.903
585.91	11.957
586.11	11.822
586.32	12.026
586.52	11.708
586.72	12.049
586.92	11.748
587.13	11.575
587.33	11.868
587.53	11.907
587.74	11.969
587.94	11.609
588.14	11.824
588.34	11.957
588.55	11.821
588.75	11.703
588.95	11.536
589.15	11.629
589.36	11.709
589.56	11.716
589.76	11.407
589.96	11.642
590.16	11.527
590.37	11.521
590.57	11.502
590.77	11.293
590.97	11.284
591.18	11.391
591.38	11.413
591.58	12.643
591.78	11.387
591.99	11.492
592.19	11.256
592.39	11.146
592.59	11.605
592.79	11.270
593.00	11.499
593.20	11.440
593.40	11.509
593.60	11.497
593.81	11.189
594.01	11.472
594.21	11.338
594.41	11.349
594.61	11.275
594.82	11.063
595.02	11.267
595.22	11.093
595.42	11.208
595.62	11.267
595.83	11.336
596.03	10.847
596.23	11.251
596.43	11.208
596.63	11.134
596.84	11.085
597.04	10.833
597.24	11.172
597.44	11.090
597.64	11.020
597.84	11.198
598.05	11.006
598.25	11.341
598.45	11.195
598.65	11.210
598.85	11.076
599.06	11.121
599.26	11.149
599.46	11.019
599.66	11.100
599.86	11.028
600.06	11.197
600.27	11.204
600.47	11.110
600.67	11.272
600.87	10.922
601.07	10.823
601.27	10.950
601.48	11.273
601.68	11.149
601.88	11.027
602.08	10.831
602.28	11.118
602.48	10.969
602.68	10.892
602.89	10.612
603.09	10.931
603.29	10.897
603.49	11.099
603.69	10.908
603.89	10.816
604.09	11.011
604.30	11.023
604.50	11.146
604.70	11.025
604.90	10.801
605.10	10.908
605.30	11.058
605.50	10.566
605.71	10.599
605.91	10.877
606.11	10.791
606.31	10.896
606.51	10.846
606.71	10.865
606.91	10.814
607.11	10.833
607.32	10.731
607.52	11.047
607.72	10.717
607.92	10.577
608.12	10.639
608.32	10.496
608.52	10.705
608.72	10.724
608.92	10.874
609.12	10.623
609.33	10.626
609.53	10.678
609.73	10.614
609.93	10.529
610.13	10.705
610.33	10.583
610.53	10.439
610.73	10.477
610.93	10.372
611.13	10.350
611.34	10.328
611.54	10.242
611.74	10.473
611.94	10.163
612.14	10.533
612.34	10.153
612.54	10.357
612.74	10.152
612.94	10.236
613.14	10.159
613.34	10.426
613.54	10.225
613.74	10.209
613.95	10.508
614.15	10.110
614.35	10.136
614.55	10.194
614.75	10.030
614.95	10.208
615.15	10.099
615.35	9.999
615.55	9.866
615.75	9.958
615.95	9.982
616.15	9.866
616.35	9.888
616.55	10.077
616.75	9.982
616.95	9.905
617.15	9.753
617.35	9.889
617.56	9.736
617.76	9.593
617.96	9.545
618.16	9.880
618.36	9.540
618.56	9.830
618.76	9.613
618.96	9.745
619.16	9.406
619.36	9.492
619.56	9.617
619.76	9.540
619.96	9.550
620.16	9.509
620.36	9.484
620.56	9.521
620.76	9.323
620.96	9.365
621.16	9.457
621.36	9.417
621.56	9.619
621.76	9.313
621.96	9.168
622.16	9.225
622.36	9.416
622.56	9.352
622.76	9.426
622.96	9.251
623.16	9.257
623.36	9.171
623.56	9.067
623.76	9.188
623.96	9.312
624.16	9.340
624.36	9.229
624.56	9.028
624.76	9.249
624.96	9.063
625.16	9.142
625.36	9.015
625.56	8.647
625.76	8.994
625.96	8.931
626.16	9.128
626.36	9.042
626.56	8.927
626.76	9.140
626.96	8.966
627.16	9.237
627.36	9.075
627.56	8.991
627.76	8.965
627.96	9.173
628.16	8.942
628.36	9.054
628.56	9.130
628.75	8.972
628.95	9.019
629.15	9.109
629.35	9.331
629.55	9.119
629.75	9.029
629.95	8.742
630.15	9.117
630.35	8.932
630.55	8.991
630.75	8.756
630.95	8.928
631.15	9.149
631.35	8.859
631.55	8.969
631.75	8.950
631.95	8.935
632.15	8.984
632.34	9.009
632.54	8.834
632.74	9.149
632.94	9.089
633.14	9.035
633.34	8.885
633.54	9.067
633.74	9.035
633.94	9.002
634.14	9.011
634.34	8.972
634.54	8.905
634.74	8.810
634.93	9.031
635.13	9.127
635.33	9.008
635.53	8.990
635.73	9.042
635.93	9.103
636.13	8.770
636.33	8.845
636.53	9.081
636.73	8.862
636.93	8.709
637.12	8.780
637.32	8.808
637.52	9.064
637.72	8.705
637.92	8.796
638.12	8.423
638.32	8.969
638.52	8.643
638.72	8.519
638.91	8.678
639.11	8.643
639.31	8.679
639.51	8.551
639.71	8.633
639.91	8.672
640.11	8.574
640.31	8.497
640.50	8.466
640.70	8.214
640.90	8.455
641.10	8.310
641.30	8.159
641.50	8.263
641.70	8.381
641.89	8.117
642.09	8.271
642.29	8.314
642.49	8.070
642.69	7.945
642.89	8.048
643.09	8.107
643.28	7.999
643.48	8.112
643.68	7.977
643.88	7.955
644.08	8.036
644.28	7.703
644.48	7.885
644.67	7.706
644.87	7.808
645.07	7.673
645.27	7.663
645.47	7.661
645.67	7.505
645.86	7.569
646.06	7.432
646.26	7.404
646.46	7.313
646.66	7.230
646.85	7.342
647.05	7.438
647.25	7.209
647.45	7.386
647.65	7.122
647.85	7.086
648.04	7.110
648.24	7.044
648.44	6.782
648.64	6.901
648.84	6.881
649.03	6.716
649.23	6.937
649.43	7.066
649.63	6.617
649.83	6.814
650.02	6.512
650.22	6.419
650.42	6.403
650.62	6.735
650.82	6.643
651.01	6.600
651.21	6.323
651.41	6.537
651.61	6.527
651.81	6.450
652.00	6.553
652.20	6.294
652.40	6.343
652.60	6.339
652.79	6.513
652.99	6.238
653.19	6.042
653.39	6.450
653.59	6.313
653.78	6.213
653.98	6.207
654.18	6.390
654.38	6.007
654.57	6.172
654.77	6.079
654.97	6.322
655.17	6.027
655.36	6.207
655.56	6.224
655.76	6.171
655.96	5.986
656.15	6.127
656.35	6.000
656.55	6.032
656.75	5.972
656.94	5.952
657.14	6.171
657.34	5.957
657.54	5.966
657.73	6.094
657.93	6.003
658.13	5.973
658.33	5.962
658.52	6.020
658.72	5.790
658.92	5.662
659.11	5.941
659.31	5.778
659.51	5.714
659.71	5.728
659.90	5.771
660.10	5.683
660.30	5.763
660.50	5.709
660.69	5.675
660.89	5.576
661.09	5.554
661.28	5.652
661.48	5.700
661.68	5.558
661.87	5.519
662.07	5.728
662.27	5.622
662.47	5.491
662.66	5.472
662.86	5.561
663.06	5.468
663.25	5.367
663.45	5.261
663.65	5.375
663.84	5.295
664.04	5.348
664.24	5.090
664.44	5.319
664.63	5.351
664.83	5.217
665.03	5.425
665.22	5.302
665.42	5.067
665.62	5.100
665.81	5.018
666.01	5.137
666.21	5.103
666.40	5.033
666.60	4.939
666.80	4.991
666.99	5.044
667.19	5.007
667.39	4.882
667.58	4.869
667.78	4.917
667.98	4.906
668.17	4.673
668.37	4.802
668.57	4.793
668.76	4.841
668.96	4.796
669.16	4.788
669.35	4.662
669.55	4.960
669.74	4.717
669.94	4.928
670.14	4.781
670.33	4.823
670.53	4.768
670.73	4.690
670.92	4.659
671.12	4.586
671.32	4.621
671.51	4.749
671.71	4.608
671.90	4.752
672.10	4.565
672.30	4.676
672.49	4.491
672.69	4.567
672.89	4.626
673.08	4.555
673.28	4.747
673.47	4.623
673.67	4.376
673.87	4.483
674.06	4.672
674.26	4.597
674.45	4.789
674.65	4.539
674.85	4.509
675.04	4.655
675.24	4.692
675.43	4.571
675.63	4.593
675.83	4.677
676.02	4.684
676.22	4.429
676.41	4.696
676.61	4.648
676.81	4.627
677.00	4.696
677.20	4.578
677.39	4.688
677.59	4.834
677.79	4.603
677.98	4.515
678.18	4.636
678.37	4.641
678.57	4.616
678.76	4.778
678.96	4.455
679.16	4.619
679.35	4.630
679.55	4.763
679.74	4.663
679.94	4.666
680.13	4.712
680.33	4.605
680.53	4.737
680.72	4.856
680.92	4.873
681.11	4.665
681.31	4.799
681.50	4.689
681.70	4.754
681.89	4.720
682.09	4.685
682.28	4.803
682.48	4.858
682.68	4.847
682.87	4.698
683.07	4.971
683.26	4.918
683.46	4.909
683.65	4.951
683.85	4.925
684.04	5.085
684.24	4.942
684.43	4.947
684.63	4.762
684.82	5.177
685.02	5.157
685.21	5.029
685.41	5.245
685.60	5.253
685.80	5.062
686.00	5.140
686.19	5.220
686.39	5.171
686.58	5.298
686.78	5.397
686.97	5.342
687.17	5.323
687.36	5.765
687.56	5.714
687.75	5.581
687.95	5.479
688.14	5.752
688.34	5.741
688.53	5.908
688.73	5.806
688.92	5.906
689.12	6.185
689.31	6.354
689.51	6.373
689.70	6.350
689.89	6.450
690.09	6.486
690.28	6.666
690.48	6.773
690.67	7.059
690.87	7.156
691.06	7.060
691.26	7.427
691.45	7.263
691.65	7.574
691.84	7.746
692.04	7.994
692.23	7.949
692.43	8.182
692.62	8.414
692.82	8.458
693.01	8.702
693.20	8.772
693.40	9.027
693.59	9.253
693.79	9.313
693.98	9.723
694.18	9.794
694.37	10.204
694.57	10.129
694.76	10.383
694.95	10.914
695.15	10.882
695.34	11.061
695.54	11.318
695.73	11.668
695.93	11.870
696.12	12.211
696.32	12.287
696.51	12.598
696.70	13.107
696.90	13.362
697.09	13.344
697.29	14.177
697.48	13.998
697.67	14.359
697.87	14.809
698.06	15.123
698.26	15.250
698.45	15.614
698.65	15.723
698.84	15.882
699.03	16.328
699.23	16.871
699.42	16.953
699.62	17.510
699.81	17.676
700.00	18.076
700.20	18.237
700.39	18.605
700.59	19.020
700.78	19.371
700.97	19.502
701.17	19.848
701.36	20.037
701.56	20.460
701.75	20.737
701.94	21.160
702.14	21.422
702.33	21.786
702.52	22.120
702.72	22.205
702.91	22.578
703.11	23.009
703.30	23.142
703.49	23.735
703.69	23.868
703.88	24.194
704.07	24.731
704.27	24.763
704.46	25.167
704.66	25.345
704.85	25.575
705.04	25.887
705.24	26.106
705.43	26.441
705.62	26.584
705.82	26.932
706.01	27.378
706.20	27.591
706.40	27.820
706.59	27.748
706.78	28.311
706.98	28.497
707.17	28.771
707.36	28.988
707.56	29.423
707.75	29.477
707.94	29.624
708.14	29.807
708.33	30.182
708.52	30.090
708.72	30.575
708.91	31.104
709.10	30.943
709.30	30.947
709.49	31.619
709.68	31.476
709.88	32.205
710.07	32.250
710.26	32.289
710.46	32.838
710.65	32.917
710.84	33.130
711.04	33.161
711.23	33.557
711.42	33.679
711.61	33.853
711.81	34.308
712.00	34.334
712.19	34.383
712.39	34.543
712.58	34.803
712.77	34.723
712.97	35.079
713.16	35.118
713.35	35.449
713.54	35.666
713.74	36.348
713.93	35.960
714.12	36.635
714.32	36.313
714.51	36.761
714.70	36.672
714.89	36.914
715.09	37.115
715.28	37.465
715.47	37.187
715.66	37.683
715.86	38.056
716.05	37.950
716.24	38.370
716.44	38.902
716.63	38.706
716.82	38.842
717.01	39.183
717.21	39.175
717.40	39.045
717.59	39.125
717.78	39.602
717.98	39.661
718.17	39.808
718.36	39.909
718.55	40.283
718.75	40.514
718.94	40.920
719.13	40.926
719.32	40.956
719.52	40.969
719.71	41.170
719.90	41.370
720.09	41.798
720.28	41.295
720.48	41.884
720.67	41.558
720.86	42.158
721.05	42.570
721.25	42.394
721.44	42.672
721.63	42.562
721.82	43.166
722.01	43.408
722.21	43.026
722.40	43.326
722.59	43.175
722.78	43.154
722.98	43.545
723.17	43.944
723.36	44.214
723.55	44.354
723.74	44.073
723.94	44.424
724.13	44.921
724.32	44.595
724.51	44.905
724.70	44.857
724.89	44.827
725.09	45.283
725.28	44.857
725.47	45.223
725.66	45.130
725.85	45.493
726.05	45.973
726.24	45.959
726.43	46.147
726.62	46.300
726.81	45.772
727.00	46.405
727.20	46.568
727.39	46.762
727.58	46.476
727.77	46.748
727.96	46.608
728.15	46.837
728.35	47.174
728.54	46.803
728.73	47.455
728.92	47.497
729.11	47.366
729.30	47.611
729.50	47.466
729.69	47.867
729.88	47.902
730.07	48.053
730.26	48.318
730.45	48.267
730.64	48.052
730.84	48.299
731.03	48.276
731.22	48.329
731.41	48.384
731.60	49.098
731.79	48.714
731.98	48.796
732.18	48.700
732.37	49.060
732.56	49.255
732.75	49.407
732.94	49.553
733.13	49.685
733.32	49.566
733.51	49.322
733.71	49.826
733.90	49.931
734.09	49.902
734.28	50.102
734.47	50.296
734.66	50.625
734.85	50.010
735.04	50.067
735.23	50.319
735.42	50.408
735.62	50.498
735.81	50.401
736.00	50.499
736.19	50.771
736.38	50.867
736.57	50.788
736.76	50.589
736.95	50.942
737.14	51.151
737.33	50.906
737.52	51.122
737.72	51.289
737.91	51.099
738.10	51.034
738.29	51.372
738.48	51.566
738.67	51.433
738.86	51.272
739.05	51.312
739.24	51.485
739.43	51.648
739.62	51.440
739.81	52.036
740.00	51.907
740.19	51.622
740.39	51.654
740.58	52.293
740.77	51.914
740.96	51.960
741.15	52.035
741.34	52.083
741.53	52.397
741.72	52.339
741.91	52.284
742.10	52.043
742.29	52.027
742.48	52.106
742.67	52.640
742.86	52.529
743.05	52.326
743.24	52.940
743.43	53.284
743.62	52.986
743.81	53.496
744.00	53.053
744.19	52.210
744.38	52.735
744.57	52.386
744.76	53.084
744.95	53.258
745.14	52.908
745.33	53.088
745.52	52.542
745.71	53.168
745.90	53.725
746.09	52.780
746.28	53.413
746.47	53.378
746.66	53.326
746.85	53.228
747.04	53.778
747.23	53.115
747.42	53.593
747.61	52.994
747.80	53.528
747.99	53.694
748.18	53.071
748.37	53.717
748.56	53.304
748.75	53.742
748.94	53.912
749.13	53.362
749.32	53.193
749.51	53.655
749.70	53.644
749.89	54.020
750.08	53.830
750.27	53.705
750.46	53.564
750.65	54.168
750.84	53.987
751.03	53.470
751.22	53.735
751.41	53.907
751.60	53.968
751.79	53.760
751.98	53.451
752.17	54.106
752.36	53.664
752.55	54.082
752.74	53.972
752.93	54.009
753.12	53.726
753.30	53.706
753.49	54.132
753.68	54.370
753.87	54.055
754.06	54.096
754.25	53.965
754.44	54.360
754.63	54.206
754.82	53.889
755.01	54.247
755.20	53.926
755.39	54.145
755.58	54.210
755.77	54.128
755.96	53.959
756.14	54.394
756.33	54.355
756.52	53.957
756.71	54.088
756.90	54.317
757.09	54.353
757.28	54.743
757.47	54.393
757.66	54.383
757.85	54.874
758.04	53.878
758.22	54.901
758.41	54.285
758.60	54.660
758.79	54.074
758.98	54.439
759.17	53.609
759.36	54.123
759.55	54.646
759.74	53.863
759.92	54.199
760.11	55.114
760.30	54.702
760.49	54.647
760.68	54.673
760.87	54.516
761.06	54.105
761.25	55.088
761.43	54.482
761.62	54.368
761.81	54.263
762.00	54.478
762.19	54.865
762.38	54.124
762.57	54.968
762.76	54.420
762.94	54.544
763.13	54.308
763.32	54.487
763.51	54.382
763.70	54.468
763.89	54.803
764.07	54.737
764.26	54.809
764.45	54.879
764.64	54.953
764.83	54.613
765.02	54.504
765.21	54.832
765.39	54.254
765.58	55.196
765.77	55.087
765.96	54.791
766.15	54.244
766.34	54.714
766.52	55.059
766.71	54.807
766.90	54.637
767.09	54.934
767.28	55.076
767.46	54.146
767.65	54.729
767.84	54.520
768.03	54.460
768.22	54.350
768.40	54.798
768.59	54.253
768.78	54.797
768.97	54.286
769.16	54.811
769.34	55.032
769.53	54.593
769.72	55.227
769.91	54.753
770.10	54.550
770.28	54.640
770.47	54.686
770.66	54.880
770.85	54.542
771.04	54.445
771.22	54.983
771.41	54.290
771.60	54.378
771.79	54.478
771.98	54.591
772.16	54.792
772.35	54.988
772.54	55.134
772.73	54.595
772.91	54.786
773.10	55.207
773.29	55.175
773.48	54.954
773.66	54.826
773.85	54.784
774.04	55.220
774.23	54.882
774.41	54.958
774.60	54.870
774.79	55.059
774.98	54.616
775.16	54.826
775.35	55.015
775.54	54.929
775.73	54.867
775.91	54.808
776.10	55.098
776.29	54.553
776.48	55.021
776.66	54.760
776.85	55.650
777.04	54.833
777.23	55.018
777.41	54.693
777.60	55.195
777.79	55.347
777.97	54.722
778.16	55.636
778.35	55.028
778.54	55.174
778.72	54.752
778.91	54.819
779.10	54.901
779.28	55.259
779.47	54.683
779.66	55.507
779.85	54.866
780.03	55.043
780.22	55.248
780.41	55.850
780.59	54.756
780.78	54.733
780.97	55.201
781.15	54.979
781.34	55.249
781.53	55.550
781.71	54.609
781.90	55.113
782.09	54.978
782.27	55.361
782.46	55.452
782.65	54.841
782.84	55.456
783.02	55.347
783.21	54.963
783.40	55.545
783.58	54.728
783.77	54.983
783.96	55.301
784.14	55.010
784.33	54.917
784.52	55.457
784.70	54.876
784.89	55.494
785.07	55.002
785.26	55.469
785.45	55.147
785.63	55.010
785.82	55.179
786.01	55.300
786.19	54.947
786.38	54.866
786.57	55.083
786.75	54.802
786.94	55.259
787.13	55.502
787.31	55.323
787.50	55.165
787.68	55.281
787.87	55.397
788.06	55.606
788.24	55.942
788.43	55.411
788.62	55.203
788.80	55.295
788.99	55.018
789.17	54.736
789.36	55.731
789.55	55.196
789.73	55.001
789.92	55.159
790.10	55.132
790.29	55.130
790.48	55.353
790.66	55.248
790.85	55.428
791.03	55.733
791.22	54.888
791.41	55.324
791.59	54.845
791.78	55.157
791.96	55.774
792.15	55.141
792.34	55.464
792.52	55.104
792.71	55.545
792.89	55.267
793.08	55.270
793.27	55.561
793.45	55.732
793.64	54.961
793.82	55.255
794.01	55.585
794.19	56.026
794.38	55.280
794.57	55.410
794.75	55.191
794.94	56.080
795.12	55.315
795.31	55.243
795.49	55.587
795.68	55.961
795.86	55.761
796.05	55.529
796.24	55.549
796.42	55.214
796.61	55.778
796.79	55.537
796.98	55.777
797.16	55.390
797.35	55.140
797.53	55.734
797.72	55.530
797.90	55.341
798.09	56.078
798.27	55.505
798.46	55.297
798.65	55.356
798.83	55.600
799.02	55.352
799.20	55.702
799.39	55.702
799.57	55.927
799.76	55.680
799.94	55.554
800.13	55.647
800.31	55.273
800.50	55.705
800.68	55.790
800.87	55.521
801.05	55.722
801.24	55.547
801.42	55.729
801.61	56.157
801.79	56.281
801.98	55.932
802.16	55.378
802.35	56.036
802.53	55.857
802.72	55.344
802.90	55.575
803.09	55.430
803.27	55.864
803.46	55.837
803.64	55.532
803.83	55.898
804.01	55.999
804.20	56.123
804.38	55.803
804.56	56.084
804.75	55.611
804.93	55.911
805.12	55.768
805.30	56.269
805.49	55.711
805.67	56.109
805.86	56.236
806.04	55.799
806.23	55.391
806.41	55.958
806.59	56.493
806.78	55.558
806.96	55.899
807.15	55.765
807.33	55.484
807.52	56.049
807.70	56.077
807.89	56.347
808.07	55.835
808.25	55.969
808.44	56.195
808.62	56.546
808.81	56.243
808.99	56.166
809.18	56.028
809.36	56.223
809.54	56.122
809.73	56.404
809.91	55.501
810.10	55.897
810.28	55.450
810.47	56.431
810.65	55.532
810.83	56.327
811.02	55.985
811.20	56.046
811.39	56.239
811.57	56.093
811.75	56.149
811.94	55.448
812.12	56.009
812.31	56.067
812.49	55.736
812.67	55.548
812.86	55.939
813.04	55.630
813.23	55.454
813.41	55.976
813.59	55.757
813.78	55.564
813.96	55.843
814.14	55.669
814.33	56.017
814.51	55.894
814.70	55.555
814.88	56.178
815.06	56.034
815.25	55.937
815.43	56.096
815.61	56.158
815.80	55.988
815.98	56.063
816.16	55.891
816.35	56.171
816.53	55.882
816.72	56.112
816.90	56.153
817.08	55.894
817.27	56.082
817.45	56.102
817.63	55.746
817.82	55.745
818.00	56.389
818.18	55.987
818.37	56.065
818.55	55.848
818.73	56.245
818.92	55.874
819.10	56.092
819.28	55.424
819.47	56.002
819.65	56.348
819.83	56.432
820.02	56.304
820.20	55.704
820.38	55.639
820.57	56.251
820.75	56.313
820.93	56.106
821.11	56.192
821.30	56.498
821.48	56.142
821.66	56.157
821.85	55.288
822.03	56.254
822.21	55.726
822.40	55.721
822.58	56.120
822.76	56.654
822.94	56.408
823.13	56.287
823.31	55.860
823.49	56.126
823.68	56.410
823.86	55.922
824.04	56.115
824.22	56.234
824.41	56.334
824.59	56.190
824.77	55.992
824.96	56.572
825.14	56.171
825.32	56.200
825.50	56.186
825.69	56.007
825.87	56.400
826.05	56.367
826.23	56.426
826.42	56.244
826.60	56.095
826.78	56.108
826.96	56.448
827.15	56.256
827.33	55.990
827.51	56.653
827.69	56.397
827.88	56.631
828.06	56.345
828.24	56.301
828.42	56.300
828.61	56.281
828.79	56.295
828.97	56.913
829.15	56.587
829.34	56.485
829.52	56.594
829.70	55.831
829.88	56.366
830.06	56.144
830.25	55.864
830.43	55.761
830.61	56.461
830.79	55.937
830.97	56.077
831.16	56.234
831.34	56.098
831.52	56.516
831.70	55.651
831.89	56.529
832.07	56.632
832.25	55.965
832.43	55.989
832.61	56.460
832.80	56.885
832.98	56.738
833.16	55.958
833.34	56.017
833.52	56.292
833.70	56.585
833.89	56.507
834.07	56.703
834.25	56.123
834.43	56.125
834.61	56.609
834.80	56.261
834.98	56.335
835.16	55.716
835.34	55.996
835.52	56.677
835.70	56.014
835.89	55.866
836.07	56.055
836.25	56.122
836.43	56.476
836.61	56.948
836.79	56.575
836.97	55.912
837.16	56.326
837.34	57.201
837.52	56.389
837.70	56.390
837.88	56.421
838.06	55.933
838.24	56.312
838.43	56.415
838.61	56.546
838.79	57.107
838.97	56.134
839.15	55.784
839.33	56.502
839.51	56.500
839.70	56.830
839.88	56.442
840.06	56.767
840.24	56.478
840.42	57.101
840.60	56.400
840.78	56.506
840.96	56.691
841.14	56.852
841.33	56.914
841.51	56.379
841.69	56.392
841.87	56.789
842.05	56.899
842.23	56.491
842.41	57.012
842.59	56.775
842.77	56.429
842.95	56.791
843.14	56.232
843.32	56.194
843.50	56.696
843.68	56.446
843.86	56.097
844.04	55.928
844.22	56.135
844.40	56.444
844.58	56.241
844.76	56.188
844.94	56.296
845.12	56.067
845.30	56.541
845.49	56.783
845.67	56.182
845.85	56.638
846.03	56.461
846.21	56.237
846.39	56.394
846.57	56.696
846.75	56.850
846.93	56.402
847.11	56.128
847.29	56.349
847.47	56.420
847.65	56.603
847.83	56.646
848.01	57.182
848.19	56.870
848.37	56.025
848.55	56.588
848.73	57.379
848.91	57.101
849.09	56.464
849.27	56.500
849.46	57.185
849.64	56.581
849.82	56.816
850.00	56.949
850.18	57.096
850.36	56.556
850.54	57.089
850.72	56.633
850.90	56.613
851.08	56.918
851.26	56.766
851.44	57.331
851.62	56.429
851.80	56.867
851.98	56.689
852.16	56.790
852.34	56.651
852.52	57.632
852.70	57.118
852.88	56.736
853.06	56.125
853.24	56.342
853.42	56.376
853.60	56.844
853.78	57.019
853.96	56.766
854.14	56.028
854.31	56.197
854.49	57.035
854.67	56.863
854.85	56.111
855.03	57.010
855.21	57.009
855.39	56.691
855.57	57.273
855.75	56.459
855.93	57.204
856.11	57.019
856.29	56.989
856.47	57.489
856.65	56.800
856.83	56.840
857.01	56.870
857.19	56.784
857.37	56.319
857.55	56.092
857.73	56.904
857.91	56.832
858.09	57.327
858.26	56.948
858.44	56.343
858.62	56.660
858.80	56.310
858.98	56.681
859.16	56.839
859.34	57.403
859.52	56.828
859.70	56.804
859.88	57.139
860.06	57.059
860.24	57.154
860.42	55.969
860.59	56.502
860.77	56.925
860.95	57.030
861.13	56.448
861.31	57.275
861.49	56.692
861.67	57.424
861.85	56.798
862.03	56.803
862.21	56.366
862.38	56.706
862.56	56.975
862.74	56.159
862.92	57.637
863.10	56.829
863.28	56.323
863.46	56.940
863.64	56.628
863.82	56.189
863.99	57.590
864.17	57.104
864.35	57.311
864.53	57.022
864.71	57.173
864.89	56.317
865.07	57.025
865.24	57.260
865.42	57.639
865.60	56.719
865.78	56.757
865.96	56.359
866.14	56.927
866.32	56.920
866.49	57.276
866.67	56.851
866.85	57.013
867.03	56.076
867.21	56.916
867.39	56.541
867.56	56.560
867.74	56.547
867.92	57.225
868.10	56.855
868.28	56.743
868.46	56.378
868.63	57.138
868.81	57.761
868.99	56.792
869.17	56.740
869.35	56.626
869.53	57.049
869.70	57.116
869.88	57.784
870.06	56.585
870.24	56.659
870.42	57.007
870.59	57.925
870.77	56.793
870.95	57.028
871.13	56.919
871.31	57.191
871.48	56.885
871.66	56.340
871.84	57.806
872.02	56.746
872.20	57.383
872.37	56.965
872.55	56.763
872.73	57.077
872.91	56.572
873.08	57.405
873.26	56.881
873.44	57.087
873.62	56.486
873.80	57.806
873.97	57.038
874.15	57.212
874.33	56.805
874.51	58.015
874.68	57.446
874.86	57.165
875.04	57.003
875.22	57.759
875.39	57.060
875.57	57.236
875.75	56.987
875.93	57.272
876.10	57.874
876.28	57.020
876.46	57.164
876.64	58.128
876.81	57.191
876.99	56.540
877.17	57.468
877.35	57.118
877.52	56.448
877.70	58.085
877.88	56.571
878.06	57.577
878.23	57.400
878.41	57.224
878.59	57.445
878.76	56.659
878.94	57.438
879.12	57.069
879.30	57.275
879.47	57.255
879.65	56.403
879.83	56.906
880.00	56.928
880.18	57.079
880.36	56.884
880.53	56.839
880.71	57.595
880.89	57.511
881.07	56.888
881.24	57.187
881.42	57.229
881.60	57.776
881.77	56.793
881.95	56.869
882.13	57.118
882.30	56.660
882.48	57.627
882.66	57.658
882.83	57.281
883.01	57.461
883.19	56.739
883.36	57.644
883.54	58.222
883.72	57.859
883.89	57.147
884.07	57.906
884.25	57.118
884.42	58.342
884.60	57.076
884.78	56.924
884.95	57.386
885.13	57.051
885.31	57.735
885.48	58.031
885.66	58.033
885.84	57.375
886.01	58.093
886.19	57.225
886.36	57.038
886.54	57.598
886.72	57.037
886.89	57.692
887.07	56.159
887.25	56.631
887.42	57.796
887.60	56.866
887.78	57.482
887.95	57.584
888.13	57.494
888.30	57.592
888.48	57.323
888.66	57.809
888.83	58.051
889.01	56.979
889.18	57.303
889.36	57.158
889.54	57.153
889.71	57.330
889.89	57.513
890.06	57.135
890.24	57.435
890.42	57.041
890.59	57.730
890.77	57.295
890.94	57.352
891.12	57.330
891.30	57.240
891.47	57.593
891.65	57.124
891.82	57.123
892.00	57.606
892.17	57.275
892.35	57.216
892.53	57.742
892.70	57.331
892.88	58.008
893.05	57.151
893.23	58.024
893.40	56.892
893.58	58.127
893.75	57.289
893.93	57.642
894.11	56.904
894.28	57.100
894.46	57.402
894.63	56.811
894.81	57.692
894.98	57.708
895.16	57.234
895.33	57.067
895.51	57.069
895.68	57.233
895.86	57.314
896.04	57.259
896.21	56.393
896.39	56.934
896.56	57.594
896.74	57.346
896.91	58.397
897.09	57.328
897.26	58.118
897.44	57.045
897.61	57.053
897.79	56.818
897.96	57.359
898.14	57.006
898.31	57.264
898.49	57.569
898.66	57.533
898.84	58.273
899.01	57.339
899.19	57.814
899.36	56.812
899.54	57.343
899.71	57.632
899.89	57.197
900.06	57.775
900.24	57.337
900.41	57.377
900.59	56.963
900.76	58.265
900.94	57.154
901.11	58.206
901.29	57.327
901.46	57.151
901.63	57.402
901.81	57.612
901.98	57.986
902.16	57.811
902.33	57.910
902.51	56.649
902.68	58.187
902.86	57.370
903.03	58.776
903.21	57.819
903.38	57.550
903.56	56.701
903.73	57.885
903.90	57.624
904.08	56.461
904.25	57.586
904.43	57.611
904.60	58.025
904.78	57.347
904.95	57.440
905.12	58.155
905.30	57.855
905.47	56.801
905.65	58.078
905.82	56.368
906.00	57.071
906.17	58.285
906.34	57.023
906.52	56.922
906.69	57.288
906.87	56.976
907.04	57.251
907.21	57.309
907.39	57.397
907.56	57.713
907.74	57.868
907.91	57.171
908.08	57.263
908.26	57.369
908.43	57.791
908.61	58.612
908.78	57.377
908.95	57.739
909.13	57.363
909.30	57.318
909.48	58.305
909.65	57.213
909.82	57.918
910.00	57.737
910.17	56.985
910.34	57.418
910.52	58.295
910.69	58.311
910.87	56.922
911.04	56.977
911.21	57.830
911.39	58.120
911.56	58.083
911.73	57.534
911.91	56.754
912.08	57.284
912.25	57.733
912.43	58.007
912.60	58.289
912.77	56.942
912.95	57.905
913.12	57.637
913.29	57.863
913.47	57.859
913.64	58.721
913.81	57.404
913.99	57.573
914.16	58.555
914.33	57.937
914.51	57.875
914.68	57.853
914.85	57.619
915.03	58.154
915.20	58.255
915.37	57.282
915.55	57.903
915.72	57.613
915.89	57.861
916.07	57.526
916.24	57.419
916.41	57.496
916.59	57.452
916.76	57.180
916.93	57.996
917.10	57.689
917.28	57.520
917.45	57.684
917.62	57.027
917.80	57.816
917.97	58.036
918.14	57.642
918.31	58.383
918.49	57.697
918.66	57.375
918.83	57.594
919.01	58.689
919.18	57.977
919.35	58.112
919.52	57.788
919.70	56.897
919.87	57.704
920.04	57.951
920.21	57.881
920.39	58.589
920.56	58.033
920.73	58.411
920.90	57.769
921.08	57.814
921.25	58.806
921.42	58.686
921.59	57.933
921.77	58.189
921.94	57.934
922.11	57.613
922.28	56.997
922.46	58.874
922.63	57.987
922.80	57.961
922.97	57.448
923.15	58.377
923.32	58.553
923.49	57.738
923.66	58.035
923.83	58.365
924.01	57.710
924.18	57.831
924.35	57.828
924.52	58.096
924.69	56.974
924.87	58.086
925.04	56.539
925.21	58.000
925.38	58.921
925.55	59.087
925.73	57.986
925.90	57.560
926.07	57.003
926.24	58.202
926.41	58.093
926.59	57.809
926.76	58.696
926.93	58.001
927.10	57.831
927.27	57.553
927.45	56.927
927.62	58.225
927.79	58.241
927.96	57.609
928.13	58.104
928.30	58.031
928.48	57.976
928.65	58.127
928.82	58.229
928.99	57.814
929.16	58.241
929.33	58.936
929.50	58.229
929.68	57.142
929.85	57.657
930.02	57.758
930.19	57.453
930.36	58.152
930.53	57.599
930.70	56.405
930.88	57.318
931.05	57.756
931.22	58.128
931.39	59.242
931.56	56.822
931.73	58.349
931.90	59.126
932.08	57.863
932.25	58.932
932.42	58.343
932.59	57.928
932.76	59.776
932.93	58.998
933.10	58.178
933.27	56.794
933.44	56.535
933.62	58.366
933.79	56.011
933.96	56.563
934.13	57.999
934.30	58.927
934.47	58.371
934.64	57.663
934.81	57.432
934.98	57.712
935.15	57.934
935.32	58.711
935.50	58.528
935.67	58.899
935.84	59.286
936.01	57.347
936.18	57.348
936.35	58.249
936.52	58.452
936.69	57.435
936.86	58.117
937.03	57.573
937.20	58.297
937.37	59.519
937.54	58.310
937.71	56.684
937.89	57.490
938.06	57.913
938.23	56.231
938.40	58.673
938.57	58.651
938.74	60.925
938.91	56.269
939.08	56.111
939.25	57.764
939.42	59.056
939.59	55.448
939.76	58.824
939.93	57.693
940.10	56.447
940.27	57.681
940.44	57.355
940.61	57.412
940.78	56.318
940.95	56.244
941.12	58.302
941.29	58.170
941.46	55.299
941.63	60.348
941.80	56.973
941.97	60.262
942.14	54.401
942.31	59.984
942.48	60.647
942.65	58.061
942.82	60.085
942.99	56.111
943.16	56.830
943.33	60.475
943.50	58.399
943.67	60.397
943.84	56.750
944.01	58.718
944.18	62.157
944.35	60.137
944.52	56.926
944.69	57.135
944.86	58.987
945.03	60.282
945.20	58.313
945.37	60.111
945.54	60.823
945.71	56.849
945.88	58.837
946.05	59.107
946.22	61.144
946.39	56.773
946.56	56.247
946.73	59.417
946.90	60.347
947.07	55.631
947.23	57.614
947.40	58.531
947.57	59.214
947.74	58.671
947.91	60.030
948.08	57.953
948.25	58.829
948.42	56.355
948.59	58.516
948.76	57.591
948.93	57.028
949.10	57.088
949.27	57.512
949.44	57.537
949.60	57.863
949.77	58.149
949.94	56.202
950.11	57.731
950.28	55.366
950.45	59.469
950.62	55.314
950.79	58.762
950.96	55.092
951.13	57.495
951.30	59.211
951.46	55.532
951.63	54.942
951.80	57.925
951.97	59.377
952.14	57.648
952.31	58.364
952.48	60.405
952.65	59.895
952.81	54.945
952.98	55.705
953.15	58.029
953.32	56.916
953.49	56.553
953.66	57.880
953.83	57.407
954.00	58.562
954.16	55.941
954.33	57.729
954.50	57.232
954.67	56.355
954.84	59.066
955.01	57.694
955.18	56.569
955.34	57.752
955.51	58.814
955.68	57.753
955.85	56.865
956.02	60.256
956.19	58.368
956.35	59.779
956.52	57.196
956.69	57.163
956.86	59.044
957.03	57.135
957.20	55.554
957.36	56.781
957.53	59.962
957.70	55.322
957.87	56.159
958.04	57.285
958.21	54.684
958.37	57.457
958.54	55.154
958.71	55.783
958.88	56.672
959.05	59.293
959.21	57.969
959.38	56.853
959.55	56.182
959.72	57.390
959.89	57.143
960.05	54.397
960.22	56.942
960.39	57.912
960.56	56.305
960.72	54.545
960.89	56.647
961.06	58.064
961.23	58.227
961.40	55.903
961.56	58.897
961.73	57.813
961.90	57.637
962.07	56.934
962.23	56.863
962.40	55.952
962.57	55.221
962.74	57.559
962.90	56.106
963.07	55.135
963.24	58.584
963.41	56.903
963.57	59.958
963.74	55.498
963.91	55.513
964.08	57.473
964.24	57.049
964.41	55.421
964.58	55.606
964.75	55.379
964.91	55.563
965.08	56.394
965.25	57.812
965.42	56.482
965.58	59.510
965.75	57.242
965.92	57.303
966.08	56.858
966.25	55.835
966.42	56.801
966.59	57.680
966.75	57.024
966.92	56.425
967.09	56.621
967.25	56.579
967.42	55.543
967.59	56.989
967.75	56.264
967.92	57.794
968.09	56.989
968.26	57.874
968.42	56.962
968.59	55.122
968.76	58.582
968.92	56.005
969.09	57.257
969.26	57.824
969.42	57.140
969.59	56.223
969.76	55.502
969.92	57.878
970.09	55.897
970.26	57.291
970.42	56.849
970.59	56.017
970.76	55.190
970.92	58.592
971.09	56.640
971.26	55.886
971.42	56.186
971.59	56.642
971.76	58.370
971.92	56.290
972.09	56.655
972.25	56.236
972.42	58.961
972.59	56.909
972.75	57.672
972.92	56.274
973.09	58.553
973.25	55.294
973.42	57.328
973.58	58.225
973.75	55.454
973.92	56.025
974.08	57.066
974.25	56.665
974.42	56.864
974.58	56.892
974.75	56.861
974.91	55.669
975.08	57.761
975.25	56.643
975.41	56.830
975.58	59.130
975.74	54.872
975.91	58.054
976.08	55.904
976.24	57.378
976.41	55.536
976.57	55.996
976.74	57.386
976.91	55.563
977.07	58.798
977.24	54.603
977.40	56.342
977.57	55.165
977.73	57.524
977.90	57.946
978.07	58.965
978.23	57.169
978.40	55.466
978.56	56.303
978.73	56.168
978.89	57.185
979.06	56.881
979.22	55.100
979.39	56.778
979.56	56.121
979.72	55.330
979.89	58.281
980.05	55.481
980.22	58.327
980.38	56.721
980.55	57.497
980.71	55.259
980.88	56.456
981.04	57.291
981.21	57.282
981.37	57.598
981.54	55.715
981.70	57.646
981.87	59.042
982.04	57.201
982.20	56.818
982.37	61.534
982.53	60.148
982.70	58.932
982.86	55.605
983.03	57.592
983.19	55.952
983.36	57.553
983.52	57.619
983.69	56.174
983.85	57.251
984.02	56.841
984.18	54.363
984.35	60.451
984.51	58.989
984.68	57.943
984.84	56.617
985.00	58.748
985.17	56.700
985.33	56.563
985.50	57.352
985.66	57.399
985.83	55.442
985.99	58.916
986.16	56.140
986.32	58.027
986.49	57.121
986.65	57.515
986.82	55.893
986.98	55.813
987.15	55.835
987.31	58.457
987.47	58.115
987.64	57.328
987.80	56.954
987.97	53.458
988.13	57.298
988.30	59.134
988.46	57.656
988.63	56.714
988.79	59.556
988.95	58.762
989.12	57.018
989.28	56.599
989.45	58.082
989.61	57.265
989.77	57.733
989.94	57.283
990.10	56.761
990.27	58.604
990.43	58.090
990.60	56.688
990.76	59.961
990.92	57.057
991.09	54.067
991.25	58.188
991.42	58.164
991.58	58.035
991.74	58.982
991.91	56.604
992.07	58.792
992.24	55.801
992.40	55.666
992.56	59.741
992.73	59.642
992.89	57.623
993.05	58.217
993.22	59.270
993.38	57.819
993.55	57.719
993.71	58.240
993.87	56.497
994.04	57.486
994.20	56.403
994.36	56.112
994.53	56.629
994.69	56.198
994.85	59.230
995.02	57.354
995.18	57.959
995.34	57.669
995.51	58.822
995.67	59.104
995.84	56.895
996.00	56.827
996.16	57.629
996.33	58.851
996.49	56.034
996.65	59.984
996.82	57.018
996.98	59.756
997.14	62.117
997.31	60.802
997.47	55.543
997.63	56.135
997.79	56.601
997.96	59.010
998.12	59.870
998.28	60.228
998.45	57.179
998.61	59.112
998.77	55.923
998.94	58.160
999.10	58.586
999.26	60.214
999.43	53.739
999.59	55.669
999.75	55.900
999.91	56.705
1000.08	54.186
1000.24	56.237
1000.40	59.084
1000.57	55.976
1000.73	54.195
1000.89	60.445
1001.05	58.438
1001.22	57.058
1001.38	62.540
1001.54	58.734
1001.70	58.201
1001.87	54.798
1002.03	58.591
1002.19	57.875
1002.35	58.026
1002.52	64.587
1002.68	60.205
1002.84	58.263
1003.00	59.704
1003.17	59.616
1003.33	56.631
1003.49	58.124
1003.65	54.330
1003.82	58.469
1003.98	54.557
1004.14	59.993
1004.30	56.254
1004.47	59.297
1004.63	57.055
1004.79	57.289
1004.95	61.152
1005.11	61.171
1005.28	59.814
1005.44	60.543
1005.60	60.559
1005.76	55.630
1005.93	55.062
1006.09	55.548
1006.25	59.564
1006.41	61.125
1006.57	61.938
1006.74	55.955
1006.90	59.805
1007.06	58.813
1007.22	59.876
1007.38	57.927
1007.55	61.696
1007.71	58.830
1007.87	59.403
1008.03	56.861
1008.19	61.066
1008.35	61.147
1008.52	59.351
1008.68	59.052
1008.84	59.951
1009.00	64.571
1009.16	63.374
1009.32	59.318
1009.49	57.499
1009.65	59.967
1009.81	56.176
1009.97	57.863
1010.13	61.171
1010.29	53.942
1010.46	60.049
1010.62	56.350
1010.78	53.382
1010.94	56.648
1011.10	58.294
1011.26	56.534
1011.42	58.542
1011.59	59.017
1011.75	64.077
1011.91	58.910
1012.07	61.996
1012.23	56.202
1012.39	59.306
1012.55	54.988
1012.71	63.289
1012.88	54.201
1013.04	62.695
1013.20	59.502
1013.36	59.936
1013.52	59.317
1013.68	56.710
1013.84	59.161
1014.00	53.789
1014.16	54.161
1014.33	58.888
1014.49	61.399
1014.65	63.128
1014.81	58.897
1014.97	57.794
1015.13	58.835
1015.29	56.888
1015.45	61.183
1015.61	60.243
1015.77	57.480
1015.93	54.400
1016.09	57.230
1016.26	62.348
1016.42	62.449
1016.58	58.709
1016.74	61.933
1016.90	55.020
1017.06	54.802
1017.22	59.886
1017.38	59.493
1017.54	71.486
1017.70	63.667
1017.86	62.196
1018.02	63.082
1018.18	63.412
1018.34	56.056
1018.50	58.387
1018.66	58.406
1018.82	61.485
1018.98	59.122
1019.14	59.181
1019.31	58.269
1019.47	59.542
1019.63	62.631
1019.79	61.951
1019.95	55.000
1020.11	67.667
1020.27	64.470
1020.43	62.990
1020.59	59.373
1020.75	60.696
1020.91	58.191
1021.07	66.646
1021.23	60.757
1021.39	60.246
1021.55	59.896
1021.71	65.997
1021.87	58.241
1022.03	56.949
1022.19	53.757
1022.35	58.635
1022.51	77.587
1022.67	69.131
1022.83	62.873
1022.99	61.277
1023.15	52.100
1023.31	59.890
1023.47	64.674
1023.63	58.748
1023.79	55.701
1023.95	55.767
1024.10	64.099
1024.26	61.407
1024.42	58.856
1024.58	59.795
1024.74	54.321
1024.90	59.010
1025.06	70.556
1025.22	57.062
1025.38	62.621
1025.54	63.562
1025.70	59.259
1025.86	66.340
1026.02	62.952
1026.18	64.173
1026.34	61.388
1026.50	63.623
1026.66	60.582
1026.82	61.070
1026.98	53.713
1027.13	59.001
1027.29	64.426
1027.45	64.342
1027.61	62.127
1027.77	53.527
1027.93	65.442
1028.09	57.280
1028.25	60.498
1028.41	61.732
1028.57	55.178
1028.73	63.274
1028.88	58.682
1029.04	58.186
1029.20	62.859
1029.36	59.233
1029.52	62.005
1029.68	63.052
1029.84	59.738
1030.00	57.991
1030.16	61.293
1030.32	61.102
1030.47	60.547
1030.63	57.675
1030.79	56.888
1030.95	62.177
1031.11	70.553
1031.27	59.645
1031.43	52.595
1031.59	58.059
1031.74	61.090
1031.90	72.486
1032.06	68.579
1032.22	53.792
1032.38	72.077
1032.54	57.038
1032.69	59.188
1032.85	63.774
1033.01	63.357
1033.17	74.230
1033.33	69.804
1033.49	55.218
1033.65	68.555
1033.80	70.692
1033.96	60.156
1034.12	56.992
1034.28	75.402
1034.44	57.505
1034.60	69.912
1034.75	60.828
1034.91	60.460
1035.07	64.635
1035.23	49.436
1035.39	60.189
1035.54	61.160
1035.70	80.217
1035.86	60.589
1036.02	68.492
1036.18	64.132
1036.33	64.645
1036.49	66.933
1036.65	74.419
1036.81	59.591
1036.97	68.060
1037.12	67.103
1037.28	67.451
1037.44	66.023
1037.60	73.193
1037.76	56.010
1037.91	63.213
1038.07	72.749
1038.23	58.696
1038.39	66.129
1038.54	64.608
1038.70	55.570
1038.86	53.444
1039.02	55.874
1039.17	65.891
1039.33	60.671
1039.49	68.289
1039.65	57.895
1039.80	57.880
1039.96	56.757
1040.12	61.339
1040.28	61.911
>>>>> Data<<<<< Espectral Procesado Extremo
