Fichero De Datos De SpectraSuite
++++++++++++++++++++++++++++++++++++
Fecha: Wed Jul 15 16:59:12 CST 2026
Usuario: HP
Presente Oscuro Del Espectro: Sí
La Referencia de Presente Del Espectro De: Sí
Muestreados de los componentes de Número de espectros: 1
Espectrómetros: USB4H06056
Tiempo de integración (usec): 300000 (USB4H06056)
Promedio de Espectros Hechos un: 5 (USB4H06056)
El Alisar Del Furgón: 0 (USB4H06056)
Párrafo de de Corregir del la del del de Eléctrica del obscuridad: No (USB4H06056)
Estrobo/Lámpara Permitido: No (USB4H06056)
Correct for Detector Non-linearity: No (USB4H06056)
Párrafo de de Corregir del la del del de Externa del luz: No (USB4H06056)
Procesado del espectro de Número de pixeles en: 3648
>>>>> Comienza Data<<<<< Espectral Procesado Del EL
345.09	-43.617
345.30	-43.617
345.52	-43.617
345.74	-1283.333
345.95	50.000
346.17	-208.197
346.39	80.220
346.60	311.111
346.82	175.000
347.04	-508.333
347.25	-64.103
347.47	675.000
347.69	-200.000
347.90	253.659
348.12	-124.390
348.34	219.608
348.56	215.385
348.77	303.704
348.99	148.000
349.21	12.000
349.42	107.216
349.64	71.429
349.86	-2.778
350.07	239.130
350.29	69.027
350.51	9.581
350.72	121.875
350.94	52.761
351.16	54.074
351.37	86.207
351.59	-18.543
351.81	104.930
352.02	-96.721
352.24	54.930
352.46	151.471
352.67	-50.000
352.89	266.667
353.10	45.946
353.32	192.537
353.54	94.595
353.75	-21.505
353.97	66.897
354.19	66.265
354.40	52.778
354.62	71.006
354.84	161.957
355.05	65.089
355.27	-10.219
355.49	43.000
355.70	70.811
355.92	-25.000
356.14	121.176
356.35	81.735
356.57	79.091
356.78	16.092
357.00	44.340
357.22	59.929
357.43	42.683
357.65	3.247
357.87	69.022
358.08	50.000
358.30	-1.648
358.51	-5.645
358.73	58.042
358.95	-115.909
359.16	60.000
359.38	24.675
359.60	351.429
359.81	43.478
360.03	94.475
360.24	89.540
360.46	40.000
360.68	24.294
360.89	-32.000
361.11	20.000
361.33	36.207
361.54	67.687
361.76	67.704
361.97	54.032
362.19	58.407
362.41	74.843
362.62	45.614
362.84	-45.455
363.05	99.194
363.27	42.056
363.49	9.160
363.70	72.222
363.92	-28.481
364.13	100.000
364.35	66.250
364.57	47.000
364.78	24.615
365.00	37.158
365.21	61.947
365.43	100.690
365.65	79.817
365.86	130.857
366.08	52.055
366.29	38.889
366.51	90.226
366.73	73.913
366.94	85.714
367.16	195.238
367.37	25.862
367.59	-8.108
367.80	47.638
368.02	24.038
368.24	655.000
368.45	51.452
368.67	30.980
368.88	28.667
369.10	66.497
369.31	75.862
369.53	-17.544
369.75	10.294
369.96	16.733
370.18	26.531
370.39	25.000
370.61	44.595
370.82	-17.187
371.04	47.904
371.26	38.571
371.47	-16.071
371.69	49.583
371.90	87.500
372.12	12.270
372.33	23.418
372.55	75.419
372.76	62.222
372.98	64.706
373.20	82.840
373.41	-41.892
373.63	55.435
373.84	28.194
374.06	38.760
374.27	20.652
374.49	63.478
374.70	13.260
374.92	60.714
375.13	78.281
375.35	24.060
375.57	38.857
375.78	49.068
376.00	64.563
376.21	12.315
376.43	50.711
376.64	56.021
376.86	30.000
377.07	34.302
377.29	50.000
377.50	86.755
377.72	24.224
377.93	41.463
378.15	32.447
378.36	65.066
378.58	28.571
378.80	59.119
379.01	34.884
379.23	10.823
379.44	31.373
379.66	47.059
379.87	52.966
380.09	87.645
380.30	6.931
380.52	57.704
380.73	-23.232
380.95	18.563
381.16	96.512
381.38	54.365
381.59	33.866
381.81	38.912
382.02	103.077
382.24	11.392
382.45	61.739
382.67	-19.101
382.88	38.281
383.10	123.158
383.31	59.908
383.53	27.160
383.74	46.829
383.96	60.843
384.17	10.943
384.39	30.263
384.60	57.447
384.82	59.816
385.03	52.209
385.25	-8.444
385.46	28.767
385.68	24.841
385.89	-8.247
386.11	77.778
386.32	32.450
386.54	79.710
386.75	55.686
386.97	48.684
387.18	61.991
387.40	43.617
387.61	40.502
387.83	38.679
388.04	50.365
388.25	109.917
388.47	24.638
388.68	23.171
388.90	67.421
389.11	53.846
389.33	39.276
389.54	16.929
389.76	53.254
389.97	25.956
390.19	50.347
390.40	34.892
390.62	49.245
390.83	82.530
391.05	53.710
391.26	57.831
391.47	46.429
391.69	66.120
391.90	40.000
392.12	27.152
392.33	13.546
392.55	60.000
392.76	38.418
392.98	21.562
393.19	80.729
393.41	16.788
393.62	60.507
393.83	-14.881
394.05	23.396
394.26	23.794
394.48	8.696
394.69	16.608
394.91	33.945
395.12	33.165
395.34	54.386
395.55	17.857
395.76	40.710
395.98	36.949
396.19	10.096
396.41	21.616
396.62	50.995
396.84	58.876
397.05	43.644
397.26	17.277
397.48	14.379
397.69	25.547
397.91	36.434
398.12	49.412
398.33	-2.174
398.55	12.950
398.76	35.191
398.98	0.570
399.19	11.552
399.41	28.806
399.62	44.536
399.83	33.264
400.05	47.581
400.26	53.465
400.48	28.426
400.69	36.432
400.90	25.283
401.12	42.287
401.33	19.494
401.55	55.124
401.76	24.700
401.97	28.401
402.19	28.010
402.40	16.854
402.62	20.964
402.83	32.847
403.04	20.741
403.26	-3.871
403.47	14.602
403.69	7.980
403.90	29.026
404.11	23.725
404.33	27.907
404.54	21.730
404.76	13.405
404.97	33.696
405.18	17.878
405.40	18.029
405.61	-11.953
405.83	23.326
406.04	-5.831
406.25	24.696
406.47	15.842
406.68	21.324
406.89	21.793
407.11	29.848
407.32	19.653
407.54	-7.937
407.75	32.342
407.96	26.897
408.18	31.524
408.39	-4.474
408.60	13.655
408.82	17.552
409.03	21.237
409.24	29.953
409.46	29.599
409.67	6.866
409.89	27.193
410.10	24.924
410.31	19.198
410.53	28.178
410.74	6.066
410.95	16.906
411.17	25.630
411.38	20.031
411.59	15.130
411.81	18.308
412.02	11.634
412.23	28.043
412.45	13.168
412.66	19.946
412.87	28.683
413.09	31.598
413.30	7.216
413.51	20.861
413.73	11.435
413.94	12.663
414.15	14.205
414.37	7.376
414.58	14.684
414.79	15.830
415.01	9.026
415.22	13.443
415.43	15.778
415.65	13.844
415.86	6.957
416.07	17.843
416.29	7.424
416.50	10.766
416.71	0.334
416.93	5.804
417.14	5.491
417.35	8.086
417.57	13.568
417.78	11.038
417.99	21.667
418.21	21.611
418.42	12.330
418.63	18.398
418.85	-74.787
419.06	8.818
419.27	16.734
419.48	10.295
419.70	11.752
419.91	4.086
420.12	20.930
420.34	1.937
420.55	15.163
420.76	9.711
420.98	12.217
421.19	5.556
421.40	15.931
421.61	10.710
421.83	7.672
422.04	5.354
422.25	14.277
422.47	8.869
422.68	8.376
422.89	11.146
423.11	9.223
423.32	14.006
423.53	11.214
423.74	12.068
423.96	8.633
424.17	6.260
424.38	11.353
424.59	4.721
424.81	8.771
425.02	11.743
425.23	7.937
425.45	8.263
425.66	8.578
425.87	9.855
426.08	6.834
426.30	6.074
426.51	6.329
426.72	7.975
426.93	11.188
427.15	7.606
427.36	4.205
427.57	2.157
427.79	7.555
428.00	3.997
428.21	5.602
428.42	8.008
428.64	6.408
428.85	7.488
429.06	4.646
429.27	7.785
429.49	5.841
429.70	6.703
429.91	4.280
430.12	7.794
430.34	5.809
430.55	6.549
430.76	1.861
430.97	9.313
431.19	4.959
431.40	5.507
431.61	7.623
431.82	5.766
432.03	4.474
432.25	1.015
432.46	7.896
432.67	6.594
432.88	6.425
433.10	5.731
433.31	3.310
433.52	8.017
433.73	2.927
433.95	4.975
434.16	6.819
434.37	6.905
434.58	6.301
434.79	3.228
435.01	5.185
435.22	5.424
435.43	7.392
435.64	4.645
435.86	6.356
436.07	3.676
436.28	4.803
436.49	2.651
436.70	6.172
436.92	3.136
437.13	5.588
437.34	3.466
437.55	5.739
437.76	3.926
437.98	5.605
438.19	3.786
438.40	9.534
438.61	4.016
438.82	3.825
439.04	1.994
439.25	2.199
439.46	5.710
439.67	4.603
439.88	7.257
440.10	4.581
440.31	4.797
440.52	3.964
440.73	5.615
440.94	5.277
441.16	5.957
441.37	2.065
441.58	4.346
441.79	6.513
442.00	2.020
442.21	2.412
442.43	4.445
442.64	4.376
442.85	2.154
443.06	7.103
443.27	3.508
443.48	3.220
443.70	5.734
443.91	5.915
444.12	2.777
444.33	6.565
444.54	5.223
444.75	4.733
444.97	3.858
445.18	3.655
445.39	5.081
445.60	1.008
445.81	2.827
446.02	1.555
446.24	4.276
446.45	4.993
446.66	3.767
446.87	6.296
447.08	2.924
447.29	4.426
447.51	7.125
447.72	1.096
447.93	4.471
448.14	5.192
448.35	3.370
448.56	3.911
448.77	3.962
448.99	5.458
449.20	4.279
449.41	3.765
449.62	3.815
449.83	4.405
450.04	4.351
450.25	5.996
450.46	2.260
450.68	2.951
450.89	4.139
451.10	3.678
451.31	5.107
451.52	5.385
451.73	3.014
451.94	5.994
452.15	2.561
452.37	5.769
452.58	4.055
452.79	3.955
453.00	4.245
453.21	4.495
453.42	2.560
453.63	3.909
453.84	5.062
454.06	3.825
454.27	5.467
454.48	2.998
454.69	2.256
454.90	4.310
455.11	4.630
455.32	6.103
455.53	4.109
455.74	2.847
455.95	3.482
456.17	5.139
456.38	4.101
456.59	3.665
456.80	4.957
457.01	4.910
457.22	3.903
457.43	4.356
457.64	3.335
457.85	4.356
458.06	5.595
458.27	4.762
458.49	4.255
458.70	4.434
458.91	5.164
459.12	4.115
459.33	4.033
459.54	4.690
459.75	5.200
459.96	2.241
460.17	3.261
460.38	3.516
460.59	3.549
460.80	3.478
461.01	5.363
461.23	4.570
461.44	2.946
461.65	3.553
461.86	4.503
462.07	3.045
462.28	2.479
462.49	3.255
462.70	2.058
462.91	3.046
463.12	4.681
463.33	4.392
463.54	4.267
463.75	3.617
463.96	3.725
464.17	4.799
464.38	3.575
464.59	5.559
464.81	2.941
465.02	3.570
465.23	2.442
465.44	4.444
465.65	3.308
465.86	3.263
466.07	4.670
466.28	4.283
466.49	5.083
466.70	3.981
466.91	4.218
467.12	4.527
467.33	4.301
467.54	4.023
467.75	4.435
467.96	5.889
468.17	4.144
468.38	3.800
468.59	3.928
468.80	3.751
469.01	4.910
469.22	4.757
469.43	5.753
469.64	3.989
469.85	2.409
470.06	3.901
470.27	2.488
470.48	4.807
470.69	3.683
470.90	3.827
471.11	4.538
471.32	4.333
471.53	3.721
471.74	3.520
471.95	4.080
472.16	3.013
472.37	3.696
472.58	2.667
472.79	3.929
473.00	4.838
473.21	3.816
473.42	3.766
473.63	4.064
473.84	5.532
474.05	4.198
474.26	4.127
474.47	4.846
474.68	3.107
474.89	4.066
475.10	3.567
475.31	3.255
475.52	4.319
475.73	4.430
475.94	3.679
476.15	4.945
476.36	3.697
476.57	4.102
476.78	4.328
476.99	3.839
477.20	4.487
477.41	3.307
477.62	4.187
477.83	3.373
478.04	3.929
478.25	4.855
478.46	2.889
478.67	4.187
478.88	2.867
479.09	3.764
479.30	4.481
479.51	4.542
479.72	3.804
479.93	3.978
480.14	4.062
480.35	3.617
480.56	3.856
480.77	4.494
480.98	3.506
481.18	2.966
481.39	4.246
481.60	3.248
481.81	3.530
482.02	3.782
482.23	4.459
482.44	3.322
482.65	3.670
482.86	3.441
483.07	4.677
483.28	3.276
483.49	4.010
483.70	3.393
483.91	3.897
484.12	3.940
484.33	4.664
484.53	3.944
484.74	4.358
484.95	3.249
485.16	3.874
485.37	4.439
485.58	4.372
485.79	4.064
486.00	4.028
486.21	3.955
486.42	4.152
486.63	3.807
486.84	3.917
487.05	4.166
487.25	4.182
487.46	3.727
487.67	4.194
487.88	3.752
488.09	3.737
488.30	3.779
488.51	3.749
488.72	3.645
488.93	3.582
489.14	3.514
489.35	3.801
489.55	4.328
489.76	4.323
489.97	3.550
490.18	3.990
490.39	3.930
490.60	3.312
490.81	3.641
491.02	3.631
491.23	3.426
491.43	3.100
491.64	3.709
491.85	3.957
492.06	2.467
492.27	4.211
492.48	3.483
492.69	3.562
492.90	4.591
493.11	3.735
493.31	3.903
493.52	4.024
493.73	3.478
493.94	3.365
494.15	3.560
494.36	4.067
494.57	3.586
494.78	4.042
494.98	3.935
495.19	4.066
495.40	3.884
495.61	4.006
495.82	3.941
496.03	4.049
496.24	3.834
496.44	4.640
496.65	3.696
496.86	4.380
497.07	4.005
497.28	4.338
497.49	3.714
497.70	4.076
497.90	3.382
498.11	4.417
498.32	3.819
498.53	3.872
498.74	3.816
498.95	4.245
499.15	4.075
499.36	3.336
499.57	3.724
499.78	3.713
499.99	3.708
500.20	4.268
500.40	4.030
500.61	3.747
500.82	3.896
501.03	3.852
501.24	3.819
501.45	4.012
501.65	4.133
501.86	4.073
502.07	3.642
502.28	3.895
502.49	3.740
502.70	3.570
502.90	3.434
503.11	3.946
503.32	3.967
503.53	3.852
503.74	4.105
503.94	3.668
504.15	4.169
504.36	3.828
504.57	4.328
504.78	4.323
504.98	4.515
505.19	4.217
505.40	4.250
505.61	4.124
505.82	4.131
506.02	3.756
506.23	4.113
506.44	4.517
506.65	4.142
506.86	4.039
507.06	4.640
507.27	4.470
507.48	4.183
507.69	4.677
507.90	4.245
508.10	4.206
508.31	4.342
508.52	4.513
508.73	4.540
508.94	4.764
509.14	4.180
509.35	3.866
509.56	4.628
509.77	4.872
509.97	4.565
510.18	4.566
510.39	4.609
510.60	4.719
510.80	4.191
511.01	4.911
511.22	4.601
511.43	4.880
511.64	4.332
511.84	3.929
512.05	4.941
512.26	4.799
512.47	4.418
512.67	4.593
512.88	4.688
513.09	5.127
513.30	4.899
513.50	4.988
513.71	5.017
513.92	4.752
514.13	5.375
514.33	5.102
514.54	4.899
514.75	4.849
514.96	5.455
515.16	4.963
515.37	5.385
515.58	5.520
515.78	5.449
515.99	5.816
516.20	5.453
516.41	5.990
516.61	5.786
516.82	5.936
517.03	5.698
517.24	5.801
517.44	5.647
517.65	5.833
517.86	5.419
518.07	6.198
518.27	6.400
518.48	6.225
518.69	6.331
518.89	5.915
519.10	5.927
519.31	6.189
519.52	6.637
519.72	6.724
519.93	6.176
520.14	6.549
520.34	6.326
520.55	6.606
520.76	6.522
520.96	6.888
521.17	7.010
521.38	6.826
521.59	6.845
521.79	6.891
522.00	6.998
522.21	7.114
522.41	7.335
522.62	6.956
522.83	7.212
523.03	7.469
523.24	7.493
523.45	7.345
523.66	7.170
523.86	7.569
524.07	7.986
524.28	7.564
524.48	7.671
524.69	7.942
524.90	7.834
525.10	7.968
525.31	7.942
525.52	8.400
525.72	8.465
525.93	8.249
526.14	8.511
526.34	8.009
526.55	8.541
526.76	8.481
526.96	8.664
527.17	8.846
527.38	9.031
527.58	8.239
527.79	9.085
528.00	8.772
528.20	8.977
528.41	8.865
528.62	8.603
528.82	9.074
529.03	9.157
529.24	9.593
529.44	9.276
529.65	9.087
529.85	9.660
530.06	9.896
530.27	9.562
530.47	9.711
530.68	9.722
530.89	9.576
531.09	9.969
531.30	9.836
531.51	10.150
531.71	9.940
531.92	9.995
532.13	9.936
532.33	10.217
532.54	10.197
532.74	10.269
532.95	10.279
533.16	10.397
533.36	10.477
533.57	10.449
533.78	10.842
533.98	10.934
534.19	10.802
534.39	10.325
534.60	10.913
534.81	10.697
535.01	10.872
535.22	10.983
535.42	11.161
535.63	11.216
535.84	11.413
536.04	10.917
536.25	10.965
536.45	10.727
536.66	11.170
536.87	11.100
537.07	11.413
537.28	11.346
537.48	11.293
537.69	11.665
537.90	11.412
538.10	11.445
538.31	11.543
538.51	11.531
538.72	11.193
538.93	11.354
539.13	12.097
539.34	11.689
539.54	11.654
539.75	11.971
539.96	11.588
540.16	11.827
540.37	11.873
540.57	11.843
540.78	11.591
540.98	12.015
541.19	12.005
541.40	12.331
541.60	12.155
541.81	11.883
542.01	11.838
542.22	12.322
542.42	12.216
542.63	11.956
542.83	12.084
543.04	12.028
543.25	12.512
543.45	12.620
543.66	12.097
543.86	12.307
544.07	12.392
544.27	12.425
544.48	12.685
544.68	12.835
544.89	12.744
545.10	12.359
545.30	12.708
545.51	12.485
545.71	12.541
545.92	12.944
546.12	12.873
546.33	12.923
546.53	12.715
546.74	12.780
546.94	12.529
547.15	12.846
547.36	12.782
547.56	12.690
547.77	12.890
547.97	12.888
548.18	13.116
548.38	12.968
548.59	13.136
548.79	13.298
549.00	13.077
549.20	13.387
549.41	13.044
549.61	13.459
549.82	13.808
550.02	13.433
550.23	13.576
550.43	13.159
550.64	13.382
550.84	13.233
551.05	13.511
551.25	13.473
551.46	13.360
551.66	13.273
551.87	13.479
552.07	13.539
552.28	13.426
552.48	13.607
552.69	13.758
552.89	13.947
553.10	13.765
553.30	13.600
553.51	13.983
553.71	13.451
553.92	13.828
554.12	13.702
554.33	13.995
554.53	13.755
554.74	13.854
554.94	14.171
555.15	13.990
555.35	14.253
555.56	13.774
555.76	14.206
555.97	14.170
556.17	14.037
556.38	13.951
556.58	13.932
556.78	13.973
556.99	14.226
557.19	14.271
557.40	14.388
557.60	14.068
557.81	14.484
558.01	13.923
558.22	14.670
558.42	14.201
558.63	14.526
558.83	14.548
559.04	14.465
559.24	14.443
559.44	14.537
559.65	14.436
559.85	14.785
560.06	14.013
560.26	14.453
560.47	14.453
560.67	14.707
560.88	14.655
561.08	14.656
561.28	14.569
561.49	14.208
561.69	14.722
561.90	14.453
562.10	14.521
562.31	14.710
562.51	14.499
562.71	14.735
562.92	14.444
563.12	14.599
563.33	14.546
563.53	14.496
563.74	14.648
563.94	14.530
564.14	14.746
564.35	14.600
564.55	14.401
564.76	14.703
564.96	14.736
565.17	14.681
565.37	14.347
565.57	14.460
565.78	14.423
565.98	14.482
566.19	14.626
566.39	14.530
566.59	14.619
566.80	14.361
567.00	14.704
567.21	14.589
567.41	14.659
567.61	14.781
567.82	14.899
568.02	14.294
568.23	14.660
568.43	14.399
568.63	14.717
568.84	14.249
569.04	14.322
569.24	14.279
569.45	14.282
569.65	14.238
569.86	14.250
570.06	14.330
570.26	14.639
570.47	14.051
570.67	14.004
570.87	14.128
571.08	14.267
571.28	14.221
571.49	14.147
571.69	14.025
571.89	14.112
572.10	14.026
572.30	13.883
572.50	14.110
572.71	13.943
572.91	14.053
573.11	13.791
573.32	13.801
573.52	14.206
573.73	13.763
573.93	13.971
574.13	13.959
574.34	13.909
574.54	13.940
574.74	13.921
574.95	13.522
575.15	13.743
575.35	13.007
575.56	13.516
575.76	13.484
575.96	13.604
576.17	13.571
576.37	13.236
576.57	13.095
576.78	13.261
576.98	13.137
577.18	13.191
577.39	13.427
577.59	13.379
577.79	13.071
578.00	13.223
578.20	13.153
578.40	13.289
578.61	12.670
578.81	13.014
579.01	13.012
579.22	12.971
579.42	12.731
579.62	12.557
579.82	12.824
580.03	12.774
580.23	12.491
580.43	12.699
580.64	12.799
580.84	12.785
581.04	12.414
581.25	12.911
581.45	12.678
581.65	12.311
581.86	12.396
582.06	12.524
582.26	12.652
582.46	12.314
582.67	12.533
582.87	12.400
583.07	12.093
583.28	12.374
583.48	12.255
583.68	12.455
583.88	12.147
584.09	11.958
584.29	12.082
584.49	12.100
584.70	12.248
584.90	12.286
585.10	12.218
585.30	11.611
585.51	12.148
585.71	12.081
585.91	11.939
586.11	11.903
586.32	12.047
586.52	11.971
586.72	11.894
586.92	12.121
587.13	11.667
587.33	11.804
587.53	11.852
587.74	11.900
587.94	11.743
588.14	11.906
588.34	12.301
588.55	11.849
588.75	11.575
588.95	11.657
589.15	11.703
589.36	11.718
589.56	11.699
589.76	11.629
589.96	11.517
590.16	11.682
590.37	11.678
590.57	11.649
590.77	11.440
590.97	11.733
591.18	11.560
591.38	11.606
591.58	12.612
591.78	11.416
591.99	11.454
592.19	11.379
592.39	11.366
592.59	11.325
592.79	11.269
593.00	11.328
593.20	11.385
593.40	11.444
593.60	11.411
593.81	11.335
594.01	11.530
594.21	11.461
594.41	11.165
594.61	11.220
594.82	11.359
595.02	11.206
595.22	11.054
595.42	11.190
595.62	11.045
595.83	11.193
596.03	11.208
596.23	11.241
596.43	11.002
596.63	11.079
596.84	11.082
597.04	11.338
597.24	11.120
597.44	11.328
597.64	11.121
597.84	11.022
598.05	11.249
598.25	11.303
598.45	11.297
598.65	11.013
598.85	10.974
599.06	11.219
599.26	10.761
599.46	11.153
599.66	10.912
599.86	10.825
600.06	11.358
600.27	11.095
600.47	11.255
600.67	11.414
600.87	10.955
601.07	11.186
601.27	11.187
601.48	10.987
601.68	11.053
601.88	11.159
602.08	11.179
602.28	11.144
602.48	11.100
602.68	11.076
602.89	11.009
603.09	11.085
603.29	11.113
603.49	11.180
603.69	10.994
603.89	11.044
604.09	10.710
604.30	10.830
604.50	11.173
604.70	10.920
604.90	10.741
605.10	10.902
605.30	10.852
605.50	10.807
605.71	10.917
605.91	10.988
606.11	10.757
606.31	10.928
606.51	11.038
606.71	10.955
606.91	11.264
607.11	10.760
607.32	10.902
607.52	10.740
607.72	10.822
607.92	10.803
608.12	10.668
608.32	10.580
608.52	10.809
608.72	10.914
608.92	10.841
609.12	10.507
609.33	10.674
609.53	10.575
609.73	10.579
609.93	10.576
610.13	10.613
610.33	10.772
610.53	10.628
610.73	10.486
610.93	10.426
611.13	10.498
611.34	10.422
611.54	10.585
611.74	10.455
611.94	10.206
612.14	10.425
612.34	10.260
612.54	10.151
612.74	10.323
612.94	10.088
613.14	10.313
613.34	10.153
613.54	10.290
613.74	10.155
613.95	10.180
614.15	10.410
614.35	10.138
614.55	10.316
614.75	10.117
614.95	10.104
615.15	9.979
615.35	10.133
615.55	10.052
615.75	10.004
615.95	9.820
616.15	10.035
616.35	10.036
616.55	9.737
616.75	9.847
616.95	9.636
617.15	9.796
617.35	10.133
617.56	10.153
617.76	9.619
617.96	9.605
618.16	9.621
618.36	9.846
618.56	9.821
618.76	9.534
618.96	9.792
619.16	9.776
619.36	9.464
619.56	9.752
619.76	9.662
619.96	9.579
620.16	9.556
620.36	9.518
620.56	9.417
620.76	9.436
620.96	9.350
621.16	9.574
621.36	9.305
621.56	9.482
621.76	9.517
621.96	9.437
622.16	9.585
622.36	9.363
622.56	9.420
622.76	9.395
622.96	9.267
623.16	9.156
623.36	9.236
623.56	9.450
623.76	9.144
623.96	9.228
624.16	9.299
624.36	9.273
624.56	9.017
624.76	9.180
624.96	9.193
625.16	9.256
625.36	9.011
625.56	8.821
625.76	9.251
625.96	9.047
626.16	9.101
626.36	9.078
626.56	8.990
626.76	9.191
626.96	9.001
627.16	9.023
627.36	9.229
627.56	9.118
627.76	8.939
627.96	9.239
628.16	9.116
628.36	8.963
628.56	9.263
628.75	8.884
628.95	8.846
629.15	9.067
629.35	9.005
629.55	9.045
629.75	9.114
629.95	8.755
630.15	8.953
630.35	8.973
630.55	9.148
630.75	9.005
630.95	9.131
631.15	9.133
631.35	9.077
631.55	8.924
631.75	9.098
631.95	9.221
632.15	8.927
632.34	9.038
632.54	8.964
632.74	9.022
632.94	8.928
633.14	9.049
633.34	9.086
633.54	9.026
633.74	8.892
633.94	8.926
634.14	8.814
634.34	9.133
634.54	8.763
634.74	8.900
634.93	9.047
635.13	9.072
635.33	9.025
635.53	8.950
635.73	8.992
635.93	8.848
636.13	8.948
636.33	8.872
636.53	9.003
636.73	8.657
636.93	8.921
637.12	8.863
637.32	8.823
637.52	8.857
637.72	8.824
637.92	8.701
638.12	8.600
638.32	8.801
638.52	8.741
638.72	8.626
638.91	8.613
639.11	8.596
639.31	8.672
639.51	8.397
639.71	8.474
639.91	8.567
640.11	8.364
640.31	8.519
640.50	8.507
640.70	8.387
640.90	8.395
641.10	8.306
641.30	8.188
641.50	8.374
641.70	8.386
641.89	8.351
642.09	8.359
642.29	8.245
642.49	7.983
642.69	8.031
642.89	8.099
643.09	8.088
643.28	8.151
643.48	8.088
643.68	7.973
643.88	7.998
644.08	7.885
644.28	8.014
644.48	7.940
644.67	7.882
644.87	7.855
645.07	7.730
645.27	7.817
645.47	7.668
645.67	7.545
645.86	7.541
646.06	7.583
646.26	7.448
646.46	7.490
646.66	7.360
646.85	7.261
647.05	7.283
647.25	7.303
647.45	7.279
647.65	7.257
647.85	7.056
648.04	7.130
648.24	6.801
648.44	7.115
648.64	6.952
648.84	7.058
649.03	6.931
649.23	6.889
649.43	6.919
649.63	6.800
649.83	6.822
650.02	6.694
650.22	6.724
650.42	6.420
650.62	6.713
650.82	6.726
651.01	6.670
651.21	6.627
651.41	6.442
651.61	6.561
651.81	6.455
652.00	6.553
652.20	6.405
652.40	6.407
652.60	6.345
652.79	6.490
652.99	6.409
653.19	6.211
653.39	6.279
653.59	6.292
653.78	6.203
653.98	6.310
654.18	6.374
654.38	6.182
654.57	6.161
654.77	6.129
654.97	6.384
655.17	6.118
655.36	6.283
655.56	6.375
655.76	6.095
655.96	6.038
656.15	6.019
656.35	6.312
656.55	6.235
656.75	6.081
656.94	5.893
657.14	6.086
657.34	5.937
657.54	6.051
657.73	5.916
657.93	5.952
658.13	5.948
658.33	6.108
658.52	6.004
658.72	7.292
658.92	5.708
659.11	5.867
659.31	5.868
659.51	5.768
659.71	5.730
659.90	5.959
660.10	5.657
660.30	6.006
660.50	5.720
660.69	5.707
660.89	5.804
661.09	5.722
661.28	5.637
661.48	5.736
661.68	5.644
661.87	5.624
662.07	5.620
662.27	5.691
662.47	5.513
662.66	5.367
662.86	5.718
663.06	5.501
663.25	5.468
663.45	5.447
663.65	5.559
663.84	5.243
664.04	5.444
664.24	5.099
664.44	5.282
664.63	5.183
664.83	5.150
665.03	5.269
665.22	5.260
665.42	5.153
665.62	5.042
665.81	4.986
666.01	5.097
666.21	5.078
666.40	5.010
666.60	4.975
666.80	5.009
666.99	5.083
667.19	5.013
667.39	5.053
667.58	4.931
667.78	4.940
667.98	5.024
668.17	4.743
668.37	4.996
668.57	4.783
668.76	4.804
668.96	4.958
669.16	4.933
669.35	4.686
669.55	4.758
669.74	4.736
669.94	4.838
670.14	4.830
670.33	4.695
670.53	4.816
670.73	4.645
670.92	4.705
671.12	4.599
671.32	4.519
671.51	4.863
671.71	4.769
671.90	4.671
672.10	4.802
672.30	4.640
672.49	4.471
672.69	4.741
672.89	4.582
673.08	4.672
673.28	4.698
673.47	4.699
673.67	4.539
673.87	4.431
674.06	4.580
674.26	4.556
674.45	4.690
674.65	4.613
674.85	4.478
675.04	4.515
675.24	4.641
675.43	4.691
675.63	4.526
675.83	4.636
676.02	4.728
676.22	4.607
676.41	4.666
676.61	4.571
676.81	4.626
677.00	4.595
677.20	4.543
677.39	4.610
677.59	4.885
677.79	4.624
677.98	4.657
678.18	4.688
678.37	4.645
678.57	4.782
678.76	4.677
678.96	4.778
679.16	4.656
679.35	4.648
679.55	4.726
679.74	4.664
679.94	4.727
680.13	4.751
680.33	4.553
680.53	4.733
680.72	4.856
680.92	4.645
681.11	4.815
681.31	4.618
681.50	4.585
681.70	4.694
681.89	4.914
682.09	4.832
682.28	4.850
682.48	4.870
682.68	5.019
682.87	4.815
683.07	4.936
683.26	4.870
683.46	4.929
683.65	5.011
683.85	5.039
684.04	5.025
684.24	4.960
684.43	4.979
684.63	4.967
684.82	5.085
685.02	5.215
685.21	5.004
685.41	5.140
685.60	5.165
685.80	5.215
686.00	5.263
686.19	5.037
686.39	5.374
686.58	5.312
686.78	5.355
686.97	5.470
687.17	5.345
687.36	5.481
687.56	5.736
687.75	5.657
687.95	5.743
688.14	5.651
688.34	5.781
688.53	5.825
688.73	5.866
688.92	6.012
689.12	6.191
689.31	6.358
689.51	6.262
689.70	6.418
689.89	6.583
690.09	6.463
690.28	6.686
690.48	6.891
690.67	6.857
690.87	7.095
691.06	7.007
691.26	7.341
691.45	7.352
691.65	7.609
691.84	7.918
692.04	7.792
692.23	8.059
692.43	7.937
692.62	8.315
692.82	8.191
693.01	8.664
693.20	8.851
693.40	8.974
693.59	9.085
693.79	9.291
693.98	9.676
694.18	9.861
694.37	10.190
694.57	10.169
694.76	10.563
694.95	10.805
695.15	10.943
695.34	11.257
695.54	11.619
695.73	11.732
695.93	11.897
696.12	12.421
696.32	12.217
696.51	12.714
696.70	13.068
696.90	13.433
697.09	13.474
697.29	13.923
697.48	14.490
697.67	14.271
697.87	14.685
698.06	15.158
698.26	15.193
698.45	15.733
698.65	16.024
698.84	16.229
699.03	16.725
699.23	16.949
699.42	17.289
699.62	17.233
699.81	17.697
700.00	17.896
700.20	18.282
700.39	18.874
700.59	19.042
700.78	19.285
700.97	19.693
701.17	20.052
701.36	20.195
701.56	20.457
701.75	20.821
701.94	21.085
702.14	21.340
702.33	21.726
702.52	22.150
702.72	22.241
702.91	22.801
703.11	22.981
703.30	23.373
703.49	23.585
703.69	23.755
703.88	24.251
704.07	24.462
704.27	24.816
704.46	25.094
704.66	25.525
704.85	25.356
705.04	25.975
705.24	26.343
705.43	26.402
705.62	26.703
705.82	26.895
706.01	27.494
706.20	27.563
706.40	27.836
706.59	28.127
706.78	28.526
706.98	28.466
707.17	28.822
707.36	29.032
707.56	29.197
707.75	29.340
707.94	29.538
708.14	29.737
708.33	30.221
708.52	30.264
708.72	30.617
708.91	31.148
709.10	31.021
709.30	31.370
709.49	31.638
709.68	31.413
709.88	32.043
710.07	32.201
710.26	32.359
710.46	32.779
710.65	32.862
710.84	33.019
711.04	33.092
711.23	33.633
711.42	33.902
711.61	33.831
711.81	34.059
712.00	34.227
712.19	34.352
712.39	34.864
712.58	35.110
712.77	35.219
712.97	34.987
713.16	35.611
713.35	35.427
713.54	35.662
713.74	36.227
713.93	35.897
714.12	36.850
714.32	36.570
714.51	36.890
714.70	37.200
714.89	37.259
715.09	37.394
715.28	37.300
715.47	37.552
715.66	37.751
715.86	37.951
716.05	38.001
716.24	38.082
716.44	38.829
716.63	39.082
716.82	38.896
717.01	38.950
717.21	39.098
717.40	39.170
717.59	39.448
717.78	39.548
717.98	39.893
718.17	39.908
718.36	40.238
718.55	40.382
718.75	40.008
718.94	40.911
719.13	40.814
719.32	40.865
719.52	41.282
719.71	41.412
719.90	41.433
720.09	41.358
720.28	41.810
720.48	41.680
720.67	42.001
720.86	41.804
721.05	42.434
721.25	42.107
721.44	42.343
721.63	42.389
721.82	43.003
722.01	43.229
722.21	42.932
722.40	43.396
722.59	43.240
722.78	43.462
722.98	43.299
723.17	43.347
723.36	44.008
723.55	44.015
723.74	44.212
723.94	44.473
724.13	44.811
724.32	44.658
724.51	44.998
724.70	45.020
724.89	45.085
725.09	45.417
725.28	45.532
725.47	45.253
725.66	45.208
725.85	45.424
726.05	45.389
726.24	45.766
726.43	46.093
726.62	46.035
726.81	45.904
727.00	46.136
727.20	46.764
727.39	46.495
727.58	46.548
727.77	46.668
727.96	46.425
728.15	46.743
728.35	47.180
728.54	47.640
728.73	47.324
728.92	47.368
729.11	46.914
729.30	47.226
729.50	47.512
729.69	47.714
729.88	47.585
730.07	48.410
730.26	47.946
730.45	47.772
730.64	48.099
730.84	48.384
731.03	48.426
731.22	48.540
731.41	48.291
731.60	48.428
731.79	48.671
731.98	48.690
732.18	48.926
732.37	49.307
732.56	48.771
732.75	49.268
732.94	49.352
733.13	49.663
733.32	49.649
733.51	49.085
733.71	50.402
733.90	50.316
734.09	50.210
734.28	49.931
734.47	50.451
734.66	50.414
734.85	50.342
735.04	50.402
735.23	49.934
735.42	50.514
735.62	50.145
735.81	50.283
736.00	50.698
736.19	50.581
736.38	51.163
736.57	50.617
736.76	50.692
736.95	50.731
737.14	50.942
737.33	50.840
737.52	50.848
737.72	51.311
737.91	51.274
738.10	51.068
738.29	51.753
738.48	51.438
738.67	51.789
738.86	51.278
739.05	51.771
739.24	51.525
739.43	51.932
739.62	51.601
739.81	51.749
740.00	51.702
740.19	51.720
740.39	51.782
740.58	52.239
740.77	52.209
740.96	52.097
741.15	52.192
741.34	52.036
741.53	52.504
741.72	52.554
741.91	52.808
742.10	51.871
742.29	52.582
742.48	52.258
742.67	52.337
742.86	52.824
743.05	52.597
743.24	52.854
743.43	52.824
743.62	53.635
743.81	53.344
744.00	53.074
744.19	52.985
744.38	52.733
744.57	52.928
744.76	52.990
744.95	52.636
745.14	53.070
745.33	53.070
745.52	53.096
745.71	53.381
745.90	53.861
746.09	53.132
746.28	53.754
746.47	53.342
746.66	53.195
746.85	53.629
747.04	53.656
747.23	52.893
747.42	53.346
747.61	53.033
747.80	53.309
747.99	53.507
748.18	53.159
748.37	54.107
748.56	53.523
748.75	53.725
748.94	53.582
749.13	53.354
749.32	53.387
749.51	53.539
749.70	53.696
749.89	53.786
750.08	53.853
750.27	54.093
750.46	53.880
750.65	54.185
750.84	53.698
751.03	53.789
751.22	53.701
751.41	53.560
751.60	54.317
751.79	53.885
751.98	54.078
752.17	53.780
752.36	54.065
752.55	54.189
752.74	54.183
752.93	53.942
753.12	53.426
753.30	53.772
753.49	54.248
753.68	53.924
753.87	54.162
754.06	53.797
754.25	53.800
754.44	54.210
754.63	53.710
754.82	54.132
755.01	54.607
755.20	54.554
755.39	53.906
755.58	54.263
755.77	54.272
755.96	53.556
756.14	54.776
756.33	54.699
756.52	54.619
756.71	54.471
756.90	54.510
757.09	54.595
757.28	54.895
757.47	53.861
757.66	54.520
757.85	54.607
758.04	54.733
758.22	54.815
758.41	53.821
758.60	54.273
758.79	54.341
758.98	54.508
759.17	53.992
759.36	54.290
759.55	55.183
759.74	53.737
759.92	54.589
760.11	54.956
760.30	54.575
760.49	54.377
760.68	54.559
760.87	54.429
761.06	54.686
761.25	54.955
761.43	54.813
761.62	54.729
761.81	54.565
762.00	54.919
762.19	54.865
762.38	54.674
762.57	54.730
762.76	54.460
762.94	54.625
763.13	54.523
763.32	54.773
763.51	54.706
763.70	54.841
763.89	54.931
764.07	54.528
764.26	55.039
764.45	54.742
764.64	55.081
764.83	54.481
765.02	54.693
765.21	54.866
765.39	54.622
765.58	55.128
765.77	55.104
765.96	54.808
766.15	54.499
766.34	54.650
766.52	54.592
766.71	54.629
766.90	54.551
767.09	54.904
767.28	55.395
767.46	54.254
767.65	54.738
767.84	54.585
768.03	54.585
768.22	54.495
768.40	54.672
768.59	54.667
768.78	54.938
768.97	54.570
769.16	55.302
769.34	54.617
769.53	54.470
769.72	54.604
769.91	54.775
770.10	54.840
770.28	54.754
770.47	54.667
770.66	54.792
770.85	55.184
771.04	54.811
771.22	54.953
771.41	54.940
771.60	54.331
771.79	54.509
771.98	54.654
772.16	55.102
772.35	55.116
772.54	54.854
772.73	54.842
772.91	54.689
773.10	54.625
773.29	55.399
773.48	54.855
773.66	54.941
773.85	55.024
774.04	55.055
774.23	55.199
774.41	55.300
774.60	55.099
774.79	54.802
774.98	55.108
775.16	54.917
775.35	55.194
775.54	55.408
775.73	54.759
775.91	55.066
776.10	54.966
776.29	54.776
776.48	55.050
776.66	54.877
776.85	54.800
777.04	54.974
777.23	55.002
777.41	55.126
777.60	54.826
777.79	55.704
777.97	54.568
778.16	54.869
778.35	55.102
778.54	54.993
778.72	54.878
778.91	55.214
779.10	55.517
779.28	55.637
779.47	54.904
779.66	55.589
779.85	54.712
780.03	54.911
780.22	55.701
780.41	55.592
780.59	55.314
780.78	54.808
780.97	55.384
781.15	55.306
781.34	55.306
781.53	55.052
781.71	54.850
781.90	55.446
782.09	55.491
782.27	55.193
782.46	55.160
782.65	55.158
782.84	55.583
783.02	55.536
783.21	55.247
783.40	55.245
783.58	55.509
783.77	55.233
783.96	55.506
784.14	55.176
784.33	54.546
784.52	55.283
784.70	55.064
784.89	55.258
785.07	54.808
785.26	55.437
785.45	54.806
785.63	54.732
785.82	55.380
786.01	54.931
786.19	55.252
786.38	54.773
786.57	55.445
786.75	54.921
786.94	55.703
787.13	56.021
787.31	55.563
787.50	55.281
787.68	55.188
787.87	55.739
788.06	55.633
788.24	55.899
788.43	55.774
788.62	55.593
788.80	55.186
788.99	55.509
789.17	55.626
789.36	55.567
789.55	55.539
789.73	54.877
789.92	54.876
790.10	55.807
790.29	55.251
790.48	55.369
790.66	55.352
790.85	55.344
791.03	55.083
791.22	55.234
791.41	55.221
791.59	54.906
791.78	55.794
791.96	55.361
792.15	55.270
792.34	54.966
792.52	55.898
792.71	55.633
792.89	55.254
793.08	55.630
793.27	55.931
793.45	56.113
793.64	55.678
793.82	55.509
794.01	55.422
794.19	55.841
794.38	55.816
794.57	55.623
794.75	55.262
794.94	55.693
795.12	55.331
795.31	55.444
795.49	55.107
795.68	55.598
795.86	55.533
796.05	55.899
796.24	55.752
796.42	55.490
796.61	55.391
796.79	55.557
796.98	55.828
797.16	55.318
797.35	55.462
797.53	55.182
797.72	55.501
797.90	55.107
798.09	55.872
798.27	55.376
798.46	55.472
798.65	55.007
798.83	55.624
799.02	55.674
799.20	55.536
799.39	55.308
799.57	55.579
799.76	55.332
799.94	55.584
800.13	55.568
800.31	55.310
800.50	55.601
800.68	55.794
800.87	55.374
801.05	55.669
801.24	55.218
801.42	55.329
801.61	55.954
801.79	55.627
801.98	55.854
802.16	55.290
802.35	56.193
802.53	55.750
802.72	55.682
802.90	55.848
803.09	55.393
803.27	55.654
803.46	55.924
803.64	55.983
803.83	55.704
804.01	55.834
804.20	55.983
804.38	55.569
804.56	55.749
804.75	55.998
804.93	55.878
805.12	55.935
805.30	55.994
805.49	55.449
805.67	56.495
805.86	56.122
806.04	55.207
806.23	55.540
806.41	56.053
806.59	55.661
806.78	55.956
806.96	56.398
807.15	56.322
807.33	55.895
807.52	56.072
807.70	56.059
807.89	55.864
808.07	55.988
808.25	56.168
808.44	56.351
808.62	56.212
808.81	56.215
808.99	56.253
809.18	56.056
809.36	56.110
809.54	55.542
809.73	56.093
809.91	55.830
810.10	56.132
810.28	55.568
810.47	55.666
810.65	55.669
810.83	56.327
811.02	56.074
811.20	55.581
811.39	55.947
811.57	56.230
811.75	55.957
811.94	55.708
812.12	56.043
812.31	56.156
812.49	55.830
812.67	55.842
812.86	55.775
813.04	55.691
813.23	56.001
813.41	55.935
813.59	55.777
813.78	55.852
813.96	56.279
814.14	55.544
814.33	56.060
814.51	55.903
814.70	55.337
814.88	56.523
815.06	55.594
815.25	55.675
815.43	56.340
815.61	56.150
815.80	55.657
815.98	55.802
816.16	56.362
816.35	56.193
816.53	56.256
816.72	56.554
816.90	56.116
817.08	56.060
817.27	55.627
817.45	55.798
817.63	55.806
817.82	56.083
818.00	56.512
818.18	55.929
818.37	56.266
818.55	55.742
818.73	56.313
818.92	56.428
819.10	56.781
819.28	56.434
819.47	56.315
819.65	56.389
819.83	56.247
820.02	56.197
820.20	55.916
820.38	56.231
820.57	55.603
820.75	56.100
820.93	56.205
821.11	55.870
821.30	55.899
821.48	56.080
821.66	56.056
821.85	55.857
822.03	56.168
822.21	55.967
822.40	56.442
822.58	56.469
822.76	56.466
822.94	56.104
823.13	56.541
823.31	56.707
823.49	56.038
823.68	56.272
823.86	55.579
824.04	56.005
824.22	56.387
824.41	56.204
824.59	56.518
824.77	56.259
824.96	56.092
825.14	56.011
825.32	56.067
825.50	55.706
825.69	56.200
825.87	56.430
826.05	56.469
826.23	55.929
826.42	56.584
826.60	56.756
826.78	56.275
826.96	56.653
827.15	56.550
827.33	56.424
827.51	56.059
827.69	56.679
827.88	55.756
828.06	56.162
828.24	56.319
828.42	57.320
828.61	55.948
828.79	56.116
828.97	56.549
829.15	56.060
829.34	56.393
829.52	56.596
829.70	56.241
829.88	56.433
830.06	55.893
830.25	56.124
830.43	55.454
830.61	56.014
830.79	56.499
830.97	56.503
831.16	56.275
831.34	56.174
831.52	56.574
831.70	56.001
831.89	56.200
832.07	56.534
832.25	56.539
832.43	56.012
832.61	56.104
832.80	56.188
832.98	56.108
833.16	56.002
833.34	56.247
833.52	56.421
833.70	56.001
833.89	56.317
834.07	56.645
834.25	56.527
834.43	56.339
834.61	56.304
834.80	56.187
834.98	55.940
835.16	56.725
835.34	56.048
835.52	56.555
835.70	56.410
835.89	56.392
836.07	56.372
836.25	56.120
836.43	56.474
836.61	56.557
836.79	56.612
836.97	56.072
837.16	56.717
837.34	56.313
837.52	56.363
837.70	56.043
837.88	56.474
838.06	56.894
838.24	56.146
838.43	55.847
838.61	56.443
838.79	56.772
838.97	56.015
839.15	56.256
839.33	57.152
839.51	56.425
839.70	56.763
839.88	56.442
840.06	56.540
840.24	56.737
840.42	57.031
840.60	56.609
840.78	56.613
840.96	56.495
841.14	56.618
841.33	56.853
841.51	56.603
841.69	56.727
841.87	56.978
842.05	56.252
842.23	56.584
842.41	56.342
842.59	56.191
842.77	57.148
842.95	56.803
843.14	56.058
843.32	56.376
843.50	56.501
843.68	56.800
843.86	56.246
844.04	56.737
844.22	56.639
844.40	56.796
844.58	56.651
844.76	56.542
844.94	56.055
845.12	56.100
845.30	56.169
845.49	56.851
845.67	56.345
845.85	56.238
846.03	56.446
846.21	56.840
846.39	56.546
846.57	57.146
846.75	57.133
846.93	56.519
847.11	56.555
847.29	56.421
847.47	56.887
847.65	56.719
847.83	57.060
848.01	56.937
848.19	56.904
848.37	56.700
848.55	56.808
848.73	56.717
848.91	56.545
849.09	56.698
849.27	57.140
849.46	57.024
849.64	56.446
849.82	57.149
850.00	57.101
850.18	56.645
850.36	57.045
850.54	56.679
850.72	56.738
850.90	56.571
851.08	56.465
851.26	57.433
851.44	56.938
851.62	56.888
851.80	57.070
851.98	56.516
852.16	56.782
852.34	56.927
852.52	57.294
852.70	57.353
852.88	57.021
853.06	56.090
853.24	56.573
853.42	56.387
853.60	57.390
853.78	56.589
853.96	56.898
854.14	56.429
854.31	56.894
854.49	57.027
854.67	57.088
854.85	56.292
855.03	57.404
855.21	56.846
855.39	57.254
855.57	57.331
855.75	56.604
855.93	57.097
856.11	57.417
856.29	57.137
856.47	57.648
856.65	56.665
856.83	57.140
857.01	56.958
857.19	56.715
857.37	57.071
857.55	55.839
857.73	56.787
857.91	56.882
858.09	57.085
858.26	57.378
858.44	56.615
858.62	56.524
858.80	56.420
858.98	56.495
859.16	57.220
859.34	57.041
859.52	57.508
859.70	57.259
859.88	57.231
860.06	56.991
860.24	57.907
860.42	56.379
860.59	57.254
860.77	57.523
860.95	56.976
861.13	57.134
861.31	57.452
861.49	56.993
861.67	57.222
861.85	56.879
862.03	57.159
862.21	56.430
862.38	56.995
862.56	57.081
862.74	56.739
862.92	57.649
863.10	57.087
863.28	56.918
863.46	56.445
863.64	57.076
863.82	56.837
863.99	57.440
864.17	56.695
864.35	57.565
864.53	56.675
864.71	57.333
864.89	57.099
865.07	56.876
865.24	57.668
865.42	57.487
865.60	56.356
865.78	57.132
865.96	57.057
866.14	57.264
866.32	57.125
866.49	57.257
866.67	58.027
866.85	56.871
867.03	56.638
867.21	57.112
867.39	56.899
867.56	57.057
867.74	56.469
867.92	56.707
868.10	57.134
868.28	56.998
868.46	56.812
868.63	56.983
868.81	57.729
868.99	56.499
869.17	56.737
869.35	57.052
869.53	57.513
869.70	57.517
869.88	57.922
870.06	57.283
870.24	57.280
870.42	57.325
870.59	57.911
870.77	56.653
870.95	57.061
871.13	56.916
871.31	57.478
871.48	56.852
871.66	56.673
871.84	57.668
872.02	57.025
872.20	57.414
872.37	57.046
872.55	56.770
872.73	56.500
872.91	56.088
873.08	56.535
873.26	57.200
873.44	57.290
873.62	56.853
873.80	57.635
873.97	56.953
874.15	57.219
874.33	56.784
874.51	56.976
874.68	56.981
874.86	57.048
875.04	57.160
875.22	57.040
875.39	57.218
875.57	56.557
875.75	57.316
875.93	57.515
876.10	57.727
876.28	56.840
876.46	57.799
876.64	57.460
876.81	56.950
876.99	56.377
877.17	57.178
877.35	57.343
877.52	57.111
877.70	57.926
877.88	57.143
878.06	57.425
878.23	57.054
878.41	57.335
878.59	57.159
878.76	56.987
878.94	57.928
879.12	58.056
879.30	57.020
879.47	57.918
879.65	57.016
879.83	56.953
880.00	56.460
880.18	57.453
880.36	56.723
880.53	56.776
880.71	58.329
880.89	57.413
881.07	56.629
881.24	57.325
881.42	57.655
881.60	57.937
881.77	57.160
881.95	57.543
882.13	57.262
882.30	56.924
882.48	57.765
882.66	56.840
882.83	56.296
883.01	57.445
883.19	57.816
883.36	58.133
883.54	58.122
883.72	57.534
883.89	57.204
884.07	57.567
884.25	57.027
884.42	57.449
884.60	57.188
884.78	57.593
884.95	57.224
885.13	56.832
885.31	57.989
885.48	57.355
885.66	58.413
885.84	57.516
886.01	56.932
886.19	57.942
886.36	57.550
886.54	58.574
886.72	57.419
886.89	58.161
887.07	56.520
887.25	56.871
887.42	57.111
887.60	57.485
887.78	57.392
887.95	57.542
888.13	57.151
888.30	57.984
888.48	57.478
888.66	57.530
888.83	57.533
889.01	56.792
889.18	57.443
889.36	57.688
889.54	57.561
889.71	57.750
889.89	57.582
890.06	57.376
890.24	57.172
890.42	56.268
890.59	56.699
890.77	57.683
890.94	57.717
891.12	57.769
891.30	57.488
891.47	57.515
891.65	56.036
891.82	57.365
892.00	58.062
892.17	56.967
892.35	56.495
892.53	58.167
892.70	57.465
892.88	57.691
893.05	57.769
893.23	57.177
893.40	56.995
893.58	57.733
893.75	57.513
893.93	57.629
894.11	56.347
894.28	56.921
894.46	57.112
894.63	56.383
894.81	57.597
894.98	58.038
895.16	56.689
895.33	56.586
895.51	57.142
895.68	57.399
895.86	57.301
896.04	56.969
896.21	57.287
896.39	56.883
896.56	57.482
896.74	57.479
896.91	57.494
897.09	57.859
897.26	57.975
897.44	57.244
897.61	57.292
897.79	56.317
897.96	56.956
898.14	57.335
898.31	57.672
898.49	57.556
898.66	58.110
898.84	57.768
899.01	56.986
899.19	58.074
899.36	57.683
899.54	56.920
899.71	57.671
899.89	57.240
900.06	58.195
900.24	56.816
900.41	57.799
900.59	57.014
900.76	57.996
900.94	56.818
901.11	58.023
901.29	57.847
901.46	57.738
901.63	57.665
901.81	57.361
901.98	57.251
902.16	57.012
902.33	57.218
902.51	57.204
902.68	57.923
902.86	58.063
903.03	57.693
903.21	58.437
903.38	56.825
903.56	57.776
903.73	58.490
903.90	57.875
904.08	57.060
904.25	57.475
904.43	57.534
904.60	57.633
904.78	56.942
904.95	57.495
905.12	57.235
905.30	58.268
905.47	57.571
905.65	58.745
905.82	57.365
906.00	58.312
906.17	57.585
906.34	57.177
906.52	57.555
906.69	56.860
906.87	56.689
907.04	57.478
907.21	57.502
907.39	57.418
907.56	58.714
907.74	58.341
907.91	57.583
908.08	57.738
908.26	57.597
908.43	57.769
908.61	58.826
908.78	57.412
908.95	57.621
909.13	58.602
909.30	58.057
909.48	57.941
909.65	57.733
909.82	58.545
910.00	57.900
910.17	57.773
910.34	57.589
910.52	57.611
910.69	58.652
910.87	57.421
911.04	56.915
911.21	57.839
911.39	57.510
911.56	57.555
911.73	57.229
911.91	57.594
912.08	57.574
912.25	57.201
912.43	58.360
912.60	58.199
912.77	57.442
912.95	58.045
913.12	57.806
913.29	57.317
913.47	57.983
913.64	58.204
913.81	57.348
913.99	57.999
914.16	58.096
914.33	57.427
914.51	58.636
914.68	58.022
914.85	57.878
915.03	58.079
915.20	58.452
915.37	57.811
915.55	57.465
915.72	57.841
915.89	58.080
916.07	57.531
916.24	57.198
916.41	57.303
916.59	58.233
916.76	57.389
916.93	57.458
917.10	57.790
917.28	57.457
917.45	57.408
917.62	57.227
917.80	57.861
917.97	58.017
918.14	57.209
918.31	58.317
918.49	56.824
918.66	58.083
918.83	57.755
919.01	57.954
919.18	58.126
919.35	57.991
919.52	57.686
919.70	57.591
919.87	57.008
920.04	58.265
920.21	58.620
920.39	58.901
920.56	58.244
920.73	57.867
920.90	58.373
921.08	57.547
921.25	58.324
921.42	58.481
921.59	58.350
921.77	57.839
921.94	58.213
922.11	59.045
922.28	57.123
922.46	58.112
922.63	57.626
922.80	57.310
922.97	57.788
923.15	56.806
923.32	57.784
923.49	57.317
923.66	58.469
923.83	58.050
924.01	57.319
924.18	58.990
924.35	58.501
924.52	58.073
924.69	57.296
924.87	56.920
925.04	57.429
925.21	57.458
925.38	58.041
925.55	58.731
925.73	57.241
925.90	57.899
926.07	58.168
926.24	56.985
926.41	59.064
926.59	58.955
926.76	57.687
926.93	59.174
927.10	58.688
927.27	57.635
927.45	57.556
927.62	57.568
927.79	58.123
927.96	56.874
928.13	56.474
928.30	59.524
928.48	57.983
928.65	58.709
928.82	58.643
928.99	58.091
929.16	57.861
929.33	58.284
929.50	57.936
929.68	57.423
929.85	57.384
930.02	58.364
930.19	57.906
930.36	57.125
930.53	58.607
930.70	57.666
930.88	57.156
931.05	57.837
931.22	57.749
931.39	58.260
931.56	57.860
931.73	58.172
931.90	57.710
932.08	58.050
932.25	57.858
932.42	58.167
932.59	57.524
932.76	59.092
932.93	57.959
933.10	58.102
933.27	57.417
933.44	57.652
933.62	57.675
933.79	57.911
933.96	56.753
934.13	59.087
934.30	58.478
934.47	58.085
934.64	57.239
934.81	57.996
934.98	59.582
935.15	58.121
935.32	58.528
935.50	60.284
935.67	59.324
935.84	57.850
936.01	58.046
936.18	57.576
936.35	57.778
936.52	57.935
936.69	59.221
936.86	58.238
937.03	57.953
937.20	56.629
937.37	57.949
937.54	57.877
937.71	58.555
937.89	56.499
938.06	58.025
938.23	56.444
938.40	57.976
938.57	58.441
938.74	59.299
938.91	58.698
939.08	59.562
939.25	58.951
939.42	56.429
939.59	57.002
939.76	61.110
939.93	56.789
940.10	56.574
940.27	55.413
940.44	58.323
940.61	58.722
940.78	58.290
940.95	56.457
941.12	59.583
941.29	55.926
941.46	57.488
941.63	60.696
941.80	63.006
941.97	59.000
942.14	58.218
942.31	60.037
942.48	62.096
942.65	57.521
942.82	58.816
942.99	57.004
943.16	58.246
943.33	58.955
943.50	55.098
943.67	61.683
943.84	57.485
944.01	58.554
944.18	61.769
944.35	58.544
944.52	56.250
944.69	55.882
944.86	56.993
945.03	60.228
945.20	55.837
945.37	57.805
945.54	60.011
945.71	56.315
945.88	58.364
946.05	56.701
946.22	58.413
946.39	56.721
946.56	57.034
946.73	58.026
946.90	59.429
947.07	57.387
947.23	58.215
947.40	59.505
947.57	60.267
947.74	58.896
947.91	59.015
948.08	54.807
948.25	57.745
948.42	60.678
948.59	58.566
948.76	56.411
948.93	56.591
949.10	58.732
949.27	59.834
949.44	57.333
949.60	58.955
949.77	60.777
949.94	56.944
950.11	56.465
950.28	54.230
950.45	57.677
950.62	56.788
950.79	56.336
950.96	59.330
951.13	55.359
951.30	59.124
951.46	57.942
951.63	56.733
951.80	58.304
951.97	58.193
952.14	57.294
952.31	57.899
952.48	57.731
952.65	56.984
952.81	56.535
952.98	56.341
953.15	59.273
953.32	55.763
953.49	57.988
953.66	58.901
953.83	57.350
954.00	59.258
954.16	56.169
954.33	58.691
954.50	56.104
954.67	57.466
954.84	55.830
955.01	56.977
955.18	55.900
955.34	55.409
955.51	57.058
955.68	57.847
955.85	55.990
956.02	57.203
956.19	57.161
956.35	56.464
956.52	58.645
956.69	56.390
956.86	56.460
957.03	56.427
957.20	54.814
957.36	57.525
957.53	57.539
957.70	55.410
957.87	56.310
958.04	57.005
958.21	55.866
958.37	54.146
958.54	55.731
958.71	55.411
958.88	56.370
959.05	57.041
959.21	57.803
959.38	57.698
959.55	55.294
959.72	56.491
959.89	55.414
960.05	55.640
960.22	58.006
960.39	57.395
960.56	58.466
960.72	56.129
960.89	56.386
961.06	57.414
961.23	58.277
961.40	53.783
961.56	57.049
961.73	56.223
961.90	56.640
962.07	55.258
962.23	58.261
962.40	56.617
962.57	54.978
962.74	55.815
962.90	57.420
963.07	56.940
963.24	57.564
963.41	58.518
963.57	57.589
963.74	57.018
963.91	56.606
964.08	56.096
964.24	58.795
964.41	56.220
964.58	55.477
964.75	58.052
964.91	56.792
965.08	57.488
965.25	57.361
965.42	56.148
965.58	56.748
965.75	57.971
965.92	56.512
966.08	56.241
966.25	56.366
966.42	58.015
966.59	57.099
966.75	55.136
966.92	57.551
967.09	54.772
967.25	57.622
967.42	56.504
967.59	56.563
967.75	58.153
967.92	57.469
968.09	56.436
968.26	56.795
968.42	58.360
968.59	59.203
968.76	57.621
968.92	55.589
969.09	56.475
969.26	57.758
969.42	58.039
969.59	56.703
969.76	56.870
969.92	57.712
970.09	56.192
970.26	57.933
970.42	57.178
970.59	56.957
970.76	55.903
970.92	56.800
971.09	57.086
971.26	55.134
971.42	56.421
971.59	56.773
971.76	57.546
971.92	57.401
972.09	57.653
972.25	56.771
972.42	59.012
972.59	57.078
972.75	56.667
972.92	56.041
973.09	57.430
973.25	56.505
973.42	56.463
973.58	58.761
973.75	56.454
973.92	58.421
974.08	55.898
974.25	58.192
974.42	57.925
974.58	57.047
974.75	58.175
974.91	55.329
975.08	56.364
975.25	56.661
975.41	57.282
975.58	56.699
975.74	56.384
975.91	58.229
976.08	55.466
976.24	55.958
976.41	57.235
976.57	57.257
976.74	60.035
976.91	58.096
977.07	57.435
977.24	56.224
977.40	55.634
977.57	55.829
977.73	57.947
977.90	57.801
978.07	57.741
978.23	56.611
978.40	54.899
978.56	57.618
978.73	55.672
978.89	56.089
979.06	55.431
979.22	56.815
979.39	57.274
979.56	56.328
979.72	55.367
979.89	57.369
980.05	55.612
980.22	59.759
980.38	58.140
980.55	57.901
980.71	54.318
980.88	56.359
981.04	60.292
981.21	56.403
981.37	58.142
981.54	55.469
981.70	54.484
981.87	59.042
982.04	56.869
982.20	57.073
982.37	57.769
982.53	57.083
982.70	58.734
982.86	54.867
983.03	58.976
983.19	58.232
983.36	57.793
983.52	56.070
983.69	57.265
983.85	57.251
984.02	56.551
984.18	57.649
984.35	60.284
984.51	58.948
984.68	56.466
984.84	56.021
985.00	58.686
985.17	60.343
985.33	55.687
985.50	58.983
985.66	57.631
985.83	56.215
985.99	57.710
986.16	59.321
986.32	58.443
986.49	56.113
986.65	56.267
986.82	57.023
986.98	58.156
987.15	57.499
987.31	55.674
987.47	56.222
987.64	60.116
987.80	56.327
987.97	54.437
988.13	57.016
988.30	57.712
988.46	59.134
988.63	57.260
988.79	58.915
988.95	57.724
989.12	58.241
989.28	57.997
989.45	58.887
989.61	56.793
989.77	59.045
989.94	57.624
990.10	58.692
990.27	57.890
990.43	57.518
990.60	59.243
990.76	59.211
990.92	58.160
991.09	56.677
991.25	59.571
991.42	57.690
991.58	57.507
991.74	58.581
991.91	55.958
992.07	60.102
992.24	55.404
992.40	58.184
992.56	59.317
992.73	57.729
992.89	59.145
993.05	57.811
993.22	60.151
993.38	57.346
993.55	56.673
993.71	59.384
993.87	59.433
994.04	58.776
994.20	58.147
994.36	56.569
994.53	56.783
994.69	56.223
994.85	59.488
995.02	62.931
995.18	55.514
995.34	57.929
995.51	58.691
995.67	58.892
995.84	58.141
996.00	54.101
996.16	58.103
996.33	59.579
996.49	57.090
996.65	57.529
996.82	55.185
996.98	56.477
997.14	58.354
997.31	56.651
997.47	55.459
997.63	53.358
997.79	55.134
997.96	58.066
998.12	57.586
998.28	55.961
998.45	59.705
998.61	59.255
998.77	56.161
998.94	53.403
999.10	58.616
999.26	55.700
999.43	54.136
999.59	60.018
999.75	60.855
999.91	58.965
1000.08	55.814
1000.24	58.241
1000.40	57.885
1000.57	53.888
1000.73	57.278
1000.89	58.401
1001.05	56.233
1001.22	56.932
1001.38	60.397
1001.54	57.302
1001.70	60.735
1001.87	56.710
1002.03	60.344
1002.19	58.675
1002.35	57.610
1002.52	57.849
1002.68	59.841
1002.84	58.734
1003.00	58.704
1003.17	56.922
1003.33	59.077
1003.49	58.027
1003.65	56.157
1003.82	60.680
1003.98	58.440
1004.14	56.127
1004.30	57.407
1004.47	60.829
1004.63	58.763
1004.79	57.997
1004.95	59.290
1005.11	59.533
1005.28	60.228
1005.44	55.360
1005.60	59.825
1005.76	54.959
1005.93	59.250
1006.09	58.718
1006.25	58.291
1006.41	59.658
1006.57	60.958
1006.74	54.866
1006.90	59.337
1007.06	59.777
1007.22	56.707
1007.38	59.516
1007.55	57.568
1007.71	58.716
1007.87	60.347
1008.03	55.442
1008.19	58.071
1008.35	64.223
1008.52	59.235
1008.68	56.784
1008.84	60.239
1009.00	59.837
1009.16	61.616
1009.32	57.654
1009.49	60.163
1009.65	61.790
1009.81	57.073
1009.97	58.391
1010.13	60.133
1010.29	53.525
1010.46	63.685
1010.62	60.490
1010.78	57.432
1010.94	59.550
1011.10	58.466
1011.26	60.481
1011.42	57.377
1011.59	60.267
1011.75	63.853
1011.91	60.208
1012.07	66.621
1012.23	59.001
1012.39	57.083
1012.55	55.694
1012.71	54.732
1012.88	53.975
1013.04	58.054
1013.20	55.630
1013.36	56.647
1013.52	60.028
1013.68	58.341
1013.84	54.693
1014.00	60.490
1014.16	59.740
1014.33	61.644
1014.49	62.048
1014.65	61.137
1014.81	60.671
1014.97	60.624
1015.13	57.082
1015.29	59.538
1015.45	61.491
1015.61	59.888
1015.77	62.520
1015.93	60.268
1016.09	56.724
1016.26	61.343
1016.42	60.340
1016.58	64.344
1016.74	60.637
1016.90	52.079
1017.06	60.647
1017.22	58.489
1017.38	62.352
1017.54	69.115
1017.70	59.611
1017.86	66.723
1018.02	61.918
1018.18	65.250
1018.34	62.667
1018.50	58.212
1018.66	66.085
1018.82	60.046
1018.98	59.281
1019.14	56.305
1019.31	57.791
1019.47	60.775
1019.63	61.350
1019.79	60.068
1019.95	58.837
1020.11	68.480
1020.27	69.212
1020.43	59.988
1020.59	58.632
1020.75	56.139
1020.91	60.247
1021.07	57.065
1021.23	57.256
1021.39	62.443
1021.55	56.652
1021.71	62.241
1021.87	64.453
1022.03	52.996
1022.19	57.932
1022.35	57.764
1022.51	69.968
1022.67	62.902
1022.83	63.060
1022.99	61.971
1023.15	55.110
1023.31	65.522
1023.47	56.682
1023.63	66.287
1023.79	59.433
1023.95	57.938
1024.10	61.343
1024.26	59.488
1024.42	54.463
1024.58	56.096
1024.74	58.824
1024.90	58.746
1025.06	63.508
1025.22	60.752
1025.38	63.366
1025.54	64.307
1025.70	56.963
1025.86	61.601
1026.02	64.307
1026.18	68.745
1026.34	62.246
1026.50	63.024
1026.66	55.783
1026.82	56.790
1026.98	60.995
1027.13	54.592
1027.29	65.902
1027.45	61.442
1027.61	59.549
1027.77	56.897
1027.93	56.605
1028.09	64.160
1028.25	60.109
1028.41	62.771
1028.57	54.935
1028.73	53.827
1028.88	61.495
1029.04	63.403
1029.20	52.157
1029.36	63.693
1029.52	58.045
1029.68	65.060
1029.84	55.197
1030.00	57.642
1030.16	64.208
1030.32	62.362
1030.47	57.985
1030.63	63.443
1030.79	61.831
1030.95	66.056
1031.11	71.558
1031.27	60.914
1031.43	70.060
1031.59	60.312
1031.74	63.158
1031.90	63.985
1032.06	70.931
1032.22	55.289
1032.38	67.053
1032.54	54.307
1032.69	64.772
1032.85	63.875
1033.01	67.656
1033.17	55.462
1033.33	69.907
1033.49	66.261
1033.65	58.150
1033.80	69.988
1033.96	70.508
1034.12	54.407
1034.28	63.218
1034.44	56.131
1034.60	56.305
1034.75	58.935
1034.91	57.612
1035.07	63.656
1035.23	59.142
1035.39	61.239
1035.54	67.339
1035.70	69.361
1035.86	57.871
1036.02	65.363
1036.18	67.729
1036.33	61.290
1036.49	53.706
1036.65	67.579
1036.81	55.499
1036.97	75.610
1037.12	47.307
1037.28	60.131
1037.44	60.455
1037.60	62.952
1037.76	60.870
1037.91	68.335
1038.07	66.550
1038.23	69.420
1038.39	58.468
1038.54	56.476
1038.70	61.599
1038.86	66.222
1039.02	74.454
1039.17	64.858
1039.33	67.506
1039.49	76.609
1039.65	76.874
1039.80	55.649
1039.96	55.084
1040.12	81.279
1040.28	51.178
>>>>> Data<<<<< Espectral Procesado Extremo
