Fichero De Datos De SpectraSuite
++++++++++++++++++++++++++++++++++++
Fecha: Wed Jul 15 10:38:55 CST 2026
Usuario: HP
Presente Oscuro Del Espectro: Sí
La Referencia de Presente Del Espectro De: Sí
Muestreados de los componentes de Número de espectros: 1
Espectrómetros: USB4H06056
Tiempo de integración (usec): 300000 (USB4H06056)
Promedio de Espectros Hechos un: 5 (USB4H06056)
El Alisar Del Furgón: 0 (USB4H06056)
Párrafo de de Corregir del la del del de Eléctrica del obscuridad: No (USB4H06056)
Estrobo/Lámpara Permitido: No (USB4H06056)
Correct for Detector Non-linearity: No (USB4H06056)
Párrafo de de Corregir del la del del de Externa del luz: No (USB4H06056)
Procesado del espectro de Número de pixeles en: 3648
>>>>> Comienza Data<<<<< Espectral Procesado Del EL
345.09	145.283
345.30	145.283
345.52	145.283
345.74	10.345
345.95	214.754
346.17	5.085
346.39	9400.000
346.60	161.538
346.82	-865.000
347.04	-971.429
347.25	1050.000
347.47	45.455
347.69	-312.500
347.90	963.636
348.12	3300.000
348.34	1985.714
348.56	35.385
348.77	-64.151
348.99	151.685
349.21	105.058
349.42	89.404
349.64	103.636
349.86	30.159
350.07	134.454
350.29	65.979
350.51	171.875
350.72	162.295
350.94	67.382
351.16	73.643
351.37	78.344
351.59	84.469
351.81	128.571
352.02	170.330
352.24	130.370
352.46	90.732
352.67	58.824
352.89	50.628
353.10	100.571
353.32	109.091
353.54	97.872
353.75	109.211
353.97	123.567
354.19	108.511
354.40	24.590
354.62	202.913
354.84	110.092
355.05	83.556
355.27	234.783
355.49	86.784
355.70	104.167
355.92	9.524
356.14	106.748
356.35	110.370
356.57	111.719
356.78	58.000
357.00	134.653
357.22	89.820
357.43	38.914
357.65	69.343
357.87	65.766
358.08	58.442
358.30	341.860
358.51	52.174
358.73	105.072
358.95	188.172
359.16	124.000
359.38	42.857
359.60	115.385
359.81	150.575
360.03	72.650
360.24	119.728
360.46	86.207
360.68	82.558
360.89	75.956
361.11	87.075
361.33	87.681
361.54	102.857
361.76	78.500
361.97	112.865
362.19	60.816
362.41	244.776
362.62	146.479
362.84	78.409
363.05	136.145
363.27	180.368
363.49	142.857
363.70	80.263
363.92	93.467
364.13	120.769
364.35	133.333
364.57	89.020
364.78	75.776
365.00	69.027
365.21	97.945
365.43	492.500
365.65	90.306
365.86	117.035
366.08	118.552
366.29	210.588
366.51	141.250
366.73	161.905
366.94	136.066
367.16	187.356
367.37	78.049
367.59	96.154
367.80	112.977
368.02	134.320
368.24	61.780
368.45	136.129
368.67	67.153
368.88	132.450
369.10	278.313
369.31	48.413
369.53	95.726
369.75	64.327
369.96	189.535
370.18	112.727
370.39	83.648
370.61	129.825
370.82	180.412
371.04	176.068
371.26	141.007
371.47	108.784
371.69	189.474
371.90	251.327
372.12	185.185
372.33	109.091
372.55	203.175
372.76	36.957
372.98	94.764
373.20	82.072
373.41	187.129
373.63	169.027
373.84	142.537
374.06	73.023
374.27	183.607
374.49	117.059
374.70	105.085
374.92	473.810
375.13	114.356
375.35	98.246
375.57	104.070
375.78	136.893
376.00	90.741
376.21	160.000
376.43	142.282
376.64	115.247
376.86	171.505
377.07	181.731
377.29	168.421
377.50	409.434
377.72	95.565
377.93	150.251
378.15	83.766
378.36	142.568
378.58	150.249
378.80	152.991
379.01	70.718
379.23	274.648
379.44	131.638
379.66	114.603
379.87	163.354
380.09	69.595
380.30	128.049
380.52	210.526
380.73	450.980
380.95	118.357
381.16	81.679
381.38	149.327
381.59	154.167
381.81	103.309
382.02	221.311
382.24	144.444
382.45	86.195
382.67	107.895
382.88	109.845
383.10	129.048
383.31	102.222
383.53	106.280
383.74	115.111
383.96	68.882
384.17	159.868
384.39	136.242
384.60	135.632
384.82	197.115
385.03	123.256
385.25	90.435
385.46	118.378
385.68	118.537
385.89	120.988
386.11	184.409
386.32	181.019
386.54	148.954
386.75	112.324
386.97	121.339
387.18	168.534
387.40	92.164
387.61	149.412
387.83	119.383
388.04	206.542
388.25	153.731
388.47	114.478
388.68	129.730
388.90	182.418
389.11	104.851
389.33	126.335
389.54	139.649
389.76	148.659
389.97	120.870
390.19	132.645
390.40	136.649
390.62	121.296
390.83	181.081
391.05	76.721
391.26	105.054
391.47	89.474
391.69	118.548
391.90	175.648
392.12	144.118
392.33	132.589
392.55	129.818
392.76	110.169
392.98	119.549
393.19	118.987
393.41	165.637
393.62	125.316
393.83	126.646
394.05	123.649
394.26	107.353
394.48	107.143
394.69	148.701
394.91	133.106
395.12	106.127
395.34	113.838
395.55	120.702
395.76	120.053
395.98	133.123
396.19	146.224
396.41	106.433
396.62	108.937
396.84	129.448
397.05	116.552
397.26	149.861
397.48	164.659
397.69	126.238
397.91	105.380
398.12	128.190
398.33	142.651
398.55	209.314
398.76	142.609
398.98	108.241
399.19	109.439
399.41	146.749
399.62	121.036
399.83	105.042
400.05	122.837
400.26	106.697
400.48	110.084
400.69	128.989
400.90	171.192
401.12	102.064
401.33	153.147
401.55	99.766
401.76	211.558
401.97	68.852
402.19	112.245
402.40	102.404
402.62	105.169
402.83	105.314
403.04	130.714
403.26	137.634
403.47	104.128
403.69	118.733
403.90	100.692
404.11	98.920
404.33	118.692
404.54	147.156
404.76	117.857
404.97	74.854
405.18	94.106
405.40	93.554
405.61	135.806
405.83	98.343
406.04	112.821
406.25	110.393
406.47	127.921
406.68	118.478
406.89	110.145
407.11	113.550
407.32	89.949
407.54	140.510
407.75	114.541
407.96	100.329
408.18	124.717
408.39	97.340
408.60	81.674
408.82	104.569
409.03	118.246
409.24	85.393
409.46	86.218
409.67	105.952
409.89	84.175
410.10	100.705
410.31	113.109
410.53	104.145
410.74	111.401
410.95	86.285
411.17	83.828
411.38	76.308
411.59	84.140
411.81	91.489
412.02	89.041
412.23	78.378
412.45	90.672
412.66	91.011
412.87	80.541
413.09	83.857
413.30	69.777
413.51	71.149
413.73	88.089
413.94	71.352
414.15	81.731
414.37	70.192
414.58	76.009
414.79	75.431
415.01	73.651
415.22	74.789
415.43	70.906
415.65	75.594
415.86	70.280
416.07	62.979
416.29	76.969
416.50	61.368
416.71	72.507
416.93	70.645
417.14	72.164
417.35	68.035
417.57	64.882
417.78	71.726
417.99	55.677
418.21	56.716
418.42	54.638
418.63	60.426
418.85	65.084
419.06	56.275
419.27	56.829
419.48	63.437
419.70	57.124
419.91	49.222
420.12	50.506
420.34	56.735
420.55	50.101
420.76	61.092
420.98	49.910
421.19	46.247
421.40	51.770
421.61	56.265
421.83	51.548
422.04	49.807
422.25	53.333
422.47	49.153
422.68	46.861
422.89	49.009
423.11	48.993
423.32	44.766
423.53	42.367
423.74	44.105
423.96	45.236
424.17	45.116
424.38	46.626
424.59	41.996
424.81	38.765
425.02	37.706
425.23	43.063
425.45	40.487
425.66	39.915
425.87	40.357
426.08	40.132
426.30	38.215
426.51	41.121
426.72	42.035
426.93	34.802
427.15	38.219
427.36	35.880
427.57	33.156
427.79	40.198
428.00	35.913
428.21	67.947
428.42	38.969
428.64	37.057
428.85	40.370
429.06	35.994
429.27	36.126
429.49	35.773
429.70	34.816
429.91	39.003
430.12	40.047
430.34	40.060
430.55	34.402
430.76	32.491
430.97	34.905
431.19	34.016
431.40	36.788
431.61	37.959
431.82	36.306
432.03	31.295
432.25	33.254
432.46	33.200
432.67	36.336
432.88	35.514
433.10	36.801
433.31	36.012
433.52	33.466
433.73	36.782
433.95	33.035
434.16	33.995
434.37	32.685
434.58	34.023
434.79	34.632
435.01	30.902
435.22	32.326
435.43	32.170
435.64	30.828
435.86	34.665
436.07	34.652
436.28	33.307
436.49	31.504
436.70	33.740
436.92	29.845
437.13	34.884
437.34	33.676
437.55	32.144
437.76	32.692
437.98	34.293
438.19	30.906
438.40	33.887
438.61	29.784
438.82	31.138
439.04	31.367
439.25	35.005
439.46	31.558
439.67	31.053
439.88	31.433
440.10	32.671
440.31	32.227
440.52	30.171
440.73	31.983
440.94	31.686
441.16	32.287
441.37	30.606
441.58	30.845
441.79	32.069
442.00	31.467
442.21	33.127
442.43	31.160
442.64	32.523
442.85	31.753
443.06	33.264
443.27	33.354
443.48	30.032
443.70	31.945
443.91	31.813
444.12	31.882
444.33	31.013
444.54	33.510
444.75	32.028
444.97	31.745
445.18	31.443
445.39	30.908
445.60	31.823
445.81	32.219
446.02	32.068
446.24	33.119
446.45	32.477
446.66	29.575
446.87	31.261
447.08	31.209
447.29	31.296
447.51	33.208
447.72	32.100
447.93	33.041
448.14	30.387
448.35	32.719
448.56	33.231
448.77	31.908
448.99	28.612
449.20	31.355
449.41	32.723
449.62	30.556
449.83	31.442
450.04	32.118
450.25	30.800
450.46	31.583
450.68	33.294
450.89	31.490
451.10	33.056
451.31	30.625
451.52	31.012
451.73	31.052
451.94	30.801
452.15	32.298
452.37	32.892
452.58	31.457
452.79	32.251
453.00	32.082
453.21	32.589
453.42	34.374
453.63	32.573
453.84	34.875
454.06	32.837
454.27	32.280
454.48	32.689
454.69	33.088
454.90	32.952
455.11	33.498
455.32	32.348
455.53	31.186
455.74	30.599
455.95	33.038
456.17	33.201
456.38	33.634
456.59	32.476
456.80	31.875
457.01	32.100
457.22	33.458
457.43	32.639
457.64	34.843
457.85	32.132
458.06	31.324
458.27	32.576
458.49	32.679
458.70	31.712
458.91	32.111
459.12	32.681
459.33	32.297
459.54	34.136
459.75	32.984
459.96	33.019
460.17	33.333
460.38	32.108
460.59	33.010
460.80	32.997
461.01	34.284
461.23	32.636
461.44	32.926
461.65	32.090
461.86	33.135
462.07	33.782
462.28	34.050
462.49	33.874
462.70	34.730
462.91	33.899
463.12	32.614
463.33	34.737
463.54	33.278
463.75	31.324
463.96	33.519
464.17	33.159
464.38	33.163
464.59	34.148
464.81	33.473
465.02	34.392
465.23	32.995
465.44	35.112
465.65	33.817
465.86	33.649
466.07	33.995
466.28	32.507
466.49	33.672
466.70	31.916
466.91	32.814
467.12	33.698
467.33	33.946
467.54	33.115
467.75	33.126
467.96	34.677
468.17	33.701
468.38	34.734
468.59	32.529
468.80	33.820
469.01	33.604
469.22	34.246
469.43	34.590
469.64	33.122
469.85	34.386
470.06	33.357
470.27	33.250
470.48	33.422
470.69	33.534
470.90	31.617
471.11	34.591
471.32	33.299
471.53	34.452
471.74	32.916
471.95	33.833
472.16	34.612
472.37	33.425
472.58	33.221
472.79	33.045
473.00	32.298
473.21	32.966
473.42	34.380
473.63	34.010
473.84	33.897
474.05	32.580
474.26	33.175
474.47	34.778
474.68	32.754
474.89	33.674
475.10	33.115
475.31	34.099
475.52	33.944
475.73	34.828
475.94	34.846
476.15	34.340
476.36	33.518
476.57	33.712
476.78	33.466
476.99	33.312
477.20	34.015
477.41	33.132
477.62	34.173
477.83	32.503
478.04	33.691
478.25	33.169
478.46	34.142
478.67	34.151
478.88	33.606
479.09	34.500
479.30	34.521
479.51	33.282
479.72	34.028
479.93	34.414
480.14	33.420
480.35	33.541
480.56	33.872
480.77	35.577
480.98	33.699
481.18	34.087
481.39	34.755
481.60	34.636
481.81	33.188
482.02	33.533
482.23	34.798
482.44	34.779
482.65	32.935
482.86	34.649
483.07	33.809
483.28	34.556
483.49	33.830
483.70	33.478
483.91	33.284
484.12	33.641
484.33	33.574
484.53	34.189
484.74	33.840
484.95	34.444
485.16	33.774
485.37	34.280
485.58	34.079
485.79	33.803
486.00	34.602
486.21	33.735
486.42	34.306
486.63	33.654
486.84	33.892
487.05	33.730
487.25	34.141
487.46	33.080
487.67	34.393
487.88	33.866
488.09	34.629
488.30	33.237
488.51	32.065
488.72	34.249
488.93	34.381
489.14	33.915
489.35	34.259
489.55	33.481
489.76	34.417
489.97	33.682
490.18	34.571
490.39	34.378
490.60	34.012
490.81	34.452
491.02	33.941
491.23	34.331
491.43	34.250
491.64	34.656
491.85	34.170
492.06	33.907
492.27	34.731
492.48	34.241
492.69	33.497
492.90	33.933
493.11	33.592
493.31	34.088
493.52	34.725
493.73	34.517
493.94	34.368
494.15	34.795
494.36	34.481
494.57	33.823
494.78	34.351
494.98	33.981
495.19	34.816
495.40	34.040
495.61	34.453
495.82	34.382
496.03	34.613
496.24	34.404
496.44	34.667
496.65	34.968
496.86	34.253
497.07	34.993
497.28	34.213
497.49	34.655
497.70	34.328
497.90	34.998
498.11	35.013
498.32	34.300
498.53	34.629
498.74	34.325
498.95	34.485
499.15	35.096
499.36	34.210
499.57	34.416
499.78	34.588
499.99	35.267
500.20	34.932
500.40	35.260
500.61	34.549
500.82	34.772
501.03	34.189
501.24	34.648
501.45	35.296
501.65	34.852
501.86	35.447
502.07	35.031
502.28	35.338
502.49	34.551
502.70	34.776
502.90	35.122
503.11	35.266
503.32	35.016
503.53	34.827
503.74	35.063
503.94	34.705
504.15	34.852
504.36	35.438
504.57	35.661
504.78	35.121
504.98	35.572
505.19	34.958
505.40	35.473
505.61	35.148
505.82	35.266
506.02	35.664
506.23	35.576
506.44	35.088
506.65	35.129
506.86	35.463
507.06	35.659
507.27	35.986
507.48	35.171
507.69	35.409
507.90	35.903
508.10	35.526
508.31	35.159
508.52	35.556
508.73	35.640
508.94	35.712
509.14	35.202
509.35	35.908
509.56	35.424
509.77	35.811
509.97	36.202
510.18	36.075
510.39	35.772
510.60	35.877
510.80	36.416
511.01	35.898
511.22	35.960
511.43	35.566
511.64	35.788
511.84	36.655
512.05	36.852
512.26	36.733
512.47	36.495
512.67	36.468
512.88	37.017
513.09	36.577
513.30	36.718
513.50	36.760
513.71	36.843
513.92	36.521
514.13	36.958
514.33	37.221
514.54	36.949
514.75	36.892
514.96	36.612
515.16	37.309
515.37	37.895
515.58	37.915
515.78	37.378
515.99	37.965
516.20	37.955
516.41	37.837
516.61	37.730
516.82	37.724
517.03	37.621
517.24	37.890
517.44	37.958
517.65	38.264
517.86	38.059
518.07	38.510
518.27	38.849
518.48	38.767
518.69	38.611
518.89	38.776
519.10	38.509
519.31	39.013
519.52	39.235
519.72	39.482
519.93	39.983
520.14	39.454
520.34	39.253
520.55	40.059
520.76	39.743
520.96	40.095
521.17	39.937
521.38	39.966
521.59	39.887
521.79	39.741
522.00	39.962
522.21	39.411
522.41	40.847
522.62	40.441
522.83	41.002
523.03	41.302
523.24	41.595
523.45	40.854
523.66	40.716
523.86	41.383
524.07	41.703
524.28	41.986
524.48	41.690
524.69	42.723
524.90	42.137
525.10	42.145
525.31	42.516
525.52	42.003
525.72	41.950
525.93	42.234
526.14	43.048
526.34	42.970
526.55	43.352
526.76	43.170
526.96	42.647
527.17	43.194
527.38	43.505
527.58	43.432
527.79	44.036
528.00	43.626
528.20	43.396
528.41	43.775
528.62	43.887
528.82	44.698
529.03	44.778
529.24	44.546
529.44	44.512
529.65	44.687
529.85	44.480
530.06	45.282
530.27	45.040
530.47	45.286
530.68	44.802
530.89	44.976
531.09	45.023
531.30	45.372
531.51	45.837
531.71	45.442
531.92	45.843
532.13	45.263
532.33	46.487
532.54	46.137
532.74	46.729
532.95	46.409
533.16	46.216
533.36	46.278
533.57	46.973
533.78	46.911
533.98	46.013
534.19	46.539
534.39	46.775
534.60	47.505
534.81	46.796
535.01	46.679
535.22	46.670
535.42	47.022
535.63	46.863
535.84	47.446
536.04	47.412
536.25	47.560
536.45	47.256
536.66	47.497
536.87	47.620
537.07	46.930
537.28	47.235
537.48	47.840
537.69	47.488
537.90	48.377
538.10	47.704
538.31	46.991
538.51	48.067
538.72	47.506
538.93	47.788
539.13	47.717
539.34	48.347
539.54	48.131
539.75	48.351
539.96	48.324
540.16	48.106
540.37	48.211
540.57	48.331
540.78	47.882
540.98	48.477
541.19	48.587
541.40	48.690
541.60	48.157
541.81	47.150
542.01	48.049
542.22	47.973
542.42	48.457
542.63	48.366
542.83	48.304
543.04	48.642
543.25	48.618
543.45	48.383
543.66	48.726
543.86	48.405
544.07	48.309
544.27	48.531
544.48	49.278
544.68	48.623
544.89	48.419
545.10	48.555
545.30	48.953
545.51	48.745
545.71	48.789
545.92	48.391
546.12	49.206
546.33	49.113
546.53	49.149
546.74	48.509
546.94	48.820
547.15	49.065
547.36	48.964
547.56	48.991
547.77	48.423
547.97	48.859
548.18	48.697
548.38	48.695
548.59	48.693
548.79	49.060
549.00	48.777
549.20	48.693
549.41	49.556
549.61	49.220
549.82	48.270
550.02	49.171
550.23	48.912
550.43	49.132
550.64	48.997
550.84	48.803
551.05	49.341
551.25	49.133
551.46	49.375
551.66	49.307
551.87	48.523
552.07	49.314
552.28	49.375
552.48	49.319
552.69	48.657
552.89	49.361
553.10	49.694
553.30	49.155
553.51	49.563
553.71	49.627
553.92	48.978
554.12	49.109
554.33	49.114
554.53	49.220
554.74	49.004
554.94	49.098
555.15	49.052
555.35	49.128
555.56	49.019
555.76	49.306
555.97	49.379
556.17	49.022
556.38	49.113
556.58	49.376
556.78	48.667
556.99	49.920
557.19	49.246
557.40	49.224
557.60	49.517
557.81	49.492
558.01	49.313
558.22	49.584
558.42	49.107
558.63	49.763
558.83	49.417
559.04	49.092
559.24	49.266
559.44	49.218
559.65	49.213
559.85	49.134
560.06	49.457
560.26	49.057
560.47	49.174
560.67	49.638
560.88	48.768
561.08	49.408
561.28	48.887
561.49	49.007
561.69	49.010
561.90	48.933
562.10	48.825
562.31	48.485
562.51	49.059
562.71	49.317
562.92	48.796
563.12	48.782
563.33	49.039
563.53	48.784
563.74	49.052
563.94	48.936
564.14	48.896
564.35	48.522
564.55	48.642
564.76	48.128
564.96	48.497
565.17	48.377
565.37	48.400
565.57	48.441
565.78	48.391
565.98	48.084
566.19	48.023
566.39	48.403
566.59	48.190
566.80	48.161
567.00	47.821
567.21	48.008
567.41	48.635
567.61	48.187
567.82	47.923
568.02	47.426
568.23	47.499
568.43	47.173
568.63	47.422
568.84	47.415
569.04	47.267
569.24	47.230
569.45	47.096
569.65	46.867
569.86	47.121
570.06	47.482
570.26	46.910
570.47	46.706
570.67	46.961
570.87	46.664
571.08	46.355
571.28	46.539
571.49	46.445
571.69	46.643
571.89	46.024
572.10	46.502
572.30	45.808
572.50	46.461
572.71	46.059
572.91	45.886
573.11	45.895
573.32	45.679
573.52	45.619
573.73	45.731
573.93	45.696
574.13	45.603
574.34	45.793
574.54	45.468
574.74	45.653
574.95	45.043
575.15	45.456
575.35	45.036
575.56	44.852
575.76	45.102
575.96	44.555
576.17	44.512
576.37	44.720
576.57	44.685
576.78	44.473
576.98	44.271
577.18	44.387
577.39	44.511
577.59	44.544
577.79	44.408
578.00	44.669
578.20	44.070
578.40	43.786
578.61	43.980
578.81	44.053
579.01	43.746
579.22	43.989
579.42	43.657
579.62	43.337
579.82	43.271
580.03	43.771
580.23	43.268
580.43	43.779
580.64	43.076
580.84	43.190
581.04	43.234
581.25	43.218
581.45	42.990
581.65	43.008
581.86	43.093
582.06	43.100
582.26	42.897
582.46	42.751
582.67	42.878
582.87	42.585
583.07	42.821
583.28	42.408
583.48	42.457
583.68	42.507
583.88	42.558
584.09	42.242
584.29	42.624
584.49	42.065
584.70	42.243
584.90	41.918
585.10	42.002
585.30	42.084
585.51	42.018
585.71	41.908
585.91	41.574
586.11	41.794
586.32	41.740
586.52	41.982
586.72	41.539
586.92	41.443
587.13	41.361
587.33	41.792
587.53	41.472
587.74	41.518
587.94	41.427
588.14	41.389
588.34	41.619
588.55	40.900
588.75	41.545
588.95	41.247
589.15	41.030
589.36	41.509
589.56	41.067
589.76	41.662
589.96	41.390
590.16	41.025
590.37	41.102
590.57	40.896
590.77	40.721
590.97	40.699
591.18	40.797
591.38	40.675
591.58	39.573
591.78	40.729
591.99	40.778
592.19	40.985
592.39	41.038
592.59	40.349
592.79	40.725
593.00	40.452
593.20	40.374
593.40	40.635
593.60	40.248
593.81	40.513
594.01	40.210
594.21	40.656
594.41	40.350
594.61	40.211
594.82	40.163
595.02	39.867
595.22	39.995
595.42	40.093
595.62	40.210
595.83	40.403
596.03	40.042
596.23	39.785
596.43	40.064
596.63	40.403
596.84	40.069
597.04	40.112
597.24	39.934
597.44	40.020
597.64	40.038
597.84	40.402
598.05	40.286
598.25	40.141
598.45	39.823
598.65	40.352
598.85	40.259
599.06	39.769
599.26	40.041
599.46	40.186
599.66	39.644
599.86	39.921
600.06	39.706
600.27	39.925
600.47	39.849
600.67	39.720
600.87	39.712
601.07	39.756
601.27	39.410
601.48	39.366
601.68	39.624
601.88	39.300
602.08	39.640
602.28	39.645
602.48	39.120
602.68	40.181
602.89	39.761
603.09	40.025
603.29	39.885
603.49	39.698
603.69	39.472
603.89	39.941
604.09	39.744
604.30	39.564
604.50	39.238
604.70	39.646
604.90	39.640
605.10	39.541
605.30	39.164
605.50	39.411
605.71	38.963
605.91	39.099
606.11	39.544
606.31	39.810
606.51	39.461
606.71	39.007
606.91	39.412
607.11	39.162
607.32	39.206
607.52	39.364
607.72	39.136
607.92	39.260
608.12	39.202
608.32	38.840
608.52	39.701
608.72	39.655
608.92	39.036
609.12	39.142
609.33	38.742
609.53	39.255
609.73	39.173
609.93	38.622
610.13	39.087
610.33	38.831
610.53	39.340
610.73	39.151
610.93	38.882
611.13	39.180
611.34	39.046
611.54	38.926
611.74	38.970
611.94	38.959
612.14	38.986
612.34	38.827
612.54	38.726
612.74	38.367
612.94	38.750
613.14	39.101
613.34	38.706
613.54	38.626
613.74	38.650
613.95	38.522
614.15	38.695
614.35	38.663
614.55	38.499
614.75	38.334
614.95	38.256
615.15	38.302
615.35	38.670
615.55	38.345
615.75	38.551
615.95	38.285
616.15	38.507
616.35	38.048
616.55	37.792
616.75	38.161
616.95	38.690
617.15	38.011
617.35	38.304
617.56	37.891
617.76	38.549
617.96	37.909
618.16	38.340
618.36	38.269
618.56	38.150
618.76	37.993
618.96	38.036
619.16	38.236
619.36	38.132
619.56	37.857
619.76	37.824
619.96	37.685
620.16	37.870
620.36	37.886
620.56	38.140
620.76	37.919
620.96	37.857
621.16	37.713
621.36	37.690
621.56	37.579
621.76	38.009
621.96	37.409
622.16	38.149
622.36	37.510
622.56	37.885
622.76	37.477
622.96	37.640
623.16	37.488
623.36	37.806
623.56	37.724
623.76	37.561
623.96	37.492
624.16	37.483
624.36	37.979
624.56	37.483
624.76	37.770
624.96	37.488
625.16	37.283
625.36	37.360
625.56	37.421
625.76	37.638
625.96	37.717
626.16	37.611
626.36	37.585
626.56	37.689
626.76	37.379
626.96	37.422
627.16	37.592
627.36	37.091
627.56	37.447
627.76	37.459
627.96	37.205
628.16	37.669
628.36	37.464
628.56	37.136
628.75	37.116
628.95	37.133
629.15	37.258
629.35	37.140
629.55	37.004
629.75	37.110
629.95	36.807
630.15	37.120
630.35	37.217
630.55	37.286
630.75	37.437
630.95	37.006
631.15	37.389
631.35	37.315
631.55	37.080
631.75	37.434
631.95	37.202
632.15	37.306
632.34	37.160
632.54	37.382
632.74	37.359
632.94	37.275
633.14	37.033
633.34	37.436
633.54	36.840
633.74	37.263
633.94	36.830
634.14	37.110
634.34	36.924
634.54	37.031
634.74	36.684
634.93	36.621
635.13	37.001
635.33	36.996
635.53	37.018
635.73	36.865
635.93	37.015
636.13	37.033
636.33	36.851
636.53	36.612
636.73	36.827
636.93	36.980
637.12	37.092
637.32	37.125
637.52	37.185
637.72	36.538
637.92	36.110
638.12	36.500
638.32	36.658
638.52	36.724
638.72	36.734
638.91	36.459
639.11	36.791
639.31	36.427
639.51	36.764
639.71	36.354
639.91	36.184
640.11	36.227
640.31	36.338
640.50	36.350
640.70	36.338
640.90	36.125
641.10	36.225
641.30	36.072
641.50	36.106
641.70	36.074
641.89	35.745
642.09	35.941
642.29	35.982
642.49	35.761
642.69	36.094
642.89	35.515
643.09	36.023
643.28	35.898
643.48	35.776
643.68	35.828
643.88	35.929
644.08	35.464
644.28	35.726
644.48	35.531
644.67	35.509
644.87	35.622
645.07	35.349
645.27	35.404
645.47	35.579
645.67	35.677
645.86	35.389
646.06	35.432
646.26	35.152
646.46	35.321
646.66	35.585
646.85	35.406
647.05	35.134
647.25	35.033
647.45	34.791
647.65	34.776
647.85	35.038
648.04	34.814
648.24	34.857
648.44	34.767
648.64	35.077
648.84	34.671
649.03	34.918
649.23	35.083
649.43	34.779
649.63	34.860
649.83	34.631
650.02	34.788
650.22	34.685
650.42	34.593
650.62	34.423
650.82	34.506
651.01	34.397
651.21	34.653
651.41	34.404
651.61	34.475
651.81	34.753
652.00	34.698
652.20	34.413
652.40	34.541
652.60	34.351
652.79	34.454
652.99	35.032
653.19	34.511
653.39	34.490
653.59	34.438
653.78	34.177
653.98	34.036
654.18	34.654
654.38	34.174
654.57	34.240
654.77	34.512
654.97	34.547
655.17	34.174
655.36	34.262
655.56	34.165
655.76	34.274
655.96	34.102
656.15	34.239
656.35	33.983
656.55	34.250
656.75	34.139
656.94	34.142
657.14	34.275
657.34	34.079
657.54	34.373
657.73	33.987
657.93	33.834
658.13	34.437
658.33	34.252
658.52	34.192
658.72	34.442
658.92	34.268
659.11	33.904
659.31	34.238
659.51	33.963
659.71	34.058
659.90	33.884
660.10	34.044
660.30	33.917
660.50	33.873
660.69	34.021
660.89	33.609
661.09	33.834
661.28	33.504
661.48	33.994
661.68	33.931
661.87	33.886
662.07	33.954
662.27	33.866
662.47	33.958
662.66	33.753
662.86	33.654
663.06	33.811
663.25	33.753
663.45	33.738
663.65	33.707
663.84	33.922
664.04	33.975
664.24	33.756
664.44	33.622
664.63	33.758
664.83	33.920
665.03	33.620
665.22	33.429
665.42	33.710
665.62	33.992
665.81	33.659
666.01	33.806
666.21	33.557
666.40	33.592
666.60	33.672
666.80	33.559
666.99	33.650
667.19	33.447
667.39	33.819
667.58	33.484
667.78	33.705
667.98	33.841
668.17	33.372
668.37	33.795
668.57	33.283
668.76	33.382
668.96	33.465
669.16	33.493
669.35	33.549
669.55	33.730
669.74	33.599
669.94	33.867
670.14	33.808
670.33	33.669
670.53	33.687
670.73	33.548
670.92	33.608
671.12	33.574
671.32	33.963
671.51	33.631
671.71	33.782
671.90	33.634
672.10	33.632
672.30	33.724
672.49	33.603
672.69	33.520
672.89	33.669
673.08	33.655
673.28	33.519
673.47	33.798
673.67	33.658
673.87	33.644
674.06	33.871
674.26	33.649
674.45	33.844
674.65	33.571
674.85	33.456
675.04	33.291
675.24	33.696
675.43	33.802
675.63	33.320
675.83	33.597
676.02	33.685
676.22	33.457
676.41	33.276
676.61	33.657
676.81	33.502
677.00	33.573
677.20	33.756
677.39	33.389
677.59	33.123
677.79	33.609
677.98	34.037
678.18	33.482
678.37	33.523
678.57	33.701
678.76	33.911
678.96	33.506
679.16	33.645
679.35	33.692
679.55	33.780
679.74	33.819
679.94	33.534
680.13	33.695
680.33	33.920
680.53	33.652
680.72	33.763
680.92	33.853
681.11	33.811
681.31	33.585
681.50	34.006
681.70	34.110
681.89	34.054
682.09	34.217
682.28	34.046
682.48	33.975
682.68	33.848
682.87	33.794
683.07	33.755
683.26	34.260
683.46	34.192
683.65	34.289
683.85	33.706
684.04	34.355
684.24	33.791
684.43	34.061
684.63	33.532
684.82	34.027
685.02	33.618
685.21	34.072
685.41	34.073
685.60	34.385
685.80	34.145
686.00	34.460
686.19	34.212
686.39	34.213
686.58	34.613
686.78	34.381
686.97	33.964
687.17	34.466
687.36	34.415
687.56	34.359
687.75	34.109
687.95	34.479
688.14	34.549
688.34	34.426
688.53	34.511
688.73	34.356
688.92	34.613
689.12	34.251
689.31	34.198
689.51	34.696
689.70	34.864
689.89	34.652
690.09	35.131
690.28	34.640
690.48	35.025
690.67	34.625
690.87	35.017
691.06	35.208
691.26	35.283
691.45	34.935
691.65	35.567
691.84	35.433
692.04	35.513
692.23	35.756
692.43	35.832
692.62	35.778
692.82	35.799
693.01	35.476
693.20	35.872
693.40	36.484
693.59	36.179
693.79	36.343
693.98	36.526
694.18	36.576
694.37	37.031
694.57	36.710
694.76	37.553
694.95	36.997
695.15	37.274
695.34	37.876
695.54	37.956
695.73	38.237
695.93	38.561
696.12	38.484
696.32	38.367
696.51	38.905
696.70	38.838
696.90	39.297
697.09	39.593
697.29	39.868
697.48	39.990
697.67	40.220
697.87	40.570
698.06	40.687
698.26	41.262
698.45	41.090
698.65	41.319
698.84	42.066
699.03	42.132
699.23	42.294
699.42	42.599
699.62	42.987
699.81	43.242
700.00	43.212
700.20	44.179
700.39	43.947
700.59	44.163
700.78	44.655
700.97	45.050
701.17	45.255
701.36	45.135
701.56	45.833
701.75	46.219
701.94	46.567
702.14	46.949
702.33	47.224
702.52	47.391
702.72	47.742
702.91	48.404
703.11	48.240
703.30	48.743
703.49	49.041
703.69	49.012
703.88	50.013
704.07	49.780
704.27	50.865
704.46	50.954
704.66	51.008
704.85	51.666
705.04	52.169
705.24	51.980
705.43	52.491
705.62	52.694
705.82	52.981
706.01	53.201
706.20	53.526
706.40	54.135
706.59	54.320
706.78	54.517
706.98	54.951
707.17	55.534
707.36	55.889
707.56	56.035
707.75	55.541
707.94	56.276
708.14	56.762
708.33	57.091
708.52	57.304
708.72	57.573
708.91	57.978
709.10	58.087
709.30	58.088
709.49	58.969
709.68	58.940
709.88	59.709
710.07	59.634
710.26	60.020
710.46	60.743
710.65	60.726
710.84	61.041
711.04	60.976
711.23	61.351
711.42	61.573
711.61	61.517
711.81	62.088
712.00	62.785
712.19	62.425
712.39	63.155
712.58	63.191
712.77	63.505
712.97	64.072
713.16	63.834
713.35	63.945
713.54	64.397
713.74	64.966
713.93	65.026
714.12	65.262
714.32	65.668
714.51	65.796
714.70	66.606
714.89	66.500
715.09	66.233
715.28	66.914
715.47	67.450
715.66	67.698
715.86	67.913
716.05	67.385
716.24	67.887
716.44	68.247
716.63	68.537
716.82	68.654
717.01	69.247
717.21	69.515
717.40	69.942
717.59	70.261
717.78	70.492
717.98	69.790
718.17	70.627
718.36	70.806
718.55	70.894
718.75	71.345
718.94	71.798
719.13	71.912
719.32	72.360
719.52	72.286
719.71	73.102
719.90	72.719
720.09	72.990
720.28	72.958
720.48	74.082
720.67	74.135
720.86	74.619
721.05	74.408
721.25	74.801
721.44	74.595
721.63	75.169
721.82	75.323
722.01	75.204
722.21	76.120
722.40	76.354
722.59	76.355
722.78	76.684
722.98	76.477
723.17	77.225
723.36	77.256
723.55	77.345
723.74	77.147
723.94	77.177
724.13	77.970
724.32	78.357
724.51	78.203
724.70	78.643
724.89	79.151
725.09	78.605
725.28	79.250
725.47	79.745
725.66	79.975
725.85	80.100
726.05	80.502
726.24	80.017
726.43	80.819
726.62	80.700
726.81	81.674
727.00	81.626
727.20	80.689
727.39	81.105
727.58	81.936
727.77	81.540
727.96	81.839
728.15	82.544
728.35	82.665
728.54	82.490
728.73	83.098
728.92	82.913
729.11	83.580
729.30	83.616
729.50	83.627
729.69	83.764
729.88	84.107
730.07	84.148
730.26	84.378
730.45	84.865
730.64	84.913
730.84	85.139
731.03	85.137
731.22	85.328
731.41	85.253
731.60	85.287
731.79	85.718
731.98	86.608
732.18	86.126
732.37	86.403
732.56	86.001
732.75	86.141
732.94	87.178
733.13	87.113
733.32	87.547
733.51	86.759
733.71	87.165
733.90	87.525
734.09	88.080
734.28	88.205
734.47	87.653
734.66	88.102
734.85	87.974
735.04	88.982
735.23	88.710
735.42	88.945
735.62	88.601
735.81	89.349
736.00	89.166
736.19	89.259
736.38	88.871
736.57	89.739
736.76	90.096
736.95	89.798
737.14	89.904
737.33	89.594
737.52	90.886
737.72	90.325
737.91	90.505
738.10	90.738
738.29	90.724
738.48	91.161
738.67	91.191
738.86	90.594
739.05	91.063
739.24	91.205
739.43	92.054
739.62	91.626
739.81	92.058
740.00	91.419
740.19	91.777
740.39	92.054
740.58	91.811
740.77	92.023
740.96	92.219
741.15	92.593
741.34	92.429
741.53	92.417
741.72	91.908
741.91	92.383
742.10	92.901
742.29	93.249
742.48	93.226
742.67	92.900
742.86	92.694
743.05	93.037
743.24	92.805
743.43	92.937
743.62	92.674
743.81	92.862
744.00	93.125
744.19	93.124
744.38	93.768
744.57	92.717
744.76	93.777
744.95	93.440
745.14	94.315
745.33	93.815
745.52	93.394
745.71	93.852
745.90	94.057
746.09	94.078
746.28	93.992
746.47	93.378
746.66	94.279
746.85	93.647
747.04	94.647
747.23	94.221
747.42	94.511
747.61	93.983
747.80	94.091
747.99	94.272
748.18	94.097
748.37	95.009
748.56	95.095
748.75	94.145
748.94	94.715
749.13	94.488
749.32	94.153
749.51	94.776
749.70	95.811
749.89	94.771
750.08	94.089
750.27	94.709
750.46	94.913
750.65	95.276
750.84	94.427
751.03	95.355
751.22	95.441
751.41	95.495
751.60	95.058
751.79	95.016
751.98	95.919
752.17	95.721
752.36	95.380
752.55	95.071
752.74	95.262
752.93	94.679
753.12	95.307
753.30	95.997
753.49	95.895
753.68	95.785
753.87	95.538
754.06	96.237
754.25	96.039
754.44	96.882
754.63	96.509
754.82	95.750
755.01	96.244
755.20	95.986
755.39	95.640
755.58	95.810
755.77	96.581
755.96	95.780
756.14	96.369
756.33	96.062
756.52	96.688
756.71	96.559
756.90	95.931
757.09	96.547
757.28	95.763
757.47	95.846
757.66	96.368
757.85	95.167
758.04	96.884
758.22	96.118
758.41	95.912
758.60	96.623
758.79	96.123
758.98	96.344
759.17	96.320
759.36	96.264
759.55	95.254
759.74	95.775
759.92	95.806
760.11	96.310
760.30	96.188
760.49	96.200
760.68	96.073
760.87	95.957
761.06	96.600
761.25	96.203
761.43	96.066
761.62	96.500
761.81	97.205
762.00	96.051
762.19	95.469
762.38	96.372
762.57	95.907
762.76	96.336
762.94	95.914
763.13	95.984
763.32	96.319
763.51	96.582
763.70	96.148
763.89	96.713
764.07	96.291
764.26	97.081
764.45	96.119
764.64	96.488
764.83	96.058
765.02	95.833
765.21	96.379
765.39	95.789
765.58	95.793
765.77	95.704
765.96	96.445
766.15	96.195
766.34	96.532
766.52	96.326
766.71	96.673
766.90	96.605
767.09	96.394
767.28	96.534
767.46	96.406
767.65	96.342
767.84	96.070
768.03	95.937
768.22	96.678
768.40	97.246
768.59	96.310
768.78	97.076
768.97	96.263
769.16	97.115
769.34	96.312
769.53	96.187
769.72	96.602
769.91	96.896
770.10	96.718
770.28	96.362
770.47	97.022
770.66	95.858
770.85	97.136
771.04	96.443
771.22	96.672
771.41	96.380
771.60	96.262
771.79	96.401
771.98	96.519
772.16	96.560
772.35	97.021
772.54	96.444
772.73	96.493
772.91	95.923
773.10	96.781
773.29	96.026
773.48	96.663
773.66	95.991
773.85	96.604
774.04	96.663
774.23	96.649
774.41	97.065
774.60	96.526
774.79	95.824
774.98	96.776
775.16	96.415
775.35	96.234
775.54	96.555
775.73	96.453
775.91	96.143
776.10	96.758
776.29	95.713
776.48	96.309
776.66	95.473
776.85	96.158
777.04	96.478
777.23	96.745
777.41	95.925
777.60	97.189
777.79	96.404
777.97	96.010
778.16	96.636
778.35	96.522
778.54	95.601
778.72	96.089
778.91	96.379
779.10	97.042
779.28	96.464
779.47	96.316
779.66	96.880
779.85	96.258
780.03	96.225
780.22	96.194
780.41	96.932
780.59	96.556
780.78	95.995
780.97	95.476
781.15	96.437
781.34	96.191
781.53	96.794
781.71	96.288
781.90	97.201
782.09	95.509
782.27	96.053
782.46	96.372
782.65	96.501
782.84	96.391
783.02	96.594
783.21	96.215
783.40	95.835
783.58	96.282
783.77	97.139
783.96	96.646
784.14	96.588
784.33	96.051
784.52	96.476
784.70	96.740
784.89	95.842
785.07	95.697
785.26	96.295
785.45	96.626
785.63	96.032
785.82	96.081
786.01	96.793
786.19	96.080
786.38	96.286
786.57	96.182
786.75	96.968
786.94	96.680
787.13	96.030
787.31	96.236
787.50	95.814
787.68	95.672
787.87	96.271
788.06	96.355
788.24	96.554
788.43	96.177
788.62	95.699
788.80	96.182
788.99	96.152
789.17	95.538
789.36	95.839
789.55	96.658
789.73	96.182
789.92	96.745
790.10	96.126
790.29	96.523
790.48	96.319
790.66	96.817
790.85	95.994
791.03	96.357
791.22	95.462
791.41	96.359
791.59	96.402
791.78	96.396
791.96	96.396
792.15	95.950
792.34	96.463
792.52	96.342
792.71	96.418
792.89	96.863
793.08	95.741
793.27	96.277
793.45	96.182
793.64	96.553
793.82	96.294
794.01	96.094
794.19	95.591
794.38	96.265
794.57	96.851
794.75	97.443
794.94	96.417
795.12	96.004
795.31	96.699
795.49	96.703
795.68	96.311
795.86	96.546
796.05	95.920
796.24	96.613
796.42	95.912
796.61	95.733
796.79	97.223
796.98	95.886
797.16	97.083
797.35	96.336
797.53	96.462
797.72	96.267
797.90	96.260
798.09	96.057
798.27	95.981
798.46	96.671
798.65	96.635
798.83	96.551
799.02	96.307
799.20	96.386
799.39	96.209
799.57	96.480
799.76	96.594
799.94	95.513
800.13	96.159
800.31	96.869
800.50	96.042
800.68	95.976
800.87	95.219
801.05	96.020
801.24	96.451
801.42	95.550
801.61	96.817
801.79	96.041
801.98	96.066
802.16	97.101
802.35	96.143
802.53	95.701
802.72	95.945
802.90	96.439
803.09	96.335
803.27	95.966
803.46	95.943
803.64	96.829
803.83	96.646
804.01	96.402
804.20	95.699
804.38	96.268
804.56	95.894
804.75	95.875
804.93	97.336
805.12	96.409
805.30	96.453
805.49	96.585
805.67	96.546
805.86	96.267
806.04	95.708
806.23	95.766
806.41	96.440
806.59	96.623
806.78	95.768
806.96	96.113
807.15	96.049
807.33	96.604
807.52	96.505
807.70	96.101
807.89	95.821
808.07	96.373
808.25	96.772
808.44	96.249
808.62	96.215
808.81	95.991
808.99	95.337
809.18	96.262
809.36	96.588
809.54	96.084
809.73	95.938
809.91	96.252
810.10	96.820
810.28	95.997
810.47	96.047
810.65	95.664
810.83	95.683
811.02	95.940
811.20	96.175
811.39	95.524
811.57	95.709
811.75	95.915
811.94	96.708
812.12	96.180
812.31	95.643
812.49	95.545
812.67	96.594
812.86	96.202
813.04	95.771
813.23	96.237
813.41	96.240
813.59	96.313
813.78	95.976
813.96	95.758
814.14	95.584
814.33	96.487
814.51	95.819
814.70	95.977
814.88	96.195
815.06	96.448
815.25	96.253
815.43	96.419
815.61	96.222
815.80	95.914
815.98	96.853
816.16	95.931
816.35	96.127
816.53	96.537
816.72	95.604
816.90	96.171
817.08	96.593
817.27	95.185
817.45	96.238
817.63	95.960
817.82	96.469
818.00	96.488
818.18	95.997
818.37	95.332
818.55	95.981
818.73	96.073
818.92	96.575
819.10	96.519
819.28	96.199
819.47	96.486
819.65	96.277
819.83	95.905
820.02	96.678
820.20	95.821
820.38	96.050
820.57	96.528
820.75	95.549
820.93	96.828
821.11	95.456
821.30	96.467
821.48	95.802
821.66	96.882
821.85	96.314
822.03	95.824
822.21	96.091
822.40	96.036
822.58	96.149
822.76	96.528
822.94	96.372
823.13	96.742
823.31	95.863
823.49	96.388
823.68	96.817
823.86	96.428
824.04	96.072
824.22	96.168
824.41	95.862
824.59	96.083
824.77	96.320
824.96	95.940
825.14	96.719
825.32	96.313
825.50	96.409
825.69	95.675
825.87	96.727
826.05	96.837
826.23	96.503
826.42	95.277
826.60	96.138
826.78	96.296
826.96	95.520
827.15	95.722
827.33	95.941
827.51	95.415
827.69	96.062
827.88	96.430
828.06	96.069
828.24	95.980
828.42	96.343
828.61	96.735
828.79	96.630
828.97	95.942
829.15	95.944
829.34	95.889
829.52	97.312
829.70	95.673
829.88	95.885
830.06	96.116
830.25	95.507
830.43	96.566
830.61	95.660
830.79	96.112
830.97	95.998
831.16	96.557
831.34	96.443
831.52	95.508
831.70	95.499
831.89	96.955
832.07	96.984
832.25	95.632
832.43	96.698
832.61	96.232
832.80	96.393
832.98	97.161
833.16	96.532
833.34	96.995
833.52	95.617
833.70	95.778
833.89	95.739
834.07	96.696
834.25	95.994
834.43	95.889
834.61	96.422
834.80	95.919
834.98	95.877
835.16	96.703
835.34	95.477
835.52	95.861
835.70	96.360
835.89	96.733
836.07	95.896
836.25	96.027
836.43	96.774
836.61	96.413
836.79	96.485
836.97	96.472
837.16	96.523
837.34	95.906
837.52	96.894
837.70	96.512
837.88	96.580
838.06	94.659
838.24	96.226
838.43	96.463
838.61	95.379
838.79	96.149
838.97	95.750
839.15	96.573
839.33	96.139
839.51	96.519
839.70	95.727
839.88	96.485
840.06	96.504
840.24	96.506
840.42	96.125
840.60	96.089
840.78	96.063
840.96	96.116
841.14	95.772
841.33	95.473
841.51	95.943
841.69	96.092
841.87	95.835
842.05	96.647
842.23	96.232
842.41	97.094
842.59	97.294
842.77	95.862
842.95	96.017
843.14	96.031
843.32	95.586
843.50	96.212
843.68	96.283
843.86	96.709
844.04	95.616
844.22	96.586
844.40	95.514
844.58	96.070
844.76	96.477
844.94	96.209
845.12	95.704
845.30	96.238
845.49	96.681
845.67	95.893
845.85	96.869
846.03	95.748
846.21	97.131
846.39	95.541
846.57	96.342
846.75	95.501
846.93	96.525
847.11	96.423
847.29	96.320
847.47	96.474
847.65	95.527
847.83	96.305
848.01	96.128
848.19	95.332
848.37	96.375
848.55	95.714
848.73	96.769
848.91	96.565
849.09	95.508
849.27	96.605
849.46	96.590
849.64	95.350
849.82	95.790
850.00	96.035
850.18	96.258
850.36	96.618
850.54	96.825
850.72	97.042
850.90	96.480
851.08	96.802
851.26	96.776
851.44	96.829
851.62	96.352
851.80	96.417
851.98	96.144
852.16	96.978
852.34	97.360
852.52	95.800
852.70	96.253
852.88	95.832
853.06	96.675
853.24	96.279
853.42	96.555
853.60	95.754
853.78	96.739
853.96	97.176
854.14	96.688
854.31	96.041
854.49	95.853
854.67	95.805
854.85	96.154
855.03	95.334
855.21	95.718
855.39	96.023
855.57	95.818
855.75	96.031
855.93	96.040
856.11	96.182
856.29	95.630
856.47	97.059
856.65	96.479
856.83	96.753
857.01	96.522
857.19	97.415
857.37	96.804
857.55	96.278
857.73	97.638
857.91	96.822
858.09	95.032
858.26	96.247
858.44	97.004
858.62	96.600
858.80	95.826
858.98	95.954
859.16	96.348
859.34	95.837
859.52	96.659
859.70	97.527
859.88	96.288
860.06	95.658
860.24	95.606
860.42	96.992
860.59	97.019
860.77	96.845
860.95	96.223
861.13	96.577
861.31	96.637
861.49	96.525
861.67	96.310
861.85	95.199
862.03	96.281
862.21	95.241
862.38	95.440
862.56	96.887
862.74	95.875
862.92	96.292
863.10	95.151
863.28	97.614
863.46	95.715
863.64	96.005
863.82	96.320
863.99	95.240
864.17	96.445
864.35	96.352
864.53	96.469
864.71	95.943
864.89	97.222
865.07	96.248
865.24	96.457
865.42	96.569
865.60	97.115
865.78	96.559
865.96	95.829
866.14	96.017
866.32	96.759
866.49	95.976
866.67	96.927
866.85	96.460
867.03	96.233
867.21	97.185
867.39	96.514
867.56	95.657
867.74	97.183
867.92	95.930
868.10	97.067
868.28	96.461
868.46	96.598
868.63	96.954
868.81	96.740
868.99	95.790
869.17	96.789
869.35	97.042
869.53	95.806
869.70	96.738
869.88	96.974
870.06	95.628
870.24	95.937
870.42	97.107
870.59	96.409
870.77	95.681
870.95	95.635
871.13	96.486
871.31	96.369
871.48	97.011
871.66	95.685
871.84	95.697
872.02	96.136
872.20	95.250
872.37	96.316
872.55	95.918
872.73	97.291
872.91	95.479
873.08	96.025
873.26	96.802
873.44	95.093
873.62	96.286
873.80	96.150
873.97	95.850
874.15	95.447
874.33	96.076
874.51	95.200
874.68	95.724
874.86	96.560
875.04	96.547
875.22	95.011
875.39	95.963
875.57	96.883
875.75	96.056
875.93	97.304
876.10	96.828
876.28	95.496
876.46	95.474
876.64	96.134
876.81	95.252
876.99	96.029
877.17	96.018
877.35	95.385
877.52	95.944
877.70	96.463
877.88	95.646
878.06	96.710
878.23	95.771
878.41	97.453
878.59	95.532
878.76	95.825
878.94	95.414
879.12	96.521
879.30	95.677
879.47	98.038
879.65	95.847
879.83	96.658
880.00	96.052
880.18	96.600
880.36	97.057
880.53	95.964
880.71	96.674
880.89	96.283
881.07	95.324
881.24	95.730
881.42	96.588
881.60	95.516
881.77	95.151
881.95	96.716
882.13	97.855
882.30	95.504
882.48	96.891
882.66	95.339
882.83	96.335
883.01	95.934
883.19	96.736
883.36	96.392
883.54	96.364
883.72	95.931
883.89	96.047
884.07	96.980
884.25	96.315
884.42	96.883
884.60	94.903
884.78	96.710
884.95	96.553
885.13	94.304
885.31	96.587
885.48	96.375
885.66	96.119
885.84	96.443
886.01	96.624
886.19	96.186
886.36	96.289
886.54	95.836
886.72	96.673
886.89	96.122
887.07	96.423
887.25	97.248
887.42	97.174
887.60	95.716
887.78	95.895
887.95	95.782
888.13	96.127
888.30	96.191
888.48	96.100
888.66	98.182
888.83	95.912
889.01	95.582
889.18	96.829
889.36	94.905
889.54	96.387
889.71	95.737
889.89	96.562
890.06	96.376
890.24	95.740
890.42	95.709
890.59	96.559
890.77	96.502
890.94	96.321
891.12	95.531
891.30	96.626
891.47	95.596
891.65	96.351
891.82	97.242
892.00	96.891
892.17	97.362
892.35	95.498
892.53	95.854
892.70	96.685
892.88	97.346
893.05	96.455
893.23	97.040
893.40	94.470
893.58	95.639
893.75	96.305
893.93	95.748
894.11	95.920
894.28	95.048
894.46	97.829
894.63	96.434
894.81	96.470
894.98	96.063
895.16	95.328
895.33	96.561
895.51	95.978
895.68	96.560
895.86	96.087
896.04	96.411
896.21	97.187
896.39	96.032
896.56	96.780
896.74	96.113
896.91	93.924
897.09	96.829
897.26	95.949
897.44	96.531
897.61	95.568
897.79	97.861
897.96	95.424
898.14	97.480
898.31	96.412
898.49	97.442
898.66	97.216
898.84	95.885
899.01	96.009
899.19	96.774
899.36	97.507
899.54	96.089
899.71	96.070
899.89	96.667
900.06	96.980
900.24	95.411
900.41	95.885
900.59	97.874
900.76	97.302
900.94	95.456
901.11	96.615
901.29	96.285
901.46	96.607
901.63	96.338
901.81	96.100
901.98	97.770
902.16	95.077
902.33	96.782
902.51	94.537
902.68	95.430
902.86	97.218
903.03	96.522
903.21	95.729
903.38	97.162
903.56	96.931
903.73	96.243
903.90	96.376
904.08	95.671
904.25	96.037
904.43	97.090
904.60	96.139
904.78	96.505
904.95	95.584
905.12	97.772
905.30	95.935
905.47	97.117
905.65	95.073
905.82	97.037
906.00	96.679
906.17	95.742
906.34	95.787
906.52	97.375
906.69	97.392
906.87	96.395
907.04	95.465
907.21	96.084
907.39	95.846
907.56	95.627
907.74	94.612
907.91	96.843
908.08	95.859
908.26	95.738
908.43	95.506
908.61	96.283
908.78	95.980
908.95	96.119
909.13	97.061
909.30	96.208
909.48	96.573
909.65	96.594
909.82	96.384
910.00	97.111
910.17	95.490
910.34	96.486
910.52	96.865
910.69	96.381
910.87	96.506
911.04	96.204
911.21	96.491
911.39	96.733
911.56	97.431
911.73	96.664
911.91	96.310
912.08	96.033
912.25	97.464
912.43	96.301
912.60	96.999
912.77	95.726
912.95	95.796
913.12	97.668
913.29	96.266
913.47	96.990
913.64	96.848
913.81	96.940
913.99	96.528
914.16	96.084
914.33	96.628
914.51	96.899
914.68	95.939
914.85	96.015
915.03	96.764
915.20	96.104
915.37	95.951
915.55	95.272
915.72	95.757
915.89	97.174
916.07	95.911
916.24	95.931
916.41	95.590
916.59	97.608
916.76	96.320
916.93	96.976
917.10	97.006
917.28	96.169
917.45	95.547
917.62	97.322
917.80	96.263
917.97	98.339
918.14	96.151
918.31	95.595
918.49	96.127
918.66	95.615
918.83	96.137
919.01	96.434
919.18	97.581
919.35	96.465
919.52	96.473
919.70	96.072
919.87	96.766
920.04	97.942
920.21	97.401
920.39	96.134
920.56	95.560
920.73	98.763
920.90	97.752
921.08	98.011
921.25	96.264
921.42	97.520
921.59	97.407
921.77	96.962
921.94	95.730
922.11	97.428
922.28	95.504
922.46	95.018
922.63	94.895
922.80	96.585
922.97	97.056
923.15	96.666
923.32	97.419
923.49	96.674
923.66	95.865
923.83	94.841
924.01	97.549
924.18	96.975
924.35	96.046
924.52	98.477
924.69	95.694
924.87	96.295
925.04	97.838
925.21	97.036
925.38	98.139
925.55	97.610
925.73	97.438
925.90	97.292
926.07	97.368
926.24	95.904
926.41	95.355
926.59	97.034
926.76	95.958
926.93	96.835
927.10	96.763
927.27	97.529
927.45	98.094
927.62	96.081
927.79	96.367
927.96	94.860
928.13	95.537
928.30	95.823
928.48	96.051
928.65	95.691
928.82	95.589
928.99	94.306
929.16	95.454
929.33	97.774
929.50	96.576
929.68	96.775
929.85	95.904
930.02	95.764
930.19	96.667
930.36	97.752
930.53	97.670
930.70	95.747
930.88	97.596
931.05	97.709
931.22	96.810
931.39	96.414
931.56	95.284
931.73	96.926
931.90	96.424
932.08	96.033
932.25	96.675
932.42	96.852
932.59	95.391
932.76	96.016
932.93	95.367
933.10	97.683
933.27	95.854
933.44	97.441
933.62	94.752
933.79	96.213
933.96	95.998
934.13	94.941
934.30	96.319
934.47	95.310
934.64	96.560
934.81	96.025
934.98	97.481
935.15	96.907
935.32	96.353
935.50	96.691
935.67	93.237
935.84	96.508
936.01	96.941
936.18	95.523
936.35	99.038
936.52	98.161
936.69	94.638
936.86	98.174
937.03	94.920
937.20	95.672
937.37	97.094
937.54	94.586
937.71	97.637
937.89	98.760
938.06	99.703
938.23	97.001
938.40	94.556
938.57	96.834
938.74	96.344
938.91	96.212
939.08	102.044
939.25	97.892
939.42	98.715
939.59	96.899
939.76	99.193
939.93	98.161
940.10	98.540
940.27	96.762
940.44	95.322
940.61	97.031
940.78	95.982
940.95	97.225
941.12	98.013
941.29	95.428
941.46	101.211
941.63	94.349
941.80	95.826
941.97	94.870
942.14	97.410
942.31	99.221
942.48	99.813
942.65	100.795
942.82	100.628
942.99	98.183
943.16	99.215
943.33	93.767
943.50	98.900
943.67	95.311
943.84	94.991
944.01	100.193
944.18	102.419
944.35	97.577
944.52	100.125
944.69	95.907
944.86	97.767
945.03	99.212
945.20	100.548
945.37	98.762
945.54	99.121
945.71	98.616
945.88	95.747
946.05	100.881
946.22	98.038
946.39	98.735
946.56	100.985
946.73	99.416
946.90	98.475
947.07	96.785
947.23	95.296
947.40	93.738
947.57	98.593
947.74	96.847
947.91	99.914
948.08	98.924
948.25	98.465
948.42	99.775
948.59	94.389
948.76	97.582
948.93	97.807
949.10	97.141
949.27	96.059
949.44	95.808
949.60	96.542
949.77	97.859
949.94	98.629
950.11	94.109
950.28	100.204
950.45	96.440
950.62	94.451
950.79	97.206
950.96	97.692
951.13	98.827
951.30	95.414
951.46	95.478
951.63	100.024
951.80	95.879
951.97	94.993
952.14	97.919
952.31	100.214
952.48	94.926
952.65	96.729
952.81	95.789
952.98	97.379
953.15	96.427
953.32	95.275
953.49	98.941
953.66	95.316
953.83	96.308
954.00	93.423
954.16	96.373
954.33	98.206
954.50	96.696
954.67	96.827
954.84	96.876
955.01	97.518
955.18	97.417
955.34	98.138
955.51	95.583
955.68	96.053
955.85	96.712
956.02	96.175
956.19	95.345
956.35	97.104
956.52	94.376
956.69	93.391
956.86	97.649
957.03	98.467
957.20	94.668
957.36	96.053
957.53	96.922
957.70	95.394
957.87	93.368
958.04	95.973
958.21	97.665
958.37	96.555
958.54	96.434
958.71	96.604
958.88	92.767
959.05	95.206
959.21	92.443
959.38	94.353
959.55	96.790
959.72	97.053
959.89	93.819
960.05	98.329
960.22	97.119
960.39	96.033
960.56	97.644
960.72	94.227
960.89	96.902
961.06	97.827
961.23	94.642
961.40	94.459
961.56	97.425
961.73	95.186
961.90	95.064
962.07	93.175
962.23	94.362
962.40	96.565
962.57	96.507
962.74	97.143
962.90	97.748
963.07	95.962
963.24	97.272
963.41	96.232
963.57	96.162
963.74	98.509
963.91	98.027
964.08	95.753
964.24	97.624
964.41	92.216
964.58	95.264
964.75	95.773
964.91	97.318
965.08	93.292
965.25	96.265
965.42	95.989
965.58	93.667
965.75	97.630
965.92	95.353
966.08	97.764
966.25	96.122
966.42	99.329
966.59	95.055
966.75	95.490
966.92	95.533
967.09	98.444
967.25	97.962
967.42	93.144
967.59	91.776
967.75	95.246
967.92	97.097
968.09	95.602
968.26	94.791
968.42	98.834
968.59	95.658
968.76	96.122
968.92	96.378
969.09	94.753
969.26	96.661
969.42	95.910
969.59	99.396
969.76	96.969
969.92	95.829
970.09	98.826
970.26	95.812
970.42	92.939
970.59	93.657
970.76	96.320
970.92	94.803
971.09	97.656
971.26	95.242
971.42	94.063
971.59	96.796
971.76	96.036
971.92	95.058
972.09	98.555
972.25	93.357
972.42	95.823
972.59	97.551
972.75	94.541
972.92	95.375
973.09	98.015
973.25	94.369
973.42	96.024
973.58	96.075
973.75	100.310
973.92	95.398
974.08	94.906
974.25	96.376
974.42	93.850
974.58	95.050
974.75	91.686
974.91	98.193
975.08	97.892
975.25	96.565
975.41	93.538
975.58	98.210
975.74	97.882
975.91	93.884
976.08	97.700
976.24	96.000
976.41	96.417
976.57	95.189
976.74	95.281
976.91	97.747
977.07	98.229
977.24	97.172
977.40	98.165
977.57	95.812
977.73	94.385
977.90	98.472
978.07	93.776
978.23	94.382
978.40	94.159
978.56	95.577
978.73	91.632
978.89	93.950
979.06	95.492
979.22	96.818
979.39	92.693
979.56	95.271
979.72	94.790
979.89	100.742
980.05	95.071
980.22	96.083
980.38	94.254
980.55	96.057
980.71	98.343
980.88	95.811
981.04	95.538
981.21	95.682
981.37	96.200
981.54	91.472
981.70	96.643
981.87	95.753
982.04	96.967
982.20	97.443
982.37	98.744
982.53	94.046
982.70	98.879
982.86	93.402
983.03	97.460
983.19	99.442
983.36	91.705
983.52	96.664
983.69	94.161
983.85	95.416
984.02	97.706
984.18	95.542
984.35	95.737
984.51	97.144
984.68	99.147
984.84	96.269
985.00	96.893
985.17	99.604
985.33	96.601
985.50	95.480
985.66	98.042
985.83	95.403
985.99	94.456
986.16	96.998
986.32	96.998
986.49	94.022
986.65	94.395
986.82	96.928
986.98	96.428
987.15	96.257
987.31	95.645
987.47	97.655
987.64	98.329
987.80	96.972
987.97	99.344
988.13	98.063
988.30	96.441
988.46	98.402
988.63	97.224
988.79	101.016
988.95	99.667
989.12	96.388
989.28	96.039
989.45	97.898
989.61	94.655
989.77	93.110
989.94	97.910
990.10	97.222
990.27	98.159
990.43	99.435
990.60	93.820
990.76	92.950
990.92	95.056
991.09	99.863
991.25	95.060
991.42	98.415
991.58	93.371
991.74	98.960
991.91	95.429
992.07	95.045
992.24	94.300
992.40	97.027
992.56	92.949
992.73	98.110
992.89	95.025
993.05	96.377
993.22	95.553
993.38	97.336
993.55	98.727
993.71	98.317
993.87	94.634
994.04	100.637
994.20	96.971
994.36	95.234
994.53	99.484
994.69	95.438
994.85	96.306
995.02	99.429
995.18	97.744
995.34	94.576
995.51	98.337
995.67	93.296
995.84	97.084
996.00	94.887
996.16	96.878
996.33	97.401
996.49	99.171
996.65	96.888
996.82	100.639
996.98	97.096
997.14	98.119
997.31	96.785
997.47	96.288
997.63	97.672
997.79	100.649
997.96	96.705
998.12	90.141
998.28	96.882
998.45	96.743
998.61	95.666
998.77	97.663
998.94	97.631
999.10	95.534
999.26	98.515
999.43	100.723
999.59	95.051
999.75	95.789
999.91	95.405
1000.08	96.490
1000.24	94.126
1000.40	98.558
1000.57	97.528
1000.73	96.322
1000.89	94.070
1001.05	93.224
1001.22	89.748
1001.38	91.289
1001.54	93.108
1001.70	101.606
1001.87	99.085
1002.03	95.708
1002.19	99.232
1002.35	96.709
1002.52	96.937
1002.68	95.369
1002.84	94.277
1003.00	93.072
1003.17	96.764
1003.33	97.390
1003.49	97.792
1003.65	100.418
1003.82	98.628
1003.98	89.787
1004.14	96.201
1004.30	94.808
1004.47	101.553
1004.63	98.419
1004.79	101.950
1004.95	97.402
1005.11	95.866
1005.28	96.599
1005.44	91.635
1005.60	96.426
1005.76	97.944
1005.93	100.373
1006.09	94.724
1006.25	98.451
1006.41	98.932
1006.57	95.375
1006.74	93.416
1006.90	95.207
1007.06	96.020
1007.22	98.622
1007.38	93.970
1007.55	94.272
1007.71	94.774
1007.87	97.128
1008.03	104.574
1008.19	99.533
1008.35	98.217
1008.52	99.862
1008.68	95.480
1008.84	97.531
1009.00	93.079
1009.16	98.772
1009.32	93.440
1009.49	94.326
1009.65	98.935
1009.81	93.544
1009.97	99.711
1010.13	99.193
1010.29	99.471
1010.46	99.291
1010.62	95.611
1010.78	97.026
1010.94	94.927
1011.10	100.297
1011.26	104.476
1011.42	99.180
1011.59	98.817
1011.75	96.164
1011.91	94.163
1012.07	98.324
1012.23	106.714
1012.39	98.899
1012.55	92.087
1012.71	90.521
1012.88	98.679
1013.04	93.505
1013.20	96.206
1013.36	91.090
1013.52	94.482
1013.68	102.830
1013.84	101.259
1014.00	98.672
1014.16	107.510
1014.33	98.353
1014.49	101.374
1014.65	96.998
1014.81	98.549
1014.97	100.333
1015.13	92.710
1015.29	99.884
1015.45	93.667
1015.61	95.640
1015.77	93.726
1015.93	96.282
1016.09	102.169
1016.26	95.657
1016.42	98.054
1016.58	94.229
1016.74	100.972
1016.90	103.446
1017.06	110.058
1017.22	97.012
1017.38	103.365
1017.54	90.974
1017.70	99.646
1017.86	98.802
1018.02	99.064
1018.18	104.288
1018.34	95.572
1018.50	99.864
1018.66	101.868
1018.82	99.243
1018.98	93.047
1019.14	96.634
1019.31	101.340
1019.47	98.723
1019.63	96.047
1019.79	99.405
1019.95	102.323
1020.11	98.212
1020.27	97.394
1020.43	102.235
1020.59	97.251
1020.75	100.140
1020.91	98.620
1021.07	99.015
1021.23	96.263
1021.39	90.903
1021.55	103.275
1021.71	97.660
1021.87	96.818
1022.03	89.960
1022.19	94.118
1022.35	92.331
1022.51	92.889
1022.67	108.247
1022.83	104.463
1022.99	104.667
1023.15	103.275
1023.31	98.519
1023.47	91.829
1023.63	97.747
1023.79	95.824
1023.95	97.052
1024.10	98.310
1024.26	92.273
1024.42	104.894
1024.58	117.521
1024.74	99.392
1024.90	106.627
1025.06	93.836
1025.22	109.100
1025.38	102.707
1025.54	94.165
1025.70	101.013
1025.86	107.874
1026.02	105.486
1026.18	98.423
1026.34	96.336
1026.50	93.611
1026.66	101.617
1026.82	97.345
1026.98	90.566
1027.13	98.975
1027.29	97.515
1027.45	100.181
1027.61	108.356
1027.77	98.373
1027.93	95.385
1028.09	110.144
1028.25	103.644
1028.41	100.523
1028.57	102.750
1028.73	105.854
1028.88	89.941
1029.04	100.469
1029.20	102.395
1029.36	100.463
1029.52	97.684
1029.68	98.138
1029.84	90.212
1030.00	87.408
1030.16	98.770
1030.32	88.212
1030.47	103.516
1030.63	98.891
1030.79	98.257
1030.95	102.423
1031.11	106.688
1031.27	91.763
1031.43	88.052
1031.59	114.775
1031.74	95.309
1031.90	106.429
1032.06	87.473
1032.22	88.095
1032.38	108.193
1032.54	97.537
1032.69	106.836
1032.85	101.648
1033.01	107.135
1033.17	97.904
1033.33	107.407
1033.49	96.859
1033.65	109.123
1033.80	108.524
1033.96	117.989
1034.12	103.646
1034.28	88.727
1034.44	115.092
1034.60	95.455
1034.75	101.153
1034.91	94.236
1035.07	89.589
1035.23	101.430
1035.39	107.051
1035.54	107.909
1035.70	96.221
1035.86	98.171
1036.02	92.778
1036.18	107.240
1036.33	107.191
1036.49	105.357
1036.65	108.289
1036.81	98.236
1036.97	88.327
1037.12	121.395
1037.28	104.956
1037.44	102.080
1037.60	104.634
1037.76	94.174
1037.91	83.383
1038.07	111.486
1038.23	90.335
1038.39	115.609
1038.54	78.067
1038.70	107.444
1038.86	100.462
1039.02	86.163
1039.17	105.988
1039.33	92.171
1039.49	106.901
1039.65	86.906
1039.80	98.390
1039.96	101.674
1040.12	89.882
1040.28	92.724
>>>>> Data<<<<< Espectral Procesado Extremo
