Fichero De Datos De SpectraSuite
++++++++++++++++++++++++++++++++++++
Fecha: Wed Jul 15 10:38:40 CST 2026
Usuario: HP
Presente Oscuro Del Espectro: Sí
La Referencia de Presente Del Espectro De: Sí
Muestreados de los componentes de Número de espectros: 1
Espectrómetros: USB4H06056
Tiempo de integración (usec): 300000 (USB4H06056)
Promedio de Espectros Hechos un: 5 (USB4H06056)
El Alisar Del Furgón: 0 (USB4H06056)
Párrafo de de Corregir del la del del de Eléctrica del obscuridad: No (USB4H06056)
Estrobo/Lámpara Permitido: No (USB4H06056)
Correct for Detector Non-linearity: No (USB4H06056)
Párrafo de de Corregir del la del del de Externa del luz: No (USB4H06056)
Procesado del espectro de Número de pixeles en: 3648
>>>>> Comienza Data<<<<< Espectral Procesado Del EL
345.09	116.038
345.30	116.038
345.52	116.038
345.74	12.069
345.95	122.951
346.17	-144.068
346.39	9900.000
346.60	259.615
346.82	-545.000
347.04	-1571.429
347.25	1325.000
347.47	1454.545
347.69	-95.833
347.90	36.364
348.12	4000.000
348.34	1428.571
348.56	-21.538
348.77	-64.151
348.99	167.416
349.21	71.595
349.42	147.020
349.64	132.727
349.86	47.090
350.07	121.008
350.29	165.979
350.51	221.875
350.72	153.005
350.94	45.494
351.16	93.023
351.37	46.497
351.59	117.711
351.81	152.381
352.02	156.044
352.24	-8.889
352.46	78.537
352.67	74.510
352.89	73.222
353.10	32.571
353.32	56.198
353.54	53.191
353.75	42.105
353.97	88.535
354.19	155.319
354.40	78.689
354.62	220.388
354.84	41.284
355.05	67.556
355.27	86.957
355.49	48.458
355.70	88.333
355.92	428.571
356.14	171.166
356.35	111.852
356.57	81.250
356.78	21.333
357.00	122.772
357.22	97.605
357.43	73.756
357.65	99.270
357.87	138.739
358.08	128.571
358.30	216.279
358.51	77.019
358.73	53.623
358.95	167.742
359.16	115.200
359.38	112.500
359.60	70.330
359.81	168.966
360.03	82.906
360.24	131.293
360.46	72.845
360.68	37.791
360.89	82.514
361.11	142.857
361.33	94.203
361.54	123.333
361.76	89.500
361.97	89.474
362.19	105.306
362.41	252.239
362.62	155.634
362.84	88.068
363.05	174.699
363.27	124.540
363.49	135.065
363.70	113.816
363.92	134.673
364.13	160.000
364.35	95.918
364.57	55.294
364.78	83.851
365.00	194.690
365.21	80.822
365.43	247.500
365.65	113.265
365.86	122.713
366.08	129.412
366.29	80.000
366.51	183.750
366.73	118.254
366.94	211.475
367.16	214.943
367.37	125.610
367.59	136.154
367.80	79.389
368.02	118.935
368.24	-3.665
368.45	85.161
368.67	136.496
368.88	120.530
369.10	66.265
369.31	84.127
369.53	123.077
369.75	140.936
369.96	248.837
370.18	114.091
370.39	135.849
370.61	132.456
370.82	83.505
371.04	88.889
371.26	145.324
371.47	143.919
371.69	131.579
371.90	138.938
372.12	134.815
372.33	180.303
372.55	96.825
372.76	95.652
372.98	62.304
373.20	66.135
373.41	181.188
373.63	162.832
373.84	129.104
374.06	43.256
374.27	190.984
374.49	149.412
374.70	130.508
374.92	450.000
375.13	99.505
375.35	83.158
375.57	98.837
375.78	84.466
376.00	100.617
376.21	151.500
376.43	147.651
376.64	85.650
376.86	135.484
377.07	156.731
377.29	146.930
377.50	269.811
377.72	93.145
377.93	125.126
378.15	85.714
378.36	129.054
378.58	121.891
378.80	114.103
379.01	124.309
379.23	146.479
379.44	140.113
379.66	106.032
379.87	177.640
380.09	112.838
380.30	137.805
380.52	151.880
380.73	386.275
380.95	150.725
381.16	101.145
381.38	169.955
381.59	138.889
381.81	101.838
382.02	200.820
382.24	82.778
382.45	92.929
382.67	126.842
382.88	153.886
383.10	137.143
383.31	117.333
383.53	137.681
383.74	90.222
383.96	95.468
384.17	128.947
384.39	95.638
384.60	111.111
384.82	192.308
385.03	133.488
385.25	119.565
385.46	57.838
385.68	157.073
385.89	86.420
386.11	150.000
386.32	106.019
386.54	99.582
386.75	127.113
386.97	114.226
387.18	118.534
387.40	101.119
387.61	111.765
387.83	100.441
388.04	327.103
388.25	204.478
388.47	139.057
388.68	143.243
388.90	121.978
389.11	119.030
389.33	82.918
389.54	126.316
389.76	121.456
389.97	123.478
390.19	158.264
390.40	122.513
390.62	123.148
390.83	188.288
391.05	97.705
391.26	136.101
391.47	88.089
391.69	98.387
391.90	151.813
392.12	148.319
392.33	104.911
392.55	118.909
392.76	100.000
392.98	143.985
393.19	97.046
393.41	151.737
393.62	114.557
393.83	113.166
394.05	108.108
394.26	114.706
394.48	130.556
394.69	123.377
394.91	103.413
395.12	98.039
395.34	117.493
395.55	129.123
395.76	127.968
395.98	109.148
396.19	114.199
396.41	126.901
396.62	58.937
396.84	108.282
397.05	118.276
397.26	120.891
397.48	138.554
397.69	111.634
397.91	151.899
398.12	133.828
398.33	107.493
398.55	200.000
398.76	113.913
398.98	125.390
399.19	113.776
399.41	123.220
399.62	111.003
399.83	114.846
400.05	100.240
400.26	105.543
400.48	135.014
400.69	118.617
400.90	160.596
401.12	86.468
401.33	176.923
401.55	125.995
401.76	195.980
401.97	80.874
402.19	109.592
402.40	100.962
402.62	120.278
402.83	113.285
403.04	124.048
403.26	120.968
403.47	104.587
403.69	107.438
403.90	91.349
404.11	105.400
404.33	121.028
404.54	123.460
404.76	115.402
404.97	97.466
405.18	98.821
405.40	119.705
405.61	102.302
405.83	90.055
406.04	123.718
406.25	124.480
406.47	100.594
406.68	103.913
406.89	106.884
407.11	104.962
407.32	87.564
407.54	130.878
407.75	136.913
407.96	101.316
408.18	98.113
408.39	106.028
408.60	86.003
408.82	92.970
409.03	107.719
409.24	97.913
409.46	75.641
409.67	89.087
409.89	99.495
410.10	89.771
410.31	96.639
410.53	84.629
410.74	100.000
410.95	82.956
411.17	88.576
411.38	83.576
411.59	76.029
411.81	90.691
412.02	87.945
412.23	81.297
412.45	75.871
412.66	74.157
412.87	85.567
413.09	80.571
413.30	81.735
413.51	86.554
413.73	84.367
413.94	68.026
414.15	75.240
414.37	67.521
414.58	76.240
414.79	75.431
415.01	71.746
415.22	75.949
415.43	68.786
415.65	82.181
415.86	66.542
416.07	72.435
416.29	75.075
416.50	61.670
416.71	68.733
416.93	55.968
417.14	65.620
417.35	63.366
417.57	71.208
417.78	68.083
417.99	53.641
418.21	60.173
418.42	50.393
418.63	62.128
418.85	67.152
419.06	64.019
419.27	62.846
419.48	55.715
419.70	57.963
419.91	50.101
420.12	55.698
420.34	50.763
420.55	50.101
420.76	49.825
420.98	55.154
421.19	52.421
421.40	52.592
421.61	51.551
421.83	50.570
422.04	45.168
422.25	51.009
422.47	49.209
422.68	47.260
422.89	39.582
423.11	47.632
423.32	44.068
423.53	47.439
423.74	43.523
423.96	35.406
424.17	47.331
424.38	45.267
424.59	41.352
424.81	41.674
425.02	41.009
425.23	45.754
425.45	39.956
425.66	38.553
425.87	42.723
426.08	41.363
426.30	41.246
426.51	43.740
426.72	36.572
426.93	37.332
427.15	44.055
427.36	37.771
427.57	37.300
427.79	38.291
428.00	36.218
428.21	68.952
428.42	37.960
428.64	38.106
428.85	36.090
429.06	34.808
429.27	31.106
429.49	34.202
429.70	35.727
429.91	37.261
430.12	37.179
430.34	33.892
430.55	30.238
430.76	32.680
430.97	33.333
431.19	33.781
431.40	34.222
431.61	34.132
431.82	36.093
432.03	33.853
432.25	34.683
432.46	35.444
432.67	31.488
432.88	33.384
433.10	33.532
433.31	34.762
433.52	34.208
433.73	36.277
433.95	32.254
434.16	34.226
434.37	33.556
434.58	31.451
434.79	31.339
435.01	33.809
435.22	31.371
435.43	33.369
435.64	31.075
435.86	33.315
436.07	35.580
436.28	31.257
436.49	32.591
436.70	32.052
436.92	35.574
437.13	34.832
437.34	31.134
437.55	33.444
437.76	32.842
437.98	36.064
438.19	31.275
438.40	31.836
438.61	31.437
438.82	31.185
439.04	29.187
439.25	34.025
439.46	31.749
439.67	31.388
439.88	35.865
440.10	30.991
440.31	33.234
440.52	30.644
440.73	33.310
440.94	33.082
441.16	31.300
441.37	30.628
441.58	34.730
441.79	31.579
442.00	33.046
442.21	31.567
442.43	30.204
442.64	32.295
442.85	31.561
443.06	31.709
443.27	33.661
443.48	30.496
443.70	30.995
443.91	31.647
444.12	33.284
444.33	32.938
444.54	29.504
444.75	33.279
444.97	31.824
445.18	31.007
445.39	29.795
445.60	31.054
445.81	29.905
446.02	31.897
446.24	31.636
446.45	32.245
446.66	30.171
446.87	33.966
447.08	32.384
447.29	31.024
447.51	30.134
447.72	31.887
447.93	31.901
448.14	31.743
448.35	31.878
448.56	31.952
448.77	32.600
448.99	29.490
449.20	30.617
449.41	32.100
449.62	30.997
449.83	32.629
450.04	31.022
450.25	32.549
450.46	32.469
450.68	31.767
450.89	30.509
451.10	32.362
451.31	30.151
451.52	32.952
451.73	30.835
451.94	30.036
452.15	32.070
452.37	32.909
452.58	31.085
452.79	34.372
453.00	31.201
453.21	31.100
453.42	33.306
453.63	32.702
453.84	32.825
454.06	33.475
454.27	33.459
454.48	30.961
454.69	33.668
454.90	31.777
455.11	31.321
455.32	33.470
455.53	32.686
455.74	32.329
455.95	32.027
456.17	31.816
456.38	32.340
456.59	33.115
456.80	32.845
457.01	33.598
457.22	32.397
457.43	31.803
457.64	32.541
457.85	33.555
458.06	30.816
458.27	32.367
458.49	32.543
458.70	31.592
458.91	31.777
459.12	31.880
459.33	32.679
459.54	34.990
459.75	34.948
459.96	33.164
460.17	33.448
460.38	31.921
460.59	33.459
460.80	32.855
461.01	31.227
461.23	31.723
461.44	32.758
461.65	31.714
461.86	33.338
462.07	33.546
462.28	33.502
462.49	32.811
462.70	33.568
462.91	32.677
463.12	31.831
463.33	33.482
463.54	32.132
463.75	31.407
463.96	33.247
464.17	32.858
464.38	32.907
464.59	33.455
464.81	32.552
465.02	33.861
465.23	31.859
465.44	33.192
465.65	31.205
465.86	32.754
466.07	34.153
466.28	32.868
466.49	34.475
466.70	32.377
466.91	33.932
467.12	34.174
467.33	33.001
467.54	33.821
467.75	33.316
467.96	33.485
468.17	32.574
468.38	32.517
468.59	32.913
468.80	32.276
469.01	32.793
469.22	32.526
469.43	34.969
469.64	33.053
469.85	32.985
470.06	32.452
470.27	33.239
470.48	32.903
470.69	32.271
470.90	31.908
471.11	33.176
471.32	30.971
471.53	34.136
471.74	33.621
471.95	31.477
472.16	34.156
472.37	34.131
472.58	32.600
472.79	32.225
473.00	32.869
473.21	32.836
473.42	34.580
473.63	32.898
473.84	32.269
474.05	33.036
474.26	32.421
474.47	33.144
474.68	32.252
474.89	34.418
475.10	33.488
475.31	33.538
475.52	32.610
475.73	34.491
475.94	33.532
476.15	33.997
476.36	33.929
476.57	32.643
476.78	34.070
476.99	33.330
477.20	34.166
477.41	33.160
477.62	33.464
477.83	33.442
478.04	33.345
478.25	32.498
478.46	34.247
478.67	33.987
478.88	33.260
479.09	33.843
479.30	34.460
479.51	32.887
479.72	33.164
479.93	33.005
480.14	33.250
480.35	33.582
480.56	33.312
480.77	34.481
480.98	34.441
481.18	33.589
481.39	33.845
481.60	33.333
481.81	33.479
482.02	33.331
482.23	34.003
482.44	34.013
482.65	32.235
482.86	34.093
483.07	33.917
483.28	33.374
483.49	33.533
483.70	33.272
483.91	33.074
484.12	33.097
484.33	33.210
484.53	34.025
484.74	33.792
484.95	34.315
485.16	32.525
485.37	33.780
485.58	33.685
485.79	34.292
486.00	34.516
486.21	32.652
486.42	33.068
486.63	34.071
486.84	33.880
487.05	32.797
487.25	34.564
487.46	33.511
487.67	33.243
487.88	34.061
488.09	33.976
488.30	33.711
488.51	35.149
488.72	33.466
488.93	34.152
489.14	33.834
489.35	32.834
489.55	33.441
489.76	33.227
489.97	33.507
490.18	34.520
490.39	34.540
490.60	33.901
490.81	34.226
491.02	33.674
491.23	33.657
491.43	33.990
491.64	34.029
491.85	34.288
492.06	33.375
492.27	33.776
492.48	33.724
492.69	34.194
492.90	33.809
493.11	33.160
493.31	34.431
493.52	34.213
493.73	34.563
493.94	33.997
494.15	34.379
494.36	34.646
494.57	33.738
494.78	33.516
494.98	34.184
495.19	34.489
495.40	34.326
495.61	34.293
495.82	34.497
496.03	34.469
496.24	33.644
496.44	33.916
496.65	34.098
496.86	33.701
497.07	34.628
497.28	34.075
497.49	34.260
497.70	34.793
497.90	34.521
498.11	34.545
498.32	33.690
498.53	34.911
498.74	33.909
498.95	34.283
499.15	34.311
499.36	34.241
499.57	34.796
499.78	34.313
499.99	34.638
500.20	34.438
500.40	34.775
500.61	34.618
500.82	34.880
501.03	34.391
501.24	34.345
501.45	34.328
501.65	34.503
501.86	34.826
502.07	34.542
502.28	35.151
502.49	34.505
502.70	34.460
502.90	34.428
503.11	34.418
503.32	34.615
503.53	34.303
503.74	35.220
503.94	35.361
504.15	35.430
504.36	34.496
504.57	34.666
504.78	34.666
504.98	34.759
505.19	34.768
505.40	34.972
505.61	35.021
505.82	34.490
506.02	35.021
506.23	34.436
506.44	34.923
506.65	35.129
506.86	34.975
507.06	34.911
507.27	35.404
507.48	35.233
507.69	34.989
507.90	34.865
508.10	34.789
508.31	35.798
508.52	35.135
508.73	35.043
508.94	35.179
509.14	35.517
509.35	35.710
509.56	35.525
509.77	35.375
509.97	35.361
510.18	35.090
510.39	35.351
510.60	35.208
510.80	36.737
511.01	36.275
511.22	36.222
511.43	35.853
511.64	35.864
511.84	36.328
512.05	36.200
512.26	35.790
512.47	36.145
512.67	35.814
512.88	35.892
513.09	36.574
513.30	36.169
513.50	36.272
513.71	36.417
513.92	36.504
514.13	36.244
514.33	36.809
514.54	36.679
514.75	36.973
514.96	36.259
515.16	37.092
515.37	37.494
515.58	37.340
515.78	36.441
515.99	37.386
516.20	37.752
516.41	37.564
516.61	37.575
516.82	37.526
517.03	37.859
517.24	37.368
517.44	37.561
517.65	37.724
517.86	38.025
518.07	38.293
518.27	37.813
518.48	38.353
518.69	38.062
518.89	38.953
519.10	38.455
519.31	38.970
519.52	39.025
519.72	38.808
519.93	38.778
520.14	38.245
520.34	38.748
520.55	39.575
520.76	39.679
520.96	39.535
521.17	39.947
521.38	38.947
521.59	39.949
521.79	39.578
522.00	39.825
522.21	39.919
522.41	40.695
522.62	39.928
522.83	40.973
523.03	41.141
523.24	41.014
523.45	40.784
523.66	40.185
523.86	40.676
524.07	41.058
524.28	41.628
524.48	40.768
524.69	41.651
524.90	41.832
525.10	41.850
525.31	42.318
525.52	42.107
525.72	42.225
525.93	42.181
526.14	42.608
526.34	41.924
526.55	42.416
526.76	43.245
526.96	42.616
527.17	43.495
527.38	42.767
527.58	42.723
527.79	43.150
528.00	43.650
528.20	43.071
528.41	43.504
528.62	44.250
528.82	43.569
529.03	43.675
529.24	44.215
529.44	44.162
529.65	44.320
529.85	44.006
530.06	44.458
530.27	44.593
530.47	44.273
530.68	44.819
530.89	44.357
531.09	44.715
531.30	45.417
531.51	44.793
531.71	45.386
531.92	45.352
532.13	44.615
532.33	45.818
532.54	45.190
532.74	45.901
532.95	46.438
533.16	45.553
533.36	45.514
533.57	46.303
533.78	46.238
533.98	45.925
534.19	46.853
534.39	46.373
534.60	46.938
534.81	46.502
535.01	46.390
535.22	46.580
535.42	46.659
535.63	46.559
535.84	46.779
536.04	46.366
536.25	46.825
536.45	46.824
536.66	46.765
536.87	47.314
537.07	46.849
537.28	47.606
537.48	47.200
537.69	47.226
537.90	47.420
538.10	46.906
538.31	46.731
538.51	47.777
538.72	47.501
538.93	47.683
539.13	46.357
539.34	47.914
539.54	48.147
539.75	47.730
539.96	48.121
540.16	48.132
540.37	47.757
540.57	47.753
540.78	46.899
540.98	48.010
541.19	47.767
541.40	48.166
541.60	47.571
541.81	48.096
542.01	47.793
542.22	47.868
542.42	47.674
542.63	48.032
542.83	48.242
543.04	47.881
543.25	48.194
543.45	47.972
543.66	47.812
543.86	48.067
544.07	48.213
544.27	48.055
544.48	48.562
544.68	47.751
544.89	48.127
545.10	48.224
545.30	47.835
545.51	48.069
545.71	47.984
545.92	48.389
546.12	48.313
546.33	48.548
546.53	47.980
546.74	48.200
546.94	48.157
547.15	48.480
547.36	48.934
547.56	48.356
547.77	48.039
547.97	48.427
548.18	48.464
548.38	48.549
548.59	47.959
548.79	48.315
549.00	48.729
549.20	47.817
549.41	48.705
549.61	48.314
549.82	48.451
550.02	48.432
550.23	48.938
550.43	48.953
550.64	48.836
550.84	48.800
551.05	48.972
551.25	48.026
551.46	48.358
551.66	48.472
551.87	48.436
552.07	48.676
552.28	49.123
552.48	48.696
552.69	48.792
552.89	48.971
553.10	48.943
553.30	48.652
553.51	48.550
553.71	48.488
553.92	49.283
554.12	48.684
554.33	48.966
554.53	48.669
554.74	48.686
554.94	48.952
555.15	49.131
555.35	48.899
555.56	48.801
555.76	48.866
555.97	48.966
556.17	49.039
556.38	48.682
556.58	48.842
556.78	49.082
556.99	48.901
557.19	48.745
557.40	48.921
557.60	48.877
557.81	49.150
558.01	49.038
558.22	48.982
558.42	48.905
558.63	49.147
558.83	48.892
559.04	48.540
559.24	48.854
559.44	48.603
559.65	48.204
559.85	48.879
560.06	48.929
560.26	48.990
560.47	48.673
560.67	48.971
560.88	49.033
561.08	48.675
561.28	48.317
561.49	48.558
561.69	48.464
561.90	48.497
562.10	48.463
562.31	48.383
562.51	48.462
562.71	49.274
562.92	48.020
563.12	48.328
563.33	48.929
563.53	48.583
563.74	48.157
563.94	48.270
564.14	47.796
564.35	48.679
564.55	47.838
564.76	47.803
564.96	48.241
565.17	47.987
565.37	47.979
565.57	48.114
565.78	47.389
565.98	47.810
566.19	47.328
566.39	47.539
566.59	47.574
566.80	47.466
567.00	47.374
567.21	47.598
567.41	48.029
567.61	47.724
567.82	48.052
568.02	47.560
568.23	47.706
568.43	47.556
568.63	47.214
568.84	46.855
569.04	47.069
569.24	47.290
569.45	46.807
569.65	46.547
569.86	46.678
570.06	47.094
570.26	46.420
570.47	46.728
570.67	46.296
570.87	46.306
571.08	46.396
571.28	46.141
571.49	46.230
571.69	45.794
571.89	45.266
572.10	45.714
572.30	45.631
572.50	45.541
572.71	45.598
572.91	45.461
573.11	45.295
573.32	45.587
573.52	45.157
573.73	45.421
573.93	45.287
574.13	45.131
574.34	45.461
574.54	44.973
574.74	44.975
574.95	44.692
575.15	45.040
575.35	44.535
575.56	44.416
575.76	44.402
575.96	44.195
576.17	44.477
576.37	44.342
576.57	44.307
576.78	43.975
576.98	44.194
577.18	44.097
577.39	43.780
577.59	44.099
577.79	43.578
578.00	43.949
578.20	43.910
578.40	43.907
578.61	43.136
578.81	43.620
579.01	43.568
579.22	43.694
579.42	43.032
579.62	42.709
579.82	43.548
580.03	43.262
580.23	43.072
580.43	42.916
580.64	42.992
580.84	42.781
581.04	43.298
581.25	42.646
581.45	42.769
581.65	43.002
581.86	42.503
582.06	42.555
582.26	42.611
582.46	42.206
582.67	42.693
582.87	42.429
583.07	42.707
583.28	42.291
583.48	42.457
583.68	41.973
583.88	41.739
584.09	42.306
584.29	41.814
584.49	41.993
584.70	41.215
584.90	41.680
585.10	41.202
585.30	41.434
585.51	41.538
585.71	41.514
585.91	41.000
586.11	41.528
586.32	41.627
586.52	42.111
586.72	41.734
586.92	40.815
587.13	41.493
587.33	41.185
587.53	40.807
587.74	41.306
587.94	41.234
588.14	40.384
588.34	41.361
588.55	40.700
588.75	40.878
588.95	40.540
589.15	40.758
589.36	40.939
589.56	41.083
589.76	40.951
589.96	40.782
590.16	40.723
590.37	40.693
590.57	40.525
590.77	40.424
590.97	40.630
591.18	40.342
591.38	39.751
591.58	39.364
591.78	40.863
591.99	40.161
592.19	40.317
592.39	40.657
592.59	40.034
592.79	40.010
593.00	40.134
593.20	40.049
593.40	40.229
593.60	40.218
593.81	40.081
594.01	39.803
594.21	39.968
594.41	39.973
594.61	39.594
594.82	40.222
595.02	40.091
595.22	39.593
595.42	39.537
595.62	39.836
595.83	40.039
596.03	40.149
596.23	40.017
596.43	39.844
596.63	39.914
596.84	39.203
597.04	39.693
597.24	39.805
597.44	39.773
597.64	39.789
597.84	39.858
598.05	39.325
598.25	39.856
598.45	39.423
598.65	39.831
598.85	39.811
599.06	39.357
599.26	39.972
599.46	39.978
599.66	39.401
599.86	39.621
600.06	39.588
600.27	39.412
600.47	39.360
600.67	39.333
600.87	39.350
601.07	39.227
601.27	39.551
601.48	39.150
601.68	39.617
601.88	39.278
602.08	39.052
602.28	38.920
602.48	39.212
602.68	39.783
602.89	39.387
603.09	39.697
603.29	39.438
603.49	39.345
603.69	39.243
603.89	39.127
604.09	39.306
604.30	39.152
604.50	38.518
604.70	39.364
604.90	39.284
605.10	39.371
605.30	39.215
605.50	39.193
605.71	38.948
605.91	39.168
606.11	39.345
606.31	39.113
606.51	39.259
606.71	38.866
606.91	39.070
607.11	39.059
607.32	38.921
607.52	39.132
607.72	39.263
607.92	39.232
608.12	38.656
608.32	38.570
608.52	39.121
608.72	39.270
608.92	38.564
609.12	38.503
609.33	38.961
609.53	38.911
609.73	39.201
609.93	38.408
610.13	38.775
610.33	38.894
610.53	38.903
610.73	38.891
610.93	38.841
611.13	38.661
611.34	38.683
611.54	38.840
611.74	38.649
611.94	38.546
612.14	38.950
612.34	38.395
612.54	38.529
612.74	38.446
612.94	38.808
613.14	38.344
613.34	38.386
613.54	38.374
613.74	38.219
613.95	38.527
614.15	38.484
614.35	38.064
614.55	38.349
614.75	38.226
614.95	38.201
615.15	37.995
615.35	38.388
615.55	38.414
615.75	37.989
615.95	37.970
616.15	38.365
616.35	38.048
616.55	37.734
616.75	38.014
616.95	38.221
617.15	37.793
617.35	37.910
617.56	37.880
617.76	37.693
617.96	37.708
618.16	38.163
618.36	38.119
618.56	37.796
618.76	37.817
618.96	37.769
619.16	37.708
619.36	37.956
619.56	37.554
619.76	37.365
619.96	37.604
620.16	37.390
620.36	37.384
620.56	37.591
620.76	37.729
620.96	37.558
621.16	37.430
621.36	37.665
621.56	37.357
621.76	37.478
621.96	37.177
622.16	37.452
622.36	37.105
622.56	37.357
622.76	37.436
622.96	37.239
623.16	37.177
623.36	37.424
623.56	37.463
623.76	36.890
623.96	37.253
624.16	37.528
624.36	37.249
624.56	37.199
624.76	36.917
624.96	36.992
625.16	37.303
625.36	37.373
625.56	37.202
625.76	37.018
625.96	37.725
626.16	37.211
626.36	37.705
626.56	37.210
626.76	37.117
626.96	37.260
627.16	37.053
627.36	36.954
627.56	37.337
627.76	36.985
627.96	37.184
628.16	37.356
628.36	36.871
628.56	36.756
628.75	37.385
628.95	37.138
629.15	36.917
629.35	36.989
629.55	37.274
629.75	37.140
629.95	36.869
630.15	37.176
630.35	36.975
630.55	36.863
630.75	36.866
630.95	36.636
631.15	36.795
631.35	36.812
631.55	36.749
631.75	36.633
631.95	37.297
632.15	37.121
632.34	36.798
632.54	37.215
632.74	37.007
632.94	36.738
633.14	36.697
633.34	37.229
633.54	36.633
633.74	36.947
633.94	36.695
634.14	36.417
634.34	36.780
634.54	36.301
634.74	36.694
634.93	36.390
635.13	36.599
635.33	36.476
635.53	36.429
635.73	36.267
635.93	36.757
636.13	36.247
636.33	36.449
636.53	36.597
636.73	36.598
636.93	36.327
637.12	36.304
637.32	36.343
637.52	36.747
637.72	36.454
637.92	36.424
638.12	36.152
638.32	36.541
638.52	36.292
638.72	36.413
638.91	35.971
639.11	36.462
639.31	36.097
639.51	36.175
639.71	35.908
639.91	36.055
640.11	36.189
640.31	36.009
640.50	36.232
640.70	35.998
640.90	36.255
641.10	35.760
641.30	35.801
641.50	35.595
641.70	35.800
641.89	35.082
642.09	35.532
642.29	35.327
642.49	35.723
642.69	35.639
642.89	35.287
643.09	35.411
643.28	35.683
643.48	35.843
643.68	35.498
643.88	35.294
644.08	35.456
644.28	35.508
644.48	34.972
644.67	35.480
644.87	35.619
645.07	34.940
645.27	35.146
645.47	34.929
645.67	34.937
645.86	34.810
646.06	35.168
646.26	35.111
646.46	35.368
646.66	34.880
646.85	34.912
647.05	35.022
647.25	35.116
647.45	34.862
647.65	34.719
647.85	35.112
648.04	34.851
648.24	34.549
648.44	34.559
648.64	34.857
648.84	34.445
649.03	34.615
649.23	34.651
649.43	34.913
649.63	34.572
649.83	34.520
650.02	34.123
650.22	34.599
650.42	34.425
650.62	34.378
650.82	34.262
651.01	34.562
651.21	34.188
651.41	34.281
651.61	34.312
651.81	34.467
652.00	34.281
652.20	34.069
652.40	34.204
652.60	34.070
652.79	34.008
652.99	34.440
653.19	33.931
653.39	34.275
653.59	34.001
653.78	34.074
653.98	34.047
654.18	34.227
654.38	33.789
654.57	34.062
654.77	34.177
654.97	34.176
655.17	33.704
655.36	33.839
655.56	33.641
655.76	33.961
655.96	34.135
656.15	34.128
656.35	33.761
656.55	33.860
656.75	33.875
656.94	34.062
657.14	33.962
657.34	33.978
657.54	34.148
657.73	33.883
657.93	33.990
658.13	34.129
658.33	34.023
658.52	33.951
658.72	34.205
658.92	33.777
659.11	34.020
659.31	33.694
659.51	33.403
659.71	33.752
659.90	33.877
660.10	33.818
660.30	33.883
660.50	33.710
660.69	33.874
660.89	33.385
661.09	33.773
661.28	33.778
661.48	33.375
661.68	33.568
661.87	33.201
662.07	33.654
662.27	33.767
662.47	33.597
662.66	33.292
662.86	33.442
663.06	33.547
663.25	33.482
663.45	33.386
663.65	33.554
663.84	33.723
664.04	33.783
664.24	33.505
664.44	33.481
664.63	33.533
664.83	33.313
665.03	33.465
665.22	33.306
665.42	33.434
665.62	33.406
665.81	33.453
666.01	33.198
666.21	33.465
666.40	33.305
666.60	33.296
666.80	33.450
666.99	33.379
667.19	33.201
667.39	33.440
667.58	33.230
667.78	33.402
667.98	33.383
668.17	33.230
668.37	33.179
668.57	33.215
668.76	33.089
668.96	33.451
669.16	33.666
669.35	33.252
669.55	33.684
669.74	33.284
669.94	33.785
670.14	33.471
670.33	33.346
670.53	33.536
670.73	33.230
670.92	33.304
671.12	33.239
671.32	33.548
671.51	33.666
671.71	33.414
671.90	33.520
672.10	33.621
672.30	33.253
672.49	33.266
672.69	33.383
672.89	33.336
673.08	33.391
673.28	33.261
673.47	33.496
673.67	33.579
673.87	33.266
674.06	33.516
674.26	33.289
674.45	33.552
674.65	33.485
674.85	33.101
675.04	33.085
675.24	33.256
675.43	33.668
675.63	33.187
675.83	33.297
676.02	33.476
676.22	33.320
676.41	33.031
676.61	33.588
676.81	33.095
677.00	33.251
677.20	33.309
677.39	33.399
677.59	33.331
677.79	33.188
677.98	33.492
678.18	33.463
678.37	33.279
678.57	33.539
678.76	33.903
678.96	33.289
679.16	33.500
679.35	33.555
679.55	33.613
679.74	33.591
679.94	33.376
680.13	33.693
680.33	33.426
680.53	33.542
680.72	33.900
680.92	33.859
681.11	33.706
681.31	33.931
681.50	33.568
681.70	33.888
681.89	33.427
682.09	33.774
682.28	33.796
682.48	33.933
682.68	33.864
682.87	33.728
683.07	33.649
683.26	33.732
683.46	33.878
683.65	33.933
683.85	33.649
684.04	34.002
684.24	33.493
684.43	34.143
684.63	33.768
684.82	33.820
685.02	33.718
685.21	33.757
685.41	34.073
685.60	33.971
685.80	34.168
686.00	33.925
686.19	34.066
686.39	34.512
686.58	34.084
686.78	34.502
686.97	34.127
687.17	34.103
687.36	34.234
687.56	33.983
687.75	34.380
687.95	34.310
688.14	34.233
688.34	34.368
688.53	34.301
688.73	34.317
688.92	34.481
689.12	34.273
689.31	34.272
689.51	34.119
689.70	34.511
689.89	34.233
690.09	34.406
690.28	34.560
690.48	34.784
690.67	34.685
690.87	34.505
691.06	34.466
691.26	34.550
691.45	35.025
691.65	35.085
691.84	34.887
692.04	34.737
692.23	35.042
692.43	35.342
692.62	35.341
692.82	35.654
693.01	35.584
693.20	35.637
693.40	35.956
693.59	35.663
693.79	36.139
693.98	36.121
694.18	36.282
694.37	36.387
694.57	36.734
694.76	36.586
694.95	36.824
695.15	37.383
695.34	37.810
695.54	37.658
695.73	37.695
695.93	37.984
696.12	38.171
696.32	38.023
696.51	38.464
696.70	38.820
696.90	38.713
697.09	39.502
697.29	39.684
697.48	39.727
697.67	39.843
697.87	39.998
698.06	40.350
698.26	40.605
698.45	40.513
698.65	40.742
698.84	41.239
699.03	41.837
699.23	41.915
699.42	42.461
699.62	42.592
699.81	43.082
700.00	43.000
700.20	43.273
700.39	43.999
700.59	43.638
700.78	44.361
700.97	44.611
701.17	44.761
701.36	44.894
701.56	45.735
701.75	46.243
701.94	46.102
702.14	46.392
702.33	47.037
702.52	47.343
702.72	47.658
702.91	47.758
703.11	48.253
703.30	48.406
703.49	48.498
703.69	48.904
703.88	49.816
704.07	49.525
704.27	50.314
704.46	50.965
704.66	50.909
704.85	50.993
705.04	51.021
705.24	51.313
705.43	52.154
705.62	52.103
705.82	52.643
706.01	52.979
706.20	53.192
706.40	53.631
706.59	53.667
706.78	54.336
706.98	54.358
707.17	54.656
707.36	55.239
707.56	55.562
707.75	55.279
707.94	55.803
708.14	56.143
708.33	56.613
708.52	56.847
708.72	57.516
708.91	57.565
709.10	58.231
709.30	58.254
709.49	58.486
709.68	58.665
709.88	59.418
710.07	58.672
710.26	59.136
710.46	59.941
710.65	60.010
710.84	60.496
711.04	60.473
711.23	60.551
711.42	60.960
711.61	61.734
711.81	61.998
712.00	62.040
712.19	62.124
712.39	62.375
712.58	62.718
712.77	63.137
712.97	63.523
713.16	63.586
713.35	63.594
713.54	63.832
713.74	64.165
713.93	64.772
714.12	64.636
714.32	65.501
714.51	65.219
714.70	65.789
714.89	65.737
715.09	66.508
715.28	66.563
715.47	66.554
715.66	66.654
715.86	67.158
716.05	67.009
716.24	67.289
716.44	67.818
716.63	68.334
716.82	68.388
717.01	68.542
717.21	68.859
717.40	69.613
717.59	69.570
717.78	69.679
717.98	69.549
718.17	70.588
718.36	70.282
718.55	70.734
718.75	70.521
718.94	70.763
719.13	71.410
719.32	71.592
719.52	71.995
719.71	72.343
719.90	72.790
720.09	72.585
720.28	72.652
720.48	73.083
720.67	73.570
720.86	73.914
721.05	74.030
721.25	73.881
721.44	73.982
721.63	74.952
721.82	74.641
722.01	74.902
722.21	74.987
722.40	75.859
722.59	75.270
722.78	75.440
722.98	76.007
723.17	76.355
723.36	76.874
723.55	77.133
723.74	76.417
723.94	76.736
724.13	77.465
724.32	76.939
724.51	78.217
724.70	78.181
724.89	78.488
725.09	78.043
725.28	78.344
725.47	78.570
725.66	79.397
725.85	79.389
726.05	79.916
726.24	80.622
726.43	80.053
726.62	80.401
726.81	80.178
727.00	80.999
727.20	80.296
727.39	80.744
727.58	80.987
727.77	80.997
727.96	80.981
728.15	81.494
728.35	81.936
728.54	82.040
728.73	81.602
728.92	82.417
729.11	82.788
729.30	82.464
729.50	83.409
729.69	83.406
729.88	83.378
730.07	83.930
730.26	83.793
730.45	84.022
730.64	83.962
730.84	83.982
731.03	84.790
731.22	84.286
731.41	84.207
731.60	84.852
731.79	85.316
731.98	85.506
732.18	84.971
732.37	85.592
732.56	85.001
732.75	85.466
732.94	86.261
733.13	86.708
733.32	87.035
733.51	86.661
733.71	86.425
733.90	86.680
734.09	87.081
734.28	87.497
734.47	87.176
734.66	87.506
734.85	87.884
735.04	87.782
735.23	88.266
735.42	87.931
735.62	88.191
735.81	88.324
736.00	88.801
736.19	88.956
736.38	88.777
736.57	88.878
736.76	89.075
736.95	88.676
737.14	88.814
737.33	89.465
737.52	89.671
737.72	89.935
737.91	89.877
738.10	89.424
738.29	89.759
738.48	89.782
738.67	90.687
738.86	90.606
739.05	90.375
739.24	91.050
739.43	91.131
739.62	90.969
739.81	91.134
740.00	90.645
740.19	91.048
740.39	91.022
740.58	91.555
740.77	90.911
740.96	91.586
741.15	91.570
741.34	91.976
741.53	90.975
741.72	91.279
741.91	91.409
742.10	91.571
742.29	91.769
742.48	92.169
742.67	92.602
742.86	92.150
743.05	92.710
743.24	92.457
743.43	92.010
743.62	92.169
743.81	91.820
744.00	92.978
744.19	92.719
744.38	93.138
744.57	92.668
744.76	92.385
744.95	92.530
745.14	93.142
745.33	92.754
745.52	92.858
745.71	92.759
745.90	93.300
746.09	93.685
746.28	93.435
746.47	92.776
746.66	92.901
746.85	92.883
747.04	93.530
747.23	93.129
747.42	93.436
747.61	93.547
747.80	93.483
747.99	93.811
748.18	93.667
748.37	94.197
748.56	93.453
748.75	93.855
748.94	93.679
749.13	93.715
749.32	93.636
749.51	93.752
749.70	94.618
749.89	93.679
750.08	93.177
750.27	94.025
750.46	94.318
750.65	94.338
750.84	94.100
751.03	94.267
751.22	94.270
751.41	93.958
751.60	94.112
751.79	94.615
751.98	94.343
752.17	94.495
752.36	95.059
752.55	94.597
752.74	94.907
752.93	94.493
753.12	94.823
753.30	94.802
753.49	95.240
753.68	94.565
753.87	94.826
754.06	95.240
754.25	94.916
754.44	95.267
754.63	95.888
754.82	94.849
755.01	95.573
755.20	95.669
755.39	94.914
755.58	94.630
755.77	95.398
755.96	95.355
756.14	94.891
756.33	95.351
756.52	95.815
756.71	95.796
756.90	95.252
757.09	96.598
757.28	94.868
757.47	95.389
757.66	95.384
757.85	94.800
758.04	95.695
758.22	95.531
758.41	94.879
758.60	95.270
758.79	95.147
758.98	95.200
759.17	95.429
759.36	95.249
759.55	95.234
759.74	95.122
759.92	94.827
760.11	95.433
760.30	95.499
760.49	95.543
760.68	94.918
760.87	95.367
761.06	95.627
761.25	95.616
761.43	95.066
761.62	95.519
761.81	96.087
762.00	95.631
762.19	95.435
762.38	95.486
762.57	94.989
762.76	96.124
762.94	95.446
763.13	95.773
763.32	95.895
763.51	95.229
763.70	95.228
763.89	96.035
764.07	95.744
764.26	95.304
764.45	95.785
764.64	95.482
764.83	94.936
765.02	95.349
765.21	95.485
765.39	95.171
765.58	94.808
765.77	94.626
765.96	95.469
766.15	95.452
766.34	95.435
766.52	95.619
766.71	95.808
766.90	95.606
767.09	95.323
767.28	95.223
767.46	95.203
767.65	95.863
767.84	95.578
768.03	94.801
768.22	95.143
768.40	96.340
768.59	95.360
768.78	95.807
768.97	95.649
769.16	96.203
769.34	95.330
769.53	94.839
769.72	96.025
769.91	96.020
770.10	95.963
770.28	94.965
770.47	95.956
770.66	95.204
770.85	96.063
771.04	95.558
771.22	94.828
771.41	95.461
771.60	96.287
771.79	95.917
771.98	96.132
772.16	95.492
772.35	96.060
772.54	95.693
772.73	95.257
772.91	95.778
773.10	95.734
773.29	95.221
773.48	95.768
773.66	95.303
773.85	95.524
774.04	95.969
774.23	95.087
774.41	95.756
774.60	95.229
774.79	95.297
774.98	96.297
775.16	95.679
775.35	95.134
775.54	94.839
775.73	95.274
775.91	94.975
776.10	96.016
776.29	95.059
776.48	94.967
776.66	94.787
776.85	95.308
777.04	95.992
777.23	96.015
777.41	96.046
777.60	96.350
777.79	95.080
777.97	95.487
778.16	95.405
778.35	95.571
778.54	94.594
778.72	95.310
778.91	95.846
779.10	96.167
779.28	96.333
779.47	95.480
779.66	95.065
779.85	95.137
780.03	95.187
780.22	95.599
780.41	95.633
780.59	95.556
780.78	95.621
780.97	95.004
781.15	96.082
781.34	94.985
781.53	96.181
781.71	95.300
781.90	95.319
782.09	95.015
782.27	95.095
782.46	95.239
782.65	94.964
782.84	95.978
783.02	95.948
783.21	95.286
783.40	95.734
783.58	96.269
783.77	95.934
783.96	95.170
784.14	95.435
784.33	95.562
784.52	95.578
784.70	95.814
784.89	95.084
785.07	94.360
785.26	95.889
785.45	95.166
785.63	94.925
785.82	94.962
786.01	96.112
786.19	95.243
786.38	95.580
786.57	95.970
786.75	95.539
786.94	95.347
787.13	95.116
787.31	95.991
787.50	95.555
787.68	95.333
787.87	95.465
788.06	95.736
788.24	95.525
788.43	95.522
788.62	95.075
788.80	95.277
788.99	94.993
789.17	94.943
789.36	94.594
789.55	95.455
789.73	94.879
789.92	96.813
790.10	95.212
790.29	94.963
790.48	95.820
790.66	95.576
790.85	96.206
791.03	95.231
791.22	94.639
791.41	94.981
791.59	95.636
791.78	95.454
791.96	95.010
792.15	95.514
792.34	95.935
792.52	96.174
792.71	95.113
792.89	94.996
793.08	95.751
793.27	95.127
793.45	95.353
793.64	95.884
793.82	95.705
794.01	95.554
794.19	95.346
794.38	96.147
794.57	95.186
794.75	96.390
794.94	95.557
795.12	95.670
795.31	95.461
795.49	94.537
795.68	95.639
795.86	95.286
796.05	94.948
796.24	95.869
796.42	94.772
796.61	95.137
796.79	94.988
796.98	95.371
797.16	95.846
797.35	94.660
797.53	95.974
797.72	95.450
797.90	95.080
798.09	95.217
798.27	95.060
798.46	95.109
798.65	95.335
798.83	95.877
799.02	95.517
799.20	94.969
799.39	95.470
799.57	95.518
799.76	95.855
799.94	95.378
800.13	94.901
800.31	95.284
800.50	95.341
800.68	95.655
800.87	94.945
801.05	95.715
801.24	95.538
801.42	94.836
801.61	95.654
801.79	95.047
801.98	94.550
802.16	95.737
802.35	95.500
802.53	94.848
802.72	95.397
802.90	96.518
803.09	95.081
803.27	95.325
803.46	94.183
803.64	95.932
803.83	95.725
804.01	95.728
804.20	95.301
804.38	95.097
804.56	94.747
804.75	95.382
804.93	96.094
805.12	95.566
805.30	95.061
805.49	95.593
805.67	95.823
805.86	95.770
806.04	94.643
806.23	95.331
806.41	95.062
806.59	95.425
806.78	95.444
806.96	94.945
807.15	95.265
807.33	95.813
807.52	95.662
807.70	95.081
807.89	95.217
808.07	95.515
808.25	96.053
808.44	95.896
808.62	96.026
808.81	95.336
808.99	94.293
809.18	95.868
809.36	95.541
809.54	94.815
809.73	95.353
809.91	95.668
810.10	96.401
810.28	95.552
810.47	95.097
810.65	94.754
810.83	95.152
811.02	94.898
811.20	94.633
811.39	94.879
811.57	94.737
811.75	95.705
811.94	96.331
812.12	95.607
812.31	95.171
812.49	95.085
812.67	96.095
812.86	94.966
813.04	95.064
813.23	95.663
813.41	95.197
813.59	95.150
813.78	95.126
813.96	94.489
814.14	94.872
814.33	95.614
814.51	94.377
814.70	95.616
814.88	95.144
815.06	94.963
815.25	94.976
815.43	95.374
815.61	95.108
815.80	94.578
815.98	95.611
816.16	94.973
816.35	95.431
816.53	96.120
816.72	95.406
816.90	96.372
817.08	95.139
817.27	94.498
817.45	95.271
817.63	95.507
817.82	95.288
818.00	95.324
818.18	95.261
818.37	94.738
818.55	94.995
818.73	94.812
818.92	95.077
819.10	95.148
819.28	95.418
819.47	95.336
819.65	95.893
819.83	95.490
820.02	95.163
820.20	95.224
820.38	96.084
820.57	95.980
820.75	95.366
820.93	95.858
821.11	94.918
821.30	95.325
821.48	95.669
821.66	95.755
821.85	95.049
822.03	95.228
822.21	95.030
822.40	95.481
822.58	95.312
822.76	95.384
822.94	95.385
823.13	96.133
823.31	95.027
823.49	95.691
823.68	95.098
823.86	94.731
824.04	95.192
824.22	95.737
824.41	95.810
824.59	95.245
824.77	95.958
824.96	95.799
825.14	95.973
825.32	95.764
825.50	95.755
825.69	95.408
825.87	95.611
826.05	95.078
826.23	94.945
826.42	95.265
826.60	95.241
826.78	94.940
826.96	94.620
827.15	95.312
827.33	95.022
827.51	95.050
827.69	95.063
827.88	95.509
828.06	95.041
828.24	95.095
828.42	95.124
828.61	95.980
828.79	95.820
828.97	95.310
829.15	95.337
829.34	95.447
829.52	95.733
829.70	95.156
829.88	95.428
830.06	95.390
830.25	94.913
830.43	95.819
830.61	94.781
830.79	95.445
830.97	95.183
831.16	95.842
831.34	95.466
831.52	95.083
831.70	95.516
831.89	95.904
832.07	95.597
832.25	95.024
832.43	95.083
832.61	95.725
832.80	95.115
832.98	95.876
833.16	95.716
833.34	95.427
833.52	95.219
833.70	94.987
833.89	94.642
834.07	95.704
834.25	95.473
834.43	95.793
834.61	95.456
834.80	95.021
834.98	95.101
835.16	95.661
835.34	94.867
835.52	94.777
835.70	94.921
835.89	95.989
836.07	95.849
836.25	95.372
836.43	95.809
836.61	94.825
836.79	95.061
836.97	95.886
837.16	95.248
837.34	94.742
837.52	96.136
837.70	95.516
837.88	95.272
838.06	95.019
838.24	95.243
838.43	95.460
838.61	95.182
838.79	95.161
838.97	95.140
839.15	95.754
839.33	94.952
839.51	94.872
839.70	95.561
839.88	95.282
840.06	96.129
840.24	95.940
840.42	95.179
840.60	95.559
840.78	95.072
840.96	95.179
841.14	95.133
841.33	94.927
841.51	95.285
841.69	95.930
841.87	94.677
842.05	95.036
842.23	95.716
842.41	95.618
842.59	95.911
842.77	95.943
842.95	95.400
843.14	95.822
843.32	95.023
843.50	95.624
843.68	96.245
843.86	96.367
844.04	95.233
844.22	94.827
844.40	95.054
844.58	94.517
844.76	95.109
844.94	94.634
845.12	94.971
845.30	95.284
845.49	94.855
845.67	94.341
845.85	95.198
846.03	95.401
846.21	95.992
846.39	96.554
846.57	93.969
846.75	95.126
846.93	95.256
847.11	95.864
847.29	95.175
847.47	95.979
847.65	94.812
847.83	95.634
848.01	95.009
848.19	94.976
848.37	95.476
848.55	95.009
848.73	95.708
848.91	94.786
849.09	94.725
849.27	95.374
849.46	95.570
849.64	95.307
849.82	95.642
850.00	94.644
850.18	95.997
850.36	95.772
850.54	95.519
850.72	96.145
850.90	96.276
851.08	95.753
851.26	96.089
851.44	95.278
851.62	95.078
851.80	95.579
851.98	95.405
852.16	96.314
852.34	96.161
852.52	94.592
852.70	95.305
852.88	95.314
853.06	95.184
853.24	96.183
853.42	95.556
853.60	95.021
853.78	95.998
853.96	95.136
854.14	95.779
854.31	95.354
854.49	94.953
854.67	94.440
854.85	95.428
855.03	94.342
855.21	95.460
855.39	94.621
855.57	94.630
855.75	95.675
855.93	95.588
856.11	95.417
856.29	95.444
856.47	95.859
856.65	95.729
856.83	95.539
857.01	95.719
857.19	95.892
857.37	96.087
857.55	95.753
857.73	95.535
857.91	95.654
858.09	94.797
858.26	94.687
858.44	95.460
858.62	95.754
858.80	95.559
858.98	94.629
859.16	96.386
859.34	94.956
859.52	95.510
859.70	96.447
859.88	95.848
860.06	96.133
860.24	95.121
860.42	96.272
860.59	96.579
860.77	95.372
860.95	95.191
861.13	95.289
861.31	96.698
861.49	95.873
861.67	95.003
861.85	94.893
862.03	94.376
862.21	95.015
862.38	94.821
862.56	95.253
862.74	95.399
862.92	95.998
863.10	95.334
863.28	95.488
863.46	94.776
863.64	95.474
863.82	95.218
863.99	94.584
864.17	95.747
864.35	95.483
864.53	95.513
864.71	95.185
864.89	96.703
865.07	95.414
865.24	95.800
865.42	95.236
865.60	96.906
865.78	95.162
865.96	95.463
866.14	95.283
866.32	95.962
866.49	95.113
866.67	96.094
866.85	96.283
867.03	95.601
867.21	96.422
867.39	94.960
867.56	94.868
867.74	95.746
867.92	94.858
868.10	96.268
868.28	95.358
868.46	95.624
868.63	95.951
868.81	95.668
868.99	94.923
869.17	95.115
869.35	96.441
869.53	95.720
869.70	96.043
869.88	95.808
870.06	96.240
870.24	94.623
870.42	96.264
870.59	95.497
870.77	94.643
870.95	94.633
871.13	95.347
871.31	95.424
871.48	95.563
871.66	94.852
871.84	94.529
872.02	94.155
872.20	95.489
872.37	94.915
872.55	94.501
872.73	95.802
872.91	94.713
873.08	96.340
873.26	96.589
873.44	94.344
873.62	96.201
873.80	95.711
873.97	95.486
874.15	94.737
874.33	95.583
874.51	94.709
874.68	96.155
874.86	94.597
875.04	95.460
875.22	94.684
875.39	95.393
875.57	94.795
875.75	95.159
875.93	95.490
876.10	95.674
876.28	94.923
876.46	94.990
876.64	95.601
876.81	94.234
876.99	95.601
877.17	95.725
877.35	95.198
877.52	95.482
877.70	95.645
877.88	94.327
878.06	95.277
878.23	95.741
878.41	96.590
878.59	95.165
878.76	95.948
878.94	93.616
879.12	95.102
879.30	95.733
879.47	95.530
879.65	96.037
879.83	96.475
880.00	94.757
880.18	94.816
880.36	95.088
880.53	94.863
880.71	95.489
880.89	94.651
881.07	94.526
881.24	94.788
881.42	94.998
881.60	94.181
881.77	94.624
881.95	94.787
882.13	96.359
882.30	94.574
882.48	95.988
882.66	94.262
882.83	94.803
883.01	94.882
883.19	95.679
883.36	95.043
883.54	94.694
883.72	95.572
883.89	94.290
884.07	95.487
884.25	96.132
884.42	95.480
884.60	95.482
884.78	96.184
884.95	95.633
885.13	94.982
885.31	95.818
885.48	95.464
885.66	96.054
885.84	94.896
886.01	94.950
886.19	96.698
886.36	95.184
886.54	95.383
886.72	96.107
886.89	96.485
887.07	95.153
887.25	96.821
887.42	95.474
887.60	95.249
887.78	95.474
887.95	95.462
888.13	95.573
888.30	94.508
888.48	96.813
888.66	98.273
888.83	95.137
889.01	94.740
889.18	95.576
889.36	93.995
889.54	97.161
889.71	95.804
889.89	96.312
890.06	96.200
890.24	95.371
890.42	95.489
890.59	94.883
890.77	95.625
890.94	95.783
891.12	96.021
891.30	95.611
891.47	94.129
891.65	96.139
891.82	95.655
892.00	96.004
892.17	96.986
892.35	94.767
892.53	95.715
892.70	95.300
892.88	95.523
893.05	96.666
893.23	95.968
893.40	95.372
893.58	95.587
893.75	95.982
893.93	95.004
894.11	95.081
894.28	93.710
894.46	96.286
894.63	95.278
894.81	95.304
894.98	94.993
895.16	95.262
895.33	95.717
895.51	94.666
895.68	95.698
895.86	96.634
896.04	95.875
896.21	95.639
896.39	95.261
896.56	95.664
896.74	94.329
896.91	94.432
897.09	95.600
897.26	95.200
897.44	94.763
897.61	95.944
897.79	96.142
897.96	94.815
898.14	96.582
898.31	96.006
898.49	96.120
898.66	96.563
898.84	94.110
899.01	94.721
899.19	94.918
899.36	95.929
899.54	94.127
899.71	94.752
899.89	96.424
900.06	95.698
900.24	94.304
900.41	96.061
900.59	96.111
900.76	96.431
900.94	95.372
901.11	96.036
901.29	96.091
901.46	96.149
901.63	95.442
901.81	94.846
901.98	97.419
902.16	94.847
902.33	94.112
902.51	95.282
902.68	95.087
902.86	95.515
903.03	97.117
903.21	95.521
903.38	96.258
903.56	95.755
903.73	95.019
903.90	95.361
904.08	95.163
904.25	95.045
904.43	96.693
904.60	94.650
904.78	95.085
904.95	96.217
905.12	96.248
905.30	96.073
905.47	95.186
905.65	95.382
905.82	95.954
906.00	96.302
906.17	94.299
906.34	95.147
906.52	96.365
906.69	95.393
906.87	94.953
907.04	96.544
907.21	96.002
907.39	95.846
907.56	95.111
907.74	93.646
907.91	95.834
908.08	94.825
908.26	94.971
908.43	95.597
908.61	96.211
908.78	94.881
908.95	95.316
909.13	94.906
909.30	95.738
909.48	96.043
909.65	95.168
909.82	95.443
910.00	96.811
910.17	94.094
910.34	95.998
910.52	96.573
910.69	95.381
910.87	94.989
911.04	95.927
911.21	95.045
911.39	96.912
911.56	95.574
911.73	96.106
911.91	96.659
912.08	95.569
912.25	96.466
912.43	95.083
912.60	96.063
912.77	95.250
912.95	95.590
913.12	96.629
913.29	95.690
913.47	95.821
913.64	95.443
913.81	96.748
913.99	95.974
914.16	95.269
914.33	95.111
914.51	95.253
914.68	94.509
914.85	95.163
915.03	95.464
915.20	94.574
915.37	94.803
915.55	94.803
915.72	94.845
915.89	95.130
916.07	95.189
916.24	95.889
916.41	95.499
916.59	95.423
916.76	94.553
916.93	96.371
917.10	95.402
917.28	95.142
917.45	95.144
917.62	95.571
917.80	95.001
917.97	96.073
918.14	93.759
918.31	95.932
918.49	96.143
918.66	96.059
918.83	95.351
919.01	95.435
919.18	95.379
919.35	95.806
919.52	94.638
919.70	94.968
919.87	95.811
920.04	95.401
920.21	95.907
920.39	94.731
920.56	95.194
920.73	96.319
920.90	96.110
921.08	95.638
921.25	94.827
921.42	96.114
921.59	96.951
921.77	96.101
921.94	95.627
922.11	94.098
922.28	96.338
922.46	94.606
922.63	94.130
922.80	94.933
922.97	95.804
923.15	95.644
923.32	96.466
923.49	97.942
923.66	94.962
923.83	94.096
924.01	96.624
924.18	95.116
924.35	94.124
924.52	95.668
924.69	94.654
924.87	95.372
925.04	96.260
925.21	95.844
925.38	96.075
925.55	95.206
925.73	96.695
925.90	95.233
926.07	93.934
926.24	95.272
926.41	95.060
926.59	94.608
926.76	94.777
926.93	95.796
927.10	96.024
927.27	95.925
927.45	98.008
927.62	94.375
927.79	96.615
927.96	95.609
928.13	94.013
928.30	96.745
928.48	94.765
928.65	94.921
928.82	94.639
928.99	94.637
929.16	95.997
929.33	95.464
929.50	95.149
929.68	95.597
929.85	95.659
930.02	94.820
930.19	94.787
930.36	96.660
930.53	97.475
930.70	95.226
930.88	96.661
931.05	97.078
931.22	95.895
931.39	95.336
931.56	95.259
931.73	96.099
931.90	96.520
932.08	96.042
932.25	95.502
932.42	95.239
932.59	94.102
932.76	95.532
932.93	94.849
933.10	94.820
933.27	96.593
933.44	95.876
933.62	95.198
933.79	94.808
933.96	95.655
934.13	96.384
934.30	97.109
934.47	94.836
934.64	95.197
934.81	97.191
934.98	95.854
935.15	94.744
935.32	95.891
935.50	95.709
935.67	94.869
935.84	95.440
936.01	93.764
936.18	94.743
936.35	97.742
936.52	96.140
936.69	93.157
936.86	97.836
937.03	94.525
937.20	96.225
937.37	99.419
937.54	93.543
937.71	95.659
937.89	98.095
938.06	97.831
938.23	93.272
938.40	95.614
938.57	96.527
938.74	95.084
938.91	94.091
939.08	96.514
939.25	93.806
939.42	97.430
939.59	97.645
939.76	98.973
939.93	95.055
940.10	95.896
940.27	96.335
940.44	95.248
940.61	96.797
940.78	97.252
940.95	96.790
941.12	95.971
941.29	96.585
941.46	95.616
941.63	92.209
941.80	93.356
941.97	97.061
942.14	95.276
942.31	97.850
942.48	98.439
942.65	94.190
942.82	98.807
942.99	97.043
943.16	101.507
943.33	97.643
943.50	96.572
943.67	98.651
943.84	91.589
944.01	100.612
944.18	98.146
944.35	92.579
944.52	90.561
944.69	96.178
944.86	94.560
945.03	94.991
945.20	101.482
945.37	98.540
945.54	98.587
945.71	99.517
945.88	93.022
946.05	97.692
946.22	95.140
946.39	98.284
946.56	96.627
946.73	101.904
946.90	95.934
947.07	92.865
947.23	90.476
947.40	95.436
947.57	93.425
947.74	99.369
947.91	95.645
948.08	93.959
948.25	100.811
948.42	96.854
948.59	93.250
948.76	95.625
948.93	96.210
949.10	94.307
949.27	96.086
949.44	94.923
949.60	95.797
949.77	97.859
949.94	98.550
950.11	94.234
950.28	96.206
950.45	93.572
950.62	92.445
950.79	98.364
950.96	97.230
951.13	95.383
951.30	95.745
951.46	96.953
951.63	98.450
951.80	93.220
951.97	93.996
952.14	97.241
952.31	101.881
952.48	95.280
952.65	92.367
952.81	95.901
952.98	93.616
953.15	96.005
953.32	93.647
953.49	97.680
953.66	93.733
953.83	96.351
954.00	92.590
954.16	97.758
954.33	97.310
954.50	94.841
954.67	96.762
954.84	98.901
955.01	96.509
955.18	97.059
955.34	93.828
955.51	94.198
955.68	92.940
955.85	94.447
956.02	94.242
956.19	92.316
956.35	97.629
956.52	90.574
956.69	94.396
956.86	98.926
957.03	95.838
957.20	94.143
957.36	92.977
957.53	93.843
957.70	92.650
957.87	93.757
958.04	95.741
958.21	94.123
958.37	96.650
958.54	93.485
958.71	93.812
958.88	89.756
959.05	92.715
959.21	91.709
959.38	96.148
959.55	97.554
959.72	94.330
959.89	94.265
960.05	95.563
960.22	95.056
960.39	93.598
960.56	96.410
960.72	94.172
960.89	96.701
961.06	96.342
961.23	93.431
961.40	92.927
961.56	96.573
961.73	91.989
961.90	96.376
962.07	92.594
962.23	94.052
962.40	96.455
962.57	93.214
962.74	95.023
962.90	95.810
963.07	94.921
963.24	95.918
963.41	95.174
963.57	96.562
963.74	96.244
963.91	95.852
964.08	92.940
964.24	96.436
964.41	92.549
964.58	97.341
964.75	96.991
964.91	96.612
965.08	93.849
965.25	95.020
965.42	98.059
965.58	95.112
965.75	95.662
965.92	93.576
966.08	94.173
966.25	95.922
966.42	96.701
966.59	92.838
966.75	93.894
966.92	94.182
967.09	96.229
967.25	95.033
967.42	91.787
967.59	97.085
967.75	91.796
967.92	94.395
968.09	93.261
968.26	95.083
968.42	92.875
968.59	97.662
968.76	94.673
968.92	95.639
969.09	90.283
969.26	93.520
969.42	92.977
969.59	95.790
969.76	98.291
969.92	95.466
970.09	96.849
970.26	94.349
970.42	92.667
970.59	95.864
970.76	95.707
970.92	94.895
971.09	95.121
971.26	94.011
971.42	96.412
971.59	93.169
971.76	95.737
971.92	94.237
972.09	96.088
972.25	91.791
972.42	95.842
972.59	96.977
972.75	95.027
972.92	96.841
973.09	93.554
973.25	91.774
973.42	95.109
973.58	94.055
973.75	96.414
973.92	92.305
974.08	94.165
974.25	97.697
974.42	93.587
974.58	92.178
974.75	92.971
974.91	97.418
975.08	97.183
975.25	96.957
975.41	90.769
975.58	96.679
975.74	95.118
975.91	94.022
976.08	96.363
976.24	93.124
976.41	95.606
976.57	94.383
976.74	93.524
976.91	94.429
977.07	98.473
977.24	97.335
977.40	95.175
977.57	94.864
977.73	96.958
977.90	97.780
978.07	95.472
978.23	93.962
978.40	93.605
978.56	94.340
978.73	92.429
978.89	95.804
979.06	95.742
979.22	94.194
979.39	93.708
979.56	94.161
979.72	95.104
979.89	97.837
980.05	94.253
980.22	95.813
980.38	96.985
980.55	94.900
980.71	95.901
980.88	93.675
981.04	92.070
981.21	96.767
981.37	93.307
981.54	93.194
981.70	95.847
981.87	93.109
982.04	94.842
982.20	93.947
982.37	94.761
982.53	91.939
982.70	91.095
982.86	94.931
983.03	97.103
983.19	95.337
983.36	91.661
983.52	97.281
983.69	94.049
983.85	96.183
984.02	97.362
984.18	91.772
984.35	94.354
984.51	98.058
984.68	97.181
984.84	96.269
985.00	95.136
985.17	98.300
985.33	94.170
985.50	92.422
985.66	96.201
985.83	94.017
985.99	95.428
986.16	95.520
986.32	95.235
986.49	92.277
986.65	94.347
986.82	94.959
986.98	96.928
987.15	94.985
987.31	97.532
987.47	95.939
987.64	97.223
987.80	94.432
987.97	95.562
988.13	95.905
988.30	94.873
988.46	94.483
988.63	96.103
988.79	95.505
988.95	94.110
989.12	94.291
989.28	93.684
989.45	93.820
989.61	93.612
989.77	96.593
989.94	95.463
990.10	96.288
990.27	94.450
990.43	97.445
990.60	91.369
990.76	92.899
990.92	95.239
991.09	96.444
991.25	90.926
991.42	96.481
991.58	99.558
991.74	94.373
991.91	92.653
992.07	95.071
992.24	96.074
992.40	94.081
992.56	93.243
992.73	97.026
992.89	95.503
993.05	93.990
993.22	94.469
993.38	99.141
993.55	95.274
993.71	98.682
993.87	94.860
994.04	93.690
994.20	91.395
994.36	94.947
994.53	94.096
994.69	91.867
994.85	99.760
995.02	97.207
995.18	95.286
995.34	94.313
995.51	92.545
995.67	92.880
995.84	93.276
996.00	98.266
996.16	95.647
996.33	95.950
996.49	97.082
996.65	94.867
996.82	96.711
996.98	94.408
997.14	94.101
997.31	99.688
997.47	95.103
997.63	92.098
997.79	99.123
997.96	94.823
998.12	94.014
998.28	93.338
998.45	93.099
998.61	93.327
998.77	92.454
998.94	95.263
999.10	92.085
999.26	97.207
999.43	103.066
999.59	94.545
999.75	95.042
999.91	93.398
1000.08	98.460
1000.24	92.452
1000.40	90.903
1000.57	94.751
1000.73	94.533
1000.89	96.877
1001.05	97.331
1001.22	89.918
1001.38	93.783
1001.54	98.453
1001.70	100.999
1001.87	97.114
1002.03	93.545
1002.19	98.866
1002.35	94.647
1002.52	95.405
1002.68	92.503
1002.84	94.051
1003.00	93.146
1003.17	94.473
1003.33	99.962
1003.49	94.260
1003.65	98.442
1003.82	94.548
1003.98	89.220
1004.14	94.167
1004.30	95.962
1004.47	95.883
1004.63	96.876
1004.79	96.384
1004.95	97.441
1005.11	99.803
1005.28	93.276
1005.44	90.543
1005.60	92.810
1005.76	100.202
1005.93	102.900
1006.09	92.786
1006.25	96.465
1006.41	92.892
1006.57	91.029
1006.74	90.967
1006.90	98.607
1007.06	96.732
1007.22	92.596
1007.38	97.831
1007.55	92.779
1007.71	92.634
1007.87	94.038
1008.03	103.419
1008.19	98.133
1008.35	97.130
1008.52	94.299
1008.68	93.844
1008.84	90.689
1009.00	96.045
1009.16	93.909
1009.32	94.806
1009.49	93.191
1009.65	97.036
1009.81	93.634
1009.97	98.508
1010.13	100.522
1010.29	99.374
1010.46	94.001
1010.62	90.950
1010.78	95.875
1010.94	100.439
1011.10	99.555
1011.26	96.143
1011.42	90.524
1011.59	105.913
1011.75	100.363
1011.91	98.360
1012.07	92.952
1012.23	93.942
1012.39	102.302
1012.55	95.203
1012.71	92.878
1012.88	97.676
1013.04	92.990
1013.20	93.310
1013.36	93.658
1013.52	92.660
1013.68	97.642
1013.84	100.839
1014.00	94.155
1014.16	100.347
1014.33	92.933
1014.49	93.293
1014.65	96.682
1014.81	96.038
1014.97	98.444
1015.13	92.868
1015.29	97.619
1015.45	96.807
1015.61	98.795
1015.77	92.861
1015.93	93.183
1016.09	99.062
1016.26	94.962
1016.42	98.358
1016.58	92.017
1016.74	97.934
1016.90	98.598
1017.06	103.611
1017.22	98.140
1017.38	98.878
1017.54	94.952
1017.70	100.059
1017.86	95.776
1018.02	95.197
1018.18	100.650
1018.34	93.790
1018.50	105.435
1018.66	96.731
1018.82	107.226
1018.98	92.541
1019.14	96.022
1019.31	98.149
1019.47	96.616
1019.63	90.927
1019.79	101.322
1019.95	99.290
1020.11	99.571
1020.27	103.380
1020.43	102.683
1020.59	95.681
1020.75	93.067
1020.91	102.484
1021.07	97.396
1021.23	88.982
1021.39	90.244
1021.55	97.889
1021.71	98.142
1021.87	100.779
1022.03	91.942
1022.19	97.386
1022.35	94.887
1022.51	99.027
1022.67	94.528
1022.83	104.215
1022.99	98.593
1023.15	105.351
1023.31	97.111
1023.47	92.842
1023.63	102.655
1023.79	88.121
1023.95	100.831
1024.10	92.857
1024.26	89.422
1024.42	93.067
1024.58	97.607
1024.74	94.905
1024.90	99.320
1025.06	96.043
1025.22	110.068
1025.38	91.266
1025.54	98.082
1025.70	105.232
1025.86	103.500
1026.02	95.594
1026.18	94.369
1026.34	102.165
1026.50	103.993
1026.66	103.880
1026.82	95.575
1026.98	91.509
1027.13	95.820
1027.29	90.488
1027.45	94.646
1027.61	109.183
1027.77	96.661
1027.93	93.077
1028.09	105.386
1028.25	91.644
1028.41	106.190
1028.57	103.438
1028.73	98.560
1028.88	92.773
1029.04	107.223
1029.20	88.024
1029.36	88.899
1029.52	91.843
1029.68	100.548
1029.84	90.010
1030.00	83.640
1030.16	98.873
1030.32	86.542
1030.47	96.898
1030.63	90.726
1030.79	103.377
1030.95	93.172
1031.11	120.064
1031.27	103.590
1031.43	87.729
1031.59	105.460
1031.74	85.288
1031.90	95.510
1032.06	94.816
1032.22	87.474
1032.38	96.954
1032.54	99.138
1032.69	88.203
1032.85	103.297
1033.01	97.427
1033.17	103.206
1033.33	94.444
1033.49	102.010
1033.65	96.842
1033.80	106.870
1033.96	113.889
1034.12	86.188
1034.28	91.754
1034.44	108.221
1034.60	94.773
1034.75	108.766
1034.91	104.179
1035.07	97.558
1035.23	101.430
1035.39	100.513
1035.54	116.354
1035.70	99.055
1035.86	87.073
1036.02	90.942
1036.18	88.525
1036.33	104.071
1036.49	102.473
1036.65	111.447
1036.81	104.613
1036.97	82.750
1037.12	129.635
1037.28	101.166
1037.44	99.307
1037.60	102.541
1037.76	92.033
1037.91	111.424
1038.07	100.676
1038.23	97.165
1038.39	101.715
1038.54	93.185
1038.70	107.725
1038.86	93.683
1039.02	90.870
1039.17	102.994
1039.33	115.480
1039.49	102.113
1039.65	82.158
1039.80	103.704
1039.96	101.953
1040.12	103.204
1040.28	93.653
>>>>> Data<<<<< Espectral Procesado Extremo
