Fichero De Datos De SpectraSuite
++++++++++++++++++++++++++++++++++++
Fecha: Wed Jul 15 10:40:02 CST 2026
Usuario: HP
Presente Oscuro Del Espectro: Sí
La Referencia de Presente Del Espectro De: Sí
Muestreados de los componentes de Número de espectros: 1
Espectrómetros: USB4H06056
Tiempo de integración (usec): 300000 (USB4H06056)
Promedio de Espectros Hechos un: 5 (USB4H06056)
El Alisar Del Furgón: 0 (USB4H06056)
Párrafo de de Corregir del la del del de Eléctrica del obscuridad: No (USB4H06056)
Estrobo/Lámpara Permitido: No (USB4H06056)
Correct for Detector Non-linearity: No (USB4H06056)
Párrafo de de Corregir del la del del de Externa del luz: No (USB4H06056)
Procesado del espectro de Número de pixeles en: 3648
>>>>> Comienza Data<<<<< Espectral Procesado Del EL
345.09	136.792
345.30	136.792
345.52	136.792
345.74	118.966
345.95	213.115
346.17	-113.559
346.39	6300.000
346.60	251.923
346.82	-160.000
347.04	-2157.143
347.25	408.333
347.47	772.727
347.69	-270.833
347.90	963.636
348.12	5900.000
348.34	2700.000
348.56	-15.385
348.77	-171.698
348.99	170.787
349.21	101.556
349.42	149.007
349.64	105.455
349.86	38.095
350.07	232.773
350.29	197.938
350.51	365.625
350.72	138.798
350.94	60.944
351.16	94.574
351.37	63.694
351.59	122.888
351.81	188.571
352.02	185.714
352.24	85.185
352.46	70.732
352.67	134.314
352.89	76.987
353.10	99.429
353.32	138.843
353.54	113.475
353.75	94.737
353.97	126.115
354.19	206.383
354.40	129.508
354.62	266.990
354.84	79.817
355.05	78.222
355.27	334.783
355.49	97.797
355.70	131.667
355.92	357.143
356.14	130.061
356.35	165.926
356.57	31.250
356.78	90.667
357.00	146.535
357.22	108.383
357.43	80.995
357.65	86.861
357.87	153.153
358.08	109.091
358.30	297.674
358.51	151.553
358.73	104.348
358.95	181.720
359.16	132.800
359.38	106.250
359.60	159.341
359.81	166.667
360.03	103.846
360.24	120.408
360.46	73.276
360.68	98.256
360.89	56.284
361.11	98.639
361.33	127.536
361.54	142.381
361.76	71.500
361.97	130.409
362.19	86.122
362.41	265.672
362.62	170.423
362.84	125.000
363.05	224.096
363.27	129.448
363.49	112.338
363.70	77.632
363.92	109.045
364.13	114.615
364.35	176.190
364.57	101.961
364.78	93.168
365.00	97.345
365.21	153.425
365.43	357.500
365.65	134.184
365.86	115.142
366.08	89.140
366.29	135.294
366.51	168.125
366.73	117.460
366.94	167.213
367.16	145.977
367.37	104.268
367.59	81.538
367.80	116.031
368.02	104.142
368.24	42.932
368.45	169.032
368.67	83.212
368.88	129.139
369.10	134.940
369.31	102.778
369.53	96.581
369.75	162.573
369.96	152.326
370.18	126.818
370.39	93.711
370.61	78.947
370.82	71.134
371.04	157.265
371.26	70.504
371.47	167.568
371.69	286.316
371.90	253.097
372.12	113.333
372.33	176.515
372.55	108.730
372.76	158.696
372.98	52.880
373.20	87.251
373.41	212.871
373.63	145.133
373.84	130.597
374.06	111.628
374.27	229.508
374.49	113.529
374.70	77.966
374.92	414.286
375.13	113.861
375.35	101.053
375.57	102.907
375.78	86.893
376.00	96.296
376.21	131.500
376.43	173.154
376.64	63.677
376.86	110.753
377.07	141.346
377.29	130.702
377.50	309.434
377.72	95.968
377.93	93.970
378.15	65.584
378.36	183.108
378.58	164.179
378.80	137.179
379.01	116.022
379.23	236.620
379.44	131.073
379.66	131.429
379.87	136.646
380.09	79.392
380.30	183.537
380.52	191.729
380.73	313.725
380.95	157.005
381.16	100.382
381.38	95.067
381.59	126.389
381.81	81.250
382.02	190.984
382.24	158.333
382.45	118.519
382.67	138.421
382.88	163.731
383.10	189.048
383.31	87.556
383.53	140.580
383.74	149.333
383.96	111.782
384.17	97.368
384.39	114.765
384.60	121.839
384.82	176.923
385.03	138.605
385.25	122.609
385.46	72.432
385.68	142.439
385.89	130.864
386.11	186.559
386.32	96.759
386.54	102.929
386.75	104.930
386.97	127.197
387.18	155.603
387.40	101.866
387.61	167.059
387.83	128.194
388.04	186.916
388.25	105.473
388.47	133.333
388.68	163.784
388.90	139.011
389.11	115.672
389.33	115.658
389.54	123.158
389.76	132.567
389.97	107.246
390.19	93.388
390.40	116.230
390.62	89.198
390.83	179.730
391.05	85.246
391.26	94.946
391.47	98.615
391.69	135.887
391.90	152.850
392.12	121.429
392.33	135.268
392.55	130.182
392.76	123.164
392.98	81.579
393.19	110.970
393.41	146.332
393.62	119.937
393.83	112.853
394.05	128.041
394.26	98.529
394.48	121.429
394.69	136.039
394.91	104.778
395.12	117.892
395.34	112.272
395.55	126.316
395.76	125.330
395.98	114.196
396.19	112.387
396.41	109.649
396.62	78.019
396.84	153.067
397.05	110.690
397.26	130.919
397.48	93.173
397.69	97.772
397.91	111.709
398.12	111.276
398.33	131.124
398.55	150.980
398.76	90.435
398.98	104.677
399.19	106.122
399.41	139.628
399.62	136.893
399.83	82.913
400.05	106.971
400.26	96.536
400.48	129.692
400.69	114.628
400.90	138.411
401.12	87.615
401.33	151.748
401.55	81.733
401.76	170.854
401.97	72.951
402.19	97.347
402.40	123.558
402.62	97.813
402.83	98.309
403.04	108.333
403.26	87.903
403.47	115.596
403.69	85.950
403.90	91.522
404.11	104.968
404.33	113.084
404.54	118.009
404.76	114.063
404.97	99.610
405.18	89.784
405.40	92.265
405.61	117.136
405.83	102.210
406.04	92.308
406.25	90.069
406.47	88.911
406.68	108.478
406.89	74.819
407.11	116.221
407.32	91.823
407.54	140.793
407.75	112.304
407.96	91.447
408.18	81.887
408.39	96.099
408.60	63.781
408.82	82.601
409.03	96.316
409.24	86.196
409.46	75.321
409.67	97.024
409.89	80.808
410.10	88.536
410.31	91.933
410.53	83.247
410.74	73.453
410.95	74.168
411.17	72.849
411.38	64.826
411.59	65.012
411.81	66.090
412.02	77.397
412.23	64.865
412.45	65.547
412.66	67.416
412.87	63.531
413.09	79.571
413.30	63.206
413.51	68.930
413.73	65.012
413.94	69.313
414.15	56.611
414.37	62.714
414.58	64.475
414.79	84.698
415.01	66.138
415.22	55.591
415.43	58.285
415.65	65.983
415.86	55.607
416.07	56.467
416.29	66.899
416.50	54.527
416.71	57.143
416.93	47.126
417.14	63.525
417.35	53.462
417.57	51.095
417.78	52.385
417.99	52.937
418.21	46.583
418.42	41.745
418.63	54.752
418.85	53.982
419.06	49.332
419.27	48.943
419.48	55.185
419.70	42.682
419.91	45.571
420.12	42.616
420.34	43.464
420.55	39.380
420.76	46.746
420.98	45.690
421.19	38.378
421.40	43.932
421.61	42.303
421.83	39.978
422.04	40.088
422.25	44.281
422.47	38.983
422.68	36.416
422.89	37.172
423.11	49.047
423.32	37.737
423.53	36.400
423.74	37.797
423.96	34.052
424.17	41.893
424.38	35.942
424.59	38.362
424.81	32.856
425.02	34.679
425.23	35.638
425.45	33.850
425.66	32.979
425.87	38.259
426.08	36.396
426.30	39.015
426.51	31.056
426.72	32.277
426.93	31.701
427.15	31.993
427.36	36.274
427.57	28.314
427.79	31.922
428.00	30.881
428.21	2.620
428.42	34.316
428.64	28.814
428.85	31.882
429.06	30.996
429.27	25.769
429.49	29.882
429.70	24.717
429.91	29.508
430.12	31.144
430.34	30.573
430.55	30.040
430.76	25.095
430.97	29.291
431.19	25.285
431.40	28.463
431.61	32.016
431.82	29.671
432.03	28.175
432.25	29.681
432.46	29.204
432.67	29.482
432.88	30.341
433.10	27.586
433.31	27.679
433.52	26.163
433.73	29.437
433.95	27.059
434.16	28.123
434.37	29.057
434.58	26.335
434.79	26.866
435.01	26.762
435.22	28.162
435.43	26.764
435.64	26.934
435.86	27.969
436.07	27.531
436.28	28.088
436.49	25.654
436.70	26.130
436.92	29.386
437.13	27.944
437.34	27.413
437.55	27.402
437.76	28.193
437.98	27.552
438.19	26.870
438.40	27.271
438.61	27.717
438.82	27.125
439.04	23.857
439.25	28.941
439.46	26.804
439.67	24.737
439.88	27.743
440.10	27.797
440.31	24.994
440.52	23.592
440.73	28.068
440.94	26.744
441.16	25.628
441.37	25.033
441.58	25.497
441.79	27.189
442.00	27.194
442.21	25.775
442.43	26.445
442.64	27.186
442.85	28.016
443.06	25.591
443.27	29.139
443.48	25.615
443.70	25.111
443.91	26.068
444.12	25.686
444.33	24.401
444.54	25.646
444.75	25.610
444.97	26.468
445.18	24.980
445.39	26.416
445.60	23.547
445.81	24.772
446.02	25.252
446.24	25.239
446.45	26.121
446.66	25.419
446.87	25.568
447.08	26.708
447.29	25.049
447.51	24.250
447.72	24.433
447.93	26.089
448.14	26.500
448.35	26.239
448.56	27.176
448.77	26.593
448.99	23.885
449.20	24.627
449.41	25.272
449.62	25.384
449.83	25.786
450.04	25.389
450.25	26.732
450.46	24.932
450.68	24.826
450.89	25.300
451.10	26.757
451.31	25.004
451.52	25.589
451.73	25.876
451.94	24.780
452.15	26.590
452.37	26.441
452.58	26.116
452.79	27.014
453.00	25.403
453.21	24.854
453.42	25.893
453.63	26.229
453.84	25.722
454.06	26.296
454.27	27.516
454.48	26.379
454.69	26.602
454.90	27.061
455.11	25.965
455.32	25.901
455.53	25.975
455.74	24.513
455.95	24.845
456.17	26.884
456.38	26.935
456.59	25.978
456.80	26.313
457.01	25.493
457.22	26.034
457.43	25.448
457.64	27.005
457.85	25.182
458.06	25.254
458.27	24.966
458.49	27.255
458.70	25.757
458.91	25.123
459.12	25.816
459.33	25.120
459.54	26.275
459.75	25.941
459.96	25.823
460.17	28.089
460.38	26.393
460.59	26.692
460.80	26.628
461.01	27.205
461.23	25.053
461.44	27.382
461.65	25.003
461.86	25.989
462.07	27.026
462.28	26.490
462.49	27.242
462.70	24.971
462.91	26.150
463.12	25.840
463.33	26.667
463.54	25.017
463.75	25.323
463.96	27.718
464.17	25.446
464.38	27.474
464.59	26.474
464.81	25.345
465.02	27.651
465.23	25.514
465.44	27.075
465.65	26.310
465.86	25.526
466.07	26.962
466.28	25.287
466.49	25.791
466.70	25.206
466.91	27.238
467.12	27.458
467.33	27.538
467.54	25.907
467.75	25.690
467.96	26.812
468.17	27.147
468.38	27.339
468.59	25.228
468.80	26.465
469.01	26.045
469.22	26.251
469.43	27.040
469.64	26.334
469.85	27.298
470.06	26.887
470.27	25.450
470.48	27.798
470.69	26.035
470.90	25.582
471.11	27.010
471.32	27.007
471.53	27.753
471.74	26.081
471.95	25.761
472.16	27.772
472.37	26.656
472.58	24.921
472.79	26.351
473.00	26.545
473.21	27.028
473.42	27.235
473.63	25.861
473.84	26.420
474.05	26.960
474.26	26.005
474.47	25.727
474.68	25.490
474.89	28.355
475.10	26.643
475.31	26.317
475.52	25.232
475.73	27.158
475.94	27.038
476.15	26.527
476.36	25.783
476.57	26.960
476.78	26.125
476.99	25.967
477.20	26.307
477.41	27.013
477.62	27.532
477.83	26.356
478.04	25.752
478.25	26.501
478.46	27.105
478.67	26.547
478.88	26.400
479.09	27.087
479.30	26.284
479.51	26.088
479.72	26.859
479.93	26.316
480.14	26.446
480.35	27.071
480.56	26.118
480.77	27.902
480.98	27.150
481.18	26.327
481.39	26.768
481.60	27.116
481.81	26.272
482.02	25.723
482.23	27.219
482.44	27.273
482.65	26.483
482.86	27.193
483.07	26.259
483.28	26.961
483.49	26.702
483.70	26.067
483.91	26.781
484.12	26.204
484.33	26.141
484.53	26.642
484.74	26.091
484.95	25.899
485.16	26.367
485.37	27.208
485.58	26.858
485.79	27.217
486.00	27.498
486.21	25.363
486.42	26.049
486.63	26.975
486.84	26.558
487.05	26.547
487.25	27.341
487.46	26.666
487.67	26.940
487.88	26.354
488.09	26.958
488.30	25.758
488.51	24.197
488.72	25.998
488.93	27.221
489.14	26.305
489.35	25.964
489.55	27.531
489.76	26.123
489.97	26.095
490.18	26.750
490.39	26.713
490.60	26.613
490.81	26.997
491.02	26.631
491.23	26.886
491.43	26.993
491.64	26.919
491.85	26.604
492.06	26.188
492.27	26.122
492.48	25.941
492.69	26.823
492.90	26.771
493.11	26.333
493.31	27.232
493.52	26.841
493.73	27.456
493.94	27.420
494.15	27.055
494.36	26.821
494.57	26.591
494.78	26.606
494.98	26.406
495.19	27.077
495.40	27.077
495.61	27.171
495.82	27.365
496.03	26.591
496.24	26.642
496.44	26.659
496.65	27.401
496.86	26.346
497.07	27.081
497.28	26.774
497.49	27.630
497.70	26.358
497.90	26.513
498.11	27.042
498.32	26.105
498.53	27.032
498.74	26.647
498.95	27.317
499.15	27.775
499.36	26.696
499.57	27.063
499.78	26.585
499.99	27.391
500.20	26.762
500.40	27.421
500.61	26.993
500.82	27.587
501.03	26.865
501.24	27.317
501.45	27.824
501.65	26.824
501.86	27.216
502.07	27.389
502.28	27.132
502.49	27.097
502.70	27.169
502.90	27.613
503.11	27.348
503.32	27.505
503.53	27.365
503.74	27.505
503.94	27.068
504.15	27.310
504.36	27.207
504.57	27.298
504.78	27.139
504.98	27.271
505.19	28.113
505.40	27.733
505.61	27.845
505.82	27.574
506.02	27.710
506.23	27.254
506.44	27.893
506.65	28.199
506.86	28.059
507.06	27.592
507.27	28.256
507.48	27.832
507.69	27.820
507.90	27.259
508.10	28.278
508.31	27.479
508.52	27.943
508.73	28.569
508.94	27.760
509.14	28.023
509.35	28.603
509.56	28.269
509.77	27.906
509.97	28.370
510.18	28.310
510.39	28.593
510.60	28.531
510.80	28.783
511.01	28.587
511.22	28.882
511.43	28.541
511.64	28.941
511.84	28.572
512.05	29.586
512.26	29.206
512.47	29.153
512.67	29.147
512.88	28.854
513.09	29.175
513.30	29.027
513.50	28.948
513.71	29.484
513.92	29.346
514.13	29.505
514.33	29.176
514.54	29.445
514.75	30.127
514.96	29.037
515.16	29.465
515.37	30.007
515.58	29.886
515.78	29.872
515.99	30.142
516.20	30.116
516.41	29.923
516.61	30.819
516.82	29.662
517.03	30.494
517.24	29.903
517.44	30.816
517.65	30.592
517.86	30.497
518.07	31.190
518.27	31.018
518.48	30.955
518.69	30.907
518.89	31.605
519.10	30.883
519.31	30.918
519.52	31.447
519.72	32.104
519.93	32.169
520.14	31.807
520.34	31.976
520.55	32.126
520.76	32.250
520.96	32.247
521.17	32.344
521.38	32.439
521.59	33.040
521.79	32.685
522.00	32.576
522.21	32.811
522.41	33.191
522.62	32.862
522.83	33.525
523.03	32.909
523.24	33.554
523.45	33.274
523.66	33.920
523.86	33.647
524.07	33.939
524.28	34.156
524.48	33.854
524.69	34.406
524.90	34.847
525.10	34.602
525.31	34.750
525.52	34.872
525.72	34.352
525.93	34.413
526.14	34.948
526.34	35.174
526.55	35.459
526.76	35.128
526.96	35.158
527.17	35.717
527.38	35.327
527.58	35.860
527.79	35.898
528.00	35.714
528.20	35.991
528.41	36.457
528.62	36.648
528.82	36.776
529.03	36.472
529.24	36.645
529.44	37.126
529.65	36.632
529.85	37.144
530.06	37.183
530.27	37.424
530.47	37.363
530.68	37.563
530.89	37.160
531.09	37.479
531.30	36.822
531.51	38.157
531.71	37.392
531.92	38.086
532.13	37.826
532.33	38.133
532.54	37.758
532.74	38.557
532.95	38.987
533.16	38.002
533.36	38.381
533.57	38.858
533.78	39.260
533.98	38.331
534.19	38.768
534.39	39.138
534.60	39.350
534.81	38.853
535.01	39.542
535.22	39.211
535.42	39.321
535.63	39.054
535.84	39.757
536.04	39.093
536.25	38.881
536.45	39.400
536.66	39.208
536.87	39.387
537.07	39.163
537.28	39.846
537.48	39.693
537.69	39.493
537.90	40.482
538.10	39.795
538.31	39.693
538.51	39.941
538.72	39.418
538.93	40.082
539.13	39.850
539.34	40.038
539.54	40.332
539.75	40.611
539.96	39.945
540.16	40.137
540.37	40.741
540.57	40.763
540.78	40.198
540.98	40.659
541.19	40.253
541.40	40.537
541.60	40.357
541.81	40.230
542.01	40.444
542.22	40.647
542.42	40.408
542.63	40.142
542.83	40.646
543.04	40.606
543.25	40.748
543.45	40.339
543.66	40.155
543.86	40.305
544.07	40.134
544.27	40.791
544.48	40.977
544.68	40.521
544.89	40.454
545.10	40.240
545.30	41.118
545.51	41.079
545.71	40.620
545.92	40.727
546.12	41.216
546.33	40.904
546.53	41.049
546.74	40.823
546.94	40.644
547.15	41.128
547.36	41.159
547.56	41.179
547.77	40.974
547.97	41.240
548.18	40.809
548.38	40.623
548.59	41.382
548.79	40.800
549.00	41.191
549.20	40.460
549.41	41.399
549.61	41.008
549.82	40.801
550.02	40.458
550.23	41.091
550.43	41.295
550.64	41.351
550.84	41.020
551.05	41.163
551.25	40.425
551.46	41.372
551.66	41.076
551.87	41.298
552.07	41.356
552.28	40.677
552.48	41.379
552.69	41.022
552.89	41.171
553.10	41.298
553.30	40.845
553.51	41.360
553.71	41.099
553.92	41.162
554.12	41.628
554.33	41.487
554.53	40.973
554.74	41.101
554.94	41.474
555.15	41.619
555.35	41.217
555.56	40.962
555.76	41.221
555.97	41.386
556.17	41.095
556.38	41.592
556.58	41.571
556.78	41.068
556.99	41.339
557.19	41.608
557.40	41.260
557.60	41.277
557.81	41.585
558.01	41.318
558.22	41.249
558.42	41.136
558.63	41.498
558.83	41.359
559.04	41.288
559.24	41.629
559.44	41.489
559.65	41.295
559.85	41.737
560.06	41.243
560.26	40.852
560.47	41.309
560.67	44.778
560.88	41.350
561.08	41.202
561.28	41.113
561.49	41.400
561.69	41.654
561.90	41.238
562.10	41.143
562.31	40.891
562.51	41.502
562.71	41.775
562.92	41.400
563.12	40.399
563.33	40.942
563.53	40.890
563.74	40.429
563.94	40.916
564.14	40.946
564.35	40.518
564.55	40.783
564.76	40.682
564.96	40.460
565.17	40.654
565.37	40.743
565.57	40.950
565.78	40.864
565.98	40.368
566.19	40.113
566.39	40.244
566.59	40.174
566.80	40.592
567.00	40.084
567.21	40.070
567.41	40.573
567.61	40.167
567.82	40.063
568.02	39.681
568.23	40.041
568.43	39.602
568.63	39.883
568.84	39.845
569.04	39.718
569.24	39.351
569.45	39.316
569.65	39.245
569.86	38.917
570.06	39.636
570.26	38.621
570.47	38.966
570.67	38.838
570.87	38.609
571.08	38.694
571.28	39.201
571.49	38.597
571.69	38.554
571.89	38.315
572.10	38.688
572.30	38.303
572.50	38.444
572.71	38.292
572.91	38.522
573.11	38.021
573.32	38.047
573.52	37.703
573.73	37.690
573.93	37.828
574.13	37.784
574.34	38.005
574.54	37.148
574.74	37.805
574.95	37.390
575.15	37.916
575.35	37.173
575.56	37.031
575.76	37.148
575.96	36.675
576.17	37.399
576.37	37.172
576.57	37.278
576.78	36.959
576.98	36.681
577.18	36.621
577.39	36.742
577.59	36.435
577.79	36.474
578.00	36.317
578.20	36.661
578.40	36.421
578.61	36.301
578.81	36.299
579.01	36.314
579.22	36.205
579.42	35.919
579.62	35.730
579.82	35.826
580.03	35.828
580.23	35.684
580.43	35.604
580.64	35.465
580.84	35.371
581.04	35.682
581.25	35.087
581.45	35.500
581.65	35.515
581.86	35.119
582.06	34.868
582.26	35.099
582.46	35.400
582.67	35.085
582.87	35.181
583.07	35.144
583.28	34.559
583.48	34.778
583.68	34.715
583.88	34.696
584.09	34.862
584.29	34.672
584.49	34.638
584.70	34.671
584.90	34.508
585.10	34.044
585.30	34.492
585.51	34.650
585.71	34.170
585.91	34.146
586.11	34.347
586.32	34.452
586.52	34.431
586.72	34.074
586.92	33.847
587.13	34.087
587.33	34.241
587.53	33.846
587.74	33.852
587.94	33.623
588.14	33.992
588.34	33.909
588.55	33.539
588.75	33.647
588.95	33.761
589.15	33.761
589.36	33.609
589.56	33.578
589.76	34.008
589.96	33.803
590.16	33.867
590.37	33.624
590.57	33.234
590.77	33.352
590.97	33.563
591.18	33.262
591.38	32.982
591.58	33.992
591.78	33.564
591.99	33.021
592.19	33.248
592.39	33.112
592.59	32.838
592.79	33.042
593.00	33.348
593.20	32.737
593.40	33.205
593.60	32.750
593.81	32.842
594.01	33.263
594.21	32.828
594.41	32.943
594.61	32.652
594.82	32.962
595.02	32.761
595.22	32.637
595.42	32.662
595.62	32.664
595.83	32.533
596.03	32.778
596.23	32.675
596.43	32.475
596.63	32.744
596.84	32.377
597.04	32.642
597.24	32.438
597.44	32.723
597.64	32.631
597.84	32.518
598.05	32.521
598.25	32.815
598.45	32.507
598.65	32.154
598.85	32.475
599.06	32.134
599.26	32.732
599.46	32.604
599.66	32.543
599.86	32.372
600.06	32.433
600.27	32.335
600.47	32.534
600.67	32.329
600.87	32.235
601.07	32.103
601.27	32.257
601.48	32.051
601.68	32.121
601.88	32.065
602.08	31.995
602.28	32.016
602.48	32.068
602.68	32.106
602.89	32.166
603.09	32.541
603.29	32.149
603.49	32.198
603.69	32.178
603.89	32.102
604.09	32.153
604.30	31.982
604.50	31.713
604.70	32.135
604.90	31.946
605.10	31.683
605.30	31.963
605.50	32.102
605.71	31.788
605.91	32.058
606.11	31.798
606.31	32.048
606.51	32.311
606.71	31.817
606.91	31.731
607.11	31.542
607.32	31.926
607.52	31.653
607.72	31.641
607.92	32.139
608.12	31.414
608.32	31.285
608.52	31.770
608.72	31.770
608.92	31.658
609.12	31.675
609.33	31.467
609.53	31.665
609.73	31.840
609.93	31.061
610.13	31.397
610.33	31.519
610.53	31.722
610.73	31.529
610.93	31.276
611.13	31.817
611.34	31.541
611.54	31.389
611.74	31.410
611.94	31.109
612.14	31.402
612.34	31.468
612.54	30.924
612.74	31.047
612.94	31.374
613.14	30.942
613.34	31.239
613.54	31.111
613.74	31.070
613.95	31.240
614.15	31.159
614.35	31.157
614.55	31.031
614.75	30.976
614.95	31.035
615.15	30.926
615.35	31.097
615.55	30.853
615.75	31.088
615.95	30.726
616.15	30.672
616.35	30.907
616.55	30.290
616.75	30.821
616.95	30.764
617.15	30.650
617.35	30.809
617.56	30.706
617.76	30.331
617.96	30.648
618.16	30.371
618.36	30.634
618.56	30.445
618.76	30.631
618.96	30.303
619.16	30.381
619.36	30.570
619.56	30.277
619.76	30.054
619.96	30.380
620.16	30.237
620.36	30.187
620.56	30.243
620.76	30.400
620.96	30.207
621.16	30.069
621.36	30.023
621.56	30.215
621.76	30.482
621.96	30.291
622.16	30.450
622.36	30.357
622.56	30.223
622.76	29.938
622.96	30.306
623.16	29.934
623.36	30.233
623.56	29.837
623.76	29.796
623.96	29.937
624.16	29.921
624.36	30.080
624.56	29.884
624.76	30.260
624.96	30.129
625.16	29.857
625.36	29.731
625.56	29.609
625.76	29.816
625.96	29.633
626.16	29.739
626.36	29.770
626.56	29.917
626.76	29.966
626.96	29.683
627.16	29.545
627.36	29.481
627.56	29.776
627.76	29.958
627.96	29.674
628.16	30.030
628.36	29.783
628.56	29.632
628.75	29.494
628.95	29.979
629.15	29.689
629.35	29.939
629.55	29.485
629.75	30.021
629.95	29.439
630.15	29.613
630.35	29.651
630.55	29.799
630.75	29.805
630.95	29.673
631.15	29.732
631.35	29.871
631.55	29.342
631.75	29.636
631.95	29.483
632.15	29.801
632.34	29.482
632.54	29.769
632.74	29.991
632.94	29.707
633.14	29.436
633.34	29.755
633.54	29.518
633.74	29.644
633.94	29.266
634.14	29.522
634.34	29.659
634.54	29.412
634.74	29.450
634.93	29.576
635.13	29.599
635.33	29.511
635.53	29.200
635.73	29.245
635.93	29.729
636.13	29.508
636.33	29.400
636.53	29.255
636.73	29.570
636.93	29.573
637.12	29.622
637.32	29.343
637.52	29.502
637.72	29.225
637.92	29.237
638.12	29.101
638.32	29.144
638.52	29.367
638.72	28.891
638.91	28.853
639.11	29.171
639.31	28.981
639.51	29.117
639.71	28.861
639.91	28.832
640.11	28.993
640.31	28.764
640.50	28.924
640.70	28.783
640.90	28.710
641.10	28.682
641.30	28.815
641.50	28.947
641.70	28.336
641.89	28.615
642.09	28.842
642.29	28.503
642.49	28.776
642.69	28.963
642.89	28.301
643.09	28.173
643.28	28.649
643.48	28.189
643.68	28.431
643.88	28.449
644.08	27.923
644.28	28.048
644.48	28.246
644.67	28.404
644.87	27.924
645.07	27.965
645.27	28.015
645.47	27.919
645.67	28.029
645.86	27.893
646.06	28.048
646.26	28.131
646.46	28.342
646.66	28.071
646.85	27.899
647.05	27.861
647.25	27.775
647.45	27.485
647.65	27.634
647.85	27.495
648.04	27.670
648.24	27.888
648.44	27.583
648.64	27.657
648.84	27.506
649.03	27.720
649.23	27.265
649.43	27.753
649.63	27.210
649.83	27.493
650.02	26.942
650.22	27.544
650.42	27.339
650.62	27.191
650.82	27.632
651.01	27.405
651.21	26.954
651.41	27.341
651.61	27.097
651.81	27.130
652.00	27.195
652.20	27.170
652.40	26.886
652.60	26.999
652.79	26.970
652.99	27.287
653.19	26.754
653.39	27.029
653.59	26.918
653.78	26.673
653.98	26.542
654.18	27.292
654.38	26.885
654.57	26.706
654.77	26.954
654.97	27.129
655.17	26.922
655.36	26.722
655.56	26.838
655.76	26.957
655.96	26.931
656.15	26.817
656.35	27.055
656.55	26.963
656.75	26.518
656.94	26.752
657.14	26.917
657.34	26.805
657.54	26.816
657.73	26.447
657.93	26.653
658.13	26.692
658.33	26.768
658.52	26.937
658.72	28.533
658.92	26.509
659.11	26.739
659.31	26.978
659.51	26.228
659.71	26.572
659.90	26.434
660.10	26.227
660.30	26.494
660.50	26.405
660.69	26.707
660.89	26.464
661.09	26.418
661.28	26.494
661.48	26.527
661.68	26.313
661.87	26.438
662.07	26.413
662.27	26.422
662.47	26.516
662.66	26.629
662.86	26.398
663.06	26.505
663.25	26.521
663.45	26.488
663.65	26.056
663.84	26.810
664.04	26.281
664.24	26.118
664.44	26.368
664.63	26.265
664.83	26.400
665.03	26.527
665.22	25.987
665.42	26.331
665.62	26.553
665.81	26.214
666.01	26.335
666.21	26.338
666.40	26.329
666.60	26.256
666.80	26.053
666.99	26.383
667.19	26.199
667.39	26.225
667.58	26.433
667.78	26.251
667.98	26.337
668.17	26.159
668.37	26.680
668.57	26.202
668.76	26.179
668.96	26.104
669.16	26.474
669.35	26.214
669.55	26.653
669.74	26.326
669.94	26.346
670.14	26.374
670.33	26.208
670.53	26.076
670.73	26.126
670.92	26.278
671.12	26.073
671.32	26.285
671.51	26.134
671.71	25.985
671.90	26.398
672.10	26.279
672.30	26.399
672.49	26.202
672.69	26.178
672.89	26.132
673.08	26.184
673.28	26.026
673.47	26.232
673.67	26.066
673.87	26.365
674.06	26.359
674.26	26.173
674.45	26.037
674.65	26.218
674.85	26.322
675.04	26.131
675.24	26.447
675.43	26.169
675.63	26.172
675.83	26.363
676.02	26.106
676.22	26.227
676.41	26.104
676.61	26.323
676.81	26.228
677.00	26.223
677.20	26.255
677.39	26.039
677.59	26.236
677.79	26.394
677.98	26.432
678.18	26.702
678.37	26.197
678.57	26.329
678.76	26.442
678.96	26.410
679.16	26.561
679.35	26.400
679.55	26.393
679.74	26.521
679.94	26.374
680.13	26.023
680.33	26.099
680.53	26.413
680.72	26.328
680.92	26.467
681.11	26.404
681.31	26.239
681.50	26.361
681.70	26.806
681.89	26.438
682.09	26.737
682.28	26.646
682.48	26.791
682.68	26.793
682.87	26.479
683.07	26.388
683.26	26.473
683.46	26.550
683.65	26.700
683.85	26.244
684.04	26.566
684.24	26.427
684.43	26.444
684.63	26.383
684.82	26.723
685.02	26.625
685.21	26.632
685.41	26.756
685.60	26.833
685.80	26.858
686.00	26.711
686.19	27.028
686.39	27.015
686.58	26.950
686.78	26.504
686.97	26.504
687.17	27.067
687.36	26.690
687.56	26.888
687.75	26.811
687.95	27.119
688.14	27.026
688.34	27.005
688.53	27.256
688.73	27.027
688.92	27.141
689.12	27.080
689.31	26.990
689.51	27.042
689.70	27.291
689.89	27.007
690.09	27.335
690.28	27.533
690.48	27.486
690.67	27.568
690.87	27.448
691.06	27.678
691.26	27.493
691.45	27.975
691.65	27.661
691.84	27.883
692.04	28.051
692.23	27.924
692.43	28.202
692.62	28.603
692.82	28.397
693.01	28.804
693.20	28.229
693.40	28.908
693.59	28.840
693.79	28.912
693.98	29.101
694.18	29.260
694.37	29.544
694.57	29.407
694.76	30.172
694.95	29.797
695.15	30.210
695.34	30.200
695.54	30.525
695.73	30.833
695.93	30.871
696.12	30.732
696.32	30.963
696.51	31.757
696.70	31.477
696.90	31.942
697.09	32.066
697.29	32.247
697.48	32.420
697.67	32.852
697.87	32.815
698.06	33.251
698.26	33.336
698.45	33.442
698.65	33.511
698.84	34.063
699.03	34.368
699.23	34.700
699.42	35.050
699.62	35.320
699.81	35.575
700.00	35.885
700.20	36.057
700.39	36.198
700.59	36.380
700.78	36.770
700.97	37.409
701.17	37.351
701.36	37.611
701.56	37.792
701.75	38.225
701.94	38.974
702.14	38.472
702.33	39.173
702.52	39.876
702.72	40.050
702.91	40.207
703.11	40.309
703.30	40.795
703.49	41.124
703.69	41.173
703.88	42.006
704.07	42.089
704.27	43.172
704.46	42.760
704.66	43.086
704.85	43.308
705.04	43.584
705.24	43.365
705.43	44.358
705.62	44.438
705.82	44.888
706.01	45.254
706.20	45.310
706.40	45.832
706.59	46.454
706.78	46.078
706.98	46.327
707.17	46.703
707.36	47.207
707.56	47.712
707.75	47.610
707.94	47.452
708.14	48.560
708.33	48.555
708.52	48.785
708.72	49.132
708.91	49.689
709.10	49.879
709.30	49.738
709.49	50.188
709.68	50.473
709.88	50.906
710.07	50.925
710.26	51.296
710.46	51.918
710.65	52.024
710.84	52.242
711.04	52.489
711.23	52.680
711.42	53.033
711.61	53.301
711.81	53.599
712.00	53.950
712.19	53.722
712.39	54.480
712.58	54.644
712.77	54.339
712.97	55.315
713.16	54.864
713.35	55.545
713.54	55.735
713.74	56.189
713.93	56.576
714.12	57.050
714.32	56.965
714.51	56.796
714.70	58.108
714.89	57.115
715.09	57.891
715.28	57.680
715.47	58.161
715.66	58.572
715.86	58.954
716.05	59.018
716.24	58.646
716.44	59.168
716.63	59.619
716.82	59.736
717.01	60.205
717.21	60.150
717.40	60.952
717.59	60.940
717.78	61.400
717.98	61.060
718.17	61.994
718.36	61.609
718.55	62.156
718.75	62.421
718.94	62.453
719.13	63.100
719.32	62.480
719.52	63.425
719.71	63.705
719.90	64.089
720.09	63.627
720.28	64.164
720.48	64.138
720.67	64.822
720.86	65.136
721.05	65.162
721.25	65.326
721.44	65.573
721.63	66.261
721.82	66.067
722.01	65.755
722.21	66.727
722.40	66.940
722.59	66.752
722.78	67.063
722.98	67.268
723.17	67.978
723.36	68.104
723.55	68.166
723.74	67.987
723.94	68.065
724.13	68.665
724.32	68.397
724.51	69.400
724.70	69.107
724.89	69.319
725.09	69.134
725.28	69.323
725.47	70.144
725.66	70.090
725.85	70.922
726.05	71.414
726.24	71.104
726.43	71.185
726.62	70.904
726.81	71.697
727.00	71.955
727.20	71.977
727.39	71.785
727.58	72.068
727.77	71.769
727.96	72.507
728.15	72.707
728.35	73.456
728.54	73.035
728.73	73.470
728.92	73.597
729.11	73.574
729.30	73.924
729.50	74.095
729.69	73.887
729.88	74.599
730.07	74.676
730.26	75.078
730.45	74.888
730.64	74.740
730.84	74.959
731.03	75.585
731.22	75.820
731.41	75.446
731.60	76.240
731.79	76.419
731.98	76.742
732.18	76.697
732.37	76.713
732.56	76.367
732.75	76.596
732.94	76.717
733.13	77.541
733.32	77.659
733.51	77.508
733.71	77.629
733.90	78.068
734.09	78.583
734.28	78.590
734.47	78.035
734.66	78.487
734.85	78.659
735.04	78.140
735.23	78.707
735.42	78.606
735.62	78.599
735.81	79.146
736.00	79.531
736.19	79.490
736.38	78.926
736.57	79.893
736.76	79.810
736.95	80.226
737.14	79.660
737.33	80.205
737.52	80.444
737.72	81.311
737.91	81.003
738.10	80.841
738.29	80.787
738.48	81.147
738.67	81.295
738.86	81.566
739.05	81.451
739.24	80.945
739.43	81.718
739.62	81.925
739.81	81.772
740.00	81.663
740.19	82.364
740.39	82.452
740.58	82.126
740.77	81.490
740.96	82.001
741.15	82.541
741.34	83.064
741.53	82.120
741.72	82.281
741.91	82.934
742.10	82.797
742.29	82.939
742.48	82.738
742.67	83.461
742.86	83.773
743.05	82.728
743.24	83.311
743.43	82.922
743.62	83.087
743.81	83.216
744.00	83.396
744.19	83.365
744.38	83.745
744.57	83.191
744.76	83.473
744.95	83.608
745.14	84.350
745.33	83.559
745.52	83.986
745.71	83.759
745.90	84.608
746.09	83.945
746.28	84.193
746.47	84.253
746.66	83.842
746.85	83.671
747.04	84.309
747.23	83.850
747.42	84.565
747.61	84.487
747.80	84.761
747.99	85.302
748.18	84.340
748.37	84.207
748.56	84.563
748.75	84.905
748.94	84.964
749.13	85.230
749.32	84.918
749.51	84.799
749.70	85.415
749.89	84.797
750.08	84.360
750.27	85.115
750.46	85.168
750.65	85.178
750.84	84.580
751.03	85.104
751.22	85.642
751.41	85.321
751.60	85.186
751.79	85.956
751.98	86.068
752.17	85.448
752.36	85.875
752.55	85.889
752.74	86.322
752.93	85.543
753.12	85.707
753.30	85.265
753.49	85.524
753.68	85.763
753.87	85.670
754.06	85.863
754.25	85.583
754.44	86.105
754.63	86.578
754.82	86.079
755.01	86.466
755.20	85.675
755.39	86.019
755.58	85.988
755.77	86.716
755.96	86.040
756.14	85.881
756.33	86.076
756.52	86.492
756.71	86.241
756.90	86.323
757.09	86.538
757.28	85.866
757.47	85.817
757.66	86.470
757.85	85.506
758.04	86.568
758.22	86.497
758.41	85.913
758.60	86.752
758.79	85.336
758.98	86.097
759.17	86.062
759.36	86.821
759.55	86.817
759.74	85.682
759.92	85.970
760.11	86.080
760.30	86.645
760.49	86.479
760.68	85.828
760.87	85.854
761.06	86.350
761.25	86.800
761.43	86.361
761.62	86.452
761.81	86.508
762.00	86.273
762.19	86.315
762.38	86.285
762.57	86.756
762.76	87.054
762.94	86.168
763.13	86.247
763.32	87.171
763.51	86.513
763.70	86.237
763.89	86.577
764.07	86.856
764.26	86.404
764.45	86.421
764.64	86.180
764.83	86.118
765.02	86.498
765.21	86.437
765.39	85.725
765.58	86.556
765.77	86.315
765.96	86.408
766.15	87.272
766.34	86.361
766.52	86.397
766.71	86.471
766.90	86.781
767.09	87.182
767.28	86.138
767.46	86.579
767.65	86.465
767.84	86.553
768.03	86.201
768.22	86.725
768.40	87.314
768.59	86.755
768.78	86.925
768.97	86.886
769.16	87.302
769.34	86.408
769.53	86.562
769.72	86.956
769.91	87.414
770.10	87.120
770.28	85.999
770.47	86.852
770.66	86.340
770.85	86.730
771.04	86.505
771.22	85.999
771.41	86.202
771.60	87.145
771.79	86.986
771.98	86.602
772.16	86.896
772.35	86.711
772.54	86.439
772.73	86.681
772.91	86.676
773.10	87.138
773.29	86.630
773.48	86.485
773.66	86.212
773.85	87.080
774.04	86.402
774.23	86.643
774.41	86.938
774.60	86.744
774.79	86.954
774.98	86.761
775.16	86.767
775.35	86.058
775.54	86.999
775.73	86.647
775.91	86.715
776.10	86.756
776.29	86.326
776.48	86.586
776.66	86.635
776.85	86.467
777.04	87.419
777.23	86.964
777.41	86.298
777.60	86.866
777.79	86.207
777.97	86.391
778.16	86.716
778.35	86.604
778.54	85.876
778.72	86.344
778.91	86.502
779.10	87.333
779.28	86.726
779.47	86.701
779.66	86.986
779.85	86.831
780.03	86.627
780.22	86.353
780.41	86.923
780.59	87.057
780.78	87.016
780.97	86.433
781.15	87.272
781.34	86.044
781.53	87.164
781.71	86.608
781.90	87.084
782.09	86.013
782.27	86.723
782.46	86.915
782.65	86.142
782.84	86.758
783.02	86.815
783.21	86.357
783.40	87.130
783.58	86.307
783.77	87.139
783.96	87.385
784.14	87.002
784.33	86.423
784.52	87.438
784.70	87.218
784.89	87.814
785.07	87.082
785.26	87.066
785.45	87.293
785.63	86.813
785.82	86.332
786.01	87.629
786.19	86.790
786.38	87.296
786.57	86.687
786.75	86.115
786.94	87.115
787.13	86.795
787.31	86.927
787.50	87.055
787.68	86.771
787.87	86.945
788.06	86.733
788.24	86.842
788.43	86.720
788.62	86.451
788.80	86.841
788.99	86.796
789.17	85.625
789.36	87.273
789.55	86.595
789.73	86.300
789.92	87.428
790.10	87.231
790.29	86.259
790.48	87.524
790.66	87.252
790.85	87.087
791.03	87.032
791.22	86.515
791.41	86.814
791.59	87.143
791.78	87.206
791.96	87.257
792.15	86.890
792.34	87.062
792.52	87.126
792.71	87.122
792.89	87.213
793.08	85.935
793.27	86.577
793.45	86.910
793.64	86.799
793.82	87.124
794.01	86.686
794.19	87.234
794.38	87.299
794.57	87.287
794.75	87.074
794.94	86.651
795.12	87.007
795.31	86.121
795.49	86.940
795.68	86.595
795.86	86.590
796.05	86.649
796.24	86.788
796.42	85.978
796.61	87.298
796.79	87.472
796.98	86.955
797.16	86.735
797.35	86.554
797.53	87.064
797.72	87.280
797.90	86.356
798.09	86.225
798.27	86.988
798.46	86.797
798.65	87.149
798.83	86.986
799.02	86.923
799.20	86.762
799.39	87.044
799.57	87.727
799.76	87.407
799.94	86.464
800.13	86.396
800.31	87.358
800.50	86.776
800.68	87.378
800.87	86.540
801.05	87.427
801.24	87.113
801.42	85.880
801.61	87.072
801.79	86.948
801.98	86.554
802.16	87.228
802.35	86.563
802.53	86.117
802.72	86.397
802.90	86.696
803.09	86.621
803.27	86.839
803.46	86.090
803.64	86.917
803.83	87.154
804.01	86.341
804.20	86.384
804.38	87.108
804.56	86.040
804.75	86.234
804.93	87.331
805.12	86.704
805.30	86.334
805.49	87.712
805.67	87.405
805.86	87.150
806.04	86.865
806.23	86.626
806.41	86.574
806.59	87.828
806.78	87.477
806.96	86.935
807.15	87.352
807.33	87.268
807.52	87.407
807.70	86.726
807.89	86.964
808.07	86.743
808.25	87.275
808.44	87.172
808.62	87.225
808.81	86.908
808.99	85.937
809.18	87.207
809.36	87.234
809.54	86.274
809.73	87.432
809.91	87.177
810.10	87.064
810.28	87.177
810.47	87.094
810.65	86.446
810.83	86.748
811.02	86.905
811.20	86.793
811.39	85.939
811.57	86.079
811.75	87.211
811.94	86.936
812.12	86.867
812.31	86.081
812.49	85.965
812.67	86.851
812.86	86.650
813.04	87.103
813.23	86.539
813.41	86.950
813.59	86.834
813.78	86.756
813.96	86.504
814.14	86.460
814.33	87.636
814.51	86.736
814.70	86.804
814.88	87.238
815.06	86.332
815.25	86.282
815.43	86.990
815.61	87.482
815.80	86.934
815.98	87.600
816.16	86.819
816.35	87.046
816.53	87.522
816.72	86.237
816.90	87.508
817.08	86.919
817.27	85.805
817.45	86.753
817.63	86.691
817.82	86.610
818.00	86.866
818.18	86.771
818.37	86.429
818.55	87.090
818.73	86.636
818.92	87.344
819.10	86.498
819.28	86.150
819.47	86.665
819.65	86.523
819.83	86.900
820.02	87.244
820.20	86.516
820.38	86.538
820.57	87.255
820.75	86.400
820.93	86.596
821.11	87.267
821.30	86.970
821.48	86.802
821.66	86.970
821.85	86.817
822.03	86.179
822.21	86.367
822.40	86.932
822.58	86.991
822.76	86.853
822.94	87.290
823.13	87.558
823.31	86.976
823.49	86.912
823.68	86.940
823.86	86.253
824.04	86.946
824.22	87.220
824.41	87.500
824.59	87.191
824.77	87.294
824.96	86.857
825.14	87.351
825.32	86.369
825.50	87.197
825.69	86.374
825.87	86.926
826.05	87.627
826.23	87.104
826.42	86.825
826.60	86.859
826.78	86.432
826.96	86.424
827.15	86.618
827.33	86.454
827.51	86.675
827.69	86.705
827.88	86.692
828.06	86.372
828.24	86.503
828.42	86.569
828.61	87.077
828.79	86.543
828.97	86.410
829.15	87.020
829.34	86.556
829.52	87.383
829.70	86.157
829.88	86.403
830.06	86.020
830.25	85.961
830.43	87.361
830.61	86.516
830.79	86.722
830.97	86.798
831.16	87.308
831.34	86.807
831.52	86.361
831.70	86.320
831.89	87.030
832.07	88.133
832.25	86.641
832.43	86.755
832.61	87.047
832.80	86.620
832.98	87.237
833.16	86.692
833.34	87.647
833.52	86.854
833.70	86.518
833.89	85.691
834.07	86.963
834.25	86.910
834.43	86.753
834.61	87.161
834.80	86.641
834.98	86.384
835.16	86.890
835.34	86.194
835.52	86.000
835.70	86.137
835.89	87.334
836.07	86.316
836.25	87.110
836.43	87.641
836.61	86.667
836.79	86.922
836.97	88.001
837.16	86.906
837.34	87.005
837.52	87.458
837.70	87.132
837.88	87.240
838.06	86.449
838.24	85.932
838.43	86.502
838.61	85.990
838.79	86.578
838.97	86.492
839.15	87.064
839.33	86.767
839.51	86.467
839.70	86.723
839.88	87.126
840.06	87.396
840.24	86.691
840.42	87.027
840.60	86.256
840.78	86.583
840.96	86.748
841.14	85.868
841.33	86.921
841.51	87.649
841.69	86.950
841.87	86.738
842.05	87.503
842.23	86.717
842.41	88.055
842.59	87.311
842.77	87.246
842.95	86.951
843.14	86.965
843.32	86.736
843.50	86.684
843.68	87.587
843.86	87.734
844.04	86.808
844.22	86.511
844.40	86.830
844.58	86.321
844.76	87.615
844.94	87.316
845.12	86.456
845.30	86.797
845.49	87.398
845.67	86.431
845.85	87.152
846.03	87.041
846.21	87.622
846.39	87.045
846.57	87.008
846.75	86.649
846.93	86.865
847.11	87.164
847.29	87.103
847.47	87.471
847.65	86.554
847.83	87.248
848.01	86.890
848.19	86.755
848.37	87.129
848.55	87.047
848.73	87.353
848.91	87.021
849.09	86.917
849.27	86.355
849.46	87.721
849.64	86.465
849.82	86.602
850.00	86.060
850.18	87.141
850.36	86.836
850.54	87.245
850.72	87.452
850.90	87.760
851.08	87.359
851.26	87.277
851.44	87.006
851.62	86.352
851.80	87.553
851.98	86.846
852.16	86.934
852.34	87.207
852.52	86.627
852.70	87.077
852.88	87.277
853.06	87.285
853.24	86.562
853.42	87.344
853.60	86.888
853.78	88.329
853.96	87.881
854.14	87.196
854.31	86.908
854.49	86.389
854.67	86.360
854.85	86.874
855.03	86.242
855.21	87.188
855.39	87.161
855.57	86.498
855.75	86.711
855.93	87.418
856.11	87.527
856.29	86.549
856.47	87.428
856.65	87.274
856.83	87.353
857.01	86.656
857.19	87.488
857.37	87.750
857.55	86.710
857.73	87.171
857.91	86.984
858.09	87.024
858.26	87.321
858.44	87.463
858.62	87.910
858.80	87.166
858.98	86.297
859.16	87.344
859.34	86.307
859.52	87.388
859.70	88.083
859.88	86.589
860.06	86.840
860.24	86.911
860.42	87.708
860.59	87.810
860.77	87.302
860.95	86.805
861.13	86.573
861.31	87.794
861.49	87.889
861.67	87.451
861.85	86.463
862.03	86.432
862.21	87.177
862.38	86.506
862.56	86.840
862.74	86.870
862.92	87.775
863.10	86.725
863.28	86.653
863.46	86.262
863.64	86.657
863.82	87.239
863.99	87.218
864.17	87.919
864.35	87.309
864.53	86.842
864.71	87.051
864.89	87.571
865.07	86.602
865.24	87.050
865.42	87.431
865.60	87.497
865.78	87.117
865.96	86.359
866.14	87.290
866.32	86.636
866.49	86.469
866.67	87.693
866.85	88.043
867.03	87.559
867.21	87.751
867.39	87.016
867.56	87.086
867.74	86.917
867.92	86.693
868.10	87.446
868.28	86.876
868.46	87.491
868.63	87.490
868.81	86.679
868.99	86.945
869.17	86.525
869.35	87.903
869.53	86.759
869.70	87.035
869.88	87.193
870.06	86.940
870.24	86.569
870.42	87.529
870.59	87.616
870.77	86.558
870.95	86.173
871.13	86.915
871.31	87.257
871.48	87.084
871.66	87.185
871.84	87.209
872.02	86.225
872.20	86.899
872.37	86.622
872.55	87.197
872.73	88.573
872.91	86.448
873.08	87.164
873.26	87.371
873.44	85.819
873.62	87.953
873.80	86.622
873.97	87.412
874.15	85.986
874.33	86.970
874.51	86.424
874.68	87.710
874.86	87.487
875.04	87.198
875.22	86.894
875.39	86.942
875.57	86.462
875.75	86.175
875.93	87.099
876.10	87.714
876.28	86.377
876.46	86.715
876.64	86.593
876.81	86.894
876.99	86.449
877.17	87.314
877.35	86.317
877.52	86.771
877.70	87.813
877.88	86.842
878.06	87.528
878.23	86.618
878.41	87.160
878.59	85.905
878.76	86.818
878.94	86.648
879.12	86.469
879.30	87.578
879.47	86.828
879.65	86.941
879.83	88.065
880.00	86.977
880.18	86.875
880.36	88.608
880.53	86.578
880.71	87.693
880.89	86.925
881.07	86.754
881.24	86.486
881.42	87.366
881.60	86.672
881.77	86.579
881.95	86.952
882.13	88.460
882.30	87.000
882.48	87.509
882.66	86.370
882.83	86.948
883.01	87.180
883.19	87.327
883.36	86.895
883.54	87.545
883.72	87.238
883.89	86.696
884.07	87.280
884.25	87.736
884.42	87.264
884.60	86.921
884.78	86.793
884.95	87.097
885.13	86.497
885.31	86.953
885.48	86.996
885.66	86.548
885.84	86.986
886.01	86.835
886.19	87.579
886.36	86.874
886.54	86.667
886.72	87.583
886.89	87.567
887.07	87.033
887.25	88.180
887.42	87.152
887.60	85.337
887.78	87.568
887.95	86.112
888.13	87.113
888.30	86.421
888.48	87.451
888.66	87.435
888.83	86.551
889.01	87.271
889.18	87.541
889.36	85.994
889.54	88.765
889.71	87.174
889.89	87.756
890.06	87.257
890.24	87.117
890.42	86.334
890.59	86.064
890.77	87.289
890.94	86.617
891.12	86.917
891.30	86.110
891.47	87.278
891.65	86.788
891.82	87.089
892.00	86.631
892.17	87.880
892.35	87.724
892.53	86.645
892.70	87.285
892.88	87.325
893.05	87.973
893.23	86.946
893.40	85.747
893.58	86.000
893.75	86.975
893.93	87.355
894.11	87.287
894.28	86.859
894.46	88.689
894.63	87.946
894.81	87.966
894.98	87.197
895.16	87.499
895.33	87.605
895.51	87.056
895.68	87.089
895.86	87.484
896.04	87.667
896.21	87.516
896.39	87.589
896.56	87.887
896.74	87.146
896.91	85.528
897.09	86.876
897.26	86.759
897.44	85.906
897.61	87.204
897.79	87.272
897.96	85.782
898.14	87.027
898.31	88.515
898.49	88.216
898.66	87.754
898.84	86.583
899.01	87.516
899.19	87.008
899.36	86.925
899.54	86.140
899.71	87.048
899.89	87.575
900.06	86.851
900.24	86.007
900.41	87.870
900.59	88.276
900.76	87.783
900.94	86.849
901.11	86.795
901.29	87.668
901.46	87.236
901.63	85.682
901.81	87.302
901.98	88.164
902.16	86.413
902.33	87.070
902.51	86.185
902.68	86.164
902.86	87.993
903.03	88.168
903.21	87.153
903.38	86.855
903.56	86.749
903.73	86.798
903.90	86.970
904.08	85.827
904.25	87.052
904.43	87.858
904.60	86.739
904.78	86.380
904.95	87.013
905.12	86.969
905.30	86.651
905.47	87.595
905.65	86.193
905.82	87.959
906.00	87.857
906.17	86.559
906.34	85.781
906.52	87.576
906.69	86.817
906.87	86.767
907.04	87.101
907.21	87.102
907.39	87.098
907.56	86.250
907.74	86.579
907.91	87.348
908.08	87.395
908.26	87.153
908.43	86.944
908.61	86.476
908.78	86.991
908.95	86.257
909.13	87.824
909.30	86.763
909.48	86.942
909.65	86.184
909.82	87.275
910.00	88.498
910.17	86.953
910.34	86.658
910.52	87.113
910.69	88.094
910.87	87.233
911.04	86.569
911.21	88.106
911.39	87.620
911.56	88.125
911.73	87.527
911.91	87.604
912.08	87.076
912.25	87.916
912.43	86.348
912.60	87.171
912.77	87.710
912.95	87.500
913.12	88.692
913.29	87.508
913.47	87.717
913.64	87.137
913.81	87.813
913.99	87.454
914.16	87.096
914.33	86.472
914.51	87.107
914.68	86.581
914.85	87.480
915.03	87.121
915.20	87.390
915.37	87.360
915.55	87.464
915.72	86.165
915.89	88.364
916.07	86.964
916.24	88.682
916.41	87.327
916.59	87.922
916.76	86.462
916.93	88.002
917.10	87.554
917.28	87.807
917.45	86.823
917.62	86.763
917.80	86.862
917.97	87.785
918.14	86.670
918.31	87.343
918.49	87.870
918.66	86.634
918.83	87.108
919.01	86.672
919.18	86.724
919.35	87.626
919.52	87.243
919.70	86.121
919.87	86.894
920.04	87.846
920.21	87.934
920.39	86.836
920.56	87.403
920.73	88.056
920.90	88.722
921.08	86.375
921.25	85.893
921.42	87.785
921.59	89.125
921.77	86.945
921.94	86.742
922.11	87.323
922.28	87.327
922.46	85.819
922.63	84.872
922.80	86.867
922.97	86.883
923.15	86.435
923.32	88.336
923.49	87.704
923.66	88.479
923.83	86.412
924.01	87.810
924.18	86.591
924.35	85.425
924.52	88.508
924.69	86.691
924.87	88.633
925.04	88.601
925.21	88.043
925.38	88.252
925.55	88.134
925.73	87.447
925.90	87.873
926.07	85.283
926.24	86.936
926.41	87.880
926.59	87.115
926.76	86.827
926.93	87.171
927.10	88.634
927.27	87.874
927.45	89.342
927.62	85.929
927.79	87.910
927.96	87.781
928.13	86.656
928.30	87.923
928.48	85.470
928.65	86.572
928.82	86.407
928.99	85.912
929.16	86.492
929.33	87.143
929.50	87.349
929.68	87.582
929.85	87.986
930.02	86.913
930.19	86.733
930.36	87.046
930.53	87.797
930.70	87.103
930.88	88.213
931.05	88.909
931.22	87.332
931.39	87.060
931.56	86.021
931.73	86.212
931.90	87.576
932.08	86.903
932.25	86.097
932.42	88.382
932.59	85.286
932.76	86.806
932.93	86.751
933.10	87.286
933.27	86.308
933.44	86.909
933.62	86.643
933.79	87.253
933.96	86.421
934.13	85.270
934.30	86.784
934.47	86.815
934.64	85.861
934.81	87.653
934.98	87.128
935.15	85.801
935.32	86.240
935.50	86.667
935.67	88.279
935.84	85.592
936.01	87.280
936.18	87.241
936.35	87.430
936.52	86.863
936.69	85.293
936.86	88.645
937.03	84.683
937.20	88.280
937.37	87.527
937.54	84.719
937.71	84.999
937.89	88.911
938.06	87.468
938.23	87.350
938.40	87.303
938.57	86.663
938.74	85.598
938.91	87.420
939.08	88.444
939.25	85.416
939.42	87.334
939.59	87.293
939.76	89.362
939.93	90.325
940.10	89.074
940.27	87.324
940.44	84.950
940.61	88.177
940.78	87.429
940.95	85.827
941.12	86.479
941.29	89.259
941.46	89.559
941.63	87.215
941.80	85.065
941.97	86.282
942.14	85.629
942.31	93.051
942.48	91.979
942.65	89.694
942.82	91.588
942.99	90.514
943.16	89.109
943.33	86.791
943.50	87.419
943.67	89.338
943.84	85.807
944.01	92.013
944.18	90.481
944.35	86.231
944.52	87.896
944.69	88.324
944.86	86.132
945.03	83.837
945.20	92.523
945.37	88.127
945.54	87.437
945.71	89.768
945.88	87.421
946.05	86.152
946.22	87.896
946.39	91.509
946.56	87.373
946.73	90.018
946.90	88.640
947.07	89.594
947.23	84.820
947.40	88.199
947.57	88.717
947.74	88.621
947.91	86.304
948.08	86.483
948.25	88.561
948.42	88.090
948.59	85.111
948.76	86.223
948.93	89.172
949.10	84.759
949.27	85.778
949.44	87.946
949.60	85.767
949.77	85.875
949.94	88.347
950.11	85.159
950.28	88.464
950.45	85.290
950.62	83.404
950.79	87.390
950.96	86.710
951.13	86.074
951.30	86.194
951.46	86.481
951.63	88.423
951.80	84.595
951.97	83.241
952.14	87.889
952.31	89.122
952.48	88.199
952.65	87.460
952.81	86.470
952.98	88.082
953.15	88.881
953.32	85.824
953.49	87.545
953.66	85.711
953.83	88.311
954.00	84.198
954.16	86.810
954.33	86.374
954.50	86.634
954.67	86.639
954.84	89.097
955.01	89.611
955.18	85.927
955.34	89.377
955.51	86.870
955.68	85.310
955.85	87.570
956.02	85.852
956.19	88.270
956.35	85.624
956.52	82.079
956.69	84.077
956.86	90.089
957.03	86.460
957.20	88.889
957.36	86.516
957.53	86.718
957.70	83.995
957.87	84.267
958.04	86.680
958.21	88.772
958.37	87.229
958.54	85.042
958.71	85.927
958.88	81.935
959.05	84.831
959.21	83.456
959.38	87.304
959.55	86.874
959.72	87.281
959.89	85.440
960.05	86.651
960.22	87.342
960.39	85.221
960.56	85.004
960.72	86.730
960.89	84.873
961.06	89.619
961.23	85.633
961.40	84.561
961.56	86.368
961.73	86.456
961.90	85.413
962.07	84.843
962.23	86.268
962.40	86.168
962.57	85.447
962.74	86.525
962.90	85.493
963.07	85.032
963.24	86.236
963.41	87.210
963.57	86.650
963.74	88.266
963.91	86.984
964.08	85.299
964.24	86.033
964.41	81.942
964.58	86.831
964.75	88.628
964.91	87.262
965.08	84.196
965.25	84.685
965.42	87.857
965.58	88.156
965.75	90.066
965.92	84.766
966.08	87.136
966.25	86.100
966.42	87.674
966.59	85.765
966.75	87.027
966.92	87.086
967.09	85.649
967.25	88.537
967.42	84.521
967.59	86.396
967.75	84.859
967.92	86.361
968.09	84.394
968.26	84.229
968.42	86.808
968.59	87.159
968.76	84.291
968.92	87.343
969.09	83.322
969.26	85.263
969.42	84.434
969.59	90.466
969.76	88.517
969.92	87.160
970.09	86.764
970.26	86.869
970.42	82.828
970.59	84.922
970.76	85.430
970.92	87.228
971.09	89.461
971.26	85.964
971.42	87.113
971.59	86.025
971.76	85.920
971.92	85.882
972.09	86.259
972.25	85.186
972.42	83.680
972.59	87.983
972.75	88.409
972.92	88.866
973.09	86.314
973.25	85.812
973.42	85.160
973.58	84.889
973.75	90.483
973.92	86.854
974.08	84.661
974.25	86.938
974.42	85.274
974.58	86.888
974.75	84.093
974.91	89.672
975.08	87.532
975.25	86.415
975.41	84.577
975.58	89.998
975.74	89.314
975.91	85.546
976.08	89.107
976.24	82.210
976.41	89.450
976.57	85.134
976.74	85.153
976.91	87.444
977.07	90.291
977.24	87.063
977.40	87.381
977.57	85.974
977.73	87.689
977.90	89.102
978.07	83.722
978.23	85.786
978.40	84.648
978.56	86.569
978.73	84.579
978.89	86.494
979.06	87.848
979.22	86.178
979.39	86.117
979.56	84.354
979.72	88.784
979.89	89.862
980.05	89.346
980.22	88.229
980.38	86.257
980.55	86.865
980.71	87.203
980.88	86.947
981.04	89.110
981.21	89.065
981.37	82.815
981.54	88.388
981.70	85.883
981.87	86.522
982.04	88.023
982.20	87.675
982.37	86.968
982.53	84.630
982.70	88.659
982.86	84.269
983.03	85.896
983.19	88.487
983.36	84.273
983.52	88.851
983.69	88.592
983.85	85.721
984.02	87.130
984.18	86.250
984.35	86.939
984.51	88.074
984.68	88.181
984.84	86.281
985.00	89.687
985.17	90.547
985.33	87.940
985.50	87.811
985.66	88.603
985.83	85.632
985.99	86.401
986.16	90.115
986.32	88.444
986.49	85.927
986.65	85.533
986.82	88.214
986.98	88.378
987.15	85.298
987.31	85.459
987.47	90.476
987.64	89.064
987.80	85.763
987.97	89.309
988.13	86.832
988.30	86.710
988.46	90.439
988.63	85.168
988.79	89.538
988.95	88.348
989.12	85.476
989.28	86.435
989.45	86.322
989.61	86.307
989.77	85.707
989.94	89.651
990.10	85.488
990.27	88.661
990.43	90.237
990.60	86.108
990.76	84.831
990.92	87.575
991.09	90.728
991.25	88.537
991.42	89.605
991.58	88.640
991.74	86.853
991.91	87.129
992.07	86.584
992.24	85.668
992.40	86.498
992.56	85.043
992.73	89.188
992.89	88.645
993.05	87.475
993.22	86.659
993.38	85.649
993.55	86.842
993.71	88.808
993.87	86.614
994.04	90.854
994.20	87.829
994.36	84.554
994.53	90.456
994.69	89.600
994.85	90.360
995.02	91.261
995.18	88.490
995.34	87.460
995.51	87.764
995.67	87.926
995.84	85.719
996.00	86.424
996.16	85.950
996.33	88.788
996.49	89.496
996.65	91.562
996.82	93.605
996.98	86.840
997.14	88.265
997.31	89.888
997.47	88.459
997.63	86.585
997.79	89.188
997.96	88.610
998.12	90.685
998.28	87.857
998.45	87.714
998.61	86.904
998.77	88.581
998.94	88.774
999.10	87.323
999.26	92.327
999.43	92.525
999.59	86.936
999.75	89.236
999.91	88.835
1000.08	92.299
1000.24	85.758
1000.40	87.195
1000.57	92.042
1000.73	88.337
1000.89	84.667
1001.05	90.281
1001.22	86.546
1001.38	88.128
1001.54	84.880
1001.70	90.971
1001.87	86.836
1002.03	89.637
1002.19	88.405
1002.35	85.823
1002.52	89.752
1002.68	85.667
1002.84	87.764
1003.00	87.329
1003.17	85.782
1003.33	89.520
1003.49	86.829
1003.65	92.854
1003.82	89.249
1003.98	83.475
1004.14	88.795
1004.30	89.308
1004.47	93.243
1004.63	90.860
1004.79	97.318
1004.95	89.016
1005.11	83.189
1005.28	89.367
1005.44	88.772
1005.60	85.661
1005.76	82.870
1005.93	89.437
1006.09	86.274
1006.25	90.548
1006.41	91.290
1006.57	86.842
1006.74	88.318
1006.90	89.062
1007.06	90.532
1007.22	89.755
1007.38	89.588
1007.55	85.075
1007.71	86.996
1007.87	90.122
1008.03	90.542
1008.19	93.000
1008.35	92.391
1008.52	88.874
1008.68	84.847
1008.84	86.921
1009.00	92.090
1009.16	95.279
1009.32	84.191
1009.49	91.239
1009.65	84.623
1009.81	91.919
1009.97	89.990
1010.13	95.109
1010.29	90.183
1010.46	88.191
1010.62	89.140
1010.78	87.626
1010.94	93.805
1011.10	89.560
1011.26	92.524
1011.42	87.973
1011.59	97.429
1011.75	90.721
1011.91	92.812
1012.07	87.876
1012.23	90.964
1012.39	87.538
1012.55	84.520
1012.71	88.654
1012.88	93.608
1013.04	89.639
1013.20	89.466
1013.36	90.356
1013.52	86.934
1013.68	91.876
1013.84	91.868
1014.00	90.755
1014.16	101.444
1014.33	92.880
1014.49	89.115
1014.65	88.310
1014.81	94.141
1014.97	93.667
1015.13	90.650
1015.29	90.360
1015.45	87.227
1015.61	90.361
1015.77	89.075
1015.93	85.408
1016.09	90.621
1016.26	86.450
1016.42	92.518
1016.58	89.806
1016.74	88.578
1016.90	94.334
1017.06	97.099
1017.22	94.194
1017.38	92.503
1017.54	91.924
1017.70	90.041
1017.86	96.974
1018.02	92.202
1018.18	97.921
1018.34	86.659
1018.50	95.584
1018.66	95.597
1018.82	92.154
1018.98	84.956
1019.14	83.231
1019.31	90.364
1019.47	86.526
1019.63	81.076
1019.79	91.870
1019.95	95.742
1020.11	96.996
1020.27	90.704
1020.43	94.784
1020.59	94.895
1020.75	91.877
1020.91	86.335
1021.07	92.681
1021.23	81.830
1021.39	89.980
1021.55	97.380
1021.71	90.915
1021.87	94.091
1022.03	82.761
1022.19	95.207
1022.35	91.203
1022.51	93.713
1022.67	91.990
1022.83	100.000
1022.99	93.556
1023.15	92.412
1023.31	92.222
1023.47	84.093
1023.63	101.207
1023.79	89.921
1023.95	100.302
1024.10	96.928
1024.26	82.746
1024.42	96.085
1024.58	110.000
1024.74	95.970
1024.90	95.837
1025.06	97.108
1025.22	106.680
1025.38	95.197
1025.54	85.292
1025.70	96.540
1025.86	102.975
1026.02	102.078
1026.18	89.489
1026.34	89.092
1026.50	88.465
1026.66	95.554
1026.82	97.876
1026.98	93.160
1027.13	91.009
1027.29	90.060
1027.45	88.022
1027.61	99.633
1027.77	88.527
1027.93	86.058
1028.09	96.230
1028.25	91.556
1028.41	92.851
1028.57	100.491
1028.73	98.081
1028.88	86.621
1029.04	103.940
1029.20	96.108
1029.36	87.604
1029.52	93.656
1029.68	110.186
1029.84	90.212
1030.00	80.699
1030.16	100.512
1030.32	79.568
1030.47	85.626
1030.63	88.306
1030.79	94.771
1030.95	98.899
1031.11	101.168
1031.27	90.074
1031.43	95.910
1031.59	107.388
1031.74	84.542
1031.90	93.980
1032.06	94.168
1032.22	93.478
1032.38	92.437
1032.54	90.148
1032.69	90.077
1032.85	94.286
1033.01	92.865
1033.17	91.245
1033.33	97.454
1033.49	110.804
1033.65	93.450
1033.80	100.127
1033.96	116.270
1034.12	93.260
1034.28	86.221
1034.44	100.368
1034.60	95.682
1034.75	116.263
1034.91	95.965
1035.07	88.946
1035.23	101.311
1035.39	108.590
1035.54	112.869
1035.70	94.332
1035.86	107.561
1036.02	86.169
1036.18	106.694
1036.33	100.950
1036.49	97.940
1036.65	86.579
1036.81	97.693
1036.97	89.883
1037.12	106.498
1037.28	90.962
1037.44	98.474
1037.60	110.613
1037.76	90.606
1037.91	89.911
1038.07	112.162
1038.23	88.918
1038.39	110.292
1038.54	92.317
1038.70	90.028
1038.86	101.541
1039.02	73.752
1039.17	107.186
1039.33	97.509
1039.49	95.634
1039.65	100.719
1039.80	108.213
1039.96	98.605
1040.12	103.204
1040.28	106.811
>>>>> Data<<<<< Espectral Procesado Extremo
