Fichero De Datos De SpectraSuite
++++++++++++++++++++++++++++++++++++
Fecha: Mon Jun 29 08:20:41 CST 2026
Usuario: HP
Presente Oscuro Del Espectro: Sí
La Referencia de Presente Del Espectro De: Sí
Muestreados de los componentes de Número de espectros: 1
Espectrómetros: USB4H06056
Tiempo de integración (usec): 300000 (USB4H06056)
Promedio de Espectros Hechos un: 5 (USB4H06056)
El Alisar Del Furgón: 0 (USB4H06056)
Párrafo de de Corregir del la del del de Eléctrica del obscuridad: No (USB4H06056)
Estrobo/Lámpara Permitido: No (USB4H06056)
Correct for Detector Non-linearity: No (USB4H06056)
Párrafo de de Corregir del la del del de Externa del luz: No (USB4H06056)
Procesado del espectro de Número de pixeles en: 3648
>>>>> Comienza Data<<<<< Espectral Procesado Del EL
345.09	75.385
345.30	75.385
345.52	75.385
345.74	80.952
345.95	80.882
346.17	43.678
346.39	-56.098
346.60	267.347
346.82	110.204
347.04	86.207
347.25	62.264
347.47	-37.037
347.69	120.755
347.90	96.154
348.12	2.041
348.34	216.667
348.56	200.000
348.77	186.885
348.99	19.481
349.21	16.043
349.42	24.380
349.64	70.186
349.86	7.104
350.07	24.211
350.29	-79.268
350.51	47.283
350.72	-12.935
350.94	48.639
351.16	44.939
351.37	29.878
351.59	15.493
351.81	50.862
352.02	40.506
352.24	61.570
352.46	59.109
352.67	55.251
352.89	28.125
353.10	-44.444
353.32	70.701
353.54	73.134
353.75	77.907
353.97	27.097
354.19	9.174
354.40	39.013
354.62	70.192
354.84	40.000
355.05	48.276
355.27	-63.462
355.49	4.902
355.70	50.526
355.92	-26.752
356.14	41.284
356.35	-88.235
356.57	55.455
356.78	101.630
357.00	-137.778
357.22	-152.778
357.43	31.481
357.65	-100.000
357.87	22.872
358.08	-2.791
358.30	77.215
358.51	28.400
358.73	22.121
358.95	12.371
359.16	-50.370
359.38	87.317
359.60	39.899
359.81	50.638
360.03	1.389
360.24	-60.440
360.46	16.157
360.68	-7.362
360.89	66.368
361.11	17.647
361.33	21.023
361.54	80.303
361.76	36.842
361.97	-10.145
362.19	11.373
362.41	69.595
362.62	31.677
362.84	71.984
363.05	13.131
363.27	-8.621
363.49	20.690
363.70	15.517
363.92	-4.839
364.13	30.000
364.35	66.029
364.57	54.545
364.78	97.727
365.00	49.020
365.21	16.863
365.43	6.780
365.65	25.490
365.86	24.631
366.08	99.412
366.29	33.942
366.51	29.000
366.73	49.162
366.94	17.695
367.16	21.148
367.37	67.757
367.59	57.769
367.80	5.484
368.02	62.805
368.24	-46.781
368.45	52.174
368.67	62.069
368.88	70.122
369.10	31.381
369.31	41.618
369.53	26.667
369.75	-4.959
369.96	14.777
370.18	13.125
370.39	48.108
370.61	14.602
370.82	-3.871
371.04	35.254
371.26	68.000
371.47	61.190
371.69	26.761
371.90	31.522
372.12	27.885
372.33	51.596
372.55	-15.385
372.76	44.839
372.98	23.432
373.20	15.459
373.41	58.355
373.63	66.096
373.84	57.705
374.06	2.703
374.27	34.033
374.49	-28.395
374.70	27.900
374.92	30.270
375.13	-19.192
375.35	6.557
375.57	10.400
375.78	68.284
376.00	28.571
376.21	-26.400
376.43	19.495
376.64	13.402
376.86	71.277
377.07	35.866
377.29	46.512
377.50	35.274
377.72	44.444
377.93	6.557
378.15	55.941
378.36	58.757
378.58	59.829
378.80	-11.765
379.01	41.695
379.23	34.419
379.44	47.697
379.66	24.710
379.87	-0.889
380.09	76.190
380.30	54.412
380.52	64.238
380.73	37.153
380.95	16.917
381.16	33.446
381.38	84.252
381.59	37.160
381.81	38.227
382.02	33.553
382.24	31.686
382.45	35.574
382.67	29.375
382.88	67.895
383.10	62.327
383.31	33.994
383.53	18.321
383.74	29.487
383.96	15.748
384.17	73.063
384.39	58.046
384.60	42.085
384.82	45.385
385.03	50.177
385.25	57.049
385.46	22.850
385.68	52.805
385.89	47.222
386.11	26.174
386.32	10.508
386.54	46.831
386.75	24.296
386.97	26.263
387.18	33.333
387.40	44.152
387.61	28.608
387.83	16.944
388.04	25.114
388.25	43.175
388.47	68.681
388.68	39.039
388.90	37.879
389.11	46.087
389.33	44.220
389.54	36.592
389.76	50.119
389.97	35.849
390.19	57.333
390.40	39.301
390.62	15.110
390.83	53.763
391.05	46.814
391.26	37.975
391.47	19.718
391.69	30.347
391.90	32.524
392.12	47.848
392.33	66.445
392.55	51.303
392.76	55.876
392.98	40.509
393.19	47.844
393.41	18.926
393.62	62.963
393.83	36.692
394.05	39.335
394.26	41.371
394.48	36.523
394.69	29.975
394.91	26.293
395.12	56.532
395.34	37.952
395.55	34.659
395.76	42.222
395.98	40.466
396.19	37.725
396.41	37.753
396.62	46.016
396.84	22.319
397.05	33.448
397.26	38.662
397.48	39.587
397.69	9.591
397.91	36.410
398.12	55.932
398.33	8.941
398.55	43.920
398.76	43.554
398.98	39.587
399.19	67.748
399.41	51.163
399.62	36.678
399.83	47.928
400.05	60.385
400.26	41.975
400.48	43.863
400.69	30.769
400.90	14.200
401.12	39.266
401.33	49.612
401.55	27.580
401.76	17.362
401.97	27.647
402.19	27.124
402.40	14.790
402.62	29.474
402.83	25.106
403.04	37.816
403.26	41.459
403.47	27.838
403.69	23.768
403.90	48.348
404.11	8.901
404.33	21.030
404.54	42.446
404.76	27.534
404.97	32.592
405.18	31.142
405.40	36.313
405.61	40.829
405.83	39.172
406.04	34.342
406.25	20.209
406.47	39.693
406.68	32.584
406.89	18.862
407.11	47.868
407.32	28.763
407.54	37.212
407.75	36.563
407.96	46.603
408.18	32.888
408.39	31.342
408.60	21.317
408.82	34.918
409.03	34.989
409.24	37.367
409.46	27.295
409.67	19.448
409.89	28.074
410.10	27.135
410.31	18.057
410.53	36.760
410.74	26.111
410.95	33.054
411.17	33.369
411.38	28.128
411.59	26.710
411.81	28.315
412.02	32.400
412.23	26.213
412.45	31.303
412.66	26.288
412.87	25.190
413.09	31.034
413.30	23.077
413.51	23.781
413.73	31.275
413.94	24.941
414.15	20.698
414.37	27.704
414.58	19.861
414.79	24.468
415.01	24.451
415.22	23.014
415.43	25.232
415.65	23.153
415.86	21.021
416.07	15.818
416.29	24.359
416.50	24.290
416.71	18.901
416.93	19.082
417.14	15.422
417.35	18.870
417.57	20.682
417.78	18.213
417.99	20.588
418.21	18.667
418.42	16.141
418.63	17.942
418.85	324.427
419.06	23.069
419.27	13.351
419.48	16.836
419.70	20.269
419.91	14.131
420.12	17.103
420.34	16.082
420.55	14.978
420.76	17.922
420.98	16.312
421.19	16.105
421.40	16.854
421.61	7.579
421.83	13.756
422.04	12.385
422.25	16.512
422.47	12.618
422.68	12.926
422.89	20.160
423.11	13.899
423.32	13.927
423.53	13.744
423.74	14.855
423.96	12.981
424.17	13.409
424.38	12.270
424.59	10.667
424.81	13.504
425.02	13.876
425.23	10.579
425.45	14.672
425.66	15.340
425.87	12.565
426.08	13.168
426.30	12.994
426.51	12.072
426.72	12.600
426.93	12.247
427.15	10.930
427.36	12.707
427.57	9.862
427.79	12.788
428.00	10.764
428.21	70.960
428.42	8.177
428.64	11.220
428.85	10.895
429.06	11.081
429.27	12.413
429.49	11.939
429.70	11.235
429.91	8.403
430.12	10.593
430.34	11.459
430.55	11.695
430.76	11.791
430.97	11.240
431.19	8.254
431.40	11.403
431.61	7.975
431.82	11.853
432.03	10.174
432.25	9.037
432.46	11.765
432.67	10.912
432.88	11.156
433.10	11.129
433.31	12.440
433.52	10.564
433.73	9.591
433.95	9.073
434.16	9.559
434.37	11.365
434.58	12.435
434.79	11.676
435.01	10.794
435.22	10.473
435.43	9.003
435.64	12.942
435.86	11.247
436.07	12.972
436.28	9.899
436.49	11.439
436.70	11.000
436.92	7.513
437.13	10.343
437.34	10.954
437.55	10.793
437.76	11.221
437.98	9.434
438.19	10.623
438.40	10.823
438.61	8.878
438.82	10.961
439.04	8.329
439.25	8.731
439.46	10.403
439.67	11.587
439.88	9.779
440.10	9.454
440.31	8.574
440.52	9.804
440.73	9.997
440.94	11.226
441.16	10.603
441.37	12.302
441.58	10.467
441.79	10.974
442.00	10.943
442.21	11.253
442.43	11.330
442.64	11.625
442.85	9.766
443.06	10.913
443.27	9.978
443.48	9.364
443.70	9.890
443.91	10.419
444.12	11.100
444.33	7.893
444.54	11.610
444.75	10.622
444.97	8.611
445.18	11.239
445.39	8.813
445.60	10.117
445.81	10.140
446.02	10.781
446.24	10.445
446.45	10.298
446.66	10.057
446.87	10.616
447.08	10.336
447.29	11.002
447.51	9.585
447.72	10.268
447.93	9.597
448.14	10.454
448.35	10.865
448.56	8.824
448.77	10.991
448.99	10.890
449.20	10.575
449.41	10.144
449.62	9.930
449.83	10.191
450.04	9.974
450.25	9.799
450.46	11.782
450.68	11.788
450.89	8.005
451.10	10.727
451.31	10.321
451.52	9.167
451.73	11.459
451.94	9.896
452.15	10.509
452.37	10.491
452.58	10.552
452.79	10.173
453.00	9.980
453.21	11.001
453.42	11.128
453.63	11.421
453.84	10.095
454.06	10.208
454.27	10.950
454.48	10.596
454.69	10.260
454.90	10.259
455.11	10.667
455.32	10.773
455.53	10.603
455.74	10.151
455.95	10.662
456.17	10.432
456.38	10.738
456.59	11.321
456.80	10.918
457.01	10.502
457.22	11.948
457.43	11.244
457.64	10.681
457.85	12.186
458.06	11.335
458.27	11.756
458.49	11.086
458.70	9.802
458.91	11.185
459.12	10.797
459.33	10.397
459.54	11.583
459.75	10.191
459.96	11.538
460.17	10.711
460.38	10.895
460.59	10.537
460.80	10.866
461.01	9.889
461.23	10.544
461.44	11.994
461.65	10.594
461.86	10.890
462.07	9.481
462.28	10.455
462.49	10.880
462.70	10.344
462.91	10.937
463.12	11.141
463.33	11.540
463.54	10.145
463.75	10.545
463.96	11.774
464.17	11.794
464.38	10.880
464.59	11.090
464.81	11.765
465.02	10.238
465.23	10.831
465.44	11.313
465.65	9.902
465.86	11.461
466.07	11.449
466.28	10.411
466.49	10.632
466.70	11.331
466.91	11.584
467.12	10.966
467.33	10.251
467.54	11.836
467.75	11.173
467.96	11.078
468.17	11.369
468.38	9.943
468.59	10.258
468.80	11.145
469.01	10.458
469.22	11.064
469.43	10.589
469.64	11.775
469.85	10.550
470.06	11.174
470.27	11.484
470.48	11.037
470.69	11.353
470.90	11.891
471.11	10.803
471.32	11.094
471.53	11.983
471.74	10.341
471.95	11.099
472.16	11.709
472.37	10.920
472.58	11.041
472.79	11.848
473.00	10.682
473.21	11.126
473.42	10.629
473.63	11.397
473.84	12.059
474.05	10.857
474.26	10.940
474.47	11.453
474.68	10.534
474.89	11.442
475.10	10.632
475.31	10.476
475.52	10.710
475.73	10.758
475.94	10.945
476.15	10.590
476.36	10.828
476.57	12.004
476.78	10.986
476.99	10.795
477.20	10.496
477.41	10.033
477.62	11.680
477.83	11.204
478.04	11.192
478.25	11.298
478.46	10.239
478.67	11.137
478.88	10.721
479.09	11.017
479.30	11.968
479.51	11.323
479.72	11.062
479.93	11.242
480.14	11.406
480.35	11.530
480.56	11.482
480.77	11.371
480.98	11.425
481.18	11.274
481.39	10.450
481.60	10.836
481.81	10.954
482.02	11.337
482.23	11.622
482.44	11.094
482.65	11.639
482.86	11.687
483.07	11.069
483.28	11.812
483.49	11.223
483.70	11.717
483.91	11.187
484.12	10.961
484.33	11.508
484.53	10.705
484.74	11.369
484.95	10.888
485.16	11.243
485.37	11.784
485.58	11.166
485.79	11.411
486.00	11.153
486.21	11.214
486.42	11.092
486.63	11.170
486.84	11.165
487.05	11.183
487.25	10.918
487.46	11.355
487.67	11.338
487.88	10.711
488.09	11.034
488.30	10.892
488.51	11.077
488.72	11.549
488.93	11.351
489.14	11.361
489.35	10.829
489.55	11.344
489.76	10.844
489.97	11.104
490.18	11.647
490.39	10.945
490.60	10.949
490.81	11.452
491.02	11.533
491.23	11.261
491.43	11.611
491.64	11.254
491.85	11.325
492.06	11.394
492.27	11.403
492.48	11.191
492.69	11.083
492.90	11.321
493.11	11.072
493.31	11.707
493.52	11.093
493.73	11.201
493.94	11.484
494.15	10.830
494.36	11.070
494.57	10.999
494.78	11.503
494.98	11.291
495.19	11.522
495.40	11.422
495.61	11.501
495.82	11.284
496.03	11.401
496.24	11.374
496.44	11.373
496.65	11.183
496.86	11.104
497.07	11.293
497.28	11.511
497.49	11.653
497.70	11.444
497.90	11.356
498.11	11.485
498.32	11.700
498.53	11.309
498.74	11.352
498.95	11.751
499.15	11.485
499.36	12.038
499.57	11.318
499.78	11.140
499.99	11.294
500.20	11.155
500.40	11.543
500.61	11.325
500.82	11.417
501.03	11.530
501.24	11.764
501.45	11.618
501.65	11.066
501.86	11.521
502.07	11.134
502.28	11.518
502.49	11.412
502.70	11.645
502.90	11.229
503.11	11.350
503.32	11.470
503.53	11.638
503.74	11.388
503.94	11.310
504.15	11.573
504.36	11.579
504.57	11.511
504.78	11.632
504.98	11.572
505.19	11.656
505.40	11.627
505.61	11.713
505.82	11.526
506.02	11.746
506.23	11.558
506.44	11.256
506.65	11.611
506.86	11.989
507.06	11.754
507.27	12.072
507.48	11.872
507.69	11.578
507.90	12.255
508.10	11.760
508.31	11.633
508.52	11.924
508.73	11.620
508.94	12.093
509.14	11.917
509.35	11.775
509.56	12.228
509.77	11.555
509.97	11.780
510.18	12.050
510.39	11.660
510.60	11.795
510.80	11.894
511.01	11.762
511.22	11.759
511.43	11.928
511.64	11.945
511.84	11.994
512.05	12.268
512.26	12.243
512.47	11.957
512.67	11.864
512.88	12.440
513.09	12.143
513.30	12.026
513.50	12.009
513.71	12.364
513.92	12.147
514.13	12.059
514.33	11.985
514.54	12.233
514.75	11.863
514.96	12.004
515.16	12.032
515.37	12.008
515.58	12.358
515.78	12.240
515.99	12.364
516.20	12.319
516.41	12.030
516.61	12.352
516.82	12.395
517.03	12.603
517.24	12.008
517.44	12.498
517.65	12.589
517.86	12.367
518.07	12.488
518.27	12.437
518.48	12.349
518.69	12.408
518.89	12.529
519.10	12.764
519.31	12.622
519.52	12.245
519.72	12.602
519.93	12.577
520.14	12.469
520.34	13.168
520.55	12.704
520.76	12.798
520.96	12.579
521.17	12.973
521.38	12.856
521.59	12.815
521.79	13.052
522.00	13.075
522.21	12.537
522.41	13.058
522.62	12.846
522.83	12.750
523.03	13.051
523.24	12.977
523.45	13.421
523.66	13.175
523.86	13.298
524.07	13.246
524.28	13.178
524.48	13.498
524.69	13.276
524.90	13.386
525.10	13.420
525.31	13.490
525.52	13.622
525.72	13.189
525.93	13.569
526.14	13.859
526.34	13.481
526.55	13.728
526.76	13.992
526.96	13.616
527.17	13.527
527.38	13.859
527.58	14.070
527.79	13.992
528.00	13.695
528.20	13.917
528.41	14.108
528.62	14.251
528.82	14.330
529.03	14.428
529.24	14.225
529.44	14.466
529.65	14.279
529.85	14.364
530.06	14.732
530.27	14.286
530.47	14.525
530.68	14.586
530.89	14.515
531.09	14.299
531.30	14.587
531.51	14.825
531.71	14.768
531.92	14.942
532.13	14.854
532.33	15.025
532.54	14.814
532.74	14.639
532.95	14.871
533.16	14.923
533.36	14.836
533.57	15.004
533.78	14.761
533.98	15.149
534.19	15.299
534.39	15.179
534.60	15.517
534.81	15.073
535.01	15.545
535.22	15.064
535.42	15.076
535.63	15.178
535.84	15.396
536.04	15.222
536.25	15.368
536.45	15.386
536.66	15.506
536.87	15.235
537.07	15.235
537.28	15.762
537.48	15.568
537.69	15.615
537.90	15.460
538.10	15.626
538.31	15.414
538.51	15.712
538.72	15.628
538.93	16.010
539.13	15.981
539.34	15.610
539.54	15.688
539.75	15.580
539.96	15.690
540.16	15.660
540.37	15.738
540.57	15.711
540.78	15.979
540.98	15.761
541.19	15.772
541.40	16.139
541.60	15.838
541.81	15.860
542.01	16.074
542.22	15.886
542.42	15.726
542.63	15.921
542.83	15.957
543.04	15.796
543.25	16.145
543.45	16.220
543.66	15.892
543.86	15.767
544.07	16.078
544.27	15.795
544.48	15.931
544.68	15.964
544.89	15.877
545.10	16.263
545.30	16.178
545.51	16.219
545.71	16.192
545.92	16.218
546.12	15.980
546.33	16.309
546.53	15.975
546.74	16.035
546.94	16.108
547.15	16.123
547.36	16.143
547.56	16.014
547.77	15.980
547.97	16.148
548.18	16.199
548.38	16.169
548.59	16.213
548.79	16.159
549.00	16.370
549.20	16.115
549.41	16.273
549.61	15.994
549.82	16.057
550.02	16.413
550.23	16.473
550.43	16.443
550.64	16.389
550.84	16.009
551.05	16.494
551.25	16.356
551.46	16.446
551.66	16.295
551.87	16.428
552.07	16.560
552.28	16.279
552.48	16.353
552.69	16.402
552.89	16.395
553.10	16.363
553.30	16.194
553.51	16.459
553.71	16.321
553.92	16.390
554.12	16.524
554.33	16.476
554.53	16.484
554.74	16.605
554.94	16.410
555.15	16.561
555.35	16.893
555.56	16.373
555.76	16.346
555.97	16.198
556.17	16.445
556.38	16.463
556.58	16.322
556.78	16.375
556.99	16.390
557.19	16.361
557.40	16.523
557.60	16.451
557.81	16.314
558.01	16.512
558.22	16.344
558.42	16.316
558.63	16.468
558.83	16.404
559.04	16.416
559.24	16.529
559.44	16.133
559.65	16.182
559.85	16.527
560.06	16.606
560.26	16.256
560.47	16.344
560.67	16.829
560.88	16.576
561.08	16.463
561.28	16.485
561.49	16.231
561.69	16.498
561.90	16.469
562.10	16.318
562.31	16.077
562.51	16.026
562.71	16.330
562.92	16.210
563.12	16.195
563.33	16.113
563.53	16.402
563.74	16.171
563.94	16.201
564.14	16.017
564.35	16.084
564.55	16.092
564.76	16.306
564.96	16.143
565.17	16.236
565.37	16.031
565.57	16.091
565.78	16.018
565.98	16.076
566.19	15.933
566.39	15.990
566.59	15.878
566.80	15.929
567.00	15.870
567.21	15.843
567.41	15.902
567.61	15.789
567.82	15.903
568.02	15.816
568.23	15.603
568.43	15.612
568.63	15.632
568.84	15.816
569.04	15.745
569.24	15.794
569.45	15.769
569.65	15.478
569.86	15.567
570.06	15.635
570.26	15.787
570.47	15.312
570.67	15.394
570.87	15.248
571.08	15.344
571.28	15.357
571.49	15.280
571.69	15.268
571.89	15.356
572.10	15.074
572.30	15.206
572.50	15.251
572.71	14.919
572.91	15.080
573.11	15.156
573.32	15.348
573.52	15.057
573.73	15.014
573.93	14.872
574.13	15.209
574.34	15.038
574.54	14.853
574.74	14.805
574.95	14.830
575.15	14.721
575.35	14.607
575.56	14.895
575.76	14.661
575.96	14.701
576.17	14.569
576.37	14.895
576.57	14.522
576.78	14.599
576.98	14.572
577.18	14.505
577.39	14.533
577.59	14.698
577.79	14.491
578.00	14.312
578.20	14.543
578.40	14.463
578.61	14.540
578.81	14.545
579.01	14.513
579.22	14.197
579.42	14.466
579.62	14.255
579.82	14.366
580.03	14.226
580.23	14.341
580.43	14.156
580.64	14.255
580.84	14.233
581.04	14.009
581.25	14.244
581.45	14.227
581.65	14.030
581.86	14.202
582.06	14.542
582.26	14.174
582.46	13.466
582.67	14.050
582.87	14.010
583.07	14.121
583.28	14.015
583.48	13.899
583.68	13.867
583.88	13.735
584.09	13.862
584.29	14.020
584.49	14.064
584.70	13.649
584.90	13.778
585.10	13.579
585.30	13.651
585.51	13.716
585.71	13.927
585.91	13.711
586.11	13.774
586.32	13.873
586.52	13.853
586.72	13.826
586.92	13.568
587.13	13.940
587.33	13.809
587.53	13.730
587.74	13.678
587.94	13.812
588.14	13.720
588.34	13.786
588.55	13.530
588.75	13.800
588.95	13.602
589.15	13.512
589.36	13.500
589.56	13.538
589.76	13.468
589.96	13.728
590.16	13.621
590.37	13.559
590.57	13.484
590.77	13.434
590.97	13.687
591.18	13.582
591.38	13.564
591.58	12.932
591.78	13.593
591.99	13.464
592.19	13.421
592.39	13.538
592.59	13.299
592.79	13.545
593.00	13.540
593.20	13.304
593.40	13.124
593.60	13.303
593.81	13.497
594.01	13.525
594.21	13.413
594.41	13.230
594.61	13.477
594.82	13.461
595.02	13.229
595.22	13.502
595.42	13.502
595.62	13.200
595.83	13.366
596.03	13.397
596.23	13.423
596.43	13.414
596.63	13.306
596.84	13.527
597.04	13.313
597.24	13.348
597.44	13.417
597.64	13.266
597.84	13.348
598.05	13.260
598.25	13.295
598.45	13.252
598.65	13.308
598.85	13.486
599.06	13.536
599.26	13.516
599.46	13.424
599.66	13.287
599.86	13.365
600.06	13.106
600.27	13.165
600.47	13.098
600.67	13.142
600.87	13.204
601.07	13.323
601.27	13.263
601.48	13.233
601.68	13.395
601.88	13.357
602.08	13.271
602.28	13.235
602.48	13.254
602.68	13.384
602.89	13.226
603.09	13.290
603.29	13.118
603.49	13.351
603.69	13.375
603.89	13.218
604.09	13.197
604.30	13.321
604.50	13.223
604.70	13.258
604.90	13.252
605.10	13.425
605.30	13.211
605.50	13.260
605.71	13.346
605.91	13.302
606.11	13.426
606.31	13.118
606.51	13.271
606.71	13.154
606.91	13.054
607.11	13.207
607.32	13.279
607.52	13.155
607.72	13.213
607.92	13.433
608.12	13.272
608.32	13.316
608.52	13.211
608.72	13.291
608.92	13.227
609.12	13.211
609.33	13.205
609.53	13.275
609.73	13.167
609.93	13.172
610.13	13.138
610.33	13.191
610.53	13.161
610.73	13.379
610.93	13.268
611.13	13.221
611.34	13.254
611.54	13.293
611.74	13.221
611.94	13.076
612.14	13.118
612.34	13.007
612.54	12.844
612.74	13.308
612.94	13.020
613.14	13.124
613.34	13.183
613.54	13.156
613.74	13.057
613.95	13.170
614.15	12.930
614.35	13.074
614.55	12.933
614.75	13.035
614.95	13.004
615.15	12.956
615.35	13.126
615.55	13.037
615.75	12.995
615.95	13.042
616.15	13.051
616.35	13.035
616.55	13.104
616.75	12.936
616.95	13.003
617.15	12.912
617.35	12.920
617.56	12.890
617.76	12.954
617.96	12.969
618.16	13.061
618.36	12.822
618.56	13.065
618.76	13.004
618.96	13.002
619.16	13.024
619.36	13.104
619.56	12.935
619.76	12.942
619.96	12.862
620.16	13.158
620.36	12.757
620.56	13.142
620.76	12.975
620.96	13.044
621.16	12.903
621.36	13.081
621.56	12.811
621.76	12.927
621.96	13.127
622.16	12.640
622.36	12.980
622.56	12.768
622.76	12.938
622.96	13.004
623.16	12.958
623.36	12.823
623.56	12.788
623.76	12.735
623.96	12.854
624.16	12.878
624.36	12.921
624.56	12.899
624.76	12.937
624.96	12.846
625.16	12.903
625.36	12.630
625.56	13.155
625.76	12.959
625.96	13.004
626.16	12.711
626.36	12.816
626.56	12.947
626.76	12.871
626.96	12.857
627.16	12.967
627.36	12.636
627.56	12.878
627.76	12.695
627.96	13.000
628.16	12.876
628.36	12.791
628.56	12.765
628.75	12.736
628.95	12.696
629.15	13.010
629.35	12.878
629.55	12.891
629.75	12.940
629.95	12.943
630.15	12.882
630.35	12.914
630.55	12.939
630.75	12.986
630.95	12.701
631.15	12.750
631.35	12.950
631.55	12.860
631.75	12.810
631.95	12.781
632.15	13.071
632.34	13.015
632.54	12.752
632.74	12.672
632.94	12.775
633.14	12.657
633.34	12.945
633.54	12.975
633.74	12.806
633.94	12.829
634.14	12.863
634.34	12.797
634.54	12.993
634.74	12.858
634.93	12.917
635.13	12.960
635.33	12.940
635.53	12.890
635.73	12.967
635.93	12.654
636.13	12.805
636.33	12.907
636.53	12.881
636.73	12.747
636.93	12.810
637.12	12.728
637.32	12.850
637.52	12.860
637.72	12.665
637.92	12.957
638.12	12.752
638.32	12.956
638.52	12.767
638.72	12.791
638.91	12.892
639.11	12.593
639.31	12.804
639.51	12.473
639.71	12.826
639.91	12.713
640.11	12.680
640.31	12.812
640.50	12.606
640.70	12.741
640.90	12.634
641.10	12.844
641.30	12.724
641.50	12.780
641.70	12.631
641.89	12.822
642.09	12.539
642.29	12.627
642.49	12.747
642.69	12.624
642.89	12.787
643.09	12.606
643.28	12.485
643.48	12.722
643.68	12.689
643.88	12.642
644.08	12.497
644.28	12.564
644.48	12.648
644.67	12.665
644.87	12.572
645.07	12.507
645.27	12.639
645.47	12.619
645.67	12.516
645.86	12.547
646.06	12.328
646.26	12.706
646.46	12.520
646.66	12.499
646.85	12.569
647.05	12.581
647.25	12.439
647.45	12.588
647.65	12.642
647.85	12.455
648.04	12.523
648.24	12.361
648.44	12.595
648.64	12.466
648.84	12.478
649.03	12.463
649.23	12.421
649.43	12.529
649.63	12.315
649.83	12.332
650.02	12.481
650.22	12.603
650.42	12.460
650.62	12.482
650.82	12.425
651.01	12.497
651.21	12.357
651.41	12.339
651.61	12.527
651.81	12.608
652.00	12.524
652.20	12.240
652.40	12.449
652.60	12.491
652.79	12.454
652.99	12.443
653.19	12.520
653.39	12.414
653.59	12.551
653.78	12.433
653.98	12.456
654.18	12.453
654.38	12.345
654.57	12.466
654.77	12.340
654.97	12.654
655.17	12.446
655.36	12.290
655.56	12.331
655.76	12.440
655.96	12.463
656.15	12.461
656.35	12.379
656.55	12.593
656.75	12.191
656.94	12.330
657.14	12.442
657.34	12.287
657.54	12.386
657.73	12.292
657.93	12.436
658.13	12.464
658.33	12.311
658.52	12.245
658.72	12.437
658.92	12.349
659.11	12.480
659.31	12.482
659.51	12.361
659.71	12.197
659.90	12.234
660.10	12.360
660.30	12.425
660.50	12.471
660.69	12.213
660.89	12.373
661.09	12.182
661.28	12.405
661.48	12.347
661.68	12.286
661.87	12.465
662.07	12.385
662.27	12.301
662.47	12.093
662.66	12.479
662.86	12.275
663.06	12.264
663.25	12.530
663.45	12.223
663.65	12.391
663.84	12.352
664.04	12.319
664.24	12.365
664.44	12.164
664.63	12.375
664.83	12.177
665.03	12.290
665.22	12.273
665.42	12.385
665.62	12.262
665.81	12.388
666.01	12.412
666.21	12.240
666.40	12.292
666.60	12.151
666.80	12.202
666.99	12.436
667.19	12.332
667.39	12.372
667.58	12.267
667.78	12.233
667.98	12.373
668.17	12.365
668.37	12.359
668.57	12.405
668.76	12.087
668.96	12.266
669.16	12.516
669.35	12.334
669.55	12.490
669.74	12.275
669.94	12.460
670.14	12.073
670.33	12.271
670.53	12.318
670.73	12.082
670.92	12.382
671.12	12.465
671.32	12.298
671.51	12.353
671.71	12.321
671.90	12.156
672.10	12.386
672.30	12.307
672.49	12.345
672.69	12.449
672.89	12.315
673.08	12.277
673.28	12.263
673.47	12.530
673.67	12.396
673.87	12.275
674.06	12.351
674.26	12.323
674.45	12.385
674.65	12.333
674.85	12.405
675.04	12.358
675.24	12.292
675.43	12.550
675.63	12.396
675.83	12.257
676.02	12.386
676.22	12.320
676.41	12.314
676.61	12.406
676.81	12.561
677.00	12.588
677.20	12.375
677.39	12.537
677.59	12.398
677.79	12.407
677.98	12.453
678.18	12.483
678.37	12.429
678.57	12.597
678.76	12.449
678.96	12.461
679.16	12.550
679.35	12.547
679.55	12.481
679.74	12.472
679.94	12.345
680.13	12.603
680.33	12.599
680.53	12.538
680.72	12.510
680.92	12.481
681.11	12.639
681.31	12.716
681.50	12.478
681.70	12.623
681.89	12.568
682.09	12.546
682.28	12.486
682.48	12.628
682.68	12.516
682.87	12.538
683.07	12.424
683.26	12.729
683.46	12.541
683.65	12.615
683.85	12.583
684.04	12.487
684.24	12.377
684.43	12.552
684.63	12.719
684.82	12.646
685.02	12.501
685.21	12.648
685.41	12.564
685.60	12.541
685.80	12.710
686.00	12.663
686.19	12.677
686.39	12.652
686.58	12.691
686.78	12.698
686.97	12.590
687.17	12.822
687.36	12.807
687.56	12.735
687.75	12.763
687.95	12.751
688.14	12.694
688.34	12.916
688.53	12.897
688.73	12.670
688.92	12.803
689.12	12.724
689.31	12.674
689.51	12.862
689.70	12.884
689.89	12.921
690.09	12.693
690.28	12.788
690.48	12.845
690.67	12.684
690.87	12.981
691.06	12.945
691.26	13.024
691.45	12.837
691.65	12.908
691.84	12.929
692.04	12.921
692.23	12.888
692.43	13.006
692.62	13.179
692.82	13.088
693.01	13.050
693.20	13.141
693.40	13.198
693.59	13.062
693.79	13.133
693.98	13.196
694.18	13.091
694.37	13.287
694.57	13.353
694.76	13.435
694.95	13.388
695.15	13.549
695.34	13.361
695.54	13.401
695.73	13.578
695.93	13.732
696.12	13.470
696.32	13.775
696.51	13.688
696.70	13.754
696.90	13.979
697.09	14.183
697.29	14.202
697.48	14.177
697.67	14.210
697.87	14.338
698.06	14.322
698.26	14.379
698.45	14.296
698.65	14.398
698.84	14.448
699.03	14.723
699.23	14.906
699.42	14.905
699.62	15.138
699.81	15.112
700.00	15.200
700.20	15.373
700.39	15.499
700.59	15.557
700.78	15.880
700.97	15.999
701.17	16.004
701.36	16.041
701.56	16.214
701.75	16.439
701.94	16.584
702.14	16.777
702.33	16.941
702.52	17.017
702.72	17.247
702.91	17.229
703.11	17.266
703.30	17.661
703.49	17.609
703.69	17.890
703.88	18.179
704.07	18.128
704.27	18.352
704.46	18.540
704.66	18.737
704.85	18.627
705.04	19.047
705.24	18.963
705.43	19.567
705.62	19.700
705.82	19.969
706.01	20.039
706.20	20.197
706.40	20.454
706.59	20.738
706.78	20.969
706.98	21.024
707.17	21.146
707.36	21.338
707.56	21.355
707.75	21.940
707.94	22.000
708.14	22.141
708.33	22.202
708.52	22.544
708.72	22.389
708.91	23.022
709.10	23.344
709.30	23.476
709.49	23.571
709.68	23.922
709.88	24.007
710.07	24.249
710.26	24.449
710.46	24.456
710.65	24.649
710.84	24.989
711.04	25.255
711.23	25.433
711.42	25.755
711.61	26.205
711.81	26.038
712.00	26.446
712.19	26.658
712.39	26.597
712.58	26.692
712.77	27.407
712.97	27.297
713.16	27.467
713.35	27.804
713.54	28.301
713.74	28.111
713.93	28.411
714.12	28.628
714.32	29.001
714.51	29.364
714.70	29.291
714.89	30.015
715.09	29.862
715.28	30.153
715.47	30.312
715.66	30.426
715.86	30.910
716.05	31.155
716.24	31.278
716.44	31.552
716.63	31.586
716.82	31.974
717.01	32.247
717.21	32.593
717.40	32.865
717.59	33.108
717.78	33.474
717.98	33.614
718.17	33.700
718.36	33.862
718.55	34.242
718.75	34.177
718.94	34.762
719.13	35.228
719.32	35.133
719.52	35.477
719.71	35.848
719.90	35.820
720.09	36.003
720.28	36.352
720.48	36.544
720.67	36.848
720.86	37.116
721.05	37.471
721.25	37.752
721.44	38.061
721.63	38.235
721.82	38.214
722.01	39.000
722.21	38.888
722.40	39.061
722.59	39.628
722.78	39.660
722.98	40.127
723.17	40.446
723.36	40.380
723.55	40.662
723.74	41.053
723.94	41.097
724.13	41.732
724.32	42.149
724.51	42.260
724.70	42.130
724.89	42.500
725.09	42.915
725.28	43.001
725.47	43.183
725.66	43.888
725.85	43.805
726.05	44.187
726.24	44.510
726.43	44.493
726.62	44.826
726.81	45.496
727.00	45.422
727.20	45.549
727.39	46.037
727.58	46.107
727.77	46.644
727.96	46.824
728.15	47.116
728.35	47.104
728.54	47.351
728.73	47.856
728.92	47.665
729.11	48.274
729.30	48.770
729.50	48.758
729.69	48.970
729.88	49.043
730.07	49.396
730.26	49.520
730.45	50.092
730.64	49.816
730.84	50.278
731.03	51.039
731.22	50.966
731.41	51.257
731.60	51.203
731.79	51.411
731.98	52.007
732.18	52.021
732.37	52.319
732.56	52.475
732.75	52.816
732.94	53.398
733.13	53.582
733.32	53.341
733.51	53.499
733.71	53.898
733.90	54.328
734.09	54.139
734.28	54.748
734.47	54.789
734.66	54.947
734.85	55.250
735.04	55.553
735.23	55.928
735.42	56.020
735.62	56.207
735.81	56.350
736.00	56.773
736.19	56.791
736.38	56.791
736.57	56.882
736.76	57.460
736.95	57.486
737.14	57.487
737.33	57.691
737.52	57.805
737.72	58.571
737.91	58.258
738.10	58.496
738.29	58.862
738.48	58.706
738.67	59.205
738.86	59.347
739.05	59.621
739.24	59.652
739.43	59.936
739.62	59.914
739.81	60.239
740.00	60.225
740.19	61.016
740.39	60.979
740.58	61.347
740.77	61.056
740.96	61.105
741.15	61.342
741.34	61.519
741.53	61.682
741.72	62.007
741.91	61.711
742.10	62.437
742.29	61.989
742.48	62.586
742.67	62.762
742.86	62.829
743.05	62.981
743.24	63.012
743.43	63.100
743.62	63.163
743.81	63.357
744.00	63.838
744.19	63.809
744.38	64.515
744.57	64.221
744.76	64.332
744.95	64.198
745.14	64.414
745.33	64.367
745.52	64.061
745.71	64.841
745.90	65.095
746.09	64.446
746.28	65.175
746.47	64.827
746.66	65.469
746.85	65.762
747.04	65.411
747.23	65.466
747.42	65.829
747.61	66.536
747.80	65.879
747.99	66.014
748.18	66.387
748.37	66.107
748.56	66.587
748.75	66.317
748.94	66.040
749.13	66.298
749.32	66.617
749.51	66.783
749.70	66.810
749.89	67.016
750.08	67.060
750.27	67.382
750.46	67.038
750.65	67.515
750.84	67.137
751.03	67.304
751.22	67.684
751.41	67.439
751.60	68.052
751.79	67.975
751.98	67.967
752.17	68.164
752.36	67.837
752.55	68.322
752.74	68.144
752.93	68.688
753.12	68.453
753.30	68.482
753.49	68.634
753.68	68.267
753.87	68.694
754.06	68.480
754.25	68.679
754.44	68.898
754.63	68.823
754.82	69.094
755.01	68.571
755.20	68.605
755.39	69.030
755.58	69.101
755.77	68.840
755.96	69.212
756.14	69.483
756.33	69.367
756.52	69.440
756.71	69.539
756.90	69.409
757.09	69.818
757.28	69.701
757.47	70.064
757.66	70.005
757.85	69.479
758.04	69.861
758.22	69.511
758.41	70.214
758.60	69.697
758.79	70.036
758.98	69.719
759.17	70.364
759.36	70.186
759.55	69.633
759.74	70.603
759.92	70.030
760.11	70.324
760.30	70.383
760.49	70.573
760.68	69.956
760.87	70.328
761.06	70.462
761.25	70.212
761.43	70.348
761.62	70.301
761.81	71.022
762.00	70.667
762.19	70.084
762.38	70.664
762.57	71.039
762.76	70.807
762.94	70.537
763.13	70.460
763.32	70.605
763.51	70.803
763.70	70.264
763.89	70.497
764.07	70.156
764.26	70.459
764.45	71.514
764.64	70.583
764.83	71.317
765.02	70.948
765.21	70.943
765.39	70.928
765.58	70.826
765.77	71.372
765.96	70.978
766.15	71.076
766.34	71.216
766.52	70.884
766.71	70.609
766.90	70.811
767.09	70.730
767.28	70.206
767.46	71.645
767.65	71.236
767.84	71.562
768.03	70.947
768.22	71.428
768.40	70.898
768.59	71.375
768.78	71.357
768.97	71.006
769.16	71.252
769.34	70.807
769.53	71.445
769.72	71.340
769.91	71.468
770.10	71.349
770.28	71.008
770.47	71.311
770.66	71.014
770.85	71.231
771.04	71.405
771.22	71.184
771.41	71.860
771.60	71.428
771.79	71.264
771.98	71.493
772.16	71.709
772.35	71.575
772.54	71.426
772.73	71.729
772.91	71.711
773.10	71.764
773.29	71.702
773.48	71.730
773.66	71.913
773.85	71.463
774.04	70.893
774.23	71.359
774.41	71.499
774.60	71.555
774.79	71.656
774.98	71.559
775.16	71.731
775.35	71.764
775.54	71.068
775.73	71.950
775.91	71.539
776.10	71.816
776.29	71.936
776.48	71.882
776.66	71.734
776.85	71.808
777.04	71.761
777.23	72.093
777.41	71.674
777.60	71.477
777.79	71.279
777.97	71.669
778.16	71.712
778.35	72.006
778.54	71.229
778.72	71.377
778.91	71.717
779.10	71.490
779.28	71.602
779.47	71.899
779.66	71.467
779.85	72.585
780.03	72.039
780.22	72.100
780.41	71.476
780.59	71.600
780.78	71.487
780.97	71.635
781.15	71.933
781.34	71.858
781.53	71.661
781.71	71.883
781.90	72.046
782.09	71.239
782.27	71.591
782.46	71.202
782.65	71.570
782.84	72.203
783.02	72.042
783.21	71.912
783.40	71.772
783.58	71.560
783.77	71.269
783.96	72.037
784.14	71.745
784.33	71.783
784.52	71.801
784.70	71.740
784.89	72.332
785.07	72.054
785.26	71.629
785.45	71.805
785.63	71.962
785.82	71.980
786.01	72.025
786.19	71.771
786.38	71.907
786.57	72.172
786.75	72.021
786.94	72.296
787.13	72.591
787.31	72.108
787.50	71.615
787.68	71.903
787.87	71.853
788.06	72.072
788.24	72.186
788.43	72.295
788.62	71.968
788.80	72.406
788.99	71.711
789.17	71.993
789.36	72.236
789.55	72.448
789.73	71.860
789.92	72.330
790.10	72.005
790.29	72.126
790.48	72.150
790.66	71.646
790.85	72.275
791.03	71.607
791.22	71.611
791.41	71.842
791.59	72.583
791.78	72.349
791.96	72.049
792.15	72.388
792.34	71.769
792.52	72.213
792.71	72.164
792.89	72.565
793.08	72.207
793.27	71.867
793.45	71.746
793.64	72.461
793.82	72.170
794.01	72.291
794.19	72.294
794.38	71.939
794.57	72.491
794.75	72.483
794.94	72.596
795.12	71.633
795.31	72.173
795.49	72.646
795.68	72.530
795.86	72.776
796.05	72.620
796.24	72.409
796.42	72.033
796.61	71.668
796.79	72.146
796.98	72.556
797.16	71.957
797.35	72.087
797.53	72.513
797.72	71.914
797.90	72.392
798.09	72.564
798.27	72.278
798.46	71.992
798.65	72.201
798.83	72.350
799.02	72.461
799.20	72.132
799.39	71.984
799.57	71.921
799.76	72.892
799.94	72.182
800.13	72.398
800.31	72.275
800.50	71.768
800.68	72.682
800.87	72.128
801.05	72.062
801.24	72.301
801.42	71.973
801.61	72.579
801.79	71.710
801.98	72.104
802.16	72.071
802.35	72.062
802.53	72.163
802.72	72.408
802.90	72.253
803.09	72.168
803.27	72.600
803.46	72.561
803.64	72.425
803.83	72.241
804.01	72.032
804.20	72.315
804.38	72.291
804.56	72.304
804.75	72.374
804.93	72.140
805.12	72.683
805.30	72.384
805.49	72.518
805.67	72.264
805.86	72.251
806.04	72.575
806.23	71.810
806.41	72.088
806.59	71.965
806.78	72.682
806.96	71.875
807.15	72.529
807.33	72.194
807.52	72.312
807.70	72.529
807.89	72.656
808.07	72.289
808.25	71.869
808.44	72.099
808.62	72.416
808.81	72.552
808.99	71.934
809.18	72.644
809.36	72.119
809.54	72.626
809.73	72.215
809.91	72.244
810.10	72.442
810.28	71.751
810.47	72.324
810.65	72.709
810.83	72.437
811.02	72.653
811.20	72.471
811.39	72.824
811.57	72.402
811.75	72.604
811.94	72.855
812.12	72.914
812.31	72.826
812.49	72.406
812.67	72.790
812.86	72.166
813.04	72.492
813.23	72.431
813.41	72.539
813.59	72.412
813.78	72.367
813.96	72.400
814.14	72.417
814.33	72.327
814.51	72.429
814.70	72.540
814.88	72.950
815.06	72.709
815.25	72.680
815.43	72.798
815.61	72.555
815.80	72.501
815.98	72.478
816.16	72.309
816.35	72.620
816.53	72.379
816.72	72.807
816.90	72.928
817.08	72.542
817.27	72.256
817.45	72.425
817.63	72.411
817.82	72.317
818.00	72.245
818.18	72.692
818.37	72.053
818.55	72.162
818.73	72.291
818.92	72.324
819.10	72.545
819.28	72.477
819.47	72.728
819.65	72.161
819.83	72.511
820.02	72.326
820.20	72.694
820.38	72.569
820.57	71.989
820.75	72.640
820.93	72.354
821.11	72.840
821.30	72.382
821.48	72.394
821.66	72.951
821.85	72.775
822.03	72.226
822.21	72.549
822.40	72.721
822.58	72.702
822.76	72.570
822.94	72.492
823.13	72.422
823.31	72.471
823.49	72.850
823.68	72.349
823.86	72.798
824.04	72.692
824.22	72.227
824.41	72.737
824.59	72.586
824.77	72.935
824.96	72.783
825.14	72.852
825.32	72.376
825.50	72.646
825.69	72.354
825.87	72.529
826.05	72.428
826.23	72.649
826.42	72.822
826.60	72.369
826.78	72.796
826.96	72.433
827.15	72.877
827.33	72.321
827.51	72.471
827.69	72.752
827.88	72.512
828.06	72.203
828.24	72.684
828.42	72.199
828.61	72.273
828.79	72.878
828.97	73.095
829.15	72.368
829.34	73.182
829.52	72.891
829.70	73.174
829.88	72.950
830.06	72.511
830.25	72.991
830.43	72.348
830.61	72.227
830.79	72.641
830.97	72.492
831.16	72.447
831.34	72.191
831.52	72.844
831.70	72.433
831.89	73.067
832.07	72.879
832.25	72.623
832.43	72.632
832.61	72.931
832.80	72.308
832.98	73.090
833.16	73.046
833.34	72.319
833.52	72.707
833.70	72.566
833.89	72.484
834.07	73.094
834.25	72.848
834.43	72.350
834.61	72.464
834.80	72.467
834.98	72.094
835.16	73.251
835.34	72.918
835.52	72.688
835.70	72.605
835.89	72.428
836.07	72.543
836.25	72.426
836.43	73.220
836.61	72.884
836.79	72.565
836.97	72.257
837.16	73.219
837.34	72.908
837.52	72.650
837.70	72.993
837.88	72.299
838.06	72.577
838.24	72.507
838.43	72.467
838.61	72.586
838.79	72.054
838.97	72.177
839.15	72.433
839.33	72.301
839.51	72.870
839.70	72.913
839.88	72.755
840.06	71.916
840.24	73.370
840.42	72.763
840.60	72.180
840.78	72.579
840.96	72.682
841.14	72.606
841.33	73.437
841.51	72.990
841.69	73.047
841.87	72.834
842.05	72.765
842.23	72.360
842.41	72.957
842.59	72.796
842.77	72.765
842.95	72.322
843.14	72.448
843.32	73.123
843.50	73.129
843.68	72.729
843.86	72.716
844.04	72.486
844.22	72.592
844.40	73.178
844.58	72.738
844.76	73.198
844.94	72.609
845.12	73.037
845.30	73.158
845.49	72.553
845.67	72.951
845.85	73.257
846.03	72.895
846.21	72.983
846.39	72.966
846.57	72.614
846.75	73.373
846.93	72.530
847.11	72.753
847.29	72.901
847.47	73.012
847.65	72.641
847.83	72.600
848.01	73.451
848.19	73.210
848.37	72.721
848.55	73.318
848.73	73.687
848.91	73.058
849.09	72.603
849.27	73.050
849.46	72.991
849.64	73.354
849.82	72.974
850.00	72.976
850.18	72.832
850.36	72.853
850.54	72.932
850.72	72.463
850.90	72.108
851.08	72.878
851.26	72.766
851.44	72.886
851.62	73.150
851.80	73.014
851.98	73.826
852.16	73.160
852.34	73.314
852.52	72.823
852.70	73.156
852.88	73.521
853.06	73.726
853.24	71.859
853.42	72.410
853.60	72.994
853.78	72.575
853.96	72.579
854.14	73.020
854.31	73.136
854.49	73.115
854.67	73.262
854.85	72.849
855.03	73.313
855.21	72.952
855.39	73.056
855.57	73.378
855.75	73.029
855.93	73.352
856.11	73.427
856.29	73.098
856.47	73.525
856.65	73.194
856.83	74.155
857.01	74.012
857.19	73.009
857.37	74.257
857.55	73.120
857.73	73.517
857.91	73.747
858.09	72.893
858.26	73.165
858.44	73.672
858.62	74.291
858.80	72.783
858.98	73.654
859.16	73.038
859.34	72.759
859.52	73.168
859.70	72.975
859.88	73.157
860.06	73.062
860.24	73.432
860.42	73.038
860.59	73.108
860.77	73.383
860.95	73.277
861.13	72.662
861.31	72.995
861.49	73.311
861.67	72.689
861.85	72.888
862.03	72.961
862.21	73.430
862.38	73.193
862.56	73.733
862.74	73.902
862.92	73.215
863.10	72.708
863.28	72.926
863.46	73.249
863.64	73.555
863.82	73.022
863.99	73.090
864.17	72.944
864.35	72.752
864.53	73.173
864.71	72.694
864.89	73.297
865.07	73.330
865.24	72.981
865.42	73.786
865.60	73.614
865.78	73.142
865.96	72.705
866.14	72.963
866.32	74.337
866.49	72.847
866.67	73.596
866.85	73.500
867.03	73.014
867.21	72.528
867.39	72.390
867.56	72.770
867.74	72.632
867.92	72.934
868.10	73.189
868.28	72.930
868.46	73.667
868.63	73.710
868.81	72.629
868.99	72.360
869.17	72.906
869.35	72.833
869.53	72.932
869.70	73.090
869.88	72.845
870.06	73.496
870.24	73.044
870.42	73.290
870.59	73.287
870.77	72.945
870.95	73.188
871.13	73.010
871.31	73.404
871.48	72.521
871.66	73.083
871.84	74.079
872.02	73.654
872.20	73.385
872.37	73.385
872.55	73.740
872.73	72.796
872.91	72.731
873.08	73.053
873.26	73.002
873.44	73.506
873.62	73.192
873.80	73.342
873.97	73.111
874.15	72.475
874.33	73.983
874.51	73.094
874.68	73.695
874.86	73.192
875.04	73.183
875.22	72.609
875.39	73.384
875.57	73.245
875.75	72.811
875.93	73.690
876.10	73.478
876.28	73.319
876.46	73.194
876.64	72.925
876.81	73.117
876.99	73.382
877.17	72.951
877.35	72.879
877.52	72.805
877.70	72.936
877.88	73.559
878.06	73.459
878.23	72.854
878.41	73.396
878.59	73.259
878.76	73.779
878.94	73.416
879.12	73.084
879.30	73.156
879.47	73.725
879.65	72.929
879.83	73.492
880.00	72.223
880.18	73.898
880.36	73.293
880.53	73.217
880.71	73.428
880.89	73.363
881.07	73.162
881.24	73.071
881.42	73.944
881.60	73.870
881.77	73.881
881.95	73.300
882.13	72.698
882.30	73.206
882.48	73.692
882.66	73.126
882.83	73.822
883.01	74.163
883.19	72.891
883.36	73.626
883.54	73.391
883.72	73.927
883.89	73.377
884.07	73.571
884.25	73.142
884.42	73.155
884.60	73.083
884.78	74.179
884.95	74.105
885.13	73.239
885.31	73.474
885.48	74.196
885.66	73.832
885.84	74.233
886.01	73.818
886.19	73.906
886.36	73.703
886.54	74.191
886.72	73.677
886.89	73.605
887.07	73.844
887.25	74.162
887.42	74.147
887.60	73.601
887.78	74.269
887.95	73.650
888.13	73.554
888.30	73.577
888.48	74.989
888.66	74.131
888.83	73.547
889.01	73.803
889.18	73.751
889.36	72.263
889.54	73.750
889.71	73.055
889.89	74.078
890.06	74.091
890.24	72.971
890.42	73.482
890.59	73.609
890.77	74.086
890.94	74.112
891.12	73.853
891.30	73.663
891.47	73.394
891.65	73.530
891.82	73.688
892.00	73.364
892.17	73.821
892.35	73.927
892.53	73.221
892.70	74.648
892.88	73.228
893.05	73.665
893.23	73.057
893.40	73.991
893.58	73.962
893.75	73.979
893.93	73.347
894.11	73.318
894.28	73.673
894.46	74.077
894.63	73.963
894.81	73.733
894.98	73.915
895.16	73.685
895.33	73.420
895.51	73.239
895.68	74.369
895.86	72.208
896.04	73.589
896.21	73.170
896.39	73.371
896.56	72.895
896.74	73.130
896.91	73.552
897.09	73.217
897.26	72.922
897.44	73.728
897.61	73.009
897.79	73.456
897.96	73.515
898.14	73.363
898.31	73.252
898.49	73.447
898.66	74.041
898.84	74.259
899.01	73.086
899.19	73.551
899.36	74.211
899.54	73.531
899.71	73.389
899.89	73.382
900.06	73.418
900.24	73.271
900.41	74.047
900.59	73.892
900.76	73.857
900.94	72.746
901.11	73.635
901.29	73.595
901.46	73.316
901.63	73.330
901.81	73.041
901.98	73.719
902.16	73.668
902.33	73.604
902.51	72.937
902.68	73.604
902.86	74.127
903.03	74.295
903.21	73.755
903.38	73.587
903.56	73.956
903.73	73.991
903.90	72.878
904.08	73.735
904.25	73.137
904.43	73.210
904.60	73.893
904.78	73.611
904.95	74.369
905.12	73.961
905.30	74.794
905.47	74.873
905.65	73.604
905.82	73.604
906.00	74.154
906.17	73.169
906.34	73.027
906.52	73.441
906.69	73.666
906.87	73.399
907.04	73.255
907.21	74.022
907.39	72.981
907.56	73.874
907.74	73.936
907.91	73.365
908.08	74.517
908.26	74.453
908.43	74.646
908.61	74.450
908.78	73.848
908.95	74.456
909.13	73.876
909.30	73.238
909.48	72.528
909.65	74.309
909.82	73.656
910.00	74.043
910.17	73.746
910.34	74.364
910.52	73.771
910.69	74.604
910.87	74.550
911.04	73.974
911.21	74.275
911.39	73.376
911.56	74.255
911.73	73.864
911.91	73.779
912.08	73.756
912.25	73.339
912.43	74.719
912.60	74.367
912.77	74.111
912.95	73.188
913.12	73.562
913.29	74.096
913.47	73.268
913.64	73.444
913.81	74.692
913.99	73.317
914.16	74.094
914.33	74.369
914.51	74.028
914.68	74.040
914.85	73.608
915.03	73.407
915.20	73.273
915.37	74.315
915.55	73.684
915.72	74.109
915.89	74.622
916.07	73.531
916.24	73.930
916.41	74.429
916.59	74.053
916.76	73.768
916.93	74.335
917.10	73.117
917.28	73.647
917.45	73.861
917.62	73.334
917.80	73.228
917.97	72.787
918.14	74.223
918.31	73.787
918.49	73.894
918.66	74.667
918.83	73.524
919.01	74.496
919.18	74.045
919.35	73.424
919.52	73.833
919.70	74.045
919.87	74.444
920.04	74.006
920.21	73.330
920.39	74.083
920.56	74.646
920.73	72.891
920.90	73.883
921.08	74.079
921.25	73.022
921.42	73.388
921.59	73.743
921.77	73.380
921.94	72.713
922.11	74.896
922.28	73.432
922.46	72.606
922.63	74.514
922.80	73.674
922.97	73.611
923.15	74.203
923.32	74.100
923.49	73.980
923.66	73.651
923.83	73.858
924.01	74.095
924.18	74.023
924.35	74.280
924.52	74.347
924.69	73.560
924.87	72.745
925.04	73.877
925.21	73.547
925.38	74.607
925.55	73.314
925.73	73.627
925.90	73.737
926.07	73.980
926.24	74.629
926.41	73.935
926.59	73.471
926.76	73.871
926.93	73.757
927.10	73.862
927.27	74.439
927.45	73.881
927.62	74.595
927.79	73.978
927.96	73.434
928.13	73.694
928.30	75.188
928.48	75.017
928.65	74.450
928.82	73.308
928.99	73.087
929.16	74.040
929.33	74.903
929.50	73.866
929.68	72.722
929.85	74.164
930.02	73.780
930.19	74.131
930.36	74.445
930.53	73.576
930.70	73.788
930.88	72.928
931.05	74.766
931.22	75.690
931.39	75.086
931.56	74.172
931.73	73.982
931.90	73.736
932.08	73.819
932.25	74.186
932.42	74.458
932.59	73.412
932.76	73.638
932.93	73.713
933.10	72.935
933.27	74.061
933.44	74.365
933.62	74.977
933.79	73.568
933.96	73.848
934.13	73.774
934.30	74.429
934.47	73.460
934.64	73.891
934.81	71.769
934.98	72.945
935.15	75.781
935.32	74.435
935.50	74.314
935.67	74.066
935.84	72.909
936.01	73.667
936.18	74.176
936.35	74.140
936.52	74.518
936.69	73.940
936.86	73.739
937.03	74.201
937.20	73.360
937.37	73.591
937.54	74.804
937.71	75.346
937.89	76.239
938.06	73.018
938.23	74.326
938.40	72.699
938.57	75.718
938.74	72.641
938.91	72.834
939.08	76.155
939.25	73.962
939.42	76.565
939.59	72.722
939.76	74.808
939.93	72.576
940.10	75.596
940.27	73.726
940.44	75.149
940.61	72.967
940.78	72.348
940.95	74.279
941.12	74.901
941.29	72.406
941.46	73.396
941.63	71.932
941.80	73.227
941.97	71.766
942.14	73.961
942.31	75.816
942.48	75.262
942.65	74.600
942.82	73.524
942.99	72.075
943.16	72.406
943.33	76.188
943.50	72.914
943.67	73.445
943.84	71.940
944.01	74.128
944.18	75.279
944.35	74.261
944.52	73.908
944.69	72.970
944.86	72.724
945.03	73.518
945.20	73.048
945.37	72.973
945.54	74.807
945.71	72.946
945.88	72.970
946.05	74.860
946.22	72.210
946.39	74.319
946.56	75.847
946.73	74.467
946.90	72.607
947.07	75.005
947.23	72.993
947.40	74.958
947.57	73.677
947.74	71.207
947.91	74.947
948.08	75.346
948.25	75.089
948.42	70.694
948.59	75.141
948.76	71.866
948.93	70.486
949.10	72.268
949.27	74.405
949.44	72.668
949.60	73.735
949.77	73.117
949.94	73.122
950.11	71.826
950.28	72.508
950.45	74.984
950.62	71.718
950.79	75.043
950.96	73.975
951.13	73.068
951.30	74.089
951.46	70.090
951.63	73.630
951.80	73.999
951.97	73.262
952.14	74.487
952.31	71.332
952.48	72.930
952.65	74.189
952.81	71.989
952.98	72.751
953.15	73.135
953.32	73.532
953.49	71.465
953.66	72.535
953.83	73.462
954.00	71.746
954.16	72.953
954.33	71.926
954.50	71.105
954.67	72.726
954.84	72.864
955.01	72.809
955.18	73.123
955.34	72.836
955.51	73.713
955.68	73.311
955.85	73.409
956.02	72.412
956.19	72.623
956.35	72.609
956.52	75.603
956.69	74.242
956.86	73.222
957.03	72.044
957.20	71.575
957.36	73.756
957.53	73.265
957.70	72.224
957.87	72.096
958.04	72.623
958.21	72.000
958.37	73.136
958.54	71.156
958.71	72.704
958.88	72.146
959.05	72.627
959.21	72.878
959.38	72.425
959.55	73.883
959.72	74.328
959.89	72.840
960.05	73.223
960.22	71.694
960.39	73.226
960.56	72.400
960.72	72.293
960.89	73.977
961.06	72.282
961.23	73.266
961.40	73.933
961.56	71.383
961.73	73.749
961.90	75.095
962.07	74.156
962.23	72.719
962.40	72.877
962.57	71.740
962.74	71.167
962.90	72.241
963.07	72.280
963.24	72.990
963.41	72.471
963.57	73.699
963.74	72.225
963.91	72.674
964.08	72.628
964.24	73.237
964.41	71.866
964.58	72.702
964.75	72.468
964.91	74.944
965.08	73.621
965.25	72.133
965.42	72.647
965.58	71.701
965.75	73.580
965.92	73.252
966.08	71.822
966.25	72.110
966.42	73.699
966.59	73.833
966.75	73.709
966.92	73.796
967.09	71.227
967.25	72.956
967.42	74.805
967.59	72.801
967.75	73.144
967.92	73.115
968.09	73.877
968.26	72.469
968.42	72.605
968.59	75.293
968.76	74.239
968.92	73.218
969.09	73.341
969.26	73.079
969.42	72.859
969.59	72.779
969.76	74.917
969.92	73.431
970.09	74.405
970.26	72.885
970.42	71.724
970.59	72.483
970.76	71.893
970.92	73.221
971.09	74.441
971.26	71.719
971.42	71.107
971.59	73.701
971.76	73.322
971.92	73.406
972.09	74.444
972.25	70.645
972.42	71.262
972.59	73.766
972.75	74.247
972.92	73.141
973.09	72.194
973.25	72.622
973.42	72.398
973.58	74.180
973.75	73.715
973.92	74.259
974.08	72.475
974.25	74.519
974.42	74.887
974.58	72.862
974.75	73.381
974.91	74.573
975.08	72.416
975.25	73.142
975.41	72.169
975.58	73.008
975.74	73.872
975.91	73.670
976.08	73.265
976.24	74.001
976.41	73.410
976.57	75.395
976.74	72.380
976.91	72.443
977.07	74.231
977.24	72.518
977.40	75.385
977.57	73.158
977.73	73.404
977.90	73.915
978.07	74.403
978.23	73.993
978.40	72.920
978.56	74.202
978.73	72.556
978.89	71.666
979.06	72.514
979.22	75.965
979.39	74.561
979.56	73.362
979.72	73.039
979.89	73.142
980.05	73.481
980.22	75.372
980.38	72.141
980.55	73.583
980.71	72.071
980.88	73.817
981.04	72.720
981.21	76.017
981.37	71.960
981.54	72.030
981.70	73.711
981.87	75.122
982.04	72.929
982.20	73.049
982.37	72.560
982.53	74.433
982.70	72.688
982.86	71.593
983.03	73.457
983.19	74.134
983.36	74.787
983.52	75.103
983.69	72.230
983.85	72.297
984.02	72.912
984.18	73.184
984.35	73.831
984.51	73.425
984.68	74.598
984.84	74.669
985.00	75.801
985.17	75.415
985.33	71.408
985.50	74.936
985.66	72.705
985.83	74.055
985.99	75.039
986.16	73.141
986.32	73.694
986.49	73.924
986.65	72.432
986.82	75.382
986.98	76.433
987.15	73.378
987.31	72.898
987.47	72.118
987.64	75.473
987.80	73.851
987.97	73.435
988.13	74.049
988.30	75.350
988.46	74.293
988.63	74.918
988.79	72.400
988.95	73.243
989.12	74.231
989.28	72.672
989.45	73.534
989.61	73.621
989.77	73.617
989.94	75.167
990.10	74.226
990.27	73.687
990.43	73.895
990.60	72.867
990.76	72.650
990.92	73.370
991.09	73.694
991.25	75.824
991.42	73.255
991.58	73.235
991.74	75.126
991.91	74.670
992.07	73.624
992.24	72.868
992.40	76.697
992.56	74.534
992.73	73.934
992.89	73.913
993.05	75.283
993.22	73.943
993.38	73.964
993.55	75.660
993.71	74.383
993.87	76.441
994.04	74.728
994.20	72.371
994.36	73.068
994.53	74.255
994.69	74.233
994.85	73.638
995.02	73.585
995.18	73.793
995.34	74.674
995.51	73.561
995.67	74.215
995.84	75.119
996.00	76.542
996.16	74.858
996.33	72.706
996.49	74.247
996.65	73.190
996.82	75.477
996.98	75.152
997.14	74.552
997.31	72.979
997.47	74.219
997.63	71.355
997.79	75.758
997.96	74.380
998.12	71.694
998.28	75.404
998.45	74.817
998.61	75.360
998.77	72.218
998.94	72.579
999.10	73.794
999.26	76.361
999.43	73.700
999.59	74.810
999.75	76.175
999.91	72.578
1000.08	71.355
1000.24	75.412
1000.40	77.370
1000.57	74.503
1000.73	76.514
1000.89	73.219
1001.05	74.489
1001.22	73.404
1001.38	73.786
1001.54	74.007
1001.70	73.824
1001.87	77.460
1002.03	76.436
1002.19	74.697
1002.35	76.226
1002.52	74.955
1002.68	74.165
1002.84	77.173
1003.00	73.370
1003.17	76.091
1003.33	74.190
1003.49	74.747
1003.65	73.851
1003.82	76.328
1003.98	74.301
1004.14	72.409
1004.30	75.287
1004.47	76.597
1004.63	68.771
1004.79	75.328
1004.95	72.240
1005.11	77.781
1005.28	74.272
1005.44	74.360
1005.60	73.244
1005.76	73.819
1005.93	74.083
1006.09	75.307
1006.25	76.627
1006.41	71.686
1006.57	75.244
1006.74	72.897
1006.90	69.981
1007.06	71.629
1007.22	72.952
1007.38	75.806
1007.55	76.794
1007.71	72.690
1007.87	76.081
1008.03	75.624
1008.19	71.227
1008.35	76.357
1008.52	76.353
1008.68	74.932
1008.84	76.515
1009.00	75.460
1009.16	74.829
1009.32	76.849
1009.49	72.493
1009.65	71.544
1009.81	73.038
1009.97	75.014
1010.13	76.928
1010.29	78.779
1010.46	74.157
1010.62	79.994
1010.78	73.400
1010.94	74.049
1011.10	73.777
1011.26	74.034
1011.42	79.642
1011.59	73.346
1011.75	72.610
1011.91	74.967
1012.07	74.371
1012.23	73.114
1012.39	75.338
1012.55	74.303
1012.71	77.571
1012.88	79.419
1013.04	75.606
1013.20	73.295
1013.36	74.045
1013.52	75.439
1013.68	71.380
1013.84	71.867
1014.00	77.709
1014.16	70.710
1014.33	76.073
1014.49	73.230
1014.65	72.715
1014.81	75.153
1014.97	72.492
1015.13	74.715
1015.29	72.057
1015.45	74.413
1015.61	77.744
1015.77	78.117
1015.93	74.261
1016.09	75.531
1016.26	76.371
1016.42	75.391
1016.58	74.507
1016.74	72.894
1016.90	71.555
1017.06	72.724
1017.22	84.776
1017.38	74.666
1017.54	71.186
1017.70	72.143
1017.86	73.179
1018.02	77.338
1018.18	78.239
1018.34	72.395
1018.50	84.985
1018.66	80.606
1018.82	79.549
1018.98	72.907
1019.14	69.156
1019.31	73.457
1019.47	79.694
1019.63	76.033
1019.79	71.243
1019.95	75.301
1020.11	78.206
1020.27	73.201
1020.43	79.071
1020.59	78.407
1020.75	72.810
1020.91	75.492
1021.07	71.856
1021.23	76.588
1021.39	74.506
1021.55	78.612
1021.71	74.799
1021.87	69.824
1022.03	64.902
1022.19	69.277
1022.35	72.513
1022.51	78.396
1022.67	75.482
1022.83	80.767
1022.99	78.259
1023.15	76.426
1023.31	73.193
1023.47	73.067
1023.63	75.440
1023.79	75.386
1023.95	71.583
1024.10	73.740
1024.26	67.234
1024.42	74.139
1024.58	68.591
1024.74	78.020
1024.90	68.362
1025.06	73.639
1025.22	73.362
1025.38	77.132
1025.54	70.809
1025.70	78.157
1025.86	83.429
1026.02	78.762
1026.18	74.971
1026.34	74.480
1026.50	68.997
1026.66	73.821
1026.82	71.120
1026.98	74.472
1027.13	78.143
1027.29	76.431
1027.45	78.967
1027.61	72.570
1027.77	79.414
1027.93	76.834
1028.09	76.495
1028.25	73.966
1028.41	79.606
1028.57	72.542
1028.73	71.311
1028.88	78.190
1029.04	74.717
1029.20	75.516
1029.36	76.298
1029.52	73.494
1029.68	80.154
1029.84	75.722
1030.00	70.108
1030.16	72.646
1030.32	80.014
1030.47	78.850
1030.63	67.232
1030.79	78.596
1030.95	71.748
1031.11	78.469
1031.27	77.959
1031.43	70.296
1031.59	69.987
1031.74	74.169
1031.90	77.158
1032.06	80.147
1032.22	82.512
1032.38	75.053
1032.54	81.407
1032.69	78.662
1032.85	75.613
1033.01	74.925
1033.17	70.761
1033.33	69.586
1033.49	73.059
1033.65	71.213
1033.80	76.261
1033.96	72.523
1034.12	72.406
1034.28	71.591
1034.44	71.181
1034.60	74.541
1034.75	73.565
1034.91	77.062
1035.07	82.407
1035.23	65.562
1035.39	71.285
1035.54	75.453
1035.70	68.734
1035.86	76.544
1036.02	83.818
1036.18	65.921
1036.33	75.456
1036.49	68.206
1036.65	74.185
1036.81	64.510
1036.97	81.584
1037.12	77.714
1037.28	60.522
1037.44	81.091
1037.60	78.772
1037.76	72.569
1037.91	74.822
1038.07	78.192
1038.23	73.070
1038.39	72.949
1038.54	60.545
1038.70	78.118
1038.86	71.986
1039.02	74.510
1039.17	80.778
1039.33	69.935
1039.49	62.672
1039.65	64.395
1039.80	78.579
1039.96	59.841
1040.12	71.835
1040.28	71.892
>>>>> Data<<<<< Espectral Procesado Extremo
