Fichero De Datos De SpectraSuite
++++++++++++++++++++++++++++++++++++
Fecha: Mon Jun 29 08:21:17 CST 2026
Usuario: HP
Presente Oscuro Del Espectro: Sí
La Referencia de Presente Del Espectro De: Sí
Muestreados de los componentes de Número de espectros: 1
Espectrómetros: USB4H06056
Tiempo de integración (usec): 300000 (USB4H06056)
Promedio de Espectros Hechos un: 5 (USB4H06056)
El Alisar Del Furgón: 0 (USB4H06056)
Párrafo de de Corregir del la del del de Eléctrica del obscuridad: No (USB4H06056)
Estrobo/Lámpara Permitido: No (USB4H06056)
Correct for Detector Non-linearity: No (USB4H06056)
Párrafo de de Corregir del la del del de Externa del luz: No (USB4H06056)
Procesado del espectro de Número de pixeles en: 3648
>>>>> Comienza Data<<<<< Espectral Procesado Del EL
345.09	20.000
345.30	20.000
345.52	20.000
345.74	98.810
345.95	157.353
346.17	51.724
346.39	95.122
346.60	232.653
346.82	-40.816
347.04	-120.690
347.25	-83.019
347.47	51.852
347.69	90.566
347.90	323.077
348.12	28.571
348.34	283.333
348.56	-311.111
348.77	70.492
348.99	96.104
349.21	50.802
349.42	16.116
349.64	52.174
349.86	31.694
350.07	27.018
350.29	-208.537
350.51	46.196
350.72	52.736
350.94	56.803
351.16	47.773
351.37	0.000
351.59	21.831
351.81	29.310
352.02	62.025
352.24	28.512
352.46	26.316
352.67	11.872
352.89	62.500
353.10	0.617
353.32	85.987
353.54	85.821
353.75	62.791
353.97	8.387
354.19	-34.862
354.40	29.596
354.62	0.962
354.84	-29.474
355.05	53.202
355.27	11.538
355.49	17.647
355.70	96.842
355.92	64.968
356.14	16.055
356.35	-81.176
356.57	53.636
356.78	65.217
357.00	-46.667
357.22	-72.222
357.43	41.049
357.65	4.854
357.87	35.106
358.08	37.674
358.30	19.620
358.51	29.200
358.73	31.818
358.95	-1.031
359.16	12.593
359.38	46.829
359.60	40.909
359.81	48.511
360.03	31.944
360.24	-79.121
360.46	24.891
360.68	-30.061
360.89	37.668
361.11	24.434
361.33	-5.682
361.54	51.136
361.76	33.882
361.97	105.797
362.19	12.549
362.41	43.243
362.62	28.571
362.84	33.852
363.05	35.859
363.27	17.241
363.49	23.448
363.70	29.310
363.92	17.742
364.13	64.348
364.35	106.220
364.57	6.061
364.78	131.818
365.00	68.627
365.21	16.078
365.43	36.017
365.65	47.059
365.86	-7.389
366.08	58.824
366.29	41.971
366.51	19.500
366.73	9.497
366.94	29.218
367.16	54.683
367.37	59.346
367.59	21.514
367.80	12.258
368.02	95.732
368.24	-30.043
368.45	-7.826
368.67	52.874
368.88	78.049
369.10	66.946
369.31	92.486
369.53	38.039
369.75	41.322
369.96	10.309
370.18	28.750
370.39	38.378
370.61	27.876
370.82	-19.355
371.04	43.051
371.26	51.333
371.47	48.442
371.69	37.559
371.90	57.065
372.12	42.308
372.33	17.553
372.55	81.250
372.76	29.677
372.98	20.792
373.20	-23.188
373.41	42.175
373.63	2.397
373.84	24.590
374.06	61.149
374.27	34.266
374.49	0.000
374.70	19.122
374.92	58.108
375.13	44.444
375.35	66.393
375.57	65.600
375.78	52.612
376.00	35.374
376.21	-73.600
376.43	55.596
376.64	30.928
376.86	21.809
377.07	39.818
377.29	27.907
377.50	33.219
377.72	31.900
377.93	18.443
378.15	49.505
378.36	58.475
378.58	74.786
378.80	44.608
379.01	32.203
379.23	21.860
379.44	25.658
379.66	47.876
379.87	43.111
380.09	57.937
380.30	55.882
380.52	51.656
380.73	32.292
380.95	59.398
381.16	26.014
381.38	36.220
381.59	17.221
381.81	28.809
382.02	32.566
382.24	29.651
382.45	58.543
382.67	27.187
382.88	68.421
383.10	36.842
383.31	37.677
383.53	22.519
383.74	32.051
383.96	29.134
384.17	75.277
384.39	34.770
384.60	47.490
384.82	46.154
385.03	42.049
385.25	72.131
385.46	30.467
385.68	30.033
385.89	60.278
386.11	11.745
386.32	23.729
386.54	54.225
386.75	14.789
386.97	60.269
387.18	11.559
387.40	62.573
387.61	29.897
387.83	5.000
388.04	51.370
388.25	49.524
388.47	40.385
388.68	24.024
388.90	12.727
389.11	42.609
389.33	73.121
389.54	38.268
389.76	37.709
389.97	33.648
390.19	44.667
390.40	22.271
390.62	9.615
390.83	36.559
391.05	42.382
391.26	44.937
391.47	25.070
391.69	43.064
391.90	50.728
392.12	16.962
392.33	24.585
392.55	48.898
392.76	47.672
392.98	24.769
393.19	53.593
393.41	36.829
393.62	48.148
393.83	50.000
394.05	43.053
394.26	31.980
394.48	49.023
394.69	34.152
394.91	25.000
395.12	46.318
395.34	31.526
395.55	60.038
395.76	27.273
395.98	53.178
396.19	39.820
396.41	28.315
396.62	33.865
396.84	19.037
397.05	40.309
397.26	46.283
397.48	52.345
397.69	20.782
397.91	35.897
398.12	26.059
398.33	19.059
398.55	41.924
398.76	33.101
398.98	32.874
399.19	36.832
399.41	49.225
399.62	37.197
399.83	31.712
400.05	51.820
400.26	21.340
400.48	36.462
400.69	38.462
400.90	16.400
401.12	32.627
401.33	30.426
401.55	20.135
401.76	25.042
401.97	18.971
402.19	37.854
402.40	30.756
402.62	36.711
402.83	24.681
403.04	42.077
403.26	40.133
403.47	18.974
403.69	37.971
403.90	42.943
404.11	27.260
404.33	44.206
404.54	32.230
404.76	32.055
404.97	23.822
405.18	31.455
405.40	33.240
405.61	42.337
405.83	47.034
406.04	50.378
406.25	18.123
406.47	32.010
406.68	25.421
406.89	27.545
407.11	36.054
407.32	37.634
407.54	34.271
407.75	20.284
407.96	30.274
408.18	37.701
408.39	34.498
408.60	19.880
408.82	28.397
409.03	35.651
409.24	33.121
409.46	20.411
409.67	23.245
409.89	32.135
410.10	27.836
410.31	22.492
410.53	26.687
410.74	20.222
410.95	29.906
411.17	37.633
411.38	28.556
411.59	24.214
411.81	32.796
412.02	23.300
412.23	27.146
412.45	24.649
412.66	24.245
412.87	29.586
413.09	28.239
413.30	24.028
413.51	23.781
413.73	20.634
413.94	28.471
414.15	26.357
414.37	20.856
414.58	21.947
414.79	26.312
415.01	22.332
415.22	17.595
415.43	31.740
415.65	29.416
415.86	24.970
416.07	21.114
416.29	16.802
416.50	22.779
416.71	19.148
416.93	23.256
417.14	23.807
417.35	20.422
417.57	19.967
417.78	22.766
417.99	20.755
418.21	18.080
418.42	21.304
418.63	16.929
418.85	-1221.374
419.06	22.001
419.27	13.298
419.48	19.103
419.70	15.514
419.91	18.888
420.12	17.283
420.34	18.263
420.55	15.651
420.76	21.192
420.98	16.002
421.19	13.188
421.40	19.358
421.61	12.842
421.83	14.794
422.04	8.750
422.25	15.700
422.47	14.073
422.68	15.260
422.89	14.990
423.11	14.923
423.32	15.602
423.53	15.807
423.74	17.115
423.96	12.981
424.17	12.048
424.38	12.730
424.59	11.265
424.81	15.949
425.02	16.055
425.23	11.196
425.45	12.838
425.66	14.588
425.87	14.423
426.08	13.080
426.30	15.359
426.51	11.073
426.72	14.613
426.93	13.733
427.15	13.117
427.36	14.187
427.57	10.278
427.79	13.185
428.00	10.991
428.21	70.935
428.42	8.634
428.64	12.057
428.85	13.117
429.06	11.574
429.27	11.964
429.49	11.005
429.70	10.629
429.91	9.050
430.12	11.253
430.34	10.290
430.55	10.419
430.76	11.942
430.97	12.318
431.19	10.220
431.40	10.416
431.61	10.514
431.82	11.523
432.03	11.125
432.25	11.198
432.46	12.590
432.67	11.878
432.88	9.912
433.10	10.375
433.31	11.746
433.52	9.207
433.73	10.729
433.95	8.590
434.16	10.733
434.37	10.232
434.58	12.205
434.79	12.068
435.01	11.162
435.22	12.535
435.43	9.593
435.64	11.355
435.86	10.214
436.07	11.702
436.28	11.384
436.49	9.447
436.70	11.121
436.92	10.961
437.13	9.323
437.34	12.095
437.55	9.065
437.76	10.824
437.98	10.768
438.19	10.262
438.40	11.131
438.61	8.845
438.82	11.039
439.04	10.725
439.25	9.682
439.46	11.166
439.67	11.221
439.88	11.339
440.10	11.263
440.31	10.337
440.52	8.946
440.73	10.249
440.94	10.831
441.16	10.419
441.37	11.480
441.58	10.467
441.79	11.238
442.00	9.963
442.21	11.462
442.43	10.287
442.64	9.757
442.85	10.634
443.06	10.995
443.27	10.223
443.48	10.568
443.70	10.124
443.91	9.851
444.12	9.974
444.33	9.493
444.54	10.430
444.75	10.622
444.97	9.825
445.18	10.522
445.39	11.239
445.60	9.785
445.81	10.100
446.02	11.216
446.24	10.548
446.45	10.385
446.66	9.076
446.87	11.067
447.08	10.932
447.29	10.095
447.51	10.573
447.72	11.644
447.93	10.185
448.14	9.806
448.35	10.446
448.56	10.148
448.77	10.413
448.99	10.399
449.20	9.114
449.41	10.715
449.62	11.075
449.83	10.734
450.04	10.477
450.25	10.481
450.46	10.293
450.68	11.309
450.89	9.084
451.10	10.124
451.31	9.518
451.52	9.638
451.73	10.799
451.94	9.671
452.15	10.920
452.37	10.084
452.58	9.996
452.79	10.128
453.00	10.170
453.21	10.628
453.42	10.695
453.63	10.308
453.84	9.817
454.06	10.601
454.27	10.602
454.48	11.189
454.69	10.634
454.90	10.364
455.11	10.506
455.32	10.837
455.53	11.501
455.74	11.684
455.95	10.736
456.17	10.320
456.38	10.605
456.59	10.675
456.80	9.140
457.01	10.420
457.22	11.096
457.43	11.376
457.64	9.676
457.85	10.952
458.06	11.531
458.27	10.421
458.49	10.247
458.70	9.149
458.91	10.970
459.12	10.558
459.33	10.029
459.54	11.992
459.75	10.628
459.96	10.972
460.17	10.825
460.38	10.227
460.59	10.442
460.80	11.210
461.01	10.520
461.23	10.582
461.44	11.154
461.65	10.273
461.86	11.204
462.07	9.547
462.28	10.842
462.49	10.760
462.70	9.457
462.91	10.571
463.12	10.653
463.33	11.255
463.54	11.528
463.75	11.185
463.96	11.908
464.17	10.446
464.38	11.654
464.59	10.901
464.81	11.350
465.02	10.112
465.23	11.501
465.44	11.508
465.65	10.655
465.86	11.024
466.07	11.727
466.28	10.667
466.49	11.510
466.70	11.246
466.91	11.009
467.12	10.707
467.33	10.751
467.54	11.044
467.75	11.164
467.96	10.385
468.17	11.247
468.38	10.729
468.59	10.719
468.80	11.289
469.01	10.773
469.22	11.096
469.43	11.246
469.64	10.944
469.85	11.061
470.06	11.143
470.27	10.745
470.48	11.163
470.69	11.013
470.90	11.852
471.11	10.421
471.32	10.200
471.53	10.927
471.74	10.453
471.95	11.242
472.16	11.573
472.37	11.139
472.58	10.430
472.79	11.666
473.00	11.343
473.21	11.205
473.42	11.187
473.63	10.971
473.84	11.202
474.05	10.815
474.26	10.383
474.47	11.962
474.68	10.808
474.89	11.551
475.10	10.506
475.31	11.336
475.52	11.718
475.73	10.771
475.94	11.533
476.15	11.075
476.36	10.872
476.57	12.333
476.78	11.232
476.99	10.439
477.20	10.901
477.41	9.835
477.62	11.594
477.83	11.830
478.04	11.116
478.25	10.852
478.46	10.963
478.67	10.562
478.88	11.200
479.09	11.034
479.30	10.744
479.51	10.911
479.72	11.583
479.93	10.832
480.14	10.882
480.35	11.897
480.56	11.956
480.77	11.117
480.98	11.494
481.18	11.336
481.39	10.387
481.60	10.561
481.81	10.647
482.02	11.441
482.23	11.179
482.44	11.344
482.65	11.279
482.86	11.827
483.07	11.543
483.28	11.730
483.49	11.218
483.70	11.133
483.91	11.065
484.12	10.810
484.33	11.182
484.53	10.941
484.74	11.241
484.95	11.123
485.16	11.420
485.37	11.558
485.58	11.390
485.79	11.472
486.00	11.296
486.21	11.483
486.42	11.272
486.63	10.955
486.84	11.315
487.05	11.375
487.25	11.310
487.46	11.457
487.67	11.355
487.88	10.921
488.09	11.094
488.30	11.383
488.51	17.445
488.72	11.471
488.93	11.308
489.14	11.477
489.35	11.591
489.55	11.150
489.76	10.919
489.97	11.575
490.18	11.397
490.39	10.871
490.60	10.732
490.81	11.763
491.02	11.438
491.23	11.447
491.43	11.176
491.64	11.208
491.85	11.443
492.06	11.141
492.27	11.400
492.48	11.101
492.69	11.465
492.90	11.537
493.11	11.469
493.31	11.286
493.52	11.624
493.73	11.467
493.94	11.384
494.15	10.899
494.36	11.414
494.57	11.058
494.78	11.236
494.98	11.042
495.19	11.380
495.40	11.498
495.61	11.533
495.82	11.185
496.03	11.464
496.24	11.450
496.44	11.401
496.65	11.831
496.86	11.138
497.07	11.386
497.28	10.853
497.49	11.650
497.70	11.384
497.90	11.665
498.11	11.533
498.32	11.239
498.53	11.369
498.74	11.307
498.95	11.492
499.15	11.710
499.36	11.893
499.57	11.472
499.78	11.500
499.99	11.288
500.20	11.375
500.40	11.378
500.61	11.497
500.82	11.620
501.03	11.510
501.24	11.577
501.45	11.904
501.65	11.484
501.86	11.622
502.07	11.207
502.28	11.263
502.49	11.632
502.70	11.738
502.90	11.204
503.11	11.429
503.32	11.582
503.53	11.638
503.74	11.690
503.94	11.627
504.15	11.872
504.36	11.683
504.57	11.317
504.78	11.535
504.98	11.722
505.19	11.718
505.40	11.364
505.61	11.949
505.82	11.584
506.02	12.037
506.23	11.394
506.44	11.816
506.65	11.678
506.86	11.602
507.06	11.360
507.27	11.801
507.48	11.475
507.69	11.772
507.90	11.861
508.10	11.851
508.31	11.635
508.52	12.099
508.73	11.465
508.94	11.834
509.14	11.668
509.35	12.217
509.56	12.097
509.77	12.045
509.97	11.839
510.18	12.342
510.39	11.932
510.60	11.990
510.80	11.636
511.01	11.781
511.22	11.954
511.43	12.111
511.64	11.971
511.84	12.274
512.05	12.193
512.26	12.209
512.47	11.768
512.67	11.837
512.88	12.302
513.09	12.178
513.30	12.391
513.50	12.260
513.71	11.947
513.92	12.173
514.13	11.875
514.33	11.879
514.54	12.107
514.75	12.190
514.96	11.976
515.16	12.094
515.37	12.329
515.58	12.337
515.78	12.038
515.99	12.456
516.20	12.189
516.41	12.146
516.61	12.046
516.82	12.220
517.03	12.682
517.24	12.153
517.44	12.366
517.65	12.412
517.86	12.390
518.07	12.347
518.27	12.448
518.48	12.358
518.69	12.552
518.89	12.287
519.10	12.660
519.31	12.505
519.52	12.526
519.72	12.770
519.93	12.648
520.14	12.594
520.34	13.008
520.55	12.724
520.76	12.700
520.96	12.538
521.17	12.724
521.38	12.847
521.59	12.867
521.79	12.942
522.00	13.038
522.21	12.909
522.41	13.032
522.62	13.091
522.83	13.231
523.03	12.823
523.24	12.866
523.45	13.544
523.66	13.224
523.86	13.494
524.07	13.263
524.28	13.385
524.48	13.724
524.69	13.513
524.90	13.490
525.10	13.020
525.31	13.373
525.52	13.703
525.72	13.548
525.93	13.602
526.14	13.932
526.34	13.501
526.55	13.828
526.76	14.176
526.96	13.573
527.17	13.933
527.38	13.778
527.58	14.064
527.79	13.648
528.00	13.733
528.20	14.356
528.41	14.324
528.62	14.394
528.82	14.204
529.03	14.195
529.24	14.429
529.44	14.369
529.65	14.561
529.85	14.600
530.06	14.453
530.27	14.788
530.47	14.742
530.68	14.832
530.89	14.551
531.09	14.466
531.30	14.599
531.51	14.847
531.71	14.576
531.92	14.556
532.13	14.366
532.33	14.854
532.54	14.743
532.74	14.728
532.95	14.755
533.16	14.781
533.36	15.050
533.57	14.979
533.78	14.915
533.98	15.038
534.19	15.117
534.39	15.035
534.60	15.299
534.81	15.272
535.01	15.266
535.22	15.093
535.42	15.256
535.63	15.352
535.84	15.659
536.04	15.377
536.25	15.507
536.45	15.378
536.66	15.829
536.87	15.472
537.07	15.436
537.28	15.760
537.48	15.688
537.69	15.644
537.90	15.714
538.10	15.546
538.31	15.808
538.51	15.538
538.72	15.719
538.93	15.826
539.13	15.633
539.34	15.734
539.54	15.738
539.75	15.644
539.96	16.149
540.16	15.706
540.37	15.573
540.57	16.100
540.78	15.927
540.98	15.856
541.19	15.831
541.40	15.725
541.60	15.740
541.81	16.035
542.01	16.105
542.22	15.977
542.42	15.455
542.63	15.888
542.83	15.951
543.04	15.912
543.25	16.296
543.45	16.122
543.66	15.870
543.86	16.010
544.07	16.113
544.27	16.185
544.48	15.856
544.68	16.089
544.89	15.874
545.10	16.194
545.30	16.181
545.51	16.333
545.71	16.300
545.92	16.333
546.12	16.137
546.33	16.039
546.53	16.014
546.74	16.263
546.94	16.146
547.15	16.016
547.36	16.356
547.56	15.838
547.77	16.062
547.97	16.342
548.18	16.104
548.38	16.377
548.59	16.218
548.79	16.274
549.00	16.247
549.20	16.316
549.41	15.869
549.61	16.182
549.82	16.003
550.02	16.069
550.23	16.029
550.43	16.126
550.64	16.420
550.84	16.405
551.05	16.239
551.25	16.419
551.46	16.502
551.66	16.364
551.87	16.271
552.07	16.587
552.28	16.305
552.48	16.450
552.69	16.474
552.89	16.458
553.10	16.541
553.30	16.345
553.51	16.318
553.71	16.669
553.92	16.360
554.12	16.268
554.33	16.408
554.53	16.519
554.74	16.253
554.94	16.766
555.15	16.330
555.35	16.428
555.56	16.237
555.76	16.152
555.97	16.356
556.17	16.348
556.38	16.518
556.58	16.533
556.78	16.393
556.99	16.422
557.19	16.584
557.40	16.487
557.60	16.416
557.81	16.365
558.01	16.581
558.22	16.245
558.42	16.495
558.63	16.517
558.83	16.407
559.04	16.537
559.24	16.381
559.44	15.994
559.65	16.297
559.85	16.193
560.06	16.320
560.26	16.392
560.47	16.338
560.67	16.793
560.88	16.367
561.08	16.680
561.28	16.257
561.49	16.649
561.69	16.281
561.90	16.566
562.10	16.488
562.31	16.262
562.51	16.140
562.71	16.340
562.92	16.281
563.12	16.170
563.33	16.324
563.53	15.903
563.74	16.528
563.94	16.164
564.14	16.330
564.35	16.027
564.55	16.203
564.76	16.377
564.96	16.101
565.17	16.188
565.37	15.894
565.57	16.011
565.78	16.322
565.98	16.035
566.19	15.936
566.39	16.051
566.59	16.128
566.80	15.978
567.00	15.822
567.21	15.750
567.41	15.990
567.61	15.834
567.82	15.733
568.02	15.811
568.23	15.681
568.43	15.619
568.63	15.671
568.84	15.698
569.04	15.646
569.24	15.700
569.45	15.727
569.65	15.597
569.86	15.865
570.06	15.484
570.26	15.587
570.47	15.556
570.67	15.565
570.87	15.340
571.08	15.475
571.28	15.468
571.49	15.542
571.69	15.401
571.89	15.194
572.10	15.360
572.30	15.259
572.50	15.385
572.71	15.018
572.91	15.083
573.11	14.996
573.32	15.383
573.52	15.080
573.73	15.058
573.93	14.924
574.13	14.979
574.34	15.009
574.54	14.926
574.74	14.894
574.95	14.848
575.15	14.761
575.35	14.990
575.56	15.040
575.76	14.732
575.96	14.810
576.17	14.812
576.37	14.648
576.57	14.550
576.78	14.927
576.98	14.666
577.18	14.641
577.39	14.492
577.59	14.700
577.79	14.539
578.00	14.573
578.20	14.549
578.40	14.213
578.61	14.359
578.81	14.214
579.01	14.356
579.22	14.355
579.42	14.413
579.62	14.267
579.82	14.254
580.03	14.252
580.23	14.163
580.43	14.003
580.64	14.174
580.84	14.223
581.04	14.207
581.25	14.160
581.45	14.029
581.65	14.371
581.86	14.425
582.06	14.182
582.26	14.111
582.46	13.485
582.67	14.185
582.87	14.037
583.07	14.197
583.28	14.073
583.48	13.924
583.68	14.091
583.88	13.728
584.09	13.675
584.29	13.967
584.49	13.708
584.70	13.833
584.90	13.919
585.10	13.801
585.30	13.752
585.51	13.672
585.71	13.996
585.91	13.912
586.11	13.954
586.32	13.993
586.52	13.713
586.72	13.796
586.92	13.892
587.13	13.742
587.33	13.764
587.53	13.890
587.74	13.643
587.94	13.740
588.14	13.802
588.34	13.816
588.55	13.582
588.75	13.765
588.95	13.612
589.15	13.505
589.36	13.648
589.56	13.652
589.76	13.702
589.96	13.713
590.16	13.526
590.37	13.468
590.57	13.473
590.77	13.571
590.97	13.450
591.18	13.718
591.38	13.575
591.58	13.653
591.78	13.729
591.99	13.421
592.19	13.483
592.39	13.606
592.59	13.486
592.79	13.430
593.00	13.208
593.20	13.444
593.40	13.264
593.60	13.301
593.81	13.394
594.01	13.416
594.21	13.311
594.41	13.188
594.61	13.409
594.82	13.517
595.02	13.302
595.22	13.346
595.42	13.508
595.62	13.364
595.83	13.347
596.03	13.380
596.23	13.348
596.43	13.332
596.63	13.438
596.84	13.456
597.04	13.338
597.24	13.365
597.44	13.249
597.64	13.377
597.84	13.269
598.05	13.338
598.25	13.261
598.45	13.264
598.65	13.403
598.85	13.587
599.06	13.565
599.26	13.496
599.46	13.256
599.66	13.304
599.86	13.219
600.06	13.309
600.27	13.312
600.47	13.352
600.67	13.248
600.87	13.258
601.07	13.118
601.27	13.210
601.48	13.315
601.68	13.494
601.88	13.275
602.08	13.248
602.28	13.407
602.48	13.293
602.68	13.254
602.89	13.122
603.09	13.388
603.29	13.197
603.49	13.223
603.69	13.196
603.89	13.250
604.09	13.190
604.30	13.223
604.50	13.329
604.70	13.045
604.90	13.122
605.10	13.353
605.30	13.291
605.50	13.122
605.71	13.122
605.91	13.299
606.11	13.400
606.31	13.286
606.51	13.489
606.71	13.202
606.91	13.309
607.11	13.070
607.32	13.326
607.52	13.092
607.72	13.217
607.92	13.348
608.12	13.043
608.32	13.200
608.52	13.262
608.72	13.207
608.92	13.266
609.12	13.143
609.33	13.381
609.53	13.348
609.73	13.236
609.93	13.168
610.13	12.926
610.33	13.319
610.53	13.258
610.73	13.211
610.93	13.313
611.13	13.098
611.34	13.178
611.54	13.107
611.74	13.355
611.94	13.082
612.14	13.135
612.34	13.143
612.54	13.267
612.74	13.121
612.94	13.163
613.14	13.070
613.34	13.176
613.54	13.057
613.74	13.212
613.95	13.099
614.15	12.956
614.35	13.018
614.55	13.029
614.75	13.053
614.95	13.109
615.15	13.014
615.35	13.030
615.55	13.014
615.75	12.961
615.95	13.256
616.15	13.073
616.35	13.179
616.55	13.051
616.75	12.921
616.95	12.821
617.15	13.008
617.35	12.959
617.56	12.931
617.76	12.913
617.96	13.070
618.16	12.965
618.36	12.931
618.56	12.911
618.76	13.082
618.96	13.050
619.16	12.913
619.36	12.977
619.56	12.958
619.76	12.992
619.96	12.921
620.16	13.045
620.36	12.813
620.56	12.933
620.76	12.982
620.96	12.878
621.16	13.005
621.36	12.953
621.56	13.028
621.76	13.067
621.96	12.922
622.16	12.954
622.36	13.028
622.56	12.826
622.76	13.018
622.96	12.973
623.16	12.889
623.36	12.967
623.56	12.818
623.76	12.865
623.96	13.131
624.16	12.883
624.36	12.942
624.56	12.984
624.76	12.870
624.96	13.117
625.16	13.178
625.36	12.740
625.56	13.306
625.76	13.022
625.96	13.080
626.16	12.806
626.36	12.781
626.56	12.844
626.76	12.925
626.96	12.981
627.16	12.869
627.36	12.938
627.56	12.743
627.76	12.840
627.96	12.995
628.16	12.876
628.36	12.630
628.56	12.745
628.75	12.815
628.95	12.832
629.15	12.963
629.35	12.780
629.55	13.047
629.75	12.735
629.95	12.859
630.15	12.877
630.35	12.973
630.55	13.080
630.75	12.797
630.95	12.814
631.15	12.891
631.35	12.949
631.55	12.929
631.75	13.066
631.95	12.873
632.15	12.937
632.34	12.940
632.54	12.839
632.74	12.802
632.94	12.823
633.14	12.851
633.34	12.915
633.54	12.863
633.74	12.830
633.94	12.785
634.14	12.843
634.34	12.961
634.54	12.810
634.74	12.847
634.93	12.830
635.13	12.932
635.33	12.701
635.53	12.840
635.73	13.040
635.93	12.672
636.13	12.772
636.33	13.035
636.53	12.800
636.73	12.762
636.93	12.866
637.12	12.822
637.32	12.858
637.52	12.939
637.72	12.938
637.92	12.885
638.12	12.873
638.32	12.660
638.52	12.766
638.72	12.771
638.91	12.631
639.11	12.538
639.31	12.847
639.51	12.578
639.71	12.774
639.91	12.702
640.11	12.675
640.31	12.649
640.50	12.526
640.70	12.885
640.90	12.681
641.10	12.827
641.30	12.746
641.50	12.832
641.70	12.640
641.89	12.689
642.09	12.702
642.29	12.677
642.49	12.725
642.69	12.617
642.89	12.775
643.09	12.634
643.28	12.605
643.48	12.686
643.68	12.947
643.88	12.762
644.08	12.777
644.28	12.765
644.48	12.758
644.67	12.622
644.87	12.573
645.07	12.585
645.27	12.479
645.47	12.465
645.67	12.648
645.86	12.810
646.06	12.415
646.26	12.723
646.46	12.462
646.66	12.694
646.85	12.508
647.05	12.542
647.25	12.438
647.45	12.516
647.65	12.412
647.85	12.475
648.04	12.399
648.24	12.685
648.44	12.514
648.64	12.629
648.84	12.570
649.03	12.526
649.23	12.645
649.43	12.585
649.63	12.468
649.83	12.374
650.02	12.507
650.22	12.597
650.42	12.703
650.62	12.479
650.82	12.553
651.01	12.533
651.21	12.585
651.41	12.369
651.61	12.345
651.81	12.641
652.00	12.473
652.20	12.470
652.40	12.337
652.60	12.445
652.79	12.462
652.99	12.388
653.19	12.429
653.39	12.332
653.59	12.633
653.78	12.311
653.98	12.397
654.18	12.467
654.38	12.390
654.57	12.427
654.77	12.510
654.97	12.597
655.17	12.501
655.36	12.348
655.56	12.451
655.76	12.777
655.96	12.339
656.15	12.523
656.35	12.377
656.55	12.372
656.75	12.282
656.94	12.332
657.14	12.379
657.34	12.263
657.54	12.297
657.73	12.410
657.93	12.361
658.13	12.331
658.33	12.364
658.52	12.485
658.72	12.426
658.92	12.632
659.11	12.617
659.31	12.479
659.51	12.471
659.71	12.232
659.90	12.276
660.10	12.413
660.30	12.444
660.50	12.496
660.69	12.391
660.89	12.378
661.09	12.088
661.28	12.416
661.48	12.209
661.68	12.360
661.87	12.276
662.07	12.559
662.27	12.251
662.47	12.300
662.66	12.415
662.86	12.342
663.06	12.581
663.25	12.441
663.45	12.165
663.65	12.308
663.84	12.299
664.04	12.420
664.24	12.347
664.44	12.236
664.63	12.358
664.83	12.408
665.03	12.311
665.22	12.257
665.42	12.294
665.62	12.195
665.81	12.404
666.01	12.366
666.21	12.297
666.40	12.329
666.60	12.300
666.80	12.219
666.99	12.448
667.19	12.375
667.39	12.393
667.58	12.292
667.78	12.186
667.98	12.425
668.17	12.404
668.37	12.315
668.57	12.309
668.76	12.342
668.96	12.270
669.16	12.366
669.35	12.217
669.55	12.443
669.74	12.337
669.94	12.405
670.14	12.153
670.33	12.216
670.53	12.360
670.73	12.194
670.92	12.396
671.12	12.379
671.32	12.573
671.51	12.401
671.71	12.445
671.90	12.451
672.10	12.371
672.30	12.331
672.49	12.340
672.69	12.335
672.89	12.495
673.08	12.285
673.28	12.268
673.47	12.342
673.67	12.406
673.87	12.506
674.06	12.444
674.26	12.461
674.45	12.393
674.65	12.361
674.85	12.410
675.04	12.426
675.24	12.444
675.43	12.547
675.63	12.402
675.83	12.395
676.02	12.491
676.22	12.369
676.41	12.392
676.61	12.352
676.81	12.359
677.00	12.616
677.20	12.317
677.39	12.505
677.59	12.510
677.79	12.462
677.98	12.417
678.18	12.421
678.37	12.625
678.57	12.519
678.76	12.506
678.96	12.537
679.16	12.536
679.35	12.591
679.55	12.491
679.74	12.518
679.94	12.385
680.13	12.451
680.33	12.496
680.53	12.411
680.72	12.396
680.92	12.538
681.11	12.482
681.31	12.496
681.50	12.548
681.70	12.529
681.89	12.414
682.09	12.505
682.28	12.458
682.48	12.560
682.68	12.613
682.87	12.662
683.07	12.698
683.26	12.663
683.46	12.570
683.65	12.707
683.85	12.498
684.04	12.594
684.24	12.596
684.43	12.584
684.63	12.707
684.82	12.755
685.02	12.755
685.21	12.695
685.41	12.605
685.60	12.653
685.80	12.662
686.00	12.636
686.19	12.735
686.39	12.843
686.58	12.829
686.78	12.782
686.97	12.673
687.17	12.874
687.36	12.964
687.56	12.607
687.75	12.841
687.95	12.834
688.14	12.943
688.34	12.718
688.53	12.718
688.73	12.769
688.92	12.893
689.12	12.820
689.31	12.684
689.51	12.957
689.70	13.051
689.89	12.878
690.09	12.985
690.28	12.800
690.48	13.037
690.67	12.766
690.87	12.983
691.06	13.040
691.26	13.021
691.45	12.969
691.65	13.001
691.84	13.034
692.04	12.792
692.23	13.014
692.43	13.013
692.62	13.149
692.82	13.038
693.01	13.074
693.20	13.156
693.40	13.266
693.59	13.078
693.79	13.282
693.98	13.350
694.18	13.265
694.37	13.340
694.57	13.431
694.76	13.240
694.95	13.196
695.15	13.420
695.34	13.501
695.54	13.618
695.73	13.647
695.93	13.528
696.12	13.737
696.32	13.857
696.51	13.895
696.70	13.798
696.90	14.029
697.09	13.952
697.29	14.122
697.48	14.206
697.67	14.192
697.87	14.336
698.06	14.407
698.26	14.359
698.45	14.419
698.65	14.760
698.84	14.657
699.03	14.831
699.23	14.985
699.42	15.046
699.62	14.917
699.81	15.044
700.00	15.333
700.20	15.427
700.39	15.650
700.59	15.648
700.78	15.706
700.97	15.825
701.17	15.946
701.36	16.291
701.56	16.351
701.75	16.516
701.94	16.593
702.14	16.734
702.33	16.973
702.52	16.985
702.72	17.175
702.91	17.235
703.11	17.498
703.30	17.671
703.49	17.769
703.69	18.049
703.88	18.089
704.07	18.012
704.27	18.346
704.46	18.729
704.66	18.820
704.85	18.688
705.04	19.178
705.24	19.303
705.43	19.481
705.62	19.914
705.82	19.913
706.01	20.195
706.20	20.282
706.40	20.444
706.59	20.828
706.78	20.817
706.98	20.981
707.17	21.229
707.36	21.306
707.56	21.639
707.75	21.735
707.94	21.881
708.14	22.109
708.33	22.295
708.52	22.586
708.72	22.720
708.91	23.233
709.10	23.323
709.30	23.375
709.49	23.467
709.68	23.788
709.88	24.121
710.07	24.130
710.26	24.599
710.46	24.647
710.65	24.789
710.84	25.123
711.04	25.121
711.23	25.676
711.42	25.888
711.61	25.958
711.81	25.970
712.00	26.185
712.19	26.494
712.39	26.716
712.58	26.756
712.77	27.256
712.97	27.426
713.16	27.596
713.35	27.937
713.54	28.377
713.74	28.093
713.93	28.434
714.12	28.577
714.32	28.722
714.51	29.189
714.70	29.490
714.89	29.803
715.09	30.042
715.28	30.307
715.47	30.319
715.66	30.735
715.86	30.972
716.05	31.207
716.24	31.442
716.44	31.652
716.63	31.707
716.82	32.251
717.01	32.012
717.21	32.648
717.40	32.849
717.59	33.062
717.78	33.264
717.98	33.559
718.17	33.826
718.36	34.083
718.55	34.394
718.75	34.383
718.94	34.784
719.13	35.080
719.32	35.001
719.52	35.327
719.71	35.634
719.90	35.636
720.09	35.998
720.28	36.253
720.48	36.324
720.67	36.737
720.86	37.446
721.05	37.361
721.25	37.770
721.44	38.068
721.63	38.161
721.82	38.175
722.01	38.875
722.21	39.245
722.40	39.136
722.59	39.690
722.78	39.921
722.98	39.713
723.17	40.679
723.36	40.352
723.55	40.758
723.74	41.120
723.94	41.131
724.13	41.578
724.32	42.023
724.51	42.138
724.70	42.442
724.89	42.719
725.09	42.812
725.28	42.916
725.47	43.431
725.66	43.617
725.85	43.943
726.05	44.203
726.24	44.392
726.43	44.937
726.62	44.631
726.81	45.326
727.00	45.346
727.20	45.812
727.39	45.643
727.58	46.350
727.77	46.289
727.96	47.268
728.15	46.879
728.35	47.133
728.54	47.501
728.73	47.351
728.92	48.159
729.11	48.192
729.30	48.548
729.50	48.638
729.69	48.674
729.88	49.291
730.07	49.431
730.26	49.768
730.45	50.104
730.64	50.426
730.84	50.292
731.03	50.828
731.22	50.955
731.41	51.306
731.60	51.836
731.79	51.722
731.98	51.950
732.18	52.411
732.37	52.261
732.56	52.544
732.75	53.035
732.94	52.873
733.13	53.373
733.32	53.558
733.51	53.420
733.71	53.714
733.90	54.067
734.09	54.440
734.28	54.276
734.47	54.623
734.66	55.145
734.85	55.496
735.04	55.261
735.23	55.976
735.42	55.925
735.62	56.025
735.81	56.052
736.00	56.732
736.19	56.483
736.38	57.090
736.57	57.007
736.76	57.516
736.95	57.437
737.14	57.554
737.33	57.526
737.52	57.697
737.72	58.424
737.91	58.368
738.10	58.628
738.29	58.929
738.48	58.709
738.67	59.088
738.86	59.742
739.05	59.376
739.24	59.671
739.43	60.050
739.62	60.275
739.81	60.208
740.00	60.369
740.19	60.759
740.39	60.726
740.58	60.986
740.77	60.768
740.96	61.331
741.15	61.602
741.34	61.349
741.53	61.814
741.72	61.935
741.91	61.859
742.10	62.058
742.29	62.163
742.48	62.684
742.67	62.638
742.86	62.762
743.05	63.058
743.24	63.193
743.43	62.949
743.62	63.278
743.81	63.667
744.00	63.498
744.19	63.787
744.38	64.122
744.57	64.278
744.76	64.101
744.95	64.218
745.14	64.632
745.33	64.629
745.52	64.064
745.71	65.188
745.90	65.212
746.09	64.891
746.28	65.132
746.47	65.106
746.66	65.293
746.85	65.832
747.04	65.590
747.23	65.993
747.42	65.351
747.61	65.780
747.80	66.156
747.99	65.666
748.18	66.314
748.37	65.975
748.56	65.969
748.75	66.270
748.94	66.435
749.13	66.760
749.32	66.608
749.51	66.352
749.70	66.929
749.89	67.028
750.08	67.183
750.27	66.950
750.46	67.573
750.65	67.519
750.84	67.415
751.03	67.618
751.22	68.128
751.41	68.061
751.60	67.953
751.79	67.748
751.98	68.110
752.17	67.992
752.36	67.788
752.55	68.125
752.74	68.150
752.93	68.198
753.12	68.355
753.30	68.680
753.49	68.455
753.68	68.844
753.87	68.568
754.06	68.815
754.25	68.608
754.44	68.817
754.63	68.784
754.82	69.089
755.01	68.697
755.20	68.928
755.39	69.290
755.58	69.190
755.77	69.307
755.96	69.179
756.14	69.285
756.33	69.477
756.52	69.495
756.71	69.742
756.90	69.400
757.09	69.513
757.28	69.560
757.47	69.745
757.66	69.770
757.85	69.672
758.04	69.954
758.22	69.600
758.41	69.873
758.60	69.943
758.79	69.905
758.98	69.796
759.17	70.095
759.36	70.005
759.55	70.011
759.74	70.556
759.92	69.889
760.11	70.258
760.30	69.955
760.49	70.240
760.68	69.809
760.87	70.248
761.06	70.721
761.25	70.066
761.43	70.282
761.62	70.635
761.81	70.604
762.00	70.474
762.19	70.386
762.38	70.735
762.57	70.832
762.76	70.862
762.94	70.575
763.13	70.284
763.32	70.551
763.51	70.586
763.70	70.730
763.89	70.825
764.07	70.736
764.26	70.292
764.45	71.662
764.64	70.805
764.83	70.992
765.02	71.011
765.21	71.038
765.39	70.502
765.58	71.185
765.77	70.794
765.96	70.864
766.15	70.894
766.34	70.901
766.52	70.787
766.71	70.487
766.90	70.701
767.09	70.804
767.28	70.696
767.46	71.772
767.65	71.169
767.84	70.756
768.03	71.092
768.22	71.461
768.40	71.228
768.59	71.323
768.78	71.166
768.97	70.946
769.16	70.955
769.34	71.278
769.53	71.372
769.72	71.374
769.91	71.273
770.10	71.228
770.28	71.320
770.47	71.606
770.66	71.564
770.85	71.387
771.04	71.623
771.22	71.299
771.41	71.717
771.60	71.372
771.79	71.608
771.98	71.301
772.16	71.508
772.35	71.912
772.54	71.270
772.73	72.075
772.91	72.124
773.10	71.868
773.29	71.725
773.48	71.610
773.66	71.515
773.85	71.553
774.04	71.083
774.23	71.501
774.41	71.915
774.60	71.511
774.79	71.399
774.98	71.834
775.16	71.472
775.35	71.648
775.54	71.312
775.73	71.907
775.91	71.587
776.10	71.709
776.29	71.739
776.48	71.800
776.66	71.629
776.85	71.386
777.04	72.078
777.23	72.172
777.41	71.395
777.60	71.855
777.79	71.379
777.97	71.647
778.16	71.850
778.35	71.838
778.54	71.617
778.72	71.130
778.91	71.539
779.10	71.644
779.28	71.956
779.47	72.000
779.66	71.255
779.85	72.525
780.03	71.710
780.22	71.904
780.41	71.999
780.59	71.778
780.78	71.877
780.97	71.468
781.15	71.350
781.34	71.836
781.53	72.126
781.71	72.037
781.90	72.052
782.09	71.546
782.27	71.831
782.46	71.516
782.65	71.515
782.84	72.115
783.02	72.108
783.21	71.951
783.40	71.985
783.58	72.204
783.77	71.473
783.96	71.974
784.14	71.408
784.33	72.222
784.52	72.191
784.70	71.734
784.89	72.335
785.07	71.847
785.26	71.864
785.45	72.168
785.63	72.148
785.82	71.641
786.01	71.790
786.19	72.456
786.38	72.273
786.57	72.065
786.75	72.163
786.94	71.884
787.13	72.198
787.31	71.827
787.50	72.174
787.68	71.705
787.87	71.786
788.06	71.943
788.24	72.116
788.43	72.067
788.62	72.136
788.80	72.231
788.99	71.441
789.17	71.839
789.36	71.773
789.55	71.994
789.73	71.417
789.92	72.274
790.10	72.072
790.29	72.556
790.48	72.254
790.66	72.262
790.85	71.672
791.03	71.830
791.22	71.727
791.41	71.756
791.59	72.202
791.78	72.625
791.96	71.969
792.15	72.338
792.34	71.907
792.52	72.409
792.71	72.056
792.89	72.622
793.08	72.365
793.27	71.921
793.45	72.133
793.64	72.257
793.82	72.363
794.01	72.200
794.19	72.360
794.38	71.906
794.57	72.334
794.75	71.858
794.94	71.884
795.12	71.779
795.31	72.265
795.49	72.245
795.68	72.376
795.86	72.572
796.05	72.627
796.24	72.181
796.42	72.140
796.61	72.318
796.79	72.179
796.98	72.538
797.16	72.261
797.35	71.947
797.53	72.296
797.72	71.772
797.90	71.918
798.09	72.361
798.27	72.760
798.46	71.927
798.65	72.001
798.83	72.144
799.02	72.341
799.20	72.533
799.39	71.621
799.57	72.469
799.76	72.553
799.94	72.185
800.13	71.927
800.31	72.186
800.50	71.652
800.68	72.604
800.87	72.481
801.05	72.136
801.24	72.477
801.42	72.362
801.61	72.316
801.79	72.184
801.98	72.527
802.16	72.343
802.35	72.317
802.53	72.030
802.72	71.807
802.90	72.573
803.09	72.895
803.27	72.159
803.46	72.238
803.64	72.458
803.83	72.510
804.01	72.232
804.20	72.344
804.38	72.135
804.56	72.653
804.75	72.698
804.93	71.934
805.12	72.494
805.30	72.170
805.49	72.407
805.67	72.209
805.86	72.054
806.04	71.998
806.23	72.082
806.41	72.140
806.59	71.984
806.78	72.362
806.96	72.057
807.15	72.126
807.33	72.152
807.52	72.329
807.70	72.647
807.89	72.846
808.07	72.168
808.25	72.526
808.44	72.061
808.62	72.532
808.81	72.432
808.99	72.238
809.18	72.512
809.36	72.555
809.54	72.605
809.73	71.808
809.91	71.972
810.10	72.586
810.28	71.858
810.47	72.635
810.65	72.674
810.83	72.699
811.02	72.999
811.20	72.633
811.39	72.779
811.57	72.733
811.75	72.609
811.94	72.653
812.12	73.051
812.31	73.061
812.49	72.493
812.67	72.404
812.86	72.012
813.04	72.277
813.23	72.531
813.41	72.466
813.59	72.142
813.78	72.279
813.96	72.341
814.14	72.809
814.33	72.652
814.51	72.441
814.70	73.044
814.88	72.550
815.06	72.127
815.25	72.548
815.43	72.402
815.61	72.158
815.80	72.736
815.98	72.398
816.16	72.210
816.35	72.531
816.53	72.040
816.72	72.190
816.90	72.873
817.08	73.050
817.27	72.474
817.45	72.551
817.63	72.462
817.82	72.307
818.00	71.960
818.18	72.649
818.37	72.528
818.55	71.755
818.73	72.636
818.92	72.647
819.10	73.027
819.28	72.612
819.47	72.749
819.65	72.165
819.83	72.125
820.02	72.551
820.20	72.917
820.38	72.429
820.57	72.431
820.75	72.353
820.93	72.677
821.11	72.621
821.30	72.708
821.48	72.790
821.66	72.904
821.85	72.608
822.03	72.407
822.21	72.244
822.40	72.925
822.58	72.518
822.76	72.856
822.94	72.750
823.13	72.708
823.31	72.437
823.49	72.721
823.68	72.236
823.86	72.747
824.04	72.574
824.22	72.763
824.41	72.111
824.59	72.850
824.77	72.711
824.96	72.596
825.14	73.002
825.32	73.368
825.50	72.475
825.69	72.637
825.87	72.184
826.05	72.802
826.23	72.712
826.42	72.759
826.60	72.720
826.78	72.860
826.96	73.076
827.15	72.665
827.33	72.420
827.51	72.466
827.69	72.457
827.88	72.476
828.06	72.222
828.24	73.074
828.42	72.791
828.61	72.261
828.79	72.827
828.97	73.044
829.15	72.813
829.34	72.878
829.52	73.205
829.70	72.650
829.88	72.861
830.06	73.062
830.25	72.319
830.43	72.957
830.61	72.127
830.79	72.042
830.97	72.528
831.16	72.653
831.34	72.830
831.52	72.657
831.70	71.972
831.89	72.874
832.07	72.339
832.25	72.534
832.43	73.222
832.61	72.526
832.80	72.185
832.98	73.219
833.16	73.163
833.34	72.824
833.52	72.892
833.70	72.519
833.89	72.356
834.07	72.756
834.25	72.868
834.43	72.614
834.61	72.589
834.80	72.381
834.98	72.311
835.16	72.851
835.34	72.816
835.52	73.212
835.70	72.126
835.89	72.653
836.07	72.042
836.25	72.592
836.43	73.108
836.61	73.274
836.79	73.003
836.97	72.491
837.16	72.847
837.34	73.291
837.52	72.323
837.70	73.343
837.88	71.824
838.06	72.290
838.24	72.514
838.43	72.894
838.61	72.637
838.79	72.510
838.97	72.185
839.15	72.618
839.33	72.556
839.51	73.234
839.70	73.458
839.88	73.494
840.06	72.342
840.24	73.210
840.42	72.956
840.60	72.763
840.78	72.483
840.96	72.623
841.14	72.602
841.33	72.825
841.51	73.249
841.69	72.972
841.87	73.472
842.05	72.781
842.23	72.332
842.41	73.203
842.59	72.956
842.77	73.126
842.95	72.815
843.14	73.108
843.32	73.062
843.50	73.124
843.68	72.797
843.86	73.147
844.04	72.373
844.22	72.224
844.40	72.661
844.58	72.709
844.76	73.180
844.94	72.927
845.12	73.001
845.30	72.913
845.49	72.865
845.67	73.317
845.85	73.097
846.03	73.009
846.21	72.732
846.39	72.690
846.57	72.857
846.75	72.786
846.93	73.457
847.11	73.018
847.29	73.018
847.47	72.678
847.65	72.330
847.83	72.804
848.01	72.924
848.19	73.189
848.37	72.750
848.55	73.087
848.73	73.317
848.91	73.932
849.09	72.848
849.27	72.716
849.46	72.898
849.64	73.163
849.82	73.015
850.00	73.058
850.18	72.897
850.36	72.679
850.54	73.096
850.72	72.736
850.90	72.705
851.08	73.017
851.26	73.186
851.44	72.656
851.62	72.959
851.80	72.858
851.98	72.893
852.16	73.013
852.34	72.813
852.52	72.692
852.70	73.061
852.88	73.044
853.06	73.222
853.24	72.820
853.42	72.677
853.60	73.067
853.78	72.590
853.96	73.011
854.14	72.742
854.31	73.541
854.49	72.762
854.67	72.940
854.85	72.196
855.03	72.745
855.21	73.515
855.39	72.740
855.57	73.013
855.75	73.361
855.93	72.644
856.11	73.502
856.29	72.236
856.47	73.110
856.65	73.626
856.83	73.383
857.01	73.652
857.19	72.967
857.37	73.708
857.55	72.989
857.73	73.889
857.91	73.412
858.09	73.094
858.26	73.459
858.44	73.154
858.62	73.545
858.80	73.047
858.98	73.263
859.16	73.708
859.34	73.845
859.52	73.427
859.70	73.176
859.88	72.727
860.06	72.056
860.24	73.419
860.42	72.922
860.59	72.926
860.77	72.726
860.95	72.820
861.13	72.899
861.31	72.752
861.49	73.238
861.67	72.854
861.85	73.258
862.03	72.772
862.21	73.188
862.38	72.741
862.56	73.125
862.74	72.660
862.92	73.307
863.10	72.771
863.28	73.561
863.46	72.873
863.64	73.838
863.82	72.923
863.99	73.308
864.17	73.496
864.35	73.154
864.53	72.790
864.71	73.365
864.89	73.318
865.07	73.677
865.24	73.628
865.42	73.339
865.60	73.671
865.78	73.615
865.96	72.950
866.14	72.892
866.32	73.916
866.49	73.080
866.67	73.955
866.85	72.416
867.03	72.929
867.21	72.851
867.39	71.921
867.56	72.591
867.74	72.922
867.92	73.791
868.10	73.596
868.28	72.629
868.46	72.672
868.63	73.077
868.81	72.992
868.99	72.541
869.17	73.182
869.35	72.417
869.53	72.760
869.70	73.390
869.88	73.179
870.06	73.813
870.24	72.782
870.42	73.540
870.59	72.798
870.77	72.838
870.95	72.805
871.13	72.938
871.31	73.949
871.48	72.669
871.66	73.613
871.84	73.349
872.02	73.847
872.20	73.179
872.37	73.087
872.55	73.525
872.73	72.493
872.91	72.598
873.08	73.078
873.26	72.525
873.44	73.430
873.62	73.686
873.80	74.280
873.97	73.039
874.15	72.756
874.33	73.905
874.51	73.449
874.68	73.051
874.86	73.425
875.04	73.239
875.22	72.555
875.39	72.220
875.57	72.908
875.75	72.978
875.93	73.486
876.10	73.194
876.28	73.141
876.46	73.025
876.64	73.221
876.81	73.143
876.99	73.319
877.17	72.843
877.35	73.098
877.52	73.573
877.70	73.500
877.88	73.450
878.06	72.788
878.23	73.260
878.41	73.152
878.59	73.306
878.76	72.836
878.94	73.160
879.12	73.027
879.30	72.938
879.47	73.769
879.65	73.156
879.83	72.967
880.00	72.584
880.18	73.376
880.36	73.452
880.53	73.534
880.71	73.278
880.89	73.265
881.07	73.003
881.24	73.159
881.42	73.831
881.60	72.933
881.77	74.094
881.95	73.190
882.13	73.557
882.30	73.166
882.48	74.076
882.66	73.520
882.83	73.513
883.01	74.317
883.19	73.122
883.36	73.406
883.54	74.333
883.72	73.285
883.89	73.960
884.07	73.580
884.25	73.406
884.42	73.827
884.60	73.585
884.78	73.706
884.95	73.958
885.13	73.555
885.31	72.843
885.48	74.071
885.66	73.642
885.84	74.551
886.01	73.945
886.19	73.612
886.36	73.328
886.54	73.729
886.72	73.198
886.89	72.933
887.07	73.659
887.25	73.894
887.42	73.533
887.60	73.147
887.78	74.156
887.95	73.752
888.13	74.287
888.30	72.882
888.48	74.204
888.66	74.334
888.83	73.796
889.01	74.124
889.18	73.414
889.36	73.150
889.54	73.599
889.71	73.431
889.89	73.955
890.06	74.009
890.24	72.737
890.42	73.550
890.59	73.585
890.77	73.564
890.94	73.552
891.12	74.497
891.30	73.086
891.47	73.236
891.65	73.679
891.82	73.530
892.00	73.424
892.17	73.234
892.35	73.845
892.53	73.179
892.70	74.147
892.88	73.201
893.05	73.329
893.23	73.218
893.40	73.352
893.58	73.467
893.75	74.201
893.93	73.588
894.11	73.451
894.28	73.742
894.46	73.627
894.63	74.102
894.81	73.393
894.98	73.745
895.16	73.157
895.33	73.558
895.51	73.671
895.68	73.567
895.86	72.417
896.04	73.991
896.21	73.699
896.39	72.926
896.56	72.799
896.74	72.861
896.91	73.555
897.09	73.667
897.26	72.703
897.44	73.525
897.61	73.381
897.79	73.314
897.96	73.307
898.14	73.269
898.31	74.532
898.49	73.492
898.66	73.765
898.84	73.648
899.01	73.056
899.19	73.165
899.36	73.771
899.54	73.293
899.71	73.639
899.89	74.089
900.06	72.588
900.24	73.247
900.41	73.421
900.59	73.659
900.76	74.081
900.94	73.419
901.11	72.982
901.29	74.109
901.46	73.913
901.63	73.085
901.81	73.219
901.98	74.037
902.16	73.742
902.33	73.183
902.51	73.075
902.68	74.177
902.86	74.295
903.03	73.520
903.21	73.032
903.38	73.174
903.56	73.974
903.73	74.531
903.90	73.126
904.08	73.235
904.25	74.072
904.43	72.888
904.60	73.242
904.78	74.135
904.95	74.269
905.12	74.487
905.30	73.802
905.47	74.437
905.65	73.415
905.82	73.216
906.00	73.663
906.17	73.636
906.34	73.160
906.52	74.063
906.69	73.236
906.87	73.029
907.04	73.812
907.21	73.965
907.39	73.697
907.56	73.325
907.74	73.787
907.91	74.168
908.08	74.251
908.26	74.490
908.43	73.381
908.61	73.663
908.78	73.759
908.95	74.459
909.13	74.256
909.30	73.517
909.48	73.002
909.65	74.570
909.82	73.508
910.00	74.136
910.17	74.362
910.34	73.704
910.52	74.158
910.69	73.425
910.87	73.730
911.04	73.460
911.21	73.941
911.39	73.292
911.56	74.019
911.73	73.914
911.91	73.769
912.08	74.462
912.25	74.307
912.43	74.265
912.60	73.662
912.77	74.117
912.95	73.339
913.12	73.696
913.29	74.197
913.47	73.345
913.64	73.549
913.81	73.429
913.99	73.359
914.16	73.726
914.33	74.000
914.51	74.156
914.68	73.482
914.85	73.297
915.03	73.335
915.20	73.637
915.37	73.597
915.55	73.581
915.72	73.742
915.89	75.068
916.07	73.671
916.24	74.354
916.41	74.018
916.59	73.767
916.76	73.506
916.93	74.763
917.10	73.124
917.28	74.456
917.45	73.543
917.62	74.044
917.80	73.790
917.97	73.888
918.14	74.331
918.31	73.524
918.49	73.696
918.66	73.841
918.83	74.514
919.01	74.385
919.18	73.976
919.35	74.254
919.52	73.916
919.70	74.216
919.87	74.480
920.04	74.580
920.21	73.432
920.39	73.632
920.56	74.926
920.73	73.005
920.90	73.165
921.08	73.043
921.25	73.765
921.42	73.630
921.59	73.534
921.77	73.426
921.94	72.515
922.11	74.285
922.28	74.015
922.46	72.985
922.63	74.329
922.80	74.397
922.97	73.721
923.15	74.670
923.32	72.852
923.49	74.534
923.66	73.542
923.83	74.624
924.01	73.865
924.18	73.598
924.35	74.051
924.52	73.685
924.69	74.466
924.87	73.377
925.04	73.898
925.21	74.298
925.38	74.915
925.55	74.494
925.73	74.542
925.90	73.459
926.07	74.438
926.24	73.916
926.41	74.184
926.59	73.330
926.76	73.336
926.93	74.578
927.10	73.738
927.27	74.620
927.45	73.990
927.62	73.802
927.79	74.698
927.96	73.711
928.13	72.989
928.30	74.544
928.48	74.650
928.65	74.568
928.82	73.921
928.99	73.925
929.16	74.545
929.33	74.341
929.50	74.293
929.68	72.962
929.85	74.355
930.02	73.604
930.19	73.025
930.36	73.952
930.53	73.760
930.70	74.045
930.88	74.122
931.05	74.399
931.22	73.969
931.39	75.021
931.56	73.484
931.73	74.713
931.90	74.234
932.08	73.362
932.25	74.367
932.42	74.898
932.59	73.283
932.76	74.449
932.93	74.299
933.10	72.543
933.27	73.828
933.44	72.948
933.62	74.715
933.79	74.215
933.96	74.002
934.13	73.027
934.30	73.921
934.47	73.801
934.64	73.278
934.81	73.236
934.98	71.692
935.15	74.540
935.32	74.541
935.50	73.839
935.67	73.368
935.84	73.483
936.01	75.469
936.18	74.039
936.35	73.457
936.52	72.723
936.69	73.940
936.86	73.662
937.03	75.695
937.20	73.003
937.37	74.250
937.54	74.261
937.71	74.173
937.89	75.840
938.06	74.736
938.23	74.590
938.40	74.001
938.57	74.467
938.74	72.190
938.91	74.987
939.08	77.187
939.25	74.527
939.42	75.595
939.59	73.953
939.76	74.612
939.93	73.063
940.10	73.820
940.27	73.922
940.44	72.041
940.61	74.937
940.78	73.641
940.95	73.782
941.12	74.106
941.29	72.824
941.46	75.096
941.63	71.626
941.80	75.955
941.97	73.054
942.14	73.367
942.31	77.044
942.48	74.118
942.65	77.085
942.82	71.482
942.99	73.564
943.16	71.508
943.33	75.855
943.50	72.637
943.67	73.095
943.84	72.752
944.01	75.672
944.18	74.163
944.35	73.928
944.52	72.712
944.69	73.340
944.86	74.537
945.03	71.941
945.20	72.403
945.37	75.380
945.54	74.013
945.71	73.639
945.88	73.253
946.05	73.721
946.22	74.648
946.39	74.792
946.56	72.852
946.73	73.756
946.90	72.351
947.07	74.932
947.23	73.313
947.40	77.947
947.57	73.839
947.74	73.847
947.91	71.751
948.08	74.610
948.25	74.114
948.42	73.265
948.59	73.856
948.76	71.747
948.93	73.216
949.10	72.268
949.27	72.092
949.44	73.157
949.60	76.883
949.77	73.084
949.94	73.386
950.11	71.748
950.28	73.730
950.45	73.887
950.62	72.356
950.79	74.775
950.96	74.412
951.13	75.106
951.30	71.181
951.46	70.445
951.63	74.258
951.80	73.087
951.97	71.521
952.14	74.682
952.31	72.935
952.48	73.228
952.65	74.565
952.81	71.043
952.98	71.724
953.15	74.215
953.32	75.625
953.49	72.612
953.66	73.383
953.83	72.683
954.00	72.811
954.16	73.199
954.33	72.637
954.50	72.277
954.67	74.145
954.84	71.726
955.01	72.508
955.18	72.608
955.34	72.991
955.51	73.439
955.68	73.741
955.85	72.249
956.02	70.972
956.19	73.391
956.35	73.592
956.52	73.407
956.69	73.720
956.86	73.049
957.03	72.194
957.20	71.914
957.36	72.466
957.53	70.738
957.70	74.248
957.87	72.690
958.04	72.780
958.21	72.440
958.37	73.729
958.54	71.824
958.71	72.440
958.88	72.278
959.05	71.792
959.21	72.784
959.38	72.343
959.55	74.602
959.72	73.619
959.89	72.407
960.05	74.145
960.22	71.082
960.39	74.912
960.56	71.063
960.72	72.270
960.89	73.331
961.06	73.852
961.23	73.693
961.40	73.129
961.56	73.328
961.73	73.981
961.90	72.105
962.07	73.213
962.23	73.176
962.40	74.430
962.57	74.168
962.74	72.985
962.90	73.921
963.07	72.781
963.24	71.679
963.41	72.664
963.57	74.460
963.74	72.068
963.91	71.545
964.08	71.903
964.24	72.280
964.41	73.038
964.58	72.541
964.75	71.769
964.91	74.187
965.08	72.534
965.25	72.279
965.42	74.427
965.58	72.305
965.75	73.218
965.92	72.317
966.08	71.788
966.25	72.756
966.42	73.190
966.59	71.883
966.75	72.756
966.92	72.983
967.09	70.189
967.25	74.474
967.42	72.523
967.59	71.328
967.75	73.687
967.92	73.912
968.09	71.601
968.26	73.577
968.42	71.627
968.59	75.675
968.76	74.576
968.92	72.211
969.09	71.993
969.26	73.357
969.42	72.974
969.59	72.756
969.76	73.548
969.92	74.309
970.09	74.382
970.26	72.538
970.42	73.973
970.59	71.885
970.76	72.571
970.92	73.596
971.09	73.149
971.26	73.868
971.42	71.676
971.59	73.173
971.76	75.366
971.92	74.340
972.09	74.772
972.25	72.598
972.42	71.332
972.59	74.305
972.75	74.391
972.92	72.460
973.09	73.169
973.25	72.823
973.42	73.235
973.58	73.443
973.75	75.012
973.92	71.711
974.08	70.499
974.25	75.365
974.42	72.961
974.58	72.789
974.75	73.110
974.91	73.687
975.08	72.954
975.25	73.526
975.41	72.808
975.58	73.378
975.74	74.270
975.91	74.515
976.08	73.351
976.24	71.453
976.41	72.680
976.57	74.847
976.74	73.294
976.91	72.898
977.07	73.091
977.24	73.463
977.40	73.087
977.57	72.175
977.73	73.652
977.90	73.733
978.07	74.261
978.23	73.545
978.40	74.378
978.56	73.519
978.73	74.509
978.89	72.956
979.06	73.192
979.22	74.015
979.39	74.642
979.56	73.415
979.72	73.290
979.89	75.003
980.05	73.495
980.22	73.158
980.38	73.163
980.55	72.998
980.71	72.845
980.88	71.905
981.04	74.602
981.21	72.945
981.37	73.078
981.54	73.218
981.70	74.074
981.87	74.690
982.04	71.937
982.20	73.834
982.37	75.771
982.53	73.635
982.70	73.390
982.86	73.627
983.03	74.691
983.19	73.686
983.36	72.304
983.52	73.549
983.69	71.025
983.85	72.595
984.02	71.774
984.18	73.929
984.35	73.890
984.51	72.977
984.68	74.208
984.84	72.430
985.00	74.360
985.17	73.155
985.33	73.378
985.50	73.423
985.66	73.769
985.83	73.579
985.99	72.371
986.16	74.244
986.32	74.065
986.49	74.215
986.65	72.140
986.82	73.591
986.98	74.654
987.15	73.881
987.31	73.161
987.47	72.148
987.64	72.858
987.80	72.567
987.97	74.773
988.13	75.417
988.30	76.073
988.46	72.607
988.63	74.836
988.79	71.989
988.95	75.242
989.12	74.198
989.28	71.248
989.45	75.244
989.61	74.171
989.77	75.383
989.94	72.318
990.10	73.916
990.27	73.145
990.43	74.097
990.60	72.470
990.76	72.401
990.92	73.217
991.09	72.562
991.25	73.894
991.42	73.167
991.58	74.765
991.74	71.676
991.91	75.902
992.07	74.159
992.24	74.428
992.40	73.885
992.56	74.165
992.73	73.741
992.89	72.156
993.05	72.766
993.22	72.097
993.38	73.893
993.55	75.009
993.71	73.221
993.87	77.246
994.04	73.989
994.20	73.234
994.36	74.235
994.53	71.855
994.69	75.274
994.85	71.582
995.02	72.265
995.18	73.027
995.34	71.631
995.51	73.929
995.67	74.394
995.84	73.616
996.00	76.444
996.16	73.543
996.33	74.448
996.49	76.348
996.65	75.762
996.82	74.533
996.98	74.685
997.14	73.104
997.31	74.356
997.47	75.506
997.63	72.166
997.79	76.859
997.96	72.526
998.12	73.777
998.28	75.404
998.45	76.194
998.61	73.556
998.77	73.368
998.94	72.913
999.10	74.066
999.26	75.084
999.43	71.762
999.59	73.832
999.75	72.733
999.91	74.218
1000.08	72.472
1000.24	72.140
1000.40	72.898
1000.57	72.958
1000.73	73.739
1000.89	71.981
1001.05	73.378
1001.22	74.712
1001.38	75.209
1001.54	75.619
1001.70	72.240
1001.87	75.081
1002.03	74.924
1002.19	72.642
1002.35	73.325
1002.52	74.059
1002.68	72.843
1002.84	71.948
1003.00	73.012
1003.17	73.638
1003.33	73.922
1003.49	74.482
1003.65	72.089
1003.82	72.913
1003.98	77.097
1004.14	73.382
1004.30	75.261
1004.47	73.578
1004.63	69.131
1004.79	79.294
1004.95	71.436
1005.11	77.324
1005.28	75.411
1005.44	75.521
1005.60	73.843
1005.76	72.262
1005.93	76.342
1006.09	77.633
1006.25	76.730
1006.41	75.318
1006.57	72.021
1006.74	72.897
1006.90	73.937
1007.06	75.736
1007.22	69.897
1007.38	73.648
1007.55	74.779
1007.71	72.250
1007.87	75.249
1008.03	73.158
1008.19	70.918
1008.35	73.147
1008.52	74.271
1008.68	73.940
1008.84	74.115
1009.00	74.498
1009.16	73.914
1009.32	77.198
1009.49	74.238
1009.65	75.477
1009.81	73.341
1009.97	72.772
1010.13	74.947
1010.29	79.864
1010.46	75.433
1010.62	75.286
1010.78	71.464
1010.94	71.188
1011.10	74.187
1011.26	71.184
1011.42	74.606
1011.59	70.175
1011.75	75.377
1011.91	75.757
1012.07	77.211
1012.23	74.680
1012.39	73.408
1012.55	77.396
1012.71	75.208
1012.88	74.484
1013.04	71.447
1013.20	77.662
1013.36	73.650
1013.52	73.924
1013.68	77.419
1013.84	75.528
1014.00	72.326
1014.16	73.915
1014.33	74.398
1014.49	73.746
1014.65	75.923
1014.81	72.953
1014.97	73.786
1015.13	77.303
1015.29	70.355
1015.45	75.734
1015.61	73.046
1015.77	78.005
1015.93	73.812
1016.09	79.325
1016.26	74.607
1016.42	74.236
1016.58	73.279
1016.74	70.670
1016.90	73.167
1017.06	74.228
1017.22	80.468
1017.38	71.956
1017.54	73.998
1017.70	72.491
1017.86	74.158
1018.02	74.330
1018.18	78.779
1018.34	73.732
1018.50	82.858
1018.66	74.460
1018.82	74.959
1018.98	73.033
1019.14	70.044
1019.31	72.189
1019.47	76.767
1019.63	74.628
1019.79	73.928
1019.95	78.874
1020.11	71.446
1020.27	77.897
1020.43	74.077
1020.59	77.965
1020.75	72.129
1020.91	70.919
1021.07	77.326
1021.23	74.270
1021.39	74.682
1021.55	74.616
1021.71	73.901
1021.87	74.679
1022.03	67.477
1022.19	68.310
1022.35	70.569
1022.51	73.899
1022.67	76.915
1022.83	80.919
1022.99	80.193
1023.15	70.320
1023.31	72.906
1023.47	76.301
1023.63	69.681
1023.79	74.689
1023.95	71.828
1024.10	75.165
1024.26	68.938
1024.42	72.442
1024.58	68.699
1024.74	74.806
1024.90	74.465
1025.06	78.528
1025.22	73.362
1025.38	79.383
1025.54	73.400
1025.70	74.573
1025.86	79.128
1026.02	80.093
1026.18	67.113
1026.34	78.697
1026.50	66.233
1026.66	78.148
1026.82	76.196
1026.98	75.842
1027.13	73.267
1027.29	75.320
1027.45	76.261
1027.61	72.340
1027.77	75.443
1027.93	77.683
1028.09	73.864
1028.25	75.621
1028.41	74.861
1028.57	80.628
1028.73	73.361
1028.88	71.385
1029.04	77.925
1029.20	73.755
1029.36	75.566
1029.52	74.967
1029.68	80.713
1029.84	81.955
1030.00	79.487
1030.16	72.837
1030.32	78.591
1030.47	74.880
1030.63	68.603
1030.79	77.474
1030.95	73.374
1031.11	74.464
1031.27	79.068
1031.43	78.803
1031.59	72.044
1031.74	74.931
1031.90	70.685
1032.06	82.435
1032.22	84.975
1032.38	75.264
1032.54	71.111
1032.69	77.472
1032.85	72.222
1033.01	75.597
1033.17	69.540
1033.33	74.534
1033.49	65.753
1033.65	78.906
1033.80	76.959
1033.96	65.390
1034.12	64.962
1034.28	74.394
1034.44	75.512
1034.60	78.212
1034.75	73.565
1034.91	81.959
1035.07	83.889
1035.23	66.855
1035.39	81.039
1035.54	70.758
1035.70	67.249
1035.86	74.217
1036.02	79.182
1036.18	65.835
1036.33	78.741
1036.49	70.993
1036.65	65.903
1036.81	69.991
1036.97	76.145
1037.12	80.286
1037.28	65.652
1037.44	70.461
1037.60	77.836
1037.76	73.119
1037.91	78.579
1038.07	70.829
1038.23	59.874
1038.39	74.817
1038.54	71.241
1038.70	81.078
1038.86	73.316
1039.02	67.079
1039.17	72.000
1039.33	66.013
1039.49	78.094
1039.65	60.870
1039.80	66.093
1039.96	76.044
1040.12	72.620
1040.28	78.479
>>>>> Data<<<<< Espectral Procesado Extremo
