Fichero De Datos De SpectraSuite
++++++++++++++++++++++++++++++++++++
Fecha: Mon Jun 29 07:59:39 CST 2026
Usuario: HP
Presente Oscuro Del Espectro: Sí
La Referencia de Presente Del Espectro De: Sí
Muestreados de los componentes de Número de espectros: 1
Espectrómetros: USB4H06056
Tiempo de integración (usec): 300000 (USB4H06056)
Promedio de Espectros Hechos un: 5 (USB4H06056)
El Alisar Del Furgón: 0 (USB4H06056)
Párrafo de de Corregir del la del del de Eléctrica del obscuridad: No (USB4H06056)
Estrobo/Lámpara Permitido: No (USB4H06056)
Correct for Detector Non-linearity: No (USB4H06056)
Párrafo de de Corregir del la del del de Externa del luz: No (USB4H06056)
Procesado del espectro de Número de pixeles en: 3648
>>>>> Comienza Data<<<<< Espectral Procesado Del EL
345.09	288.235
345.30	288.235
345.52	288.235
345.74	-176.596
345.95	57.447
346.17	205.556
346.39	-472.727
346.60	1000.000
346.82	354.167
347.04	-16.667
347.25	416.667
347.47	300.000
347.69	-790.000
347.90	-62.500
348.12	-188.889
348.34	-44.118
348.56	-193.103
348.77	380.645
348.99	322.727
349.21	254.054
349.42	77.215
349.64	710.000
349.86	201.316
350.07	95.758
350.29	227.536
350.51	181.739
350.72	189.697
350.94	226.471
351.16	129.167
351.37	203.390
351.59	-1400.000
351.81	309.524
352.02	194.915
352.24	115.578
352.46	138.710
352.67	120.000
352.89	261.062
353.10	147.273
353.32	214.118
353.54	118.557
353.75	140.566
353.97	162.987
354.19	109.412
354.40	272.093
354.62	121.519
354.84	137.681
355.05	125.316
355.27	200.000
355.49	100.725
355.70	88.550
355.92	670.968
356.14	240.476
356.35	311.236
356.57	210.843
356.78	116.201
357.00	218.692
357.22	176.923
357.43	76.863
357.65	123.669
357.87	208.543
358.08	53.975
358.30	115.306
358.51	177.500
358.73	123.494
358.95	172.050
359.16	130.270
359.38	136.000
359.60	162.821
359.81	103.077
360.03	117.895
360.24	288.889
360.46	205.682
360.68	204.000
360.89	117.112
361.11	178.767
361.33	811.538
361.54	232.308
361.76	120.245
361.97	111.443
362.19	192.308
362.41	136.800
362.62	132.796
362.84	687.500
363.05	268.333
363.27	256.923
363.49	134.091
363.70	430.952
363.92	102.262
364.13	185.600
364.35	47.183
364.57	116.605
364.78	143.005
365.00	148.058
365.21	93.318
365.43	325.000
365.65	159.903
365.86	162.963
366.08	143.023
366.29	911.628
366.51	643.750
366.73	207.042
366.94	196.721
367.16	197.778
367.37	135.743
367.59	201.227
367.80	125.352
368.02	179.651
368.24	128.571
368.45	136.052
368.67	141.702
368.88	145.106
369.10	118.800
369.31	187.248
369.53	141.860
369.75	116.601
369.96	117.895
370.18	166.489
370.39	220.000
370.61	166.216
370.82	191.960
371.04	246.154
371.26	319.481
371.47	130.093
371.69	257.391
371.90	206.289
372.12	158.333
372.33	99.020
372.55	207.273
372.76	248.276
372.98	108.772
373.20	114.943
373.41	172.772
373.63	388.776
373.84	304.348
374.06	158.235
374.27	199.315
374.49	140.794
374.70	156.303
374.92	159.414
375.13	231.677
375.35	151.948
375.57	214.151
375.78	138.462
376.00	150.847
376.21	124.921
376.43	213.953
376.64	145.652
376.86	181.068
377.07	190.667
377.29	142.379
377.50	173.756
377.72	200.772
377.93	172.901
378.15	224.161
378.36	178.968
378.58	190.308
378.80	175.113
379.01	242.759
379.23	256.000
379.44	161.667
379.66	278.142
379.87	234.483
380.09	165.732
380.30	197.692
380.52	170.124
380.73	137.755
380.95	178.302
381.16	166.031
381.38	128.470
381.59	147.712
381.81	141.581
382.02	283.333
382.24	189.474
382.45	336.220
382.67	127.273
382.88	163.342
383.10	220.866
383.31	183.333
383.53	343.114
383.74	224.309
383.96	132.687
384.17	175.862
384.39	102.849
384.60	217.110
384.82	208.679
385.03	125.661
385.25	110.026
385.46	161.905
385.68	141.834
385.89	205.667
386.11	147.590
386.32	195.339
386.54	167.164
386.75	196.012
386.97	148.276
387.18	203.704
387.40	206.985
387.61	163.158
387.83	143.467
388.04	128.895
388.25	263.111
388.47	182.012
388.68	209.286
388.90	144.755
389.11	191.987
389.33	185.921
389.54	195.000
389.76	197.742
389.97	178.730
390.19	142.895
390.40	182.624
390.62	161.654
390.83	146.341
391.05	182.940
391.26	175.000
391.47	144.570
391.69	191.789
391.90	162.429
392.12	149.111
392.33	146.190
392.55	185.196
392.76	161.605
392.98	157.880
393.19	216.735
393.41	144.864
393.62	173.003
393.83	168.373
394.05	197.304
394.26	184.225
394.48	201.362
394.69	154.339
394.91	225.704
395.12	149.395
395.34	117.035
395.55	181.627
395.76	162.077
395.98	162.806
396.19	170.023
396.41	202.319
396.62	164.795
396.84	172.209
397.05	154.687
397.26	209.366
397.48	232.550
397.69	171.429
397.91	203.210
398.12	174.286
398.33	163.730
398.55	145.977
398.76	130.612
398.98	163.717
399.19	208.479
399.41	170.913
399.62	153.333
399.83	221.728
400.05	152.841
400.26	176.667
400.48	132.803
400.69	151.845
400.90	158.766
401.12	188.889
401.33	142.857
401.55	175.101
401.76	157.739
401.97	149.732
402.19	183.656
402.40	169.344
402.62	150.080
402.83	180.178
403.04	151.450
403.26	147.333
403.47	164.766
403.69	172.875
403.90	150.231
404.11	151.659
404.33	147.001
404.54	147.947
404.76	150.780
404.97	164.751
405.18	144.183
405.40	161.574
405.61	151.365
405.83	156.406
406.04	151.402
406.25	158.123
406.47	148.198
406.68	135.111
406.89	153.997
407.11	157.282
407.32	157.362
407.54	158.015
407.75	138.204
407.96	155.897
408.18	120.889
408.39	119.425
408.60	146.122
408.82	132.812
409.03	164.681
409.24	137.323
409.46	136.052
409.67	147.862
409.89	113.065
410.10	132.555
410.31	132.090
410.53	142.532
410.74	129.348
410.95	133.666
411.17	125.484
411.38	114.867
411.59	109.091
411.81	124.585
412.02	121.881
412.23	114.025
412.45	109.215
412.66	111.770
412.87	111.482
413.09	106.577
413.30	97.852
413.51	124.402
413.73	104.645
413.94	113.825
414.15	115.079
414.37	104.946
414.58	106.551
414.79	106.853
415.01	101.079
415.22	96.931
415.43	100.000
415.65	88.819
415.86	100.369
416.07	88.509
416.29	97.935
416.50	89.129
416.71	81.807
416.93	84.045
417.14	88.412
417.35	88.634
417.57	83.000
417.78	83.538
417.99	86.451
418.21	80.703
418.42	67.562
418.63	78.568
418.85	89.646
419.06	75.160
419.27	74.961
419.48	75.681
419.70	74.158
419.91	69.602
420.12	71.567
420.34	69.066
420.55	68.923
420.76	66.889
420.98	66.870
421.19	60.913
421.40	64.540
421.61	62.269
421.83	60.919
422.04	63.906
422.25	63.547
422.47	57.544
422.68	55.379
422.89	58.663
423.11	59.484
423.32	59.128
423.53	54.865
423.74	54.989
423.96	53.035
424.17	55.367
424.38	58.407
424.59	53.722
424.81	55.275
425.02	52.770
425.23	50.978
425.45	51.325
425.66	51.228
425.87	49.073
426.08	52.157
426.30	49.540
426.51	49.677
426.72	46.812
426.93	49.923
427.15	47.300
427.36	49.821
427.57	47.699
427.79	48.394
428.00	50.175
428.21	35.954
428.42	47.077
428.64	46.630
428.85	46.150
429.06	47.750
429.27	45.144
429.49	44.536
429.70	46.047
429.91	45.032
430.12	46.962
430.34	45.221
430.55	41.248
430.76	45.561
430.97	43.630
431.19	41.049
431.40	44.090
431.61	44.852
431.82	43.965
432.03	44.381
432.25	42.096
432.46	44.771
432.67	41.812
432.88	43.835
433.10	41.584
433.31	41.941
433.52	41.296
433.73	43.896
433.95	42.398
434.16	42.811
434.37	41.977
434.58	41.526
434.79	42.361
435.01	41.160
435.22	39.130
435.43	43.030
435.64	42.909
435.86	42.598
436.07	41.860
436.28	40.388
436.49	39.738
436.70	40.916
436.92	41.135
437.13	42.204
437.34	41.404
437.55	39.824
437.76	39.020
437.98	39.830
438.19	40.345
438.40	41.282
438.61	40.192
438.82	40.391
439.04	40.202
439.25	39.597
439.46	39.482
439.67	40.897
439.88	40.630
440.10	38.744
440.31	40.535
440.52	41.797
440.73	43.056
440.94	39.306
441.16	38.665
441.37	39.735
441.58	39.120
441.79	39.547
442.00	39.912
442.21	39.978
442.43	39.267
442.64	39.516
442.85	39.910
443.06	39.105
443.27	39.961
443.48	38.041
443.70	41.257
443.91	39.293
444.12	38.945
444.33	39.657
444.54	38.468
444.75	38.770
444.97	38.239
445.18	38.890
445.39	39.593
445.60	39.373
445.81	39.892
446.02	38.314
446.24	39.881
446.45	40.222
446.66	38.242
446.87	39.700
447.08	39.565
447.29	39.391
447.51	39.113
447.72	39.092
447.93	39.825
448.14	38.282
448.35	36.985
448.56	38.429
448.77	39.318
448.99	40.513
449.20	39.947
449.41	38.215
449.62	40.031
449.83	38.668
450.04	39.139
450.25	39.583
450.46	38.663
450.68	38.696
450.89	38.862
451.10	39.762
451.31	39.488
451.52	39.620
451.73	40.480
451.94	40.492
452.15	40.162
452.37	39.487
452.58	39.591
452.79	40.495
453.00	39.629
453.21	39.213
453.42	39.856
453.63	38.978
453.84	42.121
454.06	39.488
454.27	40.221
454.48	40.821
454.69	41.593
454.90	40.585
455.11	40.183
455.32	39.451
455.53	41.107
455.74	39.990
455.95	40.761
456.17	42.028
456.38	40.353
456.59	41.384
456.80	40.909
457.01	41.529
457.22	41.405
457.43	40.890
457.64	39.936
457.85	39.057
458.06	40.584
458.27	40.283
458.49	41.275
458.70	40.398
458.91	41.364
459.12	40.589
459.33	41.391
459.54	41.361
459.75	41.903
459.96	40.087
460.17	40.753
460.38	39.998
460.59	42.077
460.80	41.618
461.01	42.201
461.23	42.196
461.44	41.258
461.65	40.585
461.86	39.668
462.07	41.272
462.28	41.605
462.49	40.860
462.70	39.824
462.91	40.665
463.12	42.150
463.33	42.007
463.54	40.684
463.75	40.841
463.96	42.368
464.17	41.242
464.38	40.256
464.59	41.314
464.81	41.546
465.02	41.458
465.23	40.658
465.44	42.351
465.65	42.171
465.86	41.129
466.07	41.860
466.28	41.399
466.49	41.865
466.70	41.133
466.91	39.562
467.12	40.983
467.33	42.338
467.54	41.796
467.75	41.274
467.96	40.328
468.17	41.754
468.38	41.177
468.59	42.217
468.80	42.029
469.01	41.326
469.22	41.339
469.43	41.608
469.64	42.618
469.85	41.088
470.06	41.932
470.27	41.379
470.48	42.127
470.69	40.647
470.90	41.610
471.11	41.117
471.32	41.247
471.53	41.339
471.74	42.442
471.95	42.259
472.16	42.324
472.37	41.536
472.58	41.923
472.79	41.687
473.00	40.316
473.21	42.177
473.42	41.042
473.63	40.747
473.84	41.277
474.05	41.431
474.26	41.809
474.47	41.159
474.68	41.983
474.89	42.006
475.10	41.481
475.31	42.594
475.52	40.994
475.73	41.619
475.94	42.209
476.15	41.862
476.36	42.240
476.57	41.369
476.78	41.970
476.99	42.669
477.20	42.504
477.41	41.362
477.62	41.248
477.83	42.743
478.04	41.555
478.25	41.386
478.46	42.292
478.67	41.180
478.88	41.913
479.09	41.960
479.30	41.267
479.51	41.755
479.72	42.583
479.93	42.212
480.14	41.657
480.35	41.683
480.56	42.657
480.77	42.441
480.98	42.582
481.18	42.726
481.39	42.339
481.60	41.827
481.81	42.611
482.02	41.564
482.23	42.005
482.44	42.236
482.65	41.322
482.86	41.936
483.07	41.781
483.28	41.709
483.49	42.405
483.70	42.329
483.91	42.870
484.12	42.402
484.33	42.350
484.53	42.390
484.74	42.367
484.95	42.603
485.16	42.297
485.37	41.400
485.58	42.780
485.79	42.018
486.00	41.971
486.21	42.307
486.42	42.368
486.63	42.897
486.84	41.889
487.05	42.244
487.25	43.156
487.46	42.216
487.67	42.591
487.88	42.385
488.09	42.858
488.30	42.284
488.51	42.288
488.72	42.205
488.93	41.561
489.14	42.387
489.35	42.712
489.55	42.053
489.76	42.738
489.97	42.759
490.18	42.100
490.39	42.439
490.60	42.773
490.81	43.067
491.02	42.074
491.23	42.246
491.43	42.478
491.64	42.781
491.85	42.544
492.06	42.717
492.27	42.862
492.48	42.533
492.69	43.171
492.90	42.169
493.11	42.533
493.31	42.598
493.52	42.463
493.73	42.982
493.94	43.052
494.15	42.364
494.36	42.891
494.57	42.425
494.78	43.464
494.98	42.989
495.19	43.107
495.40	42.864
495.61	42.448
495.82	42.916
496.03	42.414
496.24	42.456
496.44	42.887
496.65	43.422
496.86	43.123
497.07	42.895
497.28	43.070
497.49	42.777
497.70	42.752
497.90	42.863
498.11	43.140
498.32	43.211
498.53	43.663
498.74	43.087
498.95	43.455
499.15	43.065
499.36	43.042
499.57	43.102
499.78	43.668
499.99	43.810
500.20	43.024
500.40	43.526
500.61	43.481
500.82	42.862
501.03	43.579
501.24	43.176
501.45	43.826
501.65	43.569
501.86	42.688
502.07	42.820
502.28	43.232
502.49	43.620
502.70	43.071
502.90	43.280
503.11	43.650
503.32	43.135
503.53	43.838
503.74	43.610
503.94	43.277
504.15	43.480
504.36	43.670
504.57	43.816
504.78	43.676
504.98	43.316
505.19	43.345
505.40	44.327
505.61	43.689
505.82	43.765
506.02	43.804
506.23	44.065
506.44	44.042
506.65	43.775
506.86	43.950
507.06	44.143
507.27	44.196
507.48	44.146
507.69	43.911
507.90	43.787
508.10	44.329
508.31	44.354
508.52	44.171
508.73	44.328
508.94	44.321
509.14	44.069
509.35	44.390
509.56	44.821
509.77	44.186
509.97	44.438
510.18	44.591
510.39	44.154
510.60	44.129
510.80	44.858
511.01	45.091
511.22	44.885
511.43	45.217
511.64	44.775
511.84	45.440
512.05	45.417
512.26	44.975
512.47	45.095
512.67	44.951
512.88	45.347
513.09	45.729
513.30	45.567
513.50	45.681
513.71	45.621
513.92	45.656
514.13	45.642
514.33	45.522
514.54	45.831
514.75	46.015
514.96	46.094
515.16	45.823
515.37	46.251
515.58	45.851
515.78	46.440
515.99	46.412
516.20	46.384
516.41	46.542
516.61	46.524
516.82	46.466
517.03	46.357
517.24	47.112
517.44	47.230
517.65	47.100
517.86	46.630
518.07	47.558
518.27	47.548
518.48	47.564
518.69	47.302
518.89	47.868
519.10	48.252
519.31	47.929
519.52	47.740
519.72	48.407
519.93	47.779
520.14	48.129
520.34	48.110
520.55	48.371
520.76	48.429
520.96	48.607
521.17	49.278
521.38	48.738
521.59	48.571
521.79	48.969
522.00	49.212
522.21	49.336
522.41	49.436
522.62	49.153
522.83	49.917
523.03	49.914
523.24	49.526
523.45	49.536
523.66	50.101
523.86	50.239
524.07	50.374
524.28	50.284
524.48	50.549
524.69	50.651
524.90	50.916
525.10	51.115
525.31	50.749
525.52	51.375
525.72	51.293
525.93	51.326
526.14	51.552
526.34	51.715
526.55	51.360
526.76	51.668
526.96	52.194
527.17	51.954
527.38	52.160
527.58	52.189
527.79	52.172
528.00	52.371
528.20	52.493
528.41	53.087
528.62	53.002
528.82	53.692
529.03	53.564
529.24	53.598
529.44	53.351
529.65	53.536
529.85	53.670
530.06	53.926
530.27	54.117
530.47	54.017
530.68	54.099
530.89	54.715
531.09	53.923
531.30	54.316
531.51	54.942
531.71	54.449
531.92	55.124
532.13	54.992
532.33	54.956
532.54	55.273
532.74	54.858
532.95	55.186
533.16	55.916
533.36	55.484
533.57	55.678
533.78	55.324
533.98	56.053
534.19	55.729
534.39	55.925
534.60	56.196
534.81	55.966
535.01	56.344
535.22	56.464
535.42	56.539
535.63	56.305
535.84	56.518
536.04	56.499
536.25	56.207
536.45	57.242
536.66	56.971
536.87	56.695
537.07	56.971
537.28	56.920
537.48	57.485
537.69	56.837
537.90	57.091
538.10	57.398
538.31	57.369
538.51	57.361
538.72	57.560
538.93	57.436
539.13	57.657
539.34	57.579
539.54	57.876
539.75	57.887
539.96	57.851
540.16	58.126
540.37	58.296
540.57	58.242
540.78	58.155
540.98	57.831
541.19	57.879
541.40	58.391
541.60	58.225
541.81	58.190
542.01	58.044
542.22	57.868
542.42	58.179
542.63	58.046
542.83	58.271
543.04	58.878
543.25	58.185
543.45	58.760
543.66	58.555
543.86	58.732
544.07	58.355
544.27	58.622
544.48	58.888
544.68	58.887
544.89	58.301
545.10	59.082
545.30	58.238
545.51	58.332
545.71	58.599
545.92	58.613
546.12	58.969
546.33	58.859
546.53	59.399
546.74	59.100
546.94	58.471
547.15	58.704
547.36	58.990
547.56	58.665
547.77	59.793
547.97	59.266
548.18	58.930
548.38	59.235
548.59	59.333
548.79	59.465
549.00	59.263
549.20	59.337
549.41	59.628
549.61	59.451
549.82	58.945
550.02	59.457
550.23	59.152
550.43	59.392
550.64	59.735
550.84	59.463
551.05	59.747
551.25	60.044
551.46	60.384
551.66	59.299
551.87	59.909
552.07	59.848
552.28	60.038
552.48	59.926
552.69	59.347
552.89	59.832
553.10	60.013
553.30	59.668
553.51	59.785
553.71	59.707
553.92	59.743
554.12	59.651
554.33	59.481
554.53	60.250
554.74	59.589
554.94	60.233
555.15	59.678
555.35	59.524
555.56	60.462
555.76	59.935
555.97	60.113
556.17	60.072
556.38	60.158
556.58	59.825
556.78	60.052
556.99	60.224
557.19	60.223
557.40	59.901
557.60	60.033
557.81	59.860
558.01	60.027
558.22	59.893
558.42	60.021
558.63	59.944
558.83	59.770
559.04	60.325
559.24	60.239
559.44	60.412
559.65	60.029
559.85	60.332
560.06	60.224
560.26	59.979
560.47	59.927
560.67	60.133
560.88	60.414
561.08	60.357
561.28	59.984
561.49	60.052
561.69	59.921
561.90	60.235
562.10	60.063
562.31	60.056
562.51	59.901
562.71	59.973
562.92	60.051
563.12	59.641
563.33	59.646
563.53	59.849
563.74	59.839
563.94	59.582
564.14	59.707
564.35	59.422
564.55	59.842
564.76	59.790
564.96	59.375
565.17	59.586
565.37	60.198
565.57	59.375
565.78	59.946
565.98	59.501
566.19	59.552
566.39	59.714
566.59	59.278
566.80	59.330
567.00	59.114
567.21	59.086
567.41	58.762
567.61	59.099
567.82	58.964
568.02	58.798
568.23	58.711
568.43	58.510
568.63	58.672
568.84	58.786
569.04	58.605
569.24	58.634
569.45	58.233
569.65	58.822
569.86	58.553
570.06	58.659
570.26	58.474
570.47	58.079
570.67	58.319
570.87	58.029
571.08	58.368
571.28	57.736
571.49	57.796
571.69	57.401
571.89	58.289
572.10	57.543
572.30	57.562
572.50	57.300
572.71	57.544
572.91	57.455
573.11	57.443
573.32	57.186
573.52	57.008
573.73	56.801
573.93	56.936
574.13	57.017
574.34	56.722
574.54	56.468
574.74	56.517
574.95	56.569
575.15	56.491
575.35	56.547
575.56	56.602
575.76	56.455
575.96	55.919
576.17	56.256
576.37	55.953
576.57	56.275
576.78	55.492
576.98	55.756
577.18	55.538
577.39	55.510
577.59	55.552
577.79	55.455
578.00	55.507
578.20	55.657
578.40	55.409
578.61	55.330
578.81	55.127
579.01	54.951
579.22	54.528
579.42	54.650
579.62	54.448
579.82	54.741
580.03	54.698
580.23	54.712
580.43	54.462
580.64	54.639
580.84	54.660
581.04	53.932
581.25	54.062
581.45	54.175
581.65	54.060
581.86	54.173
582.06	53.984
582.26	54.108
582.46	53.724
582.67	53.874
582.87	54.082
583.07	53.984
583.28	53.576
583.48	53.715
583.68	53.384
583.88	53.762
584.09	53.370
584.29	53.561
584.49	53.563
584.70	53.364
584.90	53.322
585.10	52.848
585.30	52.957
585.51	52.833
585.71	53.382
585.91	52.987
586.11	53.167
586.32	53.262
586.52	52.801
586.72	53.038
586.92	53.313
587.13	52.546
587.33	52.794
587.53	52.566
587.74	52.280
587.94	52.387
588.14	52.592
588.34	52.714
588.55	52.464
588.75	52.457
588.95	52.339
589.15	52.454
589.36	52.510
589.56	51.697
589.76	51.847
589.96	52.353
590.16	52.346
590.37	52.313
590.57	51.807
590.77	51.909
590.97	51.825
591.18	51.372
591.38	51.771
591.58	52.044
591.78	51.724
591.99	51.740
592.19	51.703
592.39	51.674
592.59	51.606
592.79	51.552
593.00	51.312
593.20	51.498
593.40	51.603
593.60	51.307
593.81	51.064
594.01	51.129
594.21	51.288
594.41	51.316
594.61	51.008
594.82	51.003
595.02	51.227
595.22	50.989
595.42	51.220
595.62	51.262
595.83	50.900
596.03	51.029
596.23	51.195
596.43	51.509
596.63	51.210
596.84	50.919
597.04	50.936
597.24	51.041
597.44	51.266
597.64	50.992
597.84	50.852
598.05	50.982
598.25	50.615
598.45	50.672
598.65	50.760
598.85	50.892
599.06	50.663
599.26	50.762
599.46	50.526
599.66	50.625
599.86	50.747
600.06	50.906
600.27	50.400
600.47	50.611
600.67	50.827
600.87	50.174
601.07	50.491
601.27	50.954
601.48	50.344
601.68	50.494
601.88	50.560
602.08	50.344
602.28	50.308
602.48	50.513
602.68	50.609
602.89	50.399
603.09	50.442
603.29	50.363
603.49	50.601
603.69	50.025
603.89	50.186
604.09	50.128
604.30	50.364
604.50	50.242
604.70	50.186
604.90	49.978
605.10	50.158
605.30	50.010
605.50	50.141
605.71	50.320
605.91	50.480
606.11	50.099
606.31	50.129
606.51	50.608
606.71	50.080
606.91	49.700
607.11	50.345
607.32	49.775
607.52	50.092
607.72	50.132
607.92	50.270
608.12	49.915
608.32	49.624
608.52	49.929
608.72	50.148
608.92	49.817
609.12	49.905
609.33	49.786
609.53	49.803
609.73	49.888
609.93	49.769
610.13	49.521
610.33	49.652
610.53	49.724
610.73	49.693
610.93	49.537
611.13	49.745
611.34	49.829
611.54	49.658
611.74	49.639
611.94	49.553
612.14	49.464
612.34	49.396
612.54	49.141
612.74	49.596
612.94	49.534
613.14	49.260
613.34	49.374
613.54	49.459
613.74	49.165
613.95	49.213
614.15	49.015
614.35	49.151
614.55	49.159
614.75	49.014
614.95	49.099
615.15	49.097
615.35	48.992
615.55	49.228
615.75	48.849
615.95	49.077
616.15	48.883
616.35	49.084
616.55	48.918
616.75	48.477
616.95	49.090
617.15	48.830
617.35	48.441
617.56	48.957
617.76	48.765
617.96	48.495
618.16	48.626
618.36	48.470
618.56	48.626
618.76	48.366
618.96	48.800
619.16	48.316
619.36	48.651
619.56	48.562
619.76	48.468
619.96	48.456
620.16	48.243
620.36	48.606
620.56	48.274
620.76	48.453
620.96	48.274
621.16	48.227
621.36	48.426
621.56	48.240
621.76	48.165
621.96	47.954
622.16	48.160
622.36	48.332
622.56	48.048
622.76	47.912
622.96	47.846
623.16	47.880
623.36	47.784
623.56	47.903
623.76	47.988
623.96	47.903
624.16	47.933
624.36	48.201
624.56	47.836
624.76	47.886
624.96	47.742
625.16	47.641
625.36	48.089
625.56	48.016
625.76	47.864
625.96	47.360
626.16	47.407
626.36	47.707
626.56	48.063
626.76	47.819
626.96	47.688
627.16	47.276
627.36	47.697
627.56	47.399
627.76	47.638
627.96	47.606
628.16	47.631
628.36	47.833
628.56	47.418
628.75	47.314
628.95	47.618
629.15	47.336
629.35	47.235
629.55	47.054
629.75	47.818
629.95	47.641
630.15	46.951
630.35	47.498
630.55	47.354
630.75	47.404
630.95	47.163
631.15	47.653
631.35	47.769
631.55	47.779
631.75	47.557
631.95	47.339
632.15	47.334
632.34	47.476
632.54	47.179
632.74	47.173
632.94	47.152
633.14	47.411
633.34	47.541
633.54	47.215
633.74	47.404
633.94	46.956
634.14	46.891
634.34	47.167
634.54	47.411
634.74	47.248
634.93	46.779
635.13	46.791
635.33	46.994
635.53	47.032
635.73	46.809
635.93	46.998
636.13	47.034
636.33	46.832
636.53	46.533
636.73	46.838
636.93	47.098
637.12	46.952
637.32	46.592
637.52	46.674
637.72	46.700
637.92	46.632
638.12	46.848
638.32	46.421
638.52	46.694
638.72	46.838
638.91	46.624
639.11	46.636
639.31	46.535
639.51	47.020
639.71	46.622
639.91	46.454
640.11	46.336
640.31	46.534
640.50	46.282
640.70	46.237
640.90	46.120
641.10	46.145
641.30	46.189
641.50	46.079
641.70	46.093
641.89	46.359
642.09	46.061
642.29	45.792
642.49	45.621
642.69	45.805
642.89	45.719
643.09	45.910
643.28	45.817
643.48	45.746
643.68	45.439
643.88	45.468
644.08	45.354
644.28	45.598
644.48	45.118
644.67	45.714
644.87	45.356
645.07	45.414
645.27	44.930
645.47	45.223
645.67	44.971
645.86	45.170
646.06	44.868
646.26	45.087
646.46	44.874
646.66	45.223
646.85	44.600
647.05	44.874
647.25	44.713
647.45	44.711
647.65	44.300
647.85	44.565
648.04	44.341
648.24	44.238
648.44	44.435
648.64	44.215
648.84	44.337
649.03	44.290
649.23	44.445
649.43	44.022
649.63	43.952
649.83	44.182
650.02	44.020
650.22	43.711
650.42	43.814
650.62	43.899
650.82	43.822
651.01	43.920
651.21	43.372
651.41	43.895
651.61	43.547
651.81	43.850
652.00	43.483
652.20	43.597
652.40	43.768
652.60	43.915
652.79	43.716
652.99	43.404
653.19	43.507
653.39	43.550
653.59	43.640
653.78	43.249
653.98	43.350
654.18	43.859
654.38	43.439
654.57	43.529
654.77	43.420
654.97	43.640
655.17	43.486
655.36	43.301
655.56	43.370
655.76	43.248
655.96	43.648
656.15	43.297
656.35	43.337
656.55	43.188
656.75	43.460
656.94	42.970
657.14	43.064
657.34	43.405
657.54	43.038
657.73	43.032
657.93	42.878
658.13	43.265
658.33	42.854
658.52	42.999
658.72	42.952
658.92	43.033
659.11	42.925
659.31	43.045
659.51	42.909
659.71	42.909
659.90	42.921
660.10	42.537
660.30	42.746
660.50	42.534
660.69	43.039
660.89	42.970
661.09	42.351
661.28	42.743
661.48	42.654
661.68	42.400
661.87	42.632
662.07	42.531
662.27	42.414
662.47	42.622
662.66	42.612
662.86	42.523
663.06	42.436
663.25	42.414
663.45	42.420
663.65	42.310
663.84	42.111
664.04	42.075
664.24	42.442
664.44	42.406
664.63	42.168
664.83	42.105
665.03	42.111
665.22	42.409
665.42	42.443
665.62	42.266
665.81	42.078
666.01	42.146
666.21	42.302
666.40	41.878
666.60	41.941
666.80	42.136
666.99	41.973
667.19	42.038
667.39	41.968
667.58	41.705
667.78	41.898
667.98	41.701
668.17	41.684
668.37	41.767
668.57	41.846
668.76	41.699
668.96	41.663
669.16	42.051
669.35	41.595
669.55	42.065
669.74	41.846
669.94	42.142
670.14	41.768
670.33	41.676
670.53	42.040
670.73	41.729
670.92	41.799
671.12	41.577
671.32	42.030
671.51	41.851
671.71	41.714
671.90	41.727
672.10	41.630
672.30	41.912
672.49	41.737
672.69	41.761
672.89	41.615
673.08	41.554
673.28	41.841
673.47	41.471
673.67	41.844
673.87	41.708
674.06	41.602
674.26	42.095
674.45	41.256
674.65	41.684
674.85	41.575
675.04	41.685
675.24	41.476
675.43	41.625
675.63	41.645
675.83	41.629
676.02	41.688
676.22	41.768
676.41	41.641
676.61	41.414
676.81	41.692
677.00	41.622
677.20	41.763
677.39	41.855
677.59	41.665
677.79	41.490
677.98	41.482
678.18	41.729
678.37	41.840
678.57	41.372
678.76	41.855
678.96	41.714
679.16	41.815
679.35	41.762
679.55	41.714
679.74	41.608
679.94	41.510
680.13	41.642
680.33	41.615
680.53	41.533
680.72	41.484
680.92	41.474
681.11	41.571
681.31	41.680
681.50	41.783
681.70	41.528
681.89	41.607
682.09	41.635
682.28	41.538
682.48	41.534
682.68	41.863
682.87	41.449
683.07	41.525
683.26	41.548
683.46	41.809
683.65	42.091
683.85	41.549
684.04	41.820
684.24	41.793
684.43	41.835
684.63	41.560
684.82	42.101
685.02	41.856
685.21	41.746
685.41	41.821
685.60	41.815
685.80	41.918
686.00	41.950
686.19	41.849
686.39	41.993
686.58	42.149
686.78	42.116
686.97	42.230
687.17	42.055
687.36	42.304
687.56	41.951
687.75	41.926
687.95	42.147
688.14	42.103
688.34	42.413
688.53	42.322
688.73	42.360
688.92	42.320
689.12	42.397
689.31	42.310
689.51	42.732
689.70	42.808
689.89	42.690
690.09	42.976
690.28	42.551
690.48	42.826
690.67	42.933
690.87	43.039
691.06	42.996
691.26	43.229
691.45	43.300
691.65	43.471
691.84	43.525
692.04	43.580
692.23	43.836
692.43	44.090
692.62	43.924
692.82	44.231
693.01	44.121
693.20	44.362
693.40	44.625
693.59	44.498
693.79	44.639
693.98	44.931
694.18	45.410
694.37	45.756
694.57	45.381
694.76	45.596
694.95	45.887
695.15	46.082
695.34	46.116
695.54	46.422
695.73	46.461
695.93	46.901
696.12	47.133
696.32	47.369
696.51	47.436
696.70	47.882
696.90	48.475
697.09	48.623
697.29	48.585
697.48	48.952
697.67	49.216
697.87	49.533
698.06	49.642
698.26	50.023
698.45	49.922
698.65	50.540
698.84	50.572
699.03	50.871
699.23	51.312
699.42	51.693
699.62	52.227
699.81	52.063
700.00	52.418
700.20	52.911
700.39	53.031
700.59	53.623
700.78	53.709
700.97	53.920
701.17	54.249
701.36	54.533
701.56	55.376
701.75	55.385
701.94	55.399
702.14	55.914
702.33	56.122
702.52	56.620
702.72	57.062
702.91	57.407
703.11	57.525
703.30	57.592
703.49	57.883
703.69	58.443
703.88	58.663
704.07	58.793
704.27	58.920
704.46	59.978
704.66	59.794
704.85	59.965
705.04	60.450
705.24	60.718
705.43	61.043
705.62	61.344
705.82	61.513
706.01	61.760
706.20	61.797
706.40	62.082
706.59	62.209
706.78	62.297
706.98	62.795
707.17	63.293
707.36	63.371
707.56	63.665
707.75	63.891
707.94	64.798
708.14	64.819
708.33	65.106
708.52	65.190
708.72	65.326
708.91	65.712
709.10	66.027
709.30	66.678
709.49	66.156
709.68	66.694
709.88	66.347
710.07	66.805
710.26	67.554
710.46	67.889
710.65	67.942
710.84	68.134
711.04	68.447
711.23	68.753
711.42	68.550
711.61	68.619
711.81	68.723
712.00	69.334
712.19	69.325
712.39	69.563
712.58	69.989
712.77	70.155
712.97	70.063
713.16	70.418
713.35	70.570
713.54	71.515
713.74	70.757
713.93	71.703
714.12	71.757
714.32	71.892
714.51	72.456
714.70	71.929
714.89	72.153
715.09	72.136
715.28	72.651
715.47	73.141
715.66	73.196
715.86	73.534
716.05	73.407
716.24	73.272
716.44	73.427
716.63	74.442
716.82	74.777
717.01	75.002
717.21	74.540
717.40	74.912
717.59	74.806
717.78	75.441
717.98	75.406
718.17	75.443
718.36	75.846
718.55	75.683
718.75	76.010
718.94	76.484
719.13	76.261
719.32	76.817
719.52	77.042
719.71	76.936
719.90	77.706
720.09	76.905
720.28	78.072
720.48	77.977
720.67	77.647
720.86	78.482
721.05	78.100
721.25	78.507
721.44	78.134
721.63	79.110
721.82	78.659
722.01	79.148
722.21	79.176
722.40	79.632
722.59	79.686
722.78	79.971
722.98	80.184
723.17	80.182
723.36	80.376
723.55	80.457
723.74	80.467
723.94	81.114
724.13	81.065
724.32	81.042
724.51	81.463
724.70	81.096
724.89	82.123
725.09	81.620
725.28	81.910
725.47	82.008
725.66	81.818
725.85	82.589
726.05	82.477
726.24	82.593
726.43	83.216
726.62	82.598
726.81	82.890
727.00	82.919
727.20	83.565
727.39	83.051
727.58	83.202
727.77	83.727
727.96	84.153
728.15	83.803
728.35	83.940
728.54	84.098
728.73	84.401
728.92	84.450
729.11	84.972
729.30	85.127
729.50	84.846
729.69	84.852
729.88	85.516
730.07	85.338
730.26	85.327
730.45	85.541
730.64	85.457
730.84	84.985
731.03	86.100
731.22	86.091
731.41	86.204
731.60	86.391
731.79	86.623
731.98	86.843
732.18	86.563
732.37	86.486
732.56	86.674
732.75	87.098
732.94	87.021
733.13	86.651
733.32	87.343
733.51	86.878
733.71	87.347
733.90	87.348
734.09	87.434
734.28	87.503
734.47	87.480
734.66	87.269
734.85	88.210
735.04	87.547
735.23	87.931
735.42	88.248
735.62	88.030
735.81	88.321
736.00	88.301
736.19	88.827
736.38	88.062
736.57	88.733
736.76	89.015
736.95	88.533
737.14	89.045
737.33	89.185
737.52	89.063
737.72	89.061
737.91	89.226
738.10	89.269
738.29	89.350
738.48	89.218
738.67	89.228
738.86	89.442
739.05	89.152
739.24	89.390
739.43	89.702
739.62	89.709
739.81	89.811
740.00	89.864
740.19	89.868
740.39	90.271
740.58	90.313
740.77	90.498
740.96	90.463
741.15	90.570
741.34	90.642
741.53	89.945
741.72	90.268
741.91	90.095
742.10	90.270
742.29	90.456
742.48	90.849
742.67	90.918
742.86	90.158
743.05	90.553
743.24	90.449
743.43	90.596
743.62	90.920
743.81	91.024
744.00	90.822
744.19	90.739
744.38	91.289
744.57	90.766
744.76	91.517
744.95	91.447
745.14	91.798
745.33	91.476
745.52	91.479
745.71	91.087
745.90	91.247
746.09	91.168
746.28	91.861
746.47	92.049
746.66	90.962
746.85	91.801
747.04	91.985
747.23	91.639
747.42	91.863
747.61	91.958
747.80	91.507
747.99	90.715
748.18	91.809
748.37	91.752
748.56	91.770
748.75	92.289
748.94	91.975
749.13	92.067
749.32	91.929
749.51	92.285
749.70	91.863
749.89	92.021
750.08	92.576
750.27	92.397
750.46	92.163
750.65	92.213
750.84	92.236
751.03	92.222
751.22	92.172
751.41	92.375
751.60	92.360
751.79	92.106
751.98	91.755
752.17	92.386
752.36	92.547
752.55	92.127
752.74	92.353
752.93	92.140
753.12	92.351
753.30	92.677
753.49	92.776
753.68	92.228
753.87	91.573
754.06	92.486
754.25	92.682
754.44	92.307
754.63	92.844
754.82	92.229
755.01	92.965
755.20	92.968
755.39	92.978
755.58	92.899
755.77	92.587
755.96	92.783
756.14	92.498
756.33	92.786
756.52	92.805
756.71	92.817
756.90	92.438
757.09	92.514
757.28	92.309
757.47	92.224
757.66	92.828
757.85	93.160
758.04	92.802
758.22	92.475
758.41	93.238
758.60	93.093
758.79	92.392
758.98	93.259
759.17	92.144
759.36	92.693
759.55	93.125
759.74	92.272
759.92	92.697
760.11	93.163
760.30	93.285
760.49	92.933
760.68	93.299
760.87	92.414
761.06	92.997
761.25	92.467
761.43	92.891
761.62	93.076
761.81	93.493
762.00	92.650
762.19	92.757
762.38	92.758
762.57	92.422
762.76	93.018
762.94	92.241
763.13	93.110
763.32	92.399
763.51	92.998
763.70	93.085
763.89	93.078
764.07	92.638
764.26	92.899
764.45	92.283
764.64	92.647
764.83	92.582
765.02	92.988
765.21	92.618
765.39	92.146
765.58	92.536
765.77	92.588
765.96	92.969
766.15	93.185
766.34	93.078
766.52	92.830
766.71	93.088
766.90	92.941
767.09	92.970
767.28	92.784
767.46	93.007
767.65	92.341
767.84	93.220
768.03	93.031
768.22	93.406
768.40	92.876
768.59	92.893
768.78	92.687
768.97	93.526
769.16	92.795
769.34	93.199
769.53	92.368
769.72	92.844
769.91	92.637
770.10	92.632
770.28	92.878
770.47	93.196
770.66	92.419
770.85	93.028
771.04	93.027
771.22	93.014
771.41	92.190
771.60	92.744
771.79	92.927
771.98	92.935
772.16	93.038
772.35	92.715
772.54	92.804
772.73	92.388
772.91	92.476
773.10	93.001
773.29	92.525
773.48	92.837
773.66	92.917
773.85	92.593
774.04	92.373
774.23	93.100
774.41	92.688
774.60	91.925
774.79	92.686
774.98	91.972
775.16	92.761
775.35	92.690
775.54	92.848
775.73	93.064
775.91	93.151
776.10	92.469
776.29	92.767
776.48	92.778
776.66	92.598
776.85	92.513
777.04	92.854
777.23	92.477
777.41	92.284
777.60	93.182
777.79	92.914
777.97	92.453
778.16	92.681
778.35	92.811
778.54	92.261
778.72	92.668
778.91	92.508
779.10	92.533
779.28	92.284
779.47	92.232
779.66	92.485
779.85	93.347
780.03	92.602
780.22	92.864
780.41	92.697
780.59	92.900
780.78	92.447
780.97	93.377
781.15	92.304
781.34	92.373
781.53	92.786
781.71	92.969
781.90	92.788
782.09	92.254
782.27	92.870
782.46	92.922
782.65	92.304
782.84	92.710
783.02	92.442
783.21	93.207
783.40	92.523
783.58	92.884
783.77	92.722
783.96	92.272
784.14	92.802
784.33	92.629
784.52	93.395
784.70	92.948
784.89	92.680
785.07	92.207
785.26	92.891
785.45	93.205
785.63	92.705
785.82	92.462
786.01	92.694
786.19	92.339
786.38	91.932
786.57	92.530
786.75	92.281
786.94	92.460
787.13	92.456
787.31	92.426
787.50	92.594
787.68	92.449
787.87	93.189
788.06	92.515
788.24	93.337
788.43	91.939
788.62	92.836
788.80	92.780
788.99	93.039
789.17	93.113
789.36	93.056
789.55	92.615
789.73	92.604
789.92	92.642
790.10	92.387
790.29	93.083
790.48	92.814
790.66	92.759
790.85	92.625
791.03	92.597
791.22	92.138
791.41	92.570
791.59	92.341
791.78	92.857
791.96	92.715
792.15	92.292
792.34	92.507
792.52	92.601
792.71	93.048
792.89	92.667
793.08	92.665
793.27	92.450
793.45	92.578
793.64	92.959
793.82	92.768
794.01	92.063
794.19	92.770
794.38	92.759
794.57	92.558
794.75	92.692
794.94	92.748
795.12	92.620
795.31	92.513
795.49	92.975
795.68	92.774
795.86	92.282
796.05	93.038
796.24	92.654
796.42	93.339
796.61	92.800
796.79	92.681
796.98	93.495
797.16	92.166
797.35	92.859
797.53	92.618
797.72	93.070
797.90	93.072
798.09	92.076
798.27	92.913
798.46	92.492
798.65	92.063
798.83	92.729
799.02	92.069
799.20	92.208
799.39	92.012
799.57	92.239
799.76	92.778
799.94	92.611
800.13	92.773
800.31	92.409
800.50	92.669
800.68	92.353
800.87	93.021
801.05	92.512
801.24	92.882
801.42	92.754
801.61	92.331
801.79	92.389
801.98	92.121
802.16	92.828
802.35	92.751
802.53	92.795
802.72	92.325
802.90	92.898
803.09	92.587
803.27	93.350
803.46	92.576
803.64	93.399
803.83	93.017
804.01	93.365
804.20	92.389
804.38	92.513
804.56	92.507
804.75	92.557
804.93	92.925
805.12	92.487
805.30	92.534
805.49	91.991
805.67	92.374
805.86	92.826
806.04	92.160
806.23	92.299
806.41	92.318
806.59	92.757
806.78	92.537
806.96	92.297
807.15	92.112
807.33	92.238
807.52	92.187
807.70	92.897
807.89	92.112
808.07	92.861
808.25	92.275
808.44	91.978
808.62	92.334
808.81	92.540
808.99	92.159
809.18	92.691
809.36	92.109
809.54	92.177
809.73	92.444
809.91	92.136
810.10	92.402
810.28	92.072
810.47	93.284
810.65	92.343
810.83	92.233
811.02	92.754
811.20	92.633
811.39	92.849
811.57	92.314
811.75	92.818
811.94	92.217
812.12	92.014
812.31	92.792
812.49	92.318
812.67	92.221
812.86	92.498
813.04	92.440
813.23	92.495
813.41	92.338
813.59	92.034
813.78	92.071
813.96	92.883
814.14	91.935
814.33	92.191
814.51	92.597
814.70	92.663
814.88	92.970
815.06	92.388
815.25	92.235
815.43	92.107
815.61	92.152
815.80	92.090
815.98	91.967
816.16	92.312
816.35	92.735
816.53	92.535
816.72	92.064
816.90	92.521
817.08	91.831
817.27	92.564
817.45	91.656
817.63	91.905
817.82	91.884
818.00	92.708
818.18	92.263
818.37	92.544
818.55	91.926
818.73	91.922
818.92	92.200
819.10	92.532
819.28	91.761
819.47	92.637
819.65	92.145
819.83	92.195
820.02	92.130
820.20	91.922
820.38	92.258
820.57	92.468
820.75	91.528
820.93	91.976
821.11	92.446
821.30	92.525
821.48	92.523
821.66	92.015
821.85	92.365
822.03	92.167
822.21	91.719
822.40	92.359
822.58	92.712
822.76	92.280
822.94	92.291
823.13	92.936
823.31	92.829
823.49	92.262
823.68	91.378
823.86	92.704
824.04	92.170
824.22	92.771
824.41	91.827
824.59	91.981
824.77	92.143
824.96	92.399
825.14	92.147
825.32	93.365
825.50	92.738
825.69	92.080
825.87	92.367
826.05	91.610
826.23	92.085
826.42	92.432
826.60	92.470
826.78	91.839
826.96	92.918
827.15	92.231
827.33	92.283
827.51	92.045
827.69	92.614
827.88	92.754
828.06	92.053
828.24	91.907
828.42	91.876
828.61	92.405
828.79	91.400
828.97	91.454
829.15	91.961
829.34	92.082
829.52	92.266
829.70	91.817
829.88	92.376
830.06	92.227
830.25	91.278
830.43	92.460
830.61	92.571
830.79	92.239
830.97	91.860
831.16	92.799
831.34	92.186
831.52	92.651
831.70	92.215
831.89	91.209
832.07	92.259
832.25	92.661
832.43	91.995
832.61	92.221
832.80	92.406
832.98	92.258
833.16	91.996
833.34	91.926
833.52	92.436
833.70	92.336
833.89	92.815
834.07	92.385
834.25	92.381
834.43	92.227
834.61	92.157
834.80	91.624
834.98	91.835
835.16	92.109
835.34	92.109
835.52	91.694
835.70	92.125
835.89	92.095
836.07	92.536
836.25	91.612
836.43	92.020
836.61	91.644
836.79	91.539
836.97	91.552
837.16	91.839
837.34	92.436
837.52	92.507
837.70	92.516
837.88	91.937
838.06	91.717
838.24	92.292
838.43	91.796
838.61	92.594
838.79	91.922
838.97	91.944
839.15	91.972
839.33	92.048
839.51	92.419
839.70	91.913
839.88	92.513
840.06	92.030
840.24	92.225
840.42	92.147
840.60	92.405
840.78	93.080
840.96	92.567
841.14	92.931
841.33	92.190
841.51	92.991
841.69	92.080
841.87	91.999
842.05	91.734
842.23	91.819
842.41	91.752
842.59	92.460
842.77	91.685
842.95	93.071
843.14	92.462
843.32	91.980
843.50	92.479
843.68	92.335
843.86	92.008
844.04	92.112
844.22	92.041
844.40	92.421
844.58	92.355
844.76	92.602
844.94	92.078
845.12	91.777
845.30	92.375
845.49	92.073
845.67	92.039
845.85	91.883
846.03	91.392
846.21	91.933
846.39	92.039
846.57	91.968
846.75	92.101
846.93	92.438
847.11	91.905
847.29	92.430
847.47	92.213
847.65	91.573
847.83	92.894
848.01	92.185
848.19	92.520
848.37	92.511
848.55	92.336
848.73	91.925
848.91	91.968
849.09	91.898
849.27	91.962
849.46	92.214
849.64	91.951
849.82	92.234
850.00	92.920
850.18	92.270
850.36	92.505
850.54	91.966
850.72	91.810
850.90	92.405
851.08	92.664
851.26	91.823
851.44	92.515
851.62	92.369
851.80	92.882
851.98	91.439
852.16	92.398
852.34	92.560
852.52	92.355
852.70	91.943
852.88	92.945
853.06	92.113
853.24	92.103
853.42	92.500
853.60	91.971
853.78	91.828
853.96	91.617
854.14	92.797
854.31	92.764
854.49	92.156
854.67	92.074
854.85	93.053
855.03	92.784
855.21	92.772
855.39	92.466
855.57	93.030
855.75	92.150
855.93	92.400
856.11	92.852
856.29	91.728
856.47	92.791
856.65	92.062
856.83	92.536
857.01	91.984
857.19	92.343
857.37	92.436
857.55	92.474
857.73	92.071
857.91	92.121
858.09	91.252
858.26	92.007
858.44	91.911
858.62	91.825
858.80	92.160
858.98	91.653
859.16	91.974
859.34	92.818
859.52	92.133
859.70	91.724
859.88	92.027
860.06	92.525
860.24	92.610
860.42	92.446
860.59	92.440
860.77	92.194
860.95	92.420
861.13	92.452
861.31	91.983
861.49	92.335
861.67	92.519
861.85	92.026
862.03	92.001
862.21	92.289
862.38	92.378
862.56	91.875
862.74	92.649
862.92	92.173
863.10	92.758
863.28	93.053
863.46	92.859
863.64	92.282
863.82	93.339
863.99	92.209
864.17	92.504
864.35	92.351
864.53	92.488
864.71	92.666
864.89	92.093
865.07	91.876
865.24	91.520
865.42	92.748
865.60	92.586
865.78	93.225
865.96	92.556
866.14	91.554
866.32	92.075
866.49	92.402
866.67	92.244
866.85	91.681
867.03	92.476
867.21	92.549
867.39	91.765
867.56	92.300
867.74	92.137
867.92	92.637
868.10	91.819
868.28	92.791
868.46	92.569
868.63	92.170
868.81	91.944
868.99	92.286
869.17	92.416
869.35	92.218
869.53	92.666
869.70	92.437
869.88	92.170
870.06	91.716
870.24	92.590
870.42	92.185
870.59	91.614
870.77	92.333
870.95	92.817
871.13	92.116
871.31	93.119
871.48	91.703
871.66	91.923
871.84	92.701
872.02	92.143
872.20	92.420
872.37	92.202
872.55	91.789
872.73	92.032
872.91	92.579
873.08	91.939
873.26	91.845
873.44	92.879
873.62	92.169
873.80	92.952
873.97	92.957
874.15	92.446
874.33	91.678
874.51	92.638
874.68	92.340
874.86	92.034
875.04	92.243
875.22	92.541
875.39	92.573
875.57	92.974
875.75	92.629
875.93	92.018
876.10	92.658
876.28	92.347
876.46	92.460
876.64	92.912
876.81	92.837
876.99	92.848
877.17	92.295
877.35	92.381
877.52	92.873
877.70	92.213
877.88	92.493
878.06	91.836
878.23	92.958
878.41	92.206
878.59	92.477
878.76	92.232
878.94	92.857
879.12	92.510
879.30	92.489
879.47	93.376
879.65	93.497
879.83	92.324
880.00	92.492
880.18	91.998
880.36	93.543
880.53	91.904
880.71	91.950
880.89	92.059
881.07	92.330
881.24	92.116
881.42	91.968
881.60	92.274
881.77	92.600
881.95	92.983
882.13	92.826
882.30	93.242
882.48	92.233
882.66	93.187
882.83	92.696
883.01	92.924
883.19	92.529
883.36	92.256
883.54	93.659
883.72	92.854
883.89	92.154
884.07	92.791
884.25	93.189
884.42	93.092
884.60	91.998
884.78	92.446
884.95	92.713
885.13	93.326
885.31	93.140
885.48	92.484
885.66	92.435
885.84	92.540
886.01	92.330
886.19	93.245
886.36	92.861
886.54	92.361
886.72	92.098
886.89	92.468
887.07	92.575
887.25	93.104
887.42	92.147
887.60	92.842
887.78	92.356
887.95	93.245
888.13	93.046
888.30	92.740
888.48	92.402
888.66	92.521
888.83	92.771
889.01	92.316
889.18	93.123
889.36	93.497
889.54	92.969
889.71	92.673
889.89	93.763
890.06	93.054
890.24	93.580
890.42	92.763
890.59	93.442
890.77	92.935
890.94	92.657
891.12	92.935
891.30	92.504
891.47	93.076
891.65	93.094
891.82	92.706
892.00	92.542
892.17	92.930
892.35	92.388
892.53	92.819
892.70	92.785
892.88	92.447
893.05	93.453
893.23	92.981
893.40	92.304
893.58	92.709
893.75	93.320
893.93	93.636
894.11	92.578
894.28	92.722
894.46	93.252
894.63	92.869
894.81	93.925
894.98	93.269
895.16	93.017
895.33	93.003
895.51	93.965
895.68	93.764
895.86	93.096
896.04	92.272
896.21	92.658
896.39	93.553
896.56	93.551
896.74	93.004
896.91	92.936
897.09	92.716
897.26	92.896
897.44	92.717
897.61	94.255
897.79	92.694
897.96	92.666
898.14	93.368
898.31	93.151
898.49	93.872
898.66	93.675
898.84	93.061
899.01	92.809
899.19	93.216
899.36	92.858
899.54	92.506
899.71	93.492
899.89	93.508
900.06	93.301
900.24	92.798
900.41	93.814
900.59	93.185
900.76	93.682
900.94	93.764
901.11	93.997
901.29	93.004
901.46	92.708
901.63	93.349
901.81	94.299
901.98	93.602
902.16	93.098
902.33	94.237
902.51	93.187
902.68	93.229
902.86	92.680
903.03	92.928
903.21	93.584
903.38	93.351
903.56	93.706
903.73	91.681
903.90	93.231
904.08	92.791
904.25	93.324
904.43	92.452
904.60	93.046
904.78	91.925
904.95	92.936
905.12	93.317
905.30	93.288
905.47	92.893
905.65	93.139
905.82	93.420
906.00	94.256
906.17	91.853
906.34	93.763
906.52	93.327
906.69	92.301
906.87	92.740
907.04	93.747
907.21	92.140
907.39	93.055
907.56	93.393
907.74	93.615
907.91	92.926
908.08	93.088
908.26	93.732
908.43	93.289
908.61	93.893
908.78	93.043
908.95	93.635
909.13	92.624
909.30	92.548
909.48	93.229
909.65	92.497
909.82	93.247
910.00	92.053
910.17	92.425
910.34	92.892
910.52	93.571
910.69	92.971
910.87	94.161
911.04	93.336
911.21	92.599
911.39	92.107
911.56	92.453
911.73	93.177
911.91	92.545
912.08	92.722
912.25	93.044
912.43	92.691
912.60	93.597
912.77	92.096
912.95	93.005
913.12	93.143
913.29	92.947
913.47	92.803
913.64	93.106
913.81	93.750
913.99	93.245
914.16	92.655
914.33	92.452
914.51	93.924
914.68	93.495
914.85	93.001
915.03	91.794
915.20	92.876
915.37	93.858
915.55	92.692
915.72	93.415
915.89	92.152
916.07	93.262
916.24	92.992
916.41	92.763
916.59	94.187
916.76	94.122
916.93	93.262
917.10	94.129
917.28	94.241
917.45	93.796
917.62	92.366
917.80	92.712
917.97	93.137
918.14	93.488
918.31	93.374
918.49	92.621
918.66	94.126
918.83	92.779
919.01	93.889
919.18	92.075
919.35	93.826
919.52	93.450
919.70	93.129
919.87	92.954
920.04	92.365
920.21	93.591
920.39	93.339
920.56	91.742
920.73	92.635
920.90	93.006
921.08	93.073
921.25	93.377
921.42	93.477
921.59	94.065
921.77	93.344
921.94	93.425
922.11	92.871
922.28	93.864
922.46	93.225
922.63	94.032
922.80	93.435
922.97	93.742
923.15	93.602
923.32	93.263
923.49	93.344
923.66	93.107
923.83	93.447
924.01	93.584
924.18	93.661
924.35	93.516
924.52	94.262
924.69	93.310
924.87	93.617
925.04	93.247
925.21	92.284
925.38	92.323
925.55	93.245
925.73	93.378
925.90	93.071
926.07	92.687
926.24	93.776
926.41	94.032
926.59	92.761
926.76	91.132
926.93	92.639
927.10	91.392
927.27	92.134
927.45	93.006
927.62	91.940
927.79	93.862
927.96	91.796
928.13	92.227
928.30	92.786
928.48	92.888
928.65	92.286
928.82	93.924
928.99	93.271
929.16	93.481
929.33	92.926
929.50	93.294
929.68	93.917
929.85	93.549
930.02	92.697
930.19	93.727
930.36	93.781
930.53	93.160
930.70	93.657
930.88	93.803
931.05	92.641
931.22	93.725
931.39	93.142
931.56	93.321
931.73	92.739
931.90	91.927
932.08	92.728
932.25	92.847
932.42	93.894
932.59	93.299
932.76	93.644
932.93	92.548
933.10	93.756
933.27	93.994
933.44	94.162
933.62	92.868
933.79	94.276
933.96	94.702
934.13	93.158
934.30	92.546
934.47	94.036
934.64	93.606
934.81	91.354
934.98	91.658
935.15	93.690
935.32	94.074
935.50	91.918
935.67	93.044
935.84	92.629
936.01	93.031
936.18	93.976
936.35	92.725
936.52	91.446
936.69	94.236
936.86	90.627
937.03	91.920
937.20	94.829
937.37	91.315
937.54	93.156
937.71	93.861
937.89	92.382
938.06	92.600
938.23	93.039
938.40	95.122
938.57	93.655
938.74	93.957
938.91	92.994
939.08	94.130
939.25	91.202
939.42	92.765
939.59	93.774
939.76	90.867
939.93	93.789
940.10	95.165
940.27	93.588
940.44	93.460
940.61	91.726
940.78	93.192
940.95	94.388
941.12	93.848
941.29	94.192
941.46	92.754
941.63	92.412
941.80	94.369
941.97	96.940
942.14	93.508
942.31	91.921
942.48	92.309
942.65	91.743
942.82	92.992
942.99	91.083
943.16	93.595
943.33	94.362
943.50	92.722
943.67	93.824
943.84	95.884
944.01	93.417
944.18	92.222
944.35	94.281
944.52	95.320
944.69	94.274
944.86	92.363
945.03	94.630
945.20	97.968
945.37	93.944
945.54	92.456
945.71	95.999
945.88	92.760
946.05	97.110
946.22	93.046
946.39	90.850
946.56	94.410
946.73	94.033
946.90	95.014
947.07	94.132
947.23	93.952
947.40	95.618
947.57	96.334
947.74	95.371
947.91	94.677
948.08	96.512
948.25	92.708
948.42	96.326
948.59	94.802
948.76	95.068
948.93	92.390
949.10	94.390
949.27	92.470
949.44	94.796
949.60	93.759
949.77	92.928
949.94	95.617
950.11	95.426
950.28	91.759
950.45	94.045
950.62	94.388
950.79	92.886
950.96	97.435
951.13	93.129
951.30	95.677
951.46	94.162
951.63	92.932
951.80	92.800
951.97	92.144
952.14	96.448
952.31	93.145
952.48	94.835
952.65	93.774
952.81	95.242
952.98	92.745
953.15	94.584
953.32	92.325
953.49	93.430
953.66	93.834
953.83	93.608
954.00	92.441
954.16	93.538
954.33	92.697
954.50	92.305
954.67	91.796
954.84	93.426
955.01	91.895
955.18	90.235
955.34	92.897
955.51	92.988
955.68	91.588
955.85	92.943
956.02	93.340
956.19	94.636
956.35	92.878
956.52	89.875
956.69	92.148
956.86	94.603
957.03	92.358
957.20	93.887
957.36	92.637
957.53	91.979
957.70	93.658
957.87	91.680
958.04	93.082
958.21	93.295
958.37	93.269
958.54	91.715
958.71	92.987
958.88	93.187
959.05	93.073
959.21	93.778
959.38	93.698
959.55	93.596
959.72	95.955
959.89	93.061
960.05	94.939
960.22	91.950
960.39	93.615
960.56	94.199
960.72	92.961
960.89	92.931
961.06	93.814
961.23	95.548
961.40	94.416
961.56	92.649
961.73	94.767
961.90	93.451
962.07	93.093
962.23	93.120
962.40	92.860
962.57	93.487
962.74	92.174
962.90	91.346
963.07	92.884
963.24	94.590
963.41	94.260
963.57	92.571
963.74	93.113
963.91	94.180
964.08	92.295
964.24	92.905
964.41	94.604
964.58	91.978
964.75	93.759
964.91	93.001
965.08	93.706
965.25	95.358
965.42	95.030
965.58	92.022
965.75	92.467
965.92	92.531
966.08	93.707
966.25	92.656
966.42	92.953
966.59	93.793
966.75	93.613
966.92	94.301
967.09	92.993
967.25	93.874
967.42	93.257
967.59	94.659
967.75	95.623
967.92	91.333
968.09	92.459
968.26	91.908
968.42	95.530
968.59	94.116
968.76	93.763
968.92	92.993
969.09	91.672
969.26	91.377
969.42	91.982
969.59	94.775
969.76	92.036
969.92	93.269
970.09	91.670
970.26	91.943
970.42	92.229
970.59	92.315
970.76	93.133
970.92	92.480
971.09	93.580
971.26	92.601
971.42	92.361
971.59	93.072
971.76	92.654
971.92	92.813
972.09	91.449
972.25	93.519
972.42	95.325
972.59	92.629
972.75	92.860
972.92	92.826
973.09	95.286
973.25	91.795
973.42	93.941
973.58	90.938
973.75	93.317
973.92	92.997
974.08	92.017
974.25	93.546
974.42	92.539
974.58	94.234
974.75	91.990
974.91	94.888
975.08	94.968
975.25	92.804
975.41	93.420
975.58	92.603
975.74	91.987
975.91	93.742
976.08	92.567
976.24	94.457
976.41	94.240
976.57	92.045
976.74	92.521
976.91	93.736
977.07	93.858
977.24	92.827
977.40	91.442
977.57	90.618
977.73	91.553
977.90	91.193
978.07	92.069
978.23	93.540
978.40	91.338
978.56	92.432
978.73	91.328
978.89	94.543
979.06	93.406
979.22	94.287
979.39	92.615
979.56	92.696
979.72	92.354
979.89	89.978
980.05	95.018
980.22	94.228
980.38	92.042
980.55	93.129
980.71	92.153
980.88	89.950
981.04	91.528
981.21	92.559
981.37	93.345
981.54	93.278
981.70	92.035
981.87	93.601
982.04	94.780
982.20	92.519
982.37	93.794
982.53	94.172
982.70	93.228
982.86	91.639
983.03	93.358
983.19	95.285
983.36	92.285
983.52	92.750
983.69	93.476
983.85	90.863
984.02	93.049
984.18	92.039
984.35	93.886
984.51	93.969
984.68	92.342
984.84	94.278
985.00	94.144
985.17	95.452
985.33	91.778
985.50	94.794
985.66	92.085
985.83	93.267
985.99	91.368
986.16	90.749
986.32	93.157
986.49	91.850
986.65	94.956
986.82	92.207
986.98	91.980
987.15	91.716
987.31	92.823
987.47	95.690
987.64	94.852
987.80	91.297
987.97	92.640
988.13	94.305
988.30	94.480
988.46	92.482
988.63	94.957
988.79	93.618
988.95	93.208
989.12	92.511
989.28	93.880
989.45	91.273
989.61	92.486
989.77	92.046
989.94	91.597
990.10	93.600
990.27	94.537
990.43	91.784
990.60	93.395
990.76	91.813
990.92	94.267
991.09	93.253
991.25	92.406
991.42	92.979
991.58	93.871
991.74	91.965
991.91	95.616
992.07	92.673
992.24	92.996
992.40	94.480
992.56	95.139
992.73	96.718
992.89	92.341
993.05	93.255
993.22	93.994
993.38	95.149
993.55	94.040
993.71	93.298
993.87	91.939
994.04	92.900
994.20	92.807
994.36	93.323
994.53	93.841
994.69	95.040
994.85	95.000
995.02	93.163
995.18	94.267
995.34	95.127
995.51	92.713
995.67	92.961
995.84	92.720
996.00	94.425
996.16	91.149
996.33	94.108
996.49	94.663
996.65	90.570
996.82	94.528
996.98	94.832
997.14	96.216
997.31	93.553
997.47	93.535
997.63	94.480
997.79	95.440
997.96	93.825
998.12	95.857
998.28	95.790
998.45	94.368
998.61	92.750
998.77	94.020
998.94	94.621
999.10	92.767
999.26	95.010
999.43	95.769
999.59	91.563
999.75	92.244
999.91	93.419
1000.08	97.770
1000.24	96.118
1000.40	92.527
1000.57	93.339
1000.73	92.875
1000.89	96.611
1001.05	92.970
1001.22	95.625
1001.38	95.524
1001.54	95.600
1001.70	94.887
1001.87	95.231
1002.03	92.447
1002.19	93.170
1002.35	94.273
1002.52	94.399
1002.68	93.921
1002.84	95.721
1003.00	93.135
1003.17	89.864
1003.33	95.436
1003.49	92.103
1003.65	92.362
1003.82	96.841
1003.98	97.696
1004.14	97.189
1004.30	93.893
1004.47	95.351
1004.63	95.115
1004.79	94.480
1004.95	93.843
1005.11	96.459
1005.28	93.040
1005.44	95.911
1005.60	94.356
1005.76	92.640
1005.93	95.954
1006.09	95.453
1006.25	96.144
1006.41	91.924
1006.57	93.023
1006.74	93.486
1006.90	94.355
1007.06	97.207
1007.22	93.010
1007.38	95.672
1007.55	94.760
1007.71	99.441
1007.87	95.519
1008.03	96.243
1008.19	97.759
1008.35	91.092
1008.52	92.789
1008.68	95.575
1008.84	90.350
1009.00	96.153
1009.16	95.411
1009.32	95.327
1009.49	93.767
1009.65	97.032
1009.81	97.877
1009.97	94.069
1010.13	92.332
1010.29	93.514
1010.46	93.286
1010.62	94.543
1010.78	96.794
1010.94	89.540
1011.10	95.875
1011.26	94.663
1011.42	93.561
1011.59	97.654
1011.75	93.764
1011.91	88.871
1012.07	98.209
1012.23	97.088
1012.39	97.160
1012.55	99.430
1012.71	91.799
1012.88	95.960
1013.04	101.772
1013.20	94.656
1013.36	96.300
1013.52	93.848
1013.68	94.878
1013.84	92.618
1014.00	92.865
1014.16	98.320
1014.33	93.182
1014.49	92.490
1014.65	96.251
1014.81	94.300
1014.97	100.039
1015.13	92.216
1015.29	92.667
1015.45	97.095
1015.61	90.607
1015.77	97.908
1015.93	93.846
1016.09	92.712
1016.26	99.171
1016.42	95.902
1016.58	95.614
1016.74	97.278
1016.90	97.822
1017.06	94.048
1017.22	93.850
1017.38	92.674
1017.54	95.006
1017.70	94.563
1017.86	98.169
1018.02	100.461
1018.18	95.338
1018.34	92.345
1018.50	95.189
1018.66	98.297
1018.82	101.563
1018.98	99.310
1019.14	101.725
1019.31	98.183
1019.47	89.358
1019.63	95.444
1019.79	94.556
1019.95	93.451
1020.11	94.519
1020.27	98.443
1020.43	96.018
1020.59	95.144
1020.75	91.888
1020.91	97.049
1021.07	96.829
1021.23	90.644
1021.39	95.793
1021.55	94.362
1021.71	94.513
1021.87	95.545
1022.03	96.706
1022.19	100.554
1022.35	89.366
1022.51	97.733
1022.67	95.904
1022.83	94.898
1022.99	96.331
1023.15	99.023
1023.31	96.584
1023.47	91.586
1023.63	99.272
1023.79	108.070
1023.95	96.063
1024.10	101.761
1024.26	94.229
1024.42	98.912
1024.58	98.016
1024.74	91.862
1024.90	90.732
1025.06	93.389
1025.22	100.231
1025.38	97.762
1025.54	96.378
1025.70	95.100
1025.86	92.118
1026.02	101.271
1026.18	98.222
1026.34	100.645
1026.50	97.431
1026.66	88.095
1026.82	99.820
1026.98	98.939
1027.13	97.415
1027.29	105.723
1027.45	98.026
1027.61	101.564
1027.77	95.353
1027.93	99.751
1028.09	95.232
1028.25	93.465
1028.41	101.348
1028.57	99.935
1028.73	99.480
1028.88	95.959
1029.04	103.125
1029.20	103.203
1029.36	95.588
1029.52	98.264
1029.68	95.921
1029.84	90.619
1030.00	102.344
1030.16	100.962
1030.32	101.419
1030.47	106.442
1030.63	97.094
1030.79	103.046
1030.95	103.935
1031.11	105.376
1031.27	100.497
1031.43	109.888
1031.59	93.871
1031.74	99.498
1031.90	103.647
1032.06	100.000
1032.22	98.926
1032.38	105.955
1032.54	106.662
1032.69	105.660
1032.85	99.847
1033.01	107.590
1033.17	98.415
1033.33	109.059
1033.49	99.753
1033.65	102.493
1033.80	91.347
1033.96	101.387
1034.12	105.055
1034.28	99.246
1034.44	101.235
1034.60	92.197
1034.75	101.756
1034.91	104.264
1035.07	98.994
1035.23	94.590
1035.39	101.569
1035.54	90.780
1035.70	101.792
1035.86	99.526
1036.02	97.819
1036.18	96.092
1036.33	103.311
1036.49	93.421
1036.65	104.453
1036.81	92.181
1036.97	93.160
1037.12	109.564
1037.28	100.532
1037.44	93.097
1037.60	109.117
1037.76	118.049
1037.91	103.151
1038.07	100.951
1038.23	98.579
1038.39	123.839
1038.54	102.998
1038.70	104.837
1038.86	98.225
1039.02	106.821
1039.17	98.274
1039.33	97.207
1039.49	95.468
1039.65	109.125
1039.80	107.888
1039.96	100.522
1040.12	99.566
1040.28	107.230
>>>>> Data<<<<< Espectral Procesado Extremo
