Fichero De Datos De SpectraSuite
++++++++++++++++++++++++++++++++++++
Fecha: Mon Jun 29 08:09:20 CST 2026
Usuario: HP
Presente Oscuro Del Espectro: Sí
La Referencia de Presente Del Espectro De: Sí
Muestreados de los componentes de Número de espectros: 1
Espectrómetros: USB4H06056
Tiempo de integración (usec): 300000 (USB4H06056)
Promedio de Espectros Hechos un: 5 (USB4H06056)
El Alisar Del Furgón: 0 (USB4H06056)
Párrafo de de Corregir del la del del de Eléctrica del obscuridad: No (USB4H06056)
Estrobo/Lámpara Permitido: No (USB4H06056)
Correct for Detector Non-linearity: No (USB4H06056)
Párrafo de de Corregir del la del del de Externa del luz: No (USB4H06056)
Procesado del espectro de Número de pixeles en: 3648
>>>>> Comienza Data<<<<< Espectral Procesado Del EL
345.09	33.333
345.30	33.333
345.52	33.333
345.74	766.667
345.95	1350.000
346.17	-248.000
346.39	424.242
346.60	766.667
346.82	233.784
347.04	240.000
347.25	585.714
347.47	36.364
347.69	-333.333
347.90	413.333
348.12	-75.000
348.34	-282.609
348.56	4133.333
348.77	111.538
348.99	85.507
349.21	-100.000
349.42	103.571
349.64	2.128
349.86	53.456
350.07	33.333
350.29	26.009
350.51	-48.544
350.72	36.283
350.94	54.717
351.16	165.812
351.37	-23.913
351.59	-1.550
351.81	135.333
352.02	61.692
352.24	2.439
352.46	36.885
352.67	0.909
352.89	111.043
353.10	24.684
353.32	72.432
353.54	84.951
353.75	167.308
353.97	35.185
354.19	45.283
354.40	24.370
354.62	230.508
354.84	62.766
355.05	17.949
355.27	92.056
355.49	142.143
355.70	132.743
355.92	25.000
356.14	55.039
356.35	45.638
356.57	74.603
356.78	95.775
357.00	52.239
357.22	82.099
357.43	103.524
357.65	91.919
357.87	169.355
358.08	51.592
358.30	67.401
358.51	50.303
358.73	82.143
358.95	90.000
359.16	128.676
359.38	53.548
359.60	122.951
359.81	73.455
360.03	42.748
360.24	63.253
360.46	75.141
360.68	65.060
360.89	202.857
361.11	92.262
361.33	141.872
361.54	82.562
361.76	56.146
361.97	105.618
362.19	68.367
362.41	98.058
362.62	134.764
362.84	45.304
363.05	155.405
363.27	83.459
363.49	92.118
363.70	114.545
363.92	102.500
364.13	140.994
364.35	69.658
364.57	65.946
364.78	112.207
365.00	66.851
365.21	130.435
365.43	68.807
365.65	82.775
365.86	77.457
366.08	100.000
366.29	61.450
366.51	47.887
366.73	68.996
366.94	85.246
367.16	55.967
367.37	4.918
367.59	128.796
367.80	65.289
368.02	54.639
368.24	237.255
368.45	194.891
368.67	98.065
368.88	254.455
369.10	165.385
369.31	79.600
369.53	112.994
369.75	109.328
369.96	125.203
370.18	143.636
370.39	109.055
370.61	94.178
370.82	90.411
371.04	85.714
371.26	98.859
371.47	126.190
371.69	253.913
371.90	120.909
372.12	69.744
372.33	101.422
372.55	93.878
372.76	100.816
372.98	62.011
373.20	149.689
373.41	91.882
373.63	150.526
373.84	97.059
374.06	105.941
374.27	71.642
374.49	126.042
374.70	118.692
374.92	128.571
375.13	79.863
375.35	78.648
375.57	99.237
375.78	103.358
376.00	76.000
376.21	102.295
376.43	94.362
376.64	110.968
376.86	96.104
377.07	121.239
377.29	89.153
377.50	170.345
377.72	140.870
377.93	155.947
378.15	144.366
378.36	161.927
378.58	95.833
378.80	158.156
379.01	98.644
379.23	107.905
379.44	81.058
379.66	140.854
379.87	142.500
380.09	89.286
380.30	134.586
380.52	127.711
380.73	136.181
380.95	149.635
381.16	113.904
381.38	137.872
381.59	110.313
381.81	150.000
382.02	138.489
382.24	104.684
382.45	114.943
382.67	121.645
382.88	125.360
383.10	132.226
383.31	127.331
383.53	145.906
383.74	83.492
383.96	182.576
384.17	92.000
384.39	115.404
384.60	97.638
384.82	106.280
385.03	113.299
385.25	196.347
385.46	108.424
385.68	137.931
385.89	132.184
386.11	116.399
386.32	139.721
386.54	92.583
386.75	92.879
386.97	116.012
387.18	126.115
387.40	123.647
387.61	96.737
387.83	104.188
388.04	130.205
388.25	110.222
388.47	121.779
388.68	89.549
388.90	128.723
389.11	141.720
389.33	55.041
389.54	138.226
389.76	117.784
389.97	134.450
390.19	100.973
390.40	147.368
390.62	115.059
390.83	123.116
391.05	128.924
391.26	108.750
391.47	113.032
391.69	142.754
391.90	113.075
392.12	94.086
392.33	142.619
392.55	125.991
392.76	96.617
392.98	117.422
393.19	160.181
393.41	125.000
393.62	94.177
393.83	126.225
394.05	136.011
394.26	145.477
394.48	77.778
394.69	100.701
394.91	123.848
395.12	132.762
395.34	118.777
395.55	111.742
395.76	132.168
395.98	109.646
396.19	153.899
396.41	127.669
396.62	142.197
396.84	139.305
397.05	122.139
397.26	132.282
397.48	100.447
397.69	150.118
397.91	107.877
398.12	125.497
398.33	113.788
398.55	114.082
398.76	103.545
398.98	108.123
399.19	97.859
399.41	129.846
399.62	128.626
399.83	139.412
400.05	149.002
400.26	123.386
400.48	112.060
400.69	123.980
400.90	127.886
401.12	133.094
401.33	118.284
401.55	107.820
401.76	121.336
401.97	113.810
402.19	109.793
402.40	125.248
402.62	117.219
402.83	106.617
403.04	105.866
403.26	127.375
403.47	96.042
403.69	107.289
403.90	104.658
404.11	127.062
404.33	107.317
404.54	110.615
404.76	95.977
404.97	118.750
405.18	113.674
405.40	133.974
405.61	110.761
405.83	95.084
406.04	114.429
406.25	120.871
406.47	98.923
406.68	79.979
406.89	115.995
407.11	109.913
407.32	115.912
407.54	133.482
407.75	105.495
407.96	115.113
408.18	112.958
408.39	91.916
408.60	106.430
408.82	117.740
409.03	96.559
409.24	95.518
409.46	101.881
409.67	105.106
409.89	107.296
410.10	104.407
410.31	109.789
410.53	99.897
410.74	94.399
410.95	95.937
411.17	91.707
411.38	101.481
411.59	95.041
411.81	90.650
412.02	88.329
412.23	83.667
412.45	83.497
412.66	94.371
412.87	101.810
413.09	97.391
413.30	84.829
413.51	72.319
413.73	91.768
413.94	94.086
414.15	83.406
414.37	79.638
414.58	84.917
414.79	75.668
415.01	82.571
415.22	81.696
415.43	80.238
415.65	78.857
415.86	77.916
416.07	77.543
416.29	82.364
416.50	70.405
416.71	64.997
416.93	73.321
417.14	71.740
417.35	67.691
417.57	62.383
417.78	67.128
417.99	72.707
418.21	71.948
418.42	62.961
418.63	62.272
418.85	-17.697
419.06	62.414
419.27	63.623
419.48	58.580
419.70	61.808
419.91	59.480
420.12	56.652
420.34	55.769
420.55	57.052
420.76	59.610
420.98	52.792
421.19	56.935
421.40	54.802
421.61	54.038
421.83	50.754
422.04	53.763
422.25	51.178
422.47	50.761
422.68	52.252
422.89	47.194
423.11	53.817
423.32	54.524
423.53	51.265
423.74	50.678
423.96	47.553
424.17	48.285
424.38	46.667
424.59	48.595
424.81	46.603
425.02	46.002
425.23	44.149
425.45	47.841
425.66	45.194
425.87	43.541
426.08	44.056
426.30	41.215
426.51	41.746
426.72	45.933
426.93	42.538
427.15	43.806
427.36	45.666
427.57	43.984
427.79	40.436
428.00	44.056
428.21	45.493
428.42	39.183
428.64	41.213
428.85	43.621
429.06	43.235
429.27	40.804
429.49	40.205
429.70	41.258
429.91	38.658
430.12	39.805
430.34	38.968
430.55	40.009
430.76	39.965
430.97	38.827
431.19	36.953
431.40	39.015
431.61	40.149
431.82	39.269
432.03	40.171
432.25	38.881
432.46	38.692
432.67	41.386
432.88	39.445
433.10	37.463
433.31	35.093
433.52	39.190
433.73	38.364
433.95	38.631
434.16	37.710
434.37	37.802
434.58	36.739
434.79	36.539
435.01	37.562
435.22	38.705
435.43	36.724
435.64	37.511
435.86	37.254
436.07	37.130
436.28	36.589
436.49	36.031
436.70	36.457
436.92	37.190
437.13	38.076
437.34	36.194
437.55	37.595
437.76	36.926
437.98	35.357
438.19	35.925
438.40	38.712
438.61	36.496
438.82	39.123
439.04	35.767
439.25	36.669
439.46	37.395
439.67	36.330
439.88	35.134
440.10	37.433
440.31	35.910
440.52	36.388
440.73	39.151
440.94	37.233
441.16	36.948
441.37	37.379
441.58	36.958
441.79	37.502
442.00	36.990
442.21	34.992
442.43	36.357
442.64	35.340
442.85	36.624
443.06	36.265
443.27	35.152
443.48	37.957
443.70	37.764
443.91	36.453
444.12	36.513
444.33	36.875
444.54	37.087
444.75	35.756
444.97	35.986
445.18	36.093
445.39	35.325
445.60	35.870
445.81	37.522
446.02	35.406
446.24	36.067
446.45	38.591
446.66	36.659
446.87	36.396
447.08	36.487
447.29	35.732
447.51	35.988
447.72	35.128
447.93	38.882
448.14	36.337
448.35	37.855
448.56	36.045
448.77	37.606
448.99	37.686
449.20	33.885
449.41	35.678
449.62	35.371
449.83	36.282
450.04	36.794
450.25	36.393
450.46	37.178
450.68	37.238
450.89	36.547
451.10	37.526
451.31	36.253
451.52	37.310
451.73	37.790
451.94	37.374
452.15	36.730
452.37	37.944
452.58	35.081
452.79	35.422
453.00	35.884
453.21	36.350
453.42	37.183
453.63	38.783
453.84	38.227
454.06	38.436
454.27	37.429
454.48	38.068
454.69	39.091
454.90	36.622
455.11	37.786
455.32	37.257
455.53	38.371
455.74	36.800
455.95	36.248
456.17	37.501
456.38	37.349
456.59	37.889
456.80	38.481
457.01	37.932
457.22	37.179
457.43	36.336
457.64	37.202
457.85	37.823
458.06	39.537
458.27	37.671
458.49	38.213
458.70	38.982
458.91	36.493
459.12	36.559
459.33	37.701
459.54	36.879
459.75	37.641
459.96	37.364
460.17	39.178
460.38	37.363
460.59	38.224
460.80	37.121
461.01	38.024
461.23	37.759
461.44	37.657
461.65	38.534
461.86	38.109
462.07	39.719
462.28	39.726
462.49	38.930
462.70	38.906
462.91	38.231
463.12	38.663
463.33	39.308
463.54	38.600
463.75	39.373
463.96	38.420
464.17	37.771
464.38	37.454
464.59	38.623
464.81	38.217
465.02	37.780
465.23	37.790
465.44	39.641
465.65	39.532
465.86	38.483
466.07	39.594
466.28	39.528
466.49	38.461
466.70	39.211
466.91	38.857
467.12	38.921
467.33	39.971
467.54	38.192
467.75	37.612
467.96	39.166
468.17	38.844
468.38	38.403
468.59	38.070
468.80	38.923
469.01	38.725
469.22	37.951
469.43	37.712
469.64	39.254
469.85	39.302
470.06	37.967
470.27	39.002
470.48	38.663
470.69	38.925
470.90	38.577
471.11	39.236
471.32	39.192
471.53	39.036
471.74	38.479
471.95	39.770
472.16	39.226
472.37	38.841
472.58	38.700
472.79	37.577
473.00	39.301
473.21	39.480
473.42	39.336
473.63	38.081
473.84	39.769
474.05	39.125
474.26	39.704
474.47	38.521
474.68	39.083
474.89	39.577
475.10	38.386
475.31	38.064
475.52	37.977
475.73	39.097
475.94	38.722
476.15	39.782
476.36	38.855
476.57	39.956
476.78	38.294
476.99	39.060
477.20	40.183
477.41	40.095
477.62	38.754
477.83	39.554
478.04	39.089
478.25	38.716
478.46	39.028
478.67	39.507
478.88	38.877
479.09	39.411
479.30	39.728
479.51	39.515
479.72	39.581
479.93	39.367
480.14	38.474
480.35	40.272
480.56	39.402
480.77	39.417
480.98	39.423
481.18	40.226
481.39	39.334
481.60	39.574
481.81	39.494
482.02	38.830
482.23	40.134
482.44	39.348
482.65	39.514
482.86	39.395
483.07	40.256
483.28	40.391
483.49	39.687
483.70	39.035
483.91	39.491
484.12	39.807
484.33	39.516
484.53	40.101
484.74	39.609
484.95	39.572
485.16	39.714
485.37	40.404
485.58	40.074
485.79	39.602
486.00	39.953
486.21	39.534
486.42	40.477
486.63	40.200
486.84	39.073
487.05	39.836
487.25	39.215
487.46	40.142
487.67	40.132
487.88	40.053
488.09	40.033
488.30	40.273
488.51	40.796
488.72	39.367
488.93	40.470
489.14	40.127
489.35	39.876
489.55	39.921
489.76	40.210
489.97	40.115
490.18	40.160
490.39	40.260
490.60	39.997
490.81	40.243
491.02	39.593
491.23	40.412
491.43	39.537
491.64	40.083
491.85	39.719
492.06	41.137
492.27	40.070
492.48	40.411
492.69	40.407
492.90	40.468
493.11	39.713
493.31	40.562
493.52	40.094
493.73	40.191
493.94	40.645
494.15	40.182
494.36	41.138
494.57	40.324
494.78	40.766
494.98	40.831
495.19	40.259
495.40	40.238
495.61	40.843
495.82	40.882
496.03	40.379
496.24	40.111
496.44	40.518
496.65	40.074
496.86	40.652
497.07	40.873
497.28	40.627
497.49	40.568
497.70	40.331
497.90	40.761
498.11	40.785
498.32	40.818
498.53	40.295
498.74	40.676
498.95	41.511
499.15	41.016
499.36	40.243
499.57	40.835
499.78	40.758
499.99	40.783
500.20	39.949
500.40	41.089
500.61	40.711
500.82	40.313
501.03	40.899
501.24	40.278
501.45	41.267
501.65	41.169
501.86	40.895
502.07	40.863
502.28	40.821
502.49	40.442
502.70	40.950
502.90	41.289
503.11	40.697
503.32	40.963
503.53	40.762
503.74	41.256
503.94	40.723
504.15	41.143
504.36	41.035
504.57	41.298
504.78	41.382
504.98	41.019
505.19	41.181
505.40	40.935
505.61	40.930
505.82	41.415
506.02	41.096
506.23	41.612
506.44	41.710
506.65	40.738
506.86	41.541
507.06	41.537
507.27	42.131
507.48	41.218
507.69	41.520
507.90	41.278
508.10	41.745
508.31	41.657
508.52	41.706
508.73	41.549
508.94	41.282
509.14	41.405
509.35	41.809
509.56	41.605
509.77	41.417
509.97	41.786
510.18	41.929
510.39	41.686
510.60	42.072
510.80	42.194
511.01	41.773
511.22	41.770
511.43	42.113
511.64	42.361
511.84	41.678
512.05	42.460
512.26	42.184
512.47	42.467
512.67	42.674
512.88	41.967
513.09	42.476
513.30	42.591
513.50	42.442
513.71	42.228
513.92	42.262
514.13	42.907
514.33	42.307
514.54	42.828
514.75	42.807
514.96	42.819
515.16	42.474
515.37	42.950
515.58	43.128
515.78	43.181
515.99	43.111
516.20	43.503
516.41	43.495
516.61	43.446
516.82	42.869
517.03	43.388
517.24	43.588
517.44	43.336
517.65	43.842
517.86	43.687
518.07	43.648
518.27	44.340
518.48	43.876
518.69	43.537
518.89	44.592
519.10	44.182
519.31	44.152
519.52	44.166
519.72	44.343
519.93	44.564
520.14	44.442
520.34	44.973
520.55	44.514
520.76	44.956
520.96	45.692
521.17	44.967
521.38	44.749
521.59	45.189
521.79	45.391
522.00	45.866
522.21	45.666
522.41	45.174
522.62	45.642
522.83	45.788
523.03	45.910
523.24	46.154
523.45	46.114
523.66	45.831
523.86	46.944
524.07	46.570
524.28	46.650
524.48	46.857
524.69	46.368
524.90	47.455
525.10	47.001
525.31	46.791
525.52	47.415
525.72	47.353
525.93	47.462
526.14	47.725
526.34	48.064
526.55	47.888
526.76	47.876
526.96	48.296
527.17	48.263
527.38	48.035
527.58	48.259
527.79	48.633
528.00	48.790
528.20	48.626
528.41	48.433
528.62	48.575
528.82	49.463
529.03	48.795
529.24	49.138
529.44	49.279
529.65	49.086
529.85	49.495
530.06	49.480
530.27	49.831
530.47	49.904
530.68	49.766
530.89	49.493
531.09	49.711
531.30	50.065
531.51	50.411
531.71	50.307
531.92	49.636
532.13	50.497
532.33	50.532
532.54	50.845
532.74	51.056
532.95	51.268
533.16	51.309
533.36	50.501
533.57	50.964
533.78	51.090
533.98	51.385
534.19	51.186
534.39	51.233
534.60	50.875
534.81	51.650
535.01	51.327
535.22	51.642
535.42	51.762
535.63	51.816
535.84	52.056
536.04	51.597
536.25	52.232
536.45	52.503
536.66	51.706
536.87	52.133
537.07	51.831
537.28	52.344
537.48	52.337
537.69	52.032
537.90	52.620
538.10	52.650
538.31	52.706
538.51	52.464
538.72	52.821
538.93	53.072
539.13	52.706
539.34	52.502
539.54	52.717
539.75	53.114
539.96	53.151
540.16	52.451
540.37	53.285
540.57	53.091
540.78	52.952
540.98	53.090
541.19	52.864
541.40	53.128
541.60	53.435
541.81	53.337
542.01	53.507
542.22	53.396
542.42	53.474
542.63	53.288
542.83	53.498
543.04	54.133
543.25	53.937
543.45	53.468
543.66	53.643
543.86	53.639
544.07	54.064
544.27	53.672
544.48	54.654
544.68	53.666
544.89	54.127
545.10	53.898
545.30	54.515
545.51	53.675
545.71	54.152
545.92	54.204
546.12	53.882
546.33	53.869
546.53	53.723
546.74	54.425
546.94	54.020
547.15	53.920
547.36	54.403
547.56	54.458
547.77	54.114
547.97	54.347
548.18	54.320
548.38	54.477
548.59	54.131
548.79	54.637
549.00	54.182
549.20	54.349
549.41	54.251
549.61	54.909
549.82	54.511
550.02	54.553
550.23	54.306
550.43	54.571
550.64	54.493
550.84	54.488
551.05	54.541
551.25	54.393
551.46	54.499
551.66	54.261
551.87	54.923
552.07	54.281
552.28	54.679
552.48	54.486
552.69	54.677
552.89	54.696
553.10	54.525
553.30	54.677
553.51	54.870
553.71	54.910
553.92	54.670
554.12	54.511
554.33	54.761
554.53	55.071
554.74	54.663
554.94	55.012
555.15	54.858
555.35	55.316
555.56	54.948
555.76	54.660
555.97	54.737
556.17	54.902
556.38	54.438
556.58	55.087
556.78	54.915
556.99	55.120
557.19	55.147
557.40	54.391
557.60	54.530
557.81	54.752
558.01	54.959
558.22	55.200
558.42	55.069
558.63	54.827
558.83	55.085
559.04	55.195
559.24	55.321
559.44	55.190
559.65	54.647
559.85	55.470
560.06	54.631
560.26	55.120
560.47	54.938
560.67	54.969
560.88	54.915
561.08	55.116
561.28	55.176
561.49	54.810
561.69	54.889
561.90	55.021
562.10	54.318
562.31	54.580
562.51	55.284
562.71	54.985
562.92	54.950
563.12	54.866
563.33	54.869
563.53	54.635
563.74	54.544
563.94	54.751
564.14	54.655
564.35	54.234
564.55	54.480
564.76	53.927
564.96	54.693
565.17	54.097
565.37	55.015
565.57	54.185
565.78	54.317
565.98	54.351
566.19	54.185
566.39	54.179
566.59	54.188
566.80	53.916
567.00	54.568
567.21	53.940
567.41	54.238
567.61	54.043
567.82	54.234
568.02	53.818
568.23	53.668
568.43	53.438
568.63	53.708
568.84	53.439
569.04	53.359
569.24	53.312
569.45	53.696
569.65	53.397
569.86	53.302
570.06	53.367
570.26	53.564
570.47	53.568
570.67	53.006
570.87	53.200
571.08	52.994
571.28	52.746
571.49	52.846
571.69	52.812
571.89	52.882
572.10	52.475
572.30	53.181
572.50	52.727
572.71	52.630
572.91	52.593
573.11	52.255
573.32	52.711
573.52	52.214
573.73	51.982
573.93	52.765
574.13	51.903
574.34	51.749
574.54	51.677
574.74	51.817
574.95	51.858
575.15	51.951
575.35	51.883
575.56	51.362
575.76	51.601
575.96	51.433
576.17	51.367
576.37	51.131
576.57	50.940
576.78	51.422
576.98	50.861
577.18	51.053
577.39	50.658
577.59	50.720
577.79	50.801
578.00	50.696
578.20	50.758
578.40	50.814
578.61	51.032
578.81	50.665
579.01	50.437
579.22	50.295
579.42	50.221
579.62	50.068
579.82	50.095
580.03	49.930
580.23	50.014
580.43	49.680
580.64	49.833
580.84	49.753
581.04	49.646
581.25	49.961
581.45	49.780
581.65	49.673
581.86	49.518
582.06	49.753
582.26	49.784
582.46	49.738
582.67	49.493
582.87	49.374
583.07	49.129
583.28	48.956
583.48	49.631
583.68	49.039
583.88	49.288
584.09	48.829
584.29	48.982
584.49	48.811
584.70	49.044
584.90	48.824
585.10	48.613
585.30	48.597
585.51	48.542
585.71	48.517
585.91	48.717
586.11	48.473
586.32	48.609
586.52	48.190
586.72	48.420
586.92	48.795
587.13	48.378
587.33	48.545
587.53	48.420
587.74	48.463
587.94	48.006
588.14	48.402
588.34	48.547
588.55	48.049
588.75	48.250
588.95	47.995
589.15	48.083
589.36	48.075
589.56	47.656
589.76	47.569
589.96	47.952
590.16	47.964
590.37	47.984
590.57	47.399
590.77	47.351
590.97	47.989
591.18	47.412
591.38	47.421
591.58	47.714
591.78	47.486
591.99	47.418
592.19	47.487
592.39	47.772
592.59	47.506
592.79	47.294
593.00	47.690
593.20	47.312
593.40	47.507
593.60	47.617
593.81	47.085
594.01	47.760
594.21	47.377
594.41	47.646
594.61	46.827
594.82	47.112
595.02	47.027
595.22	47.252
595.42	46.975
595.62	47.116
595.83	47.010
596.03	46.925
596.23	46.917
596.43	46.657
596.63	47.407
596.84	46.557
597.04	47.138
597.24	46.935
597.44	46.918
597.64	47.015
597.84	46.780
598.05	46.875
598.25	47.147
598.45	46.953
598.65	46.630
598.85	46.611
599.06	46.972
599.26	46.878
599.46	46.815
599.66	46.326
599.86	46.608
600.06	47.470
600.27	46.795
600.47	46.719
600.67	46.469
600.87	46.583
601.07	46.369
601.27	46.479
601.48	46.449
601.68	46.812
601.88	46.524
602.08	46.122
602.28	46.467
602.48	46.747
602.68	46.643
602.89	46.371
603.09	46.394
603.29	46.434
603.49	46.305
603.69	46.427
603.89	46.440
604.09	46.487
604.30	46.493
604.50	46.117
604.70	46.680
604.90	46.446
605.10	46.612
605.30	46.533
605.50	46.535
605.71	46.322
605.91	46.360
606.11	46.455
606.31	46.460
606.51	46.336
606.71	46.623
606.91	46.127
607.11	46.529
607.32	46.257
607.52	46.047
607.72	46.363
607.92	46.045
608.12	46.382
608.32	46.022
608.52	46.299
608.72	46.183
608.92	46.081
609.12	46.145
609.33	45.546
609.53	46.160
609.73	45.950
609.93	46.127
610.13	45.608
610.33	46.246
610.53	46.021
610.73	45.840
610.93	45.904
611.13	45.864
611.34	46.036
611.54	45.587
611.74	45.957
611.94	45.987
612.14	46.136
612.34	45.826
612.54	45.752
612.74	45.449
612.94	45.805
613.14	45.464
613.34	45.530
613.54	45.658
613.74	45.594
613.95	45.611
614.15	45.580
614.35	45.186
614.55	45.368
614.75	45.438
614.95	45.315
615.15	45.701
615.35	45.164
615.55	45.439
615.75	45.295
615.95	45.470
616.15	45.104
616.35	44.825
616.55	45.198
616.75	45.179
616.95	45.127
617.15	45.232
617.35	45.740
617.56	44.891
617.76	44.870
617.96	44.736
618.16	44.984
618.36	45.277
618.56	45.094
618.76	45.055
618.96	44.519
619.16	44.818
619.36	45.242
619.56	45.114
619.76	44.737
619.96	44.700
620.16	44.927
620.36	44.875
620.56	44.998
620.76	44.875
620.96	44.579
621.16	44.790
621.36	44.648
621.56	44.810
621.76	44.817
621.96	44.669
622.16	44.746
622.36	44.843
622.56	44.898
622.76	44.686
622.96	44.404
623.16	44.546
623.36	44.729
623.56	44.482
623.76	44.509
623.96	44.627
624.16	44.731
624.36	44.646
624.56	44.415
624.76	44.366
624.96	44.740
625.16	44.033
625.36	44.542
625.56	44.383
625.76	44.512
625.96	44.259
626.16	44.628
626.36	44.559
626.56	44.235
626.76	44.345
626.96	44.714
627.16	44.252
627.36	44.256
627.56	44.200
627.76	44.455
627.96	44.326
628.16	44.228
628.36	43.991
628.56	44.387
628.75	44.082
628.95	44.065
629.15	43.858
629.35	44.130
629.55	43.959
629.75	44.389
629.95	44.183
630.15	44.515
630.35	44.102
630.55	44.083
630.75	44.011
630.95	43.947
631.15	43.645
631.35	44.287
631.55	44.244
631.75	44.384
631.95	43.928
632.15	44.046
632.34	44.077
632.54	43.981
632.74	43.945
632.94	44.042
633.14	44.192
633.34	43.980
633.54	43.944
633.74	44.128
633.94	44.011
634.14	43.812
634.34	43.854
634.54	43.912
634.74	43.969
634.93	43.621
635.13	43.670
635.33	43.568
635.53	43.587
635.73	43.670
635.93	43.740
636.13	43.634
636.33	43.559
636.53	43.743
636.73	43.589
636.93	43.690
637.12	43.704
637.32	43.403
637.52	43.656
637.72	43.432
637.92	43.388
638.12	43.232
638.32	43.575
638.52	43.404
638.72	43.190
638.91	43.309
639.11	43.108
639.31	43.147
639.51	42.895
639.71	43.155
639.91	43.220
640.11	43.160
640.31	43.269
640.50	43.353
640.70	43.093
640.90	42.829
641.10	43.110
641.30	42.974
641.50	42.797
641.70	42.864
641.89	42.671
642.09	42.836
642.29	42.742
642.49	42.680
642.69	42.722
642.89	42.548
643.09	42.818
643.28	42.439
643.48	42.642
643.68	42.616
643.88	42.539
644.08	42.515
644.28	42.546
644.48	42.018
644.67	42.458
644.87	42.418
645.07	42.190
645.27	42.137
645.47	42.195
645.67	42.226
645.86	42.336
646.06	42.019
646.26	42.042
646.46	42.204
646.66	42.120
646.85	42.080
647.05	41.787
647.25	41.576
647.45	42.162
647.65	41.883
647.85	41.431
648.04	41.682
648.24	42.091
648.44	41.788
648.64	41.597
648.84	41.769
649.03	41.615
649.23	41.560
649.43	41.666
649.63	41.650
649.83	41.287
650.02	41.256
650.22	41.314
650.42	41.638
650.62	41.324
650.82	41.331
651.01	41.310
651.21	41.091
651.41	41.171
651.61	41.317
651.81	41.133
652.00	41.180
652.20	40.945
652.40	41.047
652.60	41.079
652.79	41.432
652.99	41.017
653.19	40.788
653.39	40.949
653.59	41.148
653.78	41.156
653.98	41.219
654.18	41.087
654.38	40.661
654.57	41.175
654.77	41.229
654.97	40.897
655.17	40.689
655.36	41.102
655.56	40.963
655.76	41.223
655.96	41.479
656.15	40.785
656.35	40.898
656.55	41.060
656.75	40.915
656.94	40.597
657.14	40.836
657.34	40.800
657.54	40.606
657.73	40.847
657.93	40.886
658.13	40.859
658.33	40.772
658.52	40.642
658.72	40.955
658.92	40.533
659.11	40.591
659.31	40.812
659.51	40.804
659.71	40.728
659.90	40.498
660.10	40.556
660.30	40.400
660.50	40.682
660.69	40.852
660.89	40.964
661.09	40.669
661.28	40.653
661.48	40.485
661.68	40.228
661.87	40.622
662.07	40.557
662.27	40.611
662.47	40.500
662.66	40.340
662.86	40.334
663.06	40.352
663.25	40.491
663.45	40.226
663.65	40.552
663.84	40.259
664.04	40.336
664.24	40.297
664.44	40.125
664.63	40.546
664.83	40.111
665.03	40.220
665.22	40.161
665.42	40.291
665.62	40.010
665.81	40.160
666.01	40.261
666.21	39.923
666.40	40.386
666.60	40.499
666.80	40.029
666.99	40.437
667.19	40.413
667.39	40.171
667.58	40.060
667.78	40.140
667.98	40.079
668.17	39.917
668.37	40.112
668.57	39.955
668.76	40.149
668.96	39.889
669.16	40.138
669.35	39.913
669.55	39.804
669.74	39.894
669.94	40.213
670.14	39.941
670.33	39.823
670.53	40.127
670.73	40.421
670.92	40.203
671.12	40.068
671.32	40.215
671.51	40.540
671.71	40.202
671.90	39.880
672.10	40.100
672.30	40.219
672.49	39.911
672.69	39.874
672.89	40.167
673.08	39.868
673.28	39.943
673.47	40.124
673.67	40.131
673.87	40.192
674.06	39.875
674.26	40.072
674.45	40.464
674.65	40.147
674.85	39.952
675.04	39.875
675.24	39.878
675.43	39.988
675.63	40.201
675.83	40.003
676.02	40.027
676.22	39.945
676.41	39.677
676.61	40.142
676.81	39.636
677.00	40.070
677.20	40.115
677.39	39.992
677.59	40.131
677.79	40.031
677.98	40.123
678.18	40.285
678.37	40.035
678.57	40.111
678.76	39.855
678.96	40.209
679.16	39.971
679.35	39.929
679.55	40.183
679.74	39.761
679.94	40.059
680.13	40.046
680.33	40.015
680.53	40.076
680.72	40.152
680.92	40.068
681.11	40.420
681.31	40.222
681.50	40.171
681.70	40.253
681.89	40.428
682.09	40.001
682.28	39.777
682.48	39.726
682.68	40.339
682.87	39.844
683.07	40.042
683.26	40.238
683.46	40.327
683.65	40.178
683.85	40.445
684.04	40.038
684.24	40.352
684.43	40.433
684.63	40.337
684.82	40.257
685.02	40.328
685.21	40.287
685.41	40.415
685.60	40.629
685.80	40.399
686.00	40.504
686.19	40.274
686.39	40.488
686.58	40.291
686.78	40.662
686.97	40.246
687.17	40.536
687.36	40.601
687.56	40.551
687.75	40.453
687.95	40.698
688.14	40.427
688.34	40.578
688.53	40.476
688.73	40.764
688.92	40.612
689.12	40.470
689.31	40.865
689.51	40.370
689.70	40.893
689.89	40.733
690.09	40.559
690.28	40.970
690.48	41.132
690.67	40.645
690.87	40.881
691.06	41.021
691.26	40.920
691.45	41.147
691.65	41.227
691.84	41.387
692.04	41.392
692.23	41.392
692.43	41.491
692.62	41.877
692.82	41.695
693.01	41.919
693.20	41.797
693.40	42.258
693.59	41.855
693.79	42.380
693.98	42.382
694.18	42.694
694.37	42.774
694.57	42.852
694.76	42.966
694.95	43.053
695.15	43.251
695.34	43.554
695.54	43.459
695.73	43.682
695.93	43.884
696.12	44.216
696.32	43.995
696.51	44.618
696.70	44.845
696.90	44.555
697.09	44.932
697.29	45.268
697.48	45.632
697.67	45.670
697.87	45.629
698.06	46.009
698.26	46.414
698.45	46.345
698.65	46.568
698.84	46.855
699.03	47.001
699.23	47.071
699.42	47.463
699.62	47.523
699.81	48.114
700.00	48.034
700.20	48.590
700.39	48.597
700.59	48.840
700.78	49.353
700.97	49.595
701.17	49.794
701.36	50.335
701.56	50.633
701.75	50.920
701.94	50.623
702.14	51.250
702.33	51.325
702.52	51.668
702.72	51.612
702.91	51.874
703.11	52.236
703.30	52.573
703.49	53.222
703.69	53.283
703.88	53.169
704.07	53.704
704.27	53.729
704.46	54.440
704.66	54.372
704.85	54.555
705.04	54.923
705.24	55.242
705.43	55.569
705.62	55.813
705.82	55.992
706.01	56.289
706.20	56.147
706.40	57.029
706.59	57.043
706.78	57.115
706.98	57.949
707.17	57.435
707.36	58.076
707.56	58.313
707.75	57.828
707.94	58.563
708.14	59.152
708.33	59.198
708.52	59.483
708.72	59.450
708.91	59.661
709.10	60.242
709.30	60.319
709.49	60.427
709.68	60.815
709.88	61.182
710.07	61.373
710.26	61.635
710.46	61.425
710.65	61.736
710.84	62.304
711.04	62.211
711.23	62.426
711.42	62.736
711.61	62.764
711.81	63.169
712.00	63.218
712.19	63.132
712.39	63.678
712.58	64.071
712.77	64.302
712.97	64.463
713.16	64.627
713.35	64.918
713.54	64.807
713.74	65.053
713.93	65.255
714.12	65.836
714.32	66.063
714.51	65.731
714.70	65.906
714.89	66.426
715.09	66.697
715.28	67.056
715.47	67.113
715.66	66.837
715.86	67.251
716.05	67.413
716.24	67.617
716.44	67.503
716.63	67.629
716.82	67.991
717.01	68.496
717.21	68.611
717.40	68.400
717.59	69.060
717.78	68.817
717.98	69.266
718.17	69.633
718.36	69.791
718.55	69.725
718.75	70.035
718.94	70.115
719.13	70.683
719.32	70.779
719.52	70.555
719.71	70.823
719.90	71.028
720.09	70.784
720.28	71.477
720.48	71.239
720.67	72.474
720.86	71.859
721.05	71.758
721.25	71.866
721.44	72.695
721.63	72.965
721.82	73.025
722.01	73.075
722.21	73.009
722.40	73.339
722.59	73.704
722.78	74.063
722.98	73.777
723.17	74.779
723.36	74.111
723.55	74.354
723.74	74.583
723.94	74.508
724.13	74.961
724.32	74.965
724.51	75.208
724.70	74.842
724.89	75.578
725.09	75.320
725.28	75.945
725.47	76.058
725.66	76.206
725.85	76.157
726.05	76.184
726.24	76.554
726.43	77.366
726.62	77.815
726.81	76.924
727.00	78.148
727.20	77.523
727.39	77.477
727.58	77.771
727.77	78.833
727.96	78.129
728.15	78.339
728.35	78.107
728.54	78.484
728.73	78.860
728.92	78.831
729.11	79.374
729.30	79.190
729.50	78.778
729.69	79.115
729.88	79.342
730.07	79.153
730.26	79.336
730.45	79.934
730.64	79.683
730.84	79.818
731.03	79.869
731.22	80.183
731.41	80.148
731.60	80.282
731.79	80.467
731.98	80.488
732.18	81.219
732.37	80.668
732.56	80.753
732.75	80.876
732.94	80.973
733.13	81.065
733.32	81.063
733.51	81.503
733.71	81.557
733.90	81.372
734.09	82.023
734.28	82.172
734.47	82.508
734.66	81.854
734.85	81.646
735.04	82.508
735.23	82.172
735.42	82.402
735.62	82.973
735.81	82.989
736.00	82.771
736.19	83.017
736.38	82.944
736.57	83.449
736.76	82.901
736.95	82.882
737.14	83.469
737.33	83.497
737.52	83.634
737.72	82.924
737.91	83.938
738.10	83.128
738.29	83.519
738.48	83.631
738.67	83.676
738.86	84.020
739.05	84.591
739.24	84.180
739.43	84.354
739.62	84.449
739.81	84.289
740.00	84.938
740.19	84.710
740.39	84.653
740.58	85.024
740.77	84.484
740.96	85.069
741.15	85.388
741.34	84.703
741.53	84.703
741.72	84.738
741.91	85.196
742.10	85.010
742.29	85.568
742.48	85.266
742.67	85.786
742.86	84.941
743.05	85.447
743.24	85.361
743.43	85.430
743.62	85.112
743.81	85.443
744.00	86.209
744.19	85.262
744.38	85.659
744.57	85.751
744.76	85.565
744.95	86.462
745.14	86.526
745.33	86.009
745.52	85.602
745.71	86.181
745.90	85.958
746.09	85.970
746.28	85.718
746.47	86.565
746.66	86.280
746.85	86.552
747.04	85.829
747.23	86.716
747.42	86.434
747.61	86.512
747.80	86.237
747.99	86.765
748.18	86.504
748.37	86.259
748.56	86.530
748.75	86.012
748.94	86.519
749.13	86.263
749.32	86.469
749.51	85.672
749.70	86.856
749.89	86.688
750.08	87.680
750.27	87.130
750.46	86.747
750.65	87.176
750.84	87.024
751.03	87.207
751.22	86.969
751.41	87.821
751.60	87.029
751.79	87.035
751.98	87.138
752.17	86.218
752.36	87.155
752.55	86.614
752.74	87.309
752.93	87.097
753.12	87.066
753.30	87.001
753.49	87.055
753.68	87.071
753.87	87.035
754.06	87.758
754.25	86.898
754.44	87.232
754.63	87.703
754.82	87.157
755.01	87.331
755.20	87.535
755.39	87.301
755.58	87.501
755.77	87.328
755.96	86.979
756.14	87.747
756.33	87.376
756.52	87.703
756.71	86.888
756.90	87.799
757.09	87.073
757.28	87.172
757.47	87.242
757.66	87.159
757.85	86.996
758.04	87.518
758.22	87.268
758.41	87.063
758.60	87.515
758.79	87.529
758.98	87.578
759.17	87.615
759.36	87.607
759.55	87.826
759.74	87.860
759.92	87.636
760.11	87.348
760.30	87.224
760.49	87.809
760.68	88.210
760.87	87.600
761.06	87.242
761.25	87.034
761.43	87.933
761.62	87.933
761.81	88.245
762.00	88.045
762.19	87.832
762.38	87.274
762.57	87.350
762.76	87.612
762.94	87.317
763.13	87.854
763.32	87.227
763.51	87.119
763.70	87.120
763.89	87.219
764.07	87.234
764.26	87.691
764.45	87.788
764.64	87.423
764.83	87.279
765.02	87.492
765.21	87.468
765.39	87.605
765.58	87.769
765.77	87.376
765.96	87.802
766.15	87.328
766.34	87.531
766.52	87.550
766.71	87.454
766.90	87.765
767.09	88.117
767.28	88.143
767.46	87.555
767.65	87.646
767.84	87.401
768.03	87.209
768.22	87.273
768.40	87.986
768.59	87.364
768.78	88.170
768.97	87.431
769.16	87.125
769.34	87.727
769.53	87.881
769.72	87.386
769.91	87.509
770.10	87.565
770.28	87.296
770.47	87.734
770.66	87.409
770.85	87.555
771.04	87.684
771.22	87.296
771.41	88.010
771.60	87.565
771.79	87.550
771.98	87.278
772.16	87.807
772.35	88.111
772.54	87.777
772.73	87.564
772.91	87.762
773.10	87.514
773.29	87.364
773.48	87.327
773.66	86.618
773.85	87.487
774.04	87.962
774.23	87.311
774.41	87.458
774.60	87.012
774.79	88.215
774.98	87.230
775.16	88.107
775.35	87.339
775.54	87.920
775.73	87.447
775.91	87.292
776.10	87.482
776.29	87.407
776.48	87.020
776.66	87.673
776.85	87.677
777.04	87.738
777.23	87.701
777.41	87.430
777.60	87.506
777.79	87.427
777.97	87.358
778.16	87.923
778.35	87.941
778.54	87.667
778.72	87.456
778.91	87.188
779.10	87.436
779.28	87.393
779.47	87.499
779.66	88.172
779.85	87.314
780.03	87.215
780.22	86.853
780.41	87.700
780.59	87.570
780.78	87.698
780.97	87.183
781.15	87.567
781.34	87.631
781.53	88.094
781.71	88.390
781.90	87.684
782.09	87.244
782.27	87.840
782.46	88.113
782.65	87.724
782.84	88.288
783.02	87.698
783.21	87.939
783.40	87.605
783.58	87.616
783.77	87.252
783.96	87.395
784.14	87.780
784.33	87.199
784.52	87.814
784.70	87.179
784.89	87.681
785.07	88.004
785.26	86.833
785.45	87.874
785.63	87.451
785.82	88.231
786.01	87.027
786.19	87.321
786.38	87.222
786.57	87.896
786.75	87.208
786.94	87.256
787.13	87.140
787.31	87.464
787.50	87.515
787.68	87.770
787.87	87.316
788.06	87.406
788.24	87.517
788.43	87.031
788.62	87.290
788.80	87.169
788.99	87.580
789.17	87.152
789.36	87.380
789.55	87.642
789.73	87.580
789.92	87.721
790.10	87.772
790.29	87.450
790.48	87.163
790.66	87.446
790.85	87.370
791.03	87.268
791.22	86.959
791.41	87.195
791.59	87.103
791.78	87.080
791.96	87.437
792.15	87.834
792.34	87.249
792.52	87.307
792.71	87.668
792.89	86.673
793.08	87.528
793.27	87.050
793.45	87.490
793.64	87.190
793.82	87.530
794.01	87.005
794.19	87.417
794.38	87.611
794.57	86.780
794.75	87.757
794.94	87.895
795.12	88.083
795.31	87.298
795.49	87.678
795.68	87.325
795.86	87.002
796.05	87.879
796.24	87.210
796.42	88.029
796.61	87.366
796.79	87.293
796.98	86.875
797.16	87.055
797.35	88.005
797.53	87.277
797.72	87.524
797.90	87.438
798.09	87.770
798.27	87.554
798.46	87.382
798.65	86.765
798.83	87.469
799.02	87.273
799.20	87.398
799.39	86.745
799.57	86.848
799.76	87.429
799.94	87.001
800.13	87.688
800.31	87.718
800.50	87.794
800.68	87.348
800.87	87.667
801.05	87.291
801.24	87.161
801.42	88.107
801.61	87.065
801.79	87.159
801.98	87.704
802.16	87.959
802.35	87.425
802.53	87.165
802.72	87.871
802.90	87.486
803.09	87.049
803.27	87.463
803.46	87.426
803.64	87.752
803.83	87.988
804.01	87.243
804.20	87.536
804.38	87.624
804.56	87.003
804.75	87.113
804.93	86.702
805.12	87.200
805.30	87.618
805.49	86.976
805.67	87.448
805.86	87.787
806.04	87.055
806.23	87.323
806.41	87.769
806.59	86.899
806.78	87.688
806.96	87.578
807.15	88.073
807.33	87.785
807.52	87.723
807.70	87.186
807.89	87.558
808.07	87.375
808.25	87.734
808.44	87.108
808.62	86.650
808.81	86.896
808.99	87.755
809.18	87.344
809.36	87.515
809.54	87.557
809.73	87.259
809.91	87.142
810.10	87.670
810.28	87.911
810.47	87.262
810.65	87.335
810.83	87.044
811.02	87.636
811.20	87.722
811.39	87.096
811.57	87.679
811.75	87.434
811.94	87.854
812.12	87.480
812.31	87.129
812.49	87.454
812.67	87.579
812.86	87.526
813.04	87.109
813.23	87.320
813.41	87.220
813.59	87.528
813.78	87.292
813.96	87.870
814.14	87.451
814.33	86.868
814.51	86.768
814.70	87.034
814.88	87.143
815.06	87.391
815.25	87.204
815.43	87.272
815.61	87.460
815.80	87.302
815.98	88.068
816.16	87.712
816.35	87.517
816.53	87.058
816.72	86.683
816.90	86.338
817.08	87.138
817.27	87.655
817.45	87.887
817.63	87.634
817.82	86.794
818.00	86.936
818.18	87.595
818.37	87.454
818.55	87.485
818.73	87.564
818.92	87.510
819.10	87.397
819.28	87.538
819.47	87.939
819.65	87.744
819.83	87.203
820.02	87.222
820.20	87.314
820.38	87.577
820.57	87.260
820.75	87.168
820.93	87.175
821.11	87.418
821.30	87.202
821.48	86.994
821.66	87.127
821.85	87.228
822.03	87.326
822.21	87.367
822.40	87.149
822.58	87.652
822.76	87.044
822.94	87.473
823.13	86.568
823.31	87.647
823.49	87.509
823.68	87.926
823.86	87.059
824.04	87.466
824.22	88.275
824.41	87.313
824.59	87.077
824.77	87.749
824.96	88.498
825.14	87.013
825.32	87.104
825.50	87.269
825.69	87.909
825.87	87.390
826.05	88.160
826.23	87.202
826.42	87.087
826.60	87.015
826.78	87.484
826.96	87.100
827.15	87.944
827.33	87.309
827.51	87.005
827.69	87.152
827.88	86.799
828.06	87.346
828.24	87.258
828.42	87.976
828.61	87.559
828.79	86.900
828.97	87.731
829.15	87.618
829.34	87.745
829.52	86.914
829.70	87.209
829.88	87.383
830.06	87.584
830.25	87.070
830.43	87.667
830.61	87.448
830.79	87.387
830.97	86.749
831.16	87.286
831.34	88.203
831.52	87.714
831.70	87.299
831.89	86.745
832.07	87.291
832.25	87.391
832.43	87.063
832.61	87.467
832.80	88.023
832.98	87.109
833.16	87.548
833.34	87.639
833.52	87.539
833.70	87.536
833.89	87.259
834.07	86.604
834.25	87.717
834.43	86.654
834.61	86.929
834.80	87.502
834.98	87.171
835.16	87.822
835.34	86.751
835.52	87.505
835.70	86.456
835.89	87.841
836.07	87.302
836.25	87.553
836.43	88.045
836.61	87.471
836.79	87.666
836.97	87.561
837.16	88.145
837.34	87.144
837.52	87.684
837.70	86.886
837.88	86.856
838.06	87.551
838.24	87.449
838.43	87.322
838.61	87.822
838.79	87.860
838.97	87.421
839.15	86.774
839.33	86.836
839.51	87.921
839.70	87.564
839.88	88.218
840.06	87.184
840.24	86.802
840.42	87.361
840.60	86.745
840.78	87.382
840.96	87.153
841.14	87.240
841.33	87.540
841.51	87.583
841.69	87.693
841.87	87.350
842.05	88.154
842.23	86.964
842.41	86.822
842.59	87.903
842.77	87.522
842.95	87.181
843.14	87.834
843.32	87.495
843.50	87.299
843.68	87.946
843.86	87.649
844.04	87.829
844.22	87.918
844.40	87.408
844.58	87.341
844.76	87.810
844.94	87.371
845.12	86.865
845.30	87.298
845.49	87.364
845.67	87.233
845.85	87.229
846.03	86.203
846.21	87.045
846.39	86.773
846.57	86.960
846.75	87.034
846.93	87.357
847.11	87.731
847.29	88.243
847.47	87.500
847.65	87.016
847.83	87.208
848.01	86.241
848.19	87.744
848.37	87.041
848.55	88.217
848.73	87.034
848.91	88.085
849.09	86.995
849.27	87.334
849.46	87.376
849.64	87.433
849.82	86.481
850.00	86.817
850.18	86.647
850.36	86.788
850.54	87.098
850.72	86.648
850.90	86.501
851.08	87.610
851.26	87.290
851.44	86.902
851.62	87.365
851.80	87.340
851.98	87.255
852.16	86.630
852.34	86.769
852.52	86.939
852.70	86.981
852.88	86.977
853.06	87.016
853.24	87.295
853.42	86.884
853.60	87.091
853.78	87.373
853.96	86.583
854.14	87.544
854.31	87.314
854.49	87.563
854.67	86.922
854.85	86.344
855.03	87.191
855.21	87.544
855.39	86.670
855.57	86.943
855.75	87.758
855.93	87.109
856.11	87.397
856.29	87.948
856.47	87.172
856.65	87.145
856.83	87.198
857.01	86.486
857.19	87.131
857.37	87.437
857.55	87.608
857.73	86.999
857.91	87.481
858.09	86.076
858.26	87.025
858.44	87.847
858.62	87.412
858.80	87.911
858.98	87.166
859.16	87.280
859.34	87.194
859.52	87.022
859.70	87.452
859.88	87.623
860.06	87.252
860.24	87.934
860.42	87.389
860.59	87.264
860.77	87.341
860.95	86.775
861.13	87.217
861.31	87.590
861.49	86.746
861.67	87.129
861.85	87.668
862.03	86.791
862.21	87.367
862.38	87.330
862.56	87.326
862.74	86.700
862.92	86.644
863.10	86.953
863.28	87.747
863.46	86.810
863.64	87.328
863.82	86.289
863.99	86.943
864.17	86.997
864.35	86.669
864.53	86.881
864.71	87.472
864.89	87.279
865.07	88.165
865.24	87.432
865.42	87.229
865.60	87.342
865.78	86.822
865.96	87.055
866.14	87.304
866.32	87.535
866.49	87.012
866.67	87.102
866.85	87.334
867.03	86.873
867.21	86.754
867.39	87.143
867.56	87.720
867.74	87.107
867.92	86.364
868.10	87.462
868.28	87.303
868.46	87.026
868.63	87.175
868.81	87.101
868.99	87.295
869.17	87.068
869.35	86.787
869.53	87.727
869.70	87.787
869.88	87.794
870.06	86.864
870.24	86.697
870.42	87.550
870.59	87.091
870.77	87.582
870.95	87.390
871.13	86.664
871.31	87.351
871.48	86.729
871.66	87.610
871.84	87.668
872.02	86.990
872.20	87.577
872.37	87.635
872.55	86.993
872.73	87.746
872.91	87.461
873.08	87.544
873.26	87.070
873.44	87.499
873.62	87.479
873.80	88.782
873.97	86.729
874.15	87.492
874.33	86.996
874.51	87.080
874.68	87.665
874.86	86.999
875.04	87.163
875.22	87.786
875.39	86.303
875.57	86.512
875.75	86.890
875.93	87.057
876.10	86.917
876.28	86.915
876.46	87.374
876.64	87.003
876.81	87.697
876.99	86.448
877.17	86.240
877.35	86.674
877.52	87.641
877.70	87.438
877.88	87.238
878.06	86.658
878.23	86.760
878.41	87.658
878.59	87.153
878.76	86.961
878.94	86.691
879.12	86.925
879.30	86.504
879.47	86.954
879.65	87.375
879.83	86.894
880.00	87.262
880.18	86.609
880.36	87.216
880.53	86.452
880.71	86.935
880.89	87.145
881.07	87.402
881.24	87.515
881.42	86.945
881.60	87.022
881.77	87.089
881.95	87.635
882.13	87.082
882.30	86.695
882.48	88.172
882.66	86.932
882.83	87.875
883.01	87.024
883.19	87.053
883.36	87.016
883.54	88.035
883.72	86.159
883.89	86.959
884.07	86.460
884.25	87.433
884.42	87.062
884.60	87.075
884.78	87.324
884.95	86.823
885.13	87.574
885.31	87.211
885.48	87.236
885.66	87.339
885.84	87.194
886.01	87.657
886.19	87.799
886.36	87.454
886.54	86.083
886.72	86.546
886.89	87.297
887.07	87.345
887.25	87.381
887.42	86.971
887.60	87.529
887.78	87.610
887.95	88.297
888.13	86.968
888.30	87.555
888.48	87.784
888.66	86.738
888.83	86.553
889.01	87.531
889.18	87.311
889.36	87.747
889.54	87.977
889.71	87.721
889.89	87.643
890.06	87.897
890.24	88.090
890.42	87.495
890.59	87.265
890.77	87.899
890.94	86.843
891.12	87.629
891.30	87.179
891.47	87.114
891.65	86.666
891.82	87.111
892.00	87.692
892.17	87.877
892.35	86.752
892.53	86.821
892.70	88.041
892.88	87.013
893.05	87.533
893.23	87.445
893.40	86.829
893.58	86.993
893.75	86.454
893.93	86.460
894.11	87.321
894.28	86.691
894.46	86.796
894.63	85.566
894.81	86.255
894.98	87.837
895.16	87.006
895.33	86.937
895.51	88.005
895.68	87.093
895.86	87.270
896.04	86.923
896.21	87.583
896.39	87.610
896.56	87.323
896.74	87.055
896.91	86.362
897.09	87.635
897.26	86.954
897.44	87.748
897.61	87.022
897.79	87.261
897.96	87.800
898.14	87.667
898.31	86.466
898.49	86.543
898.66	87.057
898.84	86.894
899.01	87.492
899.19	86.616
899.36	87.159
899.54	86.428
899.71	88.332
899.89	87.829
900.06	87.436
900.24	87.256
900.41	86.823
900.59	86.770
900.76	87.719
900.94	86.328
901.11	86.758
901.29	86.901
901.46	87.316
901.63	86.310
901.81	86.680
901.98	85.268
902.16	87.637
902.33	87.978
902.51	86.657
902.68	87.238
902.86	87.222
903.03	86.843
903.21	87.202
903.38	86.902
903.56	87.670
903.73	87.079
903.90	86.871
904.08	86.903
904.25	86.642
904.43	88.102
904.60	87.205
904.78	86.924
904.95	88.180
905.12	86.982
905.30	86.974
905.47	87.114
905.65	87.712
905.82	86.897
906.00	86.941
906.17	87.759
906.34	88.080
906.52	87.539
906.69	87.021
906.87	86.349
907.04	86.083
907.21	87.289
907.39	87.375
907.56	87.042
907.74	87.290
907.91	87.089
908.08	87.378
908.26	86.912
908.43	86.909
908.61	86.107
908.78	86.985
908.95	87.033
909.13	86.790
909.30	87.123
909.48	86.440
909.65	88.388
909.82	87.747
910.00	86.370
910.17	88.256
910.34	87.877
910.52	86.983
910.69	86.991
910.87	86.138
911.04	86.842
911.21	86.766
911.39	87.242
911.56	87.172
911.73	87.024
911.91	87.274
912.08	87.228
912.25	87.984
912.43	86.381
912.60	86.223
912.77	87.840
912.95	86.719
913.12	86.871
913.29	87.102
913.47	86.687
913.64	86.601
913.81	87.505
913.99	87.993
914.16	87.187
914.33	86.815
914.51	87.112
914.68	87.386
914.85	87.237
915.03	87.919
915.20	88.163
915.37	87.825
915.55	87.295
915.72	87.575
915.89	86.926
916.07	87.627
916.24	87.378
916.41	86.750
916.59	86.671
916.76	87.105
916.93	86.699
917.10	86.523
917.28	87.105
917.45	86.620
917.62	85.944
917.80	87.116
917.97	86.640
918.14	86.688
918.31	86.579
918.49	86.849
918.66	87.520
918.83	86.676
919.01	86.419
919.18	86.331
919.35	87.492
919.52	87.178
919.70	86.486
919.87	86.118
920.04	87.253
920.21	88.070
920.39	87.751
920.56	86.123
920.73	88.019
920.90	88.000
921.08	87.514
921.25	87.528
921.42	86.771
921.59	87.747
921.77	87.366
921.94	87.201
922.11	86.856
922.28	86.157
922.46	85.730
922.63	87.263
922.80	86.791
922.97	87.077
923.15	87.153
923.32	85.766
923.49	87.051
923.66	88.336
923.83	86.396
924.01	86.524
924.18	86.037
924.35	85.484
924.52	86.676
924.69	86.159
924.87	86.076
925.04	87.073
925.21	86.817
925.38	87.104
925.55	87.554
925.73	87.094
925.90	87.316
926.07	86.831
926.24	86.989
926.41	86.640
926.59	87.388
926.76	87.354
926.93	86.461
927.10	86.528
927.27	88.160
927.45	86.996
927.62	86.736
927.79	85.735
927.96	86.817
928.13	87.616
928.30	87.092
928.48	87.703
928.65	87.081
928.82	86.593
928.99	87.009
929.16	86.969
929.33	87.514
929.50	87.601
929.68	86.702
929.85	88.167
930.02	86.791
930.19	88.087
930.36	87.158
930.53	87.811
930.70	87.795
930.88	87.201
931.05	87.628
931.22	88.077
931.39	87.124
931.56	86.350
931.73	87.208
931.90	86.917
932.08	86.883
932.25	86.617
932.42	86.999
932.59	88.555
932.76	86.144
932.93	89.133
933.10	85.366
933.27	86.230
933.44	87.253
933.62	86.965
933.79	86.111
933.96	87.465
934.13	85.886
934.30	86.754
934.47	89.069
934.64	88.473
934.81	86.248
934.98	87.193
935.15	86.011
935.32	86.374
935.50	87.391
935.67	87.716
935.84	87.805
936.01	85.411
936.18	87.768
936.35	86.325
936.52	88.901
936.69	88.019
936.86	86.752
937.03	86.623
937.20	88.443
937.37	88.092
937.54	87.172
937.71	85.676
937.89	88.138
938.06	87.251
938.23	86.157
938.40	86.646
938.57	88.349
938.74	87.763
938.91	85.756
939.08	86.227
939.25	86.459
939.42	85.186
939.59	86.678
939.76	86.257
939.93	90.707
940.10	87.227
940.27	89.872
940.44	85.816
940.61	88.616
940.78	87.506
940.95	89.381
941.12	87.361
941.29	87.844
941.46	87.147
941.63	85.958
941.80	86.028
941.97	87.799
942.14	86.135
942.31	88.294
942.48	88.482
942.65	91.938
942.82	87.789
942.99	88.844
943.16	87.044
943.33	87.979
943.50	92.111
943.67	85.667
943.84	89.597
944.01	87.111
944.18	87.605
944.35	89.239
944.52	86.161
944.69	86.149
944.86	86.537
945.03	87.693
945.20	89.168
945.37	87.684
945.54	86.590
945.71	86.116
945.88	84.781
946.05	87.116
946.22	86.962
946.39	88.389
946.56	89.474
946.73	85.417
946.90	88.185
947.07	87.229
947.23	88.811
947.40	84.400
947.57	86.121
947.74	86.892
947.91	88.311
948.08	86.208
948.25	88.563
948.42	85.820
948.59	84.159
948.76	86.918
948.93	89.815
949.10	88.468
949.27	87.769
949.44	88.200
949.60	87.276
949.77	87.843
949.94	85.939
950.11	86.008
950.28	85.405
950.45	88.411
950.62	84.767
950.79	86.339
950.96	85.182
951.13	87.001
951.30	85.285
951.46	86.260
951.63	87.535
951.80	86.402
951.97	85.561
952.14	85.183
952.31	87.589
952.48	87.583
952.65	85.363
952.81	87.619
952.98	87.514
953.15	85.544
953.32	86.710
953.49	88.843
953.66	87.610
953.83	86.563
954.00	84.886
954.16	86.896
954.33	87.536
954.50	87.813
954.67	85.976
954.84	87.986
955.01	87.925
955.18	86.515
955.34	87.261
955.51	86.256
955.68	86.917
955.85	86.125
956.02	84.873
956.19	86.316
956.35	85.975
956.52	87.550
956.69	86.593
956.86	88.091
957.03	84.792
957.20	84.876
957.36	83.230
957.53	86.587
957.70	86.599
957.87	86.652
958.04	88.379
958.21	84.853
958.37	88.060
958.54	86.710
958.71	86.280
958.88	86.875
959.05	87.509
959.21	86.801
959.38	86.261
959.55	86.158
959.72	87.287
959.89	86.408
960.05	86.173
960.22	87.857
960.39	84.044
960.56	88.303
960.72	87.747
960.89	84.248
961.06	85.012
961.23	87.121
961.40	86.660
961.56	86.829
961.73	87.683
961.90	86.968
962.07	87.708
962.23	86.964
962.40	85.423
962.57	87.811
962.74	86.204
962.90	88.310
963.07	88.877
963.24	85.753
963.41	86.460
963.57	85.380
963.74	87.179
963.91	86.131
964.08	85.952
964.24	88.764
964.41	86.927
964.58	85.696
964.75	87.778
964.91	88.456
965.08	84.333
965.25	87.534
965.42	86.136
965.58	85.964
965.75	86.552
965.92	85.235
966.08	86.667
966.25	84.432
966.42	86.288
966.59	84.877
966.75	86.858
966.92	86.057
967.09	87.333
967.25	86.392
967.42	88.421
967.59	85.395
967.75	86.805
967.92	87.172
968.09	86.470
968.26	87.594
968.42	86.732
968.59	87.836
968.76	85.912
968.92	84.486
969.09	86.036
969.26	85.704
969.42	87.095
969.59	87.150
969.76	85.528
969.92	87.538
970.09	87.632
970.26	85.155
970.42	86.103
970.59	86.398
970.76	86.745
970.92	87.888
971.09	85.607
971.26	86.212
971.42	86.371
971.59	84.019
971.76	86.010
971.92	84.536
972.09	84.843
972.25	86.537
972.42	84.906
972.59	85.273
972.75	87.746
972.92	87.819
973.09	84.483
973.25	87.594
973.42	84.929
973.58	86.638
973.75	84.474
973.92	82.477
974.08	84.584
974.25	86.437
974.42	88.042
974.58	88.062
974.75	86.976
974.91	86.381
975.08	87.935
975.25	84.673
975.41	83.735
975.58	86.755
975.74	85.373
975.91	85.346
976.08	86.705
976.24	84.972
976.41	84.300
976.57	86.815
976.74	85.182
976.91	85.177
977.07	87.419
977.24	85.383
977.40	88.360
977.57	85.035
977.73	85.695
977.90	86.028
978.07	85.903
978.23	86.068
978.40	84.506
978.56	85.722
978.73	85.063
978.89	85.216
979.06	86.258
979.22	87.505
979.39	88.208
979.56	85.574
979.72	86.546
979.89	89.627
980.05	86.528
980.22	87.365
980.38	86.415
980.55	84.032
980.71	85.512
980.88	85.470
981.04	86.703
981.21	83.832
981.37	86.047
981.54	85.427
981.70	89.481
981.87	85.793
982.04	85.753
982.20	86.757
982.37	86.300
982.53	87.647
982.70	86.190
982.86	84.826
983.03	89.145
983.19	85.234
983.36	84.250
983.52	87.609
983.69	84.471
983.85	86.984
984.02	87.912
984.18	87.594
984.35	87.168
984.51	85.328
984.68	82.737
984.84	84.226
985.00	85.682
985.17	86.409
985.33	87.966
985.50	85.099
985.66	86.817
985.83	83.836
985.99	87.346
986.16	87.297
986.32	84.459
986.49	87.005
986.65	88.038
986.82	85.552
986.98	88.113
987.15	85.132
987.31	86.015
987.47	88.709
987.64	88.226
987.80	86.094
987.97	85.282
988.13	85.393
988.30	86.389
988.46	84.803
988.63	86.657
988.79	86.078
988.95	86.222
989.12	87.226
989.28	84.811
989.45	86.603
989.61	87.898
989.77	84.863
989.94	85.800
990.10	86.600
990.27	89.682
990.43	86.108
990.60	87.906
990.76	86.462
990.92	86.172
991.09	85.135
991.25	86.627
991.42	85.565
991.58	86.970
991.74	85.507
991.91	84.932
992.07	88.205
992.24	84.757
992.40	86.432
992.56	84.947
992.73	86.770
992.89	84.552
993.05	85.555
993.22	87.305
993.38	88.078
993.55	89.142
993.71	88.238
993.87	84.873
994.04	86.575
994.20	89.622
994.36	86.052
994.53	87.824
994.69	86.572
994.85	85.600
995.02	86.317
995.18	90.447
995.34	86.172
995.51	87.041
995.67	88.002
995.84	82.743
996.00	85.625
996.16	85.451
996.33	84.418
996.49	86.924
996.65	81.423
996.82	86.648
996.98	87.146
997.14	84.938
997.31	87.455
997.47	91.227
997.63	84.686
997.79	87.540
997.96	84.762
998.12	84.018
998.28	87.088
998.45	87.446
998.61	84.510
998.77	87.182
998.94	86.568
999.10	86.550
999.26	84.542
999.43	87.296
999.59	84.980
999.75	90.181
999.91	88.210
1000.08	89.647
1000.24	87.758
1000.40	85.534
1000.57	88.312
1000.73	89.719
1000.89	87.881
1001.05	80.366
1001.22	84.619
1001.38	88.335
1001.54	86.645
1001.70	86.121
1001.87	87.010
1002.03	89.039
1002.19	85.761
1002.35	86.432
1002.52	88.106
1002.68	86.864
1002.84	85.129
1003.00	87.817
1003.17	86.575
1003.33	84.778
1003.49	85.998
1003.65	89.500
1003.82	84.948
1003.98	88.167
1004.14	86.272
1004.30	85.557
1004.47	86.653
1004.63	87.898
1004.79	86.437
1004.95	87.659
1005.11	86.047
1005.28	84.965
1005.44	82.161
1005.60	85.249
1005.76	91.523
1005.93	85.649
1006.09	84.482
1006.25	89.384
1006.41	88.278
1006.57	88.870
1006.74	83.898
1006.90	88.930
1007.06	85.758
1007.22	86.126
1007.38	86.479
1007.55	84.349
1007.71	87.874
1007.87	87.287
1008.03	79.658
1008.19	86.374
1008.35	88.828
1008.52	89.558
1008.68	88.332
1008.84	82.172
1009.00	86.133
1009.16	88.257
1009.32	86.483
1009.49	87.564
1009.65	90.200
1009.81	89.823
1009.97	89.426
1010.13	88.107
1010.29	86.257
1010.46	88.740
1010.62	88.013
1010.78	88.368
1010.94	89.259
1011.10	90.785
1011.26	85.042
1011.42	90.560
1011.59	84.445
1011.75	85.668
1011.91	83.573
1012.07	88.154
1012.23	88.643
1012.39	86.141
1012.55	87.321
1012.71	88.484
1012.88	88.711
1013.04	87.701
1013.20	85.077
1013.36	85.378
1013.52	87.568
1013.68	87.136
1013.84	88.039
1014.00	87.819
1014.16	92.638
1014.33	85.237
1014.49	85.821
1014.65	87.927
1014.81	88.390
1014.97	84.055
1015.13	87.687
1015.29	83.016
1015.45	87.303
1015.61	85.459
1015.77	83.705
1015.93	88.311
1016.09	90.296
1016.26	96.570
1016.42	90.196
1016.58	81.184
1016.74	88.172
1016.90	84.284
1017.06	85.987
1017.22	79.160
1017.38	87.505
1017.54	91.727
1017.70	81.757
1017.86	90.570
1018.02	84.826
1018.18	84.941
1018.34	84.659
1018.50	85.577
1018.66	92.711
1018.82	83.565
1018.98	84.424
1019.14	90.630
1019.31	88.605
1019.47	92.291
1019.63	85.608
1019.79	88.095
1019.95	89.303
1020.11	85.292
1020.27	85.758
1020.43	85.467
1020.59	89.660
1020.75	90.315
1020.91	86.629
1021.07	87.674
1021.23	89.418
1021.39	87.840
1021.55	84.608
1021.71	89.498
1021.87	84.476
1022.03	83.603
1022.19	84.837
1022.35	88.309
1022.51	86.899
1022.67	85.279
1022.83	86.959
1022.99	85.212
1023.15	95.711
1023.31	91.708
1023.47	88.931
1023.63	87.198
1023.79	88.111
1023.95	89.545
1024.10	88.972
1024.26	86.364
1024.42	82.248
1024.58	91.549
1024.74	84.816
1024.90	92.993
1025.06	94.124
1025.22	91.459
1025.38	87.928
1025.54	88.412
1025.70	94.344
1025.86	80.889
1026.02	84.405
1026.18	87.704
1026.34	92.225
1026.50	87.432
1026.66	83.677
1026.82	94.190
1026.98	83.956
1027.13	94.516
1027.29	89.904
1027.45	82.614
1027.61	85.644
1027.77	88.896
1027.93	84.109
1028.09	78.479
1028.25	89.634
1028.41	82.262
1028.57	91.954
1028.73	90.520
1028.88	99.935
1029.04	88.912
1029.20	90.903
1029.36	88.638
1029.52	84.636
1029.68	86.314
1029.84	89.363
1030.00	85.724
1030.16	89.845
1030.32	88.311
1030.47	91.892
1030.63	84.538
1030.79	88.181
1030.95	92.647
1031.11	80.000
1031.27	81.160
1031.43	88.427
1031.59	86.667
1031.74	90.660
1031.90	81.157
1032.06	89.777
1032.22	99.480
1032.38	85.019
1032.54	82.670
1032.69	86.650
1032.85	84.496
1033.01	78.990
1033.17	82.234
1033.33	84.764
1033.49	77.363
1033.65	83.829
1033.80	84.507
1033.96	90.633
1034.12	81.585
1034.28	80.450
1034.44	79.361
1034.60	82.070
1034.75	78.644
1034.91	85.751
1035.07	84.801
1035.23	86.706
1035.39	94.768
1035.54	93.021
1035.70	85.666
1035.86	87.000
1036.02	85.199
1036.18	84.367
1036.33	85.870
1036.49	89.416
1036.65	93.851
1036.81	90.029
1036.97	81.616
1037.12	77.575
1037.28	84.352
1037.44	102.868
1037.60	84.831
1037.76	82.977
1037.91	87.591
1038.07	92.701
1038.23	83.264
1038.39	88.000
1038.54	96.530
1038.70	82.293
1038.86	88.950
1039.02	87.866
1039.17	93.355
1039.33	76.628
1039.49	84.901
1039.65	95.882
1039.80	90.807
1039.96	75.911
1040.12	88.351
1040.28	83.957
>>>>> Data<<<<< Espectral Procesado Extremo
