Fichero De Datos De SpectraSuite
++++++++++++++++++++++++++++++++++++
Fecha: Mon Jun 29 08:34:00 CST 2026
Usuario: HP
Presente Oscuro Del Espectro: Sí
La Referencia de Presente Del Espectro De: Sí
Muestreados de los componentes de Número de espectros: 1
Espectrómetros: USB4H06056
Tiempo de integración (usec): 300000 (USB4H06056)
Promedio de Espectros Hechos un: 5 (USB4H06056)
El Alisar Del Furgón: 0 (USB4H06056)
Párrafo de de Corregir del la del del de Eléctrica del obscuridad: No (USB4H06056)
Estrobo/Lámpara Permitido: No (USB4H06056)
Correct for Detector Non-linearity: No (USB4H06056)
Párrafo de de Corregir del la del del de Externa del luz: No (USB4H06056)
Procesado del espectro de Número de pixeles en: 3648
>>>>> Comienza Data<<<<< Espectral Procesado Del EL
345.09	112.000
345.30	112.000
345.52	112.000
345.74	21.154
345.95	57.895
346.17	148.718
346.39	144.898
346.60	125.000
346.82	15.455
347.04	-3.226
347.25	-7.692
347.47	500.000
347.69	52.632
347.90	-295.000
348.12	-350.000
348.34	-140.000
348.56	920.000
348.77	12.308
348.99	-133.333
349.21	26.587
349.42	80.972
349.64	51.049
349.86	-26.357
350.07	33.758
350.29	96.296
350.51	-190.476
350.72	-21.739
350.94	26.174
351.16	-17.037
351.37	-25.610
351.59	46.768
351.81	23.767
352.02	-62.222
352.24	39.024
352.46	32.258
352.67	6.034
352.89	0.000
353.10	13.661
353.32	112.245
353.54	16.923
353.75	44.221
353.97	31.102
354.19	8.897
354.40	9.028
354.62	21.569
354.84	30.872
355.05	54.369
355.27	-1.408
355.49	53.293
355.70	30.392
355.92	7.280
356.14	97.000
356.35	15.596
356.57	15.702
356.78	52.985
357.00	-67.586
357.22	60.326
357.43	70.588
357.65	33.990
357.87	-79.856
358.08	13.074
358.30	54.936
358.51	25.175
358.73	16.239
358.95	-4.587
359.16	59.906
359.38	3.876
359.60	-22.727
359.81	26.267
360.03	47.234
360.24	75.472
360.46	24.885
360.68	110.744
360.89	16.279
361.11	-3.614
361.33	21.941
361.54	-52.294
361.76	56.140
361.97	51.667
362.19	46.918
362.41	55.474
362.62	19.014
362.84	29.818
363.05	68.966
363.27	26.316
363.49	41.784
363.70	80.000
363.92	-3.187
364.13	77.202
364.35	49.802
364.57	50.311
364.78	-19.018
365.00	8.300
365.21	-8.571
365.43	53.179
365.65	44.105
365.86	93.220
366.08	80.000
366.29	0.000
366.51	12.308
366.73	60.714
366.94	65.714
367.16	25.338
367.37	65.351
367.59	28.444
367.80	54.694
368.02	74.359
368.24	143.333
368.45	-11.364
368.67	27.895
368.88	100.000
369.10	43.796
369.31	30.638
369.53	139.583
369.75	34.274
369.96	95.200
370.18	72.294
370.39	33.466
370.61	74.890
370.82	16.216
371.04	32.377
371.26	50.171
371.47	100.000
371.69	24.424
371.90	83.983
372.12	59.336
372.33	97.531
372.55	63.347
372.76	35.145
372.98	42.697
373.20	40.604
373.41	14.145
373.63	20.988
373.84	90.640
374.06	76.987
374.27	50.115
374.49	85.609
374.70	58.175
374.92	30.350
375.13	55.932
375.35	47.249
375.57	36.610
375.78	73.551
376.00	86.726
376.21	17.010
376.43	67.110
376.64	85.167
376.86	54.902
377.07	73.333
377.29	104.396
377.50	75.745
377.72	43.305
377.93	73.684
378.15	66.866
378.36	51.643
378.58	61.538
378.80	31.733
379.01	83.041
379.23	90.868
379.44	77.627
379.66	68.481
379.87	86.880
380.09	65.079
380.30	67.273
380.52	38.603
380.73	129.070
380.95	78.977
381.16	33.645
381.38	40.554
381.59	85.824
381.81	89.851
382.02	50.973
382.24	97.696
382.45	64.881
382.67	100.755
382.88	71.831
383.10	75.000
383.31	44.063
383.53	90.196
383.74	65.704
383.96	65.781
384.17	132.870
384.39	101.563
384.60	62.432
384.82	95.963
385.03	50.000
385.25	90.556
385.46	50.852
385.68	65.323
385.89	78.548
386.11	92.549
386.32	71.240
386.54	19.033
386.75	72.368
386.97	75.278
387.18	89.103
387.40	75.285
387.61	95.333
387.83	86.167
388.04	92.754
388.25	89.295
388.47	60.950
388.68	120.082
388.90	84.949
389.11	95.455
389.33	61.374
389.54	87.273
389.76	78.469
389.97	58.080
390.19	82.979
390.40	78.877
390.62	108.874
390.83	66.746
391.05	93.333
391.26	82.703
391.47	90.959
391.69	63.125
391.90	73.536
392.12	70.197
392.33	60.582
392.55	60.628
392.76	81.744
392.98	120.248
393.19	107.159
393.41	68.856
393.62	102.603
393.83	75.522
394.05	68.750
394.26	120.000
394.48	94.856
394.69	79.769
394.91	51.042
395.12	75.701
395.34	91.367
395.55	84.444
395.76	62.093
395.98	84.503
396.19	89.623
396.41	66.728
396.62	97.436
396.84	95.808
397.05	87.689
397.26	101.545
397.48	101.357
397.69	76.684
397.91	99.538
398.12	94.167
398.33	82.482
398.55	76.246
398.76	99.800
398.98	66.151
399.19	75.578
399.41	80.968
399.62	80.386
399.83	85.145
400.05	84.762
400.26	96.097
400.48	97.917
400.69	108.103
400.90	80.872
401.12	73.992
401.33	90.833
401.55	84.006
401.76	94.404
401.97	96.338
402.19	74.519
402.40	71.769
402.62	93.073
402.83	79.273
403.04	78.779
403.26	89.396
403.47	86.771
403.69	86.544
403.90	87.219
404.11	93.506
404.33	104.976
404.54	85.157
404.76	78.457
404.97	96.352
405.18	94.239
405.40	110.877
405.61	91.729
405.83	76.250
406.04	82.190
406.25	86.963
406.47	76.528
406.68	83.730
406.89	94.993
407.11	72.099
407.32	90.544
407.54	80.157
407.75	87.500
407.96	78.959
408.18	73.569
408.39	81.425
408.60	76.984
408.82	83.700
409.03	75.750
409.24	68.446
409.46	80.586
409.67	81.200
409.89	81.466
410.10	100.381
410.31	67.645
410.53	67.360
410.74	78.676
410.95	83.631
411.17	72.184
411.38	75.158
411.59	78.345
411.81	66.795
412.02	62.355
412.23	75.752
412.45	77.101
412.66	61.630
412.87	71.377
413.09	62.613
413.30	75.454
413.51	66.230
413.73	74.388
413.94	72.720
414.15	56.442
414.37	67.176
414.58	64.044
414.79	61.273
415.01	59.097
415.22	68.348
415.43	55.386
415.65	51.188
415.86	61.453
416.07	64.639
416.29	62.221
416.50	63.701
416.71	59.680
416.93	65.694
417.14	48.704
417.35	60.790
417.57	52.143
417.78	51.164
417.99	51.232
418.21	51.869
418.42	53.589
418.63	53.590
418.85	799.115
419.06	46.486
419.27	50.340
419.48	48.009
419.70	47.599
419.91	44.597
420.12	45.057
420.34	46.019
420.55	44.659
420.76	37.615
420.98	47.728
421.19	47.323
421.40	42.916
421.61	43.529
421.83	41.407
422.04	45.422
422.25	39.522
422.47	39.847
422.68	40.343
422.89	36.987
423.11	41.351
423.32	36.226
423.53	39.937
423.74	38.492
423.96	36.811
424.17	37.469
424.38	38.647
424.59	34.818
424.81	35.084
425.02	37.112
425.23	36.534
425.45	34.660
425.66	36.235
425.87	39.260
426.08	35.855
426.30	40.610
426.51	35.587
426.72	34.156
426.93	34.039
427.15	29.915
427.36	36.015
427.57	34.066
427.79	34.541
428.00	32.099
428.21	1.009
428.42	32.258
428.64	36.385
428.85	32.953
429.06	34.346
429.27	32.672
429.49	33.076
429.70	32.288
429.91	32.031
430.12	33.748
430.34	31.416
430.55	33.072
430.76	32.564
430.97	30.372
431.19	30.969
431.40	33.937
431.61	31.314
431.82	32.892
432.03	33.192
432.25	30.680
432.46	33.998
432.67	32.174
432.88	29.053
433.10	34.064
433.31	32.413
433.52	30.757
433.73	34.452
433.95	31.260
434.16	33.204
434.37	30.799
434.58	31.289
434.79	33.990
435.01	31.368
435.22	29.552
435.43	32.500
435.64	30.382
435.86	30.460
436.07	31.190
436.28	30.486
436.49	28.981
436.70	31.775
436.92	30.513
437.13	29.687
437.34	30.522
437.55	30.669
437.76	30.576
437.98	31.266
438.19	30.589
438.40	28.946
438.61	31.884
438.82	31.042
439.04	31.945
439.25	31.172
439.46	28.245
439.67	30.666
439.88	30.322
440.10	32.004
440.31	28.973
440.52	29.954
440.73	30.700
440.94	31.345
441.16	30.075
441.37	30.339
441.58	30.659
441.79	29.169
442.00	29.479
442.21	29.050
442.43	30.876
442.64	29.521
442.85	29.223
443.06	32.360
443.27	31.813
443.48	28.537
443.70	29.370
443.91	29.445
444.12	29.397
444.33	29.760
444.54	26.869
444.75	30.127
444.97	31.468
445.18	30.171
445.39	29.717
445.60	30.515
445.81	28.792
446.02	29.467
446.24	29.062
446.45	30.750
446.66	29.404
446.87	30.757
447.08	28.869
447.29	31.912
447.51	30.037
447.72	30.941
447.93	31.167
448.14	30.506
448.35	31.618
448.56	29.147
448.77	28.826
448.99	29.473
449.20	30.977
449.41	31.181
449.62	29.597
449.83	30.429
450.04	31.296
450.25	29.733
450.46	30.211
450.68	30.619
450.89	30.759
451.10	29.889
451.31	30.104
451.52	29.600
451.73	30.231
451.94	30.311
452.15	29.361
452.37	30.017
452.58	29.705
452.79	30.824
453.00	31.734
453.21	31.270
453.42	29.546
453.63	30.450
453.84	30.580
454.06	30.843
454.27	30.521
454.48	31.160
454.69	30.806
454.90	29.347
455.11	32.738
455.32	30.656
455.53	31.719
455.74	30.361
455.95	29.731
456.17	30.727
456.38	30.919
456.59	31.904
456.80	30.907
457.01	29.404
457.22	29.944
457.43	30.476
457.64	32.094
457.85	32.348
458.06	32.229
458.27	31.760
458.49	30.953
458.70	31.403
458.91	30.794
459.12	32.126
459.33	32.745
459.54	31.701
459.75	31.839
459.96	33.100
460.17	31.742
460.38	31.786
460.59	31.880
460.80	31.160
461.01	32.155
461.23	32.631
461.44	31.642
461.65	31.598
461.86	32.827
462.07	31.183
462.28	31.062
462.49	30.624
462.70	30.942
462.91	31.301
463.12	31.926
463.33	33.508
463.54	31.904
463.75	31.900
463.96	32.411
464.17	32.818
464.38	32.429
464.59	32.328
464.81	31.252
465.02	32.233
465.23	32.294
465.44	31.201
465.65	31.352
465.86	31.273
466.07	31.979
466.28	31.600
466.49	31.092
466.70	31.233
466.91	32.448
467.12	32.769
467.33	31.199
467.54	33.187
467.75	32.990
467.96	32.835
468.17	31.975
468.38	31.702
468.59	31.014
468.80	33.009
469.01	30.974
469.22	31.877
469.43	31.843
469.64	32.016
469.85	32.263
470.06	31.574
470.27	32.896
470.48	32.533
470.69	31.937
470.90	32.503
471.11	32.052
471.32	32.627
471.53	32.578
471.74	32.227
471.95	33.532
472.16	31.847
472.37	32.636
472.58	32.365
472.79	32.357
473.00	33.090
473.21	32.161
473.42	33.069
473.63	31.957
473.84	32.321
474.05	33.400
474.26	33.338
474.47	32.181
474.68	31.486
474.89	32.918
475.10	33.629
475.31	31.295
475.52	32.374
475.73	32.185
475.94	31.379
476.15	32.514
476.36	32.290
476.57	33.002
476.78	33.216
476.99	32.799
477.20	34.092
477.41	32.687
477.62	32.398
477.83	32.662
478.04	32.536
478.25	32.176
478.46	32.634
478.67	33.450
478.88	32.411
479.09	33.296
479.30	31.321
479.51	32.797
479.72	31.782
479.93	32.854
480.14	33.094
480.35	32.259
480.56	33.088
480.77	32.613
480.98	33.600
481.18	32.376
481.39	32.947
481.60	32.868
481.81	33.856
482.02	32.728
482.23	32.475
482.44	32.051
482.65	32.513
482.86	33.203
483.07	32.996
483.28	33.818
483.49	32.597
483.70	33.702
483.91	33.145
484.12	32.708
484.33	32.680
484.53	33.675
484.74	33.363
484.95	33.404
485.16	33.616
485.37	33.598
485.58	32.914
485.79	32.617
486.00	32.110
486.21	33.653
486.42	32.326
486.63	33.537
486.84	33.128
487.05	33.721
487.25	33.246
487.46	33.776
487.67	33.094
487.88	33.469
488.09	33.528
488.30	33.418
488.51	33.004
488.72	33.346
488.93	33.637
489.14	33.574
489.35	32.847
489.55	33.132
489.76	33.608
489.97	32.904
490.18	33.352
490.39	33.104
490.60	33.034
490.81	33.857
491.02	33.225
491.23	32.637
491.43	33.263
491.64	33.298
491.85	33.732
492.06	33.410
492.27	33.536
492.48	33.772
492.69	33.217
492.90	33.412
493.11	33.718
493.31	33.826
493.52	34.079
493.73	34.041
493.94	34.368
494.15	33.837
494.36	34.211
494.57	33.828
494.78	33.435
494.98	33.710
495.19	33.382
495.40	33.294
495.61	33.643
495.82	33.377
496.03	33.742
496.24	33.912
496.44	33.714
496.65	33.657
496.86	33.756
497.07	33.939
497.28	33.908
497.49	33.581
497.70	34.337
497.90	33.280
498.11	34.011
498.32	34.192
498.53	33.678
498.74	33.576
498.95	33.122
499.15	33.460
499.36	34.140
499.57	33.862
499.78	33.668
499.99	34.308
500.20	33.820
500.40	33.731
500.61	34.105
500.82	33.908
501.03	34.279
501.24	34.222
501.45	34.295
501.65	34.624
501.86	34.996
502.07	34.363
502.28	34.276
502.49	33.953
502.70	34.209
502.90	34.734
503.11	33.902
503.32	34.219
503.53	34.308
503.74	33.963
503.94	34.691
504.15	34.234
504.36	34.870
504.57	34.253
504.78	34.977
504.98	34.229
505.19	34.442
505.40	34.833
505.61	34.400
505.82	34.499
506.02	34.834
506.23	34.764
506.44	34.788
506.65	34.358
506.86	34.989
507.06	34.707
507.27	35.167
507.48	34.734
507.69	35.113
507.90	35.594
508.10	34.669
508.31	34.868
508.52	34.850
508.73	35.157
508.94	35.583
509.14	35.314
509.35	35.629
509.56	35.552
509.77	35.632
509.97	35.574
510.18	35.520
510.39	35.595
510.60	35.188
510.80	35.341
511.01	36.074
511.22	35.906
511.43	35.653
511.64	36.299
511.84	36.709
512.05	36.124
512.26	35.616
512.47	35.834
512.67	36.191
512.88	35.838
513.09	35.987
513.30	36.161
513.50	36.389
513.71	36.545
513.92	36.647
514.13	36.068
514.33	36.376
514.54	36.532
514.75	37.094
514.96	36.675
515.16	36.878
515.37	36.693
515.58	36.879
515.78	37.331
515.99	37.021
516.20	36.857
516.41	37.161
516.61	37.414
516.82	37.831
517.03	38.154
517.24	37.871
517.44	37.208
517.65	38.088
517.86	38.197
518.07	37.783
518.27	37.986
518.48	38.677
518.69	38.398
518.89	38.215
519.10	38.323
519.31	39.083
519.52	38.868
519.72	38.759
519.93	38.940
520.14	38.887
520.34	38.442
520.55	39.407
520.76	39.306
520.96	39.395
521.17	39.221
521.38	39.312
521.59	39.656
521.79	39.834
522.00	40.560
522.21	39.755
522.41	40.435
522.62	40.187
522.83	40.077
523.03	40.395
523.24	40.381
523.45	40.356
523.66	40.989
523.86	41.309
524.07	41.063
524.28	40.859
524.48	41.575
524.69	41.360
524.90	41.081
525.10	41.519
525.31	41.868
525.52	41.721
525.72	42.483
525.93	42.120
526.14	42.113
526.34	41.889
526.55	42.090
526.76	42.677
526.96	42.955
527.17	42.930
527.38	42.884
527.58	43.238
527.79	43.104
528.00	43.002
528.20	43.559
528.41	43.178
528.62	43.336
528.82	43.976
529.03	43.884
529.24	43.890
529.44	43.901
529.65	44.179
529.85	44.383
530.06	44.172
530.27	44.477
530.47	44.530
530.68	44.994
530.89	44.887
531.09	44.457
531.30	44.775
531.51	44.569
531.71	45.055
531.92	45.160
532.13	44.886
532.33	45.315
532.54	45.429
532.74	45.487
532.95	46.033
533.16	45.687
533.36	45.956
533.57	46.348
533.78	46.090
533.98	46.326
534.19	46.229
534.39	46.038
534.60	46.712
534.81	46.880
535.01	46.755
535.22	46.221
535.42	46.787
535.63	46.422
535.84	46.792
536.04	46.873
536.25	46.766
536.45	46.943
536.66	46.997
536.87	47.516
537.07	47.280
537.28	47.270
537.48	47.033
537.69	46.766
537.90	46.767
538.10	47.360
538.31	46.804
538.51	47.690
538.72	47.189
538.93	47.731
539.13	47.555
539.34	47.379
539.54	47.789
539.75	47.761
539.96	47.756
540.16	48.195
540.37	47.372
540.57	48.357
540.78	48.200
540.98	47.924
541.19	47.829
541.40	48.262
541.60	47.859
541.81	48.187
542.01	47.965
542.22	48.259
542.42	48.372
542.63	48.429
542.83	47.751
543.04	48.124
543.25	48.550
543.45	48.321
543.66	47.944
543.86	48.498
544.07	48.566
544.27	48.201
544.48	47.951
544.68	48.495
544.89	48.198
545.10	48.185
545.30	48.038
545.51	48.574
545.71	48.137
545.92	48.036
546.12	48.640
546.33	48.283
546.53	48.636
546.74	48.019
546.94	48.430
547.15	48.454
547.36	48.734
547.56	48.744
547.77	48.823
547.97	48.659
548.18	48.208
548.38	48.948
548.59	48.597
548.79	48.649
549.00	48.814
549.20	48.339
549.41	48.751
549.61	48.250
549.82	48.193
550.02	48.780
550.23	48.603
550.43	48.323
550.64	48.997
550.84	48.474
551.05	48.595
551.25	48.828
551.46	48.399
551.66	48.430
551.87	48.246
552.07	48.364
552.28	48.621
552.48	48.698
552.69	48.480
552.89	49.073
553.10	48.877
553.30	48.769
553.51	48.799
553.71	48.634
553.92	48.650
554.12	48.653
554.33	49.061
554.53	49.039
554.74	48.666
554.94	48.631
555.15	48.719
555.35	48.976
555.56	48.740
555.76	49.004
555.97	48.971
556.17	49.009
556.38	48.899
556.58	49.144
556.78	48.966
556.99	48.436
557.19	49.113
557.40	48.801
557.60	49.021
557.81	48.826
558.01	48.531
558.22	49.402
558.42	49.263
558.63	48.883
558.83	48.901
559.04	49.046
559.24	49.207
559.44	49.311
559.65	48.819
559.85	48.393
560.06	49.145
560.26	49.113
560.47	48.439
560.67	48.853
560.88	48.565
561.08	48.694
561.28	48.654
561.49	48.707
561.69	48.624
561.90	48.528
562.10	48.548
562.31	48.199
562.51	48.606
562.71	48.683
562.92	48.351
563.12	48.828
563.33	48.745
563.53	48.442
563.74	48.497
563.94	48.602
564.14	48.656
564.35	48.346
564.55	48.152
564.76	48.429
564.96	47.890
565.17	48.129
565.37	48.108
565.57	48.408
565.78	47.865
565.98	47.933
566.19	47.793
566.39	47.835
566.59	47.390
566.80	47.796
567.00	48.011
567.21	47.330
567.41	47.646
567.61	47.453
567.82	47.585
568.02	47.291
568.23	47.269
568.43	47.471
568.63	47.399
568.84	47.430
569.04	47.308
569.24	46.883
569.45	46.679
569.65	46.440
569.86	46.843
570.06	46.965
570.26	47.092
570.47	46.596
570.67	46.417
570.87	46.718
571.08	46.718
571.28	46.439
571.49	46.210
571.69	46.415
571.89	46.240
572.10	45.939
572.30	46.079
572.50	46.010
572.71	45.819
572.91	45.871
573.11	46.047
573.32	45.694
573.52	45.442
573.73	45.416
573.93	45.186
574.13	45.266
574.34	45.288
574.54	45.243
574.74	45.098
574.95	44.940
575.15	44.775
575.35	44.633
575.56	44.896
575.76	44.506
575.96	44.547
576.17	44.179
576.37	44.348
576.57	44.168
576.78	44.242
576.98	44.224
577.18	44.060
577.39	44.128
577.59	44.094
577.79	43.914
578.00	44.025
578.20	43.929
578.40	43.917
578.61	43.627
578.81	43.402
579.01	43.802
579.22	43.822
579.42	43.649
579.62	43.544
579.82	43.659
580.03	43.147
580.23	43.184
580.43	43.097
580.64	42.575
580.84	42.819
581.04	43.119
581.25	42.763
581.45	42.902
581.65	42.916
581.86	42.571
582.06	42.327
582.26	42.403
582.46	42.507
582.67	42.586
582.87	42.258
583.07	42.112
583.28	42.797
583.48	42.377
583.68	41.950
583.88	41.903
584.09	42.132
584.29	42.391
584.49	41.686
584.70	42.038
584.90	41.785
585.10	42.002
585.30	42.094
585.51	41.926
585.71	42.021
585.91	41.741
586.11	41.597
586.32	41.773
586.52	41.833
586.72	42.013
586.92	41.530
587.13	41.676
587.33	41.547
587.53	40.909
587.74	41.547
587.94	41.256
588.14	41.369
588.34	40.726
588.55	41.337
588.75	41.017
588.95	40.952
589.15	40.986
589.36	41.163
589.56	41.200
589.76	40.973
589.96	41.165
590.16	40.859
590.37	40.940
590.57	41.217
590.77	40.749
590.97	40.894
591.18	40.809
591.38	40.617
591.58	41.084
591.78	40.712
591.99	40.567
592.19	40.696
592.39	40.636
592.59	40.305
592.79	40.322
593.00	40.232
593.20	40.380
593.40	40.216
593.60	40.410
593.81	40.437
594.01	39.929
594.21	40.204
594.41	40.467
594.61	40.324
594.82	40.196
595.02	40.089
595.22	39.906
595.42	40.218
595.62	40.165
595.83	40.242
596.03	39.923
596.23	39.911
596.43	39.669
596.63	40.144
596.84	39.823
597.04	39.830
597.24	39.883
597.44	39.816
597.64	40.212
597.84	39.697
598.05	39.928
598.25	39.628
598.45	39.856
598.65	39.936
598.85	39.729
599.06	39.438
599.26	39.726
599.46	39.553
599.66	39.656
599.86	39.591
600.06	39.785
600.27	39.840
600.47	39.627
600.67	39.560
600.87	39.799
601.07	39.471
601.27	39.536
601.48	39.212
601.68	39.896
601.88	39.285
602.08	39.572
602.28	39.370
602.48	39.287
602.68	39.110
602.89	39.456
603.09	39.049
603.29	39.481
603.49	39.286
603.69	39.512
603.89	39.399
604.09	39.378
604.30	39.598
604.50	39.218
604.70	39.267
604.90	39.514
605.10	39.276
605.30	38.862
605.50	39.446
605.71	39.232
605.91	39.160
606.11	39.515
606.31	39.168
606.51	39.253
606.71	39.306
606.91	39.301
607.11	39.083
607.32	39.317
607.52	39.067
607.72	39.106
607.92	38.757
608.12	39.254
608.32	38.746
608.52	38.984
608.72	38.945
608.92	38.761
609.12	38.786
609.33	39.008
609.53	38.702
609.73	38.569
609.93	38.782
610.13	38.931
610.33	38.644
610.53	38.829
610.73	38.575
610.93	38.738
611.13	38.399
611.34	38.283
611.54	38.709
611.74	38.598
611.94	38.527
612.14	38.720
612.34	38.740
612.54	38.423
612.74	38.273
612.94	38.332
613.14	38.519
613.34	38.466
613.54	38.590
613.74	38.180
613.95	38.453
614.15	38.126
614.35	38.344
614.55	38.351
614.75	38.453
614.95	38.653
615.15	38.333
615.35	38.188
615.55	37.919
615.75	38.107
615.95	38.012
616.15	38.108
616.35	37.936
616.55	37.758
616.75	38.117
616.95	37.877
617.15	38.008
617.35	37.953
617.56	37.846
617.76	37.809
617.96	37.818
618.16	37.759
618.36	37.614
618.56	37.476
618.76	37.776
618.96	37.740
619.16	37.708
619.36	37.611
619.56	37.546
619.76	37.532
619.96	37.553
620.16	37.908
620.36	37.605
620.56	37.347
620.76	37.118
620.96	37.144
621.16	37.565
621.36	37.463
621.56	37.390
621.76	37.600
621.96	37.559
622.16	37.512
622.36	37.211
622.56	37.144
622.76	37.221
622.96	36.974
623.16	37.286
623.36	37.183
623.56	37.197
623.76	37.308
623.96	37.048
624.16	37.072
624.36	37.079
624.56	36.964
624.76	37.154
624.96	36.817
625.16	37.229
625.36	37.055
625.56	37.092
625.76	36.879
625.96	36.974
626.16	36.817
626.36	36.885
626.56	36.925
626.76	36.688
626.96	36.867
627.16	37.172
627.36	36.641
627.56	36.706
627.76	36.670
627.96	36.813
628.16	36.593
628.36	36.839
628.56	36.959
628.75	37.170
628.95	36.663
629.15	36.776
629.35	36.956
629.55	36.765
629.75	37.151
629.95	36.933
630.15	36.622
630.35	36.887
630.55	37.002
630.75	36.827
630.95	36.961
631.15	36.691
631.35	36.483
631.55	36.766
631.75	36.632
631.95	36.537
632.15	36.707
632.34	36.617
632.54	36.875
632.74	36.369
632.94	36.472
633.14	36.722
633.34	36.700
633.54	36.406
633.74	36.601
633.94	36.542
634.14	36.563
634.34	36.345
634.54	36.557
634.74	36.686
634.93	36.305
635.13	36.377
635.33	36.396
635.53	36.609
635.73	36.744
635.93	36.387
636.13	36.381
636.33	36.568
636.53	36.233
636.73	36.339
636.93	35.894
637.12	36.177
637.32	36.219
637.52	36.074
637.72	36.274
637.92	36.264
638.12	36.068
638.32	35.759
638.52	35.852
638.72	36.155
638.91	35.997
639.11	36.038
639.31	36.018
639.51	35.979
639.71	35.531
639.91	35.845
640.11	35.700
640.31	36.000
640.50	35.821
640.70	35.747
640.90	35.854
641.10	35.689
641.30	35.699
641.50	35.421
641.70	35.721
641.89	35.475
642.09	34.947
642.29	35.656
642.49	35.344
642.69	35.353
642.89	35.423
643.09	35.306
643.28	35.116
643.48	35.287
643.68	35.132
643.88	34.879
644.08	35.012
644.28	35.101
644.48	35.220
644.67	34.928
644.87	34.794
645.07	34.828
645.27	34.898
645.47	34.624
645.67	34.891
645.86	34.698
646.06	34.271
646.26	34.846
646.46	34.479
646.66	34.492
646.85	34.469
647.05	34.429
647.25	34.268
647.45	34.551
647.65	34.111
647.85	34.162
648.04	34.415
648.24	34.409
648.44	34.197
648.64	34.268
648.84	34.339
649.03	34.325
649.23	34.003
649.43	34.053
649.63	34.137
649.83	33.719
650.02	33.746
650.22	34.029
650.42	33.858
650.62	33.672
650.82	33.894
651.01	33.834
651.21	33.923
651.41	33.751
651.61	33.612
651.81	33.541
652.00	33.423
652.20	33.524
652.40	33.788
652.60	33.488
652.79	33.444
652.99	33.568
653.19	33.655
653.39	33.529
653.59	33.428
653.78	33.498
653.98	33.545
654.18	33.668
654.38	33.399
654.57	33.690
654.77	33.533
654.97	33.646
655.17	33.333
655.36	33.570
655.56	33.333
655.76	33.606
655.96	33.388
656.15	33.413
656.35	33.601
656.55	33.316
656.75	33.197
656.94	33.371
657.14	33.204
657.34	33.404
657.54	33.503
657.73	33.438
657.93	33.168
658.13	33.097
658.33	33.103
658.52	33.401
658.72	33.404
658.92	32.858
659.11	33.050
659.31	33.165
659.51	32.964
659.71	33.228
659.90	33.092
660.10	32.971
660.30	33.139
660.50	33.129
660.69	32.766
660.89	33.195
661.09	33.087
661.28	32.851
661.48	33.051
661.68	32.794
661.87	32.815
662.07	33.142
662.27	33.341
662.47	32.934
662.66	32.672
662.86	32.879
663.06	32.642
663.25	32.894
663.45	32.835
663.65	32.840
663.84	32.857
664.04	32.873
664.24	32.894
664.44	32.857
664.63	32.814
664.83	32.829
665.03	32.736
665.22	32.667
665.42	32.798
665.62	32.722
665.81	32.498
666.01	32.603
666.21	32.476
666.40	32.467
666.60	32.577
666.80	33.124
666.99	32.865
667.19	32.707
667.39	32.928
667.58	32.717
667.78	32.599
667.98	32.763
668.17	32.366
668.37	32.647
668.57	32.656
668.76	32.576
668.96	32.671
669.16	32.612
669.35	32.632
669.55	32.663
669.74	32.494
669.94	32.560
670.14	32.530
670.33	32.729
670.53	32.657
670.73	32.536
670.92	32.450
671.12	32.615
671.32	32.648
671.51	32.493
671.71	32.218
671.90	32.748
672.10	32.565
672.30	32.546
672.49	32.455
672.69	32.629
672.89	32.476
673.08	32.497
673.28	32.499
673.47	32.605
673.67	32.521
673.87	32.614
674.06	32.490
674.26	32.493
674.45	32.468
674.65	32.534
674.85	32.742
675.04	32.454
675.24	32.751
675.43	32.788
675.63	32.662
675.83	32.793
676.02	32.718
676.22	32.516
676.41	32.850
676.61	32.620
676.81	32.891
677.00	32.529
677.20	32.555
677.39	32.708
677.59	32.871
677.79	32.755
677.98	32.501
678.18	32.393
678.37	32.274
678.57	32.779
678.76	32.398
678.96	32.521
679.16	32.654
679.35	32.717
679.55	32.462
679.74	32.869
679.94	32.760
680.13	32.555
680.33	32.924
680.53	32.745
680.72	32.712
680.92	32.504
681.11	32.525
681.31	32.621
681.50	32.591
681.70	32.871
681.89	33.022
682.09	32.806
682.28	32.700
682.48	32.785
682.68	32.638
682.87	32.574
683.07	33.019
683.26	32.580
683.46	32.939
683.65	32.952
683.85	32.895
684.04	33.063
684.24	32.658
684.43	32.997
684.63	32.715
684.82	33.060
685.02	32.969
685.21	32.944
685.41	32.810
685.60	32.640
685.80	33.269
686.00	32.851
686.19	32.934
686.39	32.804
686.58	33.109
686.78	33.055
686.97	33.314
687.17	33.131
687.36	32.942
687.56	32.952
687.75	33.163
687.95	33.186
688.14	33.075
688.34	33.237
688.53	33.246
688.73	33.269
688.92	33.439
689.12	33.566
689.31	33.244
689.51	33.559
689.70	33.475
689.89	33.563
690.09	33.776
690.28	33.765
690.48	33.720
690.67	34.044
690.87	33.899
691.06	34.169
691.26	34.186
691.45	34.234
691.65	34.371
691.84	34.339
692.04	34.554
692.23	34.736
692.43	34.587
692.62	34.664
692.82	34.734
693.01	35.045
693.20	35.104
693.40	35.104
693.59	35.280
693.79	35.317
693.98	35.587
694.18	35.820
694.37	35.808
694.57	35.648
694.76	36.277
694.95	36.669
695.15	36.700
695.34	36.575
695.54	36.954
695.73	37.178
695.93	37.411
696.12	37.293
696.32	37.653
696.51	37.809
696.70	37.816
696.90	38.563
697.09	38.487
697.29	38.845
697.48	39.140
697.67	39.211
697.87	39.287
698.06	39.806
698.26	39.922
698.45	40.591
698.65	40.440
698.84	41.112
699.03	41.093
699.23	41.189
699.42	41.645
699.62	41.815
699.81	42.181
700.00	42.765
700.20	42.882
700.39	43.107
700.59	43.278
700.78	43.409
700.97	44.031
701.17	43.816
701.36	44.596
701.56	44.677
701.75	45.329
701.94	45.276
702.14	45.682
702.33	46.111
702.52	46.232
702.72	46.527
702.91	46.636
703.11	47.128
703.30	47.284
703.49	47.633
703.69	47.718
703.88	48.127
704.07	48.289
704.27	48.725
704.46	49.235
704.66	49.226
704.85	49.412
705.04	50.151
705.24	50.307
705.43	50.632
705.62	50.432
705.82	51.115
706.01	50.975
706.20	51.564
706.40	51.751
706.59	51.627
706.78	52.255
706.98	52.262
707.17	52.827
707.36	53.063
707.56	53.520
707.75	53.422
707.94	53.264
708.14	53.491
708.33	54.552
708.52	54.299
708.72	54.631
708.91	55.262
709.10	55.088
709.30	55.910
709.49	55.253
709.68	55.699
709.88	56.039
710.07	56.226
710.26	56.391
710.46	56.699
710.65	56.839
710.84	57.032
711.04	57.577
711.23	57.892
711.42	58.102
711.61	58.094
711.81	57.953
712.00	58.658
712.19	58.647
712.39	59.239
712.58	59.259
712.77	59.573
712.97	59.875
713.16	59.735
713.35	60.307
713.54	60.424
713.74	60.203
713.93	61.262
714.12	61.107
714.32	61.205
714.51	61.456
714.70	61.880
714.89	61.408
715.09	62.035
715.28	62.751
715.47	62.439
715.66	62.227
715.86	63.199
716.05	63.544
716.24	63.423
716.44	63.741
716.63	63.364
716.82	64.601
717.01	64.117
717.21	64.424
717.40	64.744
717.59	64.460
717.78	64.445
717.98	65.318
718.17	65.170
718.36	65.572
718.55	65.416
718.75	66.305
718.94	66.448
719.13	66.315
719.32	66.622
719.52	67.110
719.71	66.724
719.90	66.741
720.09	67.139
720.28	67.422
720.48	67.535
720.67	68.430
720.86	67.870
721.05	68.115
721.25	68.212
721.44	68.711
721.63	68.588
721.82	68.968
722.01	68.498
722.21	69.137
722.40	69.209
722.59	69.541
722.78	70.064
722.98	69.876
723.17	69.696
723.36	69.972
723.55	70.398
723.74	70.621
723.94	70.744
724.13	70.860
724.32	70.928
724.51	71.387
724.70	71.066
724.89	71.048
725.09	71.902
725.28	71.592
725.47	71.786
725.66	72.263
725.85	72.486
726.05	72.342
726.24	72.560
726.43	73.106
726.62	73.139
726.81	73.146
727.00	73.317
727.20	73.444
727.39	73.388
727.58	72.967
727.77	73.498
727.96	74.233
728.15	73.419
728.35	74.044
728.54	74.043
728.73	74.470
728.92	74.339
729.11	74.242
729.30	74.485
729.50	74.528
729.69	75.561
729.88	74.989
730.07	75.070
730.26	75.480
730.45	75.925
730.64	75.693
730.84	75.888
731.03	75.798
731.22	76.050
731.41	75.857
731.60	76.385
731.79	76.812
731.98	76.449
732.18	76.543
732.37	77.072
732.56	76.614
732.75	76.976
732.94	77.297
733.13	77.249
733.32	77.385
733.51	77.254
733.71	77.799
733.90	77.137
734.09	77.533
734.28	78.733
734.47	77.928
734.66	78.558
734.85	77.845
735.04	79.194
735.23	78.654
735.42	78.386
735.62	78.705
735.81	78.347
736.00	78.504
736.19	79.093
736.38	78.403
736.57	79.189
736.76	78.960
736.95	79.348
737.14	78.971
737.33	79.207
737.52	79.446
737.72	79.698
737.91	79.613
738.10	80.292
738.29	79.748
738.48	80.020
738.67	79.608
738.86	80.464
739.05	80.470
739.24	79.689
739.43	79.950
739.62	79.673
739.81	80.513
740.00	80.468
740.19	80.714
740.39	80.608
740.58	80.274
740.77	80.326
740.96	80.414
741.15	80.776
741.34	80.872
741.53	81.367
741.72	81.103
741.91	81.068
742.10	80.804
742.29	80.888
742.48	80.986
742.67	81.266
742.86	81.000
743.05	81.412
743.24	81.058
743.43	81.202
743.62	81.367
743.81	81.031
744.00	81.480
744.19	81.893
744.38	82.038
744.57	81.466
744.76	81.568
744.95	81.516
745.14	81.755
745.33	81.967
745.52	82.139
745.71	81.501
745.90	82.121
746.09	82.010
746.28	82.377
746.47	82.046
746.66	81.971
746.85	82.531
747.04	82.068
747.23	81.973
747.42	82.780
747.61	83.050
747.80	82.625
747.99	82.722
748.18	82.626
748.37	83.029
748.56	82.568
748.75	82.773
748.94	83.163
749.13	82.583
749.32	82.643
749.51	82.809
749.70	82.760
749.89	82.257
750.08	82.316
750.27	82.833
750.46	83.019
750.65	82.506
750.84	82.566
751.03	82.892
751.22	82.935
751.41	82.837
751.60	82.899
751.79	83.230
751.98	83.781
752.17	83.155
752.36	82.653
752.55	82.774
752.74	82.800
752.93	83.142
753.12	82.974
753.30	82.634
753.49	83.076
753.68	82.740
753.87	83.090
754.06	82.544
754.25	83.315
754.44	83.156
754.63	82.780
754.82	83.180
755.01	83.023
755.20	82.895
755.39	83.401
755.58	83.325
755.77	83.569
755.96	83.564
756.14	83.108
756.33	83.435
756.52	83.644
756.71	83.375
756.90	83.655
757.09	83.127
757.28	83.182
757.47	83.167
757.66	83.383
757.85	82.993
758.04	83.598
758.22	83.762
758.41	83.484
758.60	83.842
758.79	83.751
758.98	83.277
759.17	83.470
759.36	83.931
759.55	83.500
759.74	83.583
759.92	84.036
760.11	83.888
760.30	83.873
760.49	83.749
760.68	83.555
760.87	83.208
761.06	83.442
761.25	83.506
761.43	82.881
761.62	83.566
761.81	83.061
762.00	83.618
762.19	83.616
762.38	83.516
762.57	83.800
762.76	83.605
762.94	83.997
763.13	83.899
763.32	84.109
763.51	83.997
763.70	84.287
763.89	83.641
764.07	83.880
764.26	82.882
764.45	83.556
764.64	83.739
764.83	83.201
765.02	83.769
765.21	83.267
765.39	83.766
765.58	83.819
765.77	83.391
765.96	83.824
766.15	84.148
766.34	83.106
766.52	83.341
766.71	83.494
766.90	83.387
767.09	83.902
767.28	83.970
767.46	83.360
767.65	83.275
767.84	83.551
768.03	83.745
768.22	83.736
768.40	83.406
768.59	83.473
768.78	83.482
768.97	83.325
769.16	83.188
769.34	82.808
769.53	83.777
769.72	83.742
769.91	83.376
770.10	83.286
770.28	83.669
770.47	83.246
770.66	83.834
770.85	83.761
771.04	83.627
771.22	83.441
771.41	83.620
771.60	82.804
771.79	83.255
771.98	83.739
772.16	83.091
772.35	83.727
772.54	83.173
772.73	83.607
772.91	84.193
773.10	83.460
773.29	83.415
773.48	83.721
773.66	83.694
773.85	83.795
774.04	83.750
774.23	83.721
774.41	82.918
774.60	83.685
774.79	83.404
774.98	83.644
775.16	83.005
775.35	83.505
775.54	83.911
775.73	83.488
775.91	83.224
776.10	82.898
776.29	83.284
776.48	83.243
776.66	82.983
776.85	82.730
777.04	83.336
777.23	83.763
777.41	83.482
777.60	83.407
777.79	83.361
777.97	83.140
778.16	83.173
778.35	83.221
778.54	83.572
778.72	83.350
778.91	83.290
779.10	83.639
779.28	83.443
779.47	83.095
779.66	83.960
779.85	83.392
780.03	83.656
780.22	83.405
780.41	83.617
780.59	83.139
780.78	83.192
780.97	83.265
781.15	82.813
781.34	83.175
781.53	83.050
781.71	82.895
781.90	82.998
782.09	83.429
782.27	82.987
782.46	83.437
782.65	82.993
782.84	82.884
783.02	83.001
783.21	83.295
783.40	82.874
783.58	83.862
783.77	83.170
783.96	83.104
784.14	83.018
784.33	83.236
784.52	83.078
784.70	82.999
784.89	83.093
785.07	83.475
785.26	83.537
785.45	83.557
785.63	83.473
785.82	83.099
786.01	82.439
786.19	82.749
786.38	83.358
786.57	82.810
786.75	82.561
786.94	83.156
787.13	83.220
787.31	83.338
787.50	83.613
787.68	83.446
787.87	83.509
788.06	83.210
788.24	82.983
788.43	83.187
788.62	83.600
788.80	83.112
788.99	83.829
789.17	83.929
789.36	83.650
789.55	83.035
789.73	82.920
789.92	83.108
790.10	83.098
790.29	83.309
790.48	83.244
790.66	82.765
790.85	83.363
791.03	83.064
791.22	83.178
791.41	83.367
791.59	83.115
791.78	83.795
791.96	82.810
792.15	83.666
792.34	82.966
792.52	82.793
792.71	82.937
792.89	82.788
793.08	83.721
793.27	83.570
793.45	84.017
793.64	83.234
793.82	83.094
794.01	83.465
794.19	83.811
794.38	83.574
794.57	83.666
794.75	83.436
794.94	83.302
795.12	82.778
795.31	83.266
795.49	83.462
795.68	83.513
795.86	83.155
796.05	83.005
796.24	83.118
796.42	83.562
796.61	83.667
796.79	84.058
796.98	83.695
797.16	83.413
797.35	83.550
797.53	83.600
797.72	83.320
797.90	83.670
798.09	83.408
798.27	83.531
798.46	83.013
798.65	83.108
798.83	82.794
799.02	82.893
799.20	82.902
799.39	83.535
799.57	83.208
799.76	82.961
799.94	83.506
800.13	83.295
800.31	83.017
800.50	83.476
800.68	83.427
800.87	83.304
801.05	83.504
801.24	83.625
801.42	83.076
801.61	83.434
801.79	83.864
801.98	83.308
802.16	82.731
802.35	83.314
802.53	83.311
802.72	83.304
802.90	83.392
803.09	83.492
803.27	83.391
803.46	83.211
803.64	82.987
803.83	82.964
804.01	82.498
804.20	83.141
804.38	83.573
804.56	83.470
804.75	83.609
804.93	83.433
805.12	82.768
805.30	82.993
805.49	83.349
805.67	83.306
805.86	83.366
806.04	83.385
806.23	83.276
806.41	83.188
806.59	83.325
806.78	83.137
806.96	83.166
807.15	83.514
807.33	83.464
807.52	83.134
807.70	83.001
807.89	83.267
808.07	83.348
808.25	83.482
808.44	83.000
808.62	83.434
808.81	83.295
808.99	83.698
809.18	83.364
809.36	83.075
809.54	82.700
809.73	83.026
809.91	82.641
810.10	83.008
810.28	83.034
810.47	83.463
810.65	83.209
810.83	83.864
811.02	83.416
811.20	83.028
811.39	82.462
811.57	83.181
811.75	83.468
811.94	82.937
812.12	83.322
812.31	83.075
812.49	82.509
812.67	83.551
812.86	83.563
813.04	83.314
813.23	83.102
813.41	83.025
813.59	83.427
813.78	82.750
813.96	82.696
814.14	83.891
814.33	83.801
814.51	82.804
814.70	83.638
814.88	83.690
815.06	83.565
815.25	83.290
815.43	83.390
815.61	83.198
815.80	82.781
815.98	82.791
816.16	82.994
816.35	82.922
816.53	83.291
816.72	83.398
816.90	83.091
817.08	83.084
817.27	83.330
817.45	82.844
817.63	83.457
817.82	83.571
818.00	82.617
818.18	83.554
818.37	83.127
818.55	83.218
818.73	83.155
818.92	82.951
819.10	82.980
819.28	83.392
819.47	82.817
819.65	83.395
819.83	83.118
820.02	83.067
820.20	83.806
820.38	83.468
820.57	83.199
820.75	83.356
820.93	83.098
821.11	82.653
821.30	82.925
821.48	82.986
821.66	83.752
821.85	82.886
822.03	82.637
822.21	83.179
822.40	83.636
822.58	82.626
822.76	83.326
822.94	83.314
823.13	82.726
823.31	83.775
823.49	83.104
823.68	83.527
823.86	83.131
824.04	82.660
824.22	83.332
824.41	83.220
824.59	83.451
824.77	83.334
824.96	83.038
825.14	83.180
825.32	83.588
825.50	83.262
825.69	82.814
825.87	82.992
826.05	83.315
826.23	82.631
826.42	83.552
826.60	83.074
826.78	82.502
826.96	83.088
827.15	82.881
827.33	83.125
827.51	83.716
827.69	82.538
827.88	83.527
828.06	83.692
828.24	82.913
828.42	83.078
828.61	82.594
828.79	83.205
828.97	83.474
829.15	82.664
829.34	83.266
829.52	83.380
829.70	83.416
829.88	83.407
830.06	83.512
830.25	83.313
830.43	83.633
830.61	83.706
830.79	83.607
830.97	82.651
831.16	82.824
831.34	83.040
831.52	84.109
831.70	82.803
831.89	82.944
832.07	82.725
832.25	83.069
832.43	83.722
832.61	82.737
832.80	83.030
832.98	83.280
833.16	82.921
833.34	82.860
833.52	83.423
833.70	83.057
833.89	83.081
834.07	83.481
834.25	82.713
834.43	83.416
834.61	82.673
834.80	82.838
834.98	83.252
835.16	82.601
835.34	82.823
835.52	83.699
835.70	83.405
835.89	83.082
836.07	83.189
836.25	82.859
836.43	83.536
836.61	82.632
836.79	82.932
836.97	83.070
837.16	83.592
837.34	83.163
837.52	82.779
837.70	83.159
837.88	83.154
838.06	82.844
838.24	83.254
838.43	83.337
838.61	83.366
838.79	83.180
838.97	82.351
839.15	83.691
839.33	82.957
839.51	83.503
839.70	83.661
839.88	82.835
840.06	83.230
840.24	82.190
840.42	83.160
840.60	82.515
840.78	82.909
840.96	83.585
841.14	82.986
841.33	83.169
841.51	83.869
841.69	83.505
841.87	83.928
842.05	84.068
842.23	82.970
842.41	83.215
842.59	83.077
842.77	83.802
842.95	83.853
843.14	83.172
843.32	83.396
843.50	83.075
843.68	83.676
843.86	83.216
844.04	83.076
844.22	83.107
844.40	83.120
844.58	83.361
844.76	83.277
844.94	83.009
845.12	82.754
845.30	83.209
845.49	83.352
845.67	83.815
845.85	82.920
846.03	82.953
846.21	83.151
846.39	83.484
846.57	84.077
846.75	83.287
846.93	82.976
847.11	82.795
847.29	82.927
847.47	82.494
847.65	82.872
847.83	84.067
848.01	83.168
848.19	83.425
848.37	83.331
848.55	83.762
848.73	83.130
848.91	83.197
849.09	83.535
849.27	83.463
849.46	82.945
849.64	83.713
849.82	82.656
850.00	83.132
850.18	83.517
850.36	83.711
850.54	82.835
850.72	83.551
850.90	82.987
851.08	83.236
851.26	83.195
851.44	83.618
851.62	83.381
851.80	82.599
851.98	82.552
852.16	82.896
852.34	83.296
852.52	83.318
852.70	83.089
852.88	83.016
853.06	83.489
853.24	83.030
853.42	83.004
853.60	83.514
853.78	82.762
853.96	83.748
854.14	84.023
854.31	83.182
854.49	83.519
854.67	83.443
854.85	83.327
855.03	83.880
855.21	83.215
855.39	83.632
855.57	83.277
855.75	83.400
855.93	83.147
856.11	83.717
856.29	83.398
856.47	83.567
856.65	83.036
856.83	83.296
857.01	83.513
857.19	83.691
857.37	83.188
857.55	83.125
857.73	83.246
857.91	83.440
858.09	84.210
858.26	83.864
858.44	83.100
858.62	83.234
858.80	83.464
858.98	83.940
859.16	83.254
859.34	83.833
859.52	83.171
859.70	83.510
859.88	83.034
860.06	82.734
860.24	83.763
860.42	83.469
860.59	83.929
860.77	82.566
860.95	82.813
861.13	83.130
861.31	83.711
861.49	84.249
861.67	83.267
861.85	82.565
862.03	82.657
862.21	83.352
862.38	82.702
862.56	83.154
862.74	83.450
862.92	83.702
863.10	83.512
863.28	82.864
863.46	83.949
863.64	83.149
863.82	83.609
863.99	82.851
864.17	83.412
864.35	83.428
864.53	83.073
864.71	83.357
864.89	83.579
865.07	83.360
865.24	83.336
865.42	83.433
865.60	83.459
865.78	84.005
865.96	83.225
866.14	83.256
866.32	82.503
866.49	82.820
866.67	84.053
866.85	83.262
867.03	83.238
867.21	82.655
867.39	83.190
867.56	82.835
867.74	83.590
867.92	83.530
868.10	82.948
868.28	82.695
868.46	82.965
868.63	83.300
868.81	82.865
868.99	83.900
869.17	83.733
869.35	82.830
869.53	82.655
869.70	83.340
869.88	83.588
870.06	83.274
870.24	83.503
870.42	83.427
870.59	83.259
870.77	82.909
870.95	83.885
871.13	82.804
871.31	83.281
871.48	82.585
871.66	82.943
871.84	83.384
872.02	83.566
872.20	83.403
872.37	83.188
872.55	83.959
872.73	83.841
872.91	83.156
873.08	84.236
873.26	83.229
873.44	83.338
873.62	83.051
873.80	82.655
873.97	83.444
874.15	83.563
874.33	83.033
874.51	83.469
874.68	83.982
874.86	83.621
875.04	82.321
875.22	82.898
875.39	83.062
875.57	83.909
875.75	83.633
875.93	83.399
876.10	83.547
876.28	83.734
876.46	83.279
876.64	83.047
876.81	82.966
876.99	83.779
877.17	82.665
877.35	82.771
877.52	83.281
877.70	83.223
877.88	83.680
878.06	83.170
878.23	82.784
878.41	83.302
878.59	83.325
878.76	82.765
878.94	83.638
879.12	83.952
879.30	84.205
879.47	83.449
879.65	83.013
879.83	83.129
880.00	83.514
880.18	84.317
880.36	82.933
880.53	83.187
880.71	83.409
880.89	84.538
881.07	82.560
881.24	83.432
881.42	82.591
881.60	83.441
881.77	83.225
881.95	84.010
882.13	83.724
882.30	83.552
882.48	82.416
882.66	83.049
882.83	83.096
883.01	82.584
883.19	83.389
883.36	82.956
883.54	84.256
883.72	82.313
883.89	82.994
884.07	83.920
884.25	82.674
884.42	82.764
884.60	83.357
884.78	82.881
884.95	83.474
885.13	82.862
885.31	84.168
885.48	83.423
885.66	82.987
885.84	83.768
886.01	82.625
886.19	83.962
886.36	83.600
886.54	82.740
886.72	83.641
886.89	83.761
887.07	82.743
887.25	82.556
887.42	83.342
887.60	83.262
887.78	83.373
887.95	83.055
888.13	83.579
888.30	82.963
888.48	83.773
888.66	83.401
888.83	82.382
889.01	83.697
889.18	83.381
889.36	83.570
889.54	83.412
889.71	82.752
889.89	82.993
890.06	82.583
890.24	83.697
890.42	83.700
890.59	83.220
890.77	83.679
890.94	82.949
891.12	83.559
891.30	83.065
891.47	83.722
891.65	82.568
891.82	83.637
892.00	82.130
892.17	83.156
892.35	84.063
892.53	83.926
892.70	83.612
892.88	83.406
893.05	83.099
893.23	83.098
893.40	83.668
893.58	84.109
893.75	83.855
893.93	83.232
894.11	83.989
894.28	83.784
894.46	83.377
894.63	83.479
894.81	83.831
894.98	83.637
895.16	83.383
895.33	83.302
895.51	83.053
895.68	83.461
895.86	83.536
896.04	83.676
896.21	84.050
896.39	83.871
896.56	83.202
896.74	82.634
896.91	83.637
897.09	83.212
897.26	83.732
897.44	82.722
897.61	83.011
897.79	83.843
897.96	83.744
898.14	84.062
898.31	84.908
898.49	82.725
898.66	83.377
898.84	82.788
899.01	83.349
899.19	83.864
899.36	83.065
899.54	83.472
899.71	83.275
899.89	82.752
900.06	82.543
900.24	83.702
900.41	83.429
900.59	83.292
900.76	82.355
900.94	83.562
901.11	83.306
901.29	84.262
901.46	84.187
901.63	83.731
901.81	83.574
901.98	82.882
902.16	83.689
902.33	83.734
902.51	83.389
902.68	84.113
902.86	83.639
903.03	83.368
903.21	83.222
903.38	83.157
903.56	84.482
903.73	83.715
903.90	83.184
904.08	84.010
904.25	83.426
904.43	83.370
904.60	83.253
904.78	83.908
904.95	83.085
905.12	83.777
905.30	84.110
905.47	83.433
905.65	85.240
905.82	84.045
906.00	83.409
906.17	84.029
906.34	83.543
906.52	83.476
906.69	83.752
906.87	84.775
907.04	83.801
907.21	83.375
907.39	82.820
907.56	83.118
907.74	83.787
907.91	83.844
908.08	83.979
908.26	83.031
908.43	83.615
908.61	84.031
908.78	83.971
908.95	82.813
909.13	83.915
909.30	83.638
909.48	82.883
909.65	83.034
909.82	82.546
910.00	83.741
910.17	82.546
910.34	84.096
910.52	82.582
910.69	82.730
910.87	83.659
911.04	83.060
911.21	83.612
911.39	82.949
911.56	82.801
911.73	82.862
911.91	83.811
912.08	83.531
912.25	83.580
912.43	84.065
912.60	83.962
912.77	83.998
912.95	83.088
913.12	82.769
913.29	83.827
913.47	83.563
913.64	83.647
913.81	82.755
913.99	83.390
914.16	83.612
914.33	83.392
914.51	84.009
914.68	83.372
914.85	83.982
915.03	83.023
915.20	84.022
915.37	83.618
915.55	83.163
915.72	82.531
915.89	83.189
916.07	83.219
916.24	83.882
916.41	82.523
916.59	83.523
916.76	84.042
916.93	82.644
917.10	83.713
917.28	82.892
917.45	83.734
917.62	83.858
917.80	84.477
917.97	83.008
918.14	83.368
918.31	83.327
918.49	83.269
918.66	83.425
918.83	82.590
919.01	83.799
919.18	83.186
919.35	83.973
919.52	84.148
919.70	83.124
919.87	84.041
920.04	84.014
920.21	83.196
920.39	83.764
920.56	82.826
920.73	84.218
920.90	83.604
921.08	82.906
921.25	83.115
921.42	83.326
921.59	83.239
921.77	83.763
921.94	84.051
922.11	83.449
922.28	83.277
922.46	83.475
922.63	84.574
922.80	83.386
922.97	83.024
923.15	84.062
923.32	84.641
923.49	83.093
923.66	83.211
923.83	83.582
924.01	83.177
924.18	83.401
924.35	83.613
924.52	83.244
924.69	82.719
924.87	82.379
925.04	82.241
925.21	83.532
925.38	83.001
925.55	83.499
925.73	84.129
925.90	83.356
926.07	83.886
926.24	82.487
926.41	83.859
926.59	82.793
926.76	82.723
926.93	83.079
927.10	82.829
927.27	82.914
927.45	82.108
927.62	81.712
927.79	81.244
927.96	83.588
928.13	83.415
928.30	83.361
928.48	81.747
928.65	83.805
928.82	82.666
928.99	83.737
929.16	83.100
929.33	83.204
929.50	83.838
929.68	83.580
929.85	83.353
930.02	83.545
930.19	83.888
930.36	83.085
930.53	85.238
930.70	82.943
930.88	81.809
931.05	82.030
931.22	84.138
931.39	82.564
931.56	83.894
931.73	83.009
931.90	82.350
932.08	83.652
932.25	83.791
932.42	83.016
932.59	82.746
932.76	82.708
932.93	83.995
933.10	82.196
933.27	82.696
933.44	83.626
933.62	82.331
933.79	83.941
933.96	83.241
934.13	83.116
934.30	83.764
934.47	83.911
934.64	83.353
934.81	82.610
934.98	82.542
935.15	83.381
935.32	82.454
935.50	83.130
935.67	82.869
935.84	83.304
936.01	84.393
936.18	83.283
936.35	82.391
936.52	82.358
936.69	83.846
936.86	82.659
937.03	84.018
937.20	82.011
937.37	82.703
937.54	83.249
937.71	83.931
937.89	85.730
938.06	83.673
938.23	83.523
938.40	82.867
938.57	83.634
938.74	83.452
938.91	86.010
939.08	81.986
939.25	83.495
939.42	79.651
939.59	84.949
939.76	86.182
939.93	84.062
940.10	80.874
940.27	85.061
940.44	84.012
940.61	83.843
940.78	84.031
940.95	83.364
941.12	85.676
941.29	84.713
941.46	80.369
941.63	83.865
941.80	86.885
941.97	86.500
942.14	83.370
942.31	82.565
942.48	84.839
942.65	83.631
942.82	82.196
942.99	81.876
943.16	83.483
943.33	84.386
943.50	83.088
943.67	85.959
943.84	84.964
944.01	79.673
944.18	83.542
944.35	82.448
944.52	80.773
944.69	78.796
944.86	81.400
945.03	85.195
945.20	80.070
945.37	81.880
945.54	83.762
945.71	84.543
945.88	81.575
946.05	79.351
946.22	80.212
946.39	82.442
946.56	83.718
946.73	80.445
946.90	83.014
947.07	83.481
947.23	84.590
947.40	79.271
947.57	83.033
947.74	85.532
947.91	80.549
948.08	84.534
948.25	81.843
948.42	85.733
948.59	82.011
948.76	82.312
948.93	84.040
949.10	82.408
949.27	82.567
949.44	83.097
949.60	83.937
949.77	82.734
949.94	81.337
950.11	82.024
950.28	82.201
950.45	84.462
950.62	82.113
950.79	81.075
950.96	82.016
951.13	81.533
951.30	82.202
951.46	83.966
951.63	83.587
951.80	82.145
951.97	83.193
952.14	80.723
952.31	82.754
952.48	83.768
952.65	82.014
952.81	80.867
952.98	82.995
953.15	83.977
953.32	81.075
953.49	82.138
953.66	84.018
953.83	83.728
954.00	82.980
954.16	81.357
954.33	81.887
954.50	83.128
954.67	84.119
954.84	80.964
955.01	82.568
955.18	79.310
955.34	83.151
955.51	82.091
955.68	85.104
955.85	83.208
956.02	82.464
956.19	80.110
956.35	82.441
956.52	82.494
956.69	83.104
956.86	81.365
957.03	83.287
957.20	81.091
957.36	81.515
957.53	83.045
957.70	80.973
957.87	84.307
958.04	80.325
958.21	81.879
958.37	83.170
958.54	82.036
958.71	81.664
958.88	82.040
959.05	83.809
959.21	82.297
959.38	82.611
959.55	82.450
959.72	82.975
959.89	81.353
960.05	82.881
960.22	81.414
960.39	82.875
960.56	83.350
960.72	82.708
960.89	82.754
961.06	81.102
961.23	80.898
961.40	82.738
961.56	81.690
961.73	80.624
961.90	82.811
962.07	79.464
962.23	81.033
962.40	82.157
962.57	81.891
962.74	79.812
962.90	80.932
963.07	81.497
963.24	82.728
963.41	81.706
963.57	82.976
963.74	81.939
963.91	80.278
964.08	79.909
964.24	80.795
964.41	82.088
964.58	81.862
964.75	81.710
964.91	81.964
965.08	83.624
965.25	81.310
965.42	78.914
965.58	81.067
965.75	83.769
965.92	82.729
966.08	81.766
966.25	81.291
966.42	81.645
966.59	80.719
966.75	83.197
966.92	82.028
967.09	81.059
967.25	81.930
967.42	83.510
967.59	81.002
967.75	84.255
967.92	83.509
968.09	81.755
968.26	81.800
968.42	81.950
968.59	82.337
968.76	83.412
968.92	81.166
969.09	81.576
969.26	82.248
969.42	80.187
969.59	81.708
969.76	82.792
969.92	83.197
970.09	80.100
970.26	81.335
970.42	83.496
970.59	81.783
970.76	81.508
970.92	79.496
971.09	80.776
971.26	80.455
971.42	81.038
971.59	81.902
971.76	81.479
971.92	80.407
972.09	82.752
972.25	82.596
972.42	81.248
972.59	81.887
972.75	81.961
972.92	82.042
973.09	82.564
973.25	80.141
973.42	80.493
973.58	81.757
973.75	80.967
973.92	82.198
974.08	82.049
974.25	79.880
974.42	81.751
974.58	82.240
974.75	81.062
974.91	82.287
975.08	83.960
975.25	83.381
975.41	82.819
975.58	82.494
975.74	82.312
975.91	81.419
976.08	81.306
976.24	81.093
976.41	82.606
976.57	82.166
976.74	82.334
976.91	81.036
977.07	82.282
977.24	81.396
977.40	83.391
977.57	80.072
977.73	82.152
977.90	84.060
978.07	81.078
978.23	80.703
978.40	81.464
978.56	84.196
978.73	79.673
978.89	83.597
979.06	82.397
979.22	81.019
979.39	81.641
979.56	80.666
979.72	82.471
979.89	80.925
980.05	81.195
980.22	81.783
980.38	81.337
980.55	80.825
980.71	81.076
980.88	78.376
981.04	81.021
981.21	83.450
981.37	82.828
981.54	80.891
981.70	80.297
981.87	82.168
982.04	82.869
982.20	81.859
982.37	80.399
982.53	83.933
982.70	81.651
982.86	79.757
983.03	80.500
983.19	80.703
983.36	80.607
983.52	81.642
983.69	82.431
983.85	84.521
984.02	82.885
984.18	80.593
984.35	80.449
984.51	81.990
984.68	80.828
984.84	83.696
985.00	81.226
985.17	80.738
985.33	81.726
985.50	82.596
985.66	80.833
985.83	82.343
985.99	80.446
986.16	79.609
986.32	81.461
986.49	80.357
986.65	83.199
986.82	80.557
986.98	83.487
987.15	79.963
987.31	83.345
987.47	77.126
987.64	78.360
987.80	81.355
987.97	81.081
988.13	80.216
988.30	82.064
988.46	78.971
988.63	83.839
988.79	80.408
988.95	82.054
989.12	79.595
989.28	80.277
989.45	80.501
989.61	81.973
989.77	83.500
989.94	82.563
990.10	79.684
990.27	82.342
990.43	82.042
990.60	81.199
990.76	79.960
990.92	82.515
991.09	81.490
991.25	82.314
991.42	80.932
991.58	81.091
991.74	80.320
991.91	79.647
992.07	79.239
992.24	81.458
992.40	80.523
992.56	80.740
992.73	82.047
992.89	82.492
993.05	82.868
993.22	82.733
993.38	81.959
993.55	81.503
993.71	81.376
993.87	81.786
994.04	80.184
994.20	82.751
994.36	80.227
994.53	82.128
994.69	81.323
994.85	84.237
995.02	81.253
995.18	81.655
995.34	80.859
995.51	80.578
995.67	81.640
995.84	81.114
996.00	78.697
996.16	79.601
996.33	82.591
996.49	82.734
996.65	80.865
996.82	81.136
996.98	80.047
997.14	81.194
997.31	80.957
997.47	80.000
997.63	82.671
997.79	79.104
997.96	80.804
998.12	78.359
998.28	81.584
998.45	82.984
998.61	82.377
998.77	82.927
998.94	79.584
999.10	78.855
999.26	82.793
999.43	80.697
999.59	80.165
999.75	81.699
999.91	81.938
1000.08	82.327
1000.24	82.625
1000.40	81.222
1000.57	79.934
1000.73	81.280
1000.89	81.104
1001.05	79.583
1001.22	78.042
1001.38	80.194
1001.54	81.881
1001.70	79.867
1001.87	79.752
1002.03	78.536
1002.19	83.421
1002.35	80.332
1002.52	82.741
1002.68	82.652
1002.84	80.318
1003.00	81.801
1003.17	83.496
1003.33	80.945
1003.49	83.115
1003.65	80.063
1003.82	81.743
1003.98	81.513
1004.14	80.363
1004.30	82.842
1004.47	80.059
1004.63	79.476
1004.79	82.723
1004.95	84.452
1005.11	79.899
1005.28	78.836
1005.44	84.317
1005.60	80.325
1005.76	81.528
1005.93	77.926
1006.09	81.472
1006.25	77.365
1006.41	80.549
1006.57	81.434
1006.74	77.749
1006.90	81.400
1007.06	82.550
1007.22	79.694
1007.38	82.328
1007.55	81.985
1007.71	80.338
1007.87	75.366
1008.03	81.087
1008.19	86.729
1008.35	79.610
1008.52	78.296
1008.68	80.724
1008.84	82.498
1009.00	80.620
1009.16	73.845
1009.32	85.476
1009.49	80.746
1009.65	82.954
1009.81	83.604
1009.97	79.974
1010.13	79.334
1010.29	82.290
1010.46	80.467
1010.62	77.613
1010.78	80.801
1010.94	82.028
1011.10	79.325
1011.26	78.480
1011.42	80.101
1011.59	79.939
1011.75	79.819
1011.91	79.046
1012.07	82.871
1012.23	80.180
1012.39	83.241
1012.55	76.120
1012.71	78.351
1012.88	77.954
1013.04	85.370
1013.20	81.358
1013.36	79.062
1013.52	81.385
1013.68	80.226
1013.84	75.737
1014.00	80.078
1014.16	81.324
1014.33	77.264
1014.49	83.921
1014.65	78.691
1014.81	80.772
1014.97	82.437
1015.13	76.828
1015.29	81.232
1015.45	76.466
1015.61	75.735
1015.77	84.508
1015.93	79.101
1016.09	82.804
1016.26	79.918
1016.42	80.738
1016.58	83.420
1016.74	80.250
1016.90	80.306
1017.06	74.154
1017.22	87.210
1017.38	76.869
1017.54	76.444
1017.70	79.260
1017.86	76.275
1018.02	78.716
1018.18	73.167
1018.34	81.269
1018.50	81.140
1018.66	84.150
1018.82	77.067
1018.98	83.396
1019.14	82.703
1019.31	76.627
1019.47	79.523
1019.63	85.837
1019.79	81.348
1019.95	79.414
1020.11	80.859
1020.27	78.348
1020.43	83.134
1020.59	76.927
1020.75	72.520
1020.91	80.892
1021.07	81.688
1021.23	77.074
1021.39	74.737
1021.55	90.218
1021.71	82.023
1021.87	84.320
1022.03	78.637
1022.19	82.304
1022.35	79.563
1022.51	81.442
1022.67	78.673
1022.83	72.305
1022.99	76.994
1023.15	75.365
1023.31	83.862
1023.47	80.288
1023.63	83.489
1023.79	78.770
1023.95	84.964
1024.10	74.521
1024.26	81.912
1024.42	76.047
1024.58	77.412
1024.74	82.383
1024.90	83.506
1025.06	85.990
1025.22	82.787
1025.38	78.633
1025.54	75.736
1025.70	77.479
1025.86	72.371
1026.02	78.998
1026.18	83.978
1026.34	74.479
1026.50	80.090
1026.66	82.452
1026.82	72.518
1026.98	77.834
1027.13	74.399
1027.29	82.975
1027.45	70.943
1027.61	80.093
1027.77	74.439
1027.93	76.072
1028.09	75.704
1028.25	75.931
1028.41	76.566
1028.57	70.548
1028.73	74.112
1028.88	79.797
1029.04	75.080
1029.20	75.429
1029.36	80.230
1029.52	77.047
1029.68	76.316
1029.84	89.568
1030.00	77.585
1030.16	77.715
1030.32	74.728
1030.47	86.494
1030.63	73.598
1030.79	78.101
1030.95	69.515
1031.11	76.429
1031.27	83.320
1031.43	80.174
1031.59	77.536
1031.74	86.926
1031.90	82.340
1032.06	68.090
1032.22	71.332
1032.38	75.709
1032.54	70.988
1032.69	77.397
1032.85	73.519
1033.01	79.984
1033.17	69.771
1033.33	81.532
1033.49	84.637
1033.65	76.218
1033.80	71.174
1033.96	82.348
1034.12	69.816
1034.28	77.068
1034.44	77.891
1034.60	65.424
1034.75	81.105
1034.91	77.547
1035.07	85.849
1035.23	67.967
1035.39	74.888
1035.54	75.092
1035.70	82.153
1035.86	67.886
1036.02	79.686
1036.18	75.000
1036.33	89.851
1036.49	72.829
1036.65	73.917
1036.81	73.588
1036.97	79.200
1037.12	78.400
1037.28	80.422
1037.44	72.791
1037.60	73.006
1037.76	86.190
1037.91	74.652
1038.07	74.859
1038.23	73.926
1038.39	79.139
1038.54	78.408
1038.70	89.066
1038.86	73.719
1039.02	78.166
1039.17	75.486
1039.33	66.022
1039.49	76.846
1039.65	63.667
1039.80	69.185
1039.96	63.386
1040.12	84.277
1040.28	65.687
>>>>> Data<<<<< Espectral Procesado Extremo
