Fichero De Datos De SpectraSuite
++++++++++++++++++++++++++++++++++++
Fecha: Wed Jul 15 07:42:18 CST 2026
Usuario: HP
Presente Oscuro Del Espectro: Sí
La Referencia de Presente Del Espectro De: Sí
Muestreados de los componentes de Número de espectros: 1
Espectrómetros: USB4H06056
Tiempo de integración (usec): 300000 (USB4H06056)
Promedio de Espectros Hechos un: 5 (USB4H06056)
El Alisar Del Furgón: 0 (USB4H06056)
Párrafo de de Corregir del la del del de Eléctrica del obscuridad: No (USB4H06056)
Estrobo/Lámpara Permitido: No (USB4H06056)
Correct for Detector Non-linearity: No (USB4H06056)
Párrafo de de Corregir del la del del de Externa del luz: No (USB4H06056)
Procesado del espectro de Número de pixeles en: 3648
>>>>> Comienza Data<<<<< Espectral Procesado Del EL
345.09	-1.613
345.30	-1.613
345.52	-1.613
345.74	127.273
345.95	50.000
346.17	-37.778
346.39	137.500
346.60	816.667
346.82	39.344
347.04	52.000
347.25	35.211
347.47	245.455
347.69	308.696
347.90	-41.905
348.12	-933.333
348.34	73.770
348.56	-289.655
348.77	66.667
348.99	100.000
349.21	34.158
349.42	97.521
349.64	8.000
349.86	72.222
350.07	57.317
350.29	80.769
350.51	36.765
350.72	4.511
350.94	81.921
351.16	-23.214
351.37	272.727
351.59	24.419
351.81	180.952
352.02	64.894
352.24	117.757
352.46	84.615
352.67	51.282
352.89	37.607
353.10	2.326
353.32	188.889
353.54	-8.929
353.75	105.682
353.97	212.000
354.19	59.091
354.40	104.918
354.62	133.333
354.84	57.676
355.05	11.667
355.27	20.853
355.49	51.497
355.70	380.000
355.92	-491.304
356.14	104.072
356.35	63.547
356.57	15.337
356.78	-37.805
357.00	-29.457
357.22	62.791
357.43	75.000
357.65	168.421
357.87	-32.584
358.08	12.605
358.30	93.506
358.51	52.713
358.73	67.669
358.95	94.241
359.16	-122.222
359.38	153.061
359.60	166.667
359.81	-73.684
360.03	50.917
360.24	24.299
360.46	63.277
360.68	20.118
360.89	-72.414
361.11	-75.424
361.33	-2.206
361.54	-6.338
361.76	33.036
361.97	21.600
362.19	44.872
362.41	68.807
362.62	71.515
362.84	-12.121
363.05	83.871
363.27	71.171
363.49	176.033
363.70	-13.587
363.92	73.554
364.13	176.471
364.35	67.492
364.57	38.312
364.78	105.814
365.00	-60.563
365.21	-30.337
365.43	50.000
365.65	56.000
365.86	-27.027
366.08	-114.286
366.29	61.983
366.51	43.284
366.73	35.556
366.94	105.882
367.16	65.882
367.37	-111.475
367.59	127.848
367.80	91.367
368.02	121.429
368.24	68.421
368.45	129.310
368.67	507.407
368.88	57.558
369.10	85.276
369.31	96.835
369.53	117.045
369.75	21.505
369.96	52.703
370.18	37.615
370.39	60.494
370.61	5.000
370.82	110.606
371.04	71.429
371.26	80.455
371.47	51.111
371.69	-110.000
371.90	144.928
372.12	13.568
372.33	45.783
372.55	60.870
372.76	134.314
372.98	-36.036
373.20	82.653
373.41	74.150
373.63	31.148
373.84	144.898
374.06	99.375
374.27	104.938
374.49	4.372
374.70	-14.516
374.92	41.463
375.13	79.348
375.35	103.977
375.57	-42.593
375.78	92.377
376.00	60.284
376.21	59.603
376.43	-200.000
376.64	74.586
376.86	45.887
377.07	-7.333
377.29	50.336
377.50	320.513
377.72	78.733
377.93	34.375
378.15	-20.909
378.36	13.295
378.58	102.500
378.80	127.586
379.01	81.667
379.23	16.751
379.44	64.634
379.66	17.117
379.87	-12.879
380.09	35.593
380.30	41.304
380.52	30.435
380.73	81.579
380.95	377.778
381.16	30.601
381.38	35.937
381.59	53.247
381.81	25.926
382.02	52.632
382.24	-80.645
382.45	104.167
382.67	26.950
382.88	30.973
383.10	-134.091
383.31	5.521
383.53	38.621
383.74	57.944
383.96	183.168
384.17	-25.556
384.39	78.912
384.60	49.787
384.82	64.571
385.03	24.096
385.25	51.429
385.46	53.704
385.68	-58.025
385.89	30.220
386.11	40.550
386.32	95.808
386.54	77.056
386.75	-18.310
386.97	67.337
387.18	70.588
387.40	-153.488
387.61	49.823
387.83	22.059
388.04	68.156
388.25	74.194
388.47	51.531
388.68	48.295
388.90	60.541
389.11	-3.971
389.33	42.128
389.54	33.113
389.76	36.464
389.97	10.204
390.19	42.379
390.40	72.687
390.62	40.090
390.83	44.771
391.05	71.038
391.26	14.000
391.47	76.727
391.69	86.607
391.90	-57.143
392.12	59.247
392.33	55.782
392.55	5.495
392.76	71.622
392.98	33.113
393.19	12.273
393.41	60.246
393.62	20.765
393.83	83.636
394.05	60.714
394.26	34.286
394.48	78.287
394.69	76.585
394.91	64.400
395.12	38.710
395.34	30.133
395.55	41.473
395.76	33.333
395.98	77.409
396.19	52.982
396.41	18.627
396.62	24.571
396.84	3.073
397.05	27.632
397.26	42.672
397.48	41.379
397.69	73.977
397.91	19.149
398.12	10.063
398.33	29.520
398.55	32.558
398.76	54.000
398.98	62.416
399.19	40.095
399.41	49.133
399.62	28.315
399.83	72.372
400.05	38.669
400.26	35.948
400.48	48.424
400.69	18.468
400.90	75.542
401.12	55.118
401.33	20.229
401.55	35.127
401.76	41.892
401.97	33.190
402.19	30.380
402.40	32.986
402.62	44.380
402.83	52.542
403.04	22.642
403.26	30.857
403.47	25.943
403.69	46.684
403.90	29.907
404.11	35.457
404.33	59.620
404.54	33.428
404.76	-9.504
404.97	51.752
405.18	42.417
405.40	44.821
405.61	41.131
405.83	34.444
406.04	61.832
406.25	40.100
406.47	28.283
406.68	57.757
406.89	35.533
407.11	61.905
407.32	52.830
407.54	39.637
407.75	19.807
407.96	31.373
408.18	36.420
408.39	34.504
408.60	34.350
408.82	35.849
409.03	59.322
409.24	28.257
409.46	45.802
409.67	25.969
409.89	29.561
410.10	29.204
410.31	30.888
410.53	45.719
410.74	24.260
410.95	41.957
411.17	43.088
411.38	41.997
411.59	20.556
411.81	39.182
412.02	43.532
412.23	13.701
412.45	29.575
412.66	34.177
412.87	24.915
413.09	42.537
413.30	40.196
413.51	29.685
413.73	37.143
413.94	23.684
414.15	34.700
414.37	33.748
414.58	9.771
414.79	17.941
415.01	20.765
415.22	19.889
415.43	10.883
415.65	13.725
415.86	28.667
416.07	11.377
416.29	22.860
416.50	29.471
416.71	21.988
416.93	12.582
417.14	24.334
417.35	27.109
417.57	10.288
417.78	22.566
417.99	17.427
418.21	22.362
418.42	22.377
418.63	26.793
418.85	143.080
419.06	16.585
419.27	15.909
419.48	22.015
419.70	17.222
419.91	17.217
420.12	17.703
420.34	14.497
420.55	24.215
420.76	23.483
420.98	20.358
421.19	19.874
421.40	12.729
421.61	13.692
421.83	18.235
422.04	8.441
422.25	16.102
422.47	27.810
422.68	12.087
422.89	20.687
423.11	13.793
423.32	13.898
423.53	19.905
423.74	11.566
423.96	7.259
424.17	16.994
424.38	22.545
424.59	9.527
424.81	12.774
425.02	16.803
425.23	11.656
425.45	8.134
425.66	17.574
425.87	12.344
426.08	14.209
426.30	21.155
426.51	12.302
426.72	12.341
426.93	16.502
427.15	14.525
427.36	12.833
427.57	13.297
427.79	11.373
428.00	12.819
428.21	-36.885
428.42	12.506
428.64	17.706
428.85	8.753
429.06	10.651
429.27	13.490
429.49	15.359
429.70	8.133
429.91	2.733
430.12	13.410
430.34	14.029
430.55	10.994
430.76	13.274
430.97	6.456
431.19	11.558
431.40	12.725
431.61	14.942
431.82	6.694
432.03	11.648
432.25	14.755
432.46	8.055
432.67	12.157
432.88	10.322
433.10	12.915
433.31	14.554
433.52	9.392
433.73	12.514
433.95	11.213
434.16	14.026
434.37	11.042
434.58	8.978
434.79	11.192
435.01	10.044
435.22	12.631
435.43	11.705
435.64	11.992
435.86	12.093
436.07	10.429
436.28	11.362
436.49	10.627
436.70	13.709
436.92	13.965
437.13	11.409
437.34	10.453
437.55	9.870
437.76	14.392
437.98	10.013
438.19	12.488
438.40	5.879
438.61	13.325
438.82	12.986
439.04	12.857
439.25	11.242
439.46	11.154
439.67	9.761
439.88	13.258
440.10	15.820
440.31	9.892
440.52	9.903
440.73	12.328
440.94	12.292
441.16	8.585
441.37	11.005
441.58	11.369
441.79	11.494
442.00	8.496
442.21	8.924
442.43	9.776
442.64	9.850
442.85	10.011
443.06	11.213
443.27	9.343
443.48	11.094
443.70	12.566
443.91	10.028
444.12	7.865
444.33	9.524
444.54	8.304
444.75	11.068
444.97	12.171
445.18	9.954
445.39	9.079
445.60	7.499
445.81	10.522
446.02	10.873
446.24	15.074
446.45	9.961
446.66	10.207
446.87	9.641
447.08	8.608
447.29	11.477
447.51	9.805
447.72	10.496
447.93	11.132
448.14	9.503
448.35	9.787
448.56	12.174
448.77	12.991
448.99	8.347
449.20	10.641
449.41	12.872
449.62	11.878
449.83	10.811
450.04	9.356
450.25	9.418
450.46	11.164
450.68	11.508
450.89	10.791
451.10	10.867
451.31	8.621
451.52	7.412
451.73	11.420
451.94	11.732
452.15	12.503
452.37	10.892
452.58	11.966
452.79	11.706
453.00	11.993
453.21	9.659
453.42	8.541
453.63	9.074
453.84	9.951
454.06	9.930
454.27	12.071
454.48	10.542
454.69	12.340
454.90	9.836
455.11	10.090
455.32	11.067
455.53	9.655
455.74	9.457
455.95	11.581
456.17	11.441
456.38	11.496
456.59	13.225
456.80	10.556
457.01	11.377
457.22	8.497
457.43	12.587
457.64	10.397
457.85	10.586
458.06	9.871
458.27	12.133
458.49	10.242
458.70	10.456
458.91	10.600
459.12	10.875
459.33	10.385
459.54	11.227
459.75	11.500
459.96	9.063
460.17	5.992
460.38	10.388
460.59	11.782
460.80	11.906
461.01	11.193
461.23	9.692
461.44	11.632
461.65	10.980
461.86	10.388
462.07	11.372
462.28	10.339
462.49	11.293
462.70	10.745
462.91	8.918
463.12	11.639
463.33	11.529
463.54	11.082
463.75	9.229
463.96	10.027
464.17	10.910
464.38	10.722
464.59	10.565
464.81	11.316
465.02	11.322
465.23	9.300
465.44	10.436
465.65	10.930
465.86	13.028
466.07	11.324
466.28	8.854
466.49	9.002
466.70	10.462
466.91	9.455
467.12	9.214
467.33	11.988
467.54	11.045
467.75	10.813
467.96	9.332
468.17	9.911
468.38	11.704
468.59	11.958
468.80	8.825
469.01	10.591
469.22	11.632
469.43	11.777
469.64	11.027
469.85	9.425
470.06	10.479
470.27	12.672
470.48	9.637
470.69	12.955
470.90	9.840
471.11	10.307
471.32	11.278
471.53	11.270
471.74	9.272
471.95	9.318
472.16	9.669
472.37	11.522
472.58	10.605
472.79	10.983
473.00	12.416
473.21	10.621
473.42	10.010
473.63	11.099
473.84	11.253
474.05	9.933
474.26	11.391
474.47	12.028
474.68	9.678
474.89	11.680
475.10	9.940
475.31	12.068
475.52	10.579
475.73	11.286
475.94	11.683
476.15	10.954
476.36	11.359
476.57	10.676
476.78	11.000
476.99	11.137
477.20	11.244
477.41	11.148
477.62	11.243
477.83	9.593
478.04	9.127
478.25	10.517
478.46	9.880
478.67	11.065
478.88	10.477
479.09	11.226
479.30	11.978
479.51	10.989
479.72	9.552
479.93	10.785
480.14	9.781
480.35	10.105
480.56	10.483
480.77	9.716
480.98	10.720
481.18	9.770
481.39	10.268
481.60	11.602
481.81	10.644
482.02	10.466
482.23	10.284
482.44	12.049
482.65	10.553
482.86	10.244
483.07	10.428
483.28	10.514
483.49	10.374
483.70	10.685
483.91	10.418
484.12	10.601
484.33	10.997
484.53	10.067
484.74	10.768
484.95	11.071
485.16	10.060
485.37	10.780
485.58	11.175
485.79	10.933
486.00	9.909
486.21	10.232
486.42	10.208
486.63	11.438
486.84	10.761
487.05	9.627
487.25	10.994
487.46	11.492
487.67	10.297
487.88	11.631
488.09	10.370
488.30	9.575
488.51	18.791
488.72	10.033
488.93	10.980
489.14	10.616
489.35	11.309
489.55	10.214
489.76	10.679
489.97	10.366
490.18	10.578
490.39	11.514
490.60	10.385
490.81	10.407
491.02	10.258
491.23	11.674
491.43	10.507
491.64	10.638
491.85	10.494
492.06	10.350
492.27	11.125
492.48	10.330
492.69	10.565
492.90	11.388
493.11	11.061
493.31	11.650
493.52	10.695
493.73	10.402
493.94	10.870
494.15	10.265
494.36	10.708
494.57	10.618
494.78	10.667
494.98	10.821
495.19	10.971
495.40	11.586
495.61	11.106
495.82	11.014
496.03	11.273
496.24	10.514
496.44	10.677
496.65	11.045
496.86	10.098
497.07	11.152
497.28	11.227
497.49	10.723
497.70	11.024
497.90	10.817
498.11	11.057
498.32	11.152
498.53	10.652
498.74	10.837
498.95	10.740
499.15	11.174
499.36	11.029
499.57	11.048
499.78	11.104
499.99	10.508
500.20	11.395
500.40	10.840
500.61	10.645
500.82	10.302
501.03	10.354
501.24	11.039
501.45	10.965
501.65	11.064
501.86	10.398
502.07	10.769
502.28	10.851
502.49	10.520
502.70	10.464
502.90	10.730
503.11	10.640
503.32	10.036
503.53	11.066
503.74	10.538
503.94	11.437
504.15	11.002
504.36	10.887
504.57	10.054
504.78	11.178
504.98	11.166
505.19	10.704
505.40	10.972
505.61	10.971
505.82	11.136
506.02	10.930
506.23	10.812
506.44	11.128
506.65	11.349
506.86	10.778
507.06	10.732
507.27	11.027
507.48	11.099
507.69	10.835
507.90	11.173
508.10	10.532
508.31	11.179
508.52	11.143
508.73	11.358
508.94	11.853
509.14	10.978
509.35	11.042
509.56	11.075
509.77	10.982
509.97	11.463
510.18	11.230
510.39	11.053
510.60	11.539
510.80	11.545
511.01	11.790
511.22	11.194
511.43	11.114
511.64	11.102
511.84	11.547
512.05	11.211
512.26	11.127
512.47	11.473
512.67	11.239
512.88	11.118
513.09	11.247
513.30	11.033
513.50	11.085
513.71	11.708
513.92	10.987
514.13	11.333
514.33	11.360
514.54	11.752
514.75	11.312
514.96	10.899
515.16	11.264
515.37	11.540
515.58	12.031
515.78	11.321
515.99	11.301
516.20	11.952
516.41	11.249
516.61	11.675
516.82	11.413
517.03	11.533
517.24	11.191
517.44	10.624
517.65	11.468
517.86	11.854
518.07	11.911
518.27	11.303
518.48	11.798
518.69	11.592
518.89	11.714
519.10	11.416
519.31	11.412
519.52	11.885
519.72	11.717
519.93	11.683
520.14	12.157
520.34	12.321
520.55	11.928
520.76	11.709
520.96	12.297
521.17	11.885
521.38	12.125
521.59	12.256
521.79	12.027
522.00	12.016
522.21	12.431
522.41	12.037
522.62	11.891
522.83	12.161
523.03	12.284
523.24	12.362
523.45	12.210
523.66	12.302
523.86	12.280
524.07	12.278
524.28	12.731
524.48	12.352
524.69	12.273
524.90	12.872
525.10	12.518
525.31	12.356
525.52	12.747
525.72	11.870
525.93	12.836
526.14	12.303
526.34	12.939
526.55	13.050
526.76	12.812
526.96	12.660
527.17	12.293
527.38	13.026
527.58	12.805
527.79	12.769
528.00	12.950
528.20	12.682
528.41	12.747
528.62	13.030
528.82	13.000
529.03	13.335
529.24	12.742
529.44	13.422
529.65	13.213
529.85	13.422
530.06	13.081
530.27	13.077
530.47	12.644
530.68	13.710
530.89	12.962
531.09	13.317
531.30	13.294
531.51	13.339
531.71	13.009
531.92	13.530
532.13	13.839
532.33	13.352
532.54	13.135
532.74	13.057
532.95	13.656
533.16	14.006
533.36	13.330
533.57	13.291
533.78	13.870
533.98	14.096
534.19	13.522
534.39	13.754
534.60	13.456
534.81	14.040
535.01	14.063
535.22	13.252
535.42	14.167
535.63	13.663
535.84	13.796
536.04	14.094
536.25	13.548
536.45	13.603
536.66	13.617
536.87	13.679
537.07	14.080
537.28	13.978
537.48	13.955
537.69	13.968
537.90	14.384
538.10	14.043
538.31	13.828
538.51	13.739
538.72	14.440
538.93	14.231
539.13	13.939
539.34	13.629
539.54	13.838
539.75	13.948
539.96	14.046
540.16	14.285
540.37	14.082
540.57	14.639
540.78	13.954
540.98	14.032
541.19	14.434
541.40	14.195
541.60	14.186
541.81	14.156
542.01	14.068
542.22	14.483
542.42	14.582
542.63	13.806
542.83	14.944
543.04	14.094
543.25	14.072
543.45	14.101
543.66	14.026
543.86	14.787
544.07	13.613
544.27	14.234
544.48	14.225
544.68	14.302
544.89	14.328
545.10	14.236
545.30	14.467
545.51	14.393
545.71	14.028
545.92	14.299
546.12	14.223
546.33	14.679
546.53	14.526
546.74	14.308
546.94	14.357
547.15	14.090
547.36	14.682
547.56	14.407
547.77	14.613
547.97	14.451
548.18	14.310
548.38	14.533
548.59	14.141
548.79	14.133
549.00	14.439
549.20	14.408
549.41	13.986
549.61	14.115
549.82	14.470
550.02	14.258
550.23	14.232
550.43	14.822
550.64	14.034
550.84	14.772
551.05	14.528
551.25	14.148
551.46	15.105
551.66	14.290
551.87	14.163
552.07	13.977
552.28	14.414
552.48	14.795
552.69	14.375
552.89	14.206
553.10	14.609
553.30	14.411
553.51	14.102
553.71	14.196
553.92	14.224
554.12	14.756
554.33	14.454
554.53	14.761
554.74	14.472
554.94	14.579
555.15	14.316
555.35	14.644
555.56	14.290
555.76	14.571
555.97	14.453
556.17	14.425
556.38	14.456
556.58	14.124
556.78	14.702
556.99	14.602
557.19	14.076
557.40	14.552
557.60	14.365
557.81	14.221
558.01	14.620
558.22	14.199
558.42	14.226
558.63	14.913
558.83	14.227
559.04	14.579
559.24	14.219
559.44	14.367
559.65	14.228
559.85	14.673
560.06	14.194
560.26	14.463
560.47	14.630
560.67	14.600
560.88	14.505
561.08	14.236
561.28	14.534
561.49	14.596
561.69	14.561
561.90	14.399
562.10	14.230
562.31	14.499
562.51	14.406
562.71	14.279
562.92	14.357
563.12	14.532
563.33	14.423
563.53	14.113
563.74	14.250
563.94	14.258
564.14	14.430
564.35	14.281
564.55	14.210
564.76	14.287
564.96	14.134
565.17	14.154
565.37	14.241
565.57	14.004
565.78	14.059
565.98	14.476
566.19	14.168
566.39	14.116
566.59	14.015
566.80	14.202
567.00	13.801
567.21	13.946
567.41	14.110
567.61	14.378
567.82	13.855
568.02	14.278
568.23	13.989
568.43	13.838
568.63	14.025
568.84	14.278
569.04	14.236
569.24	14.232
569.45	13.847
569.65	13.835
569.86	13.815
570.06	13.735
570.26	13.763
570.47	13.936
570.67	14.083
570.87	14.046
571.08	13.476
571.28	13.380
571.49	13.536
571.69	13.805
571.89	13.515
572.10	13.620
572.30	13.553
572.50	13.470
572.71	13.548
572.91	13.261
573.11	13.499
573.32	13.631
573.52	13.234
573.73	13.622
573.93	13.061
574.13	13.644
574.34	13.569
574.54	13.605
574.74	13.640
574.95	13.404
575.15	13.545
575.35	13.555
575.56	13.169
575.76	13.298
575.96	13.504
576.17	12.840
576.37	13.489
576.57	12.749
576.78	13.125
576.98	13.006
577.18	13.348
577.39	13.409
577.59	13.233
577.79	13.003
578.00	13.130
578.20	13.286
578.40	12.821
578.61	13.012
578.81	12.977
579.01	12.848
579.22	12.747
579.42	12.846
579.62	12.987
579.82	13.024
580.03	12.593
580.23	12.852
580.43	12.861
580.64	12.541
580.84	12.757
581.04	12.659
581.25	12.887
581.45	12.726
581.65	12.803
581.86	12.934
582.06	12.611
582.26	12.439
582.46	12.738
582.67	12.340
582.87	12.908
583.07	12.279
583.28	12.804
583.48	12.381
583.68	12.415
583.88	12.606
584.09	12.773
584.29	12.306
584.49	12.641
584.70	12.143
584.90	12.572
585.10	12.340
585.30	12.701
585.51	12.501
585.71	12.425
585.91	12.673
586.11	12.431
586.32	12.455
586.52	12.125
586.72	12.104
586.92	12.677
587.13	12.257
587.33	12.296
587.53	12.039
587.74	12.359
587.94	12.331
588.14	12.225
588.34	12.285
588.55	12.480
588.75	12.537
588.95	12.181
589.15	12.427
589.36	12.678
589.56	12.370
589.76	12.167
589.96	12.335
590.16	12.584
590.37	12.229
590.57	12.260
590.77	12.282
590.97	11.913
591.18	12.108
591.38	12.430
591.58	10.964
591.78	12.122
591.99	11.982
592.19	12.076
592.39	12.088
592.59	12.297
592.79	12.027
593.00	11.921
593.20	12.294
593.40	12.189
593.60	12.338
593.81	12.087
594.01	11.882
594.21	12.065
594.41	12.160
594.61	11.780
594.82	11.989
595.02	11.938
595.22	12.139
595.42	12.125
595.62	12.039
595.83	12.255
596.03	12.106
596.23	12.216
596.43	12.062
596.63	12.237
596.84	11.943
597.04	12.015
597.24	11.978
597.44	12.241
597.64	11.971
597.84	11.947
598.05	11.981
598.25	11.965
598.45	11.614
598.65	11.660
598.85	12.188
599.06	11.838
599.26	11.716
599.46	12.145
599.66	11.980
599.86	11.770
600.06	12.070
600.27	12.356
600.47	11.814
600.67	12.274
600.87	11.715
601.07	12.336
601.27	12.124
601.48	11.732
601.68	11.936
601.88	11.890
602.08	11.872
602.28	12.047
602.48	11.888
602.68	12.003
602.89	12.059
603.09	11.829
603.29	11.916
603.49	11.965
603.69	11.875
603.89	12.099
604.09	12.093
604.30	11.875
604.50	12.167
604.70	11.750
604.90	11.992
605.10	11.796
605.30	12.215
605.50	11.848
605.71	11.926
605.91	11.737
606.11	12.161
606.31	11.934
606.51	12.089
606.71	11.615
606.91	11.842
607.11	11.906
607.32	11.949
607.52	11.882
607.72	11.761
607.92	11.747
608.12	12.143
608.32	11.773
608.52	12.029
608.72	11.836
608.92	11.859
609.12	12.004
609.33	11.180
609.53	11.769
609.73	11.635
609.93	11.547
610.13	11.909
610.33	12.039
610.53	11.804
610.73	11.759
610.93	11.730
611.13	12.078
611.34	11.953
611.54	11.739
611.74	11.747
611.94	11.729
612.14	11.801
612.34	11.520
612.54	11.639
612.74	11.893
612.94	11.743
613.14	11.854
613.34	11.469
613.54	11.368
613.74	11.736
613.95	11.880
614.15	11.874
614.35	11.782
614.55	11.781
614.75	11.703
614.95	11.901
615.15	11.565
615.35	11.676
615.55	11.844
615.75	11.826
615.95	11.848
616.15	11.860
616.35	11.479
616.55	11.804
616.75	11.560
616.95	11.671
617.15	11.838
617.35	11.655
617.56	11.711
617.76	11.728
617.96	11.795
618.16	11.490
618.36	11.451
618.56	11.710
618.76	11.484
618.96	11.498
619.16	11.535
619.36	11.612
619.56	11.650
619.76	11.372
619.96	11.549
620.16	11.635
620.36	11.561
620.56	11.706
620.76	11.833
620.96	11.414
621.16	11.500
621.36	11.517
621.56	11.513
621.76	11.408
621.96	11.399
622.16	11.780
622.36	11.346
622.56	11.873
622.76	11.761
622.96	11.442
623.16	11.704
623.36	11.630
623.56	11.643
623.76	11.621
623.96	11.330
624.16	11.578
624.36	11.663
624.56	11.304
624.76	11.612
624.96	11.753
625.16	11.632
625.36	11.352
625.56	11.540
625.76	11.657
625.96	11.587
626.16	11.644
626.36	11.390
626.56	11.747
626.76	11.390
626.96	11.479
627.16	11.497
627.36	11.276
627.56	11.385
627.76	11.439
627.96	11.644
628.16	11.642
628.36	11.285
628.56	11.633
628.75	11.587
628.95	11.204
629.15	11.858
629.35	11.236
629.55	11.373
629.75	11.316
629.95	11.638
630.15	11.606
630.35	11.617
630.55	11.025
630.75	11.379
630.95	11.259
631.15	11.567
631.35	11.229
631.55	11.390
631.75	11.529
631.95	11.358
632.15	11.688
632.34	11.497
632.54	11.387
632.74	11.400
632.94	11.418
633.14	11.783
633.34	11.743
633.54	11.488
633.74	11.588
633.94	11.105
634.14	11.421
634.34	11.397
634.54	11.502
634.74	11.243
634.93	11.051
635.13	11.418
635.33	11.495
635.53	11.264
635.73	11.632
635.93	11.288
636.13	11.359
636.33	11.399
636.53	11.418
636.73	11.361
636.93	11.155
637.12	11.511
637.32	11.468
637.52	11.267
637.72	11.242
637.92	11.363
638.12	11.472
638.32	11.369
638.52	11.496
638.72	11.402
638.91	11.153
639.11	11.360
639.31	11.157
639.51	11.060
639.71	11.394
639.91	11.511
640.11	11.084
640.31	11.655
640.50	11.069
640.70	11.080
640.90	11.363
641.10	10.972
641.30	11.446
641.50	11.503
641.70	11.163
641.89	11.432
642.09	11.027
642.29	11.290
642.49	11.048
642.69	11.108
642.89	11.212
643.09	11.315
643.28	11.348
643.48	11.095
643.68	10.822
643.88	11.032
644.08	10.927
644.28	11.248
644.48	11.140
644.67	11.151
644.87	11.119
645.07	11.147
645.27	11.039
645.47	11.063
645.67	11.209
645.86	11.093
646.06	11.326
646.26	11.013
646.46	10.965
646.66	10.861
646.85	11.157
647.05	11.159
647.25	11.392
647.45	10.939
647.65	11.195
647.85	10.904
648.04	10.879
648.24	11.161
648.44	10.859
648.64	11.204
648.84	11.112
649.03	10.940
649.23	11.062
649.43	11.182
649.63	11.216
649.83	11.020
650.02	10.911
650.22	11.044
650.42	10.895
650.62	11.018
650.82	10.899
651.01	11.107
651.21	11.026
651.41	11.340
651.61	10.996
651.81	10.962
652.00	11.068
652.20	10.948
652.40	10.934
652.60	11.092
652.79	10.774
652.99	11.059
653.19	10.873
653.39	11.292
653.59	10.890
653.78	11.027
653.98	10.822
654.18	11.017
654.38	10.862
654.57	11.092
654.77	11.050
654.97	10.602
655.17	10.621
655.36	11.011
655.56	10.870
655.76	10.731
655.96	11.036
656.15	11.306
656.35	10.748
656.55	10.650
656.75	11.010
656.94	10.950
657.14	10.975
657.34	10.794
657.54	10.928
657.73	10.706
657.93	10.700
658.13	10.994
658.33	10.817
658.52	10.938
658.72	11.125
658.92	10.696
659.11	10.721
659.31	10.755
659.51	10.569
659.71	10.717
659.90	10.804
660.10	11.107
660.30	11.109
660.50	10.792
660.69	10.398
660.89	10.764
661.09	10.870
661.28	10.829
661.48	10.844
661.68	11.173
661.87	10.869
662.07	10.602
662.27	10.796
662.47	10.841
662.66	11.079
662.86	10.773
663.06	10.572
663.25	10.868
663.45	10.910
663.65	10.630
663.84	10.904
664.04	10.779
664.24	10.854
664.44	10.996
664.63	10.876
664.83	11.037
665.03	11.008
665.22	10.795
665.42	10.725
665.62	10.707
665.81	10.693
666.01	10.869
666.21	10.768
666.40	10.837
666.60	10.719
666.80	10.741
666.99	10.623
667.19	10.660
667.39	10.720
667.58	10.820
667.78	10.780
667.98	10.937
668.17	10.750
668.37	10.625
668.57	10.863
668.76	10.946
668.96	10.931
669.16	10.386
669.35	10.847
669.55	10.810
669.74	10.677
669.94	10.661
670.14	10.897
670.33	10.578
670.53	10.934
670.73	10.967
670.92	10.932
671.12	10.718
671.32	10.803
671.51	10.836
671.71	10.904
671.90	10.473
672.10	10.773
672.30	10.894
672.49	10.688
672.69	11.071
672.89	10.546
673.08	10.536
673.28	10.716
673.47	10.869
673.67	10.855
673.87	10.553
674.06	10.982
674.26	10.816
674.45	10.685
674.65	10.656
674.85	10.991
675.04	10.912
675.24	10.961
675.43	11.010
675.63	11.008
675.83	10.820
676.02	10.832
676.22	10.907
676.41	10.910
676.61	10.786
676.81	11.055
677.00	10.734
677.20	11.007
677.39	10.921
677.59	10.907
677.79	10.811
677.98	11.040
678.18	10.972
678.37	10.805
678.57	11.246
678.76	10.894
678.96	11.150
679.16	10.961
679.35	10.846
679.55	10.960
679.74	10.912
679.94	10.744
680.13	10.982
680.33	10.798
680.53	10.810
680.72	10.978
680.92	10.907
681.11	10.814
681.31	10.827
681.50	10.824
681.70	10.900
681.89	10.929
682.09	10.945
682.28	10.867
682.48	11.026
682.68	10.651
682.87	11.120
683.07	10.911
683.26	10.880
683.46	11.142
683.65	11.033
683.85	11.058
684.04	10.932
684.24	10.809
684.43	10.867
684.63	11.135
684.82	10.879
685.02	11.250
685.21	10.874
685.41	10.971
685.60	11.176
685.80	11.084
686.00	10.956
686.19	11.083
686.39	11.008
686.58	10.911
686.78	10.828
686.97	11.044
687.17	10.941
687.36	11.271
687.56	11.292
687.75	10.948
687.95	11.152
688.14	11.305
688.34	11.196
688.53	11.238
688.73	11.227
688.92	11.094
689.12	11.335
689.31	11.103
689.51	11.142
689.70	11.239
689.89	10.975
690.09	10.916
690.28	10.878
690.48	11.069
690.67	11.206
690.87	11.356
691.06	11.274
691.26	11.093
691.45	11.169
691.65	11.138
691.84	11.582
692.04	11.027
692.23	11.014
692.43	11.319
692.62	10.955
692.82	11.371
693.01	11.215
693.20	11.021
693.40	11.466
693.59	11.209
693.79	11.543
693.98	11.249
694.18	11.520
694.37	11.446
694.57	11.231
694.76	11.139
694.95	11.501
695.15	11.312
695.34	11.495
695.54	11.695
695.73	11.568
695.93	11.887
696.12	11.861
696.32	11.943
696.51	11.885
696.70	11.627
696.90	11.692
697.09	11.982
697.29	11.758
697.48	11.930
697.67	12.186
697.87	12.210
698.06	12.034
698.26	12.233
698.45	12.057
698.65	12.027
698.84	12.264
699.03	12.378
699.23	12.260
699.42	12.457
699.62	12.764
699.81	12.630
700.00	12.670
700.20	12.868
700.39	12.811
700.59	13.139
700.78	12.960
700.97	13.166
701.17	13.271
701.36	13.426
701.56	13.644
701.75	13.338
701.94	13.587
702.14	13.669
702.33	13.944
702.52	14.077
702.72	14.082
702.91	14.093
703.11	14.234
703.30	14.135
703.49	14.658
703.69	14.279
703.88	14.611
704.07	14.869
704.27	14.930
704.46	14.707
704.66	15.498
704.85	15.189
705.04	15.548
705.24	15.883
705.43	15.851
705.62	16.099
705.82	16.305
706.01	16.174
706.20	15.986
706.40	16.507
706.59	16.371
706.78	16.769
706.98	16.779
707.17	17.311
707.36	17.204
707.56	17.511
707.75	17.329
707.94	17.353
708.14	17.702
708.33	17.877
708.52	18.167
708.72	18.326
708.91	18.206
709.10	18.609
709.30	18.515
709.49	18.691
709.68	18.496
709.88	19.135
710.07	19.327
710.26	19.207
710.46	19.441
710.65	19.425
710.84	19.685
711.04	19.970
711.23	19.679
711.42	20.094
711.61	20.523
711.81	20.426
712.00	20.676
712.19	20.644
712.39	20.323
712.58	20.943
712.77	21.037
712.97	21.207
713.16	21.303
713.35	21.517
713.54	21.448
713.74	21.802
713.93	22.191
714.12	22.165
714.32	22.326
714.51	22.396
714.70	22.600
714.89	23.019
715.09	23.230
715.28	23.339
715.47	23.380
715.66	23.528
715.86	23.411
716.05	24.040
716.24	23.909
716.44	24.283
716.63	24.400
716.82	24.570
717.01	24.801
717.21	24.666
717.40	25.139
717.59	25.064
717.78	25.283
717.98	25.636
718.17	25.765
718.36	25.677
718.55	26.157
718.75	26.364
718.94	25.996
719.13	26.280
719.32	26.839
719.52	26.766
719.71	26.943
719.90	27.599
720.09	27.310
720.28	27.721
720.48	27.396
720.67	27.998
720.86	28.260
721.05	28.249
721.25	28.312
721.44	28.282
721.63	28.688
721.82	29.009
722.01	29.162
722.21	29.049
722.40	29.034
722.59	29.425
722.78	29.955
722.98	30.157
723.17	30.257
723.36	30.432
723.55	29.924
723.74	30.578
723.94	30.812
724.13	30.982
724.32	31.783
724.51	31.622
724.70	31.547
724.89	31.904
725.09	31.681
725.28	32.072
725.47	32.391
725.66	32.733
725.85	33.233
726.05	33.684
726.24	33.295
726.43	33.481
726.62	33.384
726.81	33.732
727.00	34.414
727.20	34.167
727.39	34.497
727.58	34.458
727.77	34.737
727.96	34.874
728.15	35.018
728.35	35.281
728.54	35.348
728.73	35.455
728.92	35.981
729.11	35.801
729.30	35.935
729.50	35.901
729.69	36.499
729.88	36.797
730.07	36.822
730.26	37.046
730.45	36.711
730.64	37.681
730.84	37.334
731.03	37.908
731.22	38.296
731.41	38.083
731.60	38.480
731.79	37.899
731.98	38.405
732.18	38.915
732.37	38.728
732.56	38.832
732.75	39.527
732.94	39.330
733.13	39.460
733.32	39.825
733.51	39.839
733.71	40.734
733.90	39.882
734.09	40.662
734.28	40.556
734.47	40.470
734.66	41.012
734.85	41.098
735.04	41.424
735.23	41.685
735.42	41.027
735.62	41.812
735.81	41.662
736.00	42.153
736.19	41.938
736.38	42.135
736.57	42.431
736.76	42.344
736.95	42.701
737.14	42.751
737.33	42.503
737.52	43.154
737.72	43.312
737.91	43.598
738.10	43.905
738.29	44.024
738.48	43.821
738.67	43.562
738.86	43.758
739.05	44.320
739.24	44.266
739.43	44.611
739.62	44.527
739.81	44.590
740.00	44.397
740.19	44.563
740.39	44.844
740.58	44.960
740.77	45.511
740.96	45.056
741.15	45.245
741.34	45.723
741.53	45.692
741.72	45.716
741.91	45.940
742.10	46.115
742.29	46.216
742.48	45.902
742.67	46.116
742.86	45.963
743.05	46.795
743.24	46.377
743.43	46.495
743.62	47.412
743.81	46.874
744.00	46.729
744.19	47.061
744.38	46.794
744.57	47.524
744.76	47.868
744.95	47.661
745.14	47.677
745.33	47.806
745.52	47.901
745.71	47.397
745.90	48.072
746.09	48.009
746.28	47.672
746.47	48.005
746.66	48.512
746.85	48.355
747.04	48.303
747.23	48.772
747.42	48.737
747.61	48.620
747.80	48.515
747.99	49.194
748.18	48.631
748.37	49.089
748.56	48.725
748.75	49.202
748.94	49.060
749.13	49.731
749.32	49.478
749.51	49.305
749.70	49.400
749.89	49.715
750.08	50.063
750.27	49.661
750.46	49.715
750.65	49.549
750.84	49.836
751.03	49.651
751.22	49.942
751.41	49.890
751.60	50.277
751.79	50.231
751.98	50.196
752.17	50.347
752.36	50.109
752.55	50.767
752.74	50.553
752.93	50.644
753.12	50.227
753.30	50.617
753.49	50.211
753.68	50.243
753.87	50.595
754.06	50.704
754.25	50.771
754.44	50.053
754.63	50.853
754.82	50.870
755.01	50.990
755.20	51.168
755.39	50.858
755.58	51.042
755.77	51.533
755.96	51.248
756.14	50.713
756.33	51.274
756.52	50.888
756.71	51.017
756.90	51.462
757.09	51.352
757.28	51.644
757.47	52.495
757.66	51.447
757.85	51.275
758.04	50.961
758.22	51.601
758.41	51.617
758.60	51.305
758.79	51.758
758.98	51.215
759.17	51.859
759.36	51.332
759.55	51.735
759.74	51.826
759.92	51.770
760.11	51.972
760.30	51.976
760.49	52.382
760.68	51.940
760.87	52.047
761.06	52.168
761.25	51.925
761.43	52.003
761.62	51.806
761.81	51.838
762.00	51.752
762.19	51.707
762.38	52.144
762.57	52.386
762.76	52.187
762.94	52.005
763.13	52.323
763.32	51.881
763.51	51.862
763.70	52.477
763.89	52.131
764.07	52.181
764.26	52.015
764.45	52.232
764.64	52.981
764.83	51.721
765.02	52.289
765.21	51.868
765.39	52.496
765.58	52.533
765.77	52.428
765.96	52.443
766.15	52.897
766.34	52.453
766.52	52.865
766.71	52.231
766.90	52.870
767.09	52.188
767.28	52.220
767.46	52.481
767.65	52.280
767.84	52.009
768.03	52.800
768.22	52.654
768.40	52.578
768.59	52.713
768.78	53.293
768.97	52.450
769.16	52.568
769.34	52.555
769.53	52.662
769.72	52.467
769.91	53.313
770.10	53.168
770.28	53.185
770.47	52.405
770.66	52.834
770.85	52.971
771.04	52.768
771.22	53.091
771.41	52.432
771.60	53.277
771.79	52.945
771.98	52.979
772.16	53.169
772.35	52.602
772.54	52.714
772.73	53.539
772.91	52.433
773.10	52.762
773.29	53.419
773.48	53.629
773.66	53.143
773.85	52.559
774.04	52.349
774.23	52.552
774.41	52.828
774.60	52.883
774.79	53.524
774.98	52.965
775.16	52.796
775.35	53.023
775.54	52.467
775.73	53.220
775.91	52.910
776.10	53.153
776.29	53.036
776.48	52.675
776.66	52.624
776.85	53.065
777.04	53.166
777.23	52.701
777.41	53.071
777.60	53.160
777.79	52.400
777.97	52.575
778.16	53.377
778.35	53.976
778.54	52.597
778.72	52.800
778.91	52.960
779.10	53.200
779.28	53.413
779.47	52.903
779.66	52.893
779.85	53.587
780.03	53.819
780.22	52.699
780.41	52.973
780.59	53.101
780.78	53.098
780.97	53.167
781.15	53.019
781.34	52.887
781.53	53.303
781.71	52.441
781.90	52.934
782.09	53.023
782.27	52.497
782.46	52.841
782.65	53.193
782.84	53.369
783.02	52.815
783.21	53.330
783.40	53.400
783.58	53.337
783.77	53.247
783.96	53.315
784.14	52.976
784.33	53.315
784.52	53.600
784.70	53.765
784.89	52.931
785.07	52.902
785.26	53.248
785.45	53.313
785.63	53.265
785.82	52.891
786.01	53.020
786.19	52.808
786.38	52.941
786.57	52.955
786.75	53.362
786.94	53.584
787.13	53.136
787.31	53.665
787.50	53.980
787.68	53.134
787.87	52.893
788.06	52.603
788.24	53.398
788.43	53.274
788.62	53.181
788.80	53.265
788.99	52.968
789.17	53.130
789.36	52.651
789.55	53.120
789.73	53.894
789.92	52.961
790.10	53.580
790.29	53.324
790.48	53.468
790.66	52.415
790.85	53.446
791.03	52.541
791.22	53.249
791.41	53.366
791.59	53.679
791.78	53.301
791.96	53.622
792.15	52.669
792.34	53.633
792.52	53.332
792.71	53.539
792.89	53.166
793.08	53.403
793.27	52.342
793.45	53.286
793.64	53.505
793.82	52.867
794.01	52.807
794.19	53.092
794.38	53.022
794.57	53.322
794.75	53.464
794.94	53.411
795.12	53.695
795.31	53.505
795.49	54.317
795.68	53.095
795.86	53.109
796.05	53.648
796.24	52.907
796.42	52.669
796.61	53.608
796.79	53.311
796.98	53.355
797.16	53.644
797.35	53.928
797.53	53.188
797.72	53.145
797.90	53.030
798.09	53.320
798.27	53.310
798.46	53.474
798.65	53.401
798.83	53.385
799.02	53.442
799.20	53.443
799.39	52.745
799.57	53.325
799.76	53.143
799.94	53.260
800.13	53.601
800.31	53.430
800.50	53.144
800.68	53.291
800.87	53.395
801.05	53.390
801.24	53.368
801.42	53.666
801.61	53.303
801.79	53.584
801.98	53.767
802.16	53.958
802.35	52.985
802.53	53.294
802.72	53.614
802.90	53.870
803.09	53.620
803.27	53.829
803.46	53.966
803.64	53.380
803.83	52.701
804.01	53.476
804.20	53.178
804.38	53.424
804.56	53.897
804.75	53.615
804.93	53.366
805.12	53.039
805.30	53.066
805.49	53.558
805.67	53.096
805.86	53.308
806.04	53.330
806.23	53.670
806.41	53.861
806.59	53.390
806.78	54.150
806.96	53.633
807.15	53.533
807.33	53.869
807.52	53.177
807.70	53.730
807.89	53.274
808.07	53.403
808.25	53.505
808.44	53.215
808.62	53.804
808.81	53.332
808.99	53.457
809.18	53.181
809.36	53.167
809.54	53.510
809.73	53.712
809.91	53.439
810.10	53.694
810.28	53.669
810.47	53.719
810.65	53.475
810.83	53.954
811.02	53.787
811.20	53.215
811.39	53.287
811.57	53.259
811.75	52.903
811.94	53.827
812.12	53.358
812.31	52.877
812.49	52.748
812.67	53.498
812.86	53.140
813.04	53.696
813.23	53.373
813.41	53.253
813.59	53.121
813.78	53.288
813.96	53.564
814.14	53.536
814.33	53.569
814.51	52.919
814.70	52.686
814.88	53.484
815.06	53.498
815.25	54.038
815.43	53.461
815.61	53.132
815.80	53.387
815.98	53.231
816.16	53.370
816.35	53.113
816.53	53.387
816.72	52.843
816.90	53.552
817.08	54.007
817.27	53.557
817.45	53.445
817.63	53.732
817.82	53.319
818.00	53.338
818.18	53.329
818.37	53.042
818.55	53.629
818.73	53.767
818.92	52.733
819.10	52.938
819.28	53.307
819.47	52.961
819.65	53.734
819.83	53.630
820.02	53.186
820.20	53.711
820.38	53.118
820.57	53.664
820.75	52.851
820.93	53.191
821.11	53.991
821.30	53.598
821.48	53.422
821.66	53.681
821.85	53.304
822.03	52.934
822.21	53.177
822.40	53.301
822.58	53.422
822.76	53.321
822.94	53.191
823.13	53.205
823.31	53.704
823.49	53.325
823.68	53.446
823.86	52.885
824.04	53.387
824.22	53.565
824.41	53.975
824.59	54.021
824.77	53.501
824.96	53.008
825.14	52.868
825.32	53.811
825.50	53.061
825.69	53.272
825.87	53.655
826.05	53.510
826.23	53.475
826.42	52.863
826.60	53.900
826.78	53.352
826.96	53.093
827.15	53.593
827.33	53.930
827.51	53.381
827.69	53.512
827.88	53.347
828.06	53.723
828.24	53.100
828.42	53.547
828.61	53.759
828.79	53.541
828.97	53.467
829.15	53.644
829.34	54.053
829.52	53.600
829.70	53.721
829.88	54.160
830.06	53.248
830.25	53.739
830.43	53.809
830.61	53.355
830.79	53.195
830.97	53.853
831.16	53.881
831.34	53.550
831.52	54.126
831.70	53.879
831.89	54.119
832.07	53.254
832.25	53.466
832.43	53.763
832.61	53.538
832.80	53.854
832.98	53.762
833.16	53.482
833.34	54.469
833.52	52.978
833.70	54.020
833.89	52.875
834.07	53.594
834.25	53.092
834.43	54.236
834.61	52.890
834.80	53.790
834.98	53.594
835.16	53.521
835.34	53.248
835.52	53.298
835.70	53.721
835.89	53.036
836.07	54.161
836.25	53.140
836.43	53.501
836.61	53.136
836.79	53.753
836.97	53.374
837.16	54.163
837.34	53.333
837.52	53.452
837.70	53.935
837.88	53.416
838.06	53.264
838.24	53.484
838.43	53.942
838.61	54.080
838.79	52.970
838.97	54.389
839.15	53.082
839.33	53.815
839.51	53.870
839.70	54.797
839.88	53.635
840.06	53.455
840.24	53.182
840.42	53.791
840.60	53.530
840.78	53.454
840.96	53.177
841.14	53.406
841.33	54.367
841.51	53.151
841.69	54.333
841.87	53.778
842.05	53.668
842.23	54.511
842.41	53.827
842.59	53.514
842.77	53.981
842.95	53.741
843.14	53.526
843.32	53.027
843.50	54.203
843.68	54.074
843.86	54.009
844.04	54.040
844.22	53.936
844.40	54.546
844.58	53.800
844.76	53.590
844.94	53.754
845.12	52.757
845.30	53.630
845.49	53.225
845.67	53.424
845.85	53.313
846.03	53.630
846.21	53.318
846.39	53.658
846.57	53.967
846.75	53.998
846.93	53.864
847.11	53.509
847.29	53.749
847.47	53.168
847.65	53.398
847.83	53.820
848.01	53.928
848.19	53.639
848.37	54.105
848.55	53.719
848.73	53.329
848.91	54.047
849.09	53.574
849.27	53.797
849.46	54.264
849.64	54.007
849.82	53.558
850.00	53.773
850.18	54.038
850.36	52.965
850.54	53.101
850.72	53.849
850.90	53.970
851.08	53.171
851.26	53.424
851.44	53.461
851.62	53.096
851.80	53.590
851.98	53.413
852.16	53.918
852.34	54.234
852.52	53.904
852.70	53.605
852.88	54.086
853.06	53.816
853.24	53.872
853.42	54.013
853.60	53.759
853.78	53.412
853.96	53.905
854.14	53.440
854.31	54.022
854.49	53.395
854.67	53.373
854.85	54.047
855.03	53.660
855.21	53.864
855.39	53.956
855.57	53.985
855.75	52.970
855.93	53.508
856.11	53.634
856.29	54.084
856.47	53.321
856.65	53.970
856.83	53.129
857.01	53.524
857.19	54.286
857.37	53.934
857.55	53.525
857.73	53.478
857.91	53.958
858.09	53.867
858.26	53.619
858.44	53.872
858.62	53.387
858.80	54.472
858.98	53.829
859.16	53.858
859.34	52.798
859.52	54.205
859.70	54.604
859.88	53.437
860.06	53.492
860.24	53.364
860.42	54.731
860.59	53.482
860.77	53.704
860.95	52.924
861.13	54.138
861.31	53.951
861.49	53.474
861.67	54.816
861.85	53.941
862.03	54.188
862.21	53.613
862.38	54.914
862.56	53.127
862.74	54.212
862.92	54.238
863.10	54.021
863.28	53.988
863.46	54.545
863.64	54.122
863.82	53.594
863.99	53.859
864.17	53.916
864.35	53.649
864.53	53.574
864.71	54.154
864.89	54.050
865.07	53.726
865.24	54.370
865.42	53.632
865.60	54.213
865.78	53.292
865.96	54.294
866.14	54.123
866.32	53.919
866.49	54.350
866.67	53.840
866.85	54.198
867.03	54.756
867.21	53.918
867.39	54.450
867.56	54.154
867.74	53.460
867.92	53.465
868.10	53.990
868.28	54.111
868.46	54.633
868.63	53.802
868.81	53.643
868.99	53.842
869.17	53.435
869.35	53.985
869.53	53.812
869.70	54.358
869.88	53.411
870.06	54.134
870.24	53.976
870.42	53.874
870.59	55.093
870.77	53.461
870.95	53.050
871.13	53.580
871.31	54.479
871.48	53.693
871.66	54.431
871.84	54.774
872.02	53.360
872.20	54.422
872.37	54.112
872.55	54.047
872.73	53.643
872.91	53.567
873.08	54.222
873.26	53.999
873.44	53.928
873.62	54.255
873.80	53.832
873.97	54.005
874.15	53.428
874.33	54.318
874.51	54.408
874.68	54.298
874.86	53.961
875.04	54.250
875.22	53.468
875.39	54.635
875.57	53.817
875.75	53.287
875.93	54.142
876.10	54.765
876.28	55.130
876.46	54.677
876.64	54.114
876.81	54.286
876.99	54.718
877.17	54.249
877.35	53.785
877.52	54.126
877.70	54.205
877.88	53.844
878.06	54.568
878.23	53.767
878.41	53.437
878.59	54.981
878.76	54.659
878.94	54.434
879.12	53.797
879.30	53.125
879.47	53.605
879.65	55.207
879.83	53.730
880.00	54.653
880.18	54.300
880.36	54.263
880.53	54.161
880.71	54.839
880.89	54.354
881.07	54.287
881.24	54.612
881.42	54.205
881.60	54.182
881.77	53.601
881.95	54.183
882.13	54.073
882.30	53.873
882.48	54.022
882.66	54.295
882.83	54.072
883.01	54.858
883.19	54.757
883.36	54.095
883.54	54.423
883.72	54.081
883.89	54.673
884.07	54.096
884.25	54.747
884.42	54.502
884.60	54.267
884.78	54.929
884.95	53.921
885.13	54.575
885.31	54.225
885.48	53.377
885.66	54.645
885.84	53.593
886.01	54.683
886.19	54.741
886.36	54.073
886.54	53.327
886.72	53.519
886.89	53.644
887.07	52.700
887.25	54.360
887.42	53.852
887.60	53.255
887.78	54.190
887.95	54.457
888.13	54.048
888.30	54.984
888.48	55.533
888.66	53.277
888.83	54.039
889.01	54.461
889.18	53.106
889.36	54.768
889.54	53.707
889.71	52.992
889.89	54.981
890.06	54.703
890.24	54.763
890.42	53.834
890.59	54.346
890.77	54.579
890.94	54.408
891.12	53.848
891.30	54.278
891.47	53.667
891.65	54.309
891.82	53.730
892.00	53.907
892.17	54.431
892.35	54.285
892.53	54.275
892.70	53.933
892.88	53.901
893.05	53.663
893.23	53.983
893.40	52.988
893.58	53.605
893.75	54.657
893.93	54.309
894.11	53.500
894.28	53.697
894.46	53.902
894.63	54.821
894.81	53.895
894.98	52.992
895.16	53.675
895.33	54.150
895.51	53.368
895.68	53.516
895.86	54.330
896.04	55.358
896.21	53.963
896.39	53.865
896.56	53.629
896.74	54.192
896.91	52.778
897.09	53.341
897.26	54.547
897.44	53.829
897.61	54.138
897.79	55.121
897.96	54.533
898.14	52.907
898.31	54.035
898.49	54.579
898.66	54.239
898.84	53.443
899.01	54.446
899.19	54.481
899.36	54.239
899.54	54.322
899.71	54.700
899.89	53.858
900.06	52.739
900.24	53.531
900.41	53.949
900.59	54.512
900.76	54.759
900.94	54.972
901.11	53.026
901.29	54.819
901.46	53.442
901.63	54.078
901.81	53.821
901.98	54.048
902.16	53.861
902.33	54.004
902.51	53.771
902.68	54.016
902.86	53.664
903.03	53.602
903.21	54.537
903.38	54.310
903.56	53.608
903.73	55.064
903.90	54.454
904.08	54.402
904.25	54.728
904.43	54.535
904.60	54.018
904.78	55.135
904.95	54.292
905.12	54.097
905.30	53.385
905.47	54.112
905.65	54.856
905.82	54.877
906.00	53.422
906.17	54.505
906.34	54.145
906.52	54.348
906.69	53.206
906.87	54.311
907.04	54.552
907.21	53.286
907.39	53.325
907.56	54.559
907.74	54.302
907.91	54.762
908.08	54.610
908.26	54.690
908.43	53.713
908.61	54.325
908.78	54.635
908.95	53.655
909.13	54.202
909.30	53.683
909.48	54.187
909.65	54.968
909.82	54.748
910.00	53.665
910.17	53.508
910.34	54.717
910.52	53.161
910.69	53.864
910.87	54.548
911.04	53.897
911.21	54.505
911.39	54.559
911.56	53.483
911.73	54.359
911.91	55.253
912.08	54.474
912.25	54.353
912.43	54.214
912.60	54.280
912.77	54.097
912.95	53.737
913.12	53.863
913.29	53.287
913.47	54.421
913.64	53.836
913.81	55.337
913.99	54.165
914.16	55.023
914.33	54.883
914.51	54.330
914.68	54.406
914.85	53.834
915.03	54.309
915.20	53.286
915.37	55.433
915.55	53.458
915.72	54.411
915.89	54.399
916.07	54.175
916.24	54.694
916.41	54.698
916.59	54.531
916.76	54.744
916.93	53.713
917.10	54.402
917.28	54.516
917.45	53.591
917.62	54.400
917.80	54.517
917.97	54.369
918.14	54.832
918.31	53.463
918.49	54.400
918.66	53.904
918.83	54.568
919.01	53.874
919.18	53.609
919.35	54.603
919.52	54.535
919.70	54.817
919.87	54.287
920.04	54.139
920.21	54.106
920.39	54.211
920.56	55.211
920.73	55.162
920.90	54.950
921.08	53.785
921.25	54.650
921.42	55.177
921.59	54.286
921.77	54.413
921.94	53.527
922.11	53.895
922.28	53.860
922.46	55.042
922.63	54.071
922.80	54.589
922.97	53.421
923.15	55.116
923.32	53.317
923.49	54.183
923.66	54.286
923.83	53.844
924.01	55.072
924.18	54.621
924.35	54.394
924.52	55.140
924.69	55.887
924.87	53.745
925.04	55.352
925.21	54.876
925.38	53.173
925.55	55.138
925.73	53.417
925.90	54.447
926.07	54.155
926.24	54.884
926.41	55.073
926.59	55.253
926.76	53.434
926.93	54.615
927.10	54.004
927.27	53.374
927.45	55.486
927.62	55.196
927.79	53.437
927.96	53.140
928.13	54.878
928.30	54.991
928.48	54.205
928.65	55.284
928.82	54.334
928.99	54.090
929.16	53.134
929.33	54.635
929.50	53.511
929.68	54.299
929.85	53.693
930.02	53.969
930.19	52.911
930.36	54.064
930.53	54.143
930.70	53.344
930.88	52.854
931.05	54.103
931.22	54.987
931.39	53.782
931.56	55.472
931.73	54.538
931.90	54.636
932.08	54.783
932.25	53.116
932.42	54.597
932.59	54.788
932.76	53.314
932.93	53.720
933.10	53.047
933.27	55.573
933.44	54.898
933.62	52.829
933.79	55.320
933.96	56.314
934.13	53.729
934.30	55.259
934.47	53.813
934.64	52.731
934.81	55.264
934.98	54.417
935.15	52.893
935.32	53.533
935.50	54.899
935.67	54.540
935.84	53.095
936.01	55.766
936.18	55.843
936.35	55.795
936.52	54.428
936.69	56.874
936.86	53.722
937.03	56.315
937.20	54.825
937.37	54.183
937.54	54.242
937.71	54.095
937.89	51.905
938.06	57.968
938.23	51.363
938.40	55.019
938.57	56.334
938.74	54.651
938.91	53.536
939.08	52.310
939.25	56.371
939.42	54.389
939.59	52.065
939.76	54.030
939.93	57.147
940.10	56.285
940.27	55.862
940.44	52.904
940.61	52.867
940.78	54.785
940.95	55.722
941.12	53.180
941.29	53.972
941.46	56.499
941.63	57.174
941.80	51.841
941.97	54.809
942.14	55.150
942.31	53.925
942.48	50.893
942.65	52.201
942.82	55.870
942.99	54.213
943.16	49.604
943.33	55.120
943.50	57.998
943.67	54.876
943.84	58.897
944.01	55.577
944.18	58.910
944.35	53.352
944.52	55.551
944.69	59.824
944.86	50.471
945.03	55.122
945.20	54.461
945.37	55.261
945.54	58.980
945.71	51.086
945.88	51.823
946.05	49.227
946.22	57.256
946.39	50.242
946.56	52.528
946.73	50.442
946.90	54.420
947.07	56.826
947.23	58.412
947.40	50.504
947.57	48.693
947.74	54.875
947.91	51.020
948.08	51.286
948.25	53.358
948.42	52.817
948.59	52.469
948.76	55.186
948.93	54.915
949.10	56.449
949.27	54.013
949.44	55.651
949.60	55.673
949.77	49.320
949.94	53.329
950.11	53.667
950.28	51.864
950.45	50.681
950.62	53.450
950.79	55.352
950.96	57.987
951.13	55.449
951.30	51.136
951.46	51.980
951.63	50.168
951.80	55.688
951.97	53.425
952.14	55.402
952.31	53.385
952.48	56.549
952.65	53.802
952.81	53.668
952.98	54.841
953.15	52.481
953.32	54.786
953.49	51.051
953.66	54.840
953.83	52.908
954.00	54.473
954.16	57.235
954.33	56.731
954.50	53.531
954.67	54.047
954.84	56.033
955.01	53.634
955.18	52.993
955.34	52.845
955.51	54.397
955.68	55.833
955.85	53.580
956.02	52.891
956.19	54.196
956.35	55.439
956.52	53.771
956.69	56.976
956.86	55.811
957.03	55.641
957.20	55.370
957.36	51.455
957.53	51.726
957.70	54.976
957.87	51.769
958.04	56.015
958.21	53.564
958.37	54.210
958.54	54.450
958.71	56.143
958.88	55.733
959.05	55.703
959.21	52.088
959.38	53.662
959.55	56.127
959.72	56.857
959.89	53.719
960.05	50.684
960.22	52.876
960.39	52.393
960.56	51.914
960.72	51.969
960.89	52.463
961.06	51.259
961.23	53.773
961.40	53.300
961.56	52.608
961.73	53.399
961.90	55.574
962.07	53.173
962.23	54.282
962.40	50.564
962.57	53.030
962.74	55.491
962.90	52.518
963.07	54.004
963.24	55.950
963.41	57.665
963.57	54.502
963.74	52.446
963.91	54.242
964.08	55.296
964.24	53.884
964.41	54.504
964.58	53.955
964.75	55.054
964.91	55.267
965.08	54.043
965.25	54.976
965.42	54.008
965.58	53.218
965.75	54.476
965.92	52.862
966.08	53.098
966.25	54.700
966.42	52.660
966.59	52.539
966.75	51.955
966.92	51.289
967.09	52.338
967.25	52.523
967.42	54.486
967.59	55.619
967.75	55.157
967.92	54.082
968.09	53.717
968.26	51.097
968.42	53.050
968.59	52.779
968.76	52.495
968.92	54.336
969.09	53.835
969.26	56.502
969.42	52.501
969.59	55.231
969.76	53.685
969.92	54.936
970.09	52.910
970.26	54.620
970.42	55.718
970.59	51.423
970.76	53.834
970.92	53.705
971.09	54.155
971.26	53.673
971.42	53.447
971.59	56.476
971.76	54.552
971.92	53.659
972.09	53.364
972.25	53.031
972.42	52.648
972.59	54.780
972.75	54.502
972.92	57.704
973.09	57.688
973.25	55.550
973.42	54.882
973.58	54.199
973.75	55.280
973.92	56.991
974.08	52.572
974.25	56.180
974.42	54.758
974.58	55.238
974.75	53.482
974.91	53.729
975.08	56.165
975.25	56.481
975.41	51.754
975.58	54.543
975.74	54.259
975.91	51.893
976.08	54.797
976.24	55.880
976.41	56.380
976.57	51.389
976.74	54.619
976.91	55.047
977.07	56.141
977.24	53.893
977.40	54.821
977.57	55.096
977.73	52.765
977.90	49.455
978.07	53.533
978.23	51.931
978.40	53.956
978.56	53.759
978.73	53.828
978.89	56.002
979.06	52.658
979.22	55.606
979.39	53.703
979.56	54.595
979.72	54.857
979.89	51.751
980.05	55.640
980.22	54.197
980.38	51.397
980.55	48.982
980.71	50.604
980.88	57.665
981.04	53.889
981.21	50.826
981.37	54.275
981.54	52.503
981.70	54.511
981.87	55.887
982.04	53.661
982.20	50.469
982.37	54.971
982.53	56.448
982.70	56.444
982.86	55.202
983.03	53.333
983.19	55.696
983.36	54.779
983.52	55.599
983.69	51.566
983.85	50.871
984.02	52.594
984.18	54.295
984.35	54.577
984.51	53.884
984.68	56.171
984.84	55.165
985.00	54.283
985.17	51.504
985.33	57.455
985.50	55.417
985.66	53.727
985.83	52.057
985.99	52.454
986.16	53.353
986.32	52.395
986.49	53.964
986.65	52.378
986.82	51.649
986.98	53.352
987.15	58.344
987.31	55.427
987.47	56.349
987.64	57.332
987.80	51.444
987.97	54.102
988.13	52.149
988.30	54.592
988.46	54.722
988.63	52.128
988.79	52.980
988.95	48.682
989.12	57.038
989.28	57.963
989.45	55.409
989.61	57.046
989.77	57.315
989.94	53.013
990.10	52.732
990.27	54.005
990.43	54.703
990.60	56.175
990.76	51.132
990.92	55.996
991.09	55.703
991.25	55.723
991.42	51.724
991.58	55.694
991.74	55.382
991.91	55.130
992.07	54.949
992.24	54.039
992.40	54.001
992.56	53.437
992.73	54.806
992.89	53.708
993.05	55.640
993.22	53.809
993.38	53.882
993.55	53.323
993.71	55.376
993.87	53.094
994.04	51.268
994.20	51.201
994.36	53.877
994.53	52.142
994.69	55.125
994.85	56.233
995.02	53.343
995.18	53.097
995.34	58.162
995.51	58.046
995.67	52.687
995.84	58.284
996.00	56.938
996.16	54.837
996.33	51.677
996.49	57.673
996.65	55.729
996.82	55.249
996.98	58.711
997.14	54.418
997.31	57.497
997.47	54.851
997.63	57.984
997.79	57.805
997.96	54.183
998.12	54.745
998.28	54.003
998.45	53.519
998.61	50.220
998.77	56.010
998.94	53.252
999.10	51.304
999.26	60.333
999.43	50.990
999.59	56.185
999.75	50.654
999.91	54.008
1000.08	57.384
1000.24	51.995
1000.40	53.487
1000.57	47.632
1000.73	56.202
1000.89	53.784
1001.05	58.028
1001.22	54.317
1001.38	56.445
1001.54	52.657
1001.70	53.671
1001.87	51.631
1002.03	53.073
1002.19	53.365
1002.35	51.760
1002.52	54.524
1002.68	52.187
1002.84	56.403
1003.00	54.840
1003.17	53.676
1003.33	58.772
1003.49	53.396
1003.65	55.357
1003.82	57.298
1003.98	54.785
1004.14	54.327
1004.30	53.330
1004.47	54.713
1004.63	55.319
1004.79	53.854
1004.95	55.026
1005.11	54.650
1005.28	58.160
1005.44	54.692
1005.60	54.868
1005.76	56.579
1005.93	52.082
1006.09	53.155
1006.25	54.351
1006.41	56.061
1006.57	55.620
1006.74	56.137
1006.90	50.580
1007.06	56.899
1007.22	58.563
1007.38	57.391
1007.55	56.877
1007.71	53.248
1007.87	53.213
1008.03	57.299
1008.19	57.034
1008.35	50.665
1008.52	58.995
1008.68	57.095
1008.84	54.578
1009.00	56.276
1009.16	56.943
1009.32	56.710
1009.49	59.058
1009.65	55.837
1009.81	58.072
1009.97	51.103
1010.13	52.541
1010.29	55.062
1010.46	51.977
1010.62	56.197
1010.78	58.318
1010.94	56.969
1011.10	48.309
1011.26	49.908
1011.42	55.584
1011.59	55.334
1011.75	59.177
1011.91	53.455
1012.07	53.014
1012.23	52.443
1012.39	60.645
1012.55	52.868
1012.71	48.894
1012.88	57.636
1013.04	58.423
1013.20	54.404
1013.36	57.331
1013.52	55.607
1013.68	54.385
1013.84	54.282
1014.00	59.461
1014.16	53.939
1014.33	58.853
1014.49	62.558
1014.65	56.346
1014.81	52.245
1014.97	54.290
1015.13	56.745
1015.29	56.559
1015.45	56.759
1015.61	45.462
1015.77	53.323
1015.93	53.492
1016.09	59.971
1016.26	57.978
1016.42	63.621
1016.58	57.533
1016.74	48.687
1016.90	51.770
1017.06	58.353
1017.22	52.510
1017.38	66.828
1017.54	54.124
1017.70	50.386
1017.86	55.530
1018.02	53.620
1018.18	59.932
1018.34	58.353
1018.50	54.658
1018.66	46.651
1018.82	52.545
1018.98	65.260
1019.14	57.074
1019.31	55.237
1019.47	53.528
1019.63	57.008
1019.79	60.745
1019.95	55.181
1020.11	53.320
1020.27	57.784
1020.43	62.681
1020.59	63.645
1020.75	55.368
1020.91	49.955
1021.07	56.873
1021.23	61.315
1021.39	58.199
1021.55	59.377
1021.71	63.951
1021.87	45.031
1022.03	50.398
1022.19	49.018
1022.35	62.069
1022.51	29.581
1022.67	51.634
1022.83	66.181
1022.99	54.806
1023.15	62.538
1023.31	44.251
1023.47	59.452
1023.63	66.799
1023.79	59.811
1023.95	49.358
1024.10	56.767
1024.26	53.073
1024.42	64.215
1024.58	55.910
1024.74	54.518
1024.90	50.048
1025.06	56.691
1025.22	51.036
1025.38	60.271
1025.54	66.843
1025.70	55.128
1025.86	54.691
1026.02	72.771
1026.18	49.237
1026.34	58.351
1026.50	49.626
1026.66	65.313
1026.82	66.365
1026.98	60.900
1027.13	68.946
1027.29	53.974
1027.45	72.816
1027.61	39.538
1027.77	72.396
1027.93	58.133
1028.09	56.407
1028.25	58.632
1028.41	60.121
1028.57	64.141
1028.73	70.595
1028.88	71.512
1029.04	53.082
1029.20	53.121
1029.36	58.008
1029.52	66.438
1029.68	55.258
1029.84	54.925
1030.00	47.554
1030.16	60.173
1030.32	54.464
1030.47	48.553
1030.63	66.019
1030.79	51.308
1030.95	39.890
1031.11	57.828
1031.27	66.383
1031.43	62.033
1031.59	51.872
1031.74	73.147
1031.90	62.674
1032.06	54.336
1032.22	63.144
1032.38	61.750
1032.54	62.262
1032.69	57.726
1032.85	52.991
1033.01	60.870
1033.17	51.888
1033.33	41.784
1033.49	64.809
1033.65	60.278
1033.80	59.278
1033.96	53.968
1034.12	57.812
1034.28	49.221
1034.44	43.345
1034.60	67.747
1034.75	59.243
1034.91	54.161
1035.07	77.973
1035.23	71.480
1035.39	65.470
1035.54	76.967
1035.70	49.296
1035.86	44.265
1036.02	61.682
1036.18	69.966
1036.33	60.621
1036.49	71.854
1036.65	47.901
1036.81	51.956
1036.97	61.216
1037.12	76.233
1037.28	93.530
1037.44	79.118
1037.60	56.708
1037.76	68.182
1037.91	77.637
1038.07	55.172
1038.23	53.646
1038.39	39.299
1038.54	60.556
1038.70	57.256
1038.86	59.792
1039.02	77.568
1039.17	79.852
1039.33	68.144
1039.49	44.597
1039.65	61.782
1039.80	65.481
1039.96	72.921
1040.12	46.575
1040.28	65.625
>>>>> Data<<<<< Espectral Procesado Extremo
