Fichero De Datos De SpectraSuite
++++++++++++++++++++++++++++++++++++
Fecha: Wed Jul 15 08:09:25 CST 2026
Usuario: HP
Presente Oscuro Del Espectro: Sí
La Referencia de Presente Del Espectro De: Sí
Muestreados de los componentes de Número de espectros: 1
Espectrómetros: USB4H06056
Tiempo de integración (usec): 300000 (USB4H06056)
Promedio de Espectros Hechos un: 5 (USB4H06056)
El Alisar Del Furgón: 0 (USB4H06056)
Párrafo de de Corregir del la del del de Eléctrica del obscuridad: No (USB4H06056)
Estrobo/Lámpara Permitido: No (USB4H06056)
Correct for Detector Non-linearity: No (USB4H06056)
Párrafo de de Corregir del la del del de Externa del luz: No (USB4H06056)
Procesado del espectro de Número de pixeles en: 3648
>>>>> Comienza Data<<<<< Espectral Procesado Del EL
345.09	-68.750
345.30	-68.750
345.52	-68.750
345.74	130.000
345.95	60.741
346.17	198.182
346.39	246.154
346.60	159.375
346.82	-4.545
347.04	-229.630
347.25	288.889
347.47	700.000
347.69	-13.725
347.90	2220.000
348.12	-33.333
348.34	364.103
348.56	-253.846
348.77	-6.818
348.99	2275.000
349.21	22.105
349.42	628.571
349.64	82.258
349.86	67.568
350.07	53.757
350.29	52.747
350.51	-12.121
350.72	19.841
350.94	57.831
351.16	-53.191
351.37	48.760
351.59	-1550.000
351.81	182.540
352.02	-258.621
352.24	-148.387
352.46	-58.209
352.67	-4.795
352.89	-60.000
353.10	6.494
353.32	68.000
353.54	-30.769
353.75	-0.847
353.97	-1157.143
354.19	25.000
354.40	-333.333
354.62	35.669
354.84	116.667
355.05	209.091
355.27	-194.000
355.49	-75.532
355.70	-46.296
355.92	-39.189
356.14	-1.325
356.35	685.714
356.57	-23.333
356.78	-305.000
357.00	40.845
357.22	-110.000
357.43	-15.179
357.65	-215.000
357.87	-360.000
358.08	47.977
358.30	16.216
358.51	81.081
358.73	-128.947
358.95	-1.176
359.16	62.626
359.38	-64.474
359.60	41.096
359.81	77.419
360.03	44.444
360.24	239.535
360.46	61.333
360.68	133.333
360.89	-3.614
361.11	84.536
361.33	8.065
361.54	-4.110
361.76	26.786
361.97	91.463
362.19	-58.025
362.41	180.519
362.62	10.870
362.84	21.649
363.05	39.785
363.27	34.021
363.49	32.812
363.70	-48.837
363.92	1.563
364.13	5.641
364.35	67.273
364.57	-377.778
364.78	37.778
365.00	200.000
365.21	37.069
365.43	134.314
365.65	-577.778
365.86	-30.000
366.08	200.000
366.29	61.074
366.51	23.932
366.73	14.789
366.94	97.110
367.16	-7.246
367.37	194.737
367.59	-179.687
367.80	67.164
368.02	50.360
368.24	-71.560
368.45	57.647
368.67	-44.928
368.88	-107.407
369.10	22.222
369.31	64.583
369.53	60.000
369.75	53.261
369.96	32.500
370.18	-53.061
370.39	40.000
370.61	2.128
370.82	35.556
371.04	-205.000
371.26	67.073
371.47	-20.225
371.69	207.018
371.90	-192.000
372.12	-47.475
372.33	-51.429
372.55	26.087
372.76	93.396
372.98	114.035
373.20	-1966.667
373.41	12.069
373.63	31.967
373.84	87.500
374.06	31.429
374.27	161.333
374.49	49.315
374.70	-52.174
374.92	26.214
375.13	125.773
375.35	5.921
375.57	25.207
375.78	17.647
376.00	0.575
376.21	18.033
376.43	106.667
376.64	-18.391
376.86	53.333
377.07	5.217
377.29	-31.325
377.50	53.261
377.72	37.241
377.93	119.718
378.15	-20.690
378.36	6.283
378.58	55.019
378.80	250.000
379.01	59.574
379.23	-24.324
379.44	-11.000
379.66	71.739
379.87	-49.231
380.09	-33.333
380.30	77.778
380.52	65.217
380.73	51.724
380.95	68.293
381.16	-6.522
381.38	49.412
381.59	33.803
381.81	21.481
382.02	32.124
382.24	32.386
382.45	89.333
382.67	18.841
382.88	36.957
383.10	-2.649
383.31	149.367
383.53	28.873
383.74	-34.896
383.96	11.399
384.17	8.333
384.39	52.060
384.60	45.133
384.82	62.963
385.03	33.088
385.25	-143.478
385.46	8.594
385.68	63.014
385.89	68.528
386.11	184.507
386.32	16.588
386.54	74.537
386.75	42.857
386.97	140.741
387.18	71.233
387.40	41.026
387.61	18.788
387.83	61.006
388.04	-16.071
388.25	-4.255
388.47	23.077
388.68	8.000
388.90	-32.110
389.11	53.680
389.33	238.462
389.54	-89.831
389.76	17.910
389.97	32.877
390.19	51.176
390.40	-9.388
390.62	98.802
390.83	14.644
391.05	50.303
391.26	86.508
391.47	51.948
391.69	67.000
391.90	17.476
392.12	62.620
392.33	24.227
392.55	50.625
392.76	-4.861
392.98	50.000
393.19	4.854
393.41	0.000
393.62	44.643
393.83	35.000
394.05	20.539
394.26	73.180
394.48	53.365
394.69	43.617
394.91	35.798
395.12	18.908
395.34	51.906
395.55	23.581
395.76	8.411
395.98	15.271
396.19	46.241
396.41	74.708
396.62	38.889
396.84	42.905
397.05	30.625
397.26	-14.054
397.48	33.613
397.69	31.884
397.91	1.478
398.12	72.857
398.33	74.603
398.55	47.083
398.76	41.007
398.98	19.876
399.19	30.488
399.41	33.537
399.62	78.302
399.83	58.943
400.05	9.064
400.26	64.561
400.48	42.510
400.69	30.460
400.90	61.722
401.12	41.923
401.33	4.739
401.55	29.677
401.76	47.872
401.97	46.269
402.19	40.705
402.40	19.928
402.62	36.934
402.83	38.462
403.04	50.847
403.26	54.522
403.47	40.730
403.69	33.700
403.90	28.464
404.11	36.957
404.33	38.889
404.54	20.260
404.76	38.514
404.97	30.631
405.18	34.127
405.40	39.152
405.61	28.621
405.83	35.024
406.04	51.932
406.25	36.676
406.47	29.973
406.68	30.080
406.89	18.280
407.11	62.500
407.32	42.105
407.54	36.854
407.75	37.158
407.96	28.030
408.18	35.782
408.39	47.879
408.60	56.511
408.82	30.084
409.03	32.678
409.24	33.453
409.46	18.750
409.67	11.656
409.89	35.699
410.10	47.195
410.31	55.579
410.53	28.537
410.74	38.856
410.95	36.822
411.17	34.441
411.38	30.545
411.59	33.051
411.81	27.646
412.02	37.061
412.23	25.718
412.45	20.172
412.66	44.536
412.87	26.374
413.09	33.816
413.30	38.472
413.51	46.073
413.73	38.110
413.94	21.053
414.15	26.878
414.37	28.164
414.58	26.607
414.79	27.347
415.01	37.405
415.22	28.382
415.43	30.091
415.65	39.508
415.86	28.006
416.07	18.698
416.29	18.769
416.50	21.045
416.71	35.040
416.93	16.833
417.14	21.961
417.35	29.770
417.57	16.585
417.78	13.870
417.99	14.199
418.21	20.807
418.42	32.212
418.63	23.913
418.85	26.962
419.06	24.324
419.27	20.672
419.48	30.539
419.70	10.649
419.91	14.697
420.12	8.380
420.34	18.567
420.55	14.958
420.76	21.048
420.98	16.568
421.19	11.685
421.40	19.141
421.61	17.471
421.83	15.268
422.04	14.821
422.25	22.319
422.47	23.681
422.68	24.679
422.89	21.140
423.11	21.065
423.32	22.887
423.53	23.323
423.74	17.462
423.96	16.631
424.17	14.521
424.38	13.407
424.59	15.422
424.81	10.414
425.02	10.634
425.23	12.323
425.45	18.450
425.66	12.540
425.87	5.355
426.08	16.558
426.30	16.020
426.51	10.054
426.72	16.414
426.93	21.498
427.15	18.172
427.36	12.738
427.57	13.043
427.79	21.458
428.00	12.253
428.21	4.952
428.42	13.786
428.64	16.623
428.85	16.675
429.06	16.285
429.27	13.206
429.49	14.549
429.70	19.634
429.91	13.948
430.12	9.519
430.34	14.321
430.55	8.940
430.76	12.483
430.97	19.991
431.19	11.317
431.40	11.672
431.61	12.865
431.82	14.239
432.03	16.813
432.25	12.980
432.46	14.123
432.67	13.288
432.88	13.019
433.10	10.961
433.31	11.709
433.52	14.031
433.73	15.359
433.95	16.034
434.16	18.984
434.37	14.398
434.58	13.220
434.79	16.654
435.01	11.686
435.22	14.193
435.43	18.527
435.64	10.666
435.86	13.207
436.07	11.830
436.28	14.616
436.49	10.663
436.70	14.412
436.92	13.486
437.13	12.669
437.34	14.796
437.55	16.306
437.76	11.291
437.98	12.047
438.19	10.066
438.40	14.016
438.61	14.151
438.82	14.137
439.04	14.232
439.25	14.213
439.46	15.434
439.67	16.712
439.88	11.919
440.10	10.501
440.31	13.063
440.52	12.963
440.73	9.560
440.94	12.645
441.16	9.239
441.37	11.306
441.58	13.123
441.79	11.353
442.00	13.104
442.21	12.972
442.43	10.605
442.64	12.580
442.85	10.446
443.06	9.264
443.27	12.003
443.48	13.275
443.70	10.336
443.91	14.035
444.12	15.442
444.33	9.805
444.54	13.758
444.75	9.029
444.97	12.420
445.18	15.540
445.39	14.795
445.60	10.207
445.81	12.784
446.02	13.177
446.24	11.497
446.45	11.207
446.66	11.284
446.87	8.483
447.08	13.738
447.29	13.556
447.51	9.072
447.72	13.421
447.93	11.274
448.14	14.027
448.35	11.444
448.56	12.553
448.77	14.465
448.99	12.718
449.20	9.469
449.41	15.198
449.62	15.259
449.83	15.454
450.04	11.037
450.25	14.589
450.46	10.017
450.68	11.437
450.89	13.128
451.10	12.645
451.31	13.427
451.52	13.818
451.73	14.563
451.94	10.447
452.15	12.892
452.37	10.983
452.58	12.225
452.79	11.629
453.00	15.234
453.21	14.207
453.42	15.363
453.63	11.881
453.84	13.936
454.06	12.182
454.27	12.243
454.48	11.656
454.69	14.622
454.90	14.564
455.11	15.460
455.32	11.934
455.53	13.945
455.74	12.227
455.95	15.074
456.17	12.661
456.38	14.073
456.59	14.118
456.80	12.376
457.01	8.994
457.22	12.273
457.43	12.818
457.64	14.270
457.85	13.457
458.06	14.867
458.27	12.000
458.49	13.731
458.70	12.818
458.91	15.786
459.12	11.797
459.33	12.716
459.54	13.231
459.75	12.874
459.96	14.556
460.17	16.721
460.38	15.112
460.59	14.052
460.80	12.169
461.01	14.707
461.23	12.999
461.44	12.339
461.65	13.826
461.86	14.157
462.07	17.895
462.28	14.530
462.49	10.960
462.70	13.887
462.91	13.141
463.12	13.566
463.33	14.269
463.54	13.007
463.75	16.306
463.96	14.428
464.17	13.465
464.38	11.758
464.59	14.883
464.81	13.771
465.02	12.744
465.23	14.043
465.44	13.674
465.65	13.839
465.86	13.149
466.07	15.776
466.28	15.239
466.49	15.172
466.70	13.822
466.91	15.042
467.12	12.421
467.33	14.118
467.54	17.183
467.75	13.521
467.96	14.909
468.17	12.655
468.38	12.976
468.59	13.348
468.80	14.990
469.01	14.732
469.22	13.757
469.43	12.966
469.64	14.980
469.85	13.858
470.06	14.526
470.27	15.152
470.48	12.095
470.69	12.854
470.90	15.649
471.11	16.511
471.32	13.108
471.53	13.378
471.74	15.843
471.95	14.105
472.16	15.086
472.37	13.892
472.58	14.102
472.79	14.568
473.00	12.875
473.21	13.919
473.42	13.832
473.63	12.925
473.84	15.656
474.05	16.032
474.26	13.300
474.47	12.760
474.68	13.204
474.89	13.630
475.10	12.475
475.31	12.414
475.52	12.686
475.73	14.007
475.94	13.362
476.15	14.471
476.36	14.019
476.57	15.119
476.78	14.993
476.99	15.318
477.20	12.914
477.41	15.488
477.62	13.782
477.83	14.562
478.04	15.036
478.25	13.689
478.46	14.706
478.67	14.214
478.88	14.047
479.09	14.196
479.30	15.447
479.51	14.900
479.72	14.240
479.93	15.918
480.14	15.737
480.35	13.730
480.56	13.970
480.77	14.505
480.98	14.284
481.18	14.721
481.39	14.222
481.60	14.577
481.81	14.087
482.02	15.043
482.23	14.320
482.44	13.822
482.65	14.431
482.86	14.892
483.07	14.127
483.28	14.213
483.49	14.058
483.70	13.757
483.91	14.871
484.12	13.878
484.33	14.415
484.53	14.591
484.74	13.795
484.95	14.893
485.16	14.154
485.37	13.445
485.58	14.589
485.79	13.394
486.00	14.164
486.21	14.791
486.42	14.405
486.63	13.934
486.84	15.729
487.05	14.746
487.25	15.028
487.46	15.206
487.67	15.024
487.88	14.015
488.09	14.266
488.30	14.892
488.51	9.382
488.72	16.262
488.93	14.872
489.14	13.727
489.35	14.716
489.55	14.167
489.76	14.736
489.97	14.376
490.18	14.761
490.39	15.164
490.60	14.104
490.81	14.609
491.02	15.048
491.23	13.793
491.43	13.990
491.64	15.521
491.85	15.064
492.06	14.103
492.27	14.507
492.48	13.644
492.69	14.666
492.90	14.373
493.11	15.316
493.31	13.894
493.52	14.756
493.73	14.950
493.94	14.071
494.15	14.919
494.36	14.111
494.57	14.372
494.78	15.337
494.98	14.697
495.19	14.843
495.40	14.708
495.61	14.575
495.82	15.475
496.03	15.007
496.24	15.137
496.44	14.551
496.65	15.242
496.86	14.708
497.07	15.075
497.28	14.750
497.49	14.137
497.70	15.089
497.90	14.072
498.11	15.094
498.32	15.028
498.53	15.288
498.74	15.115
498.95	15.768
499.15	14.069
499.36	14.578
499.57	14.644
499.78	15.350
499.99	14.664
500.20	15.247
500.40	14.385
500.61	15.084
500.82	15.056
501.03	15.314
501.24	14.647
501.45	14.853
501.65	14.600
501.86	14.696
502.07	14.573
502.28	14.552
502.49	14.955
502.70	15.473
502.90	15.069
503.11	14.911
503.32	14.652
503.53	15.162
503.74	15.235
503.94	15.055
504.15	14.701
504.36	15.083
504.57	14.958
504.78	15.342
504.98	15.502
505.19	15.244
505.40	15.606
505.61	14.614
505.82	15.235
506.02	15.185
506.23	16.278
506.44	14.643
506.65	14.889
506.86	14.750
507.06	15.147
507.27	14.759
507.48	15.006
507.69	15.207
507.90	15.374
508.10	14.892
508.31	15.245
508.52	14.774
508.73	16.296
508.94	14.786
509.14	14.908
509.35	15.387
509.56	15.269
509.77	15.061
509.97	15.426
510.18	15.621
510.39	14.870
510.60	14.628
510.80	15.491
511.01	15.122
511.22	14.921
511.43	15.186
511.64	15.734
511.84	15.502
512.05	15.222
512.26	16.439
512.47	15.892
512.67	15.476
512.88	15.684
513.09	15.872
513.30	15.712
513.50	15.650
513.71	15.393
513.92	15.473
514.13	15.270
514.33	16.047
514.54	15.448
514.75	16.547
514.96	15.392
515.16	15.572
515.37	15.604
515.58	15.803
515.78	16.043
515.99	16.054
516.20	16.032
516.41	15.749
516.61	15.151
516.82	15.913
517.03	15.697
517.24	16.297
517.44	16.246
517.65	15.458
517.86	16.440
518.07	16.577
518.27	16.331
518.48	15.843
518.69	16.471
518.89	16.412
519.10	15.811
519.31	16.397
519.52	16.438
519.72	16.135
519.93	16.773
520.14	16.557
520.34	16.218
520.55	16.549
520.76	15.920
520.96	16.368
521.17	16.912
521.38	17.289
521.59	16.369
521.79	16.456
522.00	17.080
522.21	16.941
522.41	16.805
522.62	16.521
522.83	16.991
523.03	16.823
523.24	16.659
523.45	17.256
523.66	17.504
523.86	17.741
524.07	17.459
524.28	17.314
524.48	17.671
524.69	18.263
524.90	17.739
525.10	17.606
525.31	17.677
525.52	17.328
525.72	17.605
525.93	18.067
526.14	17.778
526.34	17.973
526.55	18.192
526.76	17.983
526.96	18.414
527.17	18.432
527.38	17.972
527.58	18.365
527.79	18.859
528.00	18.421
528.20	18.736
528.41	18.497
528.62	18.672
528.82	18.447
529.03	19.240
529.24	18.796
529.44	18.575
529.65	18.726
529.85	19.087
530.06	18.630
530.27	19.310
530.47	19.107
530.68	18.958
530.89	19.174
531.09	19.446
531.30	19.420
531.51	19.125
531.71	19.114
531.92	19.385
532.13	19.274
532.33	20.045
532.54	19.813
532.74	20.138
532.95	19.543
533.16	20.267
533.36	20.287
533.57	19.810
533.78	19.850
533.98	20.342
534.19	20.583
534.39	19.588
534.60	20.975
534.81	20.261
535.01	20.367
535.22	20.643
535.42	21.143
535.63	20.878
535.84	20.683
536.04	20.307
536.25	20.260
536.45	20.733
536.66	21.181
536.87	21.351
537.07	20.568
537.28	21.234
537.48	20.745
537.69	20.565
537.90	20.564
538.10	20.251
538.31	21.178
538.51	21.162
538.72	21.147
538.93	21.294
539.13	21.246
539.34	20.422
539.54	20.948
539.75	21.383
539.96	21.349
540.16	21.381
540.37	20.634
540.57	21.413
540.78	20.950
540.98	21.062
541.19	21.528
541.40	21.536
541.60	21.371
541.81	21.318
542.01	21.724
542.22	21.150
542.42	21.866
542.63	21.898
542.83	20.920
543.04	21.444
543.25	21.742
543.45	21.424
543.66	21.732
543.86	21.483
544.07	22.062
544.27	21.861
544.48	20.904
544.68	22.449
544.89	22.026
545.10	21.832
545.30	21.782
545.51	21.456
545.71	21.945
545.92	21.909
546.12	21.952
546.33	21.827
546.53	22.268
546.74	22.270
546.94	21.602
547.15	21.139
547.36	21.803
547.56	22.508
547.77	21.921
547.97	21.880
548.18	21.823
548.38	21.776
548.59	22.313
548.79	21.952
549.00	21.725
549.20	22.189
549.41	21.976
549.61	21.953
549.82	21.748
550.02	22.071
550.23	21.849
550.43	22.192
550.64	22.577
550.84	22.478
551.05	22.663
551.25	22.105
551.46	22.108
551.66	22.318
551.87	22.062
552.07	22.337
552.28	22.359
552.48	22.535
552.69	22.235
552.89	22.418
553.10	22.516
553.30	22.697
553.51	22.219
553.71	22.684
553.92	22.428
554.12	22.494
554.33	22.200
554.53	22.723
554.74	22.100
554.94	22.606
555.15	22.131
555.35	22.476
555.56	22.750
555.76	22.985
555.97	22.542
556.17	22.253
556.38	22.624
556.58	22.650
556.78	22.597
556.99	22.526
557.19	22.828
557.40	22.897
557.60	21.864
557.81	22.501
558.01	22.031
558.22	22.296
558.42	22.996
558.63	22.741
558.83	22.425
559.04	22.212
559.24	22.298
559.44	22.920
559.65	22.074
559.85	22.316
560.06	22.493
560.26	22.431
560.47	21.796
560.67	22.492
560.88	22.242
561.08	22.395
561.28	22.805
561.49	23.063
561.69	22.855
561.90	22.488
562.10	22.863
562.31	22.329
562.51	22.366
562.71	22.946
562.92	22.239
563.12	22.126
563.33	21.887
563.53	22.378
563.74	21.936
563.94	22.305
564.14	21.958
564.35	22.304
564.55	22.067
564.76	22.010
564.96	22.470
565.17	21.989
565.37	22.155
565.57	22.302
565.78	21.771
565.98	21.627
566.19	21.749
566.39	21.906
566.59	21.642
566.80	21.678
567.00	22.078
567.21	21.185
567.41	21.432
567.61	21.301
567.82	21.721
568.02	21.583
568.23	21.755
568.43	21.730
568.63	21.322
568.84	21.353
569.04	21.213
569.24	21.410
569.45	21.211
569.65	21.516
569.86	20.553
570.06	20.633
570.26	21.470
570.47	20.833
570.67	21.096
570.87	21.078
571.08	20.980
571.28	21.127
571.49	20.797
571.69	20.863
571.89	21.192
572.10	20.598
572.30	20.825
572.50	20.214
572.71	20.524
572.91	20.723
573.11	20.511
573.32	20.674
573.52	20.544
573.73	20.102
573.93	19.960
574.13	20.270
574.34	20.023
574.54	19.892
574.74	20.512
574.95	20.414
575.15	20.356
575.35	19.972
575.56	20.267
575.76	20.038
575.96	19.779
576.17	19.712
576.37	19.784
576.57	19.331
576.78	19.561
576.98	19.835
577.18	19.409
577.39	19.699
577.59	19.798
577.79	19.685
578.00	18.959
578.20	19.375
578.40	19.517
578.61	19.330
578.81	19.443
579.01	19.341
579.22	19.524
579.42	19.690
579.62	19.281
579.82	19.322
580.03	19.483
580.23	19.037
580.43	19.101
580.64	19.037
580.84	19.048
581.04	18.847
581.25	18.943
581.45	19.019
581.65	19.020
581.86	18.859
582.06	19.503
582.26	18.542
582.46	18.468
582.67	18.934
582.87	19.260
583.07	18.622
583.28	18.618
583.48	18.342
583.68	18.696
583.88	18.574
584.09	18.814
584.29	18.864
584.49	18.292
584.70	18.057
584.90	18.580
585.10	18.169
585.30	18.387
585.51	18.253
585.71	18.234
585.91	18.181
586.11	18.172
586.32	18.457
586.52	17.863
586.72	18.611
586.92	18.120
587.13	17.994
587.33	18.171
587.53	18.117
587.74	18.215
587.94	18.028
588.14	18.292
588.34	18.045
588.55	17.831
588.75	17.978
588.95	18.030
589.15	17.781
589.36	17.812
589.56	17.799
589.76	17.706
589.96	18.084
590.16	17.852
590.37	18.067
590.57	18.073
590.77	17.651
590.97	17.570
591.18	18.034
591.38	17.907
591.58	17.181
591.78	17.518
591.99	18.103
592.19	17.542
592.39	17.698
592.59	17.394
592.79	17.737
593.00	17.779
593.20	17.394
593.40	17.976
593.60	17.755
593.81	17.767
594.01	17.501
594.21	18.054
594.41	17.790
594.61	17.725
594.82	17.273
595.02	17.652
595.22	17.909
595.42	17.742
595.62	17.332
595.83	17.623
596.03	17.672
596.23	17.481
596.43	17.762
596.63	17.491
596.84	17.710
597.04	17.533
597.24	17.979
597.44	17.183
597.64	17.545
597.84	17.583
598.05	17.499
598.25	17.322
598.45	17.641
598.65	17.423
598.85	17.089
599.06	17.464
599.26	17.260
599.46	17.660
599.66	17.644
599.86	17.547
600.06	17.376
600.27	17.214
600.47	17.421
600.67	17.489
600.87	17.297
601.07	17.697
601.27	17.370
601.48	17.524
601.68	17.388
601.88	17.457
602.08	17.415
602.28	17.394
602.48	17.354
602.68	17.184
602.89	17.679
603.09	17.174
603.29	17.507
603.49	17.247
603.69	17.046
603.89	17.643
604.09	17.570
604.30	17.304
604.50	16.909
604.70	16.996
604.90	17.323
605.10	17.185
605.30	17.592
605.50	17.275
605.71	17.572
605.91	17.478
606.11	17.267
606.31	17.095
606.51	17.196
606.71	16.830
606.91	16.857
607.11	17.085
607.32	17.243
607.52	17.323
607.72	16.849
607.92	17.355
608.12	16.850
608.32	17.461
608.52	16.810
608.72	17.210
608.92	16.919
609.12	17.387
609.33	17.235
609.53	17.077
609.73	17.125
609.93	17.026
610.13	16.857
610.33	16.860
610.53	17.145
610.73	17.032
610.93	17.021
611.13	17.134
611.34	17.156
611.54	17.006
611.74	17.222
611.94	17.245
612.14	17.095
612.34	16.778
612.54	17.094
612.74	16.775
612.94	17.454
613.14	16.819
613.34	17.087
613.54	17.018
613.74	16.875
613.95	17.179
614.15	17.334
614.35	16.947
614.55	17.047
614.75	16.806
614.95	16.813
615.15	16.895
615.35	16.981
615.55	16.890
615.75	16.849
615.95	16.648
616.15	16.936
616.35	16.925
616.55	16.757
616.75	16.568
616.95	16.848
617.15	16.960
617.35	16.654
617.56	16.757
617.76	16.580
617.96	16.699
618.16	16.675
618.36	16.549
618.56	17.059
618.76	16.620
618.96	16.988
619.16	16.878
619.36	17.021
619.56	16.935
619.76	16.716
619.96	16.587
620.16	16.773
620.36	16.928
620.56	16.619
620.76	16.914
620.96	16.377
621.16	16.555
621.36	16.744
621.56	16.569
621.76	16.627
621.96	16.581
622.16	16.600
622.36	16.508
622.56	16.939
622.76	16.377
622.96	16.577
623.16	16.792
623.36	16.570
623.56	16.643
623.76	16.753
623.96	16.889
624.16	16.425
624.36	16.567
624.56	16.294
624.76	16.528
624.96	16.715
625.16	16.594
625.36	16.227
625.56	16.574
625.76	16.660
625.96	16.947
626.16	16.838
626.36	16.319
626.56	16.694
626.76	16.535
626.96	16.623
627.16	16.376
627.36	16.588
627.56	16.767
627.76	16.628
627.96	16.650
628.16	16.393
628.36	16.492
628.56	16.642
628.75	16.471
628.95	16.636
629.15	16.308
629.35	16.547
629.55	17.002
629.75	16.726
629.95	16.384
630.15	16.689
630.35	16.643
630.55	16.132
630.75	16.395
630.95	16.369
631.15	16.528
631.35	16.446
631.55	16.041
631.75	16.517
631.95	16.630
632.15	16.463
632.34	16.481
632.54	16.777
632.74	16.457
632.94	16.457
633.14	16.210
633.34	16.335
633.54	16.340
633.74	16.531
633.94	16.469
634.14	16.172
634.34	16.321
634.54	16.593
634.74	16.318
634.93	16.127
635.13	16.357
635.33	16.553
635.53	16.475
635.73	16.545
635.93	16.290
636.13	16.431
636.33	15.988
636.53	16.102
636.73	16.060
636.93	16.509
637.12	16.382
637.32	16.545
637.52	16.240
637.72	16.084
637.92	16.724
638.12	16.295
638.32	15.955
638.52	16.054
638.72	16.249
638.91	16.356
639.11	16.196
639.31	16.420
639.51	16.025
639.71	16.246
639.91	15.924
640.11	16.355
640.31	16.163
640.50	16.105
640.70	15.889
640.90	15.896
641.10	16.328
641.30	16.267
641.50	16.347
641.70	15.984
641.89	16.224
642.09	16.049
642.29	15.722
642.49	16.077
642.69	16.007
642.89	16.017
643.09	16.138
643.28	16.022
643.48	15.882
643.68	15.923
643.88	15.983
644.08	15.919
644.28	15.876
644.48	16.164
644.67	15.834
644.87	16.011
645.07	16.196
645.27	15.936
645.47	15.776
645.67	16.048
645.86	15.870
646.06	16.449
646.26	15.815
646.46	15.886
646.66	16.011
646.85	15.819
647.05	15.896
647.25	16.231
647.45	16.012
647.65	16.246
647.85	15.775
648.04	15.900
648.24	16.238
648.44	15.767
648.64	15.604
648.84	15.810
649.03	15.694
649.23	15.746
649.43	16.000
649.63	15.788
649.83	15.782
650.02	16.119
650.22	15.728
650.42	15.410
650.62	15.998
650.82	15.704
651.01	15.546
651.21	15.459
651.41	15.719
651.61	16.009
651.81	15.692
652.00	15.644
652.20	15.448
652.40	15.707
652.60	15.680
652.79	15.688
652.99	15.454
653.19	15.797
653.39	15.688
653.59	15.760
653.78	15.593
653.98	15.614
654.18	15.558
654.38	15.393
654.57	15.721
654.77	15.444
654.97	15.526
655.17	15.627
655.36	15.331
655.56	15.551
655.76	15.526
655.96	15.432
656.15	15.387
656.35	15.712
656.55	15.552
656.75	15.366
656.94	15.410
657.14	15.317
657.34	15.615
657.54	15.453
657.73	15.852
657.93	15.484
658.13	15.562
658.33	15.597
658.52	15.929
658.72	15.449
658.92	15.569
659.11	15.551
659.31	15.531
659.51	15.394
659.71	15.742
659.90	15.672
660.10	15.356
660.30	15.459
660.50	15.448
660.69	15.470
660.89	15.564
661.09	15.692
661.28	15.258
661.48	15.448
661.68	15.615
661.87	15.575
662.07	15.627
662.27	15.690
662.47	15.437
662.66	15.428
662.86	15.629
663.06	15.401
663.25	15.248
663.45	15.442
663.65	15.419
663.84	15.486
664.04	15.655
664.24	15.607
664.44	15.492
664.63	15.515
664.83	15.555
665.03	15.421
665.22	15.312
665.42	15.546
665.62	15.139
665.81	15.480
666.01	15.170
666.21	15.739
666.40	15.375
666.60	15.356
666.80	15.549
666.99	15.525
667.19	15.391
667.39	15.423
667.58	15.395
667.78	15.695
667.98	15.444
668.17	15.394
668.37	15.580
668.57	15.518
668.76	15.302
668.96	15.786
669.16	15.646
669.35	15.411
669.55	15.554
669.74	15.294
669.94	15.592
670.14	15.253
670.33	15.371
670.53	15.544
670.73	15.368
670.92	15.479
671.12	15.689
671.32	15.306
671.51	15.448
671.71	15.525
671.90	15.416
672.10	15.435
672.30	15.160
672.49	15.716
672.69	15.350
672.89	15.292
673.08	15.566
673.28	15.493
673.47	15.335
673.67	15.747
673.87	15.654
674.06	15.402
674.26	15.511
674.45	15.635
674.65	15.911
674.85	15.623
675.04	15.551
675.24	15.529
675.43	15.427
675.63	15.474
675.83	15.645
676.02	15.564
676.22	15.263
676.41	15.618
676.61	15.709
676.81	15.667
677.00	15.465
677.20	15.330
677.39	15.583
677.59	15.380
677.79	15.566
677.98	15.401
678.18	15.537
678.37	15.118
678.57	15.696
678.76	15.727
678.96	15.659
679.16	15.768
679.35	15.546
679.55	15.534
679.74	15.569
679.94	15.935
680.13	15.504
680.33	15.556
680.53	15.924
680.72	15.871
680.92	15.882
681.11	15.867
681.31	15.720
681.50	15.763
681.70	15.482
681.89	15.579
682.09	15.774
682.28	15.958
682.48	15.583
682.68	15.824
682.87	15.477
683.07	15.829
683.26	15.595
683.46	16.032
683.65	15.843
683.85	15.777
684.04	15.606
684.24	15.529
684.43	15.845
684.63	15.688
684.82	15.959
685.02	15.958
685.21	15.852
685.41	15.784
685.60	15.852
685.80	15.830
686.00	15.666
686.19	15.964
686.39	16.078
686.58	16.125
686.78	15.902
686.97	15.961
687.17	16.115
687.36	16.010
687.56	15.797
687.75	15.946
687.95	16.028
688.14	16.132
688.34	15.694
688.53	15.785
688.73	16.140
688.92	16.066
689.12	15.951
689.31	16.156
689.51	16.236
689.70	16.086
689.89	15.557
690.09	15.871
690.28	16.199
690.48	16.427
690.67	16.247
690.87	15.829
691.06	16.545
691.26	16.118
691.45	16.288
691.65	16.148
691.84	16.139
692.04	15.910
692.23	16.502
692.43	16.330
692.62	16.165
692.82	16.563
693.01	16.468
693.20	16.729
693.40	16.329
693.59	16.565
693.79	16.749
693.98	16.442
694.18	16.736
694.37	16.813
694.57	16.652
694.76	16.787
694.95	17.107
695.15	16.945
695.34	16.992
695.54	17.217
695.73	17.248
695.93	17.141
696.12	17.046
696.32	17.345
696.51	17.287
696.70	17.624
696.90	17.543
697.09	17.793
697.29	17.819
697.48	18.270
697.67	18.265
697.87	18.321
698.06	18.252
698.26	18.105
698.45	18.447
698.65	18.497
698.84	18.969
699.03	18.992
699.23	19.131
699.42	19.770
699.62	19.555
699.81	19.635
700.00	19.414
700.20	20.144
700.39	20.417
700.59	20.084
700.78	20.394
700.97	20.672
701.17	20.709
701.36	20.969
701.56	20.989
701.75	21.176
701.94	21.552
702.14	21.625
702.33	22.405
702.52	22.129
702.72	22.227
702.91	22.610
703.11	23.199
703.30	23.249
703.49	23.028
703.69	23.381
703.88	24.003
704.07	24.115
704.27	24.431
704.46	24.730
704.66	24.922
704.85	24.995
705.04	25.236
705.24	25.672
705.43	26.131
705.62	25.925
705.82	25.856
706.01	26.244
706.20	27.006
706.40	26.877
706.59	27.300
706.78	27.604
706.98	27.966
707.17	28.151
707.36	28.191
707.56	28.341
707.75	28.901
707.94	29.217
708.14	29.463
708.33	29.628
708.52	29.726
708.72	30.467
708.91	30.708
709.10	30.637
709.30	30.667
709.49	31.262
709.68	31.333
709.88	31.838
710.07	31.470
710.26	32.426
710.46	32.785
710.65	32.908
710.84	33.592
711.04	33.077
711.23	33.741
711.42	33.822
711.61	34.125
711.81	34.336
712.00	34.783
712.19	34.695
712.39	35.496
712.58	35.657
712.77	36.439
712.97	36.586
713.16	36.606
713.35	36.493
713.54	37.072
713.74	37.252
713.93	38.009
714.12	37.928
714.32	37.859
714.51	38.353
714.70	38.518
714.89	38.625
715.09	39.587
715.28	39.004
715.47	39.387
715.66	39.572
715.86	40.262
716.05	40.491
716.24	41.143
716.44	40.944
716.63	41.008
716.82	41.279
717.01	41.888
717.21	42.110
717.40	42.387
717.59	42.587
717.78	43.096
717.98	43.372
718.17	43.344
718.36	44.180
718.55	43.854
718.75	44.945
718.94	44.441
719.13	44.793
719.32	44.823
719.52	45.243
719.71	45.835
719.90	46.096
720.09	46.696
720.28	46.632
720.48	46.691
720.67	47.223
720.86	47.951
721.05	48.003
721.25	48.386
721.44	48.474
721.63	48.940
721.82	48.954
722.01	49.371
722.21	49.750
722.40	50.122
722.59	49.992
722.78	50.422
722.98	50.353
723.17	50.693
723.36	51.220
723.55	51.233
723.74	51.792
723.94	52.927
724.13	52.127
724.32	52.294
724.51	53.102
724.70	53.212
724.89	53.432
725.09	53.508
725.28	54.527
725.47	54.200
725.66	54.339
725.85	55.137
726.05	55.012
726.24	55.897
726.43	55.919
726.62	55.799
726.81	56.479
727.00	57.061
727.20	56.938
727.39	57.410
727.58	58.045
727.77	57.602
727.96	58.491
728.15	58.272
728.35	58.648
728.54	59.341
728.73	59.764
728.92	58.960
729.11	59.558
729.30	59.440
729.50	59.854
729.69	60.903
729.88	60.725
730.07	61.205
730.26	61.591
730.45	61.445
730.64	61.841
730.84	61.522
731.03	61.938
731.22	62.484
731.41	62.693
731.60	62.552
731.79	63.623
731.98	63.027
732.18	63.548
732.37	63.914
732.56	63.888
732.75	64.450
732.94	65.088
733.13	65.424
733.32	65.251
733.51	65.404
733.71	65.565
733.90	65.385
734.09	66.031
734.28	66.900
734.47	65.801
734.66	67.029
734.85	66.814
735.04	67.521
735.23	67.087
735.42	67.732
735.62	67.459
735.81	67.526
736.00	68.958
736.19	67.742
736.38	68.410
736.57	68.656
736.76	69.523
736.95	69.709
737.14	69.079
737.33	69.633
737.52	69.826
737.72	69.482
737.91	69.994
738.10	70.754
738.29	70.853
738.48	71.058
738.67	70.860
738.86	71.071
739.05	71.454
739.24	71.577
739.43	70.950
739.62	71.759
739.81	72.329
740.00	72.190
740.19	72.447
740.39	72.228
740.58	72.304
740.77	73.469
740.96	72.669
741.15	73.082
741.34	73.656
741.53	73.502
741.72	73.595
741.91	74.320
742.10	73.678
742.29	74.372
742.48	74.338
742.67	74.159
742.86	74.449
743.05	74.449
743.24	74.641
743.43	74.906
743.62	75.346
743.81	75.669
744.00	74.927
744.19	76.289
744.38	75.018
744.57	76.285
744.76	75.748
744.95	76.063
745.14	76.425
745.33	75.665
745.52	76.545
745.71	76.394
745.90	75.981
746.09	77.134
746.28	76.703
746.47	76.409
746.66	76.659
746.85	76.758
747.04	77.307
747.23	77.207
747.42	77.059
747.61	76.852
747.80	76.947
747.99	76.989
748.18	77.105
748.37	77.989
748.56	77.532
748.75	78.016
748.94	78.130
749.13	78.052
749.32	78.407
749.51	78.149
749.70	78.347
749.89	78.019
750.08	78.011
750.27	77.675
750.46	78.285
750.65	78.150
750.84	78.656
751.03	77.936
751.22	78.660
751.41	78.363
751.60	79.184
751.79	79.694
751.98	78.444
752.17	78.943
752.36	79.464
752.55	79.244
752.74	79.133
752.93	78.767
753.12	80.188
753.30	80.335
753.49	79.302
753.68	79.132
753.87	80.402
754.06	79.823
754.25	80.248
754.44	80.255
754.63	80.096
754.82	80.780
755.01	80.042
755.20	80.639
755.39	79.561
755.58	80.251
755.77	80.553
755.96	79.799
756.14	80.304
756.33	80.363
756.52	80.076
756.71	80.245
756.90	79.582
757.09	80.869
757.28	80.443
757.47	81.610
757.66	80.569
757.85	80.269
758.04	80.333
758.22	81.032
758.41	80.300
758.60	81.341
758.79	80.896
758.98	81.891
759.17	81.533
759.36	81.421
759.55	81.346
759.74	81.381
759.92	80.386
760.11	80.672
760.30	81.040
760.49	80.708
760.68	81.223
760.87	80.852
761.06	81.412
761.25	80.499
761.43	81.116
761.62	81.506
761.81	81.162
762.00	81.791
762.19	81.724
762.38	81.305
762.57	81.262
762.76	81.722
762.94	81.988
763.13	81.454
763.32	81.429
763.51	81.628
763.70	80.407
763.89	81.481
764.07	80.730
764.26	82.185
764.45	81.349
764.64	81.845
764.83	81.634
765.02	81.627
765.21	81.455
765.39	82.419
765.58	81.747
765.77	81.625
765.96	80.970
766.15	82.299
766.34	81.370
766.52	82.138
766.71	82.226
766.90	81.599
767.09	81.581
767.28	80.613
767.46	81.673
767.65	81.531
767.84	81.827
768.03	81.478
768.22	81.212
768.40	81.071
768.59	81.721
768.78	82.217
768.97	81.593
769.16	81.698
769.34	82.540
769.53	82.177
769.72	82.070
769.91	81.897
770.10	82.336
770.28	82.016
770.47	80.873
770.66	81.553
770.85	81.686
771.04	80.982
771.22	81.365
771.41	81.317
771.60	81.938
771.79	82.787
771.98	82.692
772.16	82.279
772.35	82.847
772.54	81.421
772.73	82.415
772.91	82.368
773.10	81.909
773.29	82.311
773.48	81.978
773.66	81.313
773.85	82.608
774.04	80.955
774.23	82.654
774.41	82.457
774.60	82.075
774.79	82.642
774.98	82.553
775.16	82.337
775.35	81.884
775.54	81.409
775.73	81.327
775.91	81.928
776.10	82.739
776.29	80.752
776.48	81.164
776.66	81.785
776.85	81.978
777.04	82.508
777.23	82.346
777.41	82.649
777.60	82.600
777.79	81.638
777.97	81.710
778.16	81.499
778.35	82.259
778.54	83.016
778.72	82.361
778.91	81.436
779.10	81.574
779.28	81.678
779.47	82.492
779.66	81.166
779.85	81.520
780.03	82.327
780.22	82.357
780.41	81.980
780.59	82.430
780.78	82.802
780.97	82.980
781.15	82.252
781.34	82.014
781.53	81.895
781.71	82.246
781.90	82.210
782.09	82.603
782.27	81.380
782.46	81.542
782.65	81.482
782.84	81.614
783.02	81.802
783.21	81.843
783.40	82.446
783.58	82.253
783.77	82.141
783.96	81.908
784.14	82.504
784.33	81.495
784.52	82.127
784.70	83.043
784.89	82.737
785.07	82.449
785.26	83.255
785.45	81.340
785.63	82.373
785.82	81.835
786.01	82.363
786.19	81.419
786.38	82.608
786.57	82.469
786.75	81.695
786.94	82.678
787.13	82.405
787.31	82.660
787.50	82.533
787.68	82.180
787.87	81.801
788.06	82.725
788.24	82.673
788.43	82.366
788.62	82.644
788.80	82.116
788.99	82.151
789.17	82.136
789.36	82.180
789.55	81.582
789.73	82.414
789.92	82.396
790.10	81.599
790.29	81.945
790.48	82.271
790.66	82.835
790.85	81.939
791.03	81.815
791.22	82.757
791.41	81.987
791.59	81.718
791.78	82.167
791.96	82.771
792.15	82.765
792.34	82.396
792.52	81.972
792.71	82.728
792.89	81.480
793.08	82.781
793.27	82.588
793.45	81.709
793.64	82.822
793.82	82.673
794.01	81.768
794.19	82.196
794.38	81.868
794.57	82.127
794.75	83.366
794.94	81.936
795.12	83.154
795.31	81.844
795.49	82.056
795.68	81.537
795.86	81.288
796.05	82.594
796.24	83.323
796.42	82.821
796.61	82.780
796.79	82.255
796.98	81.652
797.16	82.203
797.35	82.508
797.53	81.570
797.72	82.341
797.90	82.121
798.09	82.345
798.27	82.810
798.46	82.437
798.65	82.045
798.83	82.563
799.02	81.820
799.20	82.679
799.39	82.430
799.57	82.359
799.76	82.204
799.94	81.789
800.13	83.129
800.31	82.188
800.50	82.640
800.68	82.060
800.87	82.520
801.05	83.102
801.24	82.221
801.42	82.353
801.61	82.212
801.79	81.763
801.98	81.045
802.16	82.361
802.35	82.440
802.53	81.574
802.72	82.793
802.90	82.048
803.09	81.977
803.27	82.283
803.46	82.349
803.64	82.325
803.83	82.360
804.01	81.836
804.20	82.925
804.38	82.327
804.56	81.769
804.75	81.982
804.93	82.057
805.12	81.703
805.30	82.386
805.49	82.474
805.67	82.213
805.86	81.564
806.04	82.590
806.23	82.574
806.41	82.712
806.59	82.649
806.78	81.937
806.96	81.801
807.15	82.964
807.33	82.336
807.52	82.145
807.70	82.022
807.89	82.701
808.07	82.920
808.25	81.866
808.44	82.439
808.62	83.290
808.81	82.491
808.99	82.556
809.18	82.663
809.36	81.323
809.54	83.137
809.73	82.395
809.91	82.609
810.10	82.479
810.28	82.023
810.47	82.716
810.65	82.213
810.83	82.858
811.02	82.308
811.20	81.822
811.39	82.052
811.57	82.621
811.75	82.096
811.94	82.426
812.12	82.988
812.31	83.072
812.49	83.088
812.67	82.531
812.86	82.303
813.04	81.532
813.23	82.502
813.41	81.802
813.59	82.648
813.78	82.237
813.96	82.978
814.14	82.583
814.33	82.523
814.51	81.940
814.70	83.120
814.88	82.367
815.06	81.895
815.25	82.605
815.43	82.385
815.61	82.286
815.80	82.932
815.98	82.754
816.16	81.924
816.35	82.454
816.53	83.291
816.72	82.206
816.90	82.331
817.08	82.718
817.27	82.451
817.45	81.950
817.63	82.753
817.82	81.699
818.00	82.490
818.18	81.512
818.37	81.580
818.55	81.948
818.73	82.410
818.92	82.923
819.10	81.851
819.28	82.077
819.47	82.065
819.65	83.306
819.83	82.252
820.02	81.326
820.20	82.343
820.38	82.209
820.57	81.663
820.75	81.700
820.93	82.109
821.11	82.218
821.30	81.606
821.48	82.472
821.66	81.976
821.85	82.060
822.03	82.608
822.21	81.902
822.40	81.758
822.58	82.741
822.76	82.547
822.94	82.525
823.13	82.141
823.31	82.447
823.49	82.836
823.68	82.851
823.86	81.748
824.04	82.545
824.22	82.446
824.41	82.084
824.59	82.459
824.77	82.700
824.96	83.223
825.14	82.334
825.32	81.944
825.50	81.530
825.69	82.020
825.87	81.873
826.05	82.652
826.23	81.767
826.42	83.028
826.60	82.537
826.78	81.757
826.96	82.574
827.15	82.287
827.33	81.717
827.51	83.065
827.69	82.430
827.88	81.689
828.06	81.519
828.24	83.848
828.42	83.331
828.61	82.615
828.79	82.711
828.97	82.005
829.15	82.200
829.34	82.558
829.52	82.316
829.70	81.938
829.88	83.017
830.06	83.823
830.25	82.493
830.43	82.040
830.61	82.414
830.79	83.184
830.97	82.922
831.16	82.045
831.34	82.235
831.52	82.236
831.70	81.653
831.89	82.493
832.07	83.081
832.25	83.754
832.43	82.968
832.61	83.000
832.80	81.979
832.98	83.015
833.16	83.144
833.34	82.822
833.52	82.514
833.70	82.951
833.89	82.207
834.07	83.095
834.25	83.079
834.43	82.344
834.61	82.630
834.80	83.543
834.98	81.838
835.16	82.739
835.34	82.543
835.52	83.079
835.70	83.276
835.89	82.740
836.07	82.814
836.25	83.992
836.43	82.689
836.61	82.523
836.79	81.864
836.97	82.702
837.16	83.448
837.34	81.659
837.52	83.262
837.70	82.525
837.88	81.942
838.06	83.052
838.24	83.102
838.43	83.496
838.61	81.908
838.79	81.960
838.97	82.764
839.15	81.989
839.33	82.529
839.51	82.435
839.70	82.148
839.88	83.039
840.06	83.356
840.24	82.032
840.42	84.426
840.60	82.983
840.78	82.350
840.96	81.959
841.14	82.415
841.33	83.718
841.51	82.709
841.69	82.992
841.87	82.672
842.05	82.763
842.23	82.093
842.41	82.223
842.59	82.403
842.77	82.344
842.95	82.214
843.14	84.150
843.32	83.442
843.50	83.224
843.68	82.175
843.86	83.657
844.04	83.670
844.22	83.467
844.40	84.179
844.58	82.314
844.76	82.491
844.94	82.141
845.12	83.457
845.30	82.373
845.49	83.296
845.67	83.258
845.85	83.661
846.03	82.059
846.21	82.143
846.39	82.614
846.57	83.542
846.75	81.685
846.93	82.860
847.11	81.700
847.29	82.050
847.47	83.647
847.65	83.437
847.83	83.145
848.01	82.480
848.19	82.480
848.37	83.183
848.55	81.557
848.73	82.295
848.91	82.034
849.09	82.598
849.27	82.285
849.46	82.495
849.64	83.625
849.82	81.966
850.00	81.938
850.18	82.525
850.36	82.841
850.54	82.493
850.72	84.254
850.90	82.774
851.08	82.874
851.26	83.265
851.44	82.871
851.62	82.611
851.80	82.480
851.98	81.908
852.16	83.857
852.34	83.638
852.52	82.581
852.70	82.363
852.88	83.097
853.06	82.566
853.24	83.365
853.42	82.770
853.60	82.079
853.78	83.418
853.96	83.340
854.14	82.749
854.31	82.581
854.49	83.745
854.67	82.812
854.85	83.984
855.03	82.035
855.21	83.578
855.39	81.679
855.57	83.277
855.75	82.783
855.93	82.807
856.11	82.358
856.29	83.267
856.47	83.219
856.65	83.011
856.83	83.062
857.01	82.279
857.19	82.597
857.37	81.691
857.55	82.872
857.73	83.239
857.91	82.722
858.09	82.612
858.26	83.714
858.44	82.952
858.62	83.475
858.80	82.595
858.98	82.813
859.16	83.109
859.34	83.973
859.52	82.457
859.70	81.396
859.88	83.718
860.06	82.751
860.24	82.941
860.42	82.436
860.59	82.133
860.77	82.878
860.95	83.675
861.13	82.465
861.31	81.659
861.49	82.990
861.67	82.968
861.85	82.194
862.03	82.713
862.21	82.592
862.38	82.127
862.56	82.470
862.74	83.308
862.92	82.473
863.10	82.270
863.28	82.328
863.46	82.218
863.64	82.640
863.82	83.126
863.99	82.408
864.17	83.104
864.35	83.179
864.53	82.190
864.71	82.508
864.89	82.897
865.07	82.585
865.24	83.128
865.42	83.719
865.60	83.700
865.78	82.564
865.96	82.325
866.14	83.111
866.32	85.065
866.49	82.592
866.67	83.402
866.85	83.521
867.03	83.207
867.21	82.120
867.39	82.856
867.56	82.579
867.74	82.799
867.92	82.548
868.10	82.032
868.28	84.212
868.46	83.172
868.63	84.253
868.81	83.027
868.99	82.351
869.17	83.938
869.35	82.936
869.53	82.142
869.70	82.746
869.88	82.543
870.06	83.412
870.24	82.584
870.42	82.871
870.59	82.109
870.77	82.439
870.95	83.331
871.13	84.054
871.31	83.354
871.48	83.738
871.66	82.999
871.84	83.992
872.02	83.205
872.20	83.418
872.37	83.003
872.55	82.770
872.73	82.833
872.91	83.494
873.08	82.754
873.26	82.304
873.44	83.341
873.62	83.427
873.80	82.521
873.97	83.248
874.15	82.801
874.33	83.052
874.51	81.779
874.68	83.282
874.86	84.382
875.04	82.442
875.22	84.408
875.39	83.093
875.57	82.261
875.75	82.558
875.93	83.817
876.10	82.382
876.28	84.698
876.46	83.384
876.64	83.141
876.81	82.474
876.99	84.071
877.17	83.090
877.35	83.648
877.52	81.177
877.70	83.195
877.88	82.561
878.06	83.313
878.23	84.105
878.41	83.299
878.59	82.410
878.76	82.553
878.94	83.367
879.12	82.663
879.30	82.665
879.47	82.053
879.65	82.373
879.83	84.006
880.00	83.740
880.18	81.825
880.36	83.252
880.53	82.522
880.71	82.580
880.89	83.535
881.07	84.315
881.24	83.624
881.42	83.264
881.60	82.232
881.77	82.843
881.95	83.045
882.13	82.801
882.30	83.418
882.48	83.837
882.66	83.857
882.83	83.636
883.01	84.244
883.19	82.352
883.36	81.840
883.54	82.149
883.72	83.634
883.89	83.742
884.07	84.095
884.25	83.387
884.42	84.490
884.60	81.665
884.78	83.968
884.95	82.223
885.13	81.919
885.31	83.135
885.48	81.848
885.66	83.912
885.84	83.109
886.01	82.985
886.19	83.054
886.36	83.326
886.54	82.596
886.72	82.140
886.89	84.364
887.07	82.316
887.25	83.826
887.42	82.118
887.60	82.862
887.78	83.574
887.95	83.248
888.13	83.160
888.30	83.353
888.48	83.193
888.66	83.561
888.83	83.144
889.01	83.985
889.18	82.904
889.36	82.614
889.54	82.887
889.71	83.397
889.89	84.152
890.06	83.301
890.24	83.644
890.42	84.354
890.59	84.675
890.77	83.656
890.94	82.997
891.12	84.165
891.30	81.992
891.47	82.867
891.65	85.092
891.82	83.114
892.00	84.057
892.17	82.758
892.35	83.120
892.53	82.952
892.70	83.401
892.88	84.728
893.05	82.215
893.23	82.123
893.40	84.949
893.58	83.069
893.75	83.761
893.93	82.906
894.11	83.869
894.28	83.211
894.46	82.274
894.63	83.588
894.81	83.235
894.98	83.371
895.16	82.487
895.33	83.798
895.51	84.983
895.68	83.974
895.86	83.719
896.04	82.472
896.21	83.271
896.39	82.457
896.56	81.632
896.74	84.185
896.91	82.372
897.09	83.345
897.26	82.703
897.44	82.498
897.61	82.539
897.79	84.071
897.96	83.007
898.14	82.217
898.31	83.115
898.49	82.577
898.66	82.656
898.84	83.023
899.01	84.638
899.19	82.909
899.36	82.339
899.54	83.931
899.71	83.908
899.89	81.422
900.06	82.118
900.24	83.478
900.41	84.276
900.59	82.936
900.76	83.538
900.94	85.031
901.11	82.736
901.29	82.676
901.46	83.224
901.63	84.176
901.81	82.817
901.98	83.250
902.16	84.178
902.33	82.801
902.51	83.462
902.68	83.572
902.86	84.071
903.03	82.580
903.21	82.837
903.38	83.951
903.56	82.171
903.73	83.224
903.90	84.120
904.08	83.976
904.25	83.863
904.43	82.866
904.60	83.531
904.78	83.450
904.95	83.840
905.12	85.261
905.30	82.943
905.47	83.317
905.65	85.052
905.82	83.134
906.00	83.683
906.17	84.127
906.34	82.898
906.52	83.250
906.69	82.942
906.87	84.144
907.04	83.967
907.21	83.118
907.39	82.278
907.56	83.583
907.74	84.050
907.91	83.767
908.08	84.217
908.26	82.520
908.43	83.334
908.61	83.427
908.78	82.844
908.95	83.022
909.13	83.371
909.30	84.404
909.48	84.263
909.65	82.745
909.82	84.306
910.00	84.361
910.17	83.240
910.34	86.548
910.52	82.906
910.69	84.503
910.87	82.664
911.04	83.450
911.21	83.534
911.39	85.333
911.56	84.485
911.73	84.345
911.91	83.144
912.08	84.376
912.25	84.174
912.43	85.974
912.60	82.554
912.77	84.405
912.95	82.988
913.12	83.090
913.29	82.455
913.47	82.713
913.64	85.633
913.81	83.069
913.99	84.689
914.16	84.017
914.33	84.572
914.51	84.135
914.68	82.836
914.85	83.307
915.03	84.891
915.20	84.472
915.37	83.538
915.55	84.149
915.72	82.350
915.89	83.974
916.07	83.837
916.24	84.386
916.41	83.606
916.59	85.117
916.76	83.149
916.93	84.235
917.10	83.909
917.28	82.660
917.45	82.594
917.62	82.734
917.80	82.924
917.97	83.185
918.14	84.561
918.31	84.487
918.49	85.113
918.66	83.638
918.83	83.803
919.01	83.533
919.18	82.970
919.35	83.718
919.52	82.398
919.70	82.821
919.87	84.044
920.04	83.107
920.21	82.246
920.39	83.021
920.56	83.949
920.73	82.673
920.90	83.987
921.08	82.487
921.25	83.976
921.42	84.883
921.59	84.103
921.77	83.788
921.94	83.609
922.11	82.295
922.28	83.313
922.46	84.413
922.63	84.178
922.80	84.033
922.97	83.863
923.15	83.428
923.32	84.515
923.49	82.195
923.66	84.238
923.83	82.840
924.01	83.648
924.18	82.204
924.35	83.336
924.52	82.309
924.69	82.894
924.87	83.599
925.04	82.769
925.21	83.253
925.38	84.081
925.55	84.498
925.73	83.317
925.90	85.025
926.07	84.163
926.24	81.881
926.41	85.806
926.59	82.821
926.76	82.949
926.93	83.120
927.10	82.996
927.27	84.043
927.45	84.967
927.62	82.259
927.79	81.172
927.96	82.522
928.13	82.034
928.30	83.374
928.48	81.558
928.65	83.385
928.82	82.262
928.99	82.556
929.16	85.385
929.33	82.690
929.50	81.164
929.68	82.937
929.85	83.079
930.02	85.257
930.19	83.630
930.36	85.259
930.53	83.023
930.70	83.339
930.88	82.016
931.05	83.370
931.22	84.851
931.39	83.960
931.56	84.598
931.73	81.941
931.90	83.019
932.08	84.268
932.25	84.482
932.42	81.530
932.59	82.781
932.76	83.924
932.93	81.898
933.10	85.014
933.27	82.724
933.44	84.194
933.62	82.093
933.79	81.438
933.96	82.752
934.13	83.234
934.30	84.332
934.47	84.148
934.64	84.044
934.81	85.909
934.98	84.025
935.15	83.533
935.32	81.163
935.50	82.802
935.67	84.342
935.84	83.802
936.01	85.582
936.18	83.591
936.35	83.067
936.52	83.101
936.69	84.694
936.86	84.377
937.03	81.613
937.20	82.115
937.37	84.982
937.54	82.166
937.71	84.906
937.89	85.053
938.06	79.528
938.23	86.088
938.40	79.719
938.57	84.518
938.74	82.796
938.91	83.052
939.08	82.725
939.25	80.469
939.42	85.770
939.59	84.510
939.76	79.705
939.93	82.982
940.10	79.528
940.27	83.207
940.44	82.138
940.61	81.448
940.78	77.276
940.95	82.059
941.12	85.136
941.29	80.370
941.46	84.509
941.63	78.965
941.80	89.003
941.97	81.306
942.14	83.303
942.31	83.959
942.48	85.394
942.65	82.005
942.82	81.772
942.99	88.388
943.16	77.257
943.33	84.254
943.50	82.918
943.67	83.319
943.84	83.606
944.01	81.878
944.18	78.819
944.35	82.208
944.52	83.649
944.69	83.701
944.86	86.657
945.03	81.999
945.20	84.811
945.37	80.565
945.54	80.808
945.71	87.732
945.88	78.811
946.05	81.844
946.22	81.121
946.39	81.887
946.56	85.575
946.73	80.992
946.90	86.055
947.07	85.251
947.23	79.235
947.40	80.805
947.57	86.789
947.74	84.957
947.91	79.596
948.08	84.343
948.25	80.218
948.42	79.465
948.59	83.598
948.76	83.245
948.93	84.491
949.10	78.352
949.27	87.196
949.44	80.638
949.60	79.125
949.77	78.972
949.94	82.003
950.11	82.971
950.28	83.554
950.45	84.653
950.62	81.459
950.79	81.802
950.96	77.598
951.13	80.887
951.30	82.540
951.46	76.529
951.63	80.907
951.80	82.007
951.97	84.406
952.14	81.800
952.31	80.813
952.48	85.153
952.65	83.790
952.81	76.790
952.98	80.555
953.15	81.613
953.32	82.397
953.49	82.084
953.66	87.652
953.83	79.082
954.00	78.736
954.16	78.993
954.33	83.267
954.50	83.066
954.67	87.761
954.84	80.249
955.01	79.647
955.18	81.265
955.34	83.667
955.51	85.909
955.68	84.010
955.85	82.814
956.02	85.064
956.19	81.953
956.35	81.666
956.52	81.132
956.69	82.976
956.86	81.767
957.03	80.950
957.20	79.686
957.36	81.243
957.53	77.942
957.70	84.137
957.87	79.471
958.04	81.527
958.21	82.732
958.37	81.628
958.54	84.370
958.71	78.534
958.88	81.412
959.05	82.815
959.21	81.262
959.38	81.898
959.55	79.957
959.72	81.471
959.89	84.466
960.05	83.852
960.22	82.689
960.39	82.986
960.56	83.917
960.72	83.359
960.89	83.222
961.06	84.293
961.23	82.730
961.40	83.841
961.56	81.104
961.73	83.374
961.90	82.120
962.07	80.016
962.23	80.156
962.40	80.594
962.57	80.314
962.74	82.336
962.90	78.720
963.07	84.044
963.24	85.778
963.41	82.741
963.57	85.093
963.74	81.290
963.91	85.208
964.08	81.956
964.24	81.435
964.41	81.218
964.58	80.442
964.75	79.333
964.91	83.822
965.08	81.325
965.25	83.259
965.42	83.690
965.58	85.142
965.75	84.064
965.92	82.885
966.08	80.736
966.25	84.570
966.42	83.438
966.59	81.867
966.75	84.824
966.92	85.408
967.09	80.922
967.25	79.805
967.42	83.201
967.59	82.827
967.75	86.259
967.92	83.499
968.09	85.597
968.26	82.198
968.42	78.298
968.59	82.099
968.76	85.918
968.92	80.718
969.09	78.426
969.26	82.658
969.42	84.852
969.59	83.800
969.76	81.544
969.92	83.770
970.09	82.400
970.26	81.889
970.42	82.102
970.59	79.700
970.76	79.314
970.92	83.080
971.09	82.940
971.26	81.734
971.42	83.230
971.59	83.720
971.76	80.156
971.92	82.367
972.09	82.851
972.25	82.371
972.42	83.039
972.59	87.043
972.75	87.869
972.92	82.763
973.09	82.077
973.25	82.012
973.42	79.259
973.58	79.669
973.75	83.896
973.92	81.873
974.08	84.767
974.25	83.788
974.42	80.684
974.58	80.746
974.75	83.031
974.91	83.204
975.08	83.314
975.25	83.353
975.41	86.197
975.58	83.241
975.74	81.818
975.91	83.761
976.08	84.052
976.24	83.639
976.41	80.066
976.57	82.717
976.74	83.173
976.91	82.790
977.07	82.477
977.24	81.248
977.40	88.127
977.57	79.079
977.73	83.760
977.90	81.757
978.07	83.491
978.23	83.907
978.40	83.847
978.56	86.693
978.73	85.045
978.89	80.194
979.06	80.711
979.22	80.350
979.39	83.143
979.56	83.946
979.72	83.806
979.89	84.531
980.05	83.410
980.22	80.797
980.38	84.061
980.55	86.036
980.71	83.783
980.88	83.053
981.04	82.331
981.21	81.339
981.37	84.512
981.54	81.373
981.70	81.219
981.87	80.845
982.04	85.239
982.20	82.643
982.37	80.636
982.53	83.590
982.70	82.254
982.86	85.276
983.03	79.681
983.19	86.091
983.36	84.113
983.52	84.075
983.69	83.925
983.85	81.465
984.02	82.477
984.18	84.279
984.35	84.337
984.51	79.954
984.68	81.548
984.84	85.651
985.00	80.115
985.17	83.085
985.33	82.121
985.50	79.580
985.66	82.719
985.83	82.442
985.99	82.890
986.16	79.986
986.32	78.321
986.49	77.995
986.65	83.082
986.82	80.956
986.98	82.211
987.15	80.348
987.31	79.507
987.47	83.183
987.64	79.804
987.80	81.337
987.97	85.810
988.13	85.719
988.30	82.802
988.46	81.821
988.63	86.183
988.79	82.106
988.95	83.417
989.12	79.586
989.28	82.320
989.45	83.787
989.61	81.667
989.77	85.031
989.94	79.021
990.10	83.159
990.27	84.136
990.43	88.564
990.60	85.948
990.76	80.925
990.92	84.264
991.09	83.240
991.25	85.236
991.42	80.827
991.58	82.063
991.74	83.597
991.91	83.977
992.07	84.918
992.24	82.427
992.40	84.883
992.56	80.740
992.73	79.507
992.89	82.832
993.05	82.226
993.22	82.149
993.38	80.985
993.55	84.580
993.71	76.726
993.87	82.802
994.04	78.129
994.20	81.213
994.36	82.743
994.53	84.331
994.69	76.727
994.85	79.959
995.02	80.693
995.18	81.761
995.34	86.918
995.51	81.620
995.67	80.623
995.84	88.200
996.00	80.776
996.16	83.854
996.33	79.101
996.49	81.563
996.65	87.512
996.82	86.067
996.98	87.289
997.14	84.239
997.31	84.259
997.47	84.654
997.63	84.708
997.79	82.996
997.96	79.367
998.12	81.247
998.28	81.924
998.45	81.532
998.61	79.094
998.77	83.559
998.94	73.893
999.10	87.149
999.26	80.636
999.43	75.936
999.59	83.807
999.75	81.441
999.91	82.664
1000.08	80.456
1000.24	88.134
1000.40	84.245
1000.57	80.516
1000.73	80.983
1000.89	85.486
1001.05	83.615
1001.22	84.125
1001.38	83.351
1001.54	87.212
1001.70	81.410
1001.87	82.074
1002.03	77.179
1002.19	77.927
1002.35	80.924
1002.52	85.913
1002.68	90.385
1002.84	82.482
1003.00	77.252
1003.17	86.268
1003.33	86.442
1003.49	76.567
1003.65	83.218
1003.82	82.327
1003.98	80.809
1004.14	71.511
1004.30	84.900
1004.47	84.562
1004.63	79.829
1004.79	84.881
1004.95	80.818
1005.11	77.343
1005.28	82.379
1005.44	86.933
1005.60	86.393
1005.76	86.283
1005.93	86.575
1006.09	78.944
1006.25	87.709
1006.41	86.099
1006.57	85.395
1006.74	94.076
1006.90	76.362
1007.06	76.775
1007.22	77.456
1007.38	81.971
1007.55	82.951
1007.71	90.157
1007.87	76.836
1008.03	83.883
1008.19	78.776
1008.35	80.687
1008.52	85.966
1008.68	82.179
1008.84	82.620
1009.00	82.771
1009.16	79.093
1009.32	76.407
1009.49	80.415
1009.65	78.647
1009.81	80.194
1009.97	80.896
1010.13	79.372
1010.29	74.922
1010.46	84.615
1010.62	79.468
1010.78	79.972
1010.94	70.836
1011.10	87.377
1011.26	85.905
1011.42	73.702
1011.59	81.024
1011.75	87.679
1011.91	89.574
1012.07	87.223
1012.23	74.224
1012.39	81.410
1012.55	82.543
1012.71	80.325
1012.88	84.863
1013.04	80.678
1013.20	81.353
1013.36	76.215
1013.52	82.457
1013.68	89.098
1013.84	88.602
1014.00	77.308
1014.16	88.707
1014.33	75.508
1014.49	81.798
1014.65	91.224
1014.81	93.523
1014.97	87.628
1015.13	80.741
1015.29	77.786
1015.45	80.205
1015.61	71.566
1015.77	82.407
1015.93	86.746
1016.09	83.504
1016.26	79.510
1016.42	82.864
1016.58	81.341
1016.74	87.668
1016.90	81.577
1017.06	92.928
1017.22	87.079
1017.38	78.542
1017.54	80.125
1017.70	78.691
1017.86	82.022
1018.02	86.721
1018.18	86.808
1018.34	86.073
1018.50	86.345
1018.66	79.882
1018.82	77.745
1018.98	98.037
1019.14	87.315
1019.31	80.639
1019.47	89.609
1019.63	76.923
1019.79	90.010
1019.95	76.226
1020.11	86.419
1020.27	86.134
1020.43	84.830
1020.59	97.225
1020.75	75.545
1020.91	87.050
1021.07	98.719
1021.23	81.693
1021.39	76.706
1021.55	76.865
1021.71	80.990
1021.87	84.739
1022.03	74.973
1022.19	82.041
1022.35	73.488
1022.51	76.849
1022.67	71.476
1022.83	80.510
1022.99	73.460
1023.15	91.538
1023.31	79.257
1023.47	91.502
1023.63	69.377
1023.79	79.338
1023.95	92.744
1024.10	85.622
1024.26	71.864
1024.42	76.682
1024.58	77.753
1024.74	83.234
1024.90	77.954
1025.06	89.975
1025.22	87.077
1025.38	74.578
1025.54	93.116
1025.70	66.667
1025.86	73.579
1026.02	85.580
1026.18	85.241
1026.34	89.624
1026.50	60.349
1026.66	77.845
1026.82	72.210
1026.98	78.065
1027.13	77.489
1027.29	81.753
1027.45	77.211
1027.61	83.268
1027.77	72.427
1027.93	85.349
1028.09	60.366
1028.25	76.956
1028.41	82.581
1028.57	90.128
1028.73	76.697
1028.88	70.199
1029.04	65.337
1029.20	79.708
1029.36	77.957
1029.52	73.042
1029.68	89.915
1029.84	89.109
1030.00	87.421
1030.16	80.000
1030.32	68.989
1030.47	85.047
1030.63	75.889
1030.79	77.869
1030.95	69.399
1031.11	69.371
1031.27	60.606
1031.43	69.676
1031.59	89.852
1031.74	86.400
1031.90	90.778
1032.06	70.561
1032.22	63.450
1032.38	83.005
1032.54	61.742
1032.69	63.039
1032.85	76.630
1033.01	71.646
1033.17	74.488
1033.33	80.451
1033.49	110.496
1033.65	87.013
1033.80	78.755
1033.96	62.546
1034.12	98.039
1034.28	79.475
1034.44	73.723
1034.60	69.033
1034.75	102.830
1034.91	79.930
1035.07	94.213
1035.23	80.319
1035.39	84.296
1035.54	69.154
1035.70	73.876
1035.86	73.077
1036.02	57.096
1036.18	68.924
1036.33	82.890
1036.49	75.429
1036.65	74.346
1036.81	79.777
1036.97	71.186
1037.12	103.340
1037.28	81.208
1037.44	77.363
1037.60	67.161
1037.76	78.925
1037.91	80.453
1038.07	94.856
1038.23	75.240
1038.39	64.047
1038.54	58.014
1038.70	106.614
1038.86	93.487
1039.02	52.826
1039.17	74.000
1039.33	68.382
1039.49	92.717
1039.65	76.457
1039.80	83.122
1039.96	61.359
1040.12	83.175
1040.28	62.939
>>>>> Data<<<<< Espectral Procesado Extremo
