Fichero De Datos De SpectraSuite
++++++++++++++++++++++++++++++++++++
Fecha: Wed Jul 15 08:11:53 CST 2026
Usuario: HP
Presente Oscuro Del Espectro: Sí
La Referencia de Presente Del Espectro De: Sí
Muestreados de los componentes de Número de espectros: 1
Espectrómetros: USB4H06056
Tiempo de integración (usec): 300000 (USB4H06056)
Promedio de Espectros Hechos un: 5 (USB4H06056)
El Alisar Del Furgón: 0 (USB4H06056)
Párrafo de de Corregir del la del del de Eléctrica del obscuridad: No (USB4H06056)
Estrobo/Lámpara Permitido: No (USB4H06056)
Correct for Detector Non-linearity: No (USB4H06056)
Párrafo de de Corregir del la del del de Externa del luz: No (USB4H06056)
Procesado del espectro de Número de pixeles en: 3648
>>>>> Comienza Data<<<<< Espectral Procesado Del EL
345.09	-106.250
345.30	-106.250
345.52	-106.250
345.74	140.000
345.95	71.852
346.17	105.455
346.39	-169.231
346.60	259.375
346.82	-104.545
347.04	-333.333
347.25	196.296
347.47	933.333
347.69	-249.020
347.90	140.000
348.12	-229.825
348.34	146.154
348.56	-117.949
348.77	136.364
348.99	2100.000
349.21	-56.842
349.42	210.714
349.64	54.839
349.86	-37.838
350.07	19.653
350.29	-46.154
350.51	109.091
350.72	74.603
350.94	39.759
351.16	124.468
351.37	10.744
351.59	-3400.000
351.81	49.206
352.02	58.621
352.24	-245.161
352.46	-128.358
352.67	10.959
352.89	-35.000
353.10	-74.026
353.32	-33.000
353.54	-10.577
353.75	8.475
353.97	1000.000
354.19	-41.667
354.40	1900.000
354.62	33.758
354.84	13.218
355.05	254.545
355.27	-336.000
355.49	-56.383
355.70	-10.185
355.92	-95.946
356.14	-7.285
356.35	-14.286
356.57	-65.000
356.78	-567.500
357.00	-40.845
357.22	-900.000
357.43	65.179
357.65	-455.000
357.87	900.000
358.08	6.358
358.30	1.351
358.51	8.108
358.73	42.105
358.95	-18.824
359.16	41.414
359.38	23.684
359.60	-67.123
359.81	74.194
360.03	-111.111
360.24	46.512
360.46	4.000
360.68	-270.000
360.89	-53.012
361.11	-10.309
361.33	-11.290
361.54	-58.904
361.76	-69.643
361.97	65.854
362.19	97.531
362.41	180.519
362.62	-128.261
362.84	-71.134
363.05	163.441
363.27	-101.031
363.49	-35.937
363.70	-102.326
363.92	-55.469
364.13	-4.615
364.35	19.394
364.57	-466.667
364.78	-211.111
365.00	291.429
365.21	-17.241
365.43	30.392
365.65	-255.556
365.86	76.364
366.08	229.167
366.29	8.054
366.51	-13.675
366.73	-102.113
366.94	9.249
367.16	-36.957
367.37	-31.579
367.59	-167.187
367.80	95.522
368.02	42.446
368.24	-73.394
368.45	-5.294
368.67	-89.855
368.88	-125.926
369.10	30.808
369.31	-143.750
369.53	64.000
369.75	9.783
369.96	55.000
370.18	-281.633
370.39	4.800
370.61	-2.128
370.82	11.852
371.04	-140.000
371.26	48.780
371.47	3.371
371.69	428.070
371.90	-96.000
372.12	-46.465
372.33	30.000
372.55	44.203
372.76	92.453
372.98	-5.263
373.20	-6333.333
373.41	-12.069
373.63	-10.656
373.84	-54.545
374.06	41.905
374.27	-6.667
374.49	41.096
374.70	-15.217
374.92	-41.748
375.13	-56.701
375.35	17.105
375.57	12.810
375.78	110.588
376.00	-10.345
376.21	-56.557
376.43	55.238
376.64	20.690
376.86	-303.333
377.07	-19.130
377.29	-74.699
377.50	-38.043
377.72	3.448
377.93	59.859
378.15	-75.862
378.36	36.126
378.58	31.227
378.80	-666.667
379.01	41.489
379.23	-13.514
379.44	-24.000
379.66	-3.261
379.87	-14.615
380.09	44.898
380.30	-49.383
380.52	-52.174
380.73	-40.230
380.95	39.024
381.16	-15.217
381.38	-80.000
381.59	9.859
381.81	12.593
382.02	-8.290
382.24	66.477
382.45	33.333
382.67	-102.899
382.88	27.717
383.10	42.384
383.31	2.532
383.53	23.944
383.74	-27.604
383.96	17.098
384.17	54.762
384.39	51.311
384.60	57.965
384.82	21.481
385.03	23.162
385.25	-52.174
385.46	3.906
385.68	22.374
385.89	-58.883
386.11	57.746
386.32	4.265
386.54	44.907
386.75	33.333
386.97	33.333
387.18	34.703
387.40	5.983
387.61	-50.303
387.83	37.736
388.04	-3.571
388.25	29.787
388.47	0.000
388.68	-23.600
388.90	-93.578
389.11	30.736
389.33	200.000
389.54	28.814
389.76	53.731
389.97	10.502
390.19	42.353
390.40	-13.878
390.62	28.743
390.83	10.042
391.05	28.485
391.26	-34.127
391.47	25.974
391.69	56.000
391.90	12.621
392.12	26.198
392.33	6.701
392.55	20.000
392.76	-42.361
392.98	-5.102
393.19	18.932
393.41	4.494
393.62	-55.357
393.83	40.000
394.05	27.946
394.26	4.215
394.48	-27.404
394.69	23.050
394.91	29.572
395.12	17.227
395.34	24.927
395.55	31.441
395.76	-51.402
395.98	27.586
396.19	46.992
396.41	64.202
396.62	26.389
396.84	12.838
397.05	31.875
397.26	10.811
397.48	-15.546
397.69	0.966
397.91	-10.345
398.12	67.143
398.33	13.757
398.55	4.167
398.76	48.921
398.98	-9.317
399.19	12.602
399.41	-26.524
399.62	18.868
399.83	-7.724
400.05	18.713
400.26	16.491
400.48	36.437
400.69	27.011
400.90	37.321
401.12	17.692
401.33	15.166
401.55	8.387
401.76	12.766
401.97	-32.338
402.19	0.321
402.40	40.580
402.62	10.105
402.83	12.587
403.04	-30.932
403.26	54.264
403.47	26.404
403.69	-26.740
403.90	5.618
404.11	36.957
404.33	38.889
404.54	9.870
404.76	3.041
404.97	32.432
405.18	7.143
405.40	33.167
405.61	47.241
405.83	22.947
406.04	25.121
406.25	10.602
406.47	10.899
406.68	6.375
406.89	47.312
407.11	22.606
407.32	26.842
407.54	23.944
407.75	37.158
407.96	34.470
408.18	14.692
408.39	22.424
408.60	33.415
408.82	8.635
409.03	18.428
409.24	32.734
409.46	-2.083
409.67	-17.485
409.89	24.843
410.10	33.269
410.31	25.322
410.53	35.492
410.74	15.582
410.95	6.783
411.17	32.517
411.38	18.727
411.59	31.356
411.81	13.823
412.02	14.474
412.23	28.017
412.45	18.103
412.66	8.041
412.87	14.835
413.09	12.839
413.30	17.361
413.51	32.024
413.73	33.858
413.94	10.307
414.15	26.878
414.37	13.904
414.58	23.617
414.79	6.735
415.01	28.092
415.22	16.324
415.43	18.389
415.65	14.508
415.86	14.307
416.07	13.019
416.29	10.811
416.50	12.147
416.71	18.194
416.93	18.329
417.14	17.908
417.35	9.608
417.57	8.780
417.78	20.694
417.99	-1.578
418.21	16.348
418.42	14.303
418.63	19.891
418.85	18.410
419.06	6.532
419.27	21.589
419.48	23.653
419.70	10.649
419.91	10.567
420.12	15.270
420.34	4.238
420.55	6.397
420.76	20.873
420.98	1.860
421.19	7.337
421.40	1.610
421.61	1.498
421.83	12.081
422.04	18.228
422.25	5.639
422.47	18.125
422.68	13.509
422.89	11.401
423.11	3.935
423.32	18.099
423.53	10.374
423.74	16.985
423.96	12.011
424.17	5.838
424.38	14.127
424.59	11.172
424.81	15.956
425.02	5.493
425.23	5.455
425.45	9.945
425.66	6.817
425.87	4.868
426.08	9.911
426.30	8.688
426.51	8.489
426.72	7.886
426.93	14.709
427.15	6.371
427.36	8.982
427.57	9.922
427.79	11.354
428.00	9.317
428.21	-0.198
428.42	3.177
428.64	6.596
428.85	8.610
429.06	9.975
429.27	7.872
429.49	13.094
429.70	17.076
429.91	7.251
430.12	9.519
430.34	8.034
430.55	8.136
430.76	11.845
430.97	15.605
431.19	7.560
431.40	9.449
431.61	6.661
431.82	12.483
432.03	10.184
432.25	12.053
432.46	6.996
432.67	6.712
432.88	7.439
433.10	9.934
433.31	9.643
433.52	10.047
433.73	8.007
433.95	11.732
434.16	15.813
434.37	5.627
434.58	6.892
434.79	11.309
435.01	9.731
435.22	12.242
435.43	13.101
435.64	7.152
435.86	9.490
436.07	7.374
436.28	9.287
436.49	6.708
436.70	11.205
436.92	12.183
437.13	7.339
437.34	10.223
437.55	7.015
437.76	8.262
437.98	6.605
438.19	7.321
438.40	9.772
438.61	9.993
438.82	7.831
439.04	9.201
439.25	8.643
439.46	11.959
439.67	10.825
439.88	7.827
440.10	6.966
440.31	9.230
440.52	8.182
440.73	5.021
440.94	9.524
441.16	6.609
441.37	4.759
441.58	11.420
441.79	9.393
442.00	9.763
442.21	8.483
442.43	9.389
442.64	11.064
442.85	9.031
443.06	7.270
443.27	7.865
443.48	8.783
443.70	8.762
443.91	9.803
444.12	8.896
444.33	7.167
444.54	10.384
444.75	9.416
444.97	12.653
445.18	10.182
445.39	9.696
445.60	7.533
445.81	5.027
446.02	8.622
446.24	8.970
446.45	7.147
446.66	7.195
446.87	5.591
447.08	8.905
447.29	10.153
447.51	7.905
447.72	8.211
447.93	8.262
448.14	9.044
448.35	10.755
448.56	6.927
448.77	10.138
448.99	11.308
449.20	8.020
449.41	9.894
449.62	11.023
449.83	6.968
450.04	7.851
450.25	8.333
450.46	6.802
450.68	8.354
450.89	9.297
451.10	10.015
451.31	11.597
451.52	9.538
451.73	9.573
451.94	8.165
452.15	9.783
452.37	9.586
452.58	9.306
452.79	8.832
453.00	8.840
453.21	8.224
453.42	11.356
453.63	8.463
453.84	9.816
454.06	11.684
454.27	10.285
454.48	9.366
454.69	11.065
454.90	9.679
455.11	11.873
455.32	7.310
455.53	12.249
455.74	8.759
455.95	12.908
456.17	9.087
456.38	9.952
456.59	10.877
456.80	8.265
457.01	8.684
457.22	6.624
457.43	10.857
457.64	9.471
457.85	9.261
458.06	10.696
458.27	9.957
458.49	9.198
458.70	7.315
458.91	7.731
459.12	9.344
459.33	9.733
459.54	9.583
459.75	10.195
459.96	9.761
460.17	9.963
460.38	11.668
460.59	8.767
460.80	8.153
461.01	11.483
461.23	8.638
461.44	10.027
461.65	9.710
461.86	9.745
462.07	13.307
462.28	7.732
462.49	9.597
462.70	11.344
462.91	11.783
463.12	8.626
463.33	11.356
463.54	8.460
463.75	10.489
463.96	7.555
464.17	9.762
464.38	9.594
464.59	9.954
464.81	10.697
465.02	9.940
465.23	10.118
465.44	9.789
465.65	8.964
465.86	10.327
466.07	10.071
466.28	10.735
466.49	11.758
466.70	9.221
466.91	10.588
467.12	10.198
467.33	11.070
467.54	11.111
467.75	10.988
467.96	10.475
468.17	9.461
468.38	8.238
468.59	9.398
468.80	11.225
469.01	10.781
469.22	9.935
469.43	10.311
469.64	11.411
469.85	9.682
470.06	8.819
470.27	10.906
470.48	8.181
470.69	8.706
470.90	10.416
471.11	10.488
471.32	8.323
471.53	11.151
471.74	9.268
471.95	10.021
472.16	9.132
472.37	9.584
472.58	10.902
472.79	9.414
473.00	11.607
473.21	10.535
473.42	9.439
473.63	8.875
473.84	10.691
474.05	9.705
474.26	8.812
474.47	8.588
474.68	8.769
474.89	10.796
475.10	10.542
475.31	9.743
475.52	10.456
475.73	8.940
475.94	9.616
476.15	10.338
476.36	10.473
476.57	9.929
476.78	10.189
476.99	11.418
477.20	8.770
477.41	10.554
477.62	11.437
477.83	9.856
478.04	12.913
478.25	9.756
478.46	10.173
478.67	10.088
478.88	10.349
479.09	10.080
479.30	11.619
479.51	10.996
479.72	9.361
479.93	12.970
480.14	10.762
480.35	9.773
480.56	8.967
480.77	10.542
480.98	10.292
481.18	9.366
481.39	10.507
481.60	10.317
481.81	10.488
482.02	12.026
482.23	10.537
482.44	10.307
482.65	10.571
482.86	10.243
483.07	10.273
483.28	10.536
483.49	11.436
483.70	11.089
483.91	10.563
484.12	10.982
484.33	10.670
484.53	10.968
484.74	10.452
484.95	10.731
485.16	10.748
485.37	9.607
485.58	10.251
485.79	9.823
486.00	10.071
486.21	10.679
486.42	10.971
486.63	11.140
486.84	11.500
487.05	10.942
487.25	10.389
487.46	11.276
487.67	11.115
487.88	10.174
488.09	11.211
488.30	10.828
488.51	9.640
488.72	11.743
488.93	11.026
489.14	10.668
489.35	11.638
489.55	10.241
489.76	10.087
489.97	10.074
490.18	10.166
490.39	10.647
490.60	10.516
490.81	10.377
491.02	11.038
491.23	11.088
491.43	10.560
491.64	11.371
491.85	10.842
492.06	10.957
492.27	11.184
492.48	10.037
492.69	11.084
492.90	10.717
493.11	11.156
493.31	10.638
493.52	10.621
493.73	10.703
493.94	10.801
494.15	10.980
494.36	9.791
494.57	11.290
494.78	10.423
494.98	10.957
495.19	10.841
495.40	10.917
495.61	11.068
495.82	10.368
496.03	11.253
496.24	11.074
496.44	10.793
496.65	11.104
496.86	10.711
497.07	11.750
497.28	10.675
497.49	11.099
497.70	10.960
497.90	10.657
498.11	10.745
498.32	11.030
498.53	10.987
498.74	11.384
498.95	11.228
499.15	10.041
499.36	10.815
499.57	11.307
499.78	10.916
499.99	10.425
500.20	10.577
500.40	10.800
500.61	11.324
500.82	11.961
501.03	11.700
501.24	10.828
501.45	11.036
501.65	10.985
501.86	10.970
502.07	11.564
502.28	11.034
502.49	10.215
502.70	11.088
502.90	11.403
503.11	11.338
503.32	10.715
503.53	11.429
503.74	11.353
503.94	11.037
504.15	10.753
504.36	10.802
504.57	11.200
504.78	11.399
504.98	12.014
505.19	11.509
505.40	11.140
505.61	10.517
505.82	11.713
506.02	11.551
506.23	11.768
506.44	11.125
506.65	11.237
506.86	11.187
507.06	11.158
507.27	10.302
507.48	11.667
507.69	11.247
507.90	10.877
508.10	10.891
508.31	11.869
508.52	11.126
508.73	11.858
508.94	10.580
509.14	11.020
509.35	11.550
509.56	11.353
509.77	11.909
509.97	11.225
510.18	11.147
510.39	11.536
510.60	11.382
510.80	11.734
511.01	11.788
511.22	11.301
511.43	11.887
511.64	11.785
511.84	11.916
512.05	11.722
512.26	12.576
512.47	11.223
512.67	11.513
512.88	11.514
513.09	12.078
513.30	12.090
513.50	11.748
513.71	11.737
513.92	10.782
514.13	11.158
514.33	11.757
514.54	12.062
514.75	12.518
514.96	11.055
515.16	11.391
515.37	11.861
515.58	12.094
515.78	11.865
515.99	12.258
516.20	11.572
516.41	11.653
516.61	11.747
516.82	11.917
517.03	12.409
517.24	12.514
517.44	12.169
517.65	11.741
517.86	12.474
518.07	12.956
518.27	12.269
518.48	12.249
518.69	11.621
518.89	12.606
519.10	11.937
519.31	12.507
519.52	12.230
519.72	12.826
519.93	12.420
520.14	12.231
520.34	12.863
520.55	12.759
520.76	12.309
520.96	12.443
521.17	12.981
521.38	13.395
521.59	13.262
521.79	12.794
522.00	13.262
522.21	13.078
522.41	13.514
522.62	13.079
522.83	13.547
523.03	13.232
523.24	12.811
523.45	13.234
523.66	13.521
523.86	13.600
524.07	13.397
524.28	13.356
524.48	13.727
524.69	13.881
524.90	13.655
525.10	13.581
525.31	13.237
525.52	13.724
525.72	13.488
525.93	14.419
526.14	13.478
526.34	14.068
526.55	14.297
526.76	13.691
526.96	14.486
527.17	14.348
527.38	14.376
527.58	14.353
527.79	14.470
528.00	14.323
528.20	14.728
528.41	14.981
528.62	14.678
528.82	14.550
529.03	14.936
529.24	15.371
529.44	14.925
529.65	14.732
529.85	15.087
530.06	15.555
530.27	15.089
530.47	15.227
530.68	15.152
530.89	15.426
531.09	15.168
531.30	15.555
531.51	15.666
531.71	15.061
531.92	15.655
532.13	15.186
532.33	16.016
532.54	15.211
532.74	15.705
532.95	15.707
533.16	16.004
533.36	15.811
533.57	15.721
533.78	15.459
533.98	16.128
534.19	15.803
534.39	15.801
534.60	16.269
534.81	16.225
535.01	16.815
535.22	16.162
535.42	16.577
535.63	16.532
535.84	17.227
536.04	16.297
536.25	16.427
536.45	16.426
536.66	16.253
536.87	17.184
537.07	16.483
537.28	16.946
537.48	16.577
537.69	16.772
537.90	16.580
538.10	15.788
538.31	16.551
538.51	17.364
538.72	17.210
538.93	17.600
539.13	16.995
539.34	16.655
539.54	16.906
539.75	17.266
539.96	17.417
540.16	16.940
540.37	16.864
540.57	17.497
540.78	16.745
540.98	16.974
541.19	17.016
541.40	16.984
541.60	16.943
541.81	17.096
542.01	17.732
542.22	17.380
542.42	17.311
542.63	17.239
542.83	17.187
543.04	17.014
543.25	17.622
543.45	17.673
543.66	17.087
543.86	17.023
544.07	17.715
544.27	17.533
544.48	17.797
544.68	17.464
544.89	17.724
545.10	17.806
545.30	17.464
545.51	17.445
545.71	17.641
545.92	17.404
546.12	17.898
546.33	17.460
546.53	17.750
546.74	18.377
546.94	17.760
547.15	17.655
547.36	17.667
547.56	18.032
547.77	18.251
547.97	17.744
548.18	17.562
548.38	17.814
548.59	18.006
548.79	17.941
549.00	17.652
549.20	18.466
549.41	17.754
549.61	17.842
549.82	17.760
550.02	18.036
550.23	17.418
550.43	17.990
550.64	18.383
550.84	17.618
551.05	18.241
551.25	18.252
551.46	18.413
551.66	17.951
551.87	17.806
552.07	17.933
552.28	17.964
552.48	18.186
552.69	17.942
552.89	18.228
553.10	18.074
553.30	18.309
553.51	18.321
553.71	18.086
553.92	18.734
554.12	17.973
554.33	18.090
554.53	18.357
554.74	18.011
554.94	18.110
555.15	17.906
555.35	18.137
555.56	18.129
555.76	18.104
555.97	17.919
556.17	18.384
556.38	18.317
556.58	18.188
556.78	18.564
556.99	17.829
557.19	18.402
557.40	18.385
557.60	18.175
557.81	17.692
558.01	18.286
558.22	17.758
558.42	18.512
558.63	18.278
558.83	18.077
559.04	18.741
559.24	17.859
559.44	18.235
559.65	18.298
559.85	18.263
560.06	18.252
560.26	18.046
560.47	18.294
560.67	18.204
560.88	18.079
561.08	18.099
561.28	18.344
561.49	18.662
561.69	18.042
561.90	18.529
562.10	18.027
562.31	18.126
562.51	18.170
562.71	18.251
562.92	17.818
563.12	18.096
563.33	17.969
563.53	17.581
563.74	18.110
563.94	17.648
564.14	17.838
564.35	17.833
564.55	17.661
564.76	17.782
564.96	17.577
565.17	17.862
565.37	17.544
565.57	17.662
565.78	17.386
565.98	17.535
566.19	17.834
566.39	17.794
566.59	17.815
566.80	17.851
567.00	17.601
567.21	17.281
567.41	17.282
567.61	16.974
567.82	17.486
568.02	17.114
568.23	17.285
568.43	17.028
568.63	16.303
568.84	17.050
569.04	17.334
569.24	16.718
569.45	16.983
569.65	17.182
569.86	16.894
570.06	16.832
570.26	16.873
570.47	16.753
570.67	16.903
570.87	16.819
571.08	16.719
571.28	16.624
571.49	16.138
571.69	16.609
571.89	16.750
572.10	16.450
572.30	16.186
572.50	16.270
572.71	16.467
572.91	16.078
573.11	16.061
573.32	16.593
573.52	16.130
573.73	16.240
573.93	16.162
574.13	16.155
574.34	15.999
574.54	15.827
574.74	15.760
574.95	15.970
575.15	15.860
575.35	15.530
575.56	15.731
575.76	15.650
575.96	15.627
576.17	15.310
576.37	15.679
576.57	15.728
576.78	15.354
576.98	15.475
577.18	15.255
577.39	15.470
577.59	15.210
577.79	15.398
578.00	15.238
578.20	15.289
578.40	15.025
578.61	15.442
578.81	15.266
579.01	14.529
579.22	15.120
579.42	15.109
579.62	14.970
579.82	14.648
580.03	14.905
580.23	14.749
580.43	14.821
580.64	14.795
580.84	14.847
581.04	14.794
581.25	14.688
581.45	14.724
581.65	14.861
581.86	14.433
582.06	14.835
582.26	14.708
582.46	14.555
582.67	14.766
582.87	15.003
583.07	14.567
583.28	14.602
583.48	14.437
583.68	14.338
583.88	14.206
584.09	14.602
584.29	14.462
584.49	14.250
584.70	14.152
584.90	14.494
585.10	14.411
585.30	14.020
585.51	14.166
585.71	14.350
585.91	13.856
586.11	14.632
586.32	14.237
586.52	13.867
586.72	14.222
586.92	13.936
587.13	13.992
587.33	14.398
587.53	13.985
587.74	13.999
587.94	14.314
588.14	14.127
588.34	13.759
588.55	13.875
588.75	13.704
588.95	13.799
589.15	13.698
589.36	13.656
589.56	13.600
589.76	13.682
589.96	13.480
590.16	13.794
590.37	13.881
590.57	14.208
590.77	13.466
590.97	13.600
591.18	13.763
591.38	13.677
591.58	10.424
591.78	13.683
591.99	13.453
592.19	13.617
592.39	13.471
592.59	12.875
592.79	13.339
593.00	13.602
593.20	13.582
593.40	13.393
593.60	13.672
593.81	13.486
594.01	13.645
594.21	13.557
594.41	13.593
594.61	13.918
594.82	13.075
595.02	13.682
595.22	13.355
595.42	13.483
595.62	13.752
595.83	13.443
596.03	13.469
596.23	13.529
596.43	13.743
596.63	13.365
596.84	13.300
597.04	13.456
597.24	13.520
597.44	13.400
597.64	13.479
597.84	13.431
598.05	13.354
598.25	13.151
598.45	13.788
598.65	13.589
598.85	13.115
599.06	13.664
599.26	13.229
599.46	13.565
599.66	13.430
599.86	13.699
600.06	13.327
600.27	13.180
600.47	13.531
600.67	13.485
600.87	13.058
601.07	13.499
601.27	13.024
601.48	13.390
601.68	13.163
601.88	13.303
602.08	13.291
602.28	13.253
602.48	13.223
602.68	12.685
602.89	13.486
603.09	13.250
603.29	13.149
603.49	13.248
603.69	13.056
603.89	13.511
604.09	13.419
604.30	13.204
604.50	12.938
604.70	12.934
604.90	12.817
605.10	13.235
605.30	13.146
605.50	13.095
605.71	13.131
605.91	12.914
606.11	13.110
606.31	12.990
606.51	12.922
606.71	12.907
606.91	12.892
607.11	13.193
607.32	12.919
607.52	12.953
607.72	13.024
607.92	12.850
608.12	13.389
608.32	13.106
608.52	12.932
608.72	13.133
608.92	13.181
609.12	12.981
609.33	13.197
609.53	13.268
609.73	13.324
609.93	13.083
610.13	12.754
610.33	12.998
610.53	13.115
610.73	13.175
610.93	12.933
611.13	12.940
611.34	13.004
611.54	13.000
611.74	12.852
611.94	13.166
612.14	12.914
612.34	12.797
612.54	12.807
612.74	12.969
612.94	13.096
613.14	12.691
613.34	12.996
613.54	12.610
613.74	12.648
613.95	13.226
614.15	12.988
614.35	12.610
614.55	12.833
614.75	12.665
614.95	12.811
615.15	12.772
615.35	12.909
615.55	12.977
615.75	12.617
615.95	12.732
616.15	12.744
616.35	12.789
616.55	12.687
616.75	12.464
616.95	12.587
617.15	12.605
617.35	12.890
617.56	12.734
617.76	12.273
617.96	12.765
618.16	12.684
618.36	12.167
618.56	12.569
618.76	12.526
618.96	12.817
619.16	12.735
619.36	12.568
619.56	12.443
619.76	12.452
619.96	12.710
620.16	12.545
620.36	12.855
620.56	12.832
620.76	12.331
620.96	12.053
621.16	12.723
621.36	12.495
621.56	12.125
621.76	12.509
621.96	12.465
622.16	12.439
622.36	12.421
622.56	12.481
622.76	12.348
622.96	12.624
623.16	12.185
623.36	12.780
623.56	12.311
623.76	12.364
623.96	12.809
624.16	12.260
624.36	12.519
624.56	12.559
624.76	12.569
624.96	12.735
625.16	12.522
625.36	12.357
625.56	12.599
625.76	12.423
625.96	12.352
626.16	12.426
626.36	12.450
626.56	12.570
626.76	12.336
626.96	12.509
627.16	12.318
627.36	12.357
627.56	12.189
627.76	12.491
627.96	12.515
628.16	12.274
628.36	12.701
628.56	12.263
628.75	12.493
628.95	12.178
629.15	12.367
629.35	12.410
629.55	12.663
629.75	12.421
629.95	12.369
630.15	12.422
630.35	12.473
630.55	12.040
630.75	12.142
630.95	12.270
631.15	12.469
631.35	12.255
631.55	12.143
631.75	12.206
631.95	12.464
632.15	12.388
632.34	12.406
632.54	12.417
632.74	12.250
632.94	12.386
633.14	12.156
633.34	12.353
633.54	12.123
633.74	12.220
633.94	12.146
634.14	12.331
634.34	12.034
634.54	12.343
634.74	12.119
634.93	12.109
635.13	12.433
635.33	12.290
635.53	12.123
635.73	12.337
635.93	12.081
636.13	12.043
636.33	12.153
636.53	12.177
636.73	12.202
636.93	12.481
637.12	12.222
637.32	12.308
637.52	12.026
637.72	11.980
637.92	12.394
638.12	12.260
638.32	12.237
638.52	12.121
638.72	12.051
638.91	11.951
639.11	12.052
639.31	12.006
639.51	12.166
639.71	12.094
639.91	12.159
640.11	12.353
640.31	11.920
640.50	11.839
640.70	11.887
640.90	11.667
641.10	12.139
641.30	11.929
641.50	11.750
641.70	12.176
641.89	12.312
642.09	12.075
642.29	11.771
642.49	12.117
642.69	11.935
642.89	11.733
643.09	11.922
643.28	11.931
643.48	12.026
643.68	11.895
643.88	12.189
644.08	11.800
644.28	11.797
644.48	11.798
644.67	11.667
644.87	11.817
645.07	12.300
645.27	11.996
645.47	11.704
645.67	11.765
645.86	11.773
646.06	11.871
646.26	11.931
646.46	11.751
646.66	11.516
646.85	11.494
647.05	11.519
647.25	11.844
647.45	11.569
647.65	11.609
647.85	11.545
648.04	11.605
648.24	11.756
648.44	11.881
648.64	11.236
648.84	11.593
649.03	11.841
649.23	11.812
649.43	11.596
649.63	11.491
649.83	11.408
650.02	11.547
650.22	11.434
650.42	11.340
650.62	11.796
650.82	11.646
651.01	11.383
651.21	11.484
651.41	11.525
651.61	12.053
651.81	11.659
652.00	11.727
652.20	11.302
652.40	11.788
652.60	11.598
652.79	11.582
652.99	11.540
653.19	11.627
653.39	11.664
653.59	11.750
653.78	11.743
653.98	11.561
654.18	11.458
654.38	11.361
654.57	11.697
654.77	11.522
654.97	11.379
655.17	11.533
655.36	11.501
655.56	11.604
655.76	11.483
655.96	11.636
656.15	11.527
656.35	11.716
656.55	11.455
656.75	11.555
656.94	11.331
657.14	11.570
657.34	11.565
657.54	11.429
657.73	11.790
657.93	11.349
658.13	11.545
658.33	11.350
658.52	11.549
658.72	11.409
658.92	11.497
659.11	11.509
659.31	11.397
659.51	11.413
659.71	11.362
659.90	11.499
660.10	11.133
660.30	11.570
660.50	11.421
660.69	11.637
660.89	11.342
661.09	11.398
661.28	11.607
661.48	11.249
661.68	11.362
661.87	11.337
662.07	11.399
662.27	11.544
662.47	11.680
662.66	11.652
662.86	11.427
663.06	11.506
663.25	11.460
663.45	11.341
663.65	11.525
663.84	11.604
664.04	11.448
664.24	11.571
664.44	11.384
664.63	11.601
664.83	11.672
665.03	11.429
665.22	11.275
665.42	11.223
665.62	11.082
665.81	11.247
666.01	11.433
666.21	11.638
666.40	11.390
666.60	11.428
666.80	11.214
666.99	11.543
667.19	11.447
667.39	11.241
667.58	11.281
667.78	11.602
667.98	11.357
668.17	11.271
668.37	11.550
668.57	11.309
668.76	11.127
668.96	11.347
669.16	11.237
669.35	11.477
669.55	11.423
669.74	11.613
669.94	11.499
670.14	11.349
670.33	11.327
670.53	11.567
670.73	11.343
670.92	11.472
671.12	11.405
671.32	11.352
671.51	11.157
671.71	11.361
671.90	11.450
672.10	11.307
672.30	11.269
672.49	11.526
672.69	11.235
672.89	11.021
673.08	11.656
673.28	11.511
673.47	11.310
673.67	11.675
673.87	11.452
674.06	11.232
674.26	11.499
674.45	11.246
674.65	11.785
674.85	11.529
675.04	11.240
675.24	11.505
675.43	11.540
675.63	11.555
675.83	11.486
676.02	11.583
676.22	11.313
676.41	11.508
676.61	11.311
676.81	11.537
677.00	11.414
677.20	11.579
677.39	11.303
677.59	11.432
677.79	11.459
677.98	11.348
678.18	11.503
678.37	11.132
678.57	11.405
678.76	11.401
678.96	11.450
679.16	11.616
679.35	11.543
679.55	11.498
679.74	11.782
679.94	11.490
680.13	11.559
680.33	11.281
680.53	11.622
680.72	11.497
680.92	11.817
681.11	11.582
681.31	11.315
681.50	11.791
681.70	11.424
681.89	11.588
682.09	11.507
682.28	11.444
682.48	11.523
682.68	11.634
682.87	11.717
683.07	11.590
683.26	11.342
683.46	11.479
683.65	11.593
683.85	11.749
684.04	11.687
684.24	11.508
684.43	11.810
684.63	11.604
684.82	11.989
685.02	11.770
685.21	11.641
685.41	11.822
685.60	11.668
685.80	11.410
686.00	11.628
686.19	11.833
686.39	11.848
686.58	11.724
686.78	11.769
686.97	11.838
687.17	12.162
687.36	11.733
687.56	11.986
687.75	11.839
687.95	11.755
688.14	11.757
688.34	11.748
688.53	11.538
688.73	11.997
688.92	11.992
689.12	11.646
689.31	11.490
689.51	11.843
689.70	11.800
689.89	11.934
690.09	11.719
690.28	12.194
690.48	11.985
690.67	11.903
690.87	11.962
691.06	12.099
691.26	11.791
691.45	11.827
691.65	12.088
691.84	12.036
692.04	11.948
692.23	12.254
692.43	11.930
692.62	11.865
692.82	12.074
693.01	12.247
693.20	12.281
693.40	11.867
693.59	12.320
693.79	12.230
693.98	12.260
694.18	12.261
694.37	12.720
694.57	12.252
694.76	12.602
694.95	12.594
695.15	12.719
695.34	13.082
695.54	12.817
695.73	12.909
695.93	13.096
696.12	13.022
696.32	12.740
696.51	13.273
696.70	13.416
696.90	13.402
697.09	13.340
697.29	13.966
697.48	13.611
697.67	13.923
697.87	14.077
698.06	14.188
698.26	14.128
698.45	14.194
698.65	14.257
698.84	14.526
699.03	14.527
699.23	14.658
699.42	15.131
699.62	14.910
699.81	15.225
700.00	15.511
700.20	15.807
700.39	15.656
700.59	15.860
700.78	15.972
700.97	15.984
701.17	16.346
701.36	16.468
701.56	16.489
701.75	16.888
701.94	16.949
702.14	17.129
702.33	17.482
702.52	17.656
702.72	17.886
702.91	18.060
703.11	18.486
703.30	18.783
703.49	18.416
703.69	18.887
703.88	19.145
704.07	19.508
704.27	19.684
704.46	19.954
704.66	19.998
704.85	20.380
705.04	20.336
705.24	21.030
705.43	21.331
705.62	21.503
705.82	21.394
706.01	21.779
706.20	22.014
706.40	22.138
706.59	22.603
706.78	22.614
706.98	22.937
707.17	22.977
707.36	23.410
707.56	23.725
707.75	23.945
707.94	24.175
708.14	24.348
708.33	24.433
708.52	24.347
708.72	25.606
708.91	25.277
709.10	25.497
709.30	25.955
709.49	25.929
709.68	26.486
709.88	26.795
710.07	26.517
710.26	27.258
710.46	27.498
710.65	28.139
710.84	27.808
711.04	28.072
711.23	28.803
711.42	29.190
711.61	28.841
711.81	29.331
712.00	29.535
712.19	29.626
712.39	30.338
712.58	30.522
712.77	30.843
712.97	30.957
713.16	31.515
713.35	31.350
713.54	31.689
713.74	32.347
713.93	32.199
714.12	32.793
714.32	32.494
714.51	33.226
714.70	33.450
714.89	33.491
715.09	34.204
715.28	33.840
715.47	34.075
715.66	33.855
715.86	34.641
716.05	35.452
716.24	35.495
716.44	35.425
716.63	35.703
716.82	36.022
717.01	36.545
717.21	36.409
717.40	36.990
717.59	37.622
717.78	37.310
717.98	37.553
718.17	37.640
718.36	38.645
718.55	38.572
718.75	39.256
718.94	39.288
719.13	38.819
719.32	39.422
719.52	39.372
719.71	39.966
719.90	41.193
720.09	40.728
720.28	41.024
720.48	41.373
720.67	41.683
720.86	42.210
721.05	41.879
721.25	42.461
721.44	43.154
721.63	42.956
721.82	43.315
722.01	43.283
722.21	43.463
722.40	44.106
722.59	44.037
722.78	44.696
722.98	44.818
723.17	45.441
723.36	45.866
723.55	45.560
723.74	46.313
723.94	46.595
724.13	46.554
724.32	46.985
724.51	47.238
724.70	47.294
724.89	47.909
725.09	47.992
725.28	48.480
725.47	48.988
725.66	48.545
725.85	48.844
726.05	48.956
726.24	49.662
726.43	49.711
726.62	50.515
726.81	50.222
727.00	50.799
727.20	51.318
727.39	50.998
727.58	51.610
727.77	52.241
727.96	52.439
728.15	52.164
728.35	52.535
728.54	53.270
728.73	53.422
728.92	53.243
729.11	53.776
729.30	54.256
729.50	53.853
729.69	54.697
729.88	54.551
730.07	55.232
730.26	55.221
730.45	55.419
730.64	55.683
730.84	55.438
731.03	55.970
731.22	56.368
731.41	57.078
731.60	56.183
731.79	57.701
731.98	57.572
732.18	57.786
732.37	57.730
732.56	57.758
732.75	58.108
732.94	58.348
733.13	58.832
733.32	59.244
733.51	58.740
733.71	59.323
733.90	59.773
734.09	60.270
734.28	60.217
734.47	59.792
734.66	60.786
734.85	60.553
735.04	61.701
735.23	61.161
735.42	61.325
735.62	61.410
735.81	61.534
736.00	62.511
736.19	61.341
736.38	62.025
736.57	62.436
736.76	62.798
736.95	62.695
737.14	63.200
737.33	62.858
737.52	63.841
737.72	63.267
737.91	64.074
738.10	63.767
738.29	64.118
738.48	64.851
738.67	64.300
738.86	65.482
739.05	64.802
739.24	65.183
739.43	65.449
739.62	65.514
739.81	66.076
740.00	66.131
740.19	66.309
740.39	66.242
740.58	66.727
740.77	66.631
740.96	65.944
741.15	66.973
741.34	66.552
741.53	66.979
741.72	67.578
741.91	67.337
742.10	66.362
742.29	67.653
742.48	67.701
742.67	68.837
742.86	67.744
743.05	67.478
743.24	68.386
743.43	68.360
743.62	69.107
743.81	68.945
744.00	68.749
744.19	69.258
744.38	68.821
744.57	69.928
744.76	69.757
744.95	69.932
745.14	69.457
745.33	69.480
745.52	69.656
745.71	69.771
745.90	69.555
746.09	70.439
746.28	70.369
746.47	69.614
746.66	70.201
746.85	70.773
747.04	71.000
747.23	70.439
747.42	70.502
747.61	70.921
747.80	70.787
747.99	71.129
748.18	70.882
748.37	71.578
748.56	70.890
748.75	71.385
748.94	71.393
749.13	71.428
749.32	71.756
749.51	71.477
749.70	71.125
749.89	71.500
750.08	71.830
750.27	71.697
750.46	72.545
750.65	71.457
750.84	72.607
751.03	71.331
751.22	72.226
751.41	72.179
751.60	72.213
751.79	73.095
751.98	72.786
752.17	72.307
752.36	72.370
752.55	72.825
752.74	72.746
752.93	72.056
753.12	72.911
753.30	74.261
753.49	72.775
753.68	73.699
753.87	73.103
754.06	73.457
754.25	74.529
754.44	73.889
754.63	73.527
754.82	74.596
755.01	73.491
755.20	74.288
755.39	73.444
755.58	73.802
755.77	74.425
755.96	73.556
756.14	74.313
756.33	73.373
756.52	73.909
756.71	73.782
756.90	73.456
757.09	73.739
757.28	73.621
757.47	74.236
757.66	74.115
757.85	73.461
758.04	74.099
758.22	74.223
758.41	74.884
758.60	74.347
758.79	74.517
758.98	74.598
759.17	75.639
759.36	74.600
759.55	74.903
759.74	74.815
759.92	74.683
760.11	73.853
760.30	74.303
760.49	74.395
760.68	75.305
760.87	75.047
761.06	75.078
761.25	74.760
761.43	74.252
761.62	75.312
761.81	75.100
762.00	75.072
762.19	74.605
762.38	75.116
762.57	74.910
762.76	75.205
762.94	75.242
763.13	74.522
763.32	75.489
763.51	75.166
763.70	74.293
763.89	74.856
764.07	74.920
764.26	75.592
764.45	75.675
764.64	75.734
764.83	75.323
765.02	75.216
765.21	75.390
765.39	74.890
765.58	75.717
765.77	75.156
765.96	75.226
766.15	75.826
766.34	75.071
766.52	75.501
766.71	75.428
766.90	75.232
767.09	75.453
767.28	75.511
767.46	75.900
767.65	75.447
767.84	74.771
768.03	75.181
768.22	75.332
768.40	75.233
768.59	75.325
768.78	76.293
768.97	75.398
769.16	75.378
769.34	75.788
769.53	75.937
769.72	75.298
769.91	75.885
770.10	75.284
770.28	75.473
770.47	74.808
770.66	75.211
770.85	75.287
771.04	75.298
771.22	75.156
771.41	74.801
771.60	75.627
771.79	75.588
771.98	75.568
772.16	75.409
772.35	76.047
772.54	75.568
772.73	75.392
772.91	75.973
773.10	75.725
773.29	75.350
773.48	76.228
773.66	74.843
773.85	76.026
774.04	75.426
774.23	75.510
774.41	75.523
774.60	75.621
774.79	75.905
774.98	75.307
775.16	75.201
775.35	75.525
775.54	75.164
775.73	75.505
775.91	75.711
776.10	77.153
776.29	74.983
776.48	75.757
776.66	76.045
776.85	74.946
777.04	76.218
777.23	75.736
777.41	75.951
777.60	76.104
777.79	75.079
777.97	75.199
778.16	75.766
778.35	75.304
778.54	76.095
778.72	75.633
778.91	75.371
779.10	75.622
779.28	75.068
779.47	76.139
779.66	76.281
779.85	75.695
780.03	76.153
780.22	76.661
780.41	75.957
780.59	75.884
780.78	75.961
780.97	75.566
781.15	76.484
781.34	76.248
781.53	75.968
781.71	75.519
781.90	75.647
782.09	76.068
782.27	75.858
782.46	75.247
782.65	76.388
782.84	75.089
783.02	75.350
783.21	76.150
783.40	76.215
783.58	75.885
783.77	75.494
783.96	75.731
784.14	75.653
784.33	75.120
784.52	76.396
784.70	76.477
784.89	76.118
785.07	76.347
785.26	76.210
785.45	75.900
785.63	76.040
785.82	75.746
786.01	75.160
786.19	75.210
786.38	75.481
786.57	76.166
786.75	76.053
786.94	75.925
787.13	76.146
787.31	76.122
787.50	75.598
787.68	75.582
787.87	75.404
788.06	75.518
788.24	76.048
788.43	75.710
788.62	76.105
788.80	75.968
788.99	76.375
789.17	76.465
789.36	75.306
789.55	76.213
789.73	75.682
789.92	75.621
790.10	74.816
790.29	76.472
790.48	76.209
790.66	76.545
790.85	76.220
791.03	75.532
791.22	75.957
791.41	75.544
791.59	75.587
791.78	75.886
791.96	76.449
792.15	75.733
792.34	76.205
792.52	75.165
792.71	75.633
792.89	75.495
793.08	76.245
793.27	76.008
793.45	76.247
793.64	76.779
793.82	75.844
794.01	75.384
794.19	76.033
794.38	75.669
794.57	75.960
794.75	76.031
794.94	75.564
795.12	76.099
795.31	75.723
795.49	75.772
795.68	75.853
795.86	75.313
796.05	76.783
796.24	76.212
796.42	75.892
796.61	75.707
796.79	76.442
796.98	75.607
797.16	76.303
797.35	76.087
797.53	76.189
797.72	75.646
797.90	75.216
798.09	75.907
798.27	75.921
798.46	75.981
798.65	75.395
798.83	76.012
799.02	76.129
799.20	75.734
799.39	76.105
799.57	76.292
799.76	75.399
799.94	76.552
800.13	76.159
800.31	77.298
800.50	75.739
800.68	75.756
800.87	76.233
801.05	76.088
801.24	76.244
801.42	76.339
801.61	75.683
801.79	76.055
801.98	75.303
802.16	75.480
802.35	75.743
802.53	75.217
802.72	75.693
802.90	75.553
803.09	75.687
803.27	76.437
803.46	76.027
803.64	75.386
803.83	76.187
804.01	75.654
804.20	76.548
804.38	75.806
804.56	76.229
804.75	74.798
804.93	75.912
805.12	75.098
805.30	75.450
805.49	75.282
805.67	76.270
805.86	75.419
806.04	75.989
806.23	76.483
806.41	75.807
806.59	76.591
806.78	76.091
806.96	75.622
807.15	76.268
807.33	76.328
807.52	75.864
807.70	75.956
807.89	76.600
808.07	76.185
808.25	76.211
808.44	76.345
808.62	76.942
808.81	75.502
808.99	76.460
809.18	76.217
809.36	75.178
809.54	76.356
809.73	75.440
809.91	76.504
810.10	76.119
810.28	76.234
810.47	75.742
810.65	76.057
810.83	76.047
811.02	76.356
811.20	75.990
811.39	75.598
811.57	76.116
811.75	75.446
811.94	75.756
812.12	76.775
812.31	76.398
812.49	76.343
812.67	75.820
812.86	76.172
813.04	76.027
813.23	75.934
813.41	75.989
813.59	76.558
813.78	75.094
813.96	76.856
814.14	75.897
814.33	75.590
814.51	75.860
814.70	76.653
814.88	75.780
815.06	74.964
815.25	76.507
815.43	76.681
815.61	76.028
815.80	76.250
815.98	75.500
816.16	75.838
816.35	76.023
816.53	76.807
816.72	76.423
816.90	76.470
817.08	76.036
817.27	75.831
817.45	75.656
817.63	76.169
817.82	75.522
818.00	76.941
818.18	74.835
818.37	75.727
818.55	75.112
818.73	76.272
818.92	76.051
819.10	75.526
819.28	75.844
819.47	75.598
819.65	75.729
819.83	75.701
820.02	75.501
820.20	75.809
820.38	75.837
820.57	75.747
820.75	75.608
820.93	75.596
821.11	75.892
821.30	76.104
821.48	75.860
821.66	75.773
821.85	75.676
822.03	75.816
822.21	75.295
822.40	75.884
822.58	75.422
822.76	75.716
822.94	76.430
823.13	75.864
823.31	76.184
823.49	76.389
823.68	76.201
823.86	75.824
824.04	75.470
824.22	76.374
824.41	75.920
824.59	75.736
824.77	75.476
824.96	76.467
825.14	75.850
825.32	75.336
825.50	76.249
825.69	76.112
825.87	75.975
826.05	75.410
826.23	75.071
826.42	75.820
826.60	75.409
826.78	75.646
826.96	75.440
827.15	75.988
827.33	76.157
827.51	76.797
827.69	75.573
827.88	75.445
828.06	76.417
828.24	76.666
828.42	76.799
828.61	75.334
828.79	76.889
828.97	75.546
829.15	75.472
829.34	77.097
829.52	75.467
829.70	75.994
829.88	76.546
830.06	77.079
830.25	76.064
830.43	75.867
830.61	76.516
830.79	76.317
830.97	75.928
831.16	76.149
831.34	75.749
831.52	76.450
831.70	75.941
831.89	75.877
832.07	75.798
832.25	76.996
832.43	76.330
832.61	75.579
832.80	75.665
832.98	76.810
833.16	76.092
833.34	75.622
833.52	76.139
833.70	76.456
833.89	76.412
834.07	76.143
834.25	76.140
834.43	76.107
834.61	75.557
834.80	76.842
834.98	75.993
835.16	76.207
835.34	76.230
835.52	74.871
835.70	76.073
835.89	76.274
836.07	76.437
836.25	76.683
836.43	76.350
836.61	75.957
836.79	75.223
836.97	75.984
837.16	76.934
837.34	75.658
837.52	77.105
837.70	76.190
837.88	76.532
838.06	76.830
838.24	76.049
838.43	76.941
838.61	76.295
838.79	76.314
838.97	77.280
839.15	75.735
839.33	76.010
839.51	75.881
839.70	75.603
839.88	75.985
840.06	76.404
840.24	75.334
840.42	77.139
840.60	76.207
840.78	76.057
840.96	76.290
841.14	76.465
841.33	77.620
841.51	75.700
841.69	75.355
841.87	75.719
842.05	76.792
842.23	76.160
842.41	76.297
842.59	76.403
842.77	75.659
842.95	74.957
843.14	77.498
843.32	75.656
843.50	77.060
843.68	75.932
843.86	75.828
844.04	76.313
844.22	76.103
844.40	76.988
844.58	75.537
844.76	76.043
844.94	75.401
845.12	76.754
845.30	75.431
845.49	76.004
845.67	76.247
845.85	76.583
846.03	75.579
846.21	76.213
846.39	76.047
846.57	75.634
846.75	75.636
846.93	75.928
847.11	75.370
847.29	74.002
847.47	75.618
847.65	76.191
847.83	76.747
848.01	76.210
848.19	76.675
848.37	75.786
848.55	76.132
848.73	76.642
848.91	76.313
849.09	75.381
849.27	76.540
849.46	75.201
849.64	75.912
849.82	76.412
850.00	76.623
850.18	75.969
850.36	75.712
850.54	75.728
850.72	76.822
850.90	75.203
851.08	76.075
851.26	75.863
851.44	76.350
851.62	75.510
851.80	75.688
851.98	76.249
852.16	76.814
852.34	76.447
852.52	75.371
852.70	75.503
852.88	76.648
853.06	75.909
853.24	76.197
853.42	75.584
853.60	74.844
853.78	76.832
853.96	75.094
854.14	76.012
854.31	75.526
854.49	77.215
854.67	76.478
854.85	76.231
855.03	75.653
855.21	75.933
855.39	75.358
855.57	76.256
855.75	76.315
855.93	76.749
856.11	75.368
856.29	74.863
856.47	77.447
856.65	76.159
856.83	77.022
857.01	75.802
857.19	76.462
857.37	75.315
857.55	76.382
857.73	76.173
857.91	77.066
858.09	76.845
858.26	76.488
858.44	75.809
858.62	75.645
858.80	76.220
858.98	76.801
859.16	76.162
859.34	75.558
859.52	74.956
859.70	76.153
859.88	75.977
860.06	75.488
860.24	75.983
860.42	75.756
860.59	76.383
860.77	77.627
860.95	76.070
861.13	76.571
861.31	76.268
861.49	76.789
861.67	76.329
861.85	76.057
862.03	76.040
862.21	75.467
862.38	75.431
862.56	76.602
862.74	76.079
862.92	75.699
863.10	75.538
863.28	76.081
863.46	75.735
863.64	76.950
863.82	76.159
863.99	76.198
864.17	75.448
864.35	76.503
864.53	76.040
864.71	75.872
864.89	76.397
865.07	75.398
865.24	75.613
865.42	77.331
865.60	76.565
865.78	76.164
865.96	76.113
866.14	75.660
866.32	77.748
866.49	75.989
866.67	76.384
866.85	76.375
867.03	76.066
867.21	75.803
867.39	76.183
867.56	76.289
867.74	76.298
867.92	76.005
868.10	75.916
868.28	75.690
868.46	76.314
868.63	76.964
868.81	76.837
868.99	75.830
869.17	77.191
869.35	76.486
869.53	75.400
869.70	75.785
869.88	76.578
870.06	76.380
870.24	76.536
870.42	75.365
870.59	76.275
870.77	76.276
870.95	77.284
871.13	76.687
871.31	76.110
871.48	76.955
871.66	76.389
871.84	76.455
872.02	76.977
872.20	78.063
872.37	76.982
872.55	76.353
872.73	76.928
872.91	77.226
873.08	76.068
873.26	75.955
873.44	76.547
873.62	76.308
873.80	76.463
873.97	75.713
874.15	76.683
874.33	76.169
874.51	76.376
874.68	76.092
874.86	76.881
875.04	75.866
875.22	78.209
875.39	75.746
875.57	76.403
875.75	76.094
875.93	76.860
876.10	76.604
876.28	76.951
876.46	75.893
876.64	75.238
876.81	76.082
876.99	77.320
877.17	76.906
877.35	77.331
877.52	75.506
877.70	76.305
877.88	74.818
878.06	75.516
878.23	77.706
878.41	75.937
878.59	76.107
878.76	75.144
878.94	76.242
879.12	75.988
879.30	75.814
879.47	75.884
879.65	76.299
879.83	75.621
880.00	77.266
880.18	75.804
880.36	76.401
880.53	75.129
880.71	76.027
880.89	77.001
881.07	76.844
881.24	76.965
881.42	76.056
881.60	76.313
881.77	75.796
881.95	75.679
882.13	76.965
882.30	76.145
882.48	76.510
882.66	77.790
882.83	76.913
883.01	77.737
883.19	76.417
883.36	75.479
883.54	76.568
883.72	77.269
883.89	76.306
884.07	76.733
884.25	76.592
884.42	77.358
884.60	75.113
884.78	76.040
884.95	75.333
885.13	74.831
885.31	74.950
885.48	76.199
885.66	77.633
885.84	77.394
886.01	75.595
886.19	76.023
886.36	76.896
886.54	76.283
886.72	77.766
886.89	76.960
887.07	76.099
887.25	75.837
887.42	76.157
887.60	74.816
887.78	76.445
887.95	76.663
888.13	76.621
888.30	77.540
888.48	77.130
888.66	76.538
888.83	76.184
889.01	76.739
889.18	76.608
889.36	76.735
889.54	75.579
889.71	76.531
889.89	78.121
890.06	75.591
890.24	76.658
890.42	77.572
890.59	77.268
890.77	76.143
890.94	76.385
891.12	76.800
891.30	76.180
891.47	75.150
891.65	78.508
891.82	75.500
892.00	76.722
892.17	75.774
892.35	76.473
892.53	76.581
892.70	75.593
892.88	77.238
893.05	76.065
893.23	76.877
893.40	78.453
893.58	75.373
893.75	76.503
893.93	75.378
894.11	76.810
894.28	75.857
894.46	76.337
894.63	76.980
894.81	77.829
894.98	76.968
895.16	77.675
895.33	76.766
895.51	76.385
895.68	76.374
895.86	77.136
896.04	75.607
896.21	76.375
896.39	75.216
896.56	76.586
896.74	77.258
896.91	76.204
897.09	76.961
897.26	77.321
897.44	75.617
897.61	75.776
897.79	77.512
897.96	77.428
898.14	76.201
898.31	76.458
898.49	75.893
898.66	75.983
898.84	75.626
899.01	77.315
899.19	76.466
899.36	75.732
899.54	77.119
899.71	77.242
899.89	75.162
900.06	76.232
900.24	77.056
900.41	77.018
900.59	76.344
900.76	76.550
900.94	76.879
901.11	76.565
901.29	76.367
901.46	76.080
901.63	76.260
901.81	76.359
901.98	77.151
902.16	76.683
902.33	76.659
902.51	76.051
902.68	75.869
902.86	77.120
903.03	76.282
903.21	75.442
903.38	76.571
903.56	76.167
903.73	76.704
903.90	77.109
904.08	77.680
904.25	75.920
904.43	74.262
904.60	77.220
904.78	77.077
904.95	77.617
905.12	77.668
905.30	77.248
905.47	76.859
905.65	77.677
905.82	75.660
906.00	76.156
906.17	77.857
906.34	75.805
906.52	76.553
906.69	74.667
906.87	76.900
907.04	76.633
907.21	75.876
907.39	76.240
907.56	76.168
907.74	76.807
907.91	76.764
908.08	77.101
908.26	76.988
908.43	76.165
908.61	75.447
908.78	77.045
908.95	75.997
909.13	75.976
909.30	77.855
909.48	78.538
909.65	76.605
909.82	78.143
910.00	76.946
910.17	76.483
910.34	76.866
910.52	76.577
910.69	78.070
910.87	76.080
911.04	76.498
911.21	75.645
911.39	77.132
911.56	78.725
911.73	76.901
911.91	75.954
912.08	77.566
912.25	76.716
912.43	79.234
912.60	75.711
912.77	77.448
912.95	75.729
913.12	76.769
913.29	75.940
913.47	76.706
913.64	77.738
913.81	76.931
913.99	76.886
914.16	77.809
914.33	75.729
914.51	76.876
914.68	77.285
914.85	77.713
915.03	77.782
915.20	77.565
915.37	77.207
915.55	75.248
915.72	75.114
915.89	76.805
916.07	76.184
916.24	76.319
916.41	75.558
916.59	77.387
916.76	77.123
916.93	77.110
917.10	77.312
917.28	77.017
917.45	76.201
917.62	77.056
917.80	76.756
917.97	76.503
918.14	76.232
918.31	77.178
918.49	77.108
918.66	75.318
918.83	77.338
919.01	75.943
919.18	78.176
919.35	75.520
919.52	75.452
919.70	75.653
919.87	77.846
920.04	75.655
920.21	75.879
920.39	76.162
920.56	76.736
920.73	75.749
920.90	76.389
921.08	75.068
921.25	76.845
921.42	77.545
921.59	76.819
921.77	77.316
921.94	76.235
922.11	76.657
922.28	75.894
922.46	76.807
922.63	75.893
922.80	77.349
922.97	76.751
923.15	75.597
923.32	77.755
923.49	74.540
923.66	77.425
923.83	76.145
924.01	76.947
924.18	74.814
924.35	76.706
924.52	75.638
924.69	76.750
924.87	76.530
925.04	77.333
925.21	75.760
925.38	76.938
925.55	77.148
925.73	76.836
925.90	76.614
926.07	77.756
926.24	74.890
926.41	77.688
926.59	77.307
926.76	77.150
926.93	75.469
927.10	75.714
927.27	77.565
927.45	77.989
927.62	75.894
927.79	75.705
927.96	76.327
928.13	76.605
928.30	76.694
928.48	76.001
928.65	77.861
928.82	75.114
928.99	74.581
929.16	77.130
929.33	76.437
929.50	74.291
929.68	74.635
929.85	76.724
930.02	77.081
930.19	77.473
930.36	77.059
930.53	76.577
930.70	75.321
930.88	75.657
931.05	74.553
931.22	76.913
931.39	75.555
931.56	76.841
931.73	75.339
931.90	76.377
932.08	78.203
932.25	77.525
932.42	73.781
932.59	75.330
932.76	77.107
932.93	77.000
933.10	76.262
933.27	74.599
933.44	74.112
933.62	76.687
933.79	75.591
933.96	74.487
934.13	78.666
934.30	77.177
934.47	76.276
934.64	75.420
934.81	77.365
934.98	77.436
935.15	75.656
935.32	75.300
935.50	76.235
935.67	76.978
935.84	75.302
936.01	76.020
936.18	77.390
936.35	75.901
936.52	77.222
936.69	75.656
936.86	77.153
937.03	75.981
937.20	78.066
937.37	75.158
937.54	76.989
937.71	75.165
937.89	75.199
938.06	74.160
938.23	79.229
938.40	77.937
938.57	76.290
938.74	76.493
938.91	78.519
939.08	75.304
939.25	73.532
939.42	75.601
939.59	77.915
939.76	73.610
939.93	76.617
940.10	73.023
940.27	74.882
940.44	75.859
940.61	77.448
940.78	74.003
940.95	77.176
941.12	79.407
941.29	77.059
941.46	73.706
941.63	72.997
941.80	74.540
941.97	77.773
942.14	75.000
942.31	73.995
942.48	71.380
942.65	78.021
942.82	75.724
942.99	80.731
943.16	72.005
943.33	73.554
943.50	73.087
943.67	77.180
943.84	79.019
944.01	79.215
944.18	71.311
944.35	73.289
944.52	75.180
944.69	71.028
944.86	73.594
945.03	72.046
945.20	73.715
945.37	71.533
945.54	70.623
945.71	78.044
945.88	77.269
946.05	71.754
946.22	73.325
946.39	72.957
946.56	76.861
946.73	71.240
946.90	81.200
947.07	78.261
947.23	76.764
947.40	75.936
947.57	74.533
947.74	72.955
947.91	75.721
948.08	77.195
948.25	73.193
948.42	74.605
948.59	78.634
948.76	75.763
948.93	74.035
949.10	72.490
949.27	73.634
949.44	75.197
949.60	70.121
949.77	75.437
949.94	72.256
950.11	74.781
950.28	75.771
950.45	76.291
950.62	70.955
950.79	75.245
950.96	73.764
951.13	72.746
951.30	75.564
951.46	73.762
951.63	73.743
951.80	77.509
951.97	75.009
952.14	76.243
952.31	73.253
952.48	77.186
952.65	75.769
952.81	69.879
952.98	70.526
953.15	79.197
953.32	72.556
953.49	70.638
953.66	74.844
953.83	74.030
954.00	73.863
954.16	73.449
954.33	77.191
954.50	76.542
954.67	71.617
954.84	71.577
955.01	73.745
955.18	72.941
955.34	75.232
955.51	79.091
955.68	78.207
955.85	74.354
956.02	72.405
956.19	73.314
956.35	72.275
956.52	74.929
956.69	77.537
956.86	71.769
957.03	72.858
957.20	73.942
957.36	74.092
957.53	72.538
957.70	77.004
957.87	71.138
958.04	73.974
958.21	75.972
958.37	73.680
958.54	76.569
958.71	77.404
958.88	75.299
959.05	72.224
959.21	77.509
959.38	77.710
959.55	75.557
959.72	76.199
959.89	73.945
960.05	77.766
960.22	73.787
960.39	74.452
960.56	75.458
960.72	74.013
960.89	77.104
961.06	76.278
961.23	73.869
961.40	74.461
961.56	73.621
961.73	76.946
961.90	71.626
962.07	71.116
962.23	71.443
962.40	77.652
962.57	72.989
962.74	74.523
962.90	70.622
963.07	73.468
963.24	76.017
963.41	77.104
963.57	77.352
963.74	73.483
963.91	74.036
964.08	74.587
964.24	73.037
964.41	74.061
964.58	72.818
964.75	75.210
964.91	74.614
965.08	74.961
965.25	73.581
965.42	75.626
965.58	75.617
965.75	73.981
965.92	73.874
966.08	73.426
966.25	77.334
966.42	75.681
966.59	76.766
966.75	77.933
966.92	73.437
967.09	73.816
967.25	74.829
967.42	72.737
967.59	71.755
967.75	82.282
967.92	74.397
968.09	78.872
968.26	72.884
968.42	75.246
968.59	74.588
968.76	77.015
968.92	73.614
969.09	71.310
969.26	75.342
969.42	77.860
969.59	76.366
969.76	74.389
969.92	79.005
970.09	73.535
970.26	75.627
970.42	75.165
970.59	72.800
970.76	75.858
970.92	77.751
971.09	73.192
971.26	75.698
971.42	76.166
971.59	73.092
971.76	75.269
971.92	75.123
972.09	76.603
972.25	76.266
972.42	72.294
972.59	79.898
972.75	77.157
972.92	73.741
973.09	72.410
973.25	74.807
973.42	76.693
973.58	76.887
973.75	71.221
973.92	72.770
974.08	77.451
974.25	74.594
974.42	73.357
974.58	78.177
974.75	76.539
974.91	75.804
975.08	76.640
975.25	77.513
975.41	76.003
975.58	74.986
975.74	73.642
975.91	77.151
976.08	75.571
976.24	76.246
976.41	72.015
976.57	74.360
976.74	73.484
976.91	75.624
977.07	71.627
977.24	74.717
977.40	77.127
977.57	69.930
977.73	73.642
977.90	73.736
978.07	73.287
978.23	77.415
978.40	77.356
978.56	79.811
978.73	76.500
978.89	69.880
979.06	71.932
979.22	74.832
979.39	76.459
979.56	76.263
979.72	74.429
979.89	77.316
980.05	73.241
980.22	76.211
980.38	77.802
980.55	77.944
980.71	74.670
980.88	73.252
981.04	75.132
981.21	74.125
981.37	73.678
981.54	75.351
981.70	74.906
981.87	75.445
982.04	76.260
982.20	77.047
982.37	70.756
982.53	73.461
982.70	74.773
982.86	73.071
983.03	76.743
983.19	73.691
983.36	75.740
983.52	74.166
983.69	74.064
983.85	77.516
984.02	71.581
984.18	73.418
984.35	76.473
984.51	77.530
984.68	77.480
984.84	75.093
985.00	75.245
985.17	78.109
985.33	74.850
985.50	72.652
985.66	75.075
985.83	73.376
985.99	71.954
986.16	72.268
986.32	74.587
986.49	77.139
986.65	76.080
986.82	76.412
986.98	77.534
987.15	68.676
987.31	69.480
987.47	75.606
987.64	72.349
987.80	71.955
987.97	74.225
988.13	74.805
988.30	74.149
988.46	75.230
988.63	76.234
988.79	71.801
988.95	77.830
989.12	75.089
989.28	74.812
989.45	73.276
989.61	77.326
989.77	75.897
989.94	73.390
990.10	74.666
990.27	77.102
990.43	80.913
990.60	73.653
990.76	77.179
990.92	76.302
991.09	75.960
991.25	73.280
991.42	75.377
991.58	70.385
991.74	75.646
991.91	74.737
992.07	75.647
992.24	71.749
992.40	78.335
992.56	71.070
992.73	74.535
992.89	77.527
993.05	75.069
993.22	75.125
993.38	73.637
993.55	79.206
993.71	74.122
993.87	76.767
994.04	73.164
994.20	74.603
994.36	70.636
994.53	77.333
994.69	74.862
994.85	74.741
995.02	75.735
995.18	76.959
995.34	78.029
995.51	72.096
995.67	75.737
995.84	73.623
996.00	75.632
996.16	74.879
996.33	75.546
996.49	71.830
996.65	79.665
996.82	80.335
996.98	70.023
997.14	75.408
997.31	81.713
997.47	70.179
997.63	74.928
997.79	77.046
997.96	67.014
998.12	78.734
998.28	72.630
998.45	75.148
998.61	70.220
998.77	77.224
998.94	72.889
999.10	77.107
999.26	77.362
999.43	72.785
999.59	75.984
999.75	71.708
999.91	71.107
1000.08	73.375
1000.24	75.963
1000.40	74.652
1000.57	78.763
1000.73	72.145
1000.89	77.118
1001.05	81.430
1001.22	75.294
1001.38	78.034
1001.54	74.264
1001.70	73.915
1001.87	70.245
1002.03	72.184
1002.19	75.400
1002.35	75.474
1002.52	73.755
1002.68	72.967
1002.84	73.462
1003.00	78.248
1003.17	73.290
1003.33	76.425
1003.49	73.407
1003.65	77.270
1003.82	74.385
1003.98	66.211
1004.14	68.949
1004.30	77.493
1004.47	73.012
1004.63	73.429
1004.79	76.670
1004.95	72.139
1005.11	71.452
1005.28	73.207
1005.44	81.609
1005.60	77.067
1005.76	74.169
1005.93	73.687
1006.09	70.205
1006.25	77.685
1006.41	76.791
1006.57	71.659
1006.74	75.456
1006.90	69.905
1007.06	65.940
1007.22	77.095
1007.38	74.339
1007.55	72.474
1007.71	83.049
1007.87	69.970
1008.03	76.190
1008.19	74.318
1008.35	73.329
1008.52	79.322
1008.68	70.477
1008.84	78.147
1009.00	77.253
1009.16	74.753
1009.32	74.350
1009.49	71.349
1009.65	69.120
1009.81	76.367
1009.97	68.649
1010.13	75.478
1010.29	71.322
1010.46	72.308
1010.62	69.635
1010.78	66.251
1010.94	65.690
1011.10	69.111
1011.26	73.413
1011.42	72.595
1011.59	76.109
1011.75	66.834
1011.91	79.883
1012.07	68.094
1012.23	72.132
1012.39	79.345
1012.55	68.606
1012.71	78.079
1012.88	77.134
1013.04	71.810
1013.20	72.180
1013.36	69.440
1013.52	68.238
1013.68	74.980
1013.84	76.040
1014.00	73.692
1014.16	81.552
1014.33	72.458
1014.49	68.276
1014.65	76.212
1014.81	73.575
1014.97	69.898
1015.13	71.072
1015.29	66.039
1015.45	65.084
1015.61	77.831
1015.77	77.525
1015.93	80.034
1016.09	79.683
1016.26	68.000
1016.42	68.046
1016.58	75.283
1016.74	70.241
1016.90	72.276
1017.06	73.073
1017.22	76.979
1017.38	73.137
1017.54	69.964
1017.70	80.371
1017.86	75.000
1018.02	72.809
1018.18	78.690
1018.34	76.384
1018.50	66.968
1018.66	70.020
1018.82	77.157
1018.98	84.504
1019.14	67.870
1019.31	73.966
1019.47	73.971
1019.63	66.933
1019.79	78.578
1019.95	73.396
1020.11	74.849
1020.27	78.745
1020.43	62.436
1020.59	73.279
1020.75	71.374
1020.91	78.092
1021.07	74.920
1021.23	72.063
1021.39	65.605
1021.55	63.892
1021.71	76.139
1021.87	77.908
1022.03	64.789
1022.19	71.939
1022.35	75.349
1022.51	57.570
1022.67	81.828
1022.83	75.870
1022.99	66.965
1023.15	69.249
1023.31	72.859
1023.47	60.591
1023.63	65.693
1023.79	75.685
1023.95	74.830
1024.10	76.216
1024.26	71.299
1024.42	69.619
1024.58	77.866
1024.74	65.636
1024.90	75.396
1025.06	78.299
1025.22	65.370
1025.38	71.077
1025.54	75.121
1025.70	65.728
1025.86	56.968
1026.02	64.830
1026.18	70.621
1026.34	81.842
1026.50	70.200
1026.66	70.097
1026.82	65.376
1026.98	83.651
1027.13	55.988
1027.29	72.414
1027.45	73.313
1027.61	72.680
1027.77	76.493
1027.93	77.667
1028.09	66.220
1028.25	71.124
1028.41	73.290
1028.57	64.615
1028.73	68.118
1028.88	72.980
1029.04	68.454
1029.20	64.854
1029.36	72.581
1029.52	66.496
1029.68	83.248
1029.84	77.369
1030.00	68.711
1030.16	68.305
1030.32	63.525
1030.47	71.562
1030.63	59.815
1030.79	63.443
1030.95	58.333
1031.11	57.947
1031.27	70.523
1031.43	55.712
1031.59	78.598
1031.74	67.360
1031.90	78.098
1032.06	75.701
1032.22	71.345
1032.38	66.464
1032.54	69.829
1032.69	80.675
1032.85	78.080
1033.01	67.683
1033.17	53.543
1033.33	73.534
1033.49	90.458
1033.65	68.052
1033.80	64.378
1033.96	73.432
1034.12	54.118
1034.28	67.747
1034.44	72.263
1034.60	57.553
1034.75	65.660
1034.91	58.803
1035.07	98.915
1035.23	74.823
1035.39	63.048
1035.54	67.330
1035.70	58.030
1035.86	76.923
1036.02	53.960
1036.18	67.729
1036.33	56.084
1036.49	76.000
1036.65	72.775
1036.81	73.284
1036.97	70.551
1037.12	76.809
1037.28	62.192
1037.44	50.330
1037.60	58.475
1037.76	54.194
1037.91	83.286
1038.07	50.000
1038.23	59.856
1038.39	48.527
1038.54	42.889
1038.70	83.069
1038.86	65.336
1039.02	63.882
1039.17	72.727
1039.33	63.603
1039.49	76.751
1039.65	66.368
1039.80	57.384
1039.96	60.722
1040.12	60.664
1040.28	62.939
>>>>> Data<<<<< Espectral Procesado Extremo
