Fichero De Datos De SpectraSuite
++++++++++++++++++++++++++++++++++++
Fecha: Wed Jul 15 08:11:20 CST 2026
Usuario: HP
Presente Oscuro Del Espectro: Sí
La Referencia de Presente Del Espectro De: Sí
Muestreados de los componentes de Número de espectros: 1
Espectrómetros: USB4H06056
Tiempo de integración (usec): 300000 (USB4H06056)
Promedio de Espectros Hechos un: 5 (USB4H06056)
El Alisar Del Furgón: 0 (USB4H06056)
Párrafo de de Corregir del la del del de Eléctrica del obscuridad: No (USB4H06056)
Estrobo/Lámpara Permitido: No (USB4H06056)
Correct for Detector Non-linearity: No (USB4H06056)
Párrafo de de Corregir del la del del de Externa del luz: No (USB4H06056)
Procesado del espectro de Número de pixeles en: 3648
>>>>> Comienza Data<<<<< Espectral Procesado Del EL
345.09	368.750
345.30	368.750
345.52	368.750
345.74	360.000
345.95	54.074
346.17	236.364
346.39	250.000
346.60	315.625
346.82	-52.273
347.04	159.259
347.25	100.000
347.47	-322.222
347.69	-221.569
347.90	1960.000
348.12	-78.947
348.34	300.000
348.56	-258.974
348.77	65.909
348.99	2150.000
349.21	-16.842
349.42	182.143
349.64	-85.484
349.86	140.541
350.07	-5.202
350.29	-171.429
350.51	-330.303
350.72	7.937
350.94	55.422
351.16	-30.851
351.37	-81.818
351.59	-4400.000
351.81	-20.635
352.02	-44.828
352.24	-25.806
352.46	-98.507
352.67	28.082
352.89	-46.000
353.10	-122.078
353.32	-5.000
353.54	-61.538
353.75	16.102
353.97	-1057.143
354.19	-64.583
354.40	4100.000
354.62	5.096
354.84	19.540
355.05	354.545
355.27	-60.000
355.49	-36.170
355.70	-83.333
355.92	-18.919
356.14	-6.623
356.35	-1028.571
356.57	-188.333
356.78	-427.500
357.00	19.718
357.22	-1150.000
357.43	2.679
357.65	-865.000
357.87	600.000
358.08	-41.618
358.30	-139.189
358.51	-29.730
358.73	165.789
358.95	15.294
359.16	112.121
359.38	-31.579
359.60	-30.137
359.81	-125.806
360.03	-120.833
360.24	-4.651
360.46	-12.000
360.68	-340.000
360.89	-40.964
361.11	-41.237
361.33	8.065
361.54	-172.603
361.76	-94.643
361.97	91.463
362.19	-13.580
362.41	137.662
362.62	-15.217
362.84	-82.474
363.05	65.591
363.27	-11.340
363.49	-39.062
363.70	-32.558
363.92	-24.219
364.13	15.897
364.35	-42.424
364.57	-833.333
364.78	-73.333
365.00	471.429
365.21	57.759
365.43	-13.725
365.65	133.333
365.86	-17.273
366.08	187.500
366.29	-17.450
366.51	56.410
366.73	-20.423
366.94	-1.734
367.16	-28.986
367.37	-50.000
367.59	-56.250
367.80	7.463
368.02	3.597
368.24	22.936
368.45	92.941
368.67	-76.812
368.88	100.000
369.10	28.788
369.31	-31.250
369.53	26.400
369.75	111.957
369.96	272.500
370.18	-138.776
370.39	-46.400
370.61	-10.638
370.82	45.926
371.04	-10.000
371.26	12.195
371.47	7.865
371.69	301.754
371.90	-92.000
372.12	78.788
372.33	-48.571
372.55	36.957
372.76	60.377
372.98	29.825
373.20	-3133.333
373.41	-4.598
373.63	-27.869
373.84	-34.091
374.06	-57.143
374.27	-14.667
374.49	6.849
374.70	-28.261
374.92	23.301
375.13	22.680
375.35	30.263
375.57	20.248
375.78	-56.471
376.00	4.598
376.21	5.738
376.43	13.333
376.64	-57.471
376.86	-260.000
377.07	4.348
377.29	-89.157
377.50	-57.609
377.72	26.897
377.93	16.901
378.15	-100.000
378.36	-1.571
378.58	58.364
378.80	-1916.667
379.01	110.638
379.23	27.027
379.44	-34.000
379.66	70.652
379.87	23.077
380.09	36.735
380.30	-14.815
380.52	6.522
380.73	-39.080
380.95	-26.829
381.16	34.783
381.38	48.235
381.59	-9.155
381.81	-71.111
382.02	54.404
382.24	70.455
382.45	15.556
382.67	-44.928
382.88	33.152
383.10	-23.179
383.31	105.063
383.53	-36.620
383.74	22.396
383.96	29.016
384.17	2.976
384.39	22.846
384.60	71.681
384.82	11.111
385.03	3.309
385.25	-245.652
385.46	-23.438
385.68	66.210
385.89	39.594
386.11	83.099
386.32	1.896
386.54	21.296
386.75	-100.000
386.97	32.099
387.18	42.466
387.40	27.350
387.61	-33.333
387.83	8.176
388.04	-62.500
388.25	11.702
388.47	-8.547
388.68	6.400
388.90	22.936
389.11	36.364
389.33	373.077
389.54	-88.136
389.76	57.463
389.97	33.333
390.19	10.588
390.40	-8.980
390.62	31.138
390.83	27.197
391.05	32.121
391.26	-2.381
391.47	28.571
391.69	-12.000
391.90	31.068
392.12	31.949
392.33	72.165
392.55	-20.000
392.76	-75.000
392.98	24.490
393.19	-4.854
393.41	-17.416
393.62	-9.821
393.83	31.500
394.05	41.077
394.26	-7.280
394.48	65.385
394.69	17.730
394.91	15.564
395.12	-1.681
395.34	29.912
395.55	44.105
395.76	16.822
395.98	26.601
396.19	31.579
396.41	77.432
396.62	34.722
396.84	5.405
397.05	75.312
397.26	-27.568
397.48	67.647
397.69	48.309
397.91	-41.379
398.12	51.429
398.33	10.582
398.55	5.417
398.76	82.734
398.98	-68.323
399.19	5.285
399.41	35.976
399.62	28.302
399.83	7.724
400.05	14.327
400.26	48.070
400.48	61.538
400.69	-1.724
400.90	17.703
401.12	60.769
401.33	-18.957
401.55	22.581
401.76	30.496
401.97	11.940
402.19	44.231
402.40	16.667
402.62	17.422
402.83	13.287
403.04	12.712
403.26	32.817
403.47	42.135
403.69	34.799
403.90	23.221
404.11	33.043
404.33	26.852
404.54	40.000
404.76	3.041
404.97	3.604
405.18	21.958
405.40	17.456
405.61	13.103
405.83	18.116
406.04	31.401
406.25	8.883
406.47	22.343
406.68	17.331
406.89	19.355
407.11	23.404
407.32	34.211
407.54	17.136
407.75	27.869
407.96	43.939
408.18	14.692
408.39	30.505
408.60	-2.457
408.82	23.398
409.03	26.536
409.24	29.676
409.46	-0.231
409.67	-10.736
409.89	13.779
410.10	37.331
410.31	15.451
410.53	43.645
410.74	33.728
410.95	11.822
411.17	28.846
411.38	22.364
411.59	20.508
411.81	13.391
412.02	16.886
412.23	22.989
412.45	11.379
412.66	16.495
412.87	17.995
413.09	16.637
413.30	21.250
413.51	29.305
413.73	20.157
413.94	19.298
414.15	24.207
414.37	26.381
414.58	26.756
414.79	16.735
415.01	32.366
415.22	7.794
415.43	13.830
415.65	35.751
415.86	15.221
416.07	9.418
416.29	14.114
416.50	14.831
416.71	22.372
416.93	16.459
417.14	9.542
417.35	3.654
417.57	16.829
417.78	22.931
417.99	-9.345
418.21	19.427
418.42	28.365
418.63	17.609
418.85	18.410
419.06	11.937
419.27	10.489
419.48	22.555
419.70	13.843
419.91	5.379
420.12	12.849
420.34	10.797
420.55	7.996
420.76	20.524
420.98	9.467
421.19	6.159
421.40	8.676
421.61	12.230
421.83	7.299
422.04	27.598
422.25	13.344
422.47	19.583
422.68	20.830
422.89	9.422
423.11	12.346
423.32	20.141
423.53	11.700
423.74	16.712
423.96	13.788
424.17	10.778
424.38	18.901
424.59	8.910
424.81	14.251
425.02	9.718
425.23	7.138
425.45	7.682
425.66	9.775
425.87	6.259
426.08	12.226
426.30	9.242
426.51	6.141
426.72	4.089
426.93	12.662
427.15	11.468
427.36	9.799
427.57	9.643
427.79	13.698
428.00	3.501
428.21	-28.447
428.42	8.239
428.64	7.282
428.85	9.748
429.06	8.193
429.27	8.389
429.49	14.161
429.70	12.480
429.91	8.761
430.12	8.691
430.34	10.928
430.55	6.906
430.76	12.711
430.97	9.234
431.19	8.302
431.40	8.708
431.61	11.633
431.82	10.125
432.03	15.847
432.25	7.020
432.46	9.751
432.67	10.991
432.88	7.612
433.10	15.312
433.31	9.944
433.52	9.835
433.73	10.253
433.95	12.788
434.16	12.276
434.37	9.350
434.58	8.908
434.79	11.115
435.01	10.342
435.22	10.826
435.43	10.233
435.64	8.227
435.86	9.490
436.07	7.256
436.28	10.697
436.49	9.422
436.70	12.311
436.92	12.394
437.13	7.068
437.34	9.762
437.55	11.828
437.76	8.881
437.98	9.035
438.19	6.259
438.40	9.772
438.61	6.883
438.82	10.430
439.04	8.374
439.25	12.694
439.46	13.458
439.67	12.382
439.88	10.750
440.10	6.486
440.31	6.675
440.52	8.215
440.73	6.396
440.94	12.870
441.16	7.924
441.37	7.506
441.58	11.136
441.79	7.652
442.00	7.233
442.21	8.297
442.43	9.950
442.64	7.517
442.85	11.078
443.06	8.313
443.27	5.685
443.48	11.681
443.70	10.454
443.91	9.446
444.12	8.837
444.33	6.174
444.54	9.387
444.75	6.645
444.97	9.482
445.18	6.957
445.39	11.424
445.60	8.712
445.81	5.860
446.02	6.961
446.24	10.414
446.45	7.620
446.66	6.868
446.87	5.618
447.08	10.559
447.29	9.679
447.51	7.878
447.72	9.842
447.93	6.503
448.14	9.071
448.35	6.649
448.56	8.068
448.77	10.753
448.99	10.179
449.20	8.584
449.41	10.435
449.62	10.206
449.83	6.840
450.04	9.661
450.25	7.633
450.46	7.346
450.68	9.324
450.89	10.151
451.10	9.105
451.31	9.322
451.52	7.973
451.73	11.612
451.94	8.729
452.15	10.048
452.37	8.090
452.58	8.660
452.79	9.089
453.00	9.034
453.21	10.393
453.42	10.218
453.63	8.207
453.84	9.134
454.06	10.496
454.27	9.562
454.48	7.678
454.69	9.979
454.90	10.583
455.11	10.782
455.32	7.496
455.53	12.494
455.74	11.214
455.95	10.205
456.17	9.479
456.38	10.281
456.59	10.832
456.80	10.033
457.01	8.064
457.22	9.016
457.43	11.719
457.64	7.381
457.85	9.596
458.06	12.135
458.27	8.258
458.49	7.868
458.70	9.603
458.91	10.741
459.12	9.241
459.33	10.206
459.54	7.507
459.75	10.551
459.96	9.353
460.17	9.819
460.38	10.011
460.59	8.725
460.80	5.340
461.01	10.346
461.23	11.024
461.44	9.556
461.65	10.609
461.86	9.912
462.07	12.155
462.28	10.594
462.49	9.518
462.70	10.503
462.91	11.438
463.12	10.980
463.33	11.336
463.54	7.808
463.75	9.687
463.96	9.735
464.17	8.613
464.38	10.513
464.59	11.239
464.81	9.397
465.02	9.940
465.23	8.556
465.44	10.694
465.65	10.883
465.86	10.165
466.07	10.492
466.28	11.930
466.49	10.096
466.70	8.237
466.91	12.449
467.12	9.264
467.33	11.805
467.54	11.111
467.75	10.738
467.96	10.684
468.17	8.961
468.38	10.060
468.59	9.224
468.80	10.635
469.01	10.833
469.22	10.615
469.43	10.641
469.64	10.494
469.85	9.849
470.06	10.682
470.27	10.872
470.48	9.037
470.69	9.321
470.90	11.129
471.11	10.505
471.32	9.815
471.53	11.573
471.74	9.995
471.95	10.103
472.16	10.656
472.37	10.310
472.58	11.332
472.79	9.159
473.00	10.323
473.21	9.874
473.42	9.394
473.63	10.737
473.84	9.245
474.05	10.118
474.26	9.836
474.47	10.315
474.68	9.254
474.89	11.363
475.10	8.797
475.31	9.743
475.52	9.817
475.73	9.637
475.94	10.171
476.15	9.697
476.36	10.844
476.57	10.860
476.78	11.908
476.99	10.158
477.20	9.146
477.41	10.488
477.62	10.779
477.83	11.320
478.04	11.896
478.25	10.077
478.46	10.950
478.67	9.790
478.88	9.678
479.09	11.312
479.30	11.534
479.51	11.045
479.72	9.957
479.93	11.662
480.14	12.038
480.35	9.540
480.56	9.598
480.77	10.042
480.98	9.941
481.18	11.012
481.39	10.405
481.60	9.652
481.81	10.378
482.02	11.261
482.23	9.446
482.44	9.532
482.65	10.904
482.86	11.054
483.07	10.917
483.28	10.287
483.49	10.566
483.70	10.341
483.91	10.593
484.12	11.575
484.33	11.264
484.53	11.028
484.74	9.979
484.95	11.244
485.16	10.497
485.37	10.514
485.58	11.153
485.79	9.567
486.00	11.003
486.21	11.367
486.42	10.720
486.63	10.116
486.84	12.418
487.05	11.032
487.25	10.549
487.46	11.116
487.67	10.672
487.88	10.467
488.09	10.400
488.30	10.629
488.51	1.607
488.72	12.261
488.93	10.327
489.14	10.552
489.35	11.307
489.55	10.463
489.76	9.838
489.97	11.311
490.18	10.907
490.39	10.907
490.60	11.275
490.81	10.739
491.02	11.499
491.23	11.119
491.43	11.057
491.64	11.577
491.85	10.751
492.06	9.612
492.27	10.648
492.48	10.635
492.69	10.777
492.90	11.027
493.11	10.640
493.31	10.787
493.52	10.841
493.73	10.653
493.94	10.931
494.15	11.216
494.36	11.326
494.57	11.638
494.78	11.059
494.98	10.879
495.19	11.445
495.40	10.665
495.61	11.026
495.82	11.123
496.03	10.580
496.24	11.814
496.44	10.571
496.65	10.579
496.86	11.421
497.07	11.576
497.28	10.385
497.49	10.616
497.70	11.482
497.90	10.820
498.11	10.339
498.32	10.499
498.53	11.403
498.74	11.716
498.95	11.356
499.15	10.297
499.36	11.006
499.57	10.993
499.78	10.530
499.99	10.851
500.20	11.346
500.40	11.089
500.61	11.561
500.82	11.226
501.03	11.743
501.24	11.306
501.45	11.725
501.65	11.445
501.86	11.286
502.07	10.800
502.28	10.894
502.49	10.613
502.70	10.841
502.90	10.810
503.11	11.218
503.32	10.426
503.53	11.744
503.74	11.030
503.94	11.007
504.15	10.812
504.36	10.310
504.57	11.487
504.78	11.381
504.98	12.255
505.19	12.032
505.40	11.254
505.61	11.479
505.82	11.296
506.02	11.505
506.23	11.740
506.44	10.806
506.65	11.260
506.86	11.193
507.06	12.073
507.27	10.652
507.48	11.511
507.69	11.098
507.90	11.621
508.10	11.045
508.31	11.847
508.52	11.416
508.73	12.194
508.94	11.308
509.14	11.484
509.35	11.419
509.56	10.939
509.77	11.459
509.97	11.112
510.18	11.652
510.39	11.493
510.60	12.290
510.80	11.296
511.01	11.634
511.22	11.596
511.43	11.807
511.64	11.921
511.84	12.292
512.05	12.230
512.26	12.431
512.47	11.316
512.67	11.617
512.88	11.917
513.09	12.239
513.30	11.676
513.50	11.134
513.71	11.057
513.92	11.893
514.13	11.386
514.33	12.257
514.54	11.666
514.75	12.600
514.96	11.598
515.16	11.441
515.37	11.937
515.58	12.258
515.78	12.044
515.99	12.273
516.20	11.969
516.41	12.658
516.61	12.478
516.82	12.016
517.03	12.128
517.24	12.301
517.44	12.677
517.65	11.992
517.86	12.324
518.07	12.518
518.27	12.274
518.48	12.390
518.69	12.478
518.89	12.807
519.10	12.222
519.31	11.549
519.52	12.599
519.72	12.917
519.93	12.699
520.14	12.317
520.34	12.772
520.55	12.726
520.76	12.605
520.96	12.860
521.17	12.947
521.38	13.433
521.59	12.552
521.79	12.992
522.00	13.169
522.21	13.097
522.41	12.917
522.62	13.051
522.83	13.126
523.03	13.190
523.24	13.271
523.45	13.196
523.66	13.601
523.86	14.150
524.07	13.772
524.28	13.402
524.48	14.154
524.69	14.270
524.90	13.171
525.10	13.924
525.31	13.643
525.52	13.495
525.72	13.865
525.93	14.036
526.14	13.983
526.34	14.338
526.55	14.111
526.76	13.919
526.96	13.792
527.17	14.255
527.38	14.225
527.58	14.028
527.79	15.144
528.00	14.988
528.20	15.030
528.41	14.731
528.62	14.563
528.82	14.824
529.03	15.490
529.24	15.822
529.44	15.038
529.65	15.431
529.85	14.914
530.06	15.027
530.27	15.848
530.47	15.410
530.68	15.118
530.89	15.152
531.09	15.061
531.30	15.327
531.51	15.027
531.71	15.301
531.92	15.540
532.13	15.480
532.33	16.203
532.54	15.953
532.74	15.432
532.95	16.145
533.16	15.916
533.36	15.885
533.57	15.417
533.78	16.551
533.98	16.038
534.19	16.472
534.39	15.685
534.60	16.695
534.81	16.031
535.01	15.948
535.22	16.412
535.42	16.994
535.63	16.437
535.84	16.412
536.04	16.032
536.25	16.419
536.45	16.188
536.66	16.692
536.87	16.843
537.07	16.702
537.28	17.134
537.48	16.923
537.69	16.878
537.90	16.648
538.10	16.134
538.31	17.064
538.51	16.776
538.72	17.162
538.93	16.720
539.13	17.145
539.34	16.582
539.54	16.690
539.75	17.150
539.96	17.263
540.16	17.430
540.37	17.119
540.57	17.196
540.78	17.432
540.98	16.803
541.19	17.315
541.40	17.301
541.60	16.631
541.81	17.321
542.01	17.071
542.22	17.196
542.42	17.497
542.63	17.521
542.83	17.401
543.04	17.698
543.25	18.461
543.45	17.989
543.66	17.253
543.86	17.793
544.07	17.361
544.27	17.857
544.48	17.364
544.68	17.805
544.89	17.442
545.10	17.741
545.30	17.446
545.51	17.234
545.71	17.569
545.92	17.650
546.12	17.805
546.33	18.176
546.53	17.603
546.74	17.905
546.94	17.560
547.15	17.617
547.36	18.259
547.56	18.106
547.77	17.686
547.97	17.918
548.18	18.312
548.38	18.099
548.59	18.099
548.79	17.952
549.00	17.471
549.20	18.356
549.41	18.173
549.61	17.536
549.82	18.308
550.02	17.661
550.23	17.868
550.43	17.701
550.64	18.225
550.84	18.654
551.05	18.106
551.25	17.932
551.46	18.141
551.66	18.362
551.87	18.241
552.07	18.161
552.28	17.682
552.48	18.466
552.69	18.552
552.89	18.010
553.10	18.439
553.30	18.618
553.51	18.806
553.71	18.327
553.92	18.323
554.12	18.422
554.33	18.537
554.53	18.046
554.74	17.820
554.94	18.232
555.15	18.348
555.35	18.612
555.56	18.642
555.76	18.088
555.97	18.090
556.17	18.192
556.38	18.540
556.58	18.471
556.78	17.960
556.99	18.398
557.19	18.487
557.40	18.004
557.60	18.175
557.81	18.324
558.01	17.936
558.22	18.035
558.42	18.499
558.63	18.372
558.83	18.087
559.04	18.434
559.24	18.217
559.44	18.845
559.65	17.819
559.85	18.109
560.06	18.587
560.26	18.335
560.47	18.641
560.67	14.020
560.88	18.017
561.08	18.223
561.28	18.335
561.49	18.983
561.69	18.268
561.90	18.423
562.10	18.515
562.31	18.098
562.51	18.022
562.71	18.486
562.92	17.949
563.12	18.310
563.33	18.201
563.53	17.918
563.74	18.404
563.94	18.157
564.14	17.772
564.35	18.188
564.55	17.761
564.76	17.863
564.96	18.032
565.17	17.874
565.37	17.906
565.57	17.768
565.78	17.745
565.98	17.577
566.19	17.727
566.39	17.356
566.59	17.950
566.80	17.911
567.00	17.840
567.21	17.379
567.41	17.407
567.61	17.520
567.82	17.391
568.02	17.369
568.23	17.377
568.43	17.342
568.63	17.404
568.84	16.931
569.04	17.165
569.24	17.203
569.45	17.738
569.65	17.606
569.86	16.912
570.06	17.143
570.26	17.317
570.47	16.836
570.67	16.894
570.87	16.960
571.08	16.454
571.28	16.908
571.49	16.550
571.69	16.819
571.89	16.563
572.10	16.412
572.30	16.436
572.50	16.200
572.71	16.414
572.91	16.421
573.11	16.359
573.32	16.543
573.52	16.726
573.73	16.347
573.93	15.975
574.13	16.262
574.34	16.100
574.54	15.841
574.74	16.128
574.95	15.804
575.15	15.897
575.35	15.637
575.56	15.890
575.76	15.562
575.96	16.259
576.17	15.239
576.37	15.588
576.57	15.657
576.78	15.636
576.98	15.986
577.18	15.354
577.39	15.493
577.59	15.743
577.79	15.644
578.00	14.930
578.20	14.888
578.40	15.155
578.61	15.727
578.81	15.182
579.01	15.210
579.22	15.289
579.42	15.192
579.62	15.194
579.82	14.854
580.03	15.097
580.23	15.120
580.43	14.907
580.64	14.629
580.84	14.916
581.04	15.227
581.25	14.539
581.45	14.677
581.65	14.842
581.86	14.849
582.06	14.229
582.26	14.588
582.46	15.497
582.67	14.690
582.87	14.749
583.07	15.043
583.28	14.321
583.48	14.750
583.68	14.948
583.88	14.372
584.09	14.799
584.29	14.432
584.49	14.172
584.70	14.300
584.90	14.615
585.10	14.148
585.30	14.216
585.51	14.399
585.71	14.482
585.91	14.267
586.11	14.149
586.32	14.386
586.52	14.211
586.72	14.521
586.92	14.067
587.13	13.876
587.33	14.552
587.53	14.160
587.74	14.108
587.94	14.226
588.14	14.103
588.34	14.070
588.55	14.243
588.75	13.617
588.95	14.032
589.15	13.903
589.36	13.961
589.56	14.179
589.76	14.080
589.96	14.060
590.16	13.705
590.37	13.887
590.57	14.190
590.77	13.583
590.97	13.754
591.18	13.953
591.38	13.757
591.58	10.552
591.78	13.743
591.99	13.456
592.19	13.602
592.39	14.114
592.59	13.844
592.79	13.478
593.00	13.470
593.20	13.712
593.40	13.728
593.60	14.058
593.81	13.735
594.01	13.271
594.21	13.858
594.41	13.948
594.61	13.610
594.82	13.692
595.02	13.641
595.22	13.681
595.42	13.663
595.62	13.579
595.83	13.515
596.03	13.758
596.23	13.282
596.43	13.723
596.63	13.174
596.84	13.530
597.04	13.522
597.24	14.022
597.44	13.413
597.64	13.557
597.84	13.577
598.05	13.125
598.25	13.423
598.45	13.386
598.65	13.572
598.85	13.242
599.06	13.606
599.26	13.396
599.46	13.600
599.66	13.521
599.86	13.363
600.06	13.649
600.27	13.373
600.47	13.560
600.67	13.566
600.87	13.164
601.07	13.634
601.27	13.343
601.48	13.515
601.68	13.234
601.88	13.610
602.08	13.496
602.28	13.366
602.48	13.053
602.68	12.965
602.89	13.202
603.09	13.332
603.29	13.471
603.49	13.414
603.69	12.999
603.89	13.531
604.09	13.510
604.30	13.386
604.50	13.351
604.70	13.191
604.90	12.901
605.10	13.450
605.30	13.008
605.50	13.345
605.71	13.535
605.91	13.473
606.11	13.472
606.31	13.130
606.51	13.574
606.71	12.956
606.91	13.000
607.11	13.249
607.32	13.041
607.52	13.378
607.72	13.191
607.92	12.961
608.12	13.384
608.32	13.172
608.52	12.935
608.72	13.184
608.92	13.239
609.12	13.166
609.33	13.398
609.53	13.249
609.73	13.140
609.93	12.981
610.13	12.876
610.33	12.705
610.53	12.959
610.73	13.320
610.93	13.075
611.13	12.929
611.34	13.086
611.54	13.157
611.74	13.293
611.94	12.850
612.14	12.914
612.34	13.118
612.54	13.185
612.74	13.078
612.94	12.919
613.14	12.751
613.34	12.923
613.54	12.922
613.74	12.733
613.95	13.228
614.15	13.299
614.35	12.918
614.55	13.111
614.75	12.900
614.95	12.582
615.15	12.969
615.35	12.877
615.55	12.782
615.75	12.631
615.95	12.834
616.15	13.132
616.35	12.897
616.55	12.630
616.75	12.807
616.95	12.727
617.15	12.675
617.35	12.514
617.56	12.999
617.76	12.884
617.96	13.008
618.16	12.769
618.36	12.720
618.56	12.897
618.76	12.618
618.96	12.749
619.16	12.724
619.36	12.982
619.56	12.395
619.76	12.943
619.96	12.276
620.16	12.458
620.36	12.727
620.56	12.783
620.76	12.983
620.96	12.416
621.16	12.607
621.36	12.731
621.56	12.691
621.76	12.498
621.96	12.701
622.16	12.345
622.36	12.337
622.56	12.428
622.76	12.394
622.96	12.472
623.16	12.420
623.36	12.480
623.56	12.488
623.76	12.469
623.96	12.660
624.16	12.703
624.36	12.766
624.56	12.508
624.76	12.386
624.96	12.371
625.16	12.560
625.36	12.462
625.56	12.135
625.76	12.662
625.96	12.603
626.16	12.634
626.36	12.232
626.56	12.649
626.76	12.597
626.96	12.659
627.16	12.368
627.36	12.392
627.56	12.564
627.76	12.833
627.96	12.358
628.16	12.463
628.36	12.696
628.56	12.600
628.75	12.290
628.95	12.546
629.15	12.554
629.35	12.441
629.55	12.572
629.75	12.729
629.95	12.451
630.15	12.455
630.35	12.644
630.55	12.212
630.75	12.356
630.95	12.625
631.15	12.623
631.35	12.333
631.55	12.295
631.75	12.778
631.95	12.681
632.15	12.417
632.34	12.513
632.54	12.513
632.74	12.377
632.94	12.479
633.14	12.021
633.34	12.579
633.54	12.374
633.74	12.132
633.94	12.558
634.14	12.167
634.34	12.173
634.54	12.450
634.74	12.511
634.93	12.335
635.13	12.266
635.33	12.165
635.53	12.312
635.73	12.463
635.93	12.249
636.13	12.308
636.33	12.037
636.53	12.516
636.73	12.237
636.93	12.030
637.12	12.329
637.32	12.202
637.52	12.190
637.72	12.336
637.92	12.349
638.12	12.195
638.32	12.220
638.52	12.001
638.72	12.366
638.91	12.214
639.11	12.091
639.31	12.240
639.51	12.142
639.71	11.971
639.91	12.052
640.11	12.319
640.31	12.054
640.50	12.167
640.70	12.197
640.90	11.835
641.10	12.109
641.30	12.201
641.50	11.862
641.70	12.148
641.89	12.121
642.09	11.998
642.29	11.997
642.49	12.014
642.69	12.120
642.89	11.996
643.09	12.060
643.28	12.035
643.48	12.122
643.68	11.991
643.88	12.071
644.08	11.945
644.28	11.732
644.48	12.197
644.67	11.916
644.87	12.013
645.07	12.038
645.27	11.961
645.47	11.727
645.67	11.852
645.86	12.091
646.06	11.737
646.26	11.882
646.46	11.934
646.66	11.805
646.85	11.987
647.05	11.782
647.25	11.943
647.45	11.637
647.65	11.529
647.85	11.813
648.04	11.536
648.24	12.210
648.44	11.765
648.64	11.444
648.84	11.815
649.03	11.654
649.23	11.631
649.43	11.689
649.63	11.614
649.83	11.517
650.02	11.848
650.22	11.897
650.42	11.526
650.62	11.549
650.82	11.781
651.01	11.423
651.21	11.662
651.41	11.782
651.61	11.529
651.81	11.682
652.00	11.583
652.20	11.581
652.40	11.711
652.60	11.781
652.79	11.637
652.99	11.627
653.19	11.644
653.39	11.554
653.59	11.814
653.78	11.735
653.98	11.774
654.18	11.693
654.38	11.517
654.57	11.703
654.77	11.520
654.97	11.493
655.17	11.566
655.36	11.626
655.56	11.314
655.76	11.607
655.96	11.868
656.15	11.375
656.35	11.422
656.55	11.550
656.75	11.689
656.94	11.441
657.14	11.735
657.34	11.780
657.54	11.712
657.73	11.667
657.93	11.461
658.13	11.608
658.33	11.354
658.52	11.684
658.72	11.720
658.92	11.807
659.11	11.417
659.31	11.618
659.51	11.390
659.71	11.565
659.90	11.503
660.10	11.304
660.30	11.527
660.50	11.508
660.69	11.396
660.89	11.576
661.09	11.691
661.28	11.432
661.48	11.548
661.68	11.389
661.87	11.647
662.07	11.569
662.27	11.457
662.47	11.815
662.66	11.317
662.86	11.645
663.06	11.406
663.25	11.470
663.45	11.575
663.65	11.802
663.84	11.540
664.04	11.640
664.24	11.724
664.44	11.314
664.63	11.594
664.83	11.611
665.03	11.433
665.22	11.414
665.42	11.481
665.62	11.502
665.81	11.497
666.01	11.566
666.21	11.525
666.40	11.504
666.60	11.584
666.80	11.493
666.99	11.352
667.19	11.385
667.39	11.616
667.58	11.586
667.78	11.604
667.98	11.494
668.17	11.247
668.37	11.396
668.57	11.412
668.76	11.538
668.96	11.430
669.16	11.450
669.35	11.694
669.55	11.552
669.74	11.739
669.94	11.322
670.14	11.372
670.33	11.459
670.53	11.307
670.73	11.355
670.92	11.580
671.12	11.497
671.32	11.427
671.51	11.248
671.71	11.131
671.90	11.405
672.10	11.548
672.30	11.256
672.49	11.790
672.69	11.373
672.89	11.227
673.08	11.358
673.28	11.701
673.47	11.290
673.67	11.632
673.87	11.744
674.06	11.345
674.26	11.511
674.45	11.270
674.65	11.846
674.85	11.850
675.04	11.505
675.24	11.503
675.43	11.438
675.63	11.524
675.83	11.326
676.02	11.412
676.22	11.330
676.41	11.627
676.61	11.751
676.81	11.543
677.00	11.603
677.20	11.327
677.39	11.519
677.59	11.325
677.79	11.547
677.98	11.817
678.18	11.508
678.37	11.671
678.57	11.372
678.76	11.651
678.96	11.646
679.16	11.595
679.35	11.759
679.55	11.378
679.74	11.677
679.94	11.656
680.13	11.493
680.33	11.620
680.53	11.473
680.72	11.452
680.92	11.703
681.11	11.621
681.31	11.540
681.50	11.863
681.70	11.769
681.89	11.447
682.09	11.408
682.28	11.666
682.48	11.432
682.68	11.726
682.87	11.831
683.07	11.684
683.26	11.506
683.46	11.767
683.65	11.595
683.85	11.716
684.04	11.950
684.24	11.627
684.43	11.839
684.63	12.048
684.82	12.043
685.02	11.652
685.21	11.875
685.41	11.723
685.60	11.763
685.80	11.571
686.00	11.952
686.19	12.025
686.39	11.755
686.58	12.012
686.78	11.810
686.97	12.038
687.17	11.978
687.36	12.168
687.56	11.764
687.75	11.921
687.95	11.864
688.14	12.164
688.34	11.931
688.53	11.761
688.73	12.127
688.92	11.827
689.12	11.788
689.31	11.861
689.51	12.045
689.70	12.274
689.89	11.549
690.09	11.749
690.28	12.048
690.48	11.717
690.67	12.079
690.87	11.744
691.06	12.404
691.26	12.244
691.45	11.997
691.65	11.925
691.84	12.193
692.04	12.031
692.23	12.303
692.43	12.156
692.62	12.197
692.82	12.166
693.01	12.341
693.20	12.530
693.40	12.494
693.59	12.056
693.79	12.431
693.98	12.440
694.18	12.356
694.37	12.395
694.57	12.403
694.76	12.823
694.95	12.430
695.15	12.736
695.34	13.169
695.54	12.692
695.73	13.303
695.93	12.992
696.12	13.027
696.32	13.379
696.51	13.168
696.70	13.226
696.90	13.359
697.09	13.536
697.29	13.761
697.48	13.673
697.67	13.801
697.87	13.825
698.06	13.992
698.26	13.962
698.45	14.177
698.65	14.688
698.84	14.498
699.03	14.540
699.23	15.075
699.42	15.137
699.62	15.263
699.81	15.325
700.00	15.470
700.20	15.805
700.39	15.841
700.59	15.973
700.78	16.002
700.97	16.539
701.17	16.265
701.36	16.640
701.56	16.853
701.75	16.733
701.94	17.275
702.14	17.112
702.33	17.899
702.52	17.917
702.72	17.773
702.91	18.148
703.11	18.375
703.30	18.690
703.49	18.662
703.69	19.007
703.88	18.970
704.07	19.719
704.27	20.031
704.46	20.201
704.66	20.355
704.85	20.289
705.04	20.822
705.24	20.807
705.43	21.341
705.62	21.563
705.82	21.483
706.01	21.847
706.20	22.300
706.40	22.764
706.59	22.603
706.78	22.806
706.98	23.068
707.17	23.264
707.36	23.746
707.56	23.966
707.75	23.987
707.94	24.354
708.14	24.584
708.33	24.738
708.52	24.577
708.72	25.735
708.91	25.551
709.10	25.991
709.30	26.075
709.49	26.328
709.68	26.817
709.88	26.857
710.07	26.969
710.26	27.530
710.46	27.683
710.65	28.119
710.84	28.337
711.04	28.570
711.23	28.595
711.42	28.868
711.61	29.110
711.81	29.580
712.00	29.828
712.19	29.807
712.39	30.486
712.58	30.738
712.77	31.045
712.97	31.120
713.16	31.665
713.35	31.740
713.54	31.877
713.74	31.991
713.93	32.690
714.12	32.475
714.32	33.026
714.51	32.907
714.70	33.251
714.89	33.431
715.09	34.608
715.28	34.367
715.47	34.156
715.66	34.356
715.86	34.914
716.05	35.452
716.24	35.824
716.44	35.633
716.63	35.984
716.82	36.898
717.01	36.547
717.21	37.075
717.40	37.320
717.59	37.455
717.78	38.082
717.98	37.902
718.17	38.377
718.36	38.672
718.55	38.963
718.75	39.585
718.94	39.096
719.13	39.469
719.32	39.290
719.52	40.235
719.71	40.427
719.90	41.138
720.09	41.268
720.28	41.265
720.48	41.272
720.67	41.852
720.86	41.846
721.05	42.492
721.25	42.697
721.44	42.949
721.63	43.120
721.82	43.305
722.01	44.058
722.21	44.137
722.40	44.337
722.59	44.866
722.78	44.908
722.98	45.079
723.17	45.425
723.36	45.799
723.55	45.859
723.74	46.270
723.94	46.364
724.13	46.906
724.32	47.291
724.51	47.117
724.70	47.381
724.89	47.696
725.09	48.572
725.28	48.957
725.47	48.940
725.66	48.348
725.85	48.966
726.05	49.483
726.24	50.042
726.43	50.586
726.62	50.430
726.81	50.667
727.00	51.350
727.20	51.536
727.39	51.610
727.58	51.853
727.77	52.083
727.96	52.797
728.15	52.252
728.35	52.657
728.54	53.343
728.73	53.781
728.92	53.560
729.11	53.825
729.30	54.334
729.50	53.934
729.69	55.086
729.88	55.209
730.07	55.067
730.26	55.494
730.45	55.424
730.64	55.876
730.84	55.721
731.03	56.707
731.22	56.599
731.41	56.626
731.60	56.965
731.79	57.824
731.98	57.106
732.18	57.561
732.37	58.525
732.56	58.122
732.75	58.942
732.94	59.204
733.13	59.477
733.32	59.429
733.51	59.221
733.71	59.698
733.90	59.906
734.09	60.279
734.28	60.775
734.47	60.535
734.66	61.725
734.85	60.857
735.04	61.407
735.23	61.128
735.42	61.835
735.62	61.400
735.81	62.317
736.00	62.582
736.19	61.987
736.38	62.405
736.57	62.860
736.76	63.532
736.95	63.422
737.14	63.494
737.33	63.510
737.52	63.613
737.72	64.221
737.91	64.958
738.10	64.370
738.29	64.542
738.48	65.588
738.67	64.327
738.86	64.548
739.05	65.189
739.24	65.772
739.43	65.309
739.62	65.593
739.81	65.431
740.00	65.820
740.19	67.045
740.39	66.774
740.58	66.224
740.77	67.285
740.96	66.587
741.15	66.811
741.34	67.155
741.53	67.356
741.72	68.011
741.91	67.837
742.10	67.273
742.29	68.589
742.48	68.280
742.67	68.236
742.86	68.414
743.05	68.124
743.24	68.435
743.43	68.586
743.62	68.931
743.81	69.411
744.00	68.632
744.19	69.653
744.38	68.955
744.57	70.419
744.76	69.537
744.95	70.394
745.14	69.958
745.33	69.502
745.52	69.837
745.71	69.866
745.90	70.174
746.09	69.969
746.28	70.507
746.47	70.348
746.66	70.575
746.85	71.001
747.04	71.047
747.23	70.855
747.42	70.921
747.61	71.355
747.80	71.094
747.99	71.688
748.18	71.046
748.37	72.183
748.56	71.684
748.75	71.841
748.94	71.242
749.13	71.918
749.32	72.212
749.51	71.877
749.70	71.855
749.89	72.535
750.08	72.190
750.27	71.751
750.46	72.472
750.65	72.329
750.84	72.706
751.03	72.304
751.22	71.851
751.41	72.962
751.60	72.628
751.79	72.992
751.98	72.662
752.17	72.953
752.36	72.463
752.55	72.803
752.74	73.031
752.93	73.184
753.12	73.593
753.30	73.414
753.49	73.570
753.68	73.056
753.87	73.365
754.06	73.974
754.25	74.297
754.44	73.743
754.63	74.278
754.82	74.560
755.01	74.437
755.20	74.336
755.39	73.821
755.58	73.901
755.77	74.385
755.96	73.793
756.14	74.404
756.33	74.248
756.52	74.231
756.71	74.352
756.90	74.083
757.09	74.199
757.28	74.347
757.47	74.778
757.66	74.519
757.85	74.256
758.04	74.554
758.22	75.029
758.41	74.581
758.60	74.844
758.79	74.741
758.98	75.196
759.17	75.164
759.36	75.232
759.55	75.139
759.74	74.696
759.92	74.683
760.11	74.754
760.30	74.737
760.49	74.898
760.68	74.593
760.87	75.119
761.06	75.078
761.25	74.729
761.43	74.603
761.62	75.120
761.81	75.087
762.00	75.791
762.19	74.826
762.38	75.729
762.57	74.868
762.76	75.935
762.94	75.143
763.13	74.675
763.32	75.597
763.51	75.510
763.70	74.864
763.89	75.464
764.07	75.477
764.26	75.371
764.45	75.574
764.64	75.259
764.83	75.412
765.02	75.812
765.21	75.055
765.39	75.426
765.58	75.839
765.77	74.953
765.96	75.247
766.15	76.265
766.34	75.446
766.52	75.142
766.71	75.502
766.90	76.070
767.09	75.762
767.28	75.009
767.46	76.664
767.65	75.471
767.84	75.782
768.03	75.763
768.22	75.273
768.40	75.714
768.59	75.513
768.78	77.256
768.97	75.086
769.16	75.321
769.34	75.928
769.53	75.412
769.72	75.669
769.91	75.386
770.10	75.980
770.28	75.242
770.47	75.878
770.66	75.351
770.85	75.562
771.04	75.654
771.22	74.876
771.41	75.684
771.60	76.519
771.79	76.135
771.98	76.357
772.16	76.223
772.35	75.707
772.54	74.900
772.73	75.949
772.91	76.112
773.10	75.942
773.29	76.375
773.48	76.472
773.66	75.376
773.85	76.635
774.04	75.032
774.23	75.639
774.41	75.450
774.60	75.902
774.79	76.588
774.98	75.844
775.16	75.726
775.35	75.559
775.54	76.089
775.73	76.131
775.91	75.998
776.10	77.060
776.29	74.904
776.48	75.598
776.66	76.269
776.85	75.470
777.04	76.036
777.23	75.754
777.41	75.681
777.60	76.955
777.79	75.270
777.97	75.558
778.16	75.690
778.35	75.730
778.54	76.490
778.72	76.726
778.91	75.961
779.10	76.035
779.28	75.772
779.47	76.298
779.66	75.488
779.85	76.382
780.03	76.447
780.22	76.602
780.41	76.135
780.59	76.155
780.78	76.628
780.97	76.285
781.15	76.201
781.34	76.542
781.53	75.430
781.71	75.981
781.90	76.517
782.09	75.824
782.27	75.816
782.46	75.265
782.65	76.177
782.84	75.910
783.02	75.784
783.21	76.875
783.40	76.527
783.58	76.747
783.77	75.133
783.96	75.470
784.14	75.542
784.33	75.532
784.52	76.430
784.70	76.882
784.89	76.100
785.07	76.124
785.26	76.180
785.45	76.211
785.63	76.474
785.82	75.631
786.01	74.855
786.19	75.934
786.38	75.897
786.57	77.262
786.75	75.877
786.94	76.329
787.13	75.997
787.31	75.953
787.50	75.698
787.68	75.642
787.87	76.218
788.06	76.008
788.24	76.463
788.43	76.421
788.62	76.288
788.80	75.874
788.99	75.808
789.17	75.784
789.36	76.303
789.55	75.900
789.73	75.853
789.92	76.343
790.10	75.412
790.29	75.868
790.48	76.555
790.66	77.160
790.85	76.655
791.03	75.956
791.22	76.587
791.41	75.467
791.59	75.637
791.78	76.613
791.96	76.026
792.15	76.581
792.34	76.572
792.52	75.974
792.71	76.353
792.89	75.546
793.08	76.025
793.27	76.342
793.45	75.673
793.64	76.669
793.82	76.417
794.01	76.385
794.19	76.139
794.38	76.236
794.57	76.098
794.75	76.535
794.94	76.323
795.12	76.146
795.31	75.556
795.49	75.636
795.68	75.853
795.86	75.606
796.05	75.902
796.24	76.384
796.42	76.547
796.61	75.506
796.79	75.853
796.98	76.650
797.16	76.593
797.35	75.665
797.53	75.872
797.72	76.458
797.90	75.830
798.09	76.436
798.27	76.153
798.46	76.013
798.65	76.019
798.83	76.091
799.02	76.513
799.20	76.338
799.39	75.716
799.57	76.518
799.76	75.529
799.94	75.981
800.13	76.058
800.31	76.626
800.50	76.360
800.68	76.804
800.87	76.080
801.05	76.641
801.24	75.877
801.42	76.239
801.61	76.941
801.79	75.769
801.98	75.377
802.16	75.833
802.35	75.998
802.53	76.132
802.72	76.437
802.90	76.402
803.09	76.655
803.27	76.542
803.46	75.706
803.64	75.883
803.83	75.184
804.01	75.642
804.20	76.540
804.38	76.088
804.56	76.024
804.75	76.012
804.93	75.641
805.12	75.597
805.30	75.745
805.49	75.695
805.67	76.499
805.86	75.839
806.04	76.051
806.23	76.062
806.41	76.058
806.59	76.657
806.78	76.262
806.96	76.571
807.15	75.440
807.33	76.387
807.52	76.241
807.70	75.684
807.89	76.567
808.07	76.218
808.25	75.792
808.44	76.832
808.62	75.987
808.81	76.332
808.99	76.217
809.18	76.193
809.36	75.408
809.54	75.914
809.73	76.604
809.91	76.441
810.10	75.700
810.28	75.835
810.47	76.757
810.65	76.325
810.83	76.368
811.02	76.353
811.20	75.283
811.39	76.039
811.57	76.539
811.75	76.272
811.94	75.992
812.12	76.458
812.31	75.921
812.49	75.679
812.67	76.070
812.86	76.659
813.04	75.616
813.23	76.279
813.41	75.888
813.59	76.642
813.78	76.538
813.96	76.236
814.14	75.769
814.33	76.122
814.51	77.057
814.70	76.706
814.88	76.265
815.06	76.135
815.25	76.117
815.43	76.753
815.61	75.984
815.80	76.361
815.98	75.796
816.16	75.879
816.35	76.593
816.53	76.907
816.72	75.883
816.90	76.410
817.08	76.334
817.27	75.611
817.45	75.918
817.63	76.264
817.82	75.917
818.00	76.277
818.18	76.637
818.37	75.273
818.55	75.791
818.73	75.933
818.92	76.016
819.10	76.203
819.28	76.181
819.47	75.976
819.65	75.980
819.83	75.931
820.02	75.998
820.20	76.205
820.38	75.714
820.57	75.704
820.75	76.296
820.93	75.344
821.11	75.661
821.30	76.506
821.48	75.837
821.66	76.435
821.85	76.382
822.03	75.607
822.21	76.233
822.40	76.581
822.58	76.679
822.76	75.866
822.94	76.752
823.13	76.198
823.31	75.436
823.49	76.476
823.68	76.475
823.86	75.474
824.04	77.140
824.22	76.668
824.41	75.644
824.59	76.259
824.77	76.087
824.96	76.464
825.14	75.646
825.32	75.513
825.50	75.351
825.69	76.204
825.87	76.669
826.05	75.980
826.23	76.056
826.42	76.336
826.60	76.007
826.78	75.188
826.96	76.025
827.15	76.277
827.33	76.560
827.51	75.772
827.69	75.556
827.88	75.987
828.06	76.681
828.24	77.285
828.42	75.961
828.61	76.266
828.79	76.712
828.97	75.276
829.15	75.455
829.34	77.097
829.52	76.105
829.70	75.800
829.88	77.367
830.06	76.833
830.25	76.910
830.43	75.985
830.61	76.167
830.79	77.348
830.97	75.939
831.16	76.526
831.34	76.267
831.52	76.608
831.70	75.870
831.89	76.293
832.07	76.211
832.25	77.083
832.43	76.898
832.61	76.321
832.80	75.264
832.98	76.116
833.16	76.877
833.34	75.808
833.52	76.393
833.70	76.438
833.89	76.522
834.07	75.518
834.25	76.424
834.43	75.829
834.61	76.204
834.80	77.921
834.98	75.824
835.16	76.207
835.34	76.604
835.52	76.166
835.70	76.794
835.89	76.678
836.07	76.727
836.25	78.065
836.43	76.103
836.61	76.605
836.79	76.234
836.97	76.558
837.16	76.569
837.34	76.240
837.52	77.230
837.70	76.213
837.88	76.028
838.06	76.519
838.24	77.300
838.43	76.983
838.61	76.785
838.79	76.609
838.97	76.683
839.15	76.066
839.33	75.840
839.51	75.697
839.70	76.091
839.88	76.694
840.06	76.934
840.24	75.746
840.42	77.542
840.60	76.846
840.78	76.254
840.96	75.871
841.14	76.372
841.33	77.564
841.51	76.563
841.69	75.979
841.87	75.533
842.05	76.278
842.23	76.467
842.41	76.929
842.59	76.520
842.77	76.545
842.95	75.566
843.14	76.978
843.32	77.069
843.50	76.288
843.68	76.168
843.86	76.318
844.04	76.405
844.22	77.094
844.40	77.639
844.58	76.393
844.76	76.135
844.94	77.079
845.12	76.601
845.30	75.522
845.49	76.264
845.67	76.304
845.85	77.229
846.03	75.050
846.21	75.864
846.39	76.326
846.57	76.139
846.75	75.940
846.93	76.526
847.11	75.479
847.29	75.181
847.47	76.535
847.65	76.248
847.83	77.331
848.01	76.608
848.19	75.749
848.37	76.142
848.55	75.887
848.73	75.354
848.91	76.653
849.09	75.492
849.27	75.522
849.46	75.614
849.64	76.482
849.82	76.054
850.00	76.640
850.18	75.707
850.36	76.809
850.54	76.509
850.72	76.805
850.90	76.090
851.08	76.362
851.26	77.053
851.44	76.195
851.62	75.887
851.80	76.178
851.98	76.122
852.16	76.497
852.34	76.797
852.52	76.227
852.70	75.550
852.88	76.750
853.06	76.246
853.24	76.917
853.42	76.613
853.60	75.860
853.78	76.703
853.96	77.412
854.14	76.193
854.31	76.806
854.49	76.976
854.67	75.685
854.85	76.843
855.03	75.727
855.21	76.033
855.39	76.168
855.57	76.089
855.75	76.145
855.93	76.643
856.11	76.037
856.29	76.631
856.47	76.809
856.65	76.036
856.83	76.291
857.01	75.841
857.19	76.173
857.37	74.825
857.55	75.829
857.73	76.591
857.91	75.988
858.09	75.972
858.26	76.443
858.44	76.301
858.62	76.961
858.80	77.679
858.98	76.039
859.16	77.051
859.34	76.447
859.52	75.733
859.70	75.815
859.88	77.171
860.06	75.803
860.24	76.348
860.42	76.216
860.59	75.928
860.77	77.026
860.95	76.680
861.13	76.507
861.31	75.300
861.49	76.519
861.67	77.296
861.85	75.531
862.03	76.797
862.21	75.746
862.38	75.920
862.56	77.134
862.74	76.159
862.92	76.492
863.10	76.640
863.28	76.719
863.46	75.542
863.64	76.694
863.82	77.563
863.99	77.080
864.17	75.841
864.35	76.892
864.53	75.665
864.71	76.542
864.89	76.589
865.07	76.367
865.24	77.116
865.42	76.891
865.60	77.381
865.78	76.918
865.96	76.921
866.14	76.777
866.32	77.678
866.49	76.319
866.67	76.801
866.85	77.605
867.03	76.543
867.21	76.627
867.39	76.371
867.56	76.591
867.74	75.848
867.92	75.635
868.10	75.439
868.28	77.837
868.46	76.354
868.63	76.576
868.81	76.658
868.99	76.709
869.17	76.020
869.35	77.028
869.53	76.115
869.70	76.407
869.88	76.361
870.06	77.022
870.24	77.050
870.42	76.733
870.59	76.452
870.77	77.061
870.95	77.327
871.13	76.820
871.31	76.247
871.48	77.658
871.66	76.932
871.84	76.176
872.02	77.220
872.20	77.108
872.37	76.939
872.55	76.766
872.73	76.693
872.91	76.599
873.08	76.740
873.26	76.703
873.44	76.003
873.62	77.503
873.80	76.696
873.97	76.958
874.15	77.176
874.33	77.017
874.51	76.758
874.68	76.539
874.86	77.929
875.04	75.725
875.22	77.454
875.39	76.657
875.57	76.073
875.75	76.693
875.93	77.142
876.10	75.607
876.28	76.820
876.46	75.957
876.64	75.853
876.81	77.778
876.99	77.549
877.17	76.234
877.35	76.914
877.52	76.067
877.70	76.912
877.88	75.813
878.06	76.905
878.23	77.626
878.41	77.332
878.59	76.468
878.76	76.464
878.94	75.112
879.12	77.114
879.30	77.136
879.47	76.859
879.65	75.874
879.83	76.049
880.00	77.422
880.18	76.490
880.36	76.825
880.53	75.645
880.71	77.171
880.89	77.314
881.07	77.123
881.24	77.368
881.42	76.056
881.60	76.516
881.77	76.927
881.95	76.308
882.13	76.363
882.30	76.799
882.48	75.942
882.66	78.065
882.83	77.245
883.01	77.268
883.19	76.269
883.36	76.520
883.54	77.036
883.72	77.341
883.89	76.214
884.07	77.457
884.25	76.380
884.42	76.765
884.60	75.669
884.78	76.132
884.95	76.283
885.13	76.369
885.31	76.354
885.48	75.576
885.66	77.241
885.84	77.333
886.01	76.285
886.19	76.262
886.36	76.061
886.54	76.125
886.72	76.827
886.89	77.534
887.07	76.307
887.25	76.608
887.42	76.050
887.60	76.168
887.78	76.370
887.95	76.144
888.13	76.184
888.30	77.384
888.48	77.462
888.66	77.101
888.83	77.104
889.01	77.350
889.18	77.239
889.36	75.552
889.54	76.859
889.71	77.042
889.89	76.406
890.06	75.977
890.24	76.256
890.42	77.049
890.59	76.978
890.77	76.875
890.94	76.371
891.12	76.753
891.30	76.548
891.47	75.832
891.65	76.714
891.82	76.828
892.00	76.469
892.17	76.990
892.35	75.999
892.53	77.775
892.70	76.744
892.88	76.186
893.05	75.778
893.23	76.808
893.40	78.260
893.58	76.159
893.75	77.040
893.93	76.116
894.11	76.651
894.28	76.222
894.46	75.670
894.63	76.650
894.81	76.510
894.98	77.391
895.16	78.152
895.33	77.219
895.51	76.489
895.68	76.124
895.86	77.682
896.04	76.432
896.21	77.303
896.39	75.696
896.56	77.323
896.74	77.258
896.91	76.746
897.09	76.366
897.26	77.240
897.44	76.132
897.61	76.492
897.79	78.564
897.96	77.414
898.14	76.756
898.31	76.383
898.49	76.804
898.66	75.895
898.84	77.196
899.01	77.576
899.19	77.431
899.36	76.030
899.54	77.292
899.71	75.568
899.89	76.295
900.06	74.681
900.24	77.043
900.41	76.663
900.59	77.153
900.76	75.940
900.94	78.441
901.11	75.848
901.29	76.010
901.46	76.944
901.63	75.911
901.81	77.217
901.98	77.252
902.16	77.882
902.33	76.351
902.51	77.066
902.68	75.849
902.86	77.523
903.03	75.748
903.21	76.244
903.38	77.794
903.56	76.646
903.73	76.940
903.90	76.410
904.08	76.961
904.25	76.897
904.43	76.224
904.60	78.307
904.78	77.711
904.95	78.217
905.12	77.620
905.30	77.988
905.47	76.947
905.65	76.958
905.82	75.817
906.00	76.634
906.17	76.865
906.34	75.738
906.52	76.136
906.69	76.304
906.87	76.314
907.04	76.318
907.21	77.389
907.39	76.205
907.56	76.965
907.74	77.151
907.91	76.812
908.08	76.630
908.26	76.573
908.43	77.094
908.61	75.985
908.78	77.309
908.95	77.509
909.13	77.690
909.30	77.429
909.48	79.038
909.65	77.967
909.82	77.579
910.00	76.716
910.17	76.392
910.34	76.859
910.52	77.995
910.69	76.875
910.87	76.227
911.04	76.133
911.21	76.373
911.39	77.509
911.56	78.059
911.73	77.588
911.91	76.448
912.08	77.695
912.25	77.570
912.43	79.373
912.60	77.450
912.77	77.820
912.95	76.904
913.12	76.369
913.29	78.025
913.47	77.275
913.64	77.115
913.81	77.151
913.99	76.828
914.16	77.094
914.33	77.132
914.51	78.186
914.68	77.611
914.85	77.110
915.03	78.596
915.20	77.036
915.37	76.105
915.55	75.642
915.72	76.946
915.89	76.671
916.07	76.659
916.24	76.236
916.41	77.884
916.59	75.913
916.76	76.011
916.93	77.572
917.10	77.166
917.28	77.210
917.45	75.008
917.62	76.497
917.80	76.825
917.97	76.488
918.14	77.249
918.31	77.416
918.49	77.544
918.66	76.220
918.83	76.341
919.01	75.902
919.18	77.192
919.35	77.051
919.52	75.371
919.70	76.686
919.87	76.749
920.04	76.311
920.21	76.523
920.39	77.200
920.56	76.736
920.73	75.965
920.90	76.861
921.08	76.687
921.25	76.999
921.42	76.335
921.59	76.458
921.77	76.849
921.94	76.846
922.11	75.737
922.28	77.131
922.46	77.438
922.63	76.807
922.80	76.717
922.97	77.608
923.15	77.049
923.32	77.408
923.49	75.935
923.66	77.673
923.83	76.109
924.01	76.081
924.18	77.534
924.35	76.362
924.52	77.595
924.69	77.023
924.87	77.452
925.04	75.678
925.21	77.741
925.38	77.565
925.55	75.800
925.73	77.736
925.90	77.371
926.07	76.929
926.24	75.762
926.41	78.498
926.59	76.438
926.76	79.385
926.93	76.205
927.10	76.514
927.27	76.712
927.45	76.933
927.62	78.033
927.79	75.582
927.96	76.887
928.13	76.845
928.30	77.074
928.48	75.582
928.65	77.401
928.82	76.258
928.99	76.032
929.16	78.389
929.33	76.382
929.50	74.399
929.68	77.002
929.85	75.516
930.02	78.119
930.19	77.036
930.36	77.211
930.53	76.830
930.70	76.672
930.88	75.401
931.05	73.362
931.22	76.806
931.39	74.283
931.56	77.585
931.73	74.643
931.90	78.115
932.08	77.597
932.25	77.127
932.42	74.415
932.59	78.499
932.76	77.120
932.93	77.612
933.10	78.080
933.27	77.044
933.44	76.434
933.62	77.102
933.79	74.501
933.96	76.568
934.13	78.158
934.30	76.237
934.47	76.699
934.64	75.918
934.81	78.968
934.98	75.403
935.15	75.955
935.32	75.183
935.50	76.629
935.67	78.764
935.84	74.484
936.01	76.371
936.18	77.466
936.35	73.396
936.52	76.055
936.69	73.574
936.86	77.944
937.03	73.022
937.20	76.492
937.37	77.099
937.54	78.105
937.71	77.017
937.89	76.537
938.06	73.909
938.23	79.669
938.40	76.884
938.57	73.366
938.74	79.301
938.91	77.807
939.08	75.426
939.25	73.623
939.42	73.879
939.59	77.781
939.76	77.294
939.93	80.485
940.10	75.727
940.27	71.915
940.44	77.354
940.61	76.457
940.78	75.094
940.95	76.874
941.12	75.721
941.29	73.865
941.46	74.032
941.63	72.412
941.80	76.893
941.97	72.145
942.14	73.698
942.31	76.944
942.48	73.243
942.65	78.066
942.82	75.178
942.99	74.625
943.16	75.608
943.33	77.425
943.50	77.580
943.67	78.069
943.84	77.702
944.01	74.918
944.18	74.826
944.35	75.585
944.52	72.883
944.69	76.860
944.86	79.777
945.03	73.528
945.20	79.400
945.37	73.288
945.54	71.086
945.71	75.057
945.88	74.009
946.05	70.223
946.22	73.578
946.39	74.895
946.56	75.888
946.73	75.785
946.90	76.346
947.07	75.362
947.23	76.086
947.40	69.497
947.57	73.785
947.74	77.435
947.91	76.669
948.08	71.678
948.25	75.454
948.42	75.091
948.59	73.392
948.76	76.739
948.93	76.389
949.10	71.877
949.27	73.434
949.44	76.135
949.60	71.114
949.77	79.227
949.94	75.787
950.11	73.029
950.28	77.496
950.45	75.548
950.62	71.907
950.79	73.107
950.96	76.051
951.13	71.978
951.30	76.565
951.46	72.873
951.63	75.156
951.80	74.048
951.97	74.225
952.14	76.113
952.31	74.968
952.48	77.627
952.65	75.301
952.81	75.271
952.98	75.169
953.15	77.126
953.32	73.920
953.49	74.059
953.66	79.573
953.83	74.399
954.00	73.774
954.16	74.468
954.33	75.786
954.50	78.663
954.67	77.030
954.84	73.359
955.01	73.897
955.18	75.647
955.34	76.638
955.51	76.000
955.68	75.276
955.85	76.175
956.02	73.262
956.19	74.645
956.35	72.806
956.52	77.358
956.69	75.817
956.86	75.604
957.03	73.729
957.20	74.503
957.36	71.700
957.53	73.196
957.70	75.186
957.87	73.995
958.04	73.016
958.21	77.127
958.37	72.700
958.54	75.791
958.71	74.869
958.88	74.132
959.05	73.386
959.21	76.453
959.38	75.537
959.55	75.798
959.72	73.616
959.89	74.493
960.05	78.171
960.22	73.060
960.39	72.124
960.56	78.475
960.72	75.026
960.89	73.150
961.06	73.911
961.23	74.029
961.40	76.695
961.56	73.747
961.73	77.326
961.90	73.480
962.07	75.904
962.23	71.443
962.40	74.197
962.57	72.809
962.74	73.321
962.90	71.508
963.07	76.054
963.24	74.547
963.41	77.425
963.57	73.052
963.74	73.176
963.91	77.262
964.08	73.407
964.24	74.519
964.41	75.736
964.58	75.552
964.75	78.272
964.91	75.514
965.08	72.457
965.25	78.028
965.42	78.105
965.58	74.635
965.75	73.543
965.92	76.049
966.08	76.574
966.25	77.095
966.42	77.123
966.59	74.726
966.75	75.565
966.92	77.198
967.09	73.564
967.25	75.092
967.42	73.763
967.59	73.914
967.75	77.592
967.92	76.076
968.09	76.648
968.26	74.174
968.42	72.840
968.59	78.069
968.76	79.313
968.92	75.826
969.09	74.843
969.26	75.132
969.42	78.893
969.59	76.286
969.76	75.238
969.92	75.139
970.09	74.281
970.26	74.696
970.42	75.642
970.59	76.036
970.76	76.425
970.92	74.341
971.09	74.252
971.26	75.145
971.42	75.546
971.59	74.759
971.76	76.343
971.92	73.045
972.09	78.090
972.25	77.717
972.42	71.346
972.59	83.442
972.75	80.921
972.92	72.421
973.09	76.431
973.25	76.515
973.42	75.344
973.58	78.650
973.75	72.757
973.92	79.058
974.08	77.079
974.25	76.328
974.42	73.303
974.58	75.994
974.75	74.171
974.91	76.996
975.08	78.846
975.25	76.031
975.41	78.891
975.58	71.901
975.74	71.452
975.91	74.815
976.08	78.924
976.24	77.163
976.41	73.311
976.57	75.043
976.74	74.533
976.91	77.533
977.07	75.121
977.24	77.126
977.40	82.326
977.57	72.301
977.73	74.389
977.90	71.731
978.07	73.975
978.23	74.970
978.40	79.061
978.56	78.928
978.73	76.178
978.89	73.171
979.06	73.224
979.22	75.241
979.39	73.967
979.56	76.712
979.72	76.218
979.89	77.408
980.05	73.671
980.22	76.698
980.38	75.664
980.55	76.135
980.71	72.332
980.88	76.275
981.04	74.260
981.21	76.195
981.37	73.423
981.54	70.733
981.70	77.125
981.87	77.700
982.04	77.778
982.20	75.624
982.37	71.061
982.53	77.648
982.70	77.332
982.86	75.137
983.03	76.962
983.19	76.036
983.36	77.141
983.52	73.806
983.69	76.798
983.85	74.299
984.02	69.318
984.18	73.190
984.35	76.670
984.51	72.584
984.68	74.537
984.84	76.311
985.00	73.960
985.17	78.375
985.33	75.550
985.50	74.117
985.66	77.002
985.83	73.681
985.99	73.793
986.16	74.317
986.32	73.463
986.49	74.572
986.65	73.802
986.82	75.376
986.98	73.990
987.15	73.972
987.31	71.472
987.47	78.720
987.64	75.359
987.80	74.036
987.97	76.972
988.13	80.369
988.30	74.837
988.46	75.266
988.63	75.092
988.79	75.274
988.95	78.407
989.12	70.414
989.28	73.799
989.45	73.127
989.61	72.946
989.77	74.085
989.94	71.255
990.10	76.003
990.27	75.650
990.43	79.977
990.60	76.932
990.76	75.765
990.92	75.321
991.09	75.480
991.25	74.318
991.42	73.521
991.58	72.151
991.74	78.580
991.91	74.035
992.07	75.368
992.24	71.789
992.40	78.860
992.56	76.880
992.73	74.778
992.89	75.647
993.05	76.878
993.22	79.222
993.38	74.324
993.55	74.618
993.71	75.610
993.87	75.216
994.04	70.866
994.20	77.071
994.36	72.888
994.53	73.812
994.69	70.920
994.85	73.333
995.02	76.349
995.18	78.138
995.34	81.437
995.51	80.107
995.67	74.642
995.84	78.390
996.00	76.068
996.16	77.387
996.33	71.649
996.49	71.741
996.65	77.273
996.82	78.395
996.98	79.681
997.14	81.024
997.31	79.259
997.47	72.286
997.63	76.989
997.79	71.814
997.96	68.778
998.12	76.733
998.28	76.208
998.45	75.923
998.61	74.611
998.77	75.629
998.94	67.366
999.10	72.824
999.26	76.941
999.43	76.986
999.59	75.237
999.75	73.950
999.91	70.862
1000.08	70.514
1000.24	71.805
1000.40	72.117
1000.57	70.628
1000.73	71.897
1000.89	77.686
1001.05	77.011
1001.22	78.509
1001.38	78.679
1001.54	80.150
1001.70	72.436
1001.87	72.277
1002.03	67.287
1002.19	73.801
1002.35	78.258
1002.52	72.683
1002.68	77.088
1002.84	70.073
1003.00	72.872
1003.17	75.498
1003.33	75.927
1003.49	70.405
1003.65	75.677
1003.82	78.412
1003.98	72.553
1004.14	69.472
1004.30	76.182
1004.47	73.012
1004.63	78.000
1004.79	74.292
1004.95	72.968
1005.11	69.898
1005.28	73.986
1005.44	76.467
1005.60	81.056
1005.76	72.090
1005.93	77.566
1006.09	66.452
1006.25	81.265
1006.41	72.627
1006.57	76.756
1006.74	79.427
1006.90	73.835
1007.06	69.552
1007.22	71.308
1007.38	70.373
1007.55	72.598
1007.71	78.947
1007.87	78.627
1008.03	72.161
1008.19	76.846
1008.35	76.334
1008.52	74.508
1008.68	72.764
1008.84	72.588
1009.00	77.069
1009.16	71.992
1009.32	76.165
1009.49	76.817
1009.65	68.791
1009.81	68.712
1009.97	70.119
1010.13	74.522
1010.29	72.502
1010.46	72.028
1010.62	68.239
1010.78	74.428
1010.94	70.193
1011.10	79.619
1011.26	73.213
1011.42	62.076
1011.59	70.922
1011.75	70.845
1011.91	80.617
1012.07	75.732
1012.23	74.157
1012.39	68.162
1012.55	71.121
1012.71	71.263
1012.88	73.349
1013.04	74.549
1013.20	73.383
1013.36	72.312
1013.52	71.175
1013.68	76.235
1013.84	76.539
1014.00	69.538
1014.16	72.586
1014.33	78.644
1014.49	69.019
1014.65	76.366
1014.81	77.720
1014.97	68.006
1015.13	72.522
1015.29	68.901
1015.45	71.293
1015.61	73.815
1015.77	77.441
1015.93	80.629
1016.09	78.192
1016.26	81.714
1016.42	72.848
1016.58	69.628
1016.74	78.374
1016.90	73.339
1017.06	77.063
1017.22	76.160
1017.38	62.080
1017.54	72.371
1017.70	82.051
1017.86	72.940
1018.02	71.906
1018.18	77.214
1018.34	68.945
1018.50	78.916
1018.66	78.797
1018.82	78.333
1018.98	91.219
1019.14	69.352
1019.31	69.079
1019.47	75.617
1019.63	65.934
1019.79	76.081
1019.95	76.604
1020.11	68.310
1020.27	74.696
1020.43	75.645
1020.59	79.342
1020.75	69.668
1020.91	74.878
1021.07	78.228
1021.23	67.619
1021.39	65.332
1021.55	79.892
1021.71	72.079
1021.87	71.612
1022.03	74.431
1022.19	68.980
1022.35	66.628
1022.51	55.986
1022.67	63.656
1022.83	66.589
1022.99	65.845
1023.15	73.421
1023.31	69.763
1023.47	72.783
1023.63	72.300
1023.79	77.397
1023.95	71.315
1024.10	71.892
1024.26	63.277
1024.42	63.117
1024.58	72.872
1024.74	72.652
1024.90	64.190
1025.06	79.188
1025.22	78.670
1025.38	73.541
1025.54	75.121
1025.70	60.446
1025.86	63.991
1026.02	67.995
1026.18	82.207
1026.34	77.691
1026.50	61.721
1026.66	57.627
1026.82	70.615
1026.98	69.891
1027.13	71.573
1027.29	87.787
1027.45	64.318
1027.61	80.261
1027.77	73.698
1027.93	66.856
1028.09	68.537
1028.25	70.413
1028.41	72.258
1028.57	71.282
1028.73	60.819
1028.88	78.146
1029.04	62.095
1029.20	65.385
1029.36	72.581
1029.52	62.901
1029.68	72.991
1029.84	66.620
1030.00	76.101
1030.16	66.780
1030.32	61.749
1030.47	66.756
1030.63	58.733
1030.79	68.525
1030.95	54.372
1031.11	62.252
1031.27	56.336
1031.43	69.252
1031.59	65.314
1031.74	78.720
1031.90	79.395
1032.06	64.642
1032.22	72.222
1032.38	67.223
1032.54	58.009
1032.69	48.030
1032.85	72.645
1033.01	57.927
1033.17	49.606
1033.33	60.602
1033.49	78.244
1033.65	65.714
1033.80	69.957
1033.96	45.572
1034.12	73.137
1034.28	64.815
1034.44	52.920
1034.60	69.789
1034.75	78.679
1034.91	75.880
1035.07	94.394
1035.23	77.128
1035.39	38.799
1035.54	65.174
1035.70	53.105
1035.86	80.556
1036.02	44.554
1036.18	77.490
1036.33	55.513
1036.49	79.238
1036.65	59.337
1036.81	64.564
1036.97	53.814
1037.12	81.076
1037.28	87.025
1037.44	57.363
1037.60	68.008
1037.76	87.312
1037.91	86.686
1038.07	83.745
1038.23	58.894
1038.39	55.010
1038.54	68.172
1038.70	86.772
1038.86	52.311
1039.02	43.489
1039.17	74.909
1039.33	61.397
1039.49	82.633
1039.65	60.762
1039.80	67.511
1039.96	62.208
1040.12	61.848
1040.28	69.518
>>>>> Data<<<<< Espectral Procesado Extremo
