Fichero De Datos De SpectraSuite
++++++++++++++++++++++++++++++++++++
Fecha: Wed Jul 15 07:28:04 CST 2026
Usuario: HP
Presente Oscuro Del Espectro: Sí
La Referencia de Presente Del Espectro De: Sí
Muestreados de los componentes de Número de espectros: 1
Espectrómetros: USB4H06056
Tiempo de integración (usec): 300000 (USB4H06056)
Promedio de Espectros Hechos un: 5 (USB4H06056)
El Alisar Del Furgón: 0 (USB4H06056)
Párrafo de de Corregir del la del del de Eléctrica del obscuridad: No (USB4H06056)
Estrobo/Lámpara Permitido: No (USB4H06056)
Correct for Detector Non-linearity: No (USB4H06056)
Párrafo de de Corregir del la del del de Externa del luz: No (USB4H06056)
Procesado del espectro de Número de pixeles en: 3648
>>>>> Comienza Data<<<<< Espectral Procesado Del EL
345.09	876.471
345.30	876.471
345.52	876.471
345.74	49.180
345.95	27.273
346.17	-23.529
346.39	237.500
346.60	-133.333
346.82	79.412
347.04	296.078
347.25	-116.667
347.47	145.313
347.69	28.947
347.90	1.163
348.12	85.000
348.34	42.400
348.56	-330.000
348.77	-244.444
348.99	100.000
349.21	83.186
349.42	-163.415
349.64	-558.333
349.86	27.389
350.07	237.879
350.29	266.667
350.51	72.500
350.72	69.811
350.94	155.952
351.16	65.254
351.37	94.286
351.59	78.632
351.81	48.521
352.02	113.080
352.24	122.222
352.46	37.333
352.67	207.692
352.89	168.504
353.10	154.348
353.32	212.791
353.54	166.216
353.75	542.857
353.97	136.585
354.19	111.607
354.40	74.648
354.62	52.542
354.84	20.112
355.05	58.462
355.27	225.000
355.49	140.000
355.70	52.482
355.92	-722.222
356.14	269.565
356.35	175.581
356.57	-135.294
356.78	62.319
357.00	70.760
357.22	125.000
357.43	143.750
357.65	65.591
357.87	87.143
358.08	129.333
358.30	178.125
358.51	270.455
358.73	58.824
358.95	125.000
359.16	135.526
359.38	148.387
359.60	78.571
359.81	115.068
360.03	113.089
360.24	143.902
360.46	97.059
360.68	58.333
360.89	371.429
361.11	158.904
361.33	84.375
361.54	166.964
361.76	100.758
361.97	411.111
362.19	77.714
362.41	-118.919
362.62	238.298
362.84	-113.462
363.05	270.270
363.27	-72.222
363.49	152.041
363.70	104.046
363.92	110.400
364.13	30.901
364.35	184.058
364.57	-90.000
364.78	166.667
365.00	77.612
365.21	96.970
365.43	164.935
365.65	115.385
365.86	56.024
366.08	218.367
366.29	233.333
366.51	79.781
366.73	11.475
366.94	148.485
367.16	117.361
367.37	141.573
367.59	93.607
367.80	32.653
368.02	18.750
368.24	24.000
368.45	70.690
368.67	111.957
368.88	-3100.000
369.10	63.793
369.31	54.945
369.53	115.702
369.75	20.270
369.96	56.198
370.18	89.063
370.39	147.619
370.61	86.179
370.82	159.333
371.04	198.020
371.26	128.571
371.47	12.903
371.69	243.478
371.90	101.869
372.12	169.136
372.33	65.693
372.55	110.843
372.76	124.648
372.98	35.088
373.20	119.469
373.41	126.515
373.63	2.899
373.84	62.366
374.06	65.455
374.27	242.188
374.49	29.851
374.70	45.783
374.92	-193.548
375.13	172.152
375.35	105.128
375.57	59.239
375.78	111.446
376.00	65.517
376.21	126.923
376.43	125.161
376.64	51.786
376.86	53.488
377.07	93.636
377.29	43.284
377.50	22.581
377.72	64.550
377.93	95.946
378.15	117.778
378.36	79.592
378.58	74.809
378.80	135.185
379.01	124.419
379.23	65.909
379.44	52.206
379.66	55.758
379.87	41.317
380.09	86.538
380.30	134.028
380.52	91.379
380.73	75.342
380.95	154.795
381.16	105.369
381.38	32.886
381.59	162.500
381.81	92.361
382.02	142.647
382.24	89.000
382.45	92.763
382.67	93.284
382.88	15.116
383.10	93.085
383.31	150.467
383.53	102.415
383.74	168.800
383.96	77.841
384.17	73.897
384.39	83.978
384.60	103.587
384.82	193.421
385.03	65.753
385.25	132.308
385.46	503.846
385.68	215.385
385.89	131.169
386.11	159.783
386.32	46.939
386.54	62.692
386.75	42.149
386.97	142.963
387.18	81.385
387.40	92.308
387.61	93.333
387.83	73.134
388.04	55.056
388.25	102.206
388.47	185.556
388.68	119.337
388.90	35.519
389.11	74.274
389.33	122.156
389.54	54.187
389.76	102.030
389.97	111.957
390.19	238.542
390.40	111.310
390.62	59.559
390.83	169.512
391.05	132.967
391.26	50.158
391.47	135.185
391.69	44.271
391.90	100.000
392.12	53.472
392.33	131.757
392.55	103.077
392.76	94.186
392.98	114.500
393.19	86.667
393.41	122.000
393.62	143.023
393.83	120.667
394.05	97.368
394.26	78.109
394.48	87.619
394.69	78.397
394.91	90.099
395.12	72.727
395.34	66.376
395.55	79.500
395.76	110.823
395.98	89.316
396.19	62.051
396.41	86.344
396.62	109.091
396.84	99.262
397.05	45.000
397.26	101.282
397.48	148.387
397.69	76.250
397.91	126.203
398.12	53.090
398.33	151.773
398.55	63.664
398.76	101.500
398.98	65.019
399.19	62.090
399.41	44.961
399.62	76.752
399.83	87.279
400.05	54.378
400.26	80.511
400.48	76.062
400.69	104.839
400.90	67.754
401.12	89.450
401.33	96.791
401.55	82.253
401.76	71.858
401.97	36.823
402.19	82.500
402.40	72.810
402.62	62.745
402.83	40.116
403.04	81.543
403.26	74.559
403.47	91.830
403.69	77.473
403.90	85.294
404.11	76.261
404.33	88.750
404.54	61.846
404.76	53.933
404.97	54.545
405.18	34.505
405.40	53.933
405.61	76.771
405.83	118.147
406.04	89.779
406.25	70.920
406.47	79.124
406.68	73.067
406.89	62.356
407.11	105.660
407.32	71.463
407.54	67.568
407.75	67.081
407.96	71.363
408.18	61.137
408.39	79.401
408.60	68.750
408.82	54.426
409.03	46.070
409.24	74.105
409.46	78.177
409.67	64.885
409.89	60.479
410.10	75.714
410.31	63.443
410.53	59.626
410.74	64.569
410.95	71.186
411.17	59.459
411.38	53.279
411.59	65.000
411.81	68.130
412.02	50.195
412.23	66.818
412.45	56.810
412.66	80.720
412.87	65.974
413.09	64.301
413.30	53.775
413.51	48.733
413.73	57.602
413.94	52.888
414.15	38.364
414.37	56.982
414.58	44.665
414.79	68.336
415.01	67.164
415.22	61.847
415.43	35.029
415.65	49.561
415.86	37.825
416.07	48.986
416.29	44.147
416.50	43.354
416.71	45.130
416.93	34.310
417.14	49.370
417.35	51.797
417.57	39.209
417.78	28.514
417.99	45.829
418.21	39.104
418.42	42.893
418.63	49.130
418.85	33.409
419.06	23.875
419.27	42.331
419.48	39.930
419.70	30.777
419.91	48.597
420.12	39.925
420.34	38.411
420.55	35.981
420.76	42.614
420.98	32.571
421.19	30.183
421.40	33.363
421.61	32.150
421.83	25.340
422.04	29.345
422.25	30.060
422.47	34.996
422.68	35.041
422.89	38.324
423.11	31.231
423.32	36.014
423.53	35.389
423.74	26.715
423.96	26.161
424.17	26.762
424.38	28.177
424.59	28.561
424.81	28.824
425.02	20.263
425.23	22.172
425.45	28.977
425.66	33.770
425.87	26.958
426.08	24.612
426.30	29.091
426.51	26.570
426.72	32.301
426.93	27.491
427.15	28.896
427.36	25.017
427.57	22.719
427.79	25.255
428.00	24.153
428.21	100.306
428.42	30.243
428.64	21.493
428.85	27.511
429.06	24.219
429.27	21.693
429.49	25.636
429.70	25.598
429.91	23.643
430.12	27.951
430.34	25.743
430.55	25.257
430.76	27.277
430.97	20.565
431.19	22.628
431.40	22.622
431.61	22.603
431.82	25.834
432.03	27.023
432.25	24.942
432.46	18.688
432.67	24.102
432.88	26.486
433.10	21.153
433.31	17.903
433.52	20.342
433.73	24.169
433.95	25.650
434.16	25.070
434.37	22.208
434.58	20.787
434.79	21.057
435.01	29.723
435.22	18.693
435.43	18.955
435.64	18.531
435.86	26.373
436.07	18.174
436.28	21.554
436.49	23.486
436.70	19.639
436.92	22.836
437.13	22.174
437.34	23.464
437.55	25.611
437.76	22.392
437.98	22.661
438.19	19.493
438.40	20.414
438.61	24.109
438.82	23.103
439.04	23.868
439.25	20.412
439.46	20.452
439.67	22.900
439.88	20.300
440.10	22.584
440.31	23.714
440.52	22.036
440.73	22.512
440.94	21.140
441.16	21.207
441.37	21.181
441.58	20.511
441.79	21.899
442.00	25.460
442.21	18.333
442.43	18.355
442.64	25.470
442.85	20.470
443.06	22.044
443.27	21.353
443.48	19.425
443.70	22.884
443.91	23.864
444.12	17.972
444.33	19.430
444.54	20.244
444.75	25.460
444.97	22.635
445.18	21.028
445.39	20.115
445.60	19.924
445.81	23.984
446.02	22.852
446.24	22.710
446.45	21.983
446.66	22.330
446.87	19.040
447.08	22.657
447.29	22.901
447.51	17.507
447.72	22.067
447.93	22.380
448.14	20.524
448.35	21.114
448.56	22.996
448.77	25.892
448.99	19.988
449.20	20.322
449.41	17.967
449.62	20.292
449.83	21.759
450.04	21.211
450.25	21.216
450.46	21.172
450.68	20.608
450.89	21.200
451.10	22.297
451.31	22.022
451.52	22.691
451.73	20.688
451.94	23.089
452.15	20.069
452.37	23.515
452.58	25.119
452.79	20.263
453.00	21.452
453.21	19.570
453.42	21.126
453.63	22.250
453.84	22.015
454.06	21.123
454.27	23.627
454.48	23.909
454.69	20.163
454.90	20.689
455.11	24.190
455.32	21.705
455.53	21.058
455.74	23.044
455.95	20.869
456.17	21.979
456.38	21.782
456.59	19.750
456.80	23.344
457.01	20.916
457.22	19.943
457.43	19.225
457.64	21.906
457.85	19.536
458.06	21.931
458.27	22.968
458.49	22.278
458.70	23.906
458.91	23.463
459.12	20.439
459.33	24.579
459.54	21.365
459.75	22.307
459.96	23.177
460.17	21.174
460.38	19.644
460.59	20.821
460.80	22.274
461.01	24.567
461.23	22.123
461.44	20.473
461.65	21.892
461.86	22.192
462.07	21.148
462.28	21.280
462.49	21.591
462.70	21.518
462.91	20.673
463.12	23.914
463.33	22.705
463.54	21.427
463.75	25.281
463.96	26.080
464.17	22.788
464.38	21.789
464.59	21.620
464.81	22.217
465.02	24.972
465.23	21.395
465.44	20.269
465.65	23.412
465.86	21.559
466.07	23.275
466.28	20.398
466.49	22.710
466.70	23.194
466.91	21.020
467.12	21.387
467.33	22.092
467.54	22.526
467.75	21.421
467.96	23.677
468.17	22.082
468.38	22.293
468.59	21.405
468.80	22.417
469.01	21.626
469.22	21.541
469.43	23.007
469.64	21.302
469.85	22.914
470.06	20.739
470.27	22.755
470.48	22.502
470.69	22.568
470.90	23.513
471.11	23.224
471.32	21.508
471.53	22.134
471.74	21.723
471.95	22.906
472.16	23.440
472.37	21.502
472.58	21.319
472.79	22.182
473.00	25.277
473.21	20.903
473.42	22.990
473.63	23.697
473.84	19.816
474.05	21.556
474.26	21.975
474.47	22.971
474.68	22.138
474.89	23.913
475.10	22.440
475.31	23.445
475.52	23.843
475.73	22.987
475.94	20.885
476.15	21.497
476.36	21.858
476.57	22.408
476.78	22.721
476.99	22.681
477.20	21.333
477.41	22.788
477.62	23.193
477.83	23.314
478.04	20.905
478.25	23.304
478.46	21.180
478.67	20.052
478.88	22.246
479.09	21.430
479.30	22.359
479.51	20.184
479.72	23.255
479.93	23.149
480.14	22.271
480.35	22.394
480.56	22.043
480.77	21.707
480.98	22.880
481.18	22.493
481.39	21.668
481.60	22.528
481.81	22.470
482.02	22.364
482.23	22.506
482.44	23.223
482.65	23.122
482.86	22.681
483.07	22.028
483.28	22.386
483.49	20.560
483.70	22.081
483.91	23.083
484.12	21.056
484.33	22.799
484.53	22.318
484.74	22.302
484.95	22.227
485.16	23.916
485.37	23.410
485.58	22.800
485.79	22.481
486.00	21.246
486.21	22.532
486.42	22.920
486.63	23.153
486.84	21.827
487.05	22.426
487.25	23.238
487.46	23.123
487.67	22.965
487.88	22.454
488.09	22.021
488.30	22.557
488.51	22.282
488.72	21.957
488.93	22.588
489.14	22.283
489.35	22.492
489.55	21.924
489.76	21.708
489.97	22.056
490.18	21.852
490.39	21.784
490.60	23.255
490.81	22.451
491.02	22.057
491.23	21.428
491.43	21.680
491.64	22.745
491.85	22.357
492.06	22.839
492.27	23.255
492.48	21.853
492.69	22.131
492.90	23.071
493.11	22.632
493.31	22.618
493.52	22.926
493.73	22.442
493.94	23.160
494.15	21.596
494.36	23.492
494.57	22.504
494.78	21.605
494.98	22.769
495.19	22.420
495.40	22.030
495.61	23.141
495.82	21.580
496.03	22.819
496.24	22.324
496.44	22.796
496.65	22.753
496.86	22.970
497.07	22.958
497.28	23.531
497.49	22.113
497.70	22.909
497.90	22.095
498.11	21.954
498.32	22.812
498.53	23.676
498.74	22.731
498.95	22.613
499.15	23.129
499.36	23.200
499.57	23.436
499.78	22.780
499.99	22.181
500.20	22.902
500.40	23.000
500.61	23.369
500.82	22.316
501.03	22.271
501.24	22.794
501.45	22.553
501.65	21.671
501.86	22.951
502.07	23.145
502.28	22.812
502.49	22.976
502.70	22.562
502.90	22.665
503.11	23.385
503.32	22.872
503.53	23.902
503.74	23.182
503.94	23.501
504.15	23.145
504.36	23.531
504.57	23.230
504.78	22.902
504.98	23.393
505.19	22.793
505.40	23.420
505.61	22.406
505.82	23.575
506.02	23.206
506.23	23.185
506.44	23.699
506.65	23.824
506.86	22.843
507.06	23.893
507.27	23.221
507.48	23.178
507.69	23.092
507.90	23.525
508.10	23.525
508.31	23.841
508.52	23.624
508.73	23.206
508.94	23.854
509.14	23.831
509.35	23.723
509.56	24.098
509.77	23.199
509.97	23.304
510.18	24.153
510.39	24.147
510.60	24.225
510.80	23.801
511.01	24.464
511.22	23.723
511.43	23.711
511.64	24.211
511.84	24.465
512.05	24.208
512.26	24.858
512.47	23.839
512.67	24.181
512.88	23.768
513.09	24.315
513.30	24.900
513.50	24.361
513.71	24.421
513.92	24.894
514.13	24.661
514.33	24.466
514.54	24.691
514.75	24.344
514.96	24.806
515.16	25.018
515.37	25.177
515.58	25.288
515.78	25.344
515.99	25.478
516.20	24.548
516.41	25.687
516.61	25.362
516.82	25.805
517.03	25.609
517.24	25.598
517.44	25.808
517.65	26.040
517.86	26.153
518.07	25.447
518.27	25.709
518.48	25.728
518.69	26.514
518.89	26.453
519.10	26.262
519.31	26.413
519.52	26.345
519.72	26.329
519.93	27.290
520.14	27.204
520.34	27.689
520.55	27.189
520.76	27.213
520.96	27.485
521.17	26.666
521.38	27.627
521.59	27.979
521.79	26.918
522.00	27.897
522.21	27.242
522.41	28.604
522.62	28.238
522.83	28.586
523.03	28.085
523.24	28.482
523.45	28.968
523.66	28.960
523.86	29.006
524.07	28.383
524.28	28.538
524.48	29.038
524.69	29.024
524.90	29.333
525.10	29.554
525.31	29.825
525.52	29.699
525.72	29.611
525.93	30.395
526.14	29.854
526.34	30.437
526.55	30.084
526.76	30.606
526.96	30.667
527.17	30.564
527.38	30.864
527.58	31.398
527.79	31.368
528.00	31.160
528.20	31.527
528.41	31.539
528.62	32.103
528.82	31.659
529.03	30.780
529.24	32.713
529.44	31.316
529.65	32.912
529.85	32.296
530.06	32.524
530.27	32.374
530.47	32.848
530.68	32.228
530.89	32.794
531.09	32.966
531.30	32.906
531.51	33.467
531.71	33.054
531.92	33.385
532.13	34.121
532.33	33.080
532.54	34.105
532.74	33.571
532.95	33.775
533.16	34.124
533.36	34.181
533.57	34.624
533.78	35.262
533.98	34.106
534.19	34.495
534.39	34.070
534.60	34.827
534.81	35.102
535.01	35.313
535.22	34.454
535.42	34.678
535.63	35.297
535.84	34.914
536.04	35.382
536.25	35.782
536.45	35.395
536.66	35.450
536.87	35.591
537.07	35.859
537.28	36.191
537.48	35.916
537.69	35.786
537.90	35.792
538.10	35.421
538.31	35.578
538.51	36.656
538.72	36.223
538.93	35.763
539.13	36.640
539.34	36.470
539.54	36.602
539.75	35.866
539.96	36.392
540.16	36.426
540.37	36.643
540.57	36.733
540.78	36.928
540.98	36.298
541.19	36.876
541.40	36.835
541.60	36.705
541.81	37.264
542.01	37.347
542.22	37.096
542.42	37.500
542.63	37.648
542.83	37.375
543.04	37.715
543.25	36.342
543.45	36.976
543.66	37.220
543.86	38.023
544.07	37.052
544.27	37.625
544.48	37.845
544.68	37.714
544.89	37.347
545.10	37.468
545.30	37.728
545.51	37.197
545.71	37.509
545.92	36.928
546.12	37.491
546.33	37.438
546.53	37.479
546.74	38.298
546.94	37.918
547.15	37.882
547.36	38.498
547.56	37.971
547.77	37.797
547.97	37.560
548.18	38.258
548.38	38.163
548.59	37.986
548.79	38.056
549.00	37.413
549.20	37.506
549.41	38.140
549.61	37.495
549.82	38.242
550.02	37.935
550.23	37.723
550.43	38.157
550.64	37.774
550.84	37.370
551.05	38.387
551.25	38.120
551.46	38.493
551.66	38.154
551.87	38.281
552.07	38.382
552.28	38.291
552.48	38.151
552.69	38.339
552.89	38.241
553.10	39.114
553.30	38.524
553.51	38.676
553.71	38.786
553.92	38.659
554.12	38.861
554.33	38.641
554.53	38.861
554.74	39.247
554.94	38.669
555.15	38.589
555.35	38.763
555.56	38.606
555.76	38.578
555.97	39.177
556.17	39.063
556.38	38.737
556.58	38.352
556.78	38.119
556.99	38.615
557.19	38.278
557.40	38.411
557.60	38.582
557.81	38.526
558.01	38.904
558.22	38.209
558.42	38.383
558.63	38.338
558.83	38.855
559.04	39.238
559.24	38.671
559.44	38.581
559.65	38.617
559.85	38.604
560.06	39.061
560.26	38.712
560.47	38.635
560.67	38.690
560.88	38.758
561.08	38.654
561.28	38.600
561.49	37.792
561.69	38.794
561.90	38.346
562.10	37.929
562.31	37.816
562.51	38.283
562.71	38.002
562.92	38.267
563.12	38.524
563.33	37.828
563.53	38.349
563.74	38.622
563.94	37.849
564.14	37.947
564.35	38.045
564.55	37.672
564.76	37.904
564.96	37.348
565.17	37.841
565.37	37.904
565.57	37.158
565.78	37.706
565.98	37.236
566.19	37.424
566.39	37.602
566.59	37.041
566.80	37.602
567.00	37.402
567.21	37.449
567.41	36.875
567.61	37.027
567.82	37.652
568.02	36.712
568.23	36.957
568.43	37.329
568.63	37.013
568.84	36.960
569.04	36.702
569.24	36.302
569.45	36.682
569.65	36.927
569.86	36.144
570.06	36.108
570.26	35.948
570.47	36.871
570.67	36.334
570.87	35.753
571.08	36.080
571.28	35.845
571.49	35.739
571.69	35.660
571.89	35.538
572.10	35.272
572.30	35.915
572.50	35.217
572.71	34.864
572.91	35.553
573.11	35.292
573.32	34.929
573.52	35.255
573.73	34.865
573.93	34.606
574.13	34.679
574.34	34.421
574.54	35.039
574.74	34.431
574.95	34.783
575.15	34.808
575.35	34.041
575.56	34.403
575.76	33.977
575.96	34.477
576.17	33.931
576.37	33.942
576.57	34.193
576.78	34.065
576.98	33.875
577.18	33.486
577.39	33.751
577.59	33.393
577.79	33.659
578.00	32.884
578.20	33.525
578.40	32.673
578.61	32.931
578.81	33.148
579.01	32.702
579.22	32.693
579.42	32.758
579.62	32.966
579.82	32.288
580.03	32.805
580.23	32.990
580.43	32.344
580.64	32.553
580.84	32.259
581.04	32.623
581.25	32.010
581.45	31.869
581.65	31.692
581.86	32.120
582.06	32.438
582.26	32.058
582.46	32.449
582.67	31.941
582.87	31.702
583.07	31.894
583.28	31.835
583.48	31.680
583.68	31.848
583.88	31.928
584.09	31.717
584.29	31.080
584.49	31.385
584.70	31.403
584.90	30.888
585.10	31.556
585.30	30.899
585.51	31.119
585.71	30.906
585.91	31.292
586.11	31.161
586.32	31.006
586.52	30.699
586.72	30.836
586.92	31.084
587.13	30.705
587.33	31.065
587.53	30.832
587.74	30.763
587.94	31.436
588.14	30.700
588.34	31.075
588.55	30.661
588.75	30.584
588.95	30.057
589.15	30.726
589.36	31.006
589.56	30.215
589.76	30.447
589.96	30.807
590.16	30.110
590.37	30.232
590.57	30.063
590.77	30.306
590.97	30.399
591.18	29.999
591.38	30.084
591.58	31.132
591.78	29.992
591.99	29.969
592.19	29.774
592.39	29.744
592.59	29.924
592.79	29.998
593.00	29.721
593.20	29.937
593.40	29.972
593.60	29.992
593.81	29.712
594.01	29.449
594.21	29.609
594.41	29.634
594.61	29.451
594.82	29.283
595.02	29.301
595.22	29.182
595.42	29.386
595.62	29.187
595.83	29.474
596.03	29.383
596.23	28.739
596.43	29.432
596.63	29.403
596.84	28.677
597.04	28.731
597.24	29.465
597.44	29.205
597.64	29.387
597.84	29.242
598.05	29.184
598.25	29.299
598.45	29.352
598.65	28.880
598.85	28.877
599.06	29.085
599.26	29.181
599.46	28.999
599.66	28.547
599.86	28.497
600.06	28.601
600.27	29.003
600.47	29.121
600.67	28.630
600.87	29.149
601.07	28.345
601.27	29.180
601.48	29.109
601.68	28.679
601.88	29.005
602.08	28.875
602.28	28.895
602.48	28.972
602.68	28.854
602.89	28.604
603.09	28.484
603.29	28.617
603.49	28.851
603.69	28.678
603.89	28.640
604.09	28.638
604.30	28.199
604.50	28.444
604.70	28.481
604.90	28.260
605.10	28.323
605.30	28.565
605.50	28.621
605.71	28.534
605.91	28.823
606.11	29.027
606.31	28.290
606.51	28.688
606.71	28.748
606.91	28.585
607.11	28.425
607.32	28.391
607.52	28.148
607.72	28.928
607.92	28.448
608.12	28.884
608.32	28.620
608.52	28.532
608.72	28.201
608.92	28.264
609.12	28.204
609.33	28.674
609.53	28.164
609.73	28.506
609.93	27.877
610.13	28.072
610.33	27.931
610.53	27.755
610.73	27.799
610.93	28.099
611.13	28.237
611.34	28.047
611.54	27.804
611.74	28.263
611.94	27.571
612.14	28.136
612.34	27.803
612.54	28.014
612.74	27.898
612.94	28.135
613.14	27.240
613.34	27.537
613.54	28.186
613.74	27.586
613.95	27.543
614.15	27.713
614.35	27.396
614.55	27.396
614.75	27.104
614.95	27.121
615.15	27.613
615.35	27.386
615.55	27.314
615.75	27.717
615.95	27.872
616.15	27.683
616.35	26.901
616.55	27.770
616.75	27.627
616.95	27.364
617.15	26.936
617.35	27.387
617.56	27.525
617.76	27.441
617.96	26.946
618.16	27.395
618.36	27.048
618.56	26.961
618.76	26.876
618.96	26.355
619.16	26.862
619.36	26.494
619.56	27.100
619.76	27.160
619.96	27.475
620.16	26.528
620.36	27.206
620.56	27.623
620.76	26.916
620.96	26.909
621.16	26.622
621.36	27.104
621.56	26.051
621.76	27.033
621.96	26.533
622.16	26.537
622.36	26.482
622.56	26.796
622.76	26.540
622.96	26.620
623.16	26.645
623.36	26.585
623.56	26.928
623.76	26.535
623.96	26.693
624.16	26.840
624.36	26.492
624.56	26.068
624.76	26.937
624.96	26.422
625.16	26.902
625.36	25.773
625.56	26.085
625.76	27.133
625.96	26.633
626.16	26.455
626.36	26.714
626.56	26.468
626.76	26.238
626.96	26.529
627.16	26.248
627.36	26.576
627.56	26.439
627.76	26.798
627.96	26.083
628.16	26.306
628.36	26.284
628.56	26.301
628.75	26.731
628.95	26.210
629.15	26.445
629.35	26.204
629.55	26.576
629.75	26.146
629.95	26.419
630.15	26.245
630.35	26.104
630.55	26.502
630.75	26.433
630.95	26.533
631.15	26.111
631.35	26.166
631.55	26.520
631.75	26.042
631.95	25.835
632.15	26.257
632.34	26.115
632.54	26.031
632.74	25.764
632.94	26.139
633.14	26.356
633.34	25.956
633.54	25.991
633.74	26.421
633.94	26.520
634.14	26.017
634.34	26.181
634.54	26.367
634.74	25.691
634.93	25.660
635.13	25.977
635.33	26.305
635.53	26.046
635.73	26.277
635.93	25.554
636.13	25.758
636.33	26.100
636.53	25.649
636.73	26.031
636.93	26.171
637.12	25.941
637.32	25.832
637.52	25.823
637.72	25.979
637.92	25.548
638.12	25.733
638.32	26.015
638.52	26.099
638.72	25.337
638.91	25.484
639.11	25.735
639.31	25.752
639.51	25.970
639.71	25.598
639.91	25.843
640.11	25.283
640.31	25.743
640.50	25.310
640.70	25.105
640.90	25.706
641.10	25.269
641.30	25.428
641.50	25.676
641.70	25.026
641.89	25.135
642.09	25.301
642.29	25.226
642.49	25.171
642.69	25.120
642.89	25.283
643.09	25.494
643.28	24.907
643.48	24.905
643.68	24.928
643.88	25.206
644.08	24.880
644.28	24.961
644.48	24.919
644.67	24.757
644.87	24.788
645.07	24.291
645.27	24.249
645.47	24.963
645.67	24.824
645.86	24.605
646.06	24.649
646.26	24.418
646.46	24.476
646.66	24.478
646.85	24.652
647.05	24.449
647.25	24.411
647.45	24.437
647.65	24.183
647.85	24.264
648.04	24.264
648.24	24.105
648.44	24.420
648.64	24.527
648.84	23.716
649.03	24.418
649.23	24.000
649.43	23.978
649.63	23.969
649.83	24.374
650.02	23.982
650.22	24.184
650.42	24.182
650.62	23.616
650.82	23.562
651.01	23.708
651.21	23.686
651.41	24.174
651.61	24.082
651.81	23.545
652.00	23.994
652.20	23.755
652.40	23.972
652.60	23.615
652.79	23.584
652.99	23.765
653.19	23.772
653.39	23.823
653.59	23.705
653.78	23.442
653.98	23.419
654.18	23.434
654.38	23.485
654.57	23.533
654.77	23.752
654.97	23.646
655.17	23.750
655.36	23.787
655.56	23.503
655.76	23.436
655.96	23.695
656.15	23.275
656.35	23.928
656.55	23.447
656.75	23.651
656.94	23.524
657.14	23.603
657.34	23.498
657.54	23.227
657.73	23.346
657.93	23.181
658.13	23.705
658.33	23.537
658.52	23.537
658.72	25.528
658.92	23.317
659.11	23.624
659.31	23.536
659.51	23.137
659.71	23.324
659.90	23.094
660.10	23.357
660.30	23.579
660.50	23.324
660.69	23.085
660.89	23.531
661.09	23.263
661.28	23.319
661.48	22.948
661.68	23.292
661.87	23.125
662.07	23.092
662.27	23.249
662.47	23.387
662.66	23.303
662.86	23.123
663.06	22.935
663.25	23.435
663.45	23.530
663.65	23.221
663.84	23.131
664.04	23.470
664.24	22.729
664.44	22.961
664.63	23.282
664.83	23.540
665.03	23.059
665.22	22.957
665.42	22.787
665.62	22.743
665.81	23.267
666.01	23.136
666.21	23.190
666.40	22.838
666.60	22.911
666.80	22.924
666.99	23.128
667.19	23.009
667.39	23.329
667.58	23.075
667.78	23.206
667.98	22.704
668.17	22.674
668.37	23.353
668.57	23.021
668.76	22.893
668.96	22.976
669.16	22.779
669.35	23.041
669.55	23.075
669.74	22.845
669.94	23.176
670.14	23.120
670.33	23.023
670.53	23.079
670.73	23.300
670.92	22.686
671.12	22.956
671.32	22.636
671.51	22.763
671.71	23.059
671.90	23.180
672.10	23.109
672.30	22.925
672.49	22.622
672.69	22.569
672.89	23.081
673.08	22.997
673.28	22.807
673.47	23.023
673.67	22.543
673.87	22.953
674.06	22.536
674.26	23.176
674.45	23.176
674.65	22.765
674.85	23.092
675.04	23.163
675.24	23.131
675.43	22.692
675.63	23.039
675.83	22.798
676.02	22.629
676.22	23.126
676.41	23.153
676.61	22.977
676.81	22.971
677.00	22.888
677.20	22.934
677.39	22.859
677.59	22.879
677.79	23.309
677.98	22.878
678.18	23.152
678.37	23.056
678.57	23.025
678.76	23.162
678.96	23.218
679.16	23.071
679.35	22.724
679.55	22.892
679.74	23.351
679.94	23.218
680.13	22.904
680.33	22.618
680.53	22.730
680.72	23.083
680.92	23.215
681.11	23.213
681.31	23.239
681.50	23.127
681.70	22.947
681.89	23.386
682.09	23.125
682.28	22.986
682.48	23.212
682.68	23.524
682.87	23.327
683.07	23.258
683.26	23.764
683.46	23.554
683.65	23.116
683.85	23.436
684.04	23.404
684.24	23.777
684.43	23.177
684.63	23.311
684.82	23.556
685.02	23.773
685.21	23.459
685.41	23.223
685.60	23.516
685.80	23.497
686.00	23.531
686.19	24.132
686.39	23.587
686.58	23.585
686.78	23.583
686.97	23.681
687.17	23.618
687.36	23.827
687.56	23.575
687.75	23.518
687.95	23.244
688.14	23.628
688.34	23.987
688.53	23.672
688.73	23.638
688.92	23.933
689.12	23.802
689.31	23.917
689.51	23.845
689.70	24.066
689.89	23.818
690.09	23.811
690.28	24.089
690.48	23.844
690.67	23.813
690.87	24.274
691.06	24.038
691.26	25.069
691.45	24.470
691.65	24.670
691.84	24.503
692.04	25.159
692.23	24.822
692.43	25.133
692.62	25.328
692.82	25.228
693.01	25.199
693.20	25.347
693.40	25.744
693.59	25.317
693.79	25.847
693.98	25.650
694.18	25.954
694.37	26.292
694.57	25.933
694.76	26.230
694.95	26.526
695.15	26.925
695.34	26.946
695.54	26.946
695.73	27.312
695.93	27.793
696.12	27.183
696.32	27.518
696.51	28.373
696.70	27.776
696.90	28.673
697.09	29.167
697.29	29.711
697.48	29.405
697.67	29.108
697.87	29.759
698.06	30.058
698.26	30.527
698.45	30.028
698.65	30.914
698.84	31.012
699.03	31.243
699.23	31.821
699.42	31.970
699.62	32.000
699.81	32.800
700.00	32.916
700.20	33.221
700.39	33.539
700.59	33.859
700.78	34.108
700.97	34.616
701.17	34.853
701.36	35.607
701.56	35.344
701.75	36.038
701.94	36.200
702.14	37.016
702.33	36.652
702.52	37.389
702.72	37.858
702.91	38.112
703.11	38.012
703.30	38.669
703.49	38.686
703.69	39.370
703.88	39.921
704.07	39.868
704.27	40.293
704.46	41.077
704.66	41.017
704.85	41.764
705.04	42.241
705.24	41.724
705.43	42.220
705.62	42.900
705.82	43.754
706.01	43.745
706.20	44.083
706.40	44.415
706.59	44.966
706.78	45.092
706.98	45.181
707.17	45.670
707.36	45.768
707.56	45.952
707.75	46.870
707.94	47.457
708.14	47.498
708.33	47.311
708.52	48.163
708.72	48.645
708.91	48.988
709.10	48.999
709.30	49.186
709.49	49.311
709.68	50.071
709.88	50.218
710.07	50.724
710.26	50.678
710.46	51.571
710.65	51.439
710.84	52.374
711.04	51.742
711.23	52.393
711.42	52.606
711.61	52.967
711.81	52.926
712.00	53.325
712.19	53.702
712.39	54.381
712.58	54.443
712.77	55.347
712.97	55.536
713.16	55.626
713.35	55.376
713.54	56.632
713.74	56.160
713.93	56.688
714.12	57.235
714.32	57.539
714.51	57.396
714.70	58.093
714.89	58.761
715.09	58.703
715.28	59.149
715.47	58.310
715.66	59.443
715.86	60.365
716.05	60.072
716.24	60.055
716.44	60.946
716.63	61.599
716.82	61.307
717.01	61.833
717.21	61.817
717.40	61.861
717.59	62.925
717.78	62.778
717.98	63.559
718.17	63.258
718.36	63.252
718.55	64.392
718.75	64.645
718.94	64.336
719.13	65.073
719.32	64.698
719.52	65.281
719.71	65.342
719.90	66.395
720.09	67.043
720.28	67.046
720.48	66.906
720.67	67.193
720.86	67.308
721.05	67.378
721.25	68.089
721.44	68.739
721.63	69.154
721.82	69.117
722.01	69.083
722.21	69.386
722.40	69.362
722.59	70.210
722.78	70.496
722.98	71.434
723.17	70.719
723.36	71.762
723.55	71.939
723.74	71.701
723.94	72.545
724.13	72.191
724.32	72.434
724.51	73.372
724.70	73.207
724.89	72.604
725.09	74.008
725.28	73.598
725.47	74.197
725.66	75.064
725.85	74.402
726.05	74.425
726.24	74.880
726.43	75.703
726.62	76.514
726.81	76.669
727.00	76.192
727.20	76.828
727.39	76.572
727.58	77.725
727.77	77.313
727.96	78.108
728.15	78.114
728.35	77.258
728.54	78.453
728.73	77.779
728.92	78.395
729.11	79.120
729.30	79.090
729.50	78.737
729.69	79.165
729.88	81.040
730.07	80.396
730.26	80.367
730.45	79.397
730.64	80.450
730.84	81.707
731.03	81.686
731.22	80.982
731.41	81.134
731.60	82.051
731.79	82.364
731.98	82.842
732.18	81.938
732.37	82.765
732.56	83.603
732.75	82.801
732.94	83.287
733.13	83.433
733.32	83.548
733.51	84.071
733.71	83.979
733.90	83.719
734.09	85.486
734.28	84.291
734.47	84.498
734.66	84.769
734.85	84.819
735.04	85.430
735.23	85.216
735.42	85.885
735.62	86.045
735.81	86.104
736.00	85.784
736.19	87.230
736.38	86.377
736.57	86.845
736.76	85.883
736.95	87.055
737.14	87.031
737.33	86.711
737.52	87.518
737.72	87.610
737.91	87.461
738.10	87.539
738.29	88.158
738.48	87.908
738.67	87.234
738.86	87.807
739.05	88.820
739.24	88.413
739.43	88.439
739.62	88.208
739.81	88.778
740.00	89.570
740.19	89.602
740.39	90.695
740.58	89.377
740.77	89.208
740.96	89.738
741.15	89.833
741.34	91.040
741.53	90.006
741.72	89.640
741.91	90.153
742.10	90.411
742.29	90.548
742.48	90.477
742.67	91.129
742.86	90.409
743.05	91.283
743.24	90.773
743.43	91.039
743.62	91.185
743.81	91.878
744.00	91.219
744.19	90.916
744.38	92.118
744.57	90.861
744.76	91.130
744.95	91.343
745.14	91.792
745.33	91.667
745.52	92.489
745.71	91.304
745.90	92.355
746.09	92.240
746.28	92.404
746.47	92.714
746.66	93.328
746.85	92.311
747.04	92.538
747.23	93.558
747.42	92.359
747.61	93.825
747.80	92.874
747.99	92.915
748.18	92.980
748.37	93.180
748.56	93.372
748.75	93.076
748.94	93.794
749.13	93.753
749.32	93.551
749.51	93.369
749.70	93.336
749.89	93.791
750.08	93.136
750.27	93.867
750.46	94.415
750.65	93.037
750.84	93.611
751.03	94.037
751.22	93.489
751.41	94.126
751.60	93.737
751.79	93.371
751.98	94.202
752.17	94.895
752.36	93.618
752.55	93.541
752.74	94.499
752.93	94.134
753.12	94.399
753.30	94.463
753.49	94.323
753.68	94.210
753.87	94.532
754.06	94.854
754.25	95.673
754.44	93.787
754.63	94.064
754.82	94.767
755.01	94.757
755.20	94.478
755.39	94.114
755.58	95.087
755.77	95.222
755.96	94.667
756.14	94.985
756.33	94.950
756.52	94.691
756.71	94.274
756.90	95.185
757.09	94.717
757.28	95.820
757.47	95.642
757.66	95.051
757.85	96.401
758.04	94.483
758.22	96.173
758.41	95.743
758.60	94.450
758.79	95.112
758.98	95.155
759.17	95.932
759.36	94.722
759.55	95.673
759.74	94.984
759.92	94.960
760.11	95.376
760.30	95.730
760.49	95.239
760.68	95.463
760.87	95.161
761.06	95.578
761.25	95.265
761.43	96.060
761.62	95.969
761.81	94.911
762.00	96.411
762.19	95.854
762.38	94.980
762.57	95.710
762.76	95.938
762.94	95.898
763.13	95.225
763.32	96.060
763.51	95.921
763.70	96.236
763.89	95.954
764.07	95.972
764.26	94.875
764.45	95.739
764.64	95.519
764.83	95.584
765.02	95.466
765.21	95.455
765.39	96.266
765.58	95.844
765.77	96.384
765.96	95.631
766.15	95.879
766.34	96.655
766.52	96.122
766.71	95.526
766.90	96.308
767.09	96.309
767.28	96.313
767.46	95.834
767.65	96.713
767.84	95.531
768.03	95.746
768.22	96.856
768.40	95.770
768.59	95.126
768.78	96.663
768.97	96.192
769.16	96.922
769.34	95.966
769.53	95.672
769.72	96.175
769.91	95.377
770.10	95.452
770.28	95.432
770.47	96.042
770.66	96.542
770.85	95.604
771.04	95.850
771.22	96.109
771.41	96.305
771.60	96.473
771.79	96.654
771.98	95.670
772.16	95.577
772.35	96.394
772.54	96.875
772.73	96.267
772.91	96.185
773.10	96.120
773.29	96.133
773.48	96.533
773.66	96.348
773.85	96.809
774.04	96.556
774.23	96.592
774.41	95.636
774.60	96.310
774.79	96.619
774.98	96.078
775.16	95.559
775.35	95.681
775.54	95.992
775.73	95.962
775.91	95.700
776.10	96.228
776.29	95.521
776.48	96.212
776.66	96.286
776.85	95.219
777.04	96.234
777.23	96.192
777.41	95.920
777.60	94.719
777.79	95.911
777.97	96.456
778.16	96.508
778.35	94.850
778.54	96.025
778.72	96.054
778.91	95.222
779.10	96.254
779.28	95.474
779.47	95.211
779.66	96.834
779.85	95.292
780.03	96.243
780.22	96.481
780.41	96.285
780.59	95.923
780.78	96.208
780.97	95.467
781.15	95.532
781.34	96.105
781.53	96.239
781.71	96.242
781.90	96.410
782.09	97.544
782.27	95.678
782.46	97.039
782.65	95.381
782.84	96.395
783.02	96.490
783.21	96.865
783.40	95.432
783.58	95.961
783.77	96.627
783.96	96.062
784.14	95.747
784.33	95.630
784.52	95.754
784.70	95.322
784.89	96.629
785.07	95.754
785.26	95.458
785.45	96.206
785.63	96.143
785.82	96.304
786.01	96.999
786.19	96.133
786.38	95.888
786.57	98.088
786.75	95.761
786.94	96.398
787.13	96.307
787.31	96.822
787.50	95.889
787.68	96.142
787.87	97.213
788.06	96.883
788.24	96.482
788.43	95.899
788.62	96.005
788.80	97.366
788.99	96.559
789.17	96.125
789.36	95.808
789.55	96.320
789.73	95.405
789.92	95.902
790.10	96.294
790.29	96.133
790.48	95.722
790.66	95.957
790.85	96.278
791.03	96.678
791.22	97.067
791.41	96.925
791.59	97.047
791.78	96.928
791.96	95.847
792.15	96.416
792.34	96.531
792.52	96.858
792.71	96.361
792.89	97.053
793.08	95.690
793.27	95.701
793.45	96.366
793.64	95.347
793.82	95.812
794.01	96.664
794.19	97.151
794.38	95.921
794.57	98.153
794.75	95.745
794.94	94.698
795.12	96.210
795.31	96.118
795.49	96.313
795.68	96.563
795.86	96.413
796.05	97.055
796.24	95.861
796.42	96.525
796.61	96.188
796.79	95.926
796.98	96.301
797.16	95.319
797.35	96.086
797.53	96.082
797.72	95.949
797.90	96.732
798.09	96.535
798.27	95.996
798.46	96.364
798.65	96.516
798.83	96.374
799.02	97.416
799.20	96.900
799.39	95.960
799.57	96.135
799.76	96.115
799.94	95.923
800.13	96.411
800.31	95.751
800.50	96.741
800.68	95.142
800.87	96.208
801.05	95.698
801.24	95.506
801.42	95.603
801.61	96.097
801.79	96.122
801.98	96.248
802.16	96.476
802.35	96.014
802.53	96.353
802.72	96.010
802.90	95.625
803.09	95.468
803.27	97.340
803.46	95.577
803.64	96.065
803.83	96.005
804.01	95.775
804.20	95.622
804.38	95.714
804.56	95.722
804.75	96.868
804.93	96.653
805.12	96.631
805.30	96.589
805.49	96.167
805.67	96.817
805.86	96.030
806.04	96.767
806.23	96.182
806.41	96.253
806.59	96.666
806.78	96.986
806.96	95.498
807.15	95.732
807.33	97.486
807.52	96.207
807.70	96.587
807.89	96.521
808.07	95.325
808.25	96.613
808.44	95.862
808.62	96.612
808.81	95.894
808.99	95.780
809.18	95.924
809.36	97.098
809.54	96.427
809.73	96.443
809.91	95.902
810.10	96.397
810.28	95.994
810.47	96.762
810.65	96.700
810.83	96.117
811.02	96.011
811.20	95.223
811.39	94.931
811.57	96.242
811.75	95.796
811.94	95.893
812.12	96.041
812.31	96.132
812.49	94.814
812.67	96.660
812.86	94.814
813.04	97.254
813.23	96.173
813.41	97.352
813.59	95.910
813.78	95.684
813.96	96.175
814.14	96.246
814.33	95.348
814.51	95.693
814.70	95.241
814.88	95.978
815.06	95.765
815.25	95.662
815.43	96.391
815.61	95.891
815.80	95.239
815.98	96.432
816.16	96.614
816.35	94.621
816.53	97.436
816.72	96.095
816.90	95.856
817.08	96.730
817.27	97.474
817.45	95.810
817.63	96.057
817.82	95.537
818.00	96.499
818.18	95.739
818.37	96.742
818.55	96.658
818.73	94.952
818.92	96.848
819.10	96.104
819.28	95.606
819.47	95.646
819.65	96.494
819.83	96.787
820.02	95.047
820.20	95.838
820.38	95.776
820.57	96.295
820.75	96.502
820.93	96.348
821.11	96.188
821.30	95.081
821.48	96.538
821.66	95.498
821.85	95.990
822.03	95.144
822.21	95.331
822.40	95.091
822.58	95.783
822.76	95.707
822.94	95.276
823.13	94.911
823.31	95.940
823.49	95.906
823.68	95.625
823.86	96.742
824.04	95.414
824.22	96.969
824.41	95.843
824.59	96.053
824.77	97.089
824.96	96.943
825.14	95.058
825.32	95.169
825.50	97.182
825.69	96.998
825.87	96.262
826.05	94.908
826.23	96.185
826.42	95.496
826.60	96.843
826.78	96.474
826.96	96.046
827.15	95.991
827.33	95.155
827.51	96.952
827.69	96.203
827.88	96.619
828.06	96.209
828.24	96.219
828.42	95.161
828.61	95.171
828.79	96.214
828.97	95.654
829.15	96.254
829.34	96.945
829.52	96.029
829.70	96.159
829.88	95.881
830.06	95.548
830.25	95.343
830.43	95.791
830.61	96.371
830.79	96.090
830.97	95.897
831.16	96.305
831.34	96.908
831.52	95.862
831.70	96.301
831.89	96.462
832.07	95.506
832.25	96.660
832.43	95.169
832.61	94.975
832.80	96.680
832.98	95.932
833.16	95.479
833.34	96.072
833.52	95.682
833.70	96.280
833.89	97.252
834.07	96.430
834.25	96.709
834.43	96.734
834.61	97.727
834.80	96.460
834.98	97.071
835.16	96.142
835.34	95.801
835.52	96.429
835.70	96.182
835.89	94.474
836.07	96.232
836.25	96.293
836.43	96.619
836.61	96.351
836.79	96.686
836.97	97.178
837.16	96.989
837.34	96.805
837.52	96.433
837.70	95.271
837.88	96.956
838.06	95.619
838.24	96.889
838.43	96.158
838.61	96.404
838.79	95.356
838.97	97.021
839.15	97.416
839.33	96.223
839.51	97.311
839.70	95.811
839.88	95.551
840.06	95.932
840.24	96.844
840.42	96.839
840.60	96.313
840.78	95.704
840.96	96.989
841.14	96.584
841.33	96.725
841.51	96.210
841.69	96.725
841.87	95.367
842.05	97.335
842.23	97.410
842.41	96.677
842.59	97.562
842.77	96.332
842.95	95.995
843.14	96.978
843.32	95.941
843.50	96.861
843.68	95.886
843.86	96.677
844.04	96.626
844.22	96.563
844.40	96.429
844.58	95.762
844.76	96.726
844.94	96.287
845.12	96.434
845.30	96.130
845.49	95.708
845.67	96.414
845.85	97.645
846.03	96.490
846.21	96.873
846.39	95.668
846.57	94.694
846.75	96.175
846.93	95.388
847.11	96.416
847.29	96.694
847.47	95.297
847.65	96.412
847.83	97.051
848.01	94.944
848.19	96.787
848.37	96.590
848.55	95.570
848.73	95.359
848.91	97.467
849.09	96.531
849.27	96.803
849.46	97.752
849.64	95.943
849.82	95.205
850.00	96.157
850.18	95.574
850.36	96.343
850.54	96.957
850.72	96.751
850.90	96.514
851.08	95.784
851.26	95.125
851.44	95.633
851.62	95.262
851.80	96.155
851.98	96.523
852.16	97.331
852.34	96.207
852.52	96.819
852.70	96.351
852.88	96.573
853.06	96.497
853.24	97.233
853.42	98.368
853.60	94.991
853.78	94.882
853.96	95.966
854.14	96.337
854.31	96.559
854.49	97.062
854.67	96.209
854.85	94.998
855.03	97.726
855.21	96.126
855.39	95.850
855.57	95.927
855.75	95.861
855.93	97.295
856.11	95.364
856.29	96.709
856.47	97.070
856.65	96.799
856.83	96.972
857.01	96.092
857.19	96.356
857.37	96.523
857.55	96.551
857.73	95.259
857.91	96.036
858.09	96.741
858.26	98.119
858.44	95.954
858.62	96.149
858.80	95.367
858.98	96.730
859.16	95.620
859.34	96.817
859.52	96.742
859.70	97.425
859.88	96.983
860.06	96.959
860.24	96.573
860.42	95.199
860.59	96.423
860.77	97.881
860.95	95.498
861.13	95.671
861.31	96.331
861.49	97.266
861.67	95.813
861.85	96.055
862.03	96.087
862.21	95.733
862.38	96.240
862.56	95.913
862.74	95.982
862.92	96.137
863.10	96.223
863.28	96.357
863.46	95.812
863.64	97.163
863.82	96.205
863.99	97.460
864.17	95.252
864.35	95.807
864.53	96.248
864.71	97.622
864.89	96.354
865.07	96.480
865.24	97.221
865.42	96.612
865.60	96.617
865.78	95.994
865.96	95.767
866.14	97.181
866.32	97.775
866.49	97.488
866.67	96.809
866.85	96.327
867.03	95.380
867.21	96.792
867.39	95.764
867.56	97.020
867.74	95.943
867.92	97.369
868.10	96.183
868.28	95.670
868.46	95.303
868.63	96.285
868.81	95.619
868.99	95.907
869.17	96.733
869.35	97.607
869.53	96.262
869.70	97.537
869.88	96.193
870.06	96.983
870.24	97.245
870.42	96.066
870.59	96.150
870.77	95.988
870.95	97.265
871.13	96.208
871.31	95.065
871.48	96.477
871.66	96.834
871.84	97.609
872.02	95.847
872.20	96.367
872.37	96.871
872.55	97.685
872.73	97.050
872.91	96.575
873.08	95.639
873.26	95.704
873.44	96.704
873.62	96.826
873.80	95.131
873.97	98.547
874.15	97.639
874.33	95.687
874.51	96.324
874.68	96.475
874.86	96.955
875.04	96.818
875.22	96.632
875.39	97.021
875.57	95.211
875.75	97.250
875.93	97.434
876.10	95.944
876.28	97.496
876.46	96.693
876.64	95.771
876.81	96.158
876.99	97.026
877.17	97.265
877.35	96.982
877.52	97.529
877.70	97.479
877.88	98.094
878.06	97.770
878.23	97.382
878.41	97.683
878.59	95.646
878.76	96.678
878.94	96.681
879.12	97.644
879.30	97.067
879.47	96.561
879.65	97.378
879.83	98.132
880.00	95.713
880.18	97.109
880.36	96.647
880.53	96.415
880.71	96.287
880.89	96.765
881.07	97.218
881.24	96.699
881.42	96.691
881.60	97.456
881.77	96.750
881.95	95.916
882.13	97.055
882.30	97.296
882.48	96.327
882.66	97.566
882.83	97.287
883.01	96.164
883.19	97.581
883.36	97.053
883.54	97.038
883.72	97.895
883.89	97.290
884.07	97.917
884.25	96.423
884.42	97.149
884.60	97.091
884.78	96.946
884.95	96.945
885.13	97.929
885.31	97.152
885.48	97.758
885.66	96.385
885.84	96.550
886.01	96.140
886.19	95.036
886.36	96.675
886.54	94.679
886.72	97.814
886.89	96.178
887.07	96.099
887.25	96.228
887.42	95.415
887.60	96.490
887.78	97.469
887.95	96.592
888.13	97.886
888.30	95.856
888.48	97.131
888.66	97.056
888.83	95.440
889.01	95.568
889.18	97.383
889.36	97.449
889.54	96.492
889.71	97.141
889.89	96.470
890.06	97.267
890.24	97.254
890.42	96.316
890.59	95.808
890.77	96.489
890.94	95.299
891.12	97.541
891.30	96.331
891.47	96.228
891.65	96.012
891.82	99.364
892.00	98.692
892.17	96.831
892.35	96.081
892.53	96.876
892.70	97.117
892.88	96.793
893.05	97.085
893.23	96.964
893.40	96.014
893.58	98.215
893.75	96.955
893.93	97.449
894.11	94.933
894.28	97.323
894.46	96.321
894.63	95.837
894.81	97.295
894.98	94.149
895.16	96.242
895.33	97.235
895.51	97.766
895.68	96.510
895.86	98.289
896.04	97.734
896.21	96.341
896.39	95.567
896.56	97.957
896.74	96.490
896.91	94.840
897.09	95.794
897.26	96.706
897.44	97.464
897.61	96.614
897.79	97.210
897.96	95.639
898.14	96.249
898.31	96.905
898.49	97.027
898.66	95.801
898.84	97.874
899.01	97.455
899.19	96.292
899.36	96.777
899.54	96.745
899.71	96.659
899.89	95.163
900.06	95.546
900.24	97.189
900.41	97.510
900.59	98.462
900.76	96.678
900.94	97.963
901.11	97.106
901.29	95.486
901.46	96.529
901.63	96.967
901.81	98.055
901.98	96.771
902.16	97.000
902.33	98.143
902.51	96.123
902.68	97.541
902.86	96.973
903.03	98.720
903.21	96.172
903.38	97.165
903.56	95.187
903.73	97.267
903.90	97.762
904.08	97.053
904.25	96.072
904.43	96.681
904.60	97.996
904.78	96.264
904.95	96.932
905.12	97.640
905.30	98.058
905.47	96.747
905.65	99.071
905.82	97.083
906.00	96.662
906.17	97.655
906.34	96.307
906.52	97.542
906.69	96.490
906.87	97.325
907.04	96.523
907.21	98.777
907.39	94.957
907.56	96.981
907.74	97.663
907.91	97.342
908.08	96.508
908.26	97.603
908.43	97.758
908.61	98.335
908.78	98.679
908.95	96.750
909.13	97.397
909.30	98.271
909.48	96.616
909.65	95.904
909.82	98.852
910.00	98.501
910.17	97.723
910.34	98.189
910.52	96.526
910.69	97.135
910.87	97.996
911.04	98.692
911.21	97.736
911.39	98.424
911.56	95.371
911.73	97.412
911.91	97.145
912.08	98.687
912.25	97.038
912.43	98.949
912.60	97.402
912.77	98.920
912.95	97.599
913.12	97.384
913.29	95.309
913.47	96.456
913.64	97.587
913.81	97.542
913.99	97.075
914.16	96.705
914.33	96.371
914.51	98.942
914.68	97.659
914.85	96.739
915.03	95.843
915.20	97.660
915.37	97.805
915.55	96.967
915.72	96.845
915.89	97.095
916.07	97.678
916.24	97.387
916.41	96.570
916.59	96.996
916.76	96.397
916.93	97.302
917.10	96.350
917.28	97.256
917.45	97.813
917.62	96.882
917.80	97.384
917.97	98.461
918.14	96.766
918.31	95.198
918.49	98.306
918.66	98.696
918.83	97.995
919.01	96.787
919.18	99.648
919.35	96.493
919.52	96.522
919.70	96.461
919.87	98.067
920.04	96.326
920.21	96.147
920.39	97.533
920.56	97.197
920.73	97.520
920.90	96.539
921.08	97.350
921.25	97.945
921.42	96.804
921.59	96.900
921.77	96.976
921.94	96.728
922.11	97.865
922.28	98.234
922.46	94.257
922.63	97.064
922.80	98.683
922.97	98.127
923.15	96.618
923.32	97.318
923.49	95.053
923.66	97.243
923.83	96.797
924.01	96.934
924.18	96.081
924.35	96.556
924.52	97.281
924.69	98.126
924.87	95.762
925.04	97.389
925.21	96.731
925.38	96.825
925.55	96.876
925.73	97.063
925.90	97.630
926.07	96.677
926.24	95.387
926.41	96.625
926.59	96.908
926.76	99.123
926.93	96.187
927.10	96.699
927.27	97.878
927.45	97.273
927.62	98.507
927.79	98.695
927.96	97.377
928.13	97.500
928.30	99.374
928.48	97.589
928.65	95.450
928.82	96.398
928.99	98.429
929.16	94.946
929.33	97.143
929.50	97.198
929.68	97.114
929.85	96.764
930.02	97.436
930.19	97.465
930.36	96.797
930.53	97.649
930.70	95.547
930.88	96.821
931.05	93.534
931.22	96.897
931.39	99.040
931.56	98.651
931.73	95.784
931.90	97.490
932.08	95.006
932.25	96.393
932.42	96.331
932.59	96.216
932.76	94.812
932.93	96.254
933.10	97.423
933.27	93.791
933.44	95.724
933.62	98.345
933.79	97.175
933.96	97.447
934.13	97.046
934.30	94.504
934.47	94.172
934.64	95.982
934.81	97.685
934.98	95.057
935.15	99.178
935.32	97.782
935.50	99.107
935.67	97.368
935.84	99.649
936.01	98.439
936.18	97.384
936.35	97.411
936.52	97.226
936.69	97.499
936.86	98.271
937.03	96.944
937.20	92.499
937.37	97.965
937.54	101.999
937.71	91.874
937.89	97.527
938.06	98.248
938.23	98.917
938.40	96.348
938.57	94.554
938.74	96.163
938.91	95.291
939.08	98.447
939.25	95.366
939.42	97.724
939.59	99.315
939.76	94.685
939.93	94.137
940.10	94.626
940.27	94.479
940.44	99.879
940.61	100.131
940.78	98.426
940.95	97.448
941.12	98.161
941.29	93.889
941.46	99.047
941.63	94.753
941.80	99.383
941.97	98.524
942.14	96.375
942.31	99.024
942.48	99.671
942.65	103.224
942.82	99.441
942.99	96.321
943.16	99.285
943.33	108.102
943.50	94.991
943.67	98.257
943.84	96.811
944.01	102.879
944.18	97.736
944.35	98.348
944.52	102.544
944.69	94.323
944.86	93.494
945.03	88.654
945.20	94.669
945.37	102.467
945.54	102.094
945.71	95.278
945.88	94.288
946.05	99.077
946.22	97.184
946.39	94.090
946.56	100.142
946.73	98.924
946.90	97.657
947.07	96.942
947.23	95.628
947.40	93.585
947.57	94.478
947.74	99.017
947.91	96.176
948.08	95.707
948.25	97.681
948.42	100.000
948.59	97.599
948.76	97.748
948.93	95.266
949.10	102.166
949.27	96.669
949.44	97.164
949.60	95.720
949.77	96.109
949.94	99.958
950.11	99.358
950.28	103.272
950.45	96.611
950.62	103.326
950.79	97.120
950.96	102.637
951.13	101.400
951.30	97.199
951.46	97.905
951.63	100.778
951.80	94.567
951.97	97.788
952.14	96.627
952.31	100.665
952.48	93.110
952.65	96.774
952.81	97.716
952.98	91.943
953.15	98.178
953.32	95.058
953.49	99.456
953.66	98.599
953.83	94.393
954.00	98.781
954.16	96.308
954.33	97.000
954.50	95.719
954.67	97.360
954.84	98.174
955.01	96.241
955.18	97.253
955.34	90.606
955.51	93.213
955.68	97.699
955.85	96.665
956.02	97.747
956.19	93.261
956.35	95.466
956.52	95.992
956.69	100.950
956.86	92.704
957.03	99.678
957.20	94.279
957.36	102.645
957.53	97.814
957.70	97.225
957.87	99.875
958.04	95.056
958.21	98.369
958.37	96.963
958.54	95.652
958.71	94.605
958.88	93.270
959.05	99.938
959.21	98.683
959.38	98.881
959.55	95.213
959.72	93.978
959.89	93.438
960.05	99.190
960.22	101.759
960.39	97.029
960.56	94.477
960.72	95.496
960.89	98.525
961.06	97.670
961.23	96.418
961.40	98.758
961.56	97.444
961.73	94.125
961.90	100.602
962.07	91.772
962.23	95.623
962.40	98.989
962.57	92.881
962.74	95.744
962.90	97.108
963.07	93.432
963.24	98.377
963.41	94.855
963.57	97.140
963.74	97.971
963.91	95.553
964.08	93.337
964.24	97.197
964.41	99.631
964.58	102.987
964.75	95.717
964.91	94.467
965.08	95.175
965.25	95.405
965.42	95.965
965.58	98.356
965.75	96.526
965.92	97.493
966.08	100.360
966.25	93.981
966.42	94.694
966.59	96.698
966.75	93.541
966.92	95.799
967.09	98.285
967.25	96.121
967.42	93.565
967.59	94.425
967.75	97.931
967.92	95.351
968.09	93.126
968.26	96.332
968.42	93.201
968.59	97.583
968.76	92.965
968.92	91.503
969.09	94.721
969.26	91.027
969.42	95.187
969.59	97.088
969.76	94.135
969.92	92.378
970.09	98.290
970.26	97.103
970.42	94.485
970.59	95.827
970.76	94.925
970.92	99.731
971.09	94.001
971.26	98.089
971.42	96.273
971.59	98.810
971.76	96.407
971.92	100.593
972.09	94.090
972.25	97.471
972.42	96.270
972.59	93.316
972.75	95.669
972.92	95.518
973.09	97.567
973.25	95.954
973.42	94.306
973.58	97.652
973.75	95.868
973.92	102.542
974.08	98.500
974.25	97.104
974.42	99.039
974.58	101.618
974.75	98.473
974.91	96.715
975.08	95.571
975.25	95.952
975.41	93.579
975.58	92.888
975.74	100.434
975.91	98.379
976.08	92.503
976.24	95.148
976.41	97.096
976.57	98.527
976.74	97.981
976.91	95.999
977.07	93.661
977.24	100.000
977.40	95.412
977.57	94.533
977.73	98.429
977.90	97.937
978.07	94.539
978.23	96.615
978.40	93.974
978.56	95.752
978.73	92.354
978.89	97.689
979.06	100.737
979.22	95.121
979.39	93.820
979.56	96.439
979.72	97.341
979.89	98.672
980.05	95.037
980.22	97.974
980.38	97.374
980.55	92.374
980.71	99.826
980.88	93.746
981.04	96.944
981.21	96.874
981.37	97.089
981.54	98.725
981.70	93.383
981.87	98.253
982.04	98.080
982.20	96.973
982.37	97.698
982.53	98.774
982.70	98.484
982.86	96.956
983.03	100.884
983.19	92.546
983.36	99.743
983.52	93.166
983.69	99.126
983.85	96.609
984.02	99.290
984.18	94.372
984.35	97.134
984.51	91.520
984.68	96.133
984.84	98.705
985.00	95.781
985.17	98.073
985.33	94.216
985.50	95.130
985.66	96.825
985.83	97.314
985.99	95.462
986.16	97.344
986.32	99.567
986.49	96.824
986.65	95.845
986.82	97.986
986.98	97.480
987.15	97.467
987.31	93.552
987.47	92.317
987.64	101.862
987.80	94.911
987.97	93.703
988.13	92.939
988.30	95.109
988.46	98.541
988.63	101.770
988.79	93.575
988.95	97.420
989.12	105.682
989.28	97.358
989.45	99.356
989.61	95.982
989.77	102.322
989.94	98.296
990.10	99.290
990.27	98.060
990.43	101.834
990.60	101.624
990.76	96.418
990.92	98.540
991.09	101.650
991.25	100.257
991.42	96.199
991.58	97.170
991.74	96.978
991.91	95.673
992.07	93.336
992.24	92.022
992.40	92.487
992.56	94.524
992.73	95.598
992.89	92.022
993.05	95.170
993.22	102.775
993.38	95.575
993.55	100.363
993.71	95.851
993.87	94.198
994.04	98.323
994.20	99.101
994.36	96.213
994.53	105.827
994.69	97.788
994.85	92.718
995.02	95.395
995.18	96.411
995.34	97.672
995.51	97.245
995.67	100.584
995.84	96.607
996.00	96.167
996.16	100.397
996.33	98.333
996.49	98.008
996.65	98.699
996.82	100.968
996.98	97.140
997.14	94.063
997.31	97.054
997.47	96.158
997.63	100.715
997.79	91.654
997.96	101.984
998.12	93.212
998.28	92.343
998.45	96.404
998.61	100.269
998.77	93.237
998.94	101.780
999.10	95.492
999.26	95.669
999.43	94.403
999.59	99.379
999.75	95.655
999.91	99.411
1000.08	91.784
1000.24	101.440
1000.40	104.368
1000.57	96.471
1000.73	99.888
1000.89	95.220
1001.05	108.612
1001.22	100.706
1001.38	86.645
1001.54	91.456
1001.70	97.726
1001.87	102.516
1002.03	93.639
1002.19	96.343
1002.35	94.082
1002.52	100.431
1002.68	98.061
1002.84	91.364
1003.00	97.311
1003.17	97.726
1003.33	103.654
1003.49	93.523
1003.65	104.097
1003.82	89.547
1003.98	105.836
1004.14	95.918
1004.30	99.816
1004.47	96.477
1004.63	96.192
1004.79	93.289
1004.95	100.847
1005.11	92.732
1005.28	95.457
1005.44	84.400
1005.60	95.024
1005.76	99.676
1005.93	97.133
1006.09	92.930
1006.25	94.310
1006.41	101.918
1006.57	104.508
1006.74	104.199
1006.90	95.839
1007.06	94.674
1007.22	107.622
1007.38	96.008
1007.55	95.905
1007.71	95.708
1007.87	106.459
1008.03	93.873
1008.19	97.202
1008.35	97.716
1008.52	94.280
1008.68	103.647
1008.84	110.650
1009.00	103.356
1009.16	91.841
1009.32	114.812
1009.49	90.274
1009.65	100.148
1009.81	98.448
1009.97	96.414
1010.13	95.365
1010.29	101.416
1010.46	96.600
1010.62	104.535
1010.78	104.000
1010.94	90.433
1011.10	98.332
1011.26	100.730
1011.42	102.677
1011.59	105.591
1011.75	111.053
1011.91	96.815
1012.07	96.855
1012.23	103.940
1012.39	91.740
1012.55	97.011
1012.71	100.731
1012.88	103.009
1013.04	100.539
1013.20	93.528
1013.36	89.959
1013.52	91.516
1013.68	100.593
1013.84	98.375
1014.00	93.942
1014.16	92.683
1014.33	115.650
1014.49	92.222
1014.65	100.609
1014.81	103.802
1014.97	102.128
1015.13	96.287
1015.29	97.967
1015.45	95.322
1015.61	100.288
1015.77	95.695
1015.93	110.252
1016.09	102.230
1016.26	94.643
1016.42	94.035
1016.58	111.015
1016.74	110.674
1016.90	97.159
1017.06	101.684
1017.22	95.896
1017.38	99.792
1017.54	103.179
1017.70	103.083
1017.86	95.423
1018.02	125.172
1018.18	98.288
1018.34	97.959
1018.50	108.931
1018.66	99.497
1018.82	98.081
1018.98	90.041
1019.14	99.108
1019.31	97.684
1019.47	99.669
1019.63	88.369
1019.79	97.483
1019.95	97.568
1020.11	102.964
1020.27	101.173
1020.43	94.464
1020.59	106.148
1020.75	95.486
1020.91	114.304
1021.07	100.348
1021.23	105.562
1021.39	103.625
1021.55	108.971
1021.71	98.134
1021.87	98.091
1022.03	113.325
1022.19	106.497
1022.35	104.734
1022.51	148.195
1022.67	91.926
1022.83	103.460
1022.99	115.000
1023.15	109.436
1023.31	114.267
1023.47	109.333
1023.63	115.036
1023.79	85.973
1023.95	94.931
1024.10	107.712
1024.26	112.868
1024.42	99.016
1024.58	94.335
1024.74	97.582
1024.90	113.368
1025.06	134.601
1025.22	102.906
1025.38	85.954
1025.54	90.797
1025.70	97.356
1025.86	92.069
1026.02	97.249
1026.18	96.508
1026.34	90.123
1026.50	113.172
1026.66	104.237
1026.82	106.902
1026.98	94.610
1027.13	105.221
1027.29	87.572
1027.45	123.328
1027.61	91.085
1027.77	100.604
1027.93	100.000
1028.09	109.839
1028.25	92.201
1028.41	86.823
1028.57	102.811
1028.73	98.662
1028.88	105.105
1029.04	93.614
1029.20	109.226
1029.36	99.830
1029.52	97.269
1029.68	106.949
1029.84	85.695
1030.00	103.468
1030.16	107.396
1030.32	97.158
1030.47	94.803
1030.63	93.201
1030.79	100.348
1030.95	109.427
1031.11	103.263
1031.27	124.376
1031.43	96.979
1031.59	99.153
1031.74	115.441
1031.90	92.600
1032.06	111.910
1032.22	95.062
1032.38	108.059
1032.54	104.665
1032.69	93.173
1032.85	110.274
1033.01	109.793
1033.17	107.385
1033.33	77.852
1033.49	106.814
1033.65	96.701
1033.80	90.049
1033.96	113.673
1034.12	90.252
1034.28	99.478
1034.44	96.247
1034.60	108.647
1034.75	112.452
1034.91	90.293
1035.07	110.563
1035.23	111.828
1035.39	90.964
1035.54	94.688
1035.70	100.272
1035.86	99.167
1036.02	88.408
1036.18	114.112
1036.33	124.519
1036.49	114.105
1036.65	121.212
1036.81	123.018
1036.97	116.525
1037.12	104.664
1037.28	78.781
1037.44	85.714
1037.60	114.055
1037.76	104.563
1037.91	104.403
1038.07	91.767
1038.23	89.118
1038.39	95.708
1038.54	121.053
1038.70	111.628
1038.86	109.420
1039.02	119.512
1039.17	102.362
1039.33	92.708
1039.49	132.298
1039.65	69.762
1039.80	105.918
1039.96	98.670
1040.12	115.077
1040.28	122.973
>>>>> Data<<<<< Espectral Procesado Extremo
