Fichero De Datos De SpectraSuite
++++++++++++++++++++++++++++++++++++
Fecha: Wed Jul 15 07:35:19 CST 2026
Usuario: HP
Presente Oscuro Del Espectro: Sí
La Referencia de Presente Del Espectro De: Sí
Muestreados de los componentes de Número de espectros: 1
Espectrómetros: USB4H06056
Tiempo de integración (usec): 300000 (USB4H06056)
Promedio de Espectros Hechos un: 5 (USB4H06056)
El Alisar Del Furgón: 0 (USB4H06056)
Párrafo de de Corregir del la del del de Eléctrica del obscuridad: No (USB4H06056)
Estrobo/Lámpara Permitido: No (USB4H06056)
Correct for Detector Non-linearity: No (USB4H06056)
Párrafo de de Corregir del la del del de Externa del luz: No (USB4H06056)
Procesado del espectro de Número de pixeles en: 3648
>>>>> Comienza Data<<<<< Espectral Procesado Del EL
345.09	-7.500
345.30	-7.500
345.52	-7.500
345.74	251.852
345.95	63.462
346.17	95.652
346.39	12.903
346.60	-145.098
346.82	58.947
347.04	-172.340
347.25	73.684
347.47	-92.063
347.69	-22.222
347.90	235.294
348.12	-175.000
348.34	66.667
348.56	-158.065
348.77	53.333
348.99	295.000
349.21	158.654
349.42	43.836
349.64	60.227
349.86	-341.026
350.07	221.212
350.29	155.814
350.51	230.303
350.72	62.338
350.94	11.111
351.16	91.667
351.37	-38.843
351.59	118.100
351.81	356.000
352.02	-738.889
352.24	230.508
352.46	171.154
352.67	222.807
352.89	-203.704
353.10	658.065
353.32	115.625
353.54	1150.000
353.75	193.750
353.97	39.189
354.19	139.394
354.40	121.591
354.62	578.571
354.84	135.294
355.05	97.368
355.27	143.590
355.49	206.098
355.70	85.714
355.92	152.427
356.14	98.876
356.35	132.414
356.57	115.068
356.78	70.886
357.00	68.519
357.22	111.000
357.43	720.000
357.65	107.619
357.87	547.500
358.08	124.603
358.30	16.058
358.51	228.333
358.73	-638.889
358.95	122.951
359.16	200.000
359.38	401.786
359.60	393.750
359.81	307.547
360.03	168.992
360.24	589.655
360.46	-453.846
360.68	62.136
360.89	63.636
361.11	427.778
361.33	-5200.000
361.54	160.396
361.76	322.500
361.97	167.347
362.19	0.000
362.41	58.108
362.62	600.000
362.84	85.507
363.05	500.000
363.27	256.250
363.49	1766.667
363.70	71.069
363.92	255.932
364.13	112.621
364.35	96.380
364.57	56.481
364.78	138.889
365.00	51.572
365.21	170.455
365.43	80.723
365.65	-192.857
365.86	95.376
366.08	115.966
366.29	108.403
366.51	-159.459
366.73	64.835
366.94	668.000
367.16	51.709
367.37	47.561
367.59	-51.000
367.80	195.000
368.02	89.091
368.24	-1600.000
368.45	168.116
368.67	111.667
368.88	30.208
369.10	50.000
369.31	3575.000
369.53	280.645
369.75	45.299
369.96	127.381
370.18	112.587
370.39	5100.000
370.61	85.465
370.82	229.687
371.04	239.286
371.26	-78.571
371.47	166.406
371.69	152.083
371.90	324.561
372.12	-8.333
372.33	95.862
372.55	287.838
372.76	156.383
372.98	377.778
373.20	73.077
373.41	177.869
373.63	85.795
373.84	106.349
374.06	94.886
374.27	117.293
374.49	480.769
374.70	-372.222
374.92	101.724
375.13	98.925
375.35	82.034
375.57	81.250
375.78	-5.682
376.00	819.048
376.21	115.385
376.43	68.675
376.64	125.385
376.86	84.390
377.07	91.919
377.29	228.829
377.50	88.732
377.72	115.484
377.93	90.052
378.15	193.548
378.36	103.030
378.58	285.714
378.80	227.397
379.01	-1100.000
379.23	846.667
379.44	93.750
379.66	130.000
379.87	50.251
380.09	65.138
380.30	1083.333
380.52	118.182
380.73	51.875
380.95	72.928
381.16	136.957
381.38	154.430
381.59	96.154
381.81	162.346
382.02	95.610
382.24	75.000
382.45	119.658
382.67	281.395
382.88	149.485
383.10	284.146
383.31	106.410
383.53	180.000
383.74	162.963
383.96	67.117
384.17	29.630
384.39	89.375
384.60	94.565
384.82	122.759
385.03	131.579
385.25	60.000
385.46	76.498
385.68	114.783
385.89	133.071
386.11	67.820
386.32	204.065
386.54	682.353
386.75	62.411
386.97	340.000
387.18	53.279
387.40	113.303
387.61	124.118
387.83	102.564
388.04	170.526
388.25	60.947
388.47	139.766
388.68	87.356
388.90	116.107
389.11	98.883
389.33	139.000
389.54	176.471
389.76	103.448
389.97	83.333
390.19	117.895
390.40	209.091
390.62	137.143
390.83	164.497
391.05	103.211
391.26	117.553
391.47	503.571
391.69	111.950
391.90	72.881
392.12	100.481
392.33	116.580
392.55	190.400
392.76	167.391
392.98	135.000
393.19	129.655
393.41	37.609
393.62	140.909
393.83	85.616
394.05	145.122
394.26	84.982
394.48	68.182
394.69	85.425
394.91	80.100
395.12	94.500
395.34	60.811
395.55	160.526
395.76	68.153
395.98	59.289
396.19	99.222
396.41	105.792
396.62	75.472
396.84	99.000
397.05	17.680
397.26	81.579
397.48	58.025
397.69	123.144
397.91	74.148
398.12	113.426
398.33	63.423
398.55	116.290
398.76	100.980
398.98	125.899
399.19	66.124
399.41	67.578
399.62	129.032
399.83	76.945
400.05	84.848
400.26	76.338
400.48	50.388
400.69	83.726
400.90	91.234
401.12	65.204
401.33	62.824
401.55	89.583
401.76	99.293
401.97	126.543
402.19	94.056
402.40	63.256
402.62	84.192
402.83	102.424
403.04	111.417
403.26	79.208
403.47	87.868
403.69	66.231
403.90	69.048
404.11	76.168
404.33	76.238
404.54	108.673
404.76	48.468
404.97	67.048
405.18	52.208
405.40	78.392
405.61	42.010
405.83	59.200
406.04	55.419
406.25	58.447
406.47	42.857
406.68	61.425
406.89	81.535
407.11	84.834
407.32	61.209
407.54	88.720
407.75	44.938
407.96	66.508
408.18	70.516
408.39	35.714
408.60	82.529
408.82	63.842
409.03	67.210
409.24	61.538
409.46	65.432
409.67	69.430
409.89	61.739
410.10	32.128
410.31	82.649
410.53	49.453
410.74	72.810
410.95	66.927
411.17	35.167
411.38	66.013
411.59	47.089
411.81	88.312
412.02	48.490
412.23	59.893
412.45	45.604
412.66	30.849
412.87	55.178
413.09	53.772
413.30	65.460
413.51	52.012
413.73	43.733
413.94	51.857
414.15	41.888
414.37	50.817
414.58	50.925
414.79	37.368
415.01	51.187
415.22	46.648
415.43	50.727
415.65	31.832
415.86	19.905
416.07	30.208
416.29	37.032
416.50	38.636
416.71	30.959
416.93	36.375
417.14	38.453
417.35	29.206
417.57	32.478
417.78	37.309
417.99	42.397
418.21	33.792
418.42	43.068
418.63	29.614
418.85	-99.378
419.06	33.754
419.27	34.409
419.48	40.488
419.70	31.738
419.91	33.275
420.12	27.699
420.34	37.900
420.55	24.113
420.76	26.569
420.98	22.682
421.19	37.858
421.40	31.800
421.61	30.696
421.83	33.643
422.04	32.674
422.25	34.172
422.47	31.702
422.68	26.812
422.89	28.111
423.11	30.927
423.32	23.695
423.53	28.205
423.74	20.649
423.96	28.069
424.17	27.968
424.38	25.669
424.59	17.394
424.81	24.906
425.02	21.642
425.23	20.048
425.45	20.033
425.66	18.865
425.87	16.508
426.08	26.251
426.30	21.204
426.51	21.677
426.72	23.461
426.93	22.702
427.15	26.129
427.36	24.875
427.57	19.404
427.79	19.151
428.00	19.505
428.21	56.651
428.42	18.773
428.64	22.273
428.85	20.725
429.06	21.810
429.27	19.798
429.49	21.415
429.70	19.784
429.91	19.530
430.12	21.261
430.34	21.319
430.55	19.241
430.76	19.224
430.97	19.364
431.19	14.581
431.40	17.698
431.61	22.639
431.82	23.307
432.03	19.655
432.25	18.824
432.46	18.945
432.67	19.188
432.88	19.688
433.10	17.179
433.31	18.770
433.52	15.456
433.73	19.869
433.95	19.161
434.16	20.701
434.37	19.747
434.58	17.706
434.79	16.025
435.01	19.425
435.22	16.667
435.43	15.704
435.64	19.979
435.86	15.865
436.07	14.930
436.28	17.938
436.49	16.428
436.70	19.078
436.92	17.588
437.13	16.085
437.34	17.584
437.55	19.377
437.76	18.089
437.98	15.678
438.19	17.540
438.40	16.279
438.61	20.465
438.82	16.667
439.04	16.043
439.25	17.416
439.46	20.423
439.67	18.303
439.88	16.283
440.10	19.910
440.31	17.828
440.52	17.974
440.73	17.209
440.94	14.586
441.16	14.393
441.37	17.540
441.58	20.512
441.79	17.778
442.00	18.231
442.21	17.141
442.43	17.221
442.64	17.478
442.85	18.416
443.06	19.722
443.27	18.451
443.48	18.825
443.70	16.260
443.91	16.421
444.12	15.300
444.33	17.111
444.54	19.167
444.75	20.330
444.97	18.002
445.18	17.363
445.39	14.981
445.60	17.555
445.81	19.475
446.02	13.990
446.24	16.815
446.45	17.969
446.66	16.743
446.87	17.636
447.08	16.742
447.29	17.091
447.51	16.518
447.72	16.969
447.93	18.413
448.14	17.552
448.35	17.552
448.56	17.683
448.77	16.690
448.99	17.532
449.20	16.850
449.41	18.907
449.62	17.415
449.83	16.768
450.04	18.045
450.25	17.448
450.46	17.521
450.68	17.834
450.89	17.970
451.10	16.179
451.31	16.709
451.52	16.378
451.73	17.048
451.94	18.305
452.15	15.864
452.37	17.213
452.58	18.751
452.79	15.211
453.00	16.410
453.21	15.746
453.42	17.865
453.63	16.314
453.84	16.829
454.06	17.665
454.27	16.501
454.48	17.086
454.69	16.532
454.90	16.969
455.11	17.078
455.32	16.615
455.53	16.595
455.74	16.010
455.95	17.135
456.17	14.648
456.38	17.191
456.59	16.677
456.80	17.605
457.01	16.749
457.22	17.793
457.43	19.065
457.64	16.876
457.85	17.290
458.06	18.583
458.27	18.087
458.49	16.909
458.70	20.093
458.91	19.262
459.12	15.156
459.33	15.712
459.54	16.990
459.75	18.249
459.96	18.052
460.17	17.235
460.38	18.771
460.59	18.145
460.80	16.251
461.01	17.856
461.23	16.006
461.44	17.122
461.65	19.389
461.86	18.812
462.07	18.386
462.28	19.638
462.49	16.667
462.70	15.132
462.91	17.006
463.12	17.205
463.33	16.485
463.54	17.770
463.75	17.450
463.96	18.761
464.17	17.535
464.38	18.354
464.59	16.598
464.81	16.252
465.02	17.545
465.23	16.984
465.44	18.473
465.65	19.310
465.86	16.630
466.07	16.880
466.28	17.659
466.49	17.827
466.70	17.107
466.91	18.299
467.12	18.787
467.33	18.120
467.54	16.025
467.75	17.317
467.96	17.569
468.17	17.611
468.38	18.576
468.59	18.775
468.80	17.253
469.01	16.620
469.22	16.687
469.43	17.725
469.64	17.967
469.85	18.890
470.06	17.108
470.27	17.513
470.48	18.938
470.69	18.243
470.90	18.016
471.11	18.398
471.32	17.055
471.53	17.086
471.74	18.417
471.95	18.667
472.16	17.561
472.37	17.899
472.58	16.729
472.79	19.286
473.00	18.758
473.21	19.507
473.42	17.509
473.63	17.098
473.84	17.529
474.05	17.742
474.26	17.390
474.47	16.906
474.68	16.529
474.89	17.574
475.10	17.926
475.31	17.559
475.52	18.100
475.73	17.915
475.94	18.913
476.15	17.509
476.36	17.958
476.57	17.418
476.78	17.592
476.99	16.263
477.20	17.591
477.41	16.951
477.62	16.985
477.83	18.413
478.04	17.680
478.25	17.215
478.46	16.305
478.67	17.967
478.88	17.111
479.09	17.869
479.30	18.283
479.51	16.608
479.72	16.754
479.93	18.065
480.14	16.872
480.35	17.100
480.56	17.040
480.77	16.403
480.98	17.188
481.18	17.565
481.39	16.566
481.60	17.821
481.81	17.376
482.02	17.044
482.23	17.602
482.44	17.461
482.65	17.863
482.86	16.784
483.07	17.352
483.28	16.914
483.49	17.005
483.70	17.053
483.91	17.831
484.12	17.061
484.33	18.085
484.53	18.131
484.74	17.772
484.95	17.704
485.16	17.538
485.37	17.341
485.58	17.941
485.79	17.119
486.00	16.887
486.21	17.867
486.42	17.357
486.63	17.976
486.84	16.676
487.05	17.137
487.25	18.268
487.46	17.776
487.67	16.534
487.88	18.708
488.09	17.605
488.30	17.876
488.51	17.116
488.72	16.582
488.93	17.266
489.14	17.025
489.35	17.304
489.55	17.906
489.76	17.481
489.97	17.739
490.18	17.201
490.39	17.175
490.60	17.330
490.81	17.735
491.02	17.319
491.23	17.030
491.43	17.129
491.64	17.205
491.85	17.119
492.06	18.068
492.27	17.512
492.48	17.933
492.69	17.048
492.90	18.152
493.11	17.080
493.31	17.638
493.52	17.875
493.73	17.686
493.94	16.838
494.15	17.423
494.36	16.889
494.57	17.285
494.78	17.953
494.98	17.970
495.19	17.500
495.40	16.754
495.61	17.214
495.82	17.184
496.03	17.026
496.24	17.154
496.44	17.321
496.65	17.522
496.86	16.552
497.07	17.515
497.28	17.508
497.49	17.795
497.70	16.959
497.90	17.815
498.11	16.832
498.32	17.684
498.53	17.533
498.74	17.003
498.95	17.865
499.15	18.140
499.36	16.771
499.57	18.137
499.78	17.740
499.99	17.357
500.20	17.243
500.40	17.204
500.61	17.952
500.82	17.421
501.03	18.606
501.24	17.841
501.45	18.472
501.65	17.881
501.86	18.086
502.07	17.993
502.28	17.983
502.49	18.052
502.70	17.585
502.90	17.401
503.11	18.281
503.32	17.756
503.53	17.964
503.74	18.095
503.94	18.110
504.15	17.500
504.36	18.166
504.57	18.147
504.78	17.782
504.98	17.788
505.19	18.442
505.40	18.217
505.61	17.790
505.82	17.353
506.02	17.427
506.23	18.147
506.44	17.895
506.65	17.770
506.86	18.439
507.06	18.109
507.27	18.880
507.48	17.889
507.69	18.532
507.90	18.572
508.10	18.278
508.31	18.715
508.52	17.850
508.73	17.772
508.94	18.308
509.14	18.658
509.35	17.747
509.56	18.285
509.77	18.437
509.97	18.277
510.18	17.993
510.39	18.637
510.60	18.201
510.80	18.879
511.01	18.464
511.22	18.349
511.43	18.024
511.64	19.059
511.84	19.111
512.05	18.642
512.26	18.760
512.47	18.848
512.67	18.742
512.88	19.329
513.09	18.819
513.30	19.279
513.50	18.987
513.71	19.212
513.92	18.986
514.13	18.696
514.33	19.290
514.54	18.806
514.75	19.932
514.96	19.595
515.16	18.673
515.37	19.334
515.58	19.168
515.78	19.693
515.99	19.586
516.20	19.202
516.41	19.771
516.61	20.271
516.82	19.545
517.03	19.890
517.24	20.044
517.44	20.411
517.65	19.801
517.86	19.581
518.07	20.376
518.27	19.884
518.48	21.031
518.69	20.741
518.89	20.959
519.10	20.648
519.31	20.817
519.52	20.553
519.72	21.216
519.93	20.820
520.14	20.411
520.34	20.842
520.55	21.017
520.76	20.892
520.96	20.675
521.17	21.374
521.38	21.111
521.59	21.225
521.79	21.409
522.00	21.390
522.21	21.459
522.41	22.029
522.62	21.343
522.83	22.069
523.03	22.124
523.24	22.377
523.45	22.618
523.66	22.142
523.86	22.611
524.07	22.427
524.28	22.749
524.48	22.168
524.69	22.718
524.90	22.158
525.10	22.943
525.31	22.871
525.52	22.920
525.72	23.306
525.93	23.494
526.14	23.197
526.34	23.325
526.55	23.815
526.76	23.358
526.96	23.907
527.17	23.759
527.38	24.077
527.58	24.094
527.79	24.367
528.00	24.388
528.20	24.371
528.41	24.638
528.62	25.090
528.82	25.136
529.03	24.959
529.24	24.641
529.44	25.334
529.65	24.951
529.85	26.013
530.06	25.686
530.27	25.382
530.47	25.773
530.68	25.786
530.89	25.184
531.09	26.406
531.30	26.484
531.51	26.366
531.71	26.377
531.92	25.710
532.13	26.482
532.33	26.400
532.54	26.282
532.74	26.086
532.95	26.291
533.16	27.006
533.36	26.405
533.57	26.639
533.78	27.255
533.98	26.941
534.19	27.040
534.39	26.927
534.60	27.853
534.81	27.763
535.01	27.853
535.22	26.869
535.42	27.944
535.63	27.203
535.84	27.548
536.04	27.636
536.25	28.025
536.45	27.658
536.66	27.671
536.87	27.928
537.07	28.130
537.28	28.122
537.48	27.985
537.69	28.454
537.90	27.916
538.10	28.464
538.31	27.898
538.51	28.856
538.72	28.336
538.93	28.350
539.13	28.180
539.34	28.400
539.54	28.448
539.75	28.562
539.96	28.761
540.16	28.649
540.37	28.688
540.57	28.969
540.78	28.845
540.98	29.469
541.19	28.867
541.40	29.267
541.60	28.937
541.81	28.960
542.01	29.396
542.22	28.898
542.42	28.846
542.63	29.106
542.83	29.179
543.04	29.446
543.25	29.355
543.45	29.096
543.66	29.461
543.86	29.595
544.07	29.678
544.27	29.296
544.48	29.370
544.68	29.874
544.89	29.208
545.10	29.951
545.30	29.421
545.51	30.038
545.71	29.686
545.92	29.421
546.12	29.694
546.33	29.793
546.53	29.735
546.74	30.375
546.94	29.990
547.15	29.365
547.36	29.546
547.56	29.447
547.77	29.901
547.97	30.304
548.18	29.577
548.38	29.480
548.59	30.311
548.79	29.434
549.00	29.948
549.20	30.017
549.41	29.799
549.61	30.564
549.82	30.064
550.02	29.998
550.23	30.165
550.43	29.827
550.64	29.632
550.84	29.983
551.05	29.940
551.25	30.156
551.46	29.958
551.66	30.478
551.87	30.231
552.07	30.134
552.28	30.150
552.48	30.452
552.69	30.543
552.89	29.969
553.10	30.097
553.30	30.730
553.51	30.589
553.71	30.262
553.92	30.377
554.12	30.866
554.33	30.136
554.53	30.638
554.74	30.696
554.94	30.641
555.15	30.654
555.35	30.419
555.56	30.574
555.76	30.733
555.97	30.650
556.17	30.351
556.38	30.414
556.58	30.454
556.78	30.886
556.99	30.736
557.19	30.223
557.40	30.488
557.60	30.295
557.81	30.614
558.01	30.212
558.22	30.561
558.42	30.055
558.63	30.313
558.83	30.401
559.04	30.073
559.24	30.512
559.44	30.790
559.65	30.539
559.85	30.383
560.06	30.481
560.26	30.097
560.47	30.511
560.67	30.302
560.88	30.249
561.08	29.844
561.28	30.449
561.49	30.007
561.69	30.390
561.90	30.422
562.10	30.361
562.31	29.849
562.51	30.522
562.71	30.322
562.92	30.068
563.12	29.816
563.33	30.134
563.53	29.903
563.74	30.081
563.94	29.979
564.14	29.930
564.35	30.248
564.55	29.670
564.76	29.812
564.96	29.471
565.17	30.014
565.37	29.801
565.57	29.288
565.78	29.335
565.98	29.464
566.19	29.261
566.39	28.776
566.59	29.538
566.80	29.357
567.00	29.268
567.21	29.277
567.41	28.950
567.61	28.858
567.82	29.469
568.02	29.201
568.23	29.273
568.43	28.279
568.63	29.058
568.84	28.930
569.04	28.525
569.24	28.909
569.45	28.450
569.65	28.530
569.86	28.514
570.06	28.400
570.26	28.742
570.47	28.055
570.67	28.259
570.87	28.280
571.08	28.273
571.28	27.966
571.49	27.534
571.69	28.169
571.89	27.606
572.10	27.724
572.30	27.796
572.50	27.391
572.71	27.307
572.91	27.814
573.11	27.054
573.32	27.882
573.52	27.412
573.73	27.115
573.93	27.047
574.13	26.906
574.34	27.175
574.54	26.438
574.74	26.948
574.95	27.186
575.15	27.146
575.35	27.211
575.56	26.484
575.76	26.374
575.96	26.999
576.17	26.608
576.37	26.523
576.57	26.208
576.78	26.852
576.98	26.090
577.18	26.106
577.39	26.409
577.59	26.068
577.79	25.936
578.00	25.600
578.20	25.976
578.40	25.874
578.61	25.495
578.81	25.680
579.01	25.459
579.22	25.771
579.42	25.342
579.62	25.628
579.82	25.705
580.03	25.453
580.23	25.576
580.43	25.589
580.64	25.679
580.84	25.568
581.04	24.972
581.25	25.180
581.45	25.222
581.65	25.024
581.86	25.066
582.06	25.205
582.26	25.017
582.46	25.646
582.67	25.023
582.87	25.157
583.07	24.724
583.28	24.377
583.48	24.957
583.68	24.405
583.88	24.337
584.09	24.503
584.29	24.825
584.49	24.458
584.70	24.718
584.90	24.356
585.10	24.239
585.30	24.409
585.51	24.601
585.71	23.882
585.91	24.013
586.11	24.224
586.32	24.081
586.52	24.252
586.72	23.975
586.92	23.946
587.13	23.914
587.33	24.352
587.53	23.850
587.74	23.273
587.94	23.392
588.14	23.690
588.34	23.446
588.55	23.893
588.75	23.579
588.95	24.226
589.15	23.486
589.36	23.477
589.56	23.313
589.76	23.492
589.96	23.690
590.16	23.535
590.37	23.607
590.57	23.333
590.77	23.170
590.97	23.433
591.18	23.042
591.38	23.037
591.58	20.095
591.78	23.420
591.99	22.999
592.19	23.068
592.39	23.110
592.59	23.201
592.79	23.062
593.00	22.777
593.20	23.299
593.40	22.829
593.60	22.815
593.81	23.145
594.01	23.010
594.21	22.922
594.41	23.068
594.61	22.995
594.82	22.742
595.02	22.972
595.22	22.667
595.42	22.935
595.62	22.871
595.83	22.622
596.03	22.603
596.23	22.641
596.43	22.777
596.63	22.476
596.84	22.748
597.04	22.437
597.24	22.766
597.44	22.624
597.64	22.744
597.84	22.566
598.05	22.556
598.25	22.075
598.45	22.702
598.65	22.489
598.85	22.539
599.06	22.440
599.26	22.573
599.46	22.413
599.66	22.737
599.86	22.349
600.06	22.401
600.27	22.236
600.47	22.453
600.67	22.717
600.87	22.545
601.07	22.543
601.27	22.518
601.48	22.547
601.68	22.777
601.88	22.506
602.08	22.287
602.28	22.748
602.48	22.201
602.68	22.271
602.89	22.254
603.09	22.206
603.29	22.280
603.49	22.563
603.69	22.416
603.89	22.556
604.09	21.565
604.30	22.092
604.50	22.073
604.70	22.226
604.90	22.116
605.10	22.078
605.30	22.224
605.50	21.927
605.71	22.468
605.91	22.096
606.11	22.145
606.31	22.294
606.51	22.280
606.71	21.940
606.91	22.073
607.11	22.071
607.32	22.412
607.52	21.890
607.72	22.437
607.92	21.832
608.12	22.248
608.32	22.120
608.52	22.034
608.72	22.260
608.92	21.834
609.12	21.912
609.33	21.894
609.53	21.592
609.73	21.720
609.93	21.529
610.13	21.610
610.33	21.688
610.53	21.619
610.73	21.830
610.93	22.140
611.13	21.540
611.34	21.741
611.54	21.608
611.74	21.603
611.94	21.780
612.14	21.316
612.34	21.391
612.54	21.690
612.74	21.668
612.94	21.479
613.14	21.482
613.34	21.569
613.54	21.036
613.74	21.219
613.95	21.183
614.15	21.460
614.35	21.269
614.55	21.291
614.75	21.188
614.95	21.447
615.15	21.030
615.35	21.604
615.55	21.034
615.75	21.242
615.95	21.048
616.15	21.406
616.35	21.136
616.55	21.020
616.75	21.432
616.95	20.925
617.15	20.692
617.35	20.959
617.56	20.870
617.76	21.388
617.96	21.127
618.16	21.227
618.36	21.121
618.56	20.889
618.76	20.913
618.96	20.816
619.16	20.879
619.36	20.870
619.56	20.993
619.76	21.231
619.96	20.774
620.16	20.771
620.36	20.687
620.56	20.553
620.76	20.499
620.96	21.059
621.16	20.352
621.36	20.852
621.56	21.066
621.76	20.608
621.96	20.664
622.16	20.566
622.36	20.535
622.56	20.624
622.76	20.693
622.96	20.531
623.16	20.560
623.36	20.312
623.56	20.643
623.76	20.360
623.96	20.617
624.16	20.750
624.36	20.491
624.56	20.453
624.76	20.490
624.96	20.655
625.16	20.171
625.36	20.421
625.56	20.572
625.76	20.484
625.96	20.147
626.16	20.251
626.36	20.413
626.56	20.706
626.76	20.336
626.96	20.560
627.16	20.581
627.36	20.261
627.56	19.962
627.76	20.507
627.96	20.555
628.16	20.112
628.36	20.166
628.56	20.404
628.75	20.268
628.95	20.369
629.15	20.139
629.35	20.509
629.55	20.179
629.75	20.231
629.95	20.266
630.15	20.111
630.35	20.503
630.55	20.393
630.75	19.969
630.95	19.992
631.15	20.337
631.35	20.117
631.55	20.231
631.75	20.125
631.95	19.825
632.15	20.243
632.34	20.116
632.54	19.984
632.74	19.800
632.94	20.411
633.14	20.215
633.34	20.298
633.54	20.055
633.74	19.778
633.94	20.102
634.14	20.103
634.34	20.309
634.54	20.236
634.74	20.046
634.93	20.317
635.13	20.615
635.33	19.958
635.53	20.283
635.73	20.157
635.93	20.612
636.13	19.876
636.33	19.992
636.53	20.054
636.73	20.171
636.93	19.634
637.12	20.152
637.32	19.899
637.52	20.055
637.72	19.853
637.92	19.781
638.12	19.621
638.32	19.899
638.52	20.071
638.72	20.093
638.91	19.515
639.11	19.540
639.31	19.527
639.51	19.750
639.71	19.713
639.91	19.708
640.11	19.479
640.31	19.571
640.50	19.783
640.70	20.008
640.90	19.668
641.10	19.486
641.30	19.469
641.50	19.708
641.70	19.631
641.89	19.341
642.09	19.152
642.29	19.376
642.49	19.177
642.69	19.255
642.89	19.372
643.09	19.264
643.28	18.977
643.48	19.075
643.68	18.761
643.88	18.998
644.08	19.007
644.28	19.066
644.48	19.135
644.67	19.084
644.87	19.006
645.07	18.956
645.27	18.866
645.47	18.976
645.67	18.996
645.86	18.273
646.06	18.873
646.26	18.805
646.46	18.668
646.66	19.056
646.85	18.817
647.05	18.653
647.25	18.521
647.45	18.396
647.65	18.408
647.85	18.909
648.04	18.380
648.24	18.528
648.44	18.699
648.64	18.503
648.84	18.258
649.03	18.285
649.23	18.809
649.43	18.307
649.63	18.331
649.83	18.379
650.02	18.273
650.22	18.512
650.42	18.418
650.62	18.165
650.82	18.137
651.01	18.168
651.21	18.270
651.41	18.152
651.61	18.090
651.81	18.136
652.00	18.323
652.20	18.147
652.40	18.199
652.60	18.019
652.79	18.211
652.99	17.879
653.19	17.959
653.39	18.064
653.59	17.971
653.78	18.229
653.98	17.988
654.18	18.042
654.38	18.176
654.57	17.999
654.77	18.085
654.97	18.249
655.17	18.065
655.36	17.930
655.56	18.137
655.76	18.007
655.96	17.805
656.15	17.856
656.35	18.016
656.55	18.260
656.75	17.905
656.94	17.682
657.14	17.877
657.34	18.078
657.54	17.745
657.73	18.085
657.93	17.826
658.13	17.900
658.33	17.808
658.52	18.157
658.72	16.070
658.92	17.782
659.11	18.177
659.31	17.794
659.51	17.875
659.71	17.736
659.90	17.831
660.10	17.872
660.30	17.981
660.50	17.839
660.69	17.803
660.89	17.542
661.09	18.059
661.28	18.030
661.48	17.945
661.68	17.721
661.87	17.891
662.07	17.863
662.27	17.844
662.47	17.410
662.66	17.755
662.86	17.748
663.06	17.884
663.25	17.795
663.45	17.769
663.65	17.550
663.84	17.554
664.04	17.453
664.24	17.676
664.44	17.369
664.63	17.843
664.83	17.508
665.03	17.615
665.22	17.809
665.42	17.528
665.62	17.672
665.81	17.182
666.01	17.099
666.21	17.618
666.40	17.668
666.60	17.659
666.80	17.675
666.99	17.676
667.19	17.409
667.39	17.515
667.58	17.433
667.78	17.648
667.98	17.361
668.17	17.792
668.37	17.681
668.57	17.559
668.76	17.402
668.96	17.735
669.16	17.482
669.35	17.462
669.55	17.462
669.74	17.312
669.94	17.704
670.14	17.461
670.33	17.644
670.53	17.632
670.73	17.626
670.92	17.522
671.12	17.202
671.32	17.474
671.51	17.317
671.71	17.352
671.90	17.299
672.10	17.300
672.30	17.304
672.49	17.664
672.69	17.307
672.89	17.793
673.08	17.229
673.28	17.622
673.47	17.674
673.67	17.323
673.87	17.690
674.06	17.325
674.26	17.382
674.45	17.298
674.65	17.438
674.85	17.400
675.04	17.414
675.24	17.592
675.43	17.518
675.63	17.729
675.83	17.654
676.02	17.131
676.22	17.532
676.41	17.797
676.61	17.634
676.81	17.497
677.00	17.420
677.20	17.667
677.39	17.521
677.59	17.905
677.79	17.506
677.98	17.271
678.18	17.335
678.37	17.521
678.57	17.640
678.76	17.518
678.96	17.730
679.16	17.405
679.35	17.750
679.55	17.491
679.74	17.504
679.94	17.674
680.13	17.639
680.33	17.604
680.53	17.558
680.72	17.789
680.92	17.540
681.11	17.447
681.31	17.590
681.50	17.543
681.70	17.937
681.89	17.691
682.09	17.666
682.28	17.738
682.48	17.904
682.68	17.714
682.87	17.581
683.07	17.464
683.26	17.874
683.46	17.632
683.65	17.505
683.85	17.931
684.04	17.686
684.24	17.895
684.43	18.153
684.63	17.907
684.82	17.769
685.02	17.823
685.21	17.771
685.41	17.957
685.60	17.809
685.80	18.055
686.00	17.945
686.19	17.969
686.39	18.029
686.58	17.731
686.78	17.996
686.97	17.937
687.17	17.837
687.36	18.217
687.56	18.387
687.75	17.765
687.95	18.018
688.14	17.974
688.34	17.903
688.53	17.890
688.73	18.077
688.92	18.091
689.12	17.893
689.31	18.160
689.51	18.221
689.70	18.336
689.89	18.003
690.09	18.127
690.28	18.486
690.48	18.582
690.67	18.609
690.87	18.496
691.06	18.295
691.26	18.637
691.45	18.687
691.65	18.567
691.84	18.747
692.04	18.715
692.23	19.021
692.43	19.103
692.62	19.066
692.82	19.335
693.01	19.302
693.20	19.294
693.40	19.471
693.59	19.585
693.79	19.331
693.98	19.390
694.18	19.847
694.37	19.867
694.57	19.815
694.76	20.239
694.95	20.171
695.15	20.238
695.34	20.547
695.54	20.976
695.73	21.207
695.93	21.131
696.12	21.387
696.32	21.708
696.51	21.640
696.70	21.550
696.90	21.937
697.09	22.137
697.29	22.091
697.48	22.836
697.67	22.769
697.87	22.820
698.06	23.290
698.26	23.286
698.45	23.525
698.65	23.752
698.84	23.765
699.03	24.302
699.23	24.696
699.42	24.996
699.62	25.219
699.81	25.272
700.00	25.456
700.20	25.888
700.39	26.458
700.59	26.234
700.78	27.057
700.97	27.286
701.17	27.027
701.36	27.483
701.56	27.673
701.75	27.989
701.94	28.327
702.14	28.683
702.33	28.944
702.52	29.237
702.72	29.964
702.91	30.037
703.11	30.054
703.30	30.185
703.49	30.866
703.69	31.011
703.88	31.193
704.07	31.179
704.27	32.084
704.46	32.242
704.66	32.129
704.85	33.153
705.04	32.888
705.24	33.298
705.43	33.895
705.62	34.134
705.82	34.303
706.01	34.765
706.20	34.754
706.40	34.916
706.59	35.762
706.78	34.935
706.98	36.010
707.17	35.956
707.36	36.185
707.56	36.964
707.75	36.528
707.94	37.232
708.14	37.444
708.33	38.126
708.52	37.941
708.72	38.657
708.91	38.561
709.10	39.312
709.30	39.383
709.49	39.701
709.68	40.162
709.88	39.969
710.07	40.264
710.26	40.207
710.46	41.377
710.65	40.797
710.84	41.348
711.04	41.569
711.23	41.804
711.42	43.032
711.61	42.578
711.81	42.806
712.00	43.426
712.19	42.913
712.39	43.927
712.58	44.188
712.77	44.652
712.97	44.660
713.16	44.804
713.35	45.067
713.54	45.382
713.74	45.678
713.93	45.770
714.12	45.722
714.32	46.551
714.51	46.462
714.70	46.837
714.89	47.625
715.09	47.425
715.28	47.649
715.47	48.017
715.66	48.709
715.86	48.798
716.05	49.112
716.24	49.289
716.44	48.969
716.63	49.358
716.82	49.560
717.01	49.574
717.21	50.055
717.40	51.055
717.59	50.074
717.78	51.545
717.98	51.945
718.17	51.379
718.36	52.137
718.55	51.846
718.75	51.778
718.94	52.358
719.13	52.967
719.32	53.153
719.52	53.093
719.71	53.659
719.90	54.620
720.09	54.719
720.28	54.324
720.48	54.961
720.67	54.594
720.86	54.778
721.05	55.273
721.25	55.986
721.44	55.721
721.63	55.983
721.82	55.204
722.01	56.203
722.21	56.461
722.40	56.959
722.59	57.684
722.78	57.569
722.98	57.064
723.17	58.279
723.36	57.918
723.55	58.085
723.74	58.552
723.94	58.412
724.13	58.930
724.32	58.730
724.51	59.695
724.70	59.758
724.89	60.027
725.09	59.937
725.28	60.444
725.47	60.563
725.66	61.289
725.85	61.146
726.05	60.706
726.24	62.184
726.43	61.723
726.62	62.517
726.81	62.387
727.00	62.636
727.20	62.751
727.39	62.348
727.58	63.074
727.77	63.116
727.96	63.748
728.15	63.762
728.35	63.880
728.54	64.382
728.73	64.369
728.92	64.168
729.11	64.818
729.30	64.436
729.50	65.486
729.69	66.059
729.88	65.165
730.07	66.204
730.26	66.133
730.45	66.373
730.64	66.175
730.84	67.385
731.03	66.944
731.22	67.081
731.41	67.062
731.60	66.651
731.79	66.791
731.98	67.447
732.18	67.935
732.37	68.411
732.56	68.065
732.75	68.039
732.94	68.313
733.13	68.581
733.32	68.323
733.51	69.233
733.71	68.970
733.90	69.055
734.09	68.775
734.28	68.909
734.47	70.000
734.66	69.674
734.85	70.446
735.04	70.281
735.23	70.016
735.42	70.154
735.62	70.586
735.81	70.696
736.00	70.782
736.19	71.130
736.38	70.316
736.57	71.043
736.76	71.557
736.95	71.489
737.14	71.779
737.33	71.758
737.52	72.248
737.72	72.400
737.91	72.147
738.10	72.888
738.29	72.251
738.48	72.830
738.67	72.342
738.86	72.828
739.05	72.352
739.24	72.584
739.43	72.581
739.62	73.454
739.81	73.112
740.00	73.443
740.19	73.571
740.39	73.197
740.58	73.825
740.77	74.033
740.96	74.336
741.15	74.150
741.34	74.049
741.53	74.521
741.72	74.500
741.91	73.744
742.10	74.746
742.29	74.507
742.48	74.178
742.67	74.479
742.86	74.783
743.05	74.989
743.24	74.662
743.43	75.321
743.62	75.552
743.81	75.110
744.00	75.406
744.19	74.957
744.38	75.682
744.57	75.682
744.76	75.426
744.95	76.148
745.14	75.476
745.33	76.379
745.52	76.093
745.71	76.351
745.90	76.061
746.09	75.569
746.28	76.175
746.47	76.522
746.66	76.359
746.85	76.540
747.04	76.157
747.23	76.982
747.42	77.415
747.61	76.128
747.80	77.213
747.99	77.130
748.18	76.049
748.37	76.748
748.56	77.296
748.75	77.439
748.94	77.496
749.13	77.036
749.32	77.249
749.51	77.293
749.70	77.596
749.89	77.149
750.08	76.897
750.27	77.649
750.46	77.275
750.65	77.392
750.84	76.735
751.03	76.981
751.22	78.649
751.41	77.542
751.60	77.604
751.79	77.708
751.98	78.054
752.17	77.910
752.36	77.607
752.55	77.988
752.74	78.532
752.93	78.564
753.12	78.635
753.30	78.744
753.49	77.841
753.68	78.490
753.87	77.779
754.06	78.785
754.25	78.416
754.44	78.457
754.63	78.809
754.82	78.611
755.01	78.697
755.20	77.886
755.39	78.077
755.58	78.703
755.77	78.931
755.96	78.586
756.14	78.062
756.33	78.363
756.52	79.002
756.71	78.963
756.90	78.519
757.09	78.412
757.28	79.187
757.47	78.606
757.66	78.843
757.85	78.737
758.04	78.443
758.22	78.718
758.41	78.814
758.60	79.179
758.79	78.937
758.98	78.769
759.17	79.800
759.36	79.354
759.55	78.832
759.74	78.550
759.92	79.767
760.11	78.440
760.30	79.185
760.49	79.458
760.68	79.099
760.87	78.926
761.06	78.745
761.25	79.196
761.43	78.403
761.62	79.321
761.81	78.922
762.00	78.834
762.19	79.759
762.38	79.358
762.57	78.859
762.76	79.027
762.94	79.147
763.13	78.894
763.32	78.691
763.51	79.301
763.70	79.832
763.89	78.948
764.07	79.808
764.26	79.213
764.45	79.231
764.64	78.770
764.83	79.337
765.02	79.420
765.21	79.020
765.39	79.952
765.58	78.886
765.77	79.256
765.96	78.657
766.15	79.355
766.34	79.922
766.52	79.841
766.71	79.087
766.90	79.356
767.09	79.771
767.28	79.401
767.46	79.778
767.65	79.277
767.84	79.770
768.03	79.012
768.22	79.778
768.40	79.483
768.59	79.479
768.78	79.567
768.97	79.410
769.16	79.866
769.34	78.850
769.53	79.430
769.72	80.004
769.91	80.080
770.10	80.007
770.28	79.886
770.47	79.701
770.66	79.231
770.85	79.994
771.04	79.528
771.22	79.977
771.41	80.454
771.60	79.909
771.79	79.599
771.98	80.484
772.16	79.796
772.35	79.487
772.54	78.981
772.73	79.835
772.91	79.809
773.10	80.053
773.29	79.564
773.48	79.990
773.66	79.808
773.85	79.671
774.04	79.553
774.23	79.542
774.41	80.293
774.60	79.738
774.79	79.791
774.98	80.071
775.16	80.140
775.35	79.892
775.54	79.888
775.73	79.282
775.91	79.708
776.10	79.683
776.29	79.558
776.48	79.306
776.66	79.851
776.85	79.468
777.04	79.703
777.23	79.583
777.41	79.499
777.60	80.226
777.79	79.590
777.97	79.914
778.16	79.839
778.35	79.887
778.54	79.463
778.72	79.567
778.91	79.154
779.10	79.874
779.28	79.332
779.47	79.865
779.66	79.025
779.85	79.124
780.03	79.617
780.22	79.399
780.41	79.589
780.59	79.825
780.78	80.156
780.97	79.214
781.15	80.570
781.34	80.090
781.53	80.266
781.71	80.466
781.90	79.645
782.09	79.825
782.27	80.384
782.46	79.489
782.65	79.696
782.84	79.524
783.02	79.679
783.21	79.066
783.40	78.895
783.58	80.184
783.77	78.859
783.96	79.774
784.14	79.600
784.33	79.661
784.52	79.476
784.70	79.597
784.89	79.902
785.07	79.310
785.26	80.060
785.45	79.003
785.63	79.663
785.82	79.234
786.01	80.309
786.19	80.077
786.38	80.053
786.57	79.956
786.75	79.870
786.94	80.717
787.13	79.649
787.31	79.521
787.50	79.150
787.68	79.323
787.87	79.871
788.06	79.942
788.24	79.349
788.43	79.942
788.62	80.349
788.80	79.151
788.99	79.104
789.17	78.470
789.36	79.329
789.55	81.003
789.73	80.031
789.92	79.393
790.10	79.882
790.29	79.916
790.48	79.727
790.66	79.723
790.85	78.520
791.03	79.739
791.22	80.219
791.41	79.662
791.59	80.155
791.78	79.263
791.96	79.208
792.15	79.520
792.34	79.638
792.52	79.704
792.71	79.843
792.89	80.539
793.08	79.177
793.27	80.457
793.45	79.329
793.64	79.654
793.82	79.841
794.01	80.094
794.19	79.912
794.38	79.451
794.57	79.415
794.75	78.775
794.94	80.574
795.12	79.567
795.31	79.596
795.49	79.903
795.68	79.037
795.86	80.132
796.05	78.965
796.24	79.409
796.42	79.050
796.61	80.389
796.79	79.405
796.98	79.323
797.16	79.114
797.35	79.236
797.53	80.129
797.72	79.336
797.90	79.530
798.09	79.889
798.27	79.729
798.46	80.686
798.65	79.734
798.83	79.204
799.02	80.160
799.20	80.572
799.39	79.771
799.57	79.977
799.76	79.939
799.94	80.295
800.13	79.897
800.31	79.915
800.50	80.037
800.68	79.678
800.87	80.114
801.05	79.922
801.24	80.276
801.42	80.209
801.61	79.689
801.79	80.143
801.98	80.958
802.16	79.719
802.35	79.687
802.53	79.869
802.72	79.259
802.90	79.962
803.09	79.333
803.27	79.820
803.46	79.536
803.64	79.712
803.83	79.640
804.01	79.488
804.20	79.232
804.38	80.468
804.56	80.117
804.75	80.538
804.93	79.805
805.12	79.349
805.30	79.841
805.49	79.534
805.67	80.032
805.86	79.768
806.04	80.283
806.23	79.766
806.41	79.940
806.59	80.169
806.78	79.918
806.96	79.990
807.15	80.069
807.33	78.827
807.52	79.647
807.70	80.167
807.89	80.177
808.07	80.162
808.25	79.848
808.44	80.206
808.62	79.781
808.81	79.771
808.99	80.182
809.18	80.098
809.36	79.510
809.54	79.789
809.73	79.828
809.91	79.322
810.10	80.129
810.28	79.960
810.47	79.362
810.65	80.216
810.83	80.212
811.02	79.396
811.20	79.792
811.39	79.895
811.57	79.822
811.75	78.483
811.94	79.900
812.12	78.500
812.31	79.705
812.49	80.740
812.67	79.908
812.86	79.633
813.04	79.646
813.23	80.407
813.41	80.080
813.59	80.456
813.78	80.318
813.96	80.089
814.14	79.612
814.33	79.842
814.51	79.201
814.70	79.519
814.88	79.925
815.06	79.151
815.25	80.124
815.43	80.449
815.61	79.902
815.80	80.804
815.98	78.948
816.16	79.875
816.35	80.336
816.53	79.472
816.72	79.800
816.90	79.703
817.08	79.595
817.27	80.120
817.45	80.890
817.63	79.184
817.82	79.794
818.00	79.767
818.18	79.957
818.37	79.822
818.55	79.650
818.73	79.530
818.92	80.037
819.10	80.117
819.28	79.221
819.47	79.185
819.65	80.352
819.83	80.412
820.02	79.641
820.20	80.343
820.38	80.471
820.57	79.646
820.75	80.071
820.93	80.154
821.11	80.439
821.30	79.010
821.48	79.982
821.66	80.618
821.85	79.954
822.03	79.457
822.21	80.297
822.40	79.747
822.58	79.489
822.76	79.385
822.94	80.076
823.13	79.445
823.31	79.871
823.49	80.075
823.68	79.682
823.86	80.296
824.04	79.868
824.22	79.714
824.41	79.733
824.59	79.878
824.77	80.096
824.96	80.088
825.14	80.295
825.32	80.133
825.50	80.449
825.69	79.953
825.87	79.560
826.05	79.575
826.23	80.646
826.42	80.155
826.60	79.936
826.78	79.947
826.96	80.481
827.15	79.500
827.33	79.782
827.51	79.722
827.69	80.290
827.88	80.130
828.06	78.927
828.24	80.921
828.42	80.151
828.61	79.888
828.79	80.535
828.97	79.196
829.15	79.581
829.34	81.064
829.52	79.712
829.70	79.764
829.88	80.758
830.06	79.576
830.25	80.193
830.43	79.678
830.61	80.360
830.79	80.244
830.97	81.224
831.16	81.776
831.34	80.059
831.52	79.376
831.70	80.267
831.89	78.865
832.07	80.416
832.25	79.548
832.43	79.951
832.61	80.192
832.80	79.400
832.98	79.728
833.16	79.660
833.34	80.166
833.52	79.781
833.70	79.885
833.89	79.706
834.07	80.361
834.25	80.045
834.43	79.877
834.61	80.848
834.80	81.156
834.98	79.708
835.16	80.276
835.34	79.912
835.52	80.639
835.70	80.416
835.89	79.924
836.07	79.567
836.25	81.152
836.43	81.420
836.61	80.138
836.79	79.639
836.97	80.769
837.16	80.566
837.34	80.456
837.52	79.698
837.70	80.263
837.88	79.638
838.06	80.134
838.24	78.985
838.43	79.772
838.61	79.622
838.79	79.961
838.97	80.238
839.15	79.014
839.33	79.679
839.51	80.545
839.70	80.360
839.88	81.037
840.06	79.978
840.24	80.476
840.42	79.574
840.60	79.515
840.78	80.045
840.96	79.796
841.14	80.013
841.33	80.050
841.51	80.150
841.69	79.928
841.87	80.485
842.05	79.234
842.23	80.593
842.41	79.593
842.59	79.747
842.77	79.599
842.95	80.013
843.14	79.839
843.32	79.940
843.50	80.133
843.68	79.164
843.86	81.176
844.04	79.791
844.22	80.405
844.40	80.285
844.58	80.158
844.76	79.782
844.94	80.087
845.12	80.766
845.30	80.194
845.49	80.127
845.67	80.194
845.85	79.589
846.03	78.859
846.21	79.528
846.39	80.863
846.57	80.245
846.75	80.197
846.93	79.343
847.11	80.809
847.29	79.983
847.47	79.320
847.65	79.732
847.83	79.382
848.01	79.647
848.19	79.895
848.37	80.168
848.55	79.664
848.73	80.613
848.91	80.273
849.09	80.795
849.27	79.741
849.46	79.854
849.64	79.362
849.82	80.504
850.00	79.577
850.18	80.532
850.36	81.230
850.54	80.581
850.72	79.942
850.90	80.039
851.08	80.431
851.26	80.480
851.44	80.216
851.62	80.018
851.80	80.106
851.98	80.643
852.16	80.685
852.34	80.815
852.52	80.297
852.70	80.626
852.88	80.820
853.06	80.899
853.24	80.437
853.42	80.611
853.60	80.071
853.78	80.706
853.96	80.832
854.14	80.197
854.31	80.450
854.49	80.397
854.67	80.687
854.85	79.848
855.03	81.028
855.21	79.189
855.39	79.183
855.57	80.588
855.75	80.782
855.93	79.760
856.11	81.193
856.29	80.345
856.47	80.132
856.65	79.357
856.83	79.653
857.01	79.896
857.19	81.289
857.37	80.229
857.55	80.205
857.73	79.702
857.91	80.211
858.09	79.410
858.26	79.328
858.44	79.872
858.62	80.696
858.80	78.922
858.98	79.764
859.16	79.415
859.34	79.430
859.52	79.315
859.70	79.405
859.88	80.486
860.06	79.541
860.24	80.320
860.42	79.880
860.59	79.738
860.77	80.307
860.95	80.152
861.13	80.440
861.31	80.202
861.49	79.807
861.67	79.355
861.85	80.081
862.03	79.865
862.21	80.104
862.38	79.954
862.56	79.856
862.74	79.126
862.92	79.890
863.10	80.203
863.28	80.171
863.46	80.082
863.64	80.939
863.82	80.272
863.99	81.018
864.17	79.607
864.35	79.378
864.53	80.628
864.71	79.609
864.89	79.964
865.07	79.178
865.24	79.712
865.42	80.643
865.60	79.136
865.78	79.782
865.96	79.940
866.14	81.078
866.32	79.352
866.49	79.960
866.67	80.235
866.85	79.973
867.03	80.534
867.21	80.048
867.39	80.032
867.56	81.430
867.74	79.481
867.92	80.474
868.10	80.132
868.28	79.952
868.46	80.500
868.63	80.444
868.81	79.800
868.99	80.393
869.17	80.785
869.35	79.399
869.53	79.837
869.70	80.192
869.88	80.726
870.06	79.350
870.24	79.247
870.42	80.470
870.59	79.612
870.77	79.864
870.95	81.128
871.13	80.232
871.31	79.762
871.48	80.056
871.66	79.935
871.84	79.018
872.02	79.612
872.20	80.413
872.37	80.469
872.55	79.274
872.73	80.256
872.91	80.343
873.08	79.585
873.26	80.593
873.44	80.792
873.62	80.162
873.80	79.172
873.97	80.153
874.15	80.871
874.33	80.119
874.51	79.992
874.68	80.477
874.86	80.506
875.04	80.048
875.22	79.635
875.39	80.607
875.57	80.617
875.75	80.398
875.93	80.087
876.10	80.416
876.28	80.311
876.46	80.183
876.64	80.754
876.81	79.388
876.99	81.293
877.17	80.803
877.35	80.124
877.52	80.087
877.70	80.189
877.88	81.483
878.06	81.014
878.23	80.553
878.41	81.120
878.59	80.589
878.76	80.599
878.94	80.673
879.12	81.340
879.30	79.730
879.47	80.419
879.65	80.031
879.83	80.262
880.00	79.641
880.18	80.280
880.36	80.346
880.53	79.836
880.71	80.522
880.89	79.681
881.07	81.160
881.24	80.271
881.42	79.970
881.60	80.768
881.77	80.316
881.95	79.247
882.13	81.253
882.30	80.275
882.48	80.335
882.66	80.316
882.83	81.646
883.01	81.393
883.19	80.781
883.36	79.726
883.54	80.793
883.72	80.896
883.89	81.682
884.07	79.224
884.25	78.654
884.42	80.472
884.60	80.381
884.78	80.409
884.95	81.869
885.13	81.137
885.31	80.693
885.48	79.636
885.66	80.938
885.84	80.844
886.01	79.482
886.19	79.856
886.36	79.685
886.54	79.714
886.72	79.101
886.89	80.155
887.07	80.180
887.25	81.631
887.42	80.844
887.60	80.164
887.78	80.311
887.95	80.705
888.13	79.756
888.30	79.293
888.48	81.608
888.66	80.261
888.83	80.193
889.01	81.054
889.18	79.465
889.36	80.150
889.54	81.038
889.71	80.166
889.89	80.169
890.06	80.073
890.24	81.334
890.42	80.410
890.59	80.674
890.77	80.295
890.94	79.993
891.12	80.741
891.30	79.815
891.47	80.086
891.65	80.043
891.82	82.023
892.00	80.771
892.17	81.718
892.35	79.546
892.53	80.990
892.70	79.379
892.88	79.805
893.05	79.184
893.23	80.649
893.40	79.953
893.58	80.742
893.75	80.044
893.93	81.274
894.11	81.436
894.28	81.276
894.46	80.775
894.63	80.153
894.81	80.384
894.98	80.285
895.16	80.951
895.33	80.367
895.51	79.530
895.68	80.389
895.86	81.429
896.04	80.784
896.21	79.026
896.39	80.847
896.56	80.622
896.74	79.862
896.91	81.784
897.09	81.401
897.26	81.005
897.44	81.209
897.61	82.534
897.79	80.892
897.96	80.723
898.14	78.720
898.31	79.664
898.49	78.995
898.66	79.877
898.84	80.932
899.01	80.480
899.19	80.325
899.36	79.877
899.54	79.654
899.71	81.134
899.89	80.229
900.06	80.250
900.24	80.172
900.41	79.999
900.59	80.636
900.76	80.795
900.94	80.326
901.11	80.403
901.29	80.602
901.46	79.046
901.63	81.202
901.81	80.728
901.98	79.845
902.16	80.001
902.33	80.396
902.51	80.882
902.68	80.461
902.86	80.907
903.03	80.418
903.21	80.193
903.38	79.864
903.56	80.717
903.73	81.360
903.90	79.972
904.08	79.873
904.25	79.740
904.43	79.357
904.60	79.004
904.78	80.905
904.95	80.564
905.12	80.335
905.30	80.174
905.47	81.380
905.65	80.343
905.82	80.801
906.00	81.551
906.17	81.489
906.34	80.513
906.52	81.245
906.69	79.435
906.87	80.731
907.04	80.781
907.21	80.155
907.39	79.808
907.56	80.533
907.74	78.114
907.91	79.505
908.08	80.243
908.26	80.202
908.43	79.974
908.61	80.096
908.78	80.061
908.95	79.767
909.13	80.001
909.30	79.955
909.48	80.042
909.65	79.389
909.82	81.320
910.00	80.610
910.17	80.247
910.34	79.538
910.52	80.320
910.69	81.293
910.87	81.069
911.04	81.319
911.21	81.209
911.39	80.309
911.56	80.839
911.73	81.881
911.91	80.969
912.08	80.456
912.25	81.003
912.43	80.350
912.60	79.787
912.77	80.166
912.95	79.765
913.12	80.489
913.29	80.607
913.47	81.249
913.64	80.138
913.81	80.738
913.99	81.231
914.16	79.664
914.33	80.777
914.51	80.495
914.68	80.973
914.85	80.957
915.03	81.082
915.20	81.281
915.37	79.249
915.55	80.295
915.72	79.600
915.89	80.635
916.07	80.400
916.24	81.483
916.41	80.332
916.59	80.188
916.76	80.340
916.93	81.538
917.10	80.658
917.28	80.615
917.45	79.387
917.62	79.604
917.80	79.761
917.97	79.636
918.14	80.592
918.31	79.979
918.49	81.451
918.66	80.230
918.83	80.399
919.01	79.990
919.18	80.253
919.35	80.639
919.52	80.751
919.70	80.405
919.87	80.923
920.04	80.607
920.21	80.610
920.39	80.854
920.56	79.335
920.73	80.225
920.90	80.124
921.08	80.754
921.25	81.099
921.42	80.810
921.59	81.404
921.77	80.805
921.94	80.847
922.11	80.134
922.28	82.052
922.46	79.446
922.63	81.438
922.80	79.379
922.97	79.267
923.15	81.534
923.32	80.744
923.49	81.227
923.66	80.223
923.83	80.892
924.01	81.013
924.18	80.921
924.35	80.962
924.52	79.714
924.69	80.916
924.87	79.779
925.04	81.292
925.21	80.017
925.38	80.595
925.55	81.092
925.73	79.191
925.90	81.929
926.07	80.758
926.24	79.565
926.41	79.191
926.59	79.673
926.76	82.659
926.93	79.781
927.10	79.479
927.27	80.294
927.45	80.835
927.62	81.200
927.79	80.687
927.96	80.060
928.13	80.458
928.30	80.853
928.48	81.977
928.65	80.879
928.82	81.558
928.99	81.691
929.16	79.393
929.33	79.288
929.50	79.916
929.68	81.882
929.85	79.972
930.02	80.479
930.19	80.590
930.36	81.729
930.53	79.998
930.70	80.164
930.88	79.161
931.05	80.882
931.22	79.530
931.39	81.258
931.56	79.727
931.73	81.266
931.90	80.198
932.08	80.584
932.25	79.659
932.42	79.571
932.59	81.478
932.76	79.528
932.93	78.655
933.10	81.534
933.27	79.899
933.44	82.354
933.62	82.320
933.79	82.007
933.96	81.160
934.13	81.027
934.30	81.387
934.47	82.686
934.64	80.348
934.81	80.517
934.98	83.076
935.15	83.276
935.32	80.987
935.50	79.646
935.67	82.524
935.84	82.411
936.01	83.367
936.18	80.309
936.35	82.825
936.52	81.900
936.69	82.714
936.86	77.202
937.03	81.257
937.20	81.933
937.37	81.919
937.54	84.448
937.71	83.761
937.89	83.186
938.06	82.882
938.23	79.493
938.40	84.885
938.57	82.983
938.74	81.800
938.91	80.998
939.08	79.880
939.25	83.243
939.42	82.404
939.59	80.585
939.76	81.637
939.93	84.688
940.10	83.333
940.27	82.661
940.44	85.607
940.61	79.848
940.78	83.757
940.95	85.689
941.12	82.959
941.29	83.758
941.46	83.051
941.63	83.550
941.80	82.196
941.97	80.954
942.14	85.557
942.31	85.103
942.48	81.705
942.65	78.314
942.82	83.968
942.99	82.048
943.16	83.423
943.33	79.057
943.50	75.264
943.67	84.478
943.84	83.576
944.01	81.529
944.18	84.605
944.35	85.892
944.52	80.995
944.69	80.865
944.86	83.386
945.03	88.255
945.20	82.794
945.37	85.843
945.54	84.858
945.71	81.701
945.88	87.423
946.05	88.655
946.22	84.179
946.39	88.278
946.56	83.037
946.73	85.909
946.90	83.750
947.07	87.932
947.23	80.940
947.40	81.127
947.57	79.920
947.74	80.044
947.91	80.030
948.08	83.258
948.25	77.158
948.42	85.636
948.59	85.591
948.76	82.023
948.93	81.204
949.10	82.997
949.27	84.883
949.44	85.709
949.60	85.562
949.77	81.926
949.94	78.699
950.11	79.776
950.28	78.694
950.45	79.405
950.62	87.411
950.79	80.985
950.96	82.900
951.13	82.158
951.30	81.629
951.46	80.741
951.63	85.114
951.80	75.681
951.97	83.123
952.14	81.142
952.31	82.023
952.48	78.627
952.65	80.029
952.81	81.263
952.98	79.413
953.15	80.252
953.32	82.584
953.49	79.594
953.66	84.735
953.83	82.576
954.00	82.646
954.16	80.973
954.33	81.299
954.50	82.335
954.67	81.816
954.84	80.682
955.01	81.970
955.18	82.293
955.34	81.002
955.51	83.741
955.68	82.206
955.85	78.414
956.02	80.699
956.19	82.657
956.35	83.081
956.52	81.008
956.69	81.573
956.86	80.218
957.03	82.190
957.20	85.358
957.36	84.256
957.53	84.840
957.70	83.226
957.87	81.881
958.04	79.706
958.21	80.786
958.37	79.176
958.54	82.233
958.71	78.226
958.88	81.784
959.05	83.101
959.21	81.340
959.38	79.924
959.55	82.349
959.72	81.270
959.89	78.840
960.05	80.628
960.22	85.602
960.39	79.622
960.56	81.713
960.72	78.940
960.89	80.913
961.06	83.435
961.23	80.460
961.40	81.489
961.56	79.868
961.73	81.489
961.90	81.033
962.07	81.128
962.23	83.505
962.40	81.511
962.57	80.349
962.74	80.506
962.90	80.949
963.07	82.248
963.24	79.735
963.41	80.394
963.57	84.484
963.74	80.954
963.91	78.200
964.08	82.151
964.24	84.144
964.41	82.657
964.58	79.157
964.75	81.671
964.91	80.763
965.08	78.807
965.25	82.070
965.42	80.887
965.58	80.019
965.75	81.775
965.92	83.562
966.08	79.322
966.25	83.214
966.42	84.370
966.59	80.614
966.75	79.898
966.92	77.946
967.09	79.588
967.25	80.641
967.42	80.582
967.59	82.461
967.75	82.483
967.92	77.142
968.09	79.868
968.26	83.138
968.42	78.748
968.59	78.192
968.76	79.287
968.92	78.064
969.09	81.514
969.26	78.575
969.42	80.364
969.59	77.836
969.76	80.790
969.92	82.278
970.09	81.842
970.26	80.686
970.42	80.800
970.59	82.000
970.76	80.935
970.92	76.871
971.09	79.550
971.26	81.055
971.42	82.921
971.59	84.158
971.76	77.998
971.92	80.298
972.09	79.596
972.25	82.480
972.42	81.816
972.59	79.201
972.75	77.725
972.92	78.530
973.09	83.833
973.25	80.939
973.42	83.747
973.58	80.894
973.75	80.310
973.92	79.884
974.08	79.926
974.25	81.695
974.42	81.448
974.58	82.903
974.75	79.640
974.91	81.001
975.08	83.143
975.25	80.247
975.41	81.096
975.58	81.782
975.74	84.267
975.91	76.511
976.08	80.685
976.24	81.413
976.41	81.540
976.57	77.851
976.74	81.170
976.91	82.628
977.07	79.672
977.24	82.011
977.40	81.293
977.57	79.283
977.73	79.281
977.90	81.410
978.07	81.278
978.23	82.062
978.40	81.888
978.56	82.812
978.73	80.296
978.89	83.538
979.06	80.955
979.22	79.337
979.39	78.006
979.56	81.173
979.72	82.047
979.89	79.299
980.05	77.922
980.22	80.385
980.38	81.670
980.55	78.972
980.71	78.146
980.88	80.899
981.04	79.421
981.21	81.528
981.37	79.827
981.54	78.814
981.70	81.091
981.87	85.763
982.04	80.399
982.20	80.409
982.37	86.411
982.53	84.785
982.70	83.751
982.86	83.725
983.03	81.423
983.19	82.350
983.36	84.650
983.52	79.625
983.69	83.472
983.85	81.140
984.02	81.468
984.18	77.583
984.35	80.742
984.51	83.231
984.68	80.417
984.84	80.052
985.00	85.358
985.17	79.290
985.33	79.874
985.50	76.977
985.66	80.997
985.83	80.426
985.99	80.477
986.16	80.737
986.32	81.895
986.49	80.929
986.65	80.618
986.82	82.293
986.98	81.541
987.15	80.713
987.31	85.065
987.47	80.070
987.64	80.166
987.80	80.491
987.97	83.545
988.13	80.258
988.30	80.331
988.46	85.414
988.63	81.402
988.79	84.631
988.95	80.750
989.12	79.314
989.28	81.136
989.45	85.320
989.61	78.166
989.77	80.475
989.94	78.858
990.10	83.604
990.27	80.105
990.43	82.763
990.60	79.316
990.76	80.655
990.92	88.799
991.09	78.003
991.25	82.148
991.42	79.531
991.58	82.811
991.74	80.582
991.91	83.914
992.07	79.837
992.24	80.636
992.40	84.785
992.56	84.101
992.73	83.165
992.89	78.792
993.05	83.649
993.22	84.103
993.38	80.108
993.55	81.336
993.71	85.303
993.87	83.989
994.04	79.654
994.20	86.342
994.36	80.427
994.53	79.932
994.69	80.124
994.85	84.501
995.02	82.279
995.18	83.202
995.34	82.727
995.51	85.331
995.67	80.865
995.84	80.792
996.00	81.702
996.16	82.284
996.33	82.045
996.49	82.834
996.65	83.031
996.82	88.476
996.98	85.551
997.14	78.689
997.31	79.336
997.47	81.356
997.63	84.734
997.79	83.152
997.96	84.134
998.12	83.437
998.28	82.170
998.45	77.413
998.61	86.567
998.77	84.653
998.94	79.488
999.10	83.259
999.26	84.426
999.43	81.579
999.59	83.288
999.75	83.135
999.91	86.643
1000.08	83.614
1000.24	88.167
1000.40	87.403
1000.57	79.286
1000.73	83.852
1000.89	79.849
1001.05	77.551
1001.22	83.310
1001.38	88.889
1001.54	84.829
1001.70	83.109
1001.87	88.068
1002.03	81.564
1002.19	76.518
1002.35	82.066
1002.52	78.752
1002.68	85.627
1002.84	84.716
1003.00	82.770
1003.17	80.459
1003.33	85.658
1003.49	88.070
1003.65	80.598
1003.82	83.341
1003.98	87.609
1004.14	80.249
1004.30	83.704
1004.47	88.616
1004.63	83.991
1004.79	79.852
1004.95	91.359
1005.11	87.758
1005.28	80.312
1005.44	84.890
1005.60	90.645
1005.76	80.349
1005.93	82.468
1006.09	85.043
1006.25	92.572
1006.41	82.760
1006.57	77.797
1006.74	86.863
1006.90	87.621
1007.06	78.524
1007.22	91.398
1007.38	86.385
1007.55	84.830
1007.71	87.670
1007.87	95.778
1008.03	72.793
1008.19	77.358
1008.35	82.220
1008.52	79.422
1008.68	83.540
1008.84	90.971
1009.00	82.172
1009.16	78.858
1009.32	83.260
1009.49	85.370
1009.65	82.013
1009.81	90.819
1009.97	93.400
1010.13	78.999
1010.29	94.174
1010.46	86.602
1010.62	83.146
1010.78	91.535
1010.94	90.436
1011.10	85.588
1011.26	83.744
1011.42	88.144
1011.59	80.036
1011.75	89.611
1011.91	89.187
1012.07	84.119
1012.23	81.032
1012.39	95.505
1012.55	80.831
1012.71	85.166
1012.88	88.897
1013.04	83.344
1013.20	86.607
1013.36	88.295
1013.52	82.804
1013.68	85.806
1013.84	87.912
1014.00	76.902
1014.16	83.973
1014.33	89.392
1014.49	88.661
1014.65	85.714
1014.81	85.928
1014.97	89.146
1015.13	83.345
1015.29	84.767
1015.45	77.099
1015.61	80.079
1015.77	80.000
1015.93	83.183
1016.09	84.580
1016.26	90.473
1016.42	82.184
1016.58	81.027
1016.74	86.963
1016.90	87.169
1017.06	85.027
1017.22	88.145
1017.38	91.861
1017.54	90.871
1017.70	82.344
1017.86	82.575
1018.02	81.999
1018.18	92.536
1018.34	83.745
1018.50	84.487
1018.66	87.011
1018.82	85.665
1018.98	83.347
1019.14	82.552
1019.31	87.500
1019.47	88.407
1019.63	94.231
1019.79	82.865
1019.95	84.623
1020.11	82.750
1020.27	95.924
1020.43	80.000
1020.59	94.803
1020.75	89.655
1020.91	83.876
1021.07	77.135
1021.23	90.028
1021.39	94.333
1021.55	87.352
1021.71	82.649
1021.87	89.228
1022.03	89.811
1022.19	97.173
1022.35	97.492
1022.51	73.702
1022.67	70.037
1022.83	89.955
1022.99	93.814
1023.15	90.542
1023.31	88.034
1023.47	79.817
1023.63	88.345
1023.79	87.668
1023.95	92.057
1024.10	84.728
1024.26	95.299
1024.42	86.988
1024.58	83.141
1024.74	97.466
1024.90	80.905
1025.06	93.009
1025.22	97.828
1025.38	86.885
1025.54	88.422
1025.70	91.470
1025.86	99.608
1026.02	86.541
1026.18	81.074
1026.34	87.610
1026.50	86.581
1026.66	92.840
1026.82	83.878
1026.98	85.828
1027.13	96.181
1027.29	111.384
1027.45	109.448
1027.61	85.214
1027.77	87.778
1027.93	93.333
1028.09	93.145
1028.25	86.399
1028.41	91.226
1028.57	105.997
1028.73	93.023
1028.88	100.305
1029.04	109.530
1029.20	97.896
1029.36	94.821
1029.52	90.431
1029.68	86.750
1029.84	87.248
1030.00	81.894
1030.16	82.650
1030.32	99.031
1030.47	107.815
1030.63	99.834
1030.79	104.775
1030.95	68.866
1031.11	86.451
1031.27	92.582
1031.43	124.394
1031.59	84.570
1031.74	82.560
1031.90	94.154
1032.06	95.702
1032.22	102.185
1032.38	99.012
1032.54	82.825
1032.69	76.990
1032.85	87.340
1033.01	84.307
1033.17	87.603
1033.33	93.082
1033.49	82.743
1033.65	97.606
1033.80	98.182
1033.96	94.453
1034.12	86.345
1034.28	98.714
1034.44	89.390
1034.60	90.698
1034.75	83.056
1034.91	88.425
1035.07	95.385
1035.23	93.802
1035.39	90.775
1035.54	74.809
1035.70	87.898
1035.86	88.000
1036.02	87.923
1036.18	106.729
1036.33	80.074
1036.49	97.352
1036.65	95.248
1036.81	86.254
1036.97	100.549
1037.12	97.710
1037.28	106.224
1037.44	121.190
1037.60	113.832
1037.76	100.181
1037.91	76.316
1038.07	112.281
1038.23	75.764
1038.39	122.943
1038.54	93.192
1038.70	101.790
1038.86	129.477
1039.02	115.522
1039.17	94.273
1039.33	91.758
1039.49	78.624
1039.65	147.387
1039.80	95.227
1039.96	102.424
1040.12	113.920
1040.28	80.784
>>>>> Data<<<<< Espectral Procesado Extremo
