Fichero De Datos De SpectraSuite
++++++++++++++++++++++++++++++++++++
Fecha: Wed Jul 15 08:31:52 CST 2026
Usuario: HP
Presente Oscuro Del Espectro: Sí
La Referencia de Presente Del Espectro De: Sí
Muestreados de los componentes de Número de espectros: 1
Espectrómetros: USB4H06056
Tiempo de integración (usec): 300000 (USB4H06056)
Promedio de Espectros Hechos un: 5 (USB4H06056)
El Alisar Del Furgón: 0 (USB4H06056)
Párrafo de de Corregir del la del del de Eléctrica del obscuridad: No (USB4H06056)
Estrobo/Lámpara Permitido: No (USB4H06056)
Correct for Detector Non-linearity: No (USB4H06056)
Párrafo de de Corregir del la del del de Externa del luz: No (USB4H06056)
Procesado del espectro de Número de pixeles en: 3648
>>>>> Comienza Data<<<<< Espectral Procesado Del EL
345.09	-233.333
345.30	-233.333
345.52	-233.333
345.74	85.714
345.95	755.556
346.17	24.528
346.39	-38.889
346.60	-38.272
346.82	-169.811
347.04	39.394
347.25	-159.091
347.47	653.846
347.69	-96.364
347.90	140.909
348.12	-0.000
348.34	-16.000
348.56	46.067
348.77	71.429
348.99	-24.370
349.21	-211.765
349.42	410.256
349.64	165.789
349.86	310.256
350.07	14.583
350.29	-855.556
350.51	116.346
350.72	178.049
350.94	124.675
351.16	6.250
351.37	186.842
351.59	93.396
351.81	129.412
352.02	564.286
352.24	-152.727
352.46	42.336
352.67	138.144
352.89	376.190
353.10	148.864
353.32	433.333
353.54	25.352
353.75	700.000
353.97	38.710
354.19	-129.630
354.40	97.938
354.62	-10.000
354.84	50.000
355.05	-35.106
355.27	149.275
355.49	216.667
355.70	159.184
355.92	78.082
356.14	58.333
356.35	-154.545
356.57	-44.444
356.78	126.316
357.00	88.356
357.22	112.844
357.43	70.000
357.65	109.211
357.87	38.667
358.08	159.259
358.30	94.211
358.51	1.163
358.73	112.081
358.95	52.632
359.16	508.000
359.38	121.053
359.60	142.857
359.81	336.667
360.03	73.684
360.24	-66.667
360.46	525.806
360.68	-277.419
360.89	214.493
361.11	45.833
361.33	306.667
361.54	82.278
361.76	0.000
361.97	-70.000
362.19	3.077
362.41	80.620
362.62	190.476
362.84	154.783
363.05	814.286
363.27	-70.732
363.49	81.818
363.70	73.333
363.92	-439.286
364.13	104.196
364.35	88.024
364.57	-14.286
364.78	36.000
365.00	-197.727
365.21	166.667
365.43	189.474
365.65	-27.068
365.86	336.585
366.08	-57.778
366.29	102.804
366.51	90.722
366.73	54.478
366.94	57.547
367.16	163.889
367.37	73.394
367.59	5.263
367.80	-23.529
368.02	138.158
368.24	82.828
368.45	172.464
368.67	256.897
368.88	-216.216
369.10	373.585
369.31	46.479
369.53	103.185
369.75	201.471
369.96	117.197
370.18	129.661
370.39	-418.182
370.61	136.364
370.82	110.891
371.04	172.857
371.26	159.574
371.47	-48.276
371.69	511.111
371.90	119.556
372.12	-66.216
372.33	21.774
372.55	252.459
372.76	63.235
372.98	145.614
373.20	53.476
373.41	70.874
373.63	234.615
373.84	-5.882
374.06	153.125
374.27	1600.000
374.49	1750.000
374.70	-25.641
374.92	378.571
375.13	47.917
375.35	151.064
375.57	69.091
375.78	217.241
376.00	155.000
376.21	144.304
376.43	119.608
376.64	-194.595
376.86	17.742
377.07	133.113
377.29	52.500
377.50	87.288
377.72	51.111
377.93	157.778
378.15	65.753
378.36	1560.000
378.58	54.930
378.80	8.772
379.01	59.259
379.23	-278.571
379.44	97.143
379.66	107.273
379.87	60.584
380.09	-35.593
380.30	105.479
380.52	152.427
380.73	-64.865
380.95	-71.429
381.16	95.714
381.38	64.662
381.59	28.049
381.81	177.049
382.02	128.395
382.24	37.736
382.45	130.612
382.67	37.121
382.88	95.480
383.10	126.351
383.31	28.571
383.53	173.333
383.74	261.765
383.96	267.241
384.17	93.902
384.39	268.852
384.60	177.465
384.82	72.973
385.03	71.134
385.25	405.714
385.46	207.865
385.68	172.800
385.89	33.766
386.11	62.871
386.32	94.737
386.54	228.000
386.75	53.636
386.97	40.594
387.18	30.120
387.40	150.794
387.61	146.018
387.83	240.541
388.04	136.000
388.25	72.000
388.47	225.455
388.68	103.191
388.90	129.825
389.11	113.514
389.33	100.000
389.54	27.723
389.76	118.605
389.97	118.750
390.19	70.202
390.40	-22.000
390.62	141.304
390.83	103.509
391.05	-13.542
391.26	16.667
391.47	111.475
391.69	29.126
391.90	55.429
392.12	142.667
392.33	151.020
392.55	94.815
392.76	-139.130
392.98	90.710
393.19	2450.000
393.41	94.898
393.62	95.652
393.83	109.524
394.05	72.050
394.26	300.000
394.48	54.545
394.69	186.047
394.91	93.596
395.12	114.194
395.34	63.309
395.55	108.257
395.76	106.731
395.98	200.000
396.19	31.068
396.41	55.901
396.62	48.101
396.84	80.851
397.05	91.429
397.26	117.829
397.48	53.153
397.69	86.400
397.91	82.843
398.12	42.038
398.33	83.810
398.55	160.204
398.76	46.259
398.98	50.442
399.19	89.560
399.41	64.550
399.62	95.763
399.83	44.000
400.05	67.347
400.26	82.645
400.48	79.699
400.69	55.288
400.90	70.046
401.12	102.778
401.33	54.167
401.55	116.667
401.76	37.333
401.97	67.188
402.19	21.198
402.40	75.862
402.62	45.783
402.83	189.286
403.04	42.553
403.26	97.222
403.47	85.593
403.69	52.850
403.90	40.146
404.11	78.161
404.33	95.556
404.54	52.766
404.76	113.333
404.97	31.481
405.18	3.828
405.40	63.362
405.61	230.769
405.83	32.389
406.04	55.034
406.25	60.145
406.47	27.000
406.68	28.272
406.89	39.806
407.11	80.811
407.32	62.357
407.54	55.615
407.75	79.787
407.96	38.830
408.18	12.791
408.39	73.152
408.60	44.444
408.82	69.884
409.03	42.857
409.24	59.582
409.46	60.894
409.67	43.243
409.89	57.292
410.10	34.629
410.31	82.979
410.53	59.690
410.74	53.448
410.95	15.695
411.17	44.862
411.38	24.309
411.59	19.178
411.81	64.481
412.02	59.736
412.23	47.333
412.45	37.346
412.66	57.955
412.87	54.427
413.09	10.502
413.30	54.747
413.51	59.914
413.73	58.423
413.94	51.902
414.15	35.836
414.37	58.168
414.58	40.260
414.79	25.392
415.01	51.156
415.22	51.689
415.43	29.255
415.65	54.088
415.86	41.333
416.07	51.303
416.29	43.243
416.50	55.111
416.71	54.094
416.93	42.890
417.14	11.315
417.35	29.096
417.57	57.207
417.78	49.900
417.99	46.552
418.21	45.554
418.42	27.962
418.63	19.194
418.85	-300.448
419.06	31.579
419.27	35.755
419.48	25.641
419.70	31.810
419.91	42.177
420.12	30.880
420.34	22.114
420.55	18.742
420.76	34.926
420.98	22.112
421.19	11.858
421.40	45.207
421.61	23.044
421.83	24.465
422.04	28.790
422.25	35.955
422.47	22.663
422.68	31.293
422.89	12.951
423.11	9.414
423.32	32.010
423.53	29.068
423.74	29.615
423.96	29.136
424.17	17.047
424.38	29.161
424.59	16.901
424.81	22.312
425.02	17.900
425.23	19.636
425.45	32.859
425.66	23.229
425.87	29.800
426.08	21.311
426.30	29.294
426.51	23.125
426.72	22.120
426.93	17.989
427.15	26.248
427.36	25.528
427.57	16.360
427.79	14.237
428.00	9.422
428.21	66.453
428.42	14.239
428.64	19.184
428.85	12.684
429.06	11.917
429.27	9.813
429.49	15.799
429.70	21.435
429.91	27.233
430.12	11.848
430.34	29.903
430.55	20.164
430.76	29.779
430.97	27.025
431.19	12.901
431.40	20.331
431.61	24.980
431.82	12.363
432.03	25.059
432.25	12.906
432.46	16.815
432.67	23.525
432.88	20.373
433.10	17.408
433.31	24.484
433.52	18.111
433.73	19.739
433.95	20.716
434.16	21.592
434.37	17.082
434.58	18.647
434.79	23.149
435.01	19.175
435.22	16.432
435.43	16.184
435.64	20.914
435.86	11.992
436.07	14.878
436.28	14.257
436.49	19.915
436.70	16.522
436.92	13.743
437.13	14.583
437.34	16.334
437.55	19.009
437.76	14.726
437.98	19.231
438.19	12.080
438.40	14.766
438.61	14.314
438.82	14.953
439.04	15.647
439.25	15.662
439.46	18.456
439.67	20.464
439.88	20.891
440.10	15.442
440.31	17.204
440.52	17.230
440.73	19.176
440.94	16.389
441.16	13.923
441.37	20.996
441.58	14.636
441.79	14.085
442.00	16.647
442.21	14.137
442.43	15.275
442.64	16.733
442.85	15.284
443.06	21.671
443.27	19.616
443.48	15.941
443.70	17.866
443.91	17.867
444.12	19.501
444.33	19.001
444.54	15.033
444.75	20.225
444.97	14.588
445.18	13.261
445.39	19.181
445.60	11.752
445.81	13.299
446.02	11.089
446.24	16.621
446.45	19.818
446.66	14.158
446.87	13.913
447.08	16.755
447.29	18.573
447.51	13.888
447.72	16.094
447.93	16.051
448.14	22.836
448.35	15.979
448.56	16.605
448.77	19.045
448.99	16.371
449.20	21.465
449.41	17.927
449.62	15.600
449.83	18.997
450.04	17.652
450.25	16.523
450.46	18.368
450.68	16.229
450.89	19.651
451.10	11.952
451.31	11.451
451.52	14.646
451.73	14.472
451.94	20.398
452.15	12.674
452.37	16.265
452.58	15.321
452.79	11.322
453.00	13.157
453.21	15.311
453.42	12.830
453.63	15.978
453.84	15.820
454.06	12.915
454.27	11.882
454.48	14.830
454.69	13.220
454.90	14.636
455.11	14.034
455.32	22.543
455.53	18.049
455.74	16.468
455.95	18.989
456.17	15.810
456.38	18.916
456.59	17.901
456.80	15.792
457.01	12.839
457.22	15.074
457.43	15.180
457.64	15.744
457.85	14.856
458.06	15.985
458.27	18.819
458.49	15.394
458.70	19.073
458.91	17.331
459.12	15.774
459.33	16.642
459.54	16.074
459.75	11.894
459.96	16.311
460.17	15.722
460.38	17.357
460.59	14.416
460.80	16.201
461.01	17.632
461.23	13.679
461.44	18.158
461.65	14.137
461.86	17.393
462.07	16.339
462.28	19.980
462.49	12.917
462.70	11.874
462.91	13.854
463.12	15.802
463.33	13.907
463.54	15.617
463.75	17.140
463.96	16.276
464.17	17.184
464.38	15.764
464.59	17.530
464.81	17.050
465.02	19.131
465.23	15.410
465.44	19.318
465.65	14.076
465.86	17.765
466.07	16.684
466.28	11.482
466.49	13.673
466.70	15.641
466.91	16.835
467.12	17.275
467.33	16.661
467.54	13.121
467.75	16.480
467.96	16.728
468.17	17.450
468.38	18.037
468.59	11.814
468.80	17.917
469.01	16.987
469.22	16.497
469.43	17.459
469.64	15.677
469.85	16.478
470.06	17.827
470.27	14.180
470.48	18.151
470.69	16.183
470.90	15.702
471.11	18.416
471.32	18.725
471.53	17.647
471.74	15.022
471.95	14.059
472.16	15.520
472.37	16.690
472.58	16.772
472.79	15.274
473.00	17.601
473.21	14.383
473.42	15.853
473.63	17.218
473.84	18.517
474.05	15.329
474.26	16.115
474.47	15.434
474.68	17.061
474.89	17.519
475.10	16.778
475.31	16.141
475.52	17.531
475.73	17.492
475.94	15.351
476.15	13.249
476.36	15.533
476.57	17.290
476.78	16.524
476.99	16.159
477.20	16.480
477.41	16.517
477.62	16.210
477.83	15.117
478.04	13.873
478.25	15.585
478.46	18.913
478.67	15.802
478.88	17.188
479.09	15.287
479.30	14.529
479.51	16.407
479.72	16.952
479.93	18.091
480.14	16.146
480.35	15.595
480.56	16.755
480.77	17.589
480.98	16.514
481.18	14.268
481.39	16.291
481.60	16.411
481.81	15.052
482.02	13.905
482.23	16.138
482.44	17.833
482.65	17.889
482.86	15.270
483.07	17.879
483.28	17.686
483.49	14.496
483.70	17.373
483.91	14.186
484.12	14.454
484.33	17.263
484.53	18.790
484.74	15.809
484.95	15.452
485.16	14.520
485.37	15.999
485.58	15.618
485.79	15.290
486.00	16.644
486.21	15.999
486.42	18.817
486.63	15.143
486.84	15.729
487.05	16.063
487.25	15.007
487.46	14.631
487.67	15.400
487.88	17.264
488.09	16.262
488.30	16.829
488.51	11.615
488.72	15.157
488.93	16.483
489.14	16.343
489.35	15.254
489.55	15.659
489.76	15.498
489.97	16.433
490.18	16.216
490.39	17.040
490.60	15.542
490.81	17.330
491.02	14.608
491.23	16.747
491.43	16.255
491.64	17.104
491.85	16.998
492.06	15.365
492.27	15.422
492.48	17.148
492.69	17.235
492.90	17.267
493.11	14.761
493.31	16.527
493.52	16.821
493.73	14.946
493.94	17.179
494.15	16.021
494.36	16.143
494.57	15.230
494.78	16.226
494.98	16.108
495.19	16.161
495.40	16.894
495.61	16.914
495.82	15.567
496.03	16.601
496.24	14.994
496.44	17.707
496.65	16.580
496.86	15.761
497.07	15.920
497.28	18.562
497.49	16.764
497.70	16.684
497.90	16.438
498.11	16.234
498.32	16.123
498.53	15.053
498.74	17.624
498.95	16.117
499.15	16.804
499.36	16.470
499.57	16.390
499.78	16.536
499.99	17.146
500.20	17.192
500.40	16.812
500.61	16.678
500.82	16.710
501.03	16.507
501.24	15.451
501.45	17.300
501.65	16.681
501.86	15.825
502.07	15.570
502.28	16.351
502.49	16.825
502.70	16.079
502.90	16.354
503.11	15.784
503.32	17.078
503.53	15.881
503.74	16.833
503.94	16.157
504.15	16.826
504.36	17.172
504.57	16.018
504.78	17.055
504.98	15.199
505.19	15.710
505.40	15.690
505.61	15.782
505.82	16.943
506.02	16.957
506.23	16.663
506.44	17.123
506.65	16.301
506.86	16.115
507.06	17.307
507.27	15.852
507.48	17.755
507.69	15.477
507.90	16.496
508.10	17.630
508.31	17.602
508.52	16.506
508.73	17.658
508.94	18.291
509.14	16.493
509.35	16.936
509.56	17.203
509.77	16.895
509.97	17.762
510.18	16.691
510.39	16.341
510.60	18.148
510.80	16.342
511.01	16.777
511.22	18.447
511.43	16.112
511.64	17.314
511.84	17.466
512.05	17.070
512.26	17.298
512.47	17.396
512.67	17.750
512.88	17.189
513.09	18.307
513.30	18.887
513.50	18.020
513.71	18.118
513.92	18.716
514.13	17.209
514.33	16.603
514.54	17.497
514.75	18.711
514.96	18.145
515.16	18.309
515.37	19.382
515.58	18.500
515.78	17.882
515.99	17.728
516.20	17.041
516.41	20.072
516.61	18.821
516.82	18.422
517.03	19.059
517.24	17.486
517.44	19.095
517.65	17.481
517.86	17.445
518.07	17.587
518.27	18.112
518.48	18.754
518.69	18.869
518.89	19.869
519.10	19.062
519.31	19.037
519.52	18.928
519.72	19.313
519.93	18.947
520.14	19.639
520.34	19.081
520.55	20.387
520.76	19.965
520.96	19.708
521.17	19.560
521.38	20.627
521.59	20.642
521.79	19.761
522.00	20.070
522.21	19.567
522.41	19.287
522.62	19.992
522.83	19.333
523.03	20.237
523.24	20.944
523.45	21.158
523.66	21.680
523.86	19.507
524.07	20.913
524.28	20.969
524.48	20.373
524.69	21.003
524.90	21.164
525.10	22.010
525.31	20.453
525.52	20.894
525.72	21.307
525.93	20.559
526.14	21.084
526.34	21.638
526.55	21.111
526.76	21.509
526.96	21.646
527.17	22.078
527.38	21.557
527.58	21.596
527.79	21.660
528.00	22.804
528.20	22.300
528.41	21.241
528.62	22.597
528.82	22.345
529.03	21.914
529.24	22.773
529.44	23.178
529.65	23.262
529.85	22.883
530.06	22.647
530.27	22.728
530.47	23.832
530.68	22.770
530.89	22.296
531.09	23.845
531.30	23.574
531.51	23.108
531.71	23.305
531.92	23.102
532.13	23.899
532.33	23.552
532.54	24.104
532.74	23.738
532.95	24.353
533.16	23.762
533.36	23.871
533.57	24.453
533.78	24.958
533.98	24.409
534.19	23.655
534.39	23.941
534.60	24.346
534.81	24.478
535.01	24.039
535.22	24.239
535.42	24.706
535.63	24.232
535.84	24.686
536.04	24.517
536.25	24.291
536.45	23.862
536.66	24.550
536.87	24.580
537.07	24.172
537.28	24.395
537.48	24.903
537.69	24.933
537.90	24.891
538.10	25.227
538.31	25.488
538.51	25.042
538.72	26.178
538.93	24.583
539.13	24.910
539.34	25.966
539.54	25.540
539.75	25.463
539.96	25.707
540.16	26.053
540.37	25.308
540.57	25.726
540.78	24.065
540.98	24.940
541.19	25.309
541.40	25.438
541.60	25.566
541.81	25.138
542.01	25.636
542.22	24.541
542.42	26.144
542.63	25.350
542.83	25.318
543.04	25.259
543.25	25.751
543.45	25.729
543.66	26.321
543.86	26.072
544.07	25.997
544.27	26.012
544.48	26.258
544.68	25.781
544.89	25.577
545.10	25.620
545.30	26.861
545.51	26.513
545.71	25.546
545.92	24.761
546.12	24.403
546.33	26.333
546.53	25.887
546.74	24.962
546.94	26.447
547.15	25.228
547.36	26.131
547.56	25.765
547.77	26.547
547.97	25.384
548.18	25.723
548.38	26.402
548.59	26.001
548.79	27.017
549.00	25.395
549.20	26.085
549.41	25.334
549.61	26.392
549.82	26.571
550.02	26.043
550.23	26.470
550.43	25.739
550.64	26.246
550.84	25.853
551.05	26.231
551.25	25.374
551.46	26.539
551.66	26.475
551.87	26.341
552.07	26.521
552.28	25.701
552.48	26.430
552.69	25.912
552.89	25.875
553.10	24.908
553.30	26.103
553.51	26.172
553.71	25.974
553.92	26.665
554.12	26.334
554.33	26.003
554.53	26.150
554.74	26.096
554.94	26.492
555.15	26.593
555.35	26.998
555.56	25.488
555.76	26.977
555.97	26.121
556.17	25.983
556.38	25.768
556.58	25.923
556.78	27.365
556.99	25.857
557.19	26.155
557.40	25.609
557.60	25.941
557.81	25.733
558.01	26.172
558.22	25.292
558.42	26.209
558.63	26.451
558.83	26.051
559.04	26.223
559.24	26.494
559.44	26.401
559.65	26.542
559.85	25.971
560.06	26.437
560.26	26.333
560.47	25.777
560.67	25.520
560.88	26.753
561.08	26.207
561.28	25.722
561.49	26.360
561.69	26.006
561.90	26.787
562.10	25.570
562.31	25.772
562.51	26.253
562.71	26.266
562.92	25.624
563.12	26.304
563.33	26.773
563.53	25.933
563.74	26.028
563.94	25.855
564.14	25.987
564.35	24.920
564.55	26.106
564.76	26.281
564.96	25.586
565.17	25.340
565.37	25.109
565.57	26.044
565.78	25.168
565.98	25.638
566.19	25.574
566.39	26.044
566.59	25.601
566.80	25.016
567.00	25.333
567.21	25.260
567.41	24.866
567.61	24.453
567.82	25.406
568.02	24.444
568.23	24.756
568.43	25.236
568.63	24.796
568.84	24.515
569.04	24.759
569.24	24.770
569.45	24.649
569.65	24.922
569.86	24.569
570.06	24.000
570.26	23.958
570.47	24.377
570.67	23.586
570.87	24.045
571.08	23.065
571.28	25.016
571.49	25.112
571.69	24.326
571.89	23.501
572.10	23.892
572.30	23.754
572.50	24.127
572.71	24.778
572.91	24.653
573.11	24.689
573.32	24.265
573.52	23.608
573.73	23.039
573.93	24.394
574.13	23.521
574.34	22.881
574.54	23.613
574.74	22.870
574.95	23.773
575.15	23.208
575.35	23.576
575.56	23.088
575.76	22.420
575.96	22.787
576.17	22.734
576.37	22.893
576.57	22.951
576.78	22.960
576.98	22.656
577.18	22.994
577.39	22.997
577.59	22.374
577.79	22.918
578.00	22.180
578.20	22.757
578.40	22.599
578.61	22.826
578.81	22.276
579.01	22.186
579.22	22.640
579.42	21.994
579.62	21.847
579.82	22.393
580.03	21.655
580.23	21.935
580.43	21.461
580.64	21.429
580.84	21.236
581.04	21.550
581.25	21.873
581.45	22.351
581.65	21.762
581.86	21.902
582.06	21.314
582.26	21.153
582.46	21.900
582.67	21.472
582.87	22.395
583.07	21.441
583.28	21.355
583.48	22.081
583.68	21.431
583.88	20.886
584.09	21.504
584.29	21.087
584.49	20.817
584.70	21.025
584.90	21.014
585.10	20.431
585.30	21.639
585.51	20.611
585.71	20.989
585.91	21.330
586.11	20.633
586.32	20.886
586.52	21.096
586.72	20.970
586.92	21.101
587.13	21.000
587.33	20.702
587.53	20.252
587.74	20.208
587.94	20.858
588.14	21.417
588.34	20.788
588.55	20.468
588.75	20.735
588.95	20.120
589.15	20.784
589.36	20.394
589.56	20.327
589.76	20.355
589.96	20.320
590.16	20.733
590.37	20.224
590.57	20.238
590.77	20.480
590.97	20.529
591.18	20.707
591.38	20.666
591.58	15.887
591.78	20.984
591.99	20.329
592.19	20.394
592.39	20.452
592.59	20.892
592.79	20.224
593.00	20.596
593.20	20.088
593.40	19.928
593.60	20.227
593.81	20.479
594.01	19.463
594.21	19.797
594.41	19.809
594.61	20.515
594.82	19.777
595.02	19.844
595.22	20.329
595.42	20.072
595.62	20.169
595.83	20.307
596.03	20.006
596.23	20.825
596.43	19.916
596.63	20.725
596.84	20.129
597.04	20.071
597.24	19.954
597.44	19.939
597.64	19.967
597.84	20.110
598.05	19.498
598.25	19.821
598.45	20.124
598.65	19.680
598.85	19.814
599.06	19.387
599.26	19.963
599.46	20.231
599.66	19.909
599.86	20.249
600.06	20.012
600.27	19.620
600.47	19.325
600.67	19.903
600.87	19.742
601.07	19.462
601.27	19.557
601.48	19.690
601.68	19.535
601.88	19.990
602.08	20.402
602.28	20.019
602.48	20.044
602.68	19.420
602.89	19.900
603.09	19.974
603.29	20.057
603.49	19.534
603.69	19.430
603.89	19.870
604.09	19.564
604.30	19.376
604.50	19.661
604.70	19.213
604.90	19.706
605.10	19.373
605.30	19.426
605.50	19.617
605.71	20.172
605.91	19.494
606.11	19.788
606.31	19.571
606.51	19.881
606.71	19.661
606.91	19.281
607.11	19.335
607.32	19.901
607.52	19.367
607.72	19.560
607.92	18.672
608.12	19.345
608.32	19.427
608.52	19.139
608.72	19.591
608.92	20.324
609.12	19.243
609.33	19.138
609.53	19.875
609.73	19.109
609.93	18.827
610.13	19.276
610.33	19.114
610.53	19.270
610.73	19.359
610.93	19.243
611.13	18.890
611.34	19.244
611.54	19.356
611.74	19.199
611.94	19.004
612.14	18.851
612.34	18.589
612.54	19.325
612.74	19.820
612.94	18.859
613.14	18.445
613.34	18.501
613.54	19.630
613.74	19.959
613.95	19.026
614.15	19.193
614.35	19.128
614.55	18.917
614.75	19.360
614.95	18.713
615.15	18.699
615.35	19.208
615.55	18.607
615.75	19.268
615.95	18.747
616.15	19.087
616.35	18.358
616.55	19.020
616.75	19.132
616.95	18.676
617.15	18.998
617.35	19.500
617.56	19.187
617.76	19.003
617.96	18.809
618.16	18.746
618.36	18.570
618.56	18.900
618.76	18.870
618.96	18.246
619.16	18.689
619.36	18.407
619.56	18.119
619.76	18.693
619.96	18.685
620.16	18.907
620.36	19.225
620.56	18.890
620.76	18.413
620.96	18.531
621.16	18.790
621.36	18.805
621.56	18.687
621.76	18.924
621.96	18.699
622.16	18.527
622.36	18.570
622.56	18.578
622.76	18.319
622.96	18.436
623.16	18.088
623.36	18.357
623.56	18.165
623.76	18.607
623.96	19.124
624.16	18.287
624.36	18.217
624.56	18.375
624.76	18.640
624.96	18.675
625.16	18.510
625.36	18.303
625.56	18.670
625.76	18.922
625.96	18.284
626.16	18.225
626.36	18.596
626.56	18.294
626.76	18.138
626.96	18.431
627.16	18.856
627.36	18.786
627.56	18.838
627.76	17.680
627.96	18.579
628.16	18.059
628.36	17.626
628.56	17.740
628.75	18.254
628.95	18.796
629.15	18.727
629.35	18.391
629.55	18.608
629.75	18.213
629.95	19.024
630.15	18.185
630.35	18.379
630.55	17.637
630.75	18.159
630.95	18.520
631.15	18.015
631.35	18.264
631.55	18.142
631.75	18.492
631.95	18.448
632.15	18.632
632.34	18.418
632.54	18.499
632.74	17.696
632.94	18.582
633.14	17.785
633.34	18.306
633.54	18.102
633.74	18.040
633.94	17.938
634.14	17.721
634.34	17.779
634.54	18.388
634.74	18.765
634.93	17.825
635.13	18.322
635.33	18.386
635.53	18.356
635.73	18.345
635.93	17.874
636.13	18.401
636.33	18.758
636.53	18.031
636.73	18.188
636.93	18.049
637.12	18.236
637.32	18.488
637.52	18.222
637.72	17.513
637.92	18.084
638.12	18.340
638.32	18.570
638.52	18.338
638.72	17.335
638.91	17.976
639.11	18.160
639.31	17.876
639.51	17.926
639.71	17.310
639.91	17.991
640.11	17.704
640.31	18.071
640.50	17.728
640.70	18.313
640.90	18.258
641.10	17.808
641.30	17.275
641.50	17.686
641.70	17.406
641.89	18.090
642.09	17.897
642.29	18.145
642.49	17.654
642.69	17.017
642.89	17.541
643.09	17.953
643.28	18.439
643.48	17.906
643.68	17.359
643.88	17.552
644.08	17.340
644.28	17.659
644.48	17.463
644.67	17.161
644.87	17.442
645.07	17.722
645.27	17.292
645.47	17.651
645.67	17.118
645.86	18.041
646.06	17.760
646.26	17.291
646.46	17.562
646.66	17.230
646.85	17.723
647.05	17.340
647.25	17.257
647.45	17.805
647.65	17.392
647.85	17.164
648.04	17.314
648.24	17.363
648.44	17.454
648.64	17.063
648.84	17.208
649.03	17.403
649.23	17.018
649.43	17.509
649.63	16.948
649.83	16.830
650.02	17.227
650.22	17.397
650.42	16.809
650.62	17.372
650.82	17.491
651.01	18.064
651.21	16.987
651.41	17.089
651.61	17.333
651.81	16.783
652.00	17.543
652.20	16.993
652.40	17.312
652.60	17.048
652.79	17.705
652.99	17.061
653.19	17.031
653.39	17.077
653.59	16.801
653.78	16.514
653.98	17.384
654.18	16.783
654.38	16.485
654.57	17.440
654.77	16.707
654.97	16.853
655.17	16.709
655.36	16.426
655.56	16.449
655.76	16.947
655.96	17.007
656.15	17.130
656.35	17.059
656.55	16.417
656.75	16.892
656.94	16.947
657.14	16.893
657.34	16.505
657.54	16.721
657.73	17.198
657.93	16.714
658.13	16.971
658.33	16.839
658.52	17.094
658.72	13.345
658.92	16.803
659.11	16.151
659.31	16.868
659.51	16.871
659.71	16.960
659.90	16.732
660.10	16.541
660.30	16.973
660.50	16.720
660.69	16.553
660.89	16.512
661.09	16.828
661.28	16.600
661.48	16.518
661.68	16.430
661.87	16.791
662.07	16.910
662.27	16.628
662.47	16.595
662.66	16.523
662.86	16.797
663.06	16.174
663.25	16.442
663.45	16.274
663.65	16.490
663.84	16.740
664.04	16.534
664.24	16.845
664.44	16.103
664.63	16.440
664.83	16.322
665.03	16.727
665.22	16.815
665.42	16.406
665.62	16.647
665.81	16.591
666.01	16.645
666.21	17.150
666.40	16.678
666.60	16.858
666.80	16.749
666.99	16.362
667.19	16.365
667.39	15.976
667.58	16.196
667.78	16.351
667.98	16.210
668.17	16.879
668.37	16.937
668.57	16.606
668.76	16.606
668.96	16.633
669.16	16.450
669.35	16.745
669.55	16.398
669.74	16.539
669.94	16.307
670.14	16.469
670.33	16.656
670.53	16.498
670.73	16.183
670.92	16.683
671.12	16.376
671.32	16.166
671.51	16.158
671.71	16.500
671.90	16.786
672.10	16.359
672.30	16.729
672.49	16.953
672.69	16.905
672.89	16.334
673.08	16.643
673.28	16.416
673.47	17.029
673.67	16.517
673.87	16.402
674.06	16.808
674.26	16.018
674.45	16.981
674.65	16.982
674.85	16.703
675.04	16.445
675.24	16.230
675.43	16.204
675.63	16.511
675.83	16.902
676.02	16.596
676.22	16.116
676.41	16.297
676.61	16.662
676.81	16.161
677.00	17.114
677.20	16.414
677.39	16.762
677.59	17.106
677.79	16.746
677.98	16.613
678.18	16.911
678.37	16.951
678.57	16.542
678.76	16.662
678.96	17.023
679.16	16.598
679.35	16.739
679.55	16.573
679.74	16.596
679.94	16.584
680.13	16.046
680.33	16.481
680.53	16.849
680.72	16.636
680.92	16.922
681.11	16.697
681.31	16.770
681.50	16.502
681.70	16.898
681.89	17.300
682.09	16.564
682.28	16.687
682.48	16.251
682.68	16.967
682.87	16.743
683.07	17.045
683.26	16.789
683.46	16.365
683.65	17.127
683.85	16.414
684.04	16.622
684.24	16.680
684.43	17.235
684.63	17.119
684.82	17.229
685.02	16.731
685.21	17.283
685.41	16.482
685.60	17.200
685.80	16.316
686.00	17.034
686.19	17.356
686.39	16.630
686.58	17.180
686.78	16.976
686.97	17.201
687.17	16.655
687.36	17.008
687.56	16.727
687.75	17.098
687.95	16.599
688.14	16.676
688.34	16.832
688.53	16.836
688.73	16.949
688.92	16.660
689.12	17.302
689.31	17.011
689.51	17.379
689.70	16.937
689.89	16.922
690.09	17.368
690.28	16.957
690.48	16.986
690.67	17.022
690.87	17.337
691.06	17.647
691.26	17.297
691.45	17.309
691.65	17.319
691.84	17.599
692.04	17.343
692.23	17.636
692.43	17.003
692.62	17.185
692.82	17.075
693.01	17.480
693.20	18.499
693.40	17.632
693.59	18.102
693.79	18.757
693.98	18.257
694.18	17.552
694.37	18.259
694.57	18.189
694.76	18.046
694.95	18.781
695.15	17.936
695.34	19.143
695.54	19.004
695.73	18.813
695.93	19.056
696.12	18.793
696.32	18.858
696.51	18.896
696.70	19.647
696.90	19.583
697.09	19.553
697.29	19.728
697.48	19.652
697.67	19.461
697.87	20.470
698.06	20.709
698.26	20.353
698.45	20.620
698.65	20.841
698.84	20.770
699.03	21.494
699.23	21.076
699.42	21.538
699.62	22.181
699.81	22.618
700.00	22.511
700.20	22.267
700.39	22.568
700.59	22.762
700.78	23.134
700.97	22.936
701.17	23.248
701.36	23.880
701.56	23.401
701.75	24.214
701.94	24.173
702.14	24.982
702.33	25.455
702.52	25.397
702.72	25.382
702.91	25.814
703.11	26.164
703.30	26.528
703.49	26.270
703.69	26.593
703.88	26.771
704.07	27.341
704.27	27.823
704.46	28.063
704.66	27.870
704.85	28.632
705.04	29.135
705.24	28.416
705.43	28.848
705.62	29.101
705.82	29.943
706.01	30.157
706.20	29.652
706.40	30.185
706.59	30.258
706.78	30.832
706.98	31.177
707.17	32.191
707.36	32.130
707.56	31.660
707.75	31.379
707.94	31.298
708.14	32.890
708.33	33.820
708.52	33.856
708.72	33.079
708.91	33.922
709.10	33.978
709.30	33.901
709.49	34.534
709.68	34.763
709.88	34.811
710.07	35.683
710.26	34.997
710.46	36.527
710.65	35.734
710.84	36.327
711.04	37.123
711.23	37.284
711.42	37.231
711.61	37.183
711.81	38.048
712.00	38.401
712.19	38.032
712.39	38.415
712.58	38.836
712.77	39.361
712.97	39.462
713.16	39.497
713.35	40.348
713.54	40.466
713.74	39.976
713.93	40.533
714.12	40.824
714.32	41.161
714.51	41.753
714.70	42.708
714.89	42.805
715.09	41.868
715.28	42.772
715.47	43.057
715.66	42.507
715.86	43.273
716.05	43.559
716.24	44.189
716.44	44.230
716.63	44.126
716.82	44.321
717.01	43.889
717.21	44.545
717.40	45.237
717.59	45.659
717.78	46.239
717.98	46.753
718.17	45.836
718.36	46.743
718.55	47.695
718.75	47.606
718.94	48.260
719.13	47.173
719.32	48.562
719.52	48.309
719.71	49.122
719.90	49.617
720.09	49.589
720.28	50.291
720.48	50.480
720.67	50.828
720.86	50.988
721.05	50.615
721.25	50.687
721.44	51.112
721.63	51.689
721.82	51.570
722.01	52.393
722.21	52.890
722.40	53.143
722.59	52.675
722.78	54.142
722.98	53.449
723.17	54.089
723.36	54.120
723.55	54.504
723.74	54.418
723.94	54.601
724.13	55.108
724.32	56.152
724.51	56.486
724.70	56.224
724.89	56.254
725.09	56.032
725.28	57.465
725.47	56.343
725.66	57.478
725.85	57.582
726.05	58.989
726.24	58.436
726.43	58.973
726.62	58.690
726.81	59.923
727.00	59.994
727.20	59.973
727.39	59.796
727.58	59.673
727.77	60.034
727.96	60.432
728.15	60.826
728.35	60.909
728.54	62.033
728.73	61.676
728.92	61.335
729.11	63.430
729.30	62.509
729.50	62.453
729.69	63.020
729.88	63.178
730.07	62.716
730.26	64.483
730.45	63.994
730.64	64.026
730.84	63.543
731.03	64.481
731.22	65.484
731.41	65.244
731.60	65.444
731.79	64.348
731.98	66.414
732.18	66.642
732.37	66.223
732.56	66.200
732.75	66.755
732.94	66.364
733.13	67.474
733.32	68.150
733.51	67.759
733.71	67.672
733.90	67.760
734.09	68.694
734.28	69.104
734.47	68.522
734.66	68.206
734.85	68.212
735.04	68.557
735.23	69.318
735.42	69.935
735.62	70.154
735.81	69.840
736.00	69.921
736.19	70.076
736.38	70.167
736.57	70.703
736.76	70.530
736.95	71.169
737.14	72.021
737.33	71.637
737.52	71.969
737.72	72.528
737.91	71.504
738.10	72.894
738.29	72.609
738.48	72.784
738.67	72.261
738.86	73.067
739.05	73.227
739.24	74.332
739.43	73.731
739.62	73.419
739.81	74.810
740.00	74.469
740.19	74.770
740.39	74.026
740.58	74.354
740.77	74.253
740.96	74.189
741.15	74.396
741.34	74.773
741.53	75.927
741.72	74.617
741.91	75.617
742.10	76.625
742.29	76.006
742.48	76.216
742.67	75.271
742.86	76.087
743.05	75.799
743.24	77.161
743.43	76.406
743.62	78.658
743.81	77.433
744.00	77.637
744.19	76.659
744.38	77.654
744.57	77.355
744.76	77.093
744.95	77.548
745.14	77.086
745.33	78.885
745.52	76.651
745.71	78.629
745.90	78.304
746.09	78.023
746.28	78.548
746.47	77.679
746.66	78.191
746.85	79.562
747.04	78.132
747.23	78.318
747.42	77.886
747.61	80.271
747.80	78.342
747.99	78.913
748.18	79.274
748.37	79.015
748.56	78.952
748.75	79.627
748.94	79.154
749.13	80.081
749.32	80.065
749.51	79.580
749.70	80.489
749.89	79.619
750.08	81.069
750.27	80.008
750.46	81.163
750.65	80.902
750.84	80.325
751.03	80.894
751.22	81.290
751.41	81.478
751.60	79.798
751.79	80.243
751.98	81.201
752.17	80.945
752.36	79.950
752.55	81.447
752.74	81.004
752.93	81.382
753.12	80.379
753.30	81.732
753.49	81.546
753.68	81.968
753.87	82.681
754.06	82.628
754.25	81.993
754.44	81.166
754.63	81.899
754.82	81.028
755.01	82.693
755.20	82.362
755.39	81.645
755.58	82.406
755.77	82.403
755.96	80.621
756.14	82.336
756.33	81.049
756.52	82.443
756.71	81.196
756.90	82.007
757.09	82.684
757.28	81.178
757.47	81.057
757.66	82.468
757.85	82.964
758.04	82.332
758.22	82.829
758.41	83.490
758.60	83.576
758.79	83.759
758.98	82.353
759.17	82.910
759.36	83.078
759.55	82.102
759.74	82.279
759.92	83.440
760.11	82.888
760.30	83.065
760.49	82.826
760.68	83.294
760.87	83.151
761.06	83.410
761.25	82.871
761.43	84.279
761.62	83.168
761.81	83.320
762.00	82.516
762.19	83.905
762.38	83.525
762.57	82.766
762.76	83.940
762.94	82.835
763.13	83.270
763.32	83.049
763.51	84.049
763.70	82.813
763.89	83.554
764.07	83.265
764.26	82.713
764.45	83.378
764.64	82.871
764.83	83.904
765.02	83.990
765.21	82.956
765.39	84.076
765.58	84.005
765.77	83.365
765.96	84.859
766.15	83.152
766.34	84.641
766.52	83.256
766.71	83.700
766.90	82.847
767.09	83.596
767.28	83.661
767.46	82.444
767.65	83.166
767.84	83.177
768.03	83.671
768.22	83.145
768.40	83.409
768.59	82.629
768.78	84.138
768.97	83.689
769.16	84.626
769.34	83.480
769.53	83.881
769.72	84.823
769.91	82.932
770.10	83.583
770.28	84.238
770.47	83.527
770.66	83.879
770.85	83.196
771.04	82.724
771.22	83.125
771.41	83.126
771.60	84.576
771.79	83.951
771.98	84.479
772.16	84.309
772.35	83.236
772.54	84.447
772.73	83.293
772.91	84.076
773.10	84.209
773.29	83.344
773.48	83.948
773.66	84.351
773.85	83.386
774.04	83.685
774.23	84.412
774.41	83.839
774.60	83.535
774.79	83.153
774.98	84.614
775.16	84.306
775.35	83.926
775.54	82.903
775.73	83.595
775.91	83.387
776.10	83.467
776.29	84.045
776.48	84.529
776.66	84.642
776.85	84.468
777.04	85.193
777.23	83.344
777.41	84.927
777.60	84.832
777.79	83.855
777.97	82.829
778.16	83.307
778.35	83.747
778.54	83.330
778.72	84.151
778.91	83.786
779.10	84.544
779.28	83.582
779.47	84.109
779.66	84.471
779.85	84.428
780.03	83.895
780.22	83.728
780.41	84.122
780.59	84.257
780.78	83.507
780.97	83.842
781.15	85.480
781.34	86.435
781.53	84.395
781.71	85.415
781.90	84.713
782.09	83.452
782.27	82.974
782.46	84.215
782.65	83.671
782.84	84.925
783.02	82.806
783.21	85.863
783.40	83.758
783.58	84.669
783.77	84.409
783.96	85.054
784.14	83.798
784.33	85.092
784.52	84.050
784.70	83.821
784.89	84.617
785.07	83.859
785.26	83.398
785.45	83.966
785.63	84.017
785.82	84.939
786.01	84.086
786.19	83.779
786.38	84.220
786.57	83.973
786.75	83.917
786.94	83.174
787.13	84.576
787.31	83.854
787.50	84.344
787.68	83.595
787.87	84.068
788.06	84.565
788.24	84.635
788.43	85.176
788.62	84.144
788.80	85.127
788.99	85.932
789.17	85.629
789.36	84.640
789.55	83.693
789.73	83.483
789.92	84.965
790.10	84.010
790.29	84.056
790.48	83.934
790.66	84.536
790.85	84.490
791.03	85.262
791.22	83.957
791.41	84.921
791.59	83.730
791.78	84.608
791.96	84.357
792.15	84.017
792.34	84.965
792.52	84.354
792.71	84.271
792.89	83.830
793.08	83.000
793.27	83.313
793.45	82.935
793.64	83.687
793.82	83.694
794.01	84.490
794.19	84.209
794.38	84.102
794.57	83.880
794.75	82.844
794.94	83.634
795.12	84.001
795.31	82.396
795.49	84.494
795.68	84.176
795.86	84.176
796.05	84.229
796.24	83.410
796.42	84.961
796.61	85.201
796.79	84.754
796.98	84.527
797.16	82.945
797.35	83.660
797.53	84.514
797.72	84.579
797.90	83.988
798.09	84.911
798.27	83.809
798.46	83.556
798.65	83.580
798.83	84.796
799.02	84.405
799.20	83.337
799.39	84.123
799.57	84.007
799.76	84.467
799.94	83.723
800.13	84.404
800.31	84.192
800.50	84.628
800.68	83.133
800.87	84.901
801.05	84.628
801.24	83.580
801.42	83.340
801.61	82.822
801.79	84.958
801.98	84.745
802.16	83.013
802.35	83.487
802.53	84.166
802.72	84.154
802.90	83.515
803.09	84.785
803.27	84.324
803.46	83.890
803.64	83.906
803.83	84.660
804.01	84.820
804.20	84.002
804.38	84.258
804.56	83.228
804.75	84.639
804.93	83.658
805.12	85.665
805.30	84.513
805.49	84.425
805.67	85.139
805.86	84.023
806.04	83.788
806.23	84.120
806.41	84.734
806.59	84.817
806.78	84.439
806.96	84.634
807.15	85.214
807.33	84.977
807.52	85.152
807.70	84.968
807.89	84.179
808.07	84.374
808.25	85.034
808.44	83.381
808.62	85.554
808.81	84.812
808.99	84.513
809.18	85.232
809.36	84.898
809.54	84.463
809.73	84.089
809.91	84.331
810.10	84.321
810.28	82.978
810.47	83.494
810.65	84.993
810.83	84.425
811.02	84.163
811.20	84.212
811.39	84.194
811.57	84.368
811.75	84.735
811.94	84.094
812.12	85.452
812.31	84.243
812.49	83.435
812.67	84.794
812.86	84.797
813.04	83.197
813.23	84.240
813.41	84.114
813.59	85.162
813.78	83.780
813.96	85.338
814.14	84.314
814.33	84.462
814.51	83.518
814.70	85.484
814.88	84.923
815.06	85.120
815.25	84.989
815.43	84.375
815.61	84.820
815.80	85.143
815.98	84.881
816.16	84.498
816.35	84.092
816.53	85.089
816.72	85.616
816.90	84.219
817.08	84.333
817.27	84.642
817.45	84.851
817.63	84.438
817.82	83.676
818.00	85.276
818.18	85.165
818.37	84.273
818.55	83.916
818.73	83.887
818.92	84.567
819.10	85.549
819.28	85.013
819.47	85.327
819.65	84.930
819.83	84.078
820.02	84.822
820.20	84.336
820.38	84.972
820.57	84.149
820.75	84.050
820.93	84.754
821.11	85.091
821.30	85.152
821.48	83.918
821.66	84.168
821.85	84.328
822.03	85.737
822.21	82.435
822.40	82.942
822.58	84.510
822.76	84.478
822.94	84.893
823.13	85.541
823.31	84.887
823.49	85.243
823.68	84.022
823.86	84.746
824.04	85.307
824.22	85.256
824.41	83.950
824.59	85.551
824.77	84.936
824.96	84.789
825.14	83.608
825.32	83.804
825.50	84.653
825.69	84.903
825.87	85.253
826.05	84.810
826.23	85.973
826.42	85.628
826.60	85.356
826.78	86.139
826.96	85.424
827.15	84.462
827.33	84.314
827.51	83.388
827.69	84.637
827.88	84.262
828.06	84.002
828.24	82.989
828.42	84.775
828.61	85.149
828.79	85.268
828.97	83.886
829.15	83.366
829.34	84.985
829.52	84.788
829.70	84.289
829.88	84.246
830.06	83.245
830.25	84.727
830.43	86.491
830.61	84.704
830.79	85.482
830.97	84.762
831.16	84.721
831.34	84.784
831.52	84.639
831.70	83.577
831.89	83.435
832.07	82.939
832.25	84.883
832.43	83.790
832.61	84.519
832.80	84.755
832.98	84.412
833.16	84.588
833.34	86.018
833.52	85.887
833.70	84.195
833.89	83.211
834.07	85.208
834.25	84.907
834.43	84.168
834.61	84.486
834.80	85.022
834.98	84.750
835.16	84.517
835.34	83.518
835.52	84.675
835.70	83.497
835.89	85.213
836.07	84.566
836.25	85.531
836.43	84.072
836.61	84.124
836.79	84.651
836.97	85.427
837.16	85.086
837.34	85.050
837.52	84.309
837.70	84.132
837.88	85.198
838.06	85.520
838.24	83.382
838.43	84.559
838.61	84.204
838.79	84.957
838.97	85.442
839.15	85.784
839.33	85.794
839.51	85.088
839.70	85.041
839.88	85.631
840.06	84.987
840.24	85.674
840.42	85.226
840.60	85.386
840.78	85.753
840.96	85.097
841.14	84.517
841.33	85.158
841.51	84.129
841.69	84.117
841.87	83.702
842.05	84.527
842.23	84.922
842.41	85.719
842.59	85.387
842.77	84.637
842.95	84.786
843.14	83.400
843.32	84.728
843.50	85.456
843.68	84.541
843.86	84.338
844.04	83.374
844.22	84.959
844.40	85.060
844.58	86.741
844.76	84.954
844.94	84.170
845.12	83.636
845.30	84.497
845.49	85.657
845.67	83.620
845.85	84.181
846.03	84.256
846.21	85.079
846.39	84.218
846.57	83.012
846.75	83.687
846.93	84.674
847.11	84.569
847.29	84.854
847.47	85.948
847.65	85.062
847.83	84.902
848.01	86.160
848.19	84.648
848.37	83.896
848.55	83.079
848.73	85.917
848.91	84.776
849.09	84.239
849.27	84.548
849.46	85.394
849.64	84.039
849.82	86.293
850.00	84.337
850.18	83.700
850.36	84.066
850.54	84.502
850.72	85.618
850.90	85.012
851.08	86.004
851.26	85.442
851.44	84.106
851.62	85.249
851.80	85.765
851.98	84.633
852.16	85.907
852.34	85.132
852.52	83.707
852.70	84.977
852.88	85.505
853.06	85.577
853.24	86.263
853.42	83.777
853.60	84.139
853.78	85.686
853.96	84.435
854.14	83.618
854.31	84.974
854.49	84.721
854.67	85.595
854.85	84.581
855.03	86.548
855.21	85.214
855.39	87.879
855.57	84.844
855.75	84.433
855.93	84.213
856.11	84.066
856.29	84.049
856.47	84.463
856.65	85.333
856.83	84.488
857.01	84.930
857.19	85.403
857.37	85.113
857.55	85.332
857.73	84.846
857.91	84.666
858.09	85.020
858.26	85.774
858.44	84.107
858.62	85.559
858.80	86.181
858.98	85.436
859.16	86.877
859.34	84.409
859.52	84.348
859.70	85.367
859.88	85.218
860.06	86.230
860.24	85.861
860.42	84.673
860.59	85.262
860.77	85.562
860.95	84.979
861.13	83.913
861.31	83.732
861.49	85.132
861.67	85.563
861.85	84.249
862.03	85.729
862.21	85.506
862.38	85.288
862.56	87.053
862.74	84.874
862.92	85.742
863.10	85.804
863.28	86.073
863.46	84.724
863.64	84.459
863.82	84.195
863.99	84.365
864.17	84.315
864.35	85.401
864.53	85.679
864.71	85.999
864.89	84.314
865.07	85.607
865.24	85.544
865.42	86.590
865.60	86.189
865.78	86.808
865.96	85.232
866.14	85.866
866.32	84.932
866.49	83.109
866.67	83.930
866.85	85.233
867.03	85.018
867.21	84.586
867.39	85.948
867.56	84.600
867.74	85.232
867.92	86.088
868.10	83.659
868.28	84.145
868.46	85.152
868.63	86.003
868.81	85.322
868.99	85.085
869.17	85.377
869.35	86.443
869.53	85.840
869.70	86.562
869.88	84.964
870.06	83.678
870.24	84.072
870.42	86.174
870.59	85.605
870.77	85.343
870.95	83.977
871.13	84.666
871.31	84.039
871.48	86.137
871.66	86.549
871.84	85.679
872.02	86.114
872.20	85.121
872.37	86.370
872.55	84.993
872.73	86.148
872.91	85.851
873.08	84.502
873.26	84.235
873.44	85.173
873.62	84.728
873.80	83.733
873.97	85.047
874.15	84.374
874.33	85.540
874.51	87.295
874.68	85.383
874.86	85.391
875.04	84.237
875.22	84.387
875.39	87.187
875.57	84.080
875.75	85.366
875.93	84.522
876.10	84.403
876.28	86.113
876.46	86.821
876.64	84.662
876.81	83.546
876.99	86.418
877.17	84.733
877.35	85.337
877.52	84.318
877.70	85.461
877.88	84.169
878.06	84.564
878.23	86.329
878.41	87.133
878.59	85.717
878.76	86.886
878.94	87.587
879.12	85.976
879.30	86.777
879.47	84.234
879.65	84.028
879.83	84.116
880.00	85.890
880.18	84.684
880.36	85.620
880.53	83.938
880.71	85.460
880.89	87.040
881.07	85.011
881.24	83.993
881.42	85.088
881.60	86.593
881.77	83.944
881.95	84.848
882.13	85.038
882.30	85.828
882.48	84.247
882.66	85.351
882.83	87.200
883.01	83.743
883.19	84.564
883.36	85.947
883.54	84.194
883.72	84.404
883.89	83.060
884.07	86.138
884.25	85.205
884.42	83.915
884.60	84.579
884.78	87.526
884.95	86.547
885.13	85.015
885.31	82.905
885.48	87.837
885.66	86.085
885.84	85.444
886.01	83.847
886.19	85.743
886.36	87.006
886.54	85.480
886.72	86.250
886.89	85.867
887.07	84.428
887.25	85.460
887.42	85.020
887.60	83.782
887.78	84.925
887.95	85.589
888.13	84.533
888.30	83.782
888.48	85.089
888.66	84.771
888.83	83.828
889.01	86.369
889.18	85.517
889.36	85.202
889.54	85.652
889.71	86.363
889.89	85.097
890.06	83.040
890.24	84.968
890.42	86.477
890.59	85.944
890.77	87.009
890.94	86.148
891.12	85.636
891.30	85.111
891.47	85.392
891.65	85.802
891.82	85.476
892.00	85.215
892.17	86.122
892.35	84.615
892.53	86.082
892.70	86.765
892.88	84.336
893.05	85.226
893.23	85.888
893.40	86.122
893.58	86.632
893.75	85.720
893.93	83.398
894.11	85.207
894.28	84.689
894.46	85.756
894.63	85.720
894.81	84.742
894.98	85.225
895.16	87.544
895.33	86.067
895.51	86.214
895.68	86.190
895.86	85.818
896.04	85.476
896.21	83.920
896.39	86.726
896.56	86.692
896.74	85.128
896.91	87.171
897.09	85.620
897.26	86.771
897.44	88.274
897.61	86.185
897.79	86.965
897.96	85.995
898.14	84.243
898.31	85.370
898.49	86.150
898.66	83.134
898.84	86.545
899.01	84.984
899.19	85.924
899.36	86.760
899.54	86.378
899.71	86.461
899.89	86.308
900.06	86.005
900.24	87.040
900.41	84.851
900.59	85.498
900.76	84.826
900.94	86.995
901.11	86.865
901.29	85.314
901.46	86.335
901.63	85.093
901.81	85.572
901.98	85.388
902.16	87.124
902.33	87.503
902.51	85.662
902.68	85.224
902.86	85.693
903.03	86.118
903.21	84.885
903.38	86.425
903.56	85.155
903.73	86.367
903.90	85.902
904.08	85.972
904.25	86.066
904.43	86.765
904.60	84.664
904.78	87.773
904.95	84.944
905.12	85.557
905.30	84.246
905.47	85.027
905.65	87.460
905.82	86.100
906.00	85.050
906.17	86.814
906.34	85.836
906.52	86.058
906.69	84.378
906.87	83.643
907.04	86.583
907.21	86.916
907.39	85.195
907.56	84.505
907.74	86.172
907.91	85.059
908.08	83.834
908.26	84.229
908.43	84.323
908.61	84.411
908.78	85.222
908.95	86.842
909.13	86.082
909.30	84.676
909.48	84.855
909.65	85.509
909.82	85.823
910.00	86.634
910.17	85.473
910.34	85.682
910.52	86.801
910.69	85.148
910.87	84.902
911.04	86.055
911.21	84.890
911.39	85.093
911.56	85.377
911.73	84.722
911.91	88.169
912.08	85.895
912.25	86.315
912.43	84.701
912.60	85.493
912.77	86.500
912.95	85.683
913.12	84.986
913.29	87.925
913.47	86.963
913.64	84.134
913.81	84.511
913.99	87.722
914.16	85.370
914.33	87.851
914.51	83.769
914.68	85.746
914.85	86.050
915.03	87.475
915.20	85.927
915.37	86.397
915.55	85.085
915.72	85.905
915.89	86.117
916.07	86.849
916.24	86.469
916.41	85.048
916.59	87.605
916.76	83.490
916.93	85.795
917.10	85.522
917.28	87.219
917.45	87.183
917.62	86.120
917.80	84.033
917.97	85.494
918.14	83.521
918.31	86.524
918.49	88.170
918.66	84.205
918.83	84.881
919.01	86.056
919.18	86.750
919.35	86.180
919.52	83.592
919.70	86.937
919.87	86.610
920.04	85.577
920.21	86.339
920.39	87.822
920.56	86.984
920.73	85.193
920.90	84.612
921.08	85.220
921.25	84.936
921.42	85.612
921.59	87.873
921.77	85.821
921.94	87.085
922.11	84.908
922.28	85.108
922.46	84.998
922.63	83.229
922.80	84.963
922.97	88.862
923.15	84.995
923.32	85.873
923.49	85.431
923.66	87.883
923.83	86.180
924.01	85.608
924.18	84.889
924.35	86.770
924.52	86.139
924.69	86.621
924.87	84.309
925.04	85.652
925.21	86.604
925.38	86.756
925.55	89.204
925.73	85.264
925.90	88.157
926.07	86.574
926.24	87.513
926.41	83.775
926.59	83.227
926.76	83.795
926.93	84.376
927.10	89.441
927.27	86.194
927.45	87.157
927.62	84.593
927.79	87.207
927.96	87.638
928.13	83.690
928.30	82.618
928.48	84.672
928.65	84.420
928.82	85.227
928.99	83.128
929.16	85.700
929.33	84.794
929.50	82.556
929.68	85.883
929.85	85.913
930.02	86.604
930.19	87.686
930.36	87.896
930.53	85.275
930.70	89.139
930.88	88.808
931.05	85.207
931.22	85.024
931.39	86.648
931.56	86.172
931.73	87.343
931.90	86.101
932.08	85.286
932.25	88.123
932.42	86.851
932.59	87.474
932.76	84.145
932.93	81.944
933.10	83.278
933.27	87.028
933.44	87.166
933.62	86.693
933.79	83.851
933.96	85.855
934.13	88.754
934.30	84.995
934.47	87.235
934.64	83.403
934.81	87.033
934.98	83.736
935.15	87.288
935.32	85.860
935.50	83.597
935.67	84.512
935.84	88.496
936.01	88.598
936.18	86.388
936.35	85.231
936.52	83.239
936.69	83.771
936.86	90.093
937.03	87.851
937.20	89.410
937.37	85.947
937.54	83.319
937.71	87.947
937.89	84.763
938.06	86.893
938.23	85.183
938.40	85.365
938.57	82.176
938.74	91.605
938.91	86.777
939.08	90.336
939.25	83.039
939.42	86.782
939.59	82.841
939.76	89.437
939.93	80.477
940.10	86.612
940.27	89.253
940.44	78.918
940.61	83.927
940.78	90.541
940.95	82.653
941.12	96.909
941.29	86.520
941.46	89.993
941.63	86.589
941.80	84.254
941.97	85.313
942.14	91.673
942.31	90.341
942.48	81.756
942.65	87.344
942.82	92.029
942.99	98.945
943.16	87.780
943.33	83.083
943.50	85.679
943.67	86.992
943.84	89.004
944.01	81.183
944.18	88.020
944.35	88.625
944.52	87.671
944.69	87.997
944.86	84.703
945.03	92.555
945.20	88.889
945.37	89.928
945.54	97.872
945.71	84.584
945.88	86.566
946.05	91.573
946.22	87.510
946.39	77.931
946.56	89.856
946.73	87.431
946.90	80.055
947.07	81.250
947.23	85.704
947.40	89.977
947.57	95.393
947.74	82.700
947.91	90.242
948.08	85.638
948.25	83.027
948.42	84.023
948.59	90.604
948.76	76.590
948.93	92.965
949.10	87.772
949.27	85.704
949.44	88.149
949.60	92.059
949.77	79.222
949.94	90.246
950.11	83.890
950.28	83.734
950.45	91.284
950.62	82.911
950.79	90.209
950.96	86.883
951.13	79.117
951.30	86.526
951.46	80.114
951.63	77.753
951.80	84.340
951.97	87.292
952.14	83.498
952.31	89.267
952.48	83.201
952.65	87.097
952.81	85.590
952.98	91.073
953.15	90.522
953.32	89.885
953.49	90.070
953.66	84.943
953.83	82.723
954.00	87.526
954.16	86.768
954.33	89.150
954.50	90.183
954.67	92.425
954.84	88.324
955.01	79.610
955.18	82.979
955.34	86.025
955.51	86.689
955.68	89.485
955.85	82.584
956.02	77.538
956.19	86.168
956.35	86.996
956.52	82.391
956.69	92.128
956.86	79.948
957.03	82.152
957.20	85.350
957.36	88.842
957.53	87.032
957.70	82.977
957.87	90.000
958.04	82.391
958.21	93.399
958.37	80.749
958.54	88.576
958.71	82.588
958.88	84.553
959.05	86.963
959.21	81.652
959.38	83.072
959.55	86.937
959.72	91.763
959.89	83.057
960.05	84.515
960.22	87.476
960.39	86.890
960.56	86.954
960.72	88.095
960.89	88.444
961.06	80.968
961.23	83.902
961.40	86.028
961.56	84.943
961.73	83.452
961.90	88.847
962.07	84.676
962.23	90.624
962.40	89.134
962.57	81.509
962.74	89.864
962.90	88.557
963.07	89.359
963.24	94.506
963.41	92.843
963.57	85.990
963.74	94.192
963.91	88.535
964.08	83.467
964.24	82.894
964.41	81.927
964.58	81.395
964.75	86.821
964.91	82.502
965.08	86.357
965.25	84.886
965.42	90.735
965.58	89.951
965.75	89.011
965.92	85.714
966.08	83.318
966.25	82.951
966.42	86.284
966.59	84.823
966.75	86.272
966.92	91.317
967.09	87.326
967.25	80.743
967.42	86.938
967.59	88.018
967.75	79.365
967.92	84.626
968.09	85.089
968.26	86.838
968.42	82.828
968.59	82.106
968.76	86.022
968.92	87.280
969.09	83.801
969.26	84.303
969.42	86.651
969.59	87.506
969.76	79.121
969.92	82.706
970.09	87.636
970.26	88.109
970.42	85.939
970.59	83.770
970.76	86.205
970.92	87.162
971.09	85.396
971.26	89.180
971.42	89.209
971.59	82.806
971.76	86.603
971.92	90.965
972.09	85.211
972.25	88.562
972.42	90.895
972.59	83.504
972.75	87.624
972.92	92.177
973.09	80.928
973.25	84.888
973.42	85.770
973.58	85.214
973.75	88.804
973.92	85.329
974.08	89.364
974.25	88.275
974.42	87.264
974.58	78.722
974.75	82.353
974.91	89.591
975.08	86.628
975.25	83.897
975.41	83.729
975.58	86.642
975.74	92.470
975.91	88.491
976.08	88.424
976.24	88.491
976.41	84.016
976.57	84.173
976.74	88.611
976.91	89.740
977.07	86.302
977.24	88.303
977.40	84.663
977.57	82.586
977.73	82.613
977.90	84.583
978.07	82.247
978.23	84.349
978.40	93.730
978.56	88.527
978.73	84.879
978.89	85.639
979.06	86.315
979.22	96.451
979.39	86.050
979.56	86.030
979.72	87.725
979.89	86.928
980.05	84.534
980.22	89.112
980.38	85.927
980.55	86.592
980.71	83.902
980.88	88.336
981.04	90.139
981.21	81.139
981.37	92.264
981.54	86.577
981.70	88.109
981.87	84.997
982.04	87.102
982.20	91.738
982.37	87.550
982.53	83.160
982.70	90.062
982.86	83.832
983.03	85.202
983.19	83.820
983.36	88.252
983.52	85.965
983.69	87.930
983.85	94.788
984.02	85.795
984.18	86.343
984.35	88.384
984.51	90.109
984.68	87.340
984.84	88.032
985.00	86.777
985.17	86.717
985.33	87.982
985.50	76.057
985.66	79.543
985.83	86.155
985.99	85.969
986.16	93.506
986.32	94.906
986.49	81.558
986.65	92.801
986.82	85.939
986.98	78.927
987.15	85.936
987.31	83.688
987.47	92.268
987.64	84.194
987.80	90.823
987.97	77.270
988.13	84.047
988.30	89.582
988.46	88.092
988.63	83.705
988.79	83.058
988.95	73.451
989.12	91.645
989.28	82.650
989.45	90.631
989.61	83.962
989.77	90.493
989.94	86.205
990.10	83.555
990.27	82.995
990.43	83.391
990.60	85.372
990.76	86.072
990.92	98.154
991.09	91.794
991.25	88.261
991.42	89.077
991.58	83.596
991.74	85.188
991.91	91.423
992.07	83.794
992.24	89.234
992.40	82.609
992.56	89.200
992.73	88.208
992.89	85.755
993.05	80.208
993.22	86.284
993.38	96.426
993.55	76.393
993.71	89.636
993.87	93.101
994.04	87.852
994.20	87.994
994.36	87.605
994.53	74.947
994.69	91.622
994.85	87.747
995.02	101.612
995.18	84.949
995.34	93.109
995.51	75.867
995.67	86.438
995.84	85.772
996.00	91.883
996.16	94.896
996.33	93.642
996.49	86.472
996.65	82.557
996.82	86.500
996.98	89.708
997.14	100.241
997.31	87.126
997.47	83.967
997.63	84.301
997.79	84.375
997.96	100.327
998.12	92.535
998.28	96.296
998.45	86.380
998.61	85.925
998.77	91.994
998.94	90.300
999.10	85.137
999.26	91.651
999.43	92.004
999.59	94.283
999.75	88.889
999.91	86.010
1000.08	91.280
1000.24	92.724
1000.40	101.931
1000.57	85.789
1000.73	90.291
1000.89	95.064
1001.05	84.838
1001.22	85.232
1001.38	88.619
1001.54	88.715
1001.70	92.004
1001.87	89.962
1002.03	82.645
1002.19	91.336
1002.35	90.533
1002.52	80.908
1002.68	82.484
1002.84	85.217
1003.00	88.815
1003.17	89.968
1003.33	86.014
1003.49	89.607
1003.65	86.492
1003.82	81.155
1003.98	87.155
1004.14	102.512
1004.30	105.446
1004.47	95.536
1004.63	85.406
1004.79	92.285
1004.95	83.557
1005.11	85.547
1005.28	92.200
1005.44	76.625
1005.60	96.192
1005.76	91.164
1005.93	85.552
1006.09	90.020
1006.25	83.655
1006.41	83.317
1006.57	96.603
1006.74	94.881
1006.90	78.723
1007.06	98.195
1007.22	81.878
1007.38	89.064
1007.55	88.404
1007.71	92.820
1007.87	79.843
1008.03	96.442
1008.19	84.884
1008.35	100.000
1008.52	71.654
1008.68	65.227
1008.84	77.629
1009.00	77.301
1009.16	90.835
1009.32	91.348
1009.49	94.800
1009.65	86.587
1009.81	80.899
1009.97	100.913
1010.13	94.323
1010.29	80.899
1010.46	89.570
1010.62	95.455
1010.78	81.828
1010.94	88.437
1011.10	80.000
1011.26	95.994
1011.42	85.733
1011.59	96.925
1011.75	99.575
1011.91	92.252
1012.07	79.910
1012.23	83.123
1012.39	107.102
1012.55	76.923
1012.71	96.000
1012.88	105.890
1013.04	106.486
1013.20	81.994
1013.36	95.851
1013.52	90.621
1013.68	82.477
1013.84	92.912
1014.00	90.169
1014.16	93.733
1014.33	85.680
1014.49	86.604
1014.65	92.500
1014.81	89.793
1014.97	104.154
1015.13	92.181
1015.29	82.731
1015.45	88.344
1015.61	91.858
1015.77	90.923
1015.93	78.736
1016.09	92.232
1016.26	102.812
1016.42	75.403
1016.58	103.988
1016.74	80.993
1016.90	94.578
1017.06	91.037
1017.22	94.380
1017.38	78.179
1017.54	106.579
1017.70	95.593
1017.86	83.092
1018.02	105.291
1018.18	97.431
1018.34	91.186
1018.50	97.758
1018.66	112.795
1018.82	80.715
1018.98	99.701
1019.14	77.713
1019.31	94.403
1019.47	81.250
1019.63	90.989
1019.79	99.608
1019.95	100.825
1020.11	92.070
1020.27	95.337
1020.43	100.354
1020.59	99.430
1020.75	84.512
1020.91	95.766
1021.07	87.091
1021.23	84.943
1021.39	105.081
1021.55	90.802
1021.71	93.682
1021.87	127.040
1022.03	88.719
1022.19	113.178
1022.35	87.906
1022.51	91.088
1022.67	105.169
1022.83	113.774
1022.99	102.946
1023.15	84.762
1023.31	80.392
1023.47	92.742
1023.63	106.190
1023.79	93.333
1023.95	95.353
1024.10	79.600
1024.26	105.543
1024.42	116.594
1024.58	109.427
1024.74	106.008
1024.90	96.421
1025.06	74.317
1025.22	114.135
1025.38	85.299
1025.54	89.980
1025.70	95.465
1025.86	94.921
1026.02	64.956
1026.18	117.241
1026.34	97.479
1026.50	110.280
1026.66	94.406
1026.82	79.555
1026.98	93.407
1027.13	85.158
1027.29	93.716
1027.45	90.414
1027.61	74.844
1027.77	86.104
1027.93	80.154
1028.09	82.207
1028.25	115.213
1028.41	113.986
1028.57	98.589
1028.73	75.732
1028.88	88.362
1029.04	82.571
1029.20	86.190
1029.36	66.444
1029.52	80.538
1029.68	106.725
1029.84	86.957
1030.00	120.388
1030.16	100.531
1030.32	82.553
1030.47	91.000
1030.63	94.660
1030.79	109.774
1030.95	88.152
1031.11	74.239
1031.27	86.223
1031.43	86.134
1031.59	118.026
1031.74	89.567
1031.90	88.427
1032.06	103.625
1032.22	73.913
1032.38	93.801
1032.54	54.433
1032.69	96.636
1032.85	101.170
1033.01	116.146
1033.17	110.695
1033.33	101.869
1033.49	86.076
1033.65	105.012
1033.80	109.325
1033.96	92.905
1034.12	91.171
1034.28	96.875
1034.44	103.306
1034.60	125.464
1034.75	127.363
1034.91	98.551
1035.07	89.222
1035.23	91.892
1035.39	126.087
1035.54	99.373
1035.70	79.412
1035.86	94.964
1036.02	85.714
1036.18	85.024
1036.33	127.513
1036.49	137.288
1036.65	104.314
1036.81	70.724
1036.97	87.908
1037.12	95.153
1037.28	92.994
1037.44	120.833
1037.60	109.302
1037.76	74.384
1037.91	84.941
1038.07	92.935
1038.23	108.571
1038.39	75.676
1038.54	87.449
1038.70	111.607
1038.86	123.109
1039.02	83.621
1039.17	90.625
1039.33	104.720
1039.49	76.923
1039.65	63.810
1039.80	79.048
1039.96	139.506
1040.12	97.173
1040.28	132.328
>>>>> Data<<<<< Espectral Procesado Extremo
