Fichero De Datos De SpectraSuite
++++++++++++++++++++++++++++++++++++
Fecha: Wed Jul 15 09:18:22 CST 2026
Usuario: HP
Presente Oscuro Del Espectro: Sí
La Referencia de Presente Del Espectro De: Sí
Muestreados de los componentes de Número de espectros: 1
Espectrómetros: USB4H06056
Tiempo de integración (usec): 300000 (USB4H06056)
Promedio de Espectros Hechos un: 5 (USB4H06056)
El Alisar Del Furgón: 0 (USB4H06056)
Párrafo de de Corregir del la del del de Eléctrica del obscuridad: No (USB4H06056)
Estrobo/Lámpara Permitido: No (USB4H06056)
Correct for Detector Non-linearity: No (USB4H06056)
Párrafo de de Corregir del la del del de Externa del luz: No (USB4H06056)
Procesado del espectro de Número de pixeles en: 3648
>>>>> Comienza Data<<<<< Espectral Procesado Del EL
345.09	-740.000
345.30	-740.000
345.52	-740.000
345.74	119.277
345.95	32.353
346.17	68.421
346.39	-172.414
346.60	107.246
346.82	-13.158
347.04	-336.364
347.25	-175.000
347.47	925.000
347.69	291.111
347.90	-48.148
348.12	6300.000
348.34	14.286
348.56	18.750
348.77	-68.000
348.99	19.328
349.21	79.137
349.42	64.000
349.64	100.000
349.86	-3.922
350.07	56.034
350.29	67.897
350.51	26.000
350.72	47.059
350.94	14.444
351.16	87.629
351.37	52.695
351.59	85.207
351.81	71.765
352.02	37.736
352.24	65.359
352.46	88.276
352.67	-12.698
352.89	52.899
353.10	70.238
353.32	25.543
353.54	68.276
353.75	25.806
353.97	-56.667
354.19	72.105
354.40	87.452
354.62	98.261
354.84	58.182
355.05	33.178
355.27	106.061
355.49	51.034
355.70	36.792
355.92	31.858
356.14	57.542
356.35	27.211
356.57	914.286
356.78	20.000
357.00	12.613
357.22	155.814
357.43	18.018
357.65	25.287
357.87	29.412
358.08	207.273
358.30	43.396
358.51	51.852
358.73	64.085
358.95	53.333
359.16	72.611
359.38	40.506
359.60	67.516
359.81	53.846
360.03	1.762
360.24	36.680
360.46	46.479
360.68	-78.182
360.89	93.802
361.11	82.909
361.33	76.389
361.54	49.206
361.76	78.261
361.97	48.276
362.19	78.857
362.41	49.383
362.62	10.825
362.84	103.937
363.05	95.977
363.27	63.910
363.49	41.485
363.70	113.178
363.92	52.717
364.13	88.889
364.35	99.213
364.57	161.856
364.78	75.879
365.00	22.727
365.21	55.280
365.43	97.391
365.65	55.794
365.86	34.896
366.08	50.840
366.29	76.389
366.51	66.820
366.73	83.838
366.94	56.989
367.16	-41.593
367.37	48.765
367.59	60.079
367.80	34.862
368.02	74.809
368.24	90.155
368.45	28.846
368.67	62.295
368.88	69.955
369.10	72.000
369.31	87.919
369.53	47.945
369.75	82.609
369.96	57.297
370.18	110.843
370.39	36.818
370.61	38.021
370.82	91.597
371.04	-9.333
371.26	64.844
371.47	58.271
371.69	84.962
371.90	61.111
372.12	107.692
372.33	33.014
372.55	79.848
372.76	113.514
372.98	3.191
373.20	54.895
373.41	34.343
373.63	64.935
373.84	62.705
374.06	-18.954
374.27	41.401
374.49	66.667
374.70	29.885
374.92	61.250
375.13	74.561
375.35	38.562
375.57	51.087
375.78	25.600
376.00	40.252
376.21	67.949
376.43	42.742
376.64	74.061
376.86	57.051
377.07	40.351
377.29	-92.857
377.50	44.611
377.72	46.774
377.93	17.727
378.15	-13.194
378.36	70.423
378.58	92.486
378.80	89.956
379.01	35.714
379.23	-22.222
379.44	-16.154
379.66	69.649
379.87	59.008
380.09	43.197
380.30	18.947
380.52	29.778
380.73	49.194
380.95	27.149
381.16	45.238
381.38	55.870
381.59	65.815
381.81	82.353
382.02	83.756
382.24	61.979
382.45	77.391
382.67	11.047
382.88	27.341
383.10	57.143
383.31	77.465
383.53	75.163
383.74	12.409
383.96	71.875
384.17	66.032
384.39	50.153
384.60	18.085
384.82	23.048
385.03	25.359
385.25	67.241
385.46	41.951
385.68	59.444
385.89	53.352
386.11	57.544
386.32	49.135
386.54	31.925
386.75	1.674
386.97	58.612
387.18	64.841
387.40	65.635
387.61	67.733
387.83	44.053
388.04	48.628
388.25	25.723
388.47	36.061
388.68	33.449
388.90	66.987
389.11	61.404
389.33	32.229
389.54	58.005
389.76	56.962
389.97	55.107
390.19	5.316
390.40	26.733
390.62	69.784
390.83	30.447
391.05	34.685
391.26	46.809
391.47	30.189
391.69	68.750
391.90	46.818
392.12	30.971
392.33	55.172
392.55	55.189
392.76	23.724
392.98	34.528
393.19	36.104
393.41	48.980
393.62	46.875
393.83	53.407
394.05	61.905
394.26	53.988
394.48	-36.889
394.69	55.714
394.91	36.691
395.12	50.363
395.34	50.137
395.55	47.242
395.76	39.203
395.98	60.039
396.19	50.192
396.41	66.507
396.62	32.886
396.84	40.426
397.05	21.912
397.26	39.286
397.48	56.659
397.69	39.403
397.91	26.719
398.12	42.911
398.33	32.957
398.55	39.208
398.76	43.305
398.98	37.709
399.19	41.393
399.41	51.004
399.62	40.422
399.83	42.880
400.05	45.714
400.26	49.832
400.48	49.918
400.69	37.372
400.90	54.259
401.12	36.189
401.33	28.022
401.55	29.395
401.76	40.472
401.97	24.903
402.19	29.919
402.40	29.374
402.62	30.720
402.83	38.356
403.04	34.791
403.26	41.623
403.47	54.545
403.69	39.486
403.90	23.314
404.11	25.879
404.33	27.233
404.54	42.045
404.76	24.885
404.97	46.209
405.18	43.548
405.40	43.478
405.61	27.099
405.83	27.830
406.04	26.190
406.25	39.761
406.47	37.821
406.68	36.121
406.89	25.483
407.11	47.237
407.32	20.364
407.54	30.148
407.75	30.769
407.96	21.687
408.18	32.752
408.39	34.562
408.60	30.124
408.82	41.032
409.03	41.860
409.24	20.000
409.46	40.400
409.67	22.197
409.89	24.415
410.10	22.791
410.31	33.528
410.53	25.163
410.74	29.237
410.95	34.946
411.17	30.677
411.38	31.598
411.59	28.655
411.81	30.146
412.02	25.944
412.23	27.063
412.45	32.860
412.66	24.953
412.87	28.981
413.09	30.502
413.30	26.735
413.51	26.979
413.73	26.349
413.94	28.130
414.15	23.672
414.37	22.508
414.58	26.588
414.79	30.792
415.01	20.014
415.22	23.287
415.43	17.118
415.65	21.170
415.86	20.933
416.07	18.993
416.29	16.042
416.50	21.690
416.71	15.601
416.93	18.999
417.14	15.061
417.35	16.523
417.57	14.614
417.78	21.326
417.99	26.076
418.21	17.104
418.42	19.705
418.63	22.102
418.85	55.868
419.06	19.263
419.27	18.821
419.48	16.968
419.70	14.968
419.91	16.735
420.12	17.181
420.34	12.992
420.55	15.467
420.76	14.960
420.98	14.131
421.19	16.371
421.40	14.065
421.61	13.388
421.83	10.522
422.04	16.537
422.25	15.462
422.47	14.414
422.68	14.494
422.89	17.880
423.11	17.037
423.32	14.254
423.53	13.103
423.74	12.352
423.96	12.929
424.17	13.023
424.38	15.619
424.59	14.033
424.81	11.446
425.02	12.014
425.23	13.291
425.45	10.415
425.66	14.473
425.87	12.795
426.08	9.862
426.30	13.471
426.51	12.725
426.72	11.997
426.93	12.912
427.15	11.419
427.36	11.728
427.57	12.925
427.79	12.366
428.00	10.293
428.21	15.191
428.42	10.111
428.64	8.251
428.85	11.084
429.06	9.165
429.27	13.134
429.49	8.317
429.70	13.351
429.91	14.465
430.12	11.924
430.34	11.248
430.55	10.619
430.76	12.293
430.97	10.060
431.19	9.042
431.40	10.944
431.61	8.248
431.82	12.689
432.03	9.360
432.25	10.460
432.46	11.929
432.67	10.381
432.88	12.724
433.10	8.066
433.31	9.844
433.52	9.065
433.73	11.437
433.95	9.102
434.16	11.267
434.37	10.400
434.58	8.628
434.79	10.340
435.01	11.053
435.22	10.282
435.43	9.814
435.64	9.324
435.86	12.720
436.07	9.989
436.28	10.276
436.49	10.797
436.70	10.526
436.92	9.863
437.13	10.759
437.34	8.476
437.55	9.861
437.76	9.624
437.98	10.833
438.19	10.317
438.40	9.042
438.61	10.003
438.82	8.827
439.04	10.420
439.25	10.920
439.46	10.614
439.67	8.827
439.88	10.123
440.10	11.317
440.31	10.044
440.52	10.462
440.73	8.848
440.94	9.271
441.16	10.077
441.37	10.878
441.58	9.336
441.79	10.826
442.00	9.657
442.21	9.122
442.43	11.342
442.64	10.660
442.85	8.873
443.06	10.098
443.27	9.320
443.48	10.731
443.70	9.633
443.91	10.371
444.12	10.014
444.33	9.933
444.54	9.927
444.75	10.612
444.97	8.416
445.18	10.833
445.39	10.478
445.60	9.946
445.81	10.874
446.02	9.663
446.24	9.965
446.45	9.697
446.66	9.147
446.87	10.337
447.08	10.399
447.29	8.424
447.51	9.894
447.72	10.090
447.93	8.538
448.14	10.337
448.35	9.377
448.56	9.256
448.77	8.249
448.99	8.912
449.20	9.431
449.41	9.305
449.62	10.453
449.83	9.950
450.04	9.489
450.25	9.579
450.46	8.880
450.68	10.053
450.89	9.787
451.10	10.660
451.31	9.447
451.52	9.459
451.73	8.976
451.94	10.124
452.15	10.954
452.37	9.663
452.58	9.465
452.79	10.389
453.00	9.601
453.21	10.498
453.42	10.430
453.63	9.395
453.84	10.335
454.06	9.734
454.27	9.336
454.48	10.653
454.69	9.698
454.90	10.058
455.11	9.304
455.32	10.908
455.53	11.693
455.74	8.757
455.95	9.983
456.17	10.067
456.38	9.545
456.59	8.955
456.80	9.257
457.01	9.596
457.22	10.247
457.43	8.979
457.64	10.144
457.85	10.305
458.06	9.975
458.27	10.814
458.49	11.284
458.70	9.968
458.91	9.146
459.12	9.945
459.33	11.047
459.54	10.122
459.75	9.308
459.96	10.803
460.17	10.586
460.38	9.933
460.59	9.998
460.80	10.142
461.01	9.467
461.23	10.551
461.44	10.724
461.65	10.520
461.86	11.365
462.07	10.967
462.28	11.019
462.49	10.659
462.70	9.365
462.91	9.957
463.12	10.095
463.33	9.470
463.54	10.828
463.75	9.564
463.96	10.665
464.17	10.486
464.38	9.745
464.59	10.051
464.81	9.512
465.02	9.710
465.23	9.917
465.44	10.031
465.65	10.180
465.86	9.867
466.07	9.934
466.28	9.924
466.49	10.499
466.70	10.381
466.91	11.040
467.12	9.663
467.33	10.479
467.54	10.381
467.75	11.081
467.96	9.804
468.17	9.643
468.38	10.153
468.59	10.650
468.80	10.665
469.01	10.043
469.22	10.489
469.43	10.037
469.64	10.114
469.85	10.052
470.06	9.285
470.27	10.415
470.48	10.235
470.69	9.984
470.90	10.341
471.11	10.538
471.32	10.820
471.53	10.760
471.74	11.161
471.95	9.798
472.16	11.079
472.37	10.278
472.58	11.190
472.79	9.676
473.00	10.788
473.21	10.642
473.42	10.758
473.63	9.497
473.84	9.482
474.05	10.045
474.26	10.205
474.47	10.755
474.68	9.675
474.89	9.919
475.10	10.117
475.31	10.438
475.52	9.577
475.73	11.391
475.94	10.407
476.15	9.724
476.36	10.496
476.57	10.444
476.78	9.685
476.99	10.122
477.20	9.954
477.41	10.386
477.62	10.521
477.83	10.554
478.04	9.960
478.25	10.008
478.46	10.280
478.67	10.495
478.88	10.472
479.09	9.975
479.30	10.221
479.51	10.158
479.72	10.209
479.93	10.862
480.14	10.301
480.35	10.454
480.56	10.188
480.77	10.091
480.98	10.410
481.18	10.448
481.39	10.642
481.60	9.384
481.81	10.276
482.02	10.507
482.23	10.455
482.44	9.867
482.65	9.881
482.86	10.491
483.07	10.333
483.28	10.224
483.49	10.653
483.70	11.229
483.91	10.873
484.12	10.602
484.33	10.455
484.53	10.379
484.74	10.066
484.95	10.123
485.16	10.404
485.37	10.477
485.58	10.588
485.79	10.021
486.00	9.984
486.21	10.201
486.42	10.132
486.63	11.001
486.84	10.559
487.05	10.217
487.25	10.217
487.46	10.259
487.67	10.830
487.88	10.419
488.09	10.459
488.30	10.750
488.51	14.509
488.72	10.640
488.93	10.795
489.14	10.162
489.35	10.838
489.55	10.446
489.76	10.377
489.97	10.166
490.18	10.705
490.39	10.730
490.60	10.529
490.81	10.699
491.02	10.593
491.23	10.964
491.43	10.874
491.64	10.575
491.85	10.852
492.06	10.692
492.27	10.770
492.48	10.761
492.69	10.862
492.90	10.337
493.11	10.594
493.31	10.709
493.52	10.649
493.73	10.552
493.94	10.542
494.15	10.498
494.36	10.647
494.57	10.467
494.78	11.151
494.98	10.595
495.19	10.649
495.40	10.397
495.61	10.955
495.82	11.147
496.03	10.951
496.24	10.843
496.44	10.579
496.65	10.877
496.86	11.137
497.07	10.634
497.28	11.060
497.49	10.696
497.70	10.973
497.90	11.159
498.11	11.119
498.32	11.054
498.53	10.792
498.74	11.198
498.95	11.137
499.15	11.819
499.36	11.622
499.57	11.109
499.78	10.973
499.99	11.416
500.20	11.139
500.40	11.209
500.61	11.475
500.82	10.925
501.03	11.180
501.24	11.332
501.45	10.996
501.65	11.612
501.86	11.458
502.07	11.561
502.28	11.422
502.49	11.760
502.70	11.528
502.90	11.558
503.11	11.654
503.32	12.122
503.53	11.674
503.74	11.879
503.94	12.031
504.15	12.088
504.36	11.985
504.57	12.341
504.78	12.298
504.98	12.206
505.19	12.196
505.40	12.343
505.61	12.561
505.82	12.451
506.02	12.645
506.23	12.588
506.44	12.041
506.65	12.388
506.86	12.890
507.06	12.570
507.27	12.521
507.48	12.984
507.69	12.697
507.90	12.937
508.10	12.631
508.31	13.094
508.52	13.079
508.73	13.034
508.94	12.970
509.14	13.450
509.35	12.850
509.56	13.298
509.77	13.395
509.97	13.744
510.18	13.863
510.39	13.603
510.60	13.744
510.80	13.872
511.01	13.653
511.22	13.852
511.43	14.056
511.64	13.721
511.84	13.845
512.05	14.538
512.26	14.173
512.47	14.275
512.67	14.785
512.88	14.493
513.09	14.881
513.30	14.867
513.50	14.799
513.71	15.025
513.92	14.864
514.13	14.927
514.33	14.770
514.54	15.068
514.75	14.947
514.96	15.289
515.16	15.259
515.37	15.969
515.58	15.910
515.78	15.898
515.99	16.187
516.20	16.088
516.41	15.959
516.61	16.094
516.82	15.901
517.03	16.352
517.24	16.337
517.44	16.624
517.65	16.789
517.86	16.907
518.07	16.978
518.27	17.054
518.48	17.096
518.69	17.105
518.89	17.465
519.10	17.393
519.31	17.797
519.52	17.534
519.72	18.198
519.93	17.705
520.14	18.316
520.34	17.832
520.55	18.209
520.76	17.711
520.96	18.723
521.17	18.726
521.38	18.786
521.59	17.990
521.79	18.592
522.00	18.932
522.21	19.528
522.41	19.330
522.62	19.474
522.83	19.430
523.03	19.838
523.24	20.003
523.45	20.094
523.66	20.156
523.86	19.880
524.07	20.338
524.28	20.360
524.48	20.578
524.69	20.955
524.90	20.863
525.10	20.746
525.31	20.802
525.52	21.018
525.72	21.221
525.93	21.355
526.14	21.503
526.34	21.658
526.55	21.718
526.76	21.871
526.96	21.781
527.17	22.062
527.38	21.696
527.58	22.249
527.79	22.280
528.00	22.372
528.20	22.458
528.41	22.768
528.62	22.573
528.82	22.655
529.03	22.773
529.24	23.021
529.44	23.266
529.65	22.962
529.85	23.496
530.06	23.415
530.27	23.228
530.47	23.581
530.68	23.408
530.89	24.120
531.09	23.636
531.30	23.976
531.51	24.093
531.71	24.353
531.92	24.016
532.13	24.540
532.33	24.466
532.54	24.283
532.74	24.395
532.95	24.344
533.16	24.489
533.36	24.451
533.57	25.099
533.78	24.967
533.98	24.863
534.19	24.672
534.39	25.074
534.60	25.371
534.81	25.192
535.01	25.538
535.22	25.308
535.42	25.630
535.63	25.603
535.84	25.755
536.04	25.407
536.25	25.890
536.45	25.842
536.66	25.891
536.87	25.851
537.07	25.985
537.28	26.181
537.48	25.932
537.69	26.337
537.90	26.397
538.10	26.031
538.31	26.275
538.51	26.389
538.72	26.672
538.93	26.468
539.13	26.516
539.34	26.615
539.54	26.857
539.75	26.849
539.96	26.765
540.16	26.807
540.37	26.766
540.57	26.877
540.78	26.892
540.98	26.708
541.19	27.230
541.40	26.971
541.60	27.285
541.81	27.110
542.01	27.433
542.22	27.113
542.42	27.319
542.63	27.264
542.83	27.192
543.04	27.628
543.25	27.559
543.45	27.568
543.66	27.785
543.86	27.885
544.07	27.793
544.27	27.582
544.48	27.741
544.68	27.648
544.89	27.690
545.10	27.930
545.30	27.963
545.51	28.268
545.71	27.751
545.92	28.420
546.12	28.161
546.33	28.425
546.53	28.301
546.74	28.276
546.94	28.236
547.15	28.390
547.36	28.420
547.56	28.248
547.77	28.556
547.97	28.734
548.18	28.496
548.38	28.623
548.59	28.604
548.79	28.825
549.00	28.538
549.20	28.646
549.41	29.030
549.61	29.143
549.82	28.910
550.02	28.998
550.23	29.091
550.43	29.078
550.64	29.234
550.84	29.186
551.05	29.158
551.25	29.358
551.46	29.289
551.66	29.303
551.87	29.160
552.07	29.521
552.28	29.634
552.48	29.434
552.69	29.771
552.89	29.559
553.10	29.732
553.30	29.725
553.51	29.813
553.71	29.603
553.92	29.772
554.12	30.023
554.33	30.492
554.53	29.678
554.74	29.855
554.94	30.156
555.15	30.400
555.35	30.405
555.56	30.098
555.76	30.468
555.97	30.641
556.17	30.420
556.38	30.234
556.58	30.701
556.78	30.455
556.99	30.637
557.19	30.545
557.40	30.808
557.60	30.441
557.81	30.412
558.01	30.607
558.22	30.663
558.42	30.768
558.63	30.916
558.83	31.045
559.04	30.808
559.24	30.842
559.44	31.087
559.65	31.304
559.85	30.854
560.06	31.109
560.26	30.990
560.47	31.123
560.67	30.298
560.88	31.149
561.08	31.326
561.28	31.381
561.49	31.019
561.69	31.107
561.90	31.256
562.10	31.353
562.31	31.325
562.51	31.551
562.71	31.175
562.92	31.212
563.12	31.026
563.33	31.066
563.53	31.390
563.74	31.199
563.94	31.528
564.14	31.242
564.35	31.399
564.55	31.030
564.76	31.237
564.96	31.400
565.17	31.353
565.37	31.369
565.57	31.488
565.78	31.126
565.98	31.149
566.19	31.161
566.39	31.142
566.59	31.379
566.80	31.115
567.00	30.995
567.21	31.287
567.41	31.512
567.61	31.202
567.82	31.305
568.02	31.246
568.23	31.145
568.43	30.852
568.63	31.348
568.84	31.137
569.04	31.378
569.24	31.253
569.45	30.940
569.65	31.306
569.86	31.195
570.06	31.090
570.26	31.031
570.47	31.002
570.67	31.238
570.87	31.036
571.08	30.937
571.28	30.923
571.49	31.265
571.69	30.894
571.89	31.289
572.10	30.703
572.30	30.644
572.50	30.864
572.71	30.373
572.91	30.892
573.11	30.508
573.32	30.680
573.52	30.460
573.73	30.638
573.93	30.623
574.13	30.258
574.34	30.266
574.54	30.143
574.74	30.351
574.95	30.642
575.15	30.440
575.35	29.852
575.56	30.183
575.76	30.149
575.96	30.276
576.17	29.829
576.37	29.984
576.57	29.784
576.78	30.050
576.98	30.074
577.18	29.901
577.39	29.775
577.59	29.283
577.79	29.378
578.00	29.699
578.20	29.799
578.40	29.511
578.61	29.520
578.81	29.551
579.01	29.233
579.22	29.513
579.42	28.962
579.62	29.116
579.82	29.265
580.03	29.367
580.23	29.169
580.43	28.953
580.64	29.045
580.84	29.328
581.04	28.897
581.25	28.908
581.45	28.791
581.65	28.707
581.86	28.819
582.06	28.801
582.26	28.542
582.46	28.119
582.67	28.521
582.87	28.522
583.07	28.668
583.28	28.650
583.48	28.457
583.68	28.498
583.88	28.348
584.09	28.532
584.29	28.414
584.49	28.407
584.70	28.362
584.90	28.402
585.10	28.119
585.30	28.390
585.51	28.203
585.71	28.174
585.91	28.222
586.11	28.087
586.32	28.173
586.52	28.102
586.72	27.954
586.92	28.072
587.13	27.941
587.33	27.854
587.53	27.995
587.74	28.118
587.94	27.786
588.14	27.625
588.34	28.035
588.55	27.793
588.75	27.764
588.95	27.406
589.15	27.800
589.36	27.691
589.56	27.626
589.76	27.660
589.96	27.648
590.16	27.615
590.37	27.517
590.57	27.584
590.77	27.494
590.97	27.479
591.18	27.388
591.38	27.710
591.58	28.386
591.78	27.277
591.99	27.152
592.19	27.430
592.39	27.071
592.59	27.372
592.79	27.429
593.00	27.179
593.20	27.582
593.40	27.355
593.60	27.244
593.81	27.370
594.01	27.303
594.21	27.294
594.41	27.373
594.61	27.121
594.82	27.035
595.02	27.238
595.22	27.432
595.42	27.190
595.62	27.195
595.83	27.193
596.03	27.305
596.23	27.036
596.43	27.077
596.63	27.025
596.84	27.262
597.04	27.153
597.24	26.937
597.44	27.237
597.64	27.263
597.84	26.971
598.05	26.989
598.25	26.975
598.45	27.168
598.65	26.964
598.85	27.161
599.06	26.892
599.26	26.968
599.46	26.957
599.66	27.010
599.86	26.804
600.06	27.188
600.27	26.979
600.47	27.039
600.67	26.970
600.87	26.645
601.07	26.650
601.27	26.864
601.48	26.976
601.68	27.034
601.88	26.437
602.08	26.648
602.28	26.722
602.48	27.142
602.68	26.886
602.89	26.610
603.09	26.744
603.29	26.900
603.49	26.840
603.69	26.552
603.89	26.751
604.09	26.598
604.30	26.928
604.50	26.553
604.70	26.491
604.90	26.804
605.10	26.550
605.30	26.876
605.50	26.191
605.71	26.754
605.91	26.815
606.11	26.720
606.31	26.285
606.51	26.619
606.71	26.476
606.91	26.165
607.11	26.574
607.32	26.266
607.52	26.582
607.72	26.436
607.92	26.465
608.12	26.630
608.32	26.293
608.52	26.295
608.72	26.484
608.92	26.564
609.12	26.470
609.33	26.248
609.53	26.200
609.73	26.348
609.93	25.908
610.13	26.048
610.33	26.239
610.53	26.044
610.73	26.097
610.93	26.067
611.13	25.749
611.34	25.960
611.54	25.926
611.74	26.079
611.94	25.955
612.14	25.793
612.34	25.793
612.54	25.668
612.74	25.731
612.94	25.820
613.14	25.574
613.34	25.550
613.54	25.700
613.74	25.548
613.95	25.698
614.15	25.416
614.35	25.620
614.55	25.954
614.75	25.359
614.95	25.587
615.15	25.406
615.35	25.239
615.55	25.550
615.75	25.464
615.95	25.277
616.15	25.219
616.35	25.272
616.55	25.251
616.75	25.187
616.95	25.179
617.15	25.180
617.35	25.314
617.56	24.902
617.76	24.905
617.96	25.060
618.16	24.931
618.36	24.880
618.56	25.082
618.76	24.989
618.96	24.720
619.16	24.864
619.36	24.873
619.56	24.678
619.76	24.888
619.96	24.808
620.16	24.548
620.36	24.590
620.56	24.700
620.76	24.642
620.96	24.517
621.16	24.559
621.36	24.452
621.56	24.387
621.76	24.545
621.96	24.442
622.16	24.574
622.36	24.561
622.56	24.385
622.76	24.292
622.96	24.305
623.16	24.200
623.36	24.020
623.56	24.274
623.76	24.074
623.96	24.313
624.16	24.322
624.36	24.248
624.56	24.021
624.76	24.271
624.96	24.034
625.16	23.978
625.36	24.142
625.56	24.185
625.76	24.192
625.96	24.272
626.16	24.043
626.36	23.914
626.56	24.310
626.76	23.989
626.96	24.036
627.16	24.212
627.36	23.903
627.56	24.183
627.76	23.894
627.96	23.938
628.16	24.116
628.36	24.051
628.56	23.998
628.75	24.074
628.95	24.080
629.15	23.637
629.35	24.006
629.55	23.827
629.75	24.031
629.95	24.127
630.15	23.945
630.35	23.917
630.55	23.943
630.75	24.032
630.95	24.044
631.15	23.941
631.35	24.131
631.55	23.914
631.75	23.848
631.95	24.263
632.15	23.974
632.34	24.048
632.54	23.889
632.74	24.024
632.94	24.415
633.14	24.033
633.34	24.139
633.54	23.993
633.74	23.832
633.94	23.819
634.14	24.092
634.34	23.849
634.54	23.980
634.74	23.916
634.93	23.942
635.13	23.813
635.33	24.028
635.53	23.964
635.73	23.882
635.93	24.025
636.13	23.864
636.33	23.793
636.53	23.907
636.73	23.861
636.93	23.801
637.12	24.053
637.32	23.710
637.52	23.733
637.72	23.864
637.92	23.945
638.12	23.821
638.32	23.733
638.52	23.634
638.72	23.615
638.91	23.502
639.11	23.601
639.31	23.312
639.51	23.234
639.71	23.205
639.91	23.433
640.11	23.048
640.31	23.170
640.50	22.945
640.70	23.006
640.90	22.762
641.10	22.791
641.30	22.712
641.50	22.736
641.70	22.850
641.89	22.409
642.09	22.457
642.29	22.648
642.49	22.323
642.69	22.349
642.89	22.122
643.09	22.082
643.28	22.018
643.48	21.933
643.68	21.929
643.88	21.847
644.08	21.525
644.28	21.523
644.48	21.338
644.67	21.259
644.87	21.250
645.07	21.222
645.27	21.082
645.47	21.082
645.67	21.135
645.86	20.922
646.06	20.761
646.26	20.779
646.46	20.943
646.66	20.645
646.85	20.489
647.05	20.550
647.25	20.289
647.45	20.318
647.65	20.110
647.85	19.902
648.04	19.852
648.24	19.942
648.44	19.780
648.64	19.701
648.84	19.557
649.03	19.373
649.23	19.252
649.43	19.337
649.63	19.207
649.83	19.191
650.02	18.921
650.22	19.080
650.42	18.860
650.62	18.815
650.82	18.720
651.01	18.546
651.21	18.357
651.41	18.620
651.61	18.439
651.81	18.574
652.00	18.282
652.20	18.188
652.40	18.285
652.60	17.994
652.79	18.255
652.99	18.055
653.19	18.147
653.39	18.140
653.59	18.040
653.78	17.948
653.98	17.893
654.18	17.958
654.38	17.872
654.57	17.631
654.77	17.735
654.97	17.560
655.17	17.552
655.36	17.698
655.56	17.738
655.76	17.436
655.96	17.355
656.15	17.519
656.35	17.359
656.55	17.724
656.75	17.368
656.94	17.436
657.14	17.442
657.34	17.221
657.54	17.250
657.73	17.224
657.93	17.419
658.13	17.198
658.33	17.238
658.52	17.184
658.72	17.297
658.92	17.050
659.11	17.168
659.31	17.176
659.51	16.880
659.71	16.861
659.90	16.842
660.10	16.613
660.30	16.782
660.50	16.376
660.69	16.616
660.89	16.465
661.09	16.653
661.28	16.568
661.48	16.544
661.68	16.427
661.87	16.501
662.07	16.438
662.27	16.064
662.47	16.100
662.66	16.120
662.86	16.248
663.06	16.094
663.25	16.030
663.45	15.740
663.65	15.793
663.84	15.766
664.04	15.765
664.24	15.780
664.44	15.618
664.63	15.607
664.83	15.439
665.03	15.362
665.22	15.414
665.42	15.271
665.62	15.322
665.81	14.985
666.01	15.122
666.21	15.245
666.40	14.861
666.60	14.743
666.80	14.948
666.99	15.026
667.19	14.573
667.39	14.512
667.58	14.424
667.78	14.427
667.98	14.480
668.17	14.404
668.37	14.342
668.57	14.304
668.76	14.297
668.96	14.200
669.16	13.997
669.35	14.072
669.55	14.214
669.74	14.045
669.94	13.930
670.14	13.876
670.33	13.888
670.53	13.842
670.73	13.671
670.92	13.549
671.12	13.648
671.32	13.636
671.51	13.659
671.71	13.602
671.90	13.443
672.10	13.407
672.30	13.455
672.49	13.371
672.69	13.440
672.89	13.427
673.08	13.268
673.28	13.434
673.47	13.416
673.67	13.439
673.87	13.323
674.06	13.276
674.26	13.176
674.45	13.263
674.65	13.142
674.85	13.127
675.04	13.146
675.24	13.134
675.43	13.150
675.63	13.095
675.83	13.087
676.02	13.002
676.22	13.006
676.41	13.091
676.61	13.020
676.81	12.961
677.00	12.875
677.20	12.990
677.39	13.128
677.59	12.990
677.79	13.176
677.98	13.106
678.18	12.997
678.37	12.949
678.57	12.888
678.76	12.998
678.96	13.060
679.16	13.095
679.35	13.009
679.55	13.123
679.74	12.916
679.94	13.133
680.13	13.131
680.33	13.026
680.53	13.038
680.72	13.098
680.92	13.134
681.11	13.083
681.31	13.150
681.50	13.168
681.70	13.321
681.89	13.388
682.09	13.266
682.28	13.235
682.48	13.359
682.68	13.432
682.87	13.261
683.07	13.492
683.26	13.657
683.46	13.422
683.65	13.386
683.85	13.492
684.04	13.708
684.24	13.766
684.43	13.775
684.63	13.771
684.82	13.729
685.02	14.133
685.21	14.258
685.41	14.092
685.60	14.327
685.80	14.309
686.00	14.413
686.19	14.637
686.39	14.774
686.58	14.898
686.78	15.130
686.97	15.290
687.17	15.296
687.36	15.521
687.56	15.422
687.75	15.532
687.95	15.484
688.14	16.172
688.34	16.285
688.53	16.448
688.73	16.654
688.92	16.840
689.12	17.218
689.31	17.367
689.51	17.569
689.70	17.625
689.89	18.169
690.09	17.927
690.28	18.544
690.48	18.783
690.67	18.916
690.87	19.247
691.06	19.483
691.26	20.016
691.45	20.216
691.65	20.560
691.84	21.016
692.04	21.275
692.23	21.344
692.43	21.843
692.62	22.355
692.82	22.470
693.01	22.809
693.20	23.351
693.40	23.525
693.59	23.695
693.79	23.940
693.98	24.527
694.18	25.144
694.37	25.351
694.57	25.438
694.76	26.201
694.95	26.475
695.15	26.849
695.34	27.462
695.54	27.547
695.73	27.960
695.93	28.447
696.12	28.545
696.32	29.187
696.51	29.783
696.70	29.882
696.90	30.410
697.09	30.660
697.29	31.088
697.48	31.640
697.67	31.803
697.87	32.368
698.06	33.113
698.26	32.964
698.45	33.408
698.65	33.882
698.84	34.259
699.03	34.408
699.23	34.600
699.42	35.426
699.62	35.835
699.81	35.843
700.00	36.054
700.20	36.522
700.39	37.066
700.59	37.380
700.78	37.955
700.97	38.243
701.17	38.610
701.36	38.739
701.56	39.242
701.75	39.432
701.94	39.902
702.14	40.379
702.33	40.501
702.52	40.692
702.72	41.191
702.91	41.561
703.11	41.428
703.30	42.059
703.49	42.260
703.69	42.422
703.88	42.829
704.07	42.928
704.27	43.280
704.46	43.516
704.66	43.910
704.85	43.984
705.04	44.133
705.24	44.574
705.43	45.013
705.62	45.220
705.82	45.654
706.01	45.724
706.20	45.852
706.40	46.207
706.59	46.156
706.78	46.896
706.98	46.835
707.17	46.891
707.36	47.299
707.56	47.816
707.75	47.829
707.94	48.043
708.14	48.296
708.33	48.344
708.52	48.183
708.72	48.773
708.91	48.829
709.10	48.891
709.30	49.407
709.49	49.183
709.68	49.526
709.88	49.750
710.07	49.962
710.26	49.822
710.46	50.491
710.65	50.837
710.84	50.500
711.04	50.623
711.23	50.867
711.42	51.375
711.61	51.491
711.81	51.568
712.00	51.642
712.19	52.187
712.39	51.866
712.58	52.510
712.77	52.580
712.97	52.836
713.16	52.626
713.35	52.705
713.54	52.808
713.74	53.263
713.93	53.367
714.12	53.203
714.32	53.739
714.51	53.856
714.70	53.683
714.89	53.989
715.09	54.102
715.28	54.152
715.47	54.323
715.66	54.102
715.86	54.437
716.05	54.803
716.24	54.846
716.44	55.350
716.63	55.062
716.82	54.858
717.01	54.843
717.21	55.419
717.40	55.694
717.59	55.826
717.78	55.784
717.98	55.947
718.17	56.092
718.36	56.353
718.55	56.326
718.75	56.340
718.94	56.373
719.13	56.369
719.32	56.878
719.52	57.084
719.71	56.898
719.90	57.211
720.09	57.132
720.28	57.054
720.48	57.362
720.67	57.506
720.86	57.781
721.05	57.816
721.25	57.631
721.44	57.864
721.63	58.141
721.82	58.041
722.01	58.238
722.21	57.880
722.40	58.934
722.59	58.450
722.78	58.659
722.98	58.619
723.17	58.470
723.36	58.569
723.55	59.227
723.74	58.968
723.94	59.203
724.13	59.401
724.32	59.438
724.51	59.739
724.70	59.310
724.89	59.543
725.09	59.788
725.28	59.725
725.47	59.985
725.66	59.898
725.85	60.378
726.05	60.270
726.24	60.424
726.43	60.184
726.62	60.189
726.81	60.059
727.00	60.468
727.20	60.599
727.39	60.762
727.58	60.669
727.77	60.703
727.96	61.127
728.15	60.989
728.35	60.600
728.54	60.938
728.73	61.459
728.92	61.191
729.11	61.191
729.30	61.837
729.50	61.605
729.69	61.510
729.88	61.921
730.07	61.837
730.26	61.682
730.45	61.623
730.64	62.150
730.84	62.039
731.03	62.075
731.22	62.483
731.41	61.666
731.60	62.298
731.79	62.122
731.98	62.687
732.18	62.339
732.37	62.313
732.56	62.438
732.75	62.809
732.94	62.856
733.13	62.429
733.32	62.900
733.51	62.662
733.71	63.190
733.90	63.102
734.09	62.649
734.28	62.974
734.47	62.877
734.66	63.082
734.85	63.146
735.04	63.260
735.23	63.672
735.42	63.312
735.62	63.443
735.81	63.616
736.00	63.197
736.19	63.695
736.38	63.948
736.57	63.162
736.76	63.573
736.95	64.102
737.14	63.998
737.33	63.964
737.52	63.642
737.72	64.076
737.91	63.966
738.10	63.825
738.29	64.338
738.48	64.140
738.67	63.970
738.86	63.725
739.05	63.872
739.24	64.244
739.43	64.217
739.62	64.014
739.81	64.445
740.00	64.083
740.19	64.750
740.39	64.502
740.58	64.092
740.77	64.486
740.96	64.726
741.15	64.570
741.34	64.852
741.53	64.992
741.72	64.643
741.91	64.742
742.10	64.758
742.29	65.009
742.48	64.781
742.67	65.008
742.86	64.758
743.05	64.845
743.24	65.131
743.43	64.842
743.62	65.072
743.81	65.122
744.00	64.822
744.19	64.897
744.38	64.854
744.57	65.562
744.76	65.199
744.95	65.610
745.14	65.304
745.33	64.840
745.52	65.180
745.71	65.168
745.90	65.302
746.09	65.585
746.28	65.287
746.47	65.979
746.66	65.310
746.85	65.045
747.04	65.546
747.23	65.383
747.42	64.929
747.61	65.199
747.80	65.628
747.99	65.575
748.18	65.717
748.37	65.872
748.56	65.703
748.75	65.576
748.94	65.588
749.13	65.916
749.32	65.464
749.51	65.515
749.70	65.632
749.89	65.124
750.08	65.620
750.27	66.029
750.46	65.768
750.65	65.408
750.84	65.480
751.03	66.033
751.22	65.884
751.41	65.940
751.60	65.541
751.79	65.595
751.98	65.687
752.17	65.723
752.36	65.998
752.55	66.093
752.74	65.474
752.93	66.393
753.12	65.922
753.30	65.645
753.49	65.944
753.68	65.519
753.87	66.131
754.06	65.597
754.25	66.000
754.44	65.810
754.63	65.806
754.82	65.768
755.01	66.285
755.20	65.810
755.39	65.969
755.58	65.960
755.77	66.079
755.96	65.840
756.14	65.960
756.33	66.168
756.52	66.193
756.71	65.889
756.90	66.238
757.09	66.173
757.28	66.035
757.47	66.024
757.66	66.369
757.85	65.797
758.04	66.347
758.22	66.455
758.41	66.281
758.60	66.355
758.79	66.084
758.98	65.798
759.17	65.885
759.36	65.975
759.55	66.122
759.74	66.175
759.92	66.276
760.11	66.402
760.30	66.127
760.49	66.509
760.68	66.431
760.87	66.362
761.06	66.752
761.25	66.205
761.43	65.941
761.62	66.543
761.81	65.956
762.00	66.221
762.19	66.513
762.38	66.426
762.57	66.156
762.76	66.357
762.94	66.873
763.13	66.413
763.32	66.693
763.51	66.652
763.70	66.328
763.89	66.628
764.07	66.569
764.26	66.595
764.45	66.184
764.64	66.416
764.83	65.987
765.02	66.389
765.21	66.674
765.39	66.045
765.58	66.544
765.77	66.005
765.96	66.392
766.15	66.220
766.34	66.451
766.52	66.977
766.71	66.473
766.90	66.210
767.09	66.522
767.28	66.644
767.46	66.416
767.65	66.105
767.84	66.521
768.03	66.713
768.22	66.532
768.40	66.354
768.59	66.665
768.78	66.398
768.97	66.404
769.16	66.890
769.34	66.768
769.53	66.453
769.72	66.618
769.91	67.053
770.10	66.657
770.28	66.576
770.47	66.760
770.66	66.768
770.85	66.360
771.04	66.736
771.22	66.537
771.41	66.550
771.60	66.427
771.79	66.836
771.98	66.918
772.16	66.388
772.35	66.839
772.54	66.745
772.73	67.056
772.91	66.838
773.10	66.325
773.29	66.584
773.48	66.824
773.66	66.940
773.85	66.676
774.04	66.653
774.23	66.813
774.41	66.370
774.60	66.529
774.79	66.432
774.98	66.961
775.16	66.828
775.35	66.731
775.54	66.090
775.73	66.626
775.91	66.591
776.10	66.118
776.29	67.294
776.48	66.726
776.66	66.235
776.85	66.225
777.04	66.782
777.23	66.816
777.41	66.612
777.60	66.479
777.79	66.492
777.97	66.335
778.16	66.719
778.35	67.059
778.54	66.618
778.72	66.295
778.91	66.800
779.10	66.649
779.28	66.492
779.47	66.418
779.66	66.999
779.85	66.644
780.03	67.416
780.22	66.796
780.41	66.875
780.59	66.327
780.78	66.805
780.97	66.484
781.15	67.034
781.34	66.570
781.53	67.116
781.71	66.385
781.90	67.088
782.09	66.583
782.27	66.398
782.46	66.624
782.65	66.024
782.84	67.634
783.02	66.742
783.21	66.693
783.40	66.813
783.58	67.123
783.77	66.765
783.96	67.306
784.14	66.495
784.33	66.398
784.52	66.671
784.70	66.507
784.89	66.609
785.07	67.070
785.26	66.262
785.45	66.222
785.63	67.141
785.82	66.481
786.01	66.881
786.19	66.881
786.38	66.490
786.57	67.037
786.75	66.887
786.94	66.904
787.13	67.048
787.31	66.811
787.50	66.723
787.68	66.580
787.87	66.801
788.06	67.110
788.24	66.584
788.43	67.193
788.62	66.694
788.80	67.532
788.99	67.312
789.17	67.238
789.36	66.719
789.55	66.811
789.73	66.893
789.92	66.489
790.10	66.375
790.29	66.877
790.48	67.175
790.66	66.768
790.85	67.338
791.03	66.749
791.22	67.026
791.41	66.734
791.59	66.827
791.78	67.285
791.96	67.438
792.15	67.115
792.34	66.937
792.52	67.018
792.71	66.765
792.89	67.020
793.08	67.313
793.27	66.696
793.45	67.348
793.64	66.947
793.82	67.172
794.01	67.289
794.19	67.379
794.38	67.376
794.57	66.971
794.75	67.464
794.94	67.094
795.12	67.453
795.31	66.904
795.49	67.375
795.68	66.888
795.86	66.933
796.05	67.060
796.24	67.120
796.42	66.610
796.61	67.431
796.79	67.703
796.98	67.110
797.16	66.937
797.35	67.051
797.53	66.892
797.72	67.220
797.90	67.078
798.09	67.684
798.27	67.453
798.46	66.979
798.65	67.268
798.83	67.223
799.02	67.484
799.20	67.532
799.39	67.248
799.57	67.348
799.76	67.434
799.94	67.539
800.13	67.206
800.31	67.257
800.50	67.066
800.68	67.542
800.87	67.223
801.05	67.515
801.24	67.714
801.42	67.547
801.61	67.380
801.79	67.483
801.98	67.382
802.16	67.387
802.35	67.126
802.53	67.134
802.72	67.146
802.90	67.357
803.09	67.068
803.27	67.078
803.46	67.375
803.64	67.334
803.83	67.324
804.01	67.027
804.20	67.674
804.38	67.271
804.56	67.592
804.75	67.260
804.93	67.608
805.12	67.715
805.30	66.935
805.49	67.343
805.67	67.783
805.86	67.467
806.04	67.603
806.23	67.216
806.41	67.398
806.59	67.014
806.78	67.472
806.96	67.139
807.15	67.544
807.33	67.313
807.52	67.447
807.70	67.160
807.89	67.960
808.07	67.471
808.25	67.116
808.44	67.434
808.62	67.135
808.81	67.330
808.99	67.459
809.18	67.709
809.36	67.282
809.54	66.835
809.73	67.216
809.91	67.322
810.10	67.350
810.28	67.866
810.47	67.662
810.65	67.225
810.83	67.228
811.02	66.902
811.20	67.134
811.39	67.112
811.57	67.226
811.75	67.513
811.94	66.879
812.12	67.673
812.31	67.397
812.49	67.384
812.67	66.857
812.86	67.578
813.04	67.088
813.23	67.587
813.41	67.264
813.59	66.961
813.78	67.658
813.96	67.475
814.14	67.553
814.33	67.759
814.51	67.419
814.70	67.291
814.88	68.049
815.06	67.519
815.25	67.776
815.43	68.175
815.61	67.848
815.80	67.711
815.98	67.872
816.16	67.493
816.35	67.304
816.53	67.582
816.72	67.214
816.90	67.408
817.08	67.342
817.27	67.203
817.45	67.263
817.63	67.068
817.82	67.775
818.00	67.647
818.18	67.272
818.37	67.419
818.55	67.503
818.73	68.170
818.92	67.613
819.10	67.293
819.28	67.562
819.47	67.951
819.65	67.659
819.83	67.718
820.02	67.564
820.20	67.497
820.38	67.810
820.57	67.647
820.75	67.793
820.93	67.608
821.11	67.582
821.30	67.800
821.48	67.836
821.66	67.817
821.85	67.868
822.03	68.003
822.21	67.764
822.40	67.678
822.58	67.460
822.76	67.698
822.94	67.758
823.13	67.939
823.31	67.992
823.49	67.443
823.68	67.941
823.86	67.957
824.04	67.471
824.22	67.801
824.41	67.962
824.59	67.982
824.77	68.037
824.96	67.989
825.14	67.735
825.32	68.060
825.50	67.594
825.69	68.011
825.87	68.200
826.05	67.639
826.23	67.894
826.42	67.578
826.60	67.520
826.78	68.258
826.96	68.186
827.15	67.705
827.33	68.005
827.51	68.162
827.69	68.231
827.88	68.626
828.06	67.803
828.24	67.658
828.42	67.860
828.61	67.854
828.79	67.922
828.97	67.985
829.15	67.965
829.34	67.997
829.52	67.513
829.70	68.052
829.88	68.046
830.06	67.878
830.25	67.215
830.43	68.334
830.61	68.024
830.79	67.777
830.97	68.067
831.16	67.937
831.34	67.737
831.52	67.964
831.70	67.492
831.89	67.579
832.07	67.615
832.25	67.810
832.43	68.266
832.61	67.296
832.80	68.251
832.98	68.094
833.16	67.731
833.34	68.098
833.52	67.977
833.70	68.136
833.89	67.648
834.07	68.246
834.25	67.935
834.43	67.894
834.61	68.232
834.80	68.384
834.98	68.110
835.16	67.606
835.34	68.092
835.52	67.907
835.70	67.917
835.89	68.423
836.07	67.805
836.25	67.622
836.43	68.112
836.61	67.850
836.79	67.840
836.97	68.066
837.16	68.676
837.34	68.447
837.52	68.406
837.70	68.682
837.88	67.519
838.06	67.984
838.24	68.005
838.43	68.296
838.61	67.590
838.79	67.935
838.97	68.305
839.15	68.175
839.33	68.685
839.51	67.899
839.70	68.706
839.88	68.046
840.06	67.983
840.24	68.162
840.42	67.979
840.60	67.794
840.78	68.478
840.96	67.755
841.14	68.653
841.33	68.141
841.51	67.874
841.69	68.298
841.87	67.733
842.05	68.396
842.23	68.253
842.41	68.220
842.59	68.153
842.77	68.235
842.95	68.372
843.14	67.910
843.32	68.213
843.50	68.223
843.68	68.215
843.86	68.701
844.04	67.530
844.22	68.040
844.40	67.997
844.58	68.636
844.76	68.324
844.94	68.205
845.12	68.479
845.30	68.488
845.49	68.515
845.67	68.312
845.85	68.417
846.03	67.753
846.21	68.436
846.39	68.129
846.57	67.999
846.75	67.897
846.93	68.592
847.11	68.438
847.29	67.888
847.47	68.222
847.65	68.530
847.83	68.342
848.01	68.396
848.19	68.750
848.37	68.250
848.55	67.734
848.73	68.768
848.91	68.412
849.09	68.295
849.27	68.041
849.46	68.427
849.64	68.945
849.82	68.384
850.00	68.480
850.18	68.117
850.36	68.051
850.54	67.877
850.72	67.906
850.90	67.761
851.08	68.993
851.26	67.871
851.44	68.082
851.62	67.858
851.80	68.349
851.98	68.247
852.16	68.045
852.34	68.857
852.52	68.231
852.70	67.583
852.88	68.260
853.06	68.120
853.24	67.950
853.42	67.981
853.60	67.871
853.78	68.540
853.96	68.480
854.14	68.786
854.31	68.190
854.49	68.334
854.67	68.286
854.85	67.961
855.03	68.588
855.21	69.186
855.39	68.943
855.57	68.329
855.75	68.147
855.93	68.714
856.11	68.932
856.29	67.764
856.47	68.306
856.65	68.888
856.83	68.534
857.01	67.990
857.19	68.359
857.37	68.363
857.55	68.329
857.73	68.812
857.91	68.652
858.09	68.925
858.26	68.331
858.44	67.948
858.62	67.760
858.80	68.136
858.98	68.993
859.16	68.137
859.34	68.211
859.52	68.036
859.70	67.941
859.88	68.423
860.06	68.327
860.24	68.147
860.42	68.944
860.59	69.233
860.77	68.518
860.95	68.934
861.13	68.928
861.31	67.618
861.49	68.506
861.67	68.467
861.85	68.530
862.03	69.225
862.21	68.565
862.38	68.550
862.56	68.707
862.74	68.847
862.92	68.103
863.10	68.652
863.28	68.411
863.46	68.847
863.64	68.321
863.82	69.026
863.99	68.046
864.17	68.393
864.35	68.842
864.53	68.488
864.71	68.174
864.89	68.371
865.07	69.208
865.24	68.698
865.42	68.438
865.60	68.846
865.78	68.090
865.96	68.626
866.14	69.086
866.32	69.300
866.49	68.412
866.67	68.672
866.85	68.243
867.03	68.191
867.21	68.107
867.39	68.680
867.56	68.369
867.74	68.108
867.92	68.594
868.10	69.175
868.28	68.848
868.46	68.761
868.63	68.173
868.81	68.749
868.99	68.979
869.17	69.009
869.35	68.187
869.53	68.261
869.70	68.079
869.88	68.762
870.06	68.787
870.24	67.907
870.42	68.444
870.59	68.397
870.77	68.122
870.95	68.141
871.13	68.183
871.31	68.644
871.48	68.424
871.66	68.608
871.84	69.101
872.02	68.979
872.20	67.897
872.37	69.087
872.55	69.584
872.73	68.930
872.91	68.954
873.08	68.830
873.26	67.995
873.44	68.224
873.62	68.628
873.80	68.323
873.97	68.203
874.15	68.194
874.33	68.862
874.51	68.664
874.68	68.976
874.86	68.771
875.04	68.534
875.22	68.194
875.39	68.709
875.57	68.716
875.75	68.763
875.93	67.941
876.10	68.708
876.28	68.802
876.46	68.456
876.64	68.692
876.81	68.793
876.99	67.895
877.17	68.477
877.35	67.704
877.52	68.805
877.70	67.822
877.88	68.114
878.06	68.717
878.23	67.956
878.41	68.772
878.59	69.181
878.76	68.616
878.94	68.667
879.12	69.352
879.30	68.455
879.47	69.131
879.65	69.163
879.83	68.767
880.00	68.601
880.18	68.902
880.36	69.198
880.53	68.858
880.71	68.678
880.89	67.732
881.07	69.352
881.24	67.928
881.42	68.583
881.60	69.710
881.77	68.453
881.95	68.912
882.13	68.732
882.30	68.361
882.48	69.190
882.66	69.354
882.83	68.481
883.01	68.491
883.19	68.387
883.36	68.270
883.54	68.843
883.72	69.435
883.89	68.714
884.07	69.133
884.25	68.912
884.42	69.055
884.60	69.086
884.78	68.863
884.95	68.520
885.13	68.291
885.31	68.636
885.48	68.768
885.66	68.477
885.84	69.167
886.01	68.867
886.19	69.619
886.36	69.752
886.54	69.942
886.72	68.520
886.89	68.477
887.07	68.781
887.25	68.102
887.42	68.886
887.60	68.866
887.78	68.291
887.95	69.692
888.13	69.235
888.30	68.537
888.48	69.362
888.66	69.156
888.83	68.452
889.01	68.898
889.18	68.647
889.36	69.335
889.54	69.741
889.71	69.391
889.89	69.362
890.06	68.418
890.24	69.388
890.42	68.717
890.59	69.302
890.77	68.756
890.94	69.297
891.12	69.130
891.30	69.172
891.47	69.132
891.65	68.919
891.82	68.057
892.00	68.396
892.17	69.348
892.35	69.514
892.53	69.311
892.70	68.326
892.88	68.433
893.05	69.041
893.23	69.106
893.40	68.695
893.58	69.079
893.75	69.371
893.93	69.019
894.11	69.492
894.28	68.814
894.46	69.204
894.63	69.328
894.81	68.693
894.98	69.155
895.16	67.888
895.33	69.101
895.51	69.149
895.68	68.971
895.86	69.128
896.04	68.433
896.21	68.798
896.39	69.634
896.56	68.369
896.74	68.281
896.91	69.546
897.09	69.108
897.26	68.930
897.44	69.721
897.61	69.275
897.79	68.763
897.96	69.436
898.14	68.250
898.31	69.534
898.49	69.087
898.66	68.981
898.84	69.284
899.01	68.631
899.19	68.079
899.36	69.530
899.54	68.183
899.71	68.423
899.89	69.816
900.06	69.019
900.24	68.701
900.41	68.327
900.59	69.094
900.76	69.257
900.94	68.644
901.11	68.783
901.29	68.470
901.46	69.043
901.63	69.476
901.81	69.291
901.98	68.216
902.16	69.055
902.33	69.713
902.51	68.701
902.68	68.931
902.86	68.529
903.03	69.243
903.21	69.266
903.38	68.427
903.56	69.233
903.73	68.224
903.90	68.488
904.08	69.262
904.25	68.853
904.43	69.672
904.60	69.701
904.78	68.661
904.95	68.550
905.12	68.664
905.30	68.728
905.47	69.437
905.65	69.145
905.82	69.672
906.00	68.963
906.17	69.480
906.34	69.026
906.52	69.368
906.69	69.305
906.87	69.519
907.04	68.314
907.21	69.555
907.39	69.640
907.56	68.568
907.74	70.076
907.91	69.955
908.08	69.019
908.26	69.649
908.43	68.228
908.61	69.069
908.78	68.872
908.95	68.740
909.13	68.932
909.30	69.463
909.48	69.106
909.65	69.284
909.82	68.654
910.00	68.430
910.17	68.413
910.34	68.607
910.52	69.613
910.69	69.698
910.87	69.502
911.04	68.784
911.21	69.115
911.39	68.883
911.56	68.148
911.73	69.301
911.91	69.395
912.08	69.537
912.25	69.750
912.43	68.821
912.60	69.055
912.77	69.008
912.95	68.620
913.12	69.547
913.29	69.997
913.47	69.171
913.64	68.322
913.81	68.693
913.99	68.708
914.16	69.094
914.33	68.874
914.51	69.595
914.68	69.185
914.85	69.047
915.03	68.481
915.20	69.484
915.37	70.168
915.55	68.935
915.72	68.738
915.89	69.451
916.07	69.427
916.24	68.318
916.41	68.502
916.59	68.842
916.76	69.254
916.93	69.359
917.10	69.294
917.28	68.872
917.45	69.151
917.62	69.093
917.80	69.576
917.97	68.860
918.14	69.682
918.31	69.106
918.49	69.497
918.66	68.592
918.83	69.414
919.01	68.817
919.18	68.943
919.35	69.507
919.52	69.195
919.70	69.968
919.87	69.666
920.04	69.380
920.21	70.221
920.39	69.440
920.56	69.126
920.73	70.291
920.90	68.824
921.08	69.372
921.25	69.490
921.42	69.008
921.59	69.012
921.77	69.189
921.94	68.292
922.11	69.696
922.28	69.265
922.46	69.533
922.63	69.199
922.80	69.187
922.97	69.245
923.15	68.776
923.32	69.946
923.49	68.930
923.66	69.816
923.83	69.031
924.01	70.443
924.18	68.595
924.35	69.596
924.52	69.666
924.69	69.276
924.87	69.872
925.04	69.145
925.21	69.824
925.38	68.652
925.55	68.795
925.73	69.873
925.90	68.595
926.07	69.252
926.24	69.772
926.41	69.501
926.59	69.525
926.76	69.363
926.93	69.735
927.10	70.153
927.27	69.021
927.45	69.826
927.62	68.602
927.79	69.720
927.96	69.252
928.13	69.211
928.30	70.000
928.48	69.058
928.65	69.931
928.82	68.863
928.99	69.952
929.16	70.131
929.33	69.559
929.50	70.112
929.68	69.705
929.85	68.629
930.02	69.637
930.19	69.017
930.36	69.600
930.53	68.534
930.70	69.546
930.88	69.572
931.05	69.659
931.22	68.568
931.39	69.094
931.56	69.306
931.73	70.746
931.90	68.530
932.08	69.234
932.25	69.371
932.42	70.336
932.59	69.687
932.76	69.598
932.93	69.765
933.10	69.897
933.27	69.729
933.44	68.235
933.62	69.736
933.79	70.690
933.96	69.718
934.13	69.067
934.30	69.570
934.47	68.206
934.64	69.796
934.81	69.673
934.98	68.908
935.15	70.085
935.32	69.387
935.50	67.302
935.67	70.191
935.84	69.427
936.01	71.322
936.18	67.938
936.35	68.923
936.52	68.790
936.69	70.331
936.86	68.804
937.03	69.833
937.20	68.340
937.37	68.247
937.54	70.938
937.71	70.223
937.89	69.702
938.06	70.044
938.23	72.185
938.40	69.250
938.57	69.571
938.74	68.989
938.91	69.589
939.08	68.646
939.25	68.910
939.42	69.570
939.59	66.947
939.76	67.415
939.93	69.170
940.10	69.603
940.27	69.772
940.44	67.914
940.61	70.439
940.78	70.340
940.95	70.955
941.12	69.055
941.29	68.356
941.46	72.026
941.63	70.290
941.80	70.412
941.97	69.256
942.14	69.963
942.31	68.479
942.48	69.070
942.65	70.417
942.82	70.106
942.99	70.753
943.16	67.687
943.33	70.962
943.50	70.335
943.67	68.918
943.84	67.664
944.01	69.649
944.18	69.716
944.35	69.804
944.52	70.635
944.69	69.625
944.86	68.034
945.03	69.828
945.20	69.572
945.37	70.345
945.54	73.241
945.71	68.192
945.88	67.893
946.05	69.486
946.22	71.832
946.39	70.933
946.56	67.552
946.73	71.414
946.90	70.918
947.07	67.307
947.23	66.127
947.40	69.359
947.57	72.292
947.74	69.222
947.91	67.252
948.08	69.057
948.25	69.799
948.42	69.900
948.59	68.589
948.76	68.767
948.93	71.479
949.10	69.632
949.27	68.637
949.44	67.742
949.60	70.153
949.77	68.281
949.94	69.076
950.11	71.232
950.28	69.017
950.45	67.973
950.62	70.747
950.79	68.697
950.96	68.731
951.13	70.666
951.30	69.736
951.46	68.812
951.63	68.336
951.80	70.847
951.97	68.725
952.14	70.079
952.31	70.222
952.48	69.016
952.65	69.911
952.81	68.823
952.98	70.486
953.15	67.665
953.32	69.563
953.49	68.968
953.66	71.925
953.83	71.024
954.00	69.049
954.16	68.386
954.33	70.234
954.50	69.424
954.67	67.539
954.84	68.400
955.01	68.940
955.18	69.423
955.34	68.631
955.51	70.137
955.68	66.600
955.85	68.574
956.02	67.844
956.19	67.787
956.35	68.733
956.52	69.930
956.69	67.786
956.86	70.556
957.03	67.679
957.20	69.475
957.36	69.802
957.53	67.803
957.70	68.820
957.87	69.793
958.04	68.714
958.21	69.688
958.37	69.230
958.54	67.556
958.71	68.372
958.88	69.103
959.05	69.527
959.21	69.538
959.38	67.574
959.55	69.293
959.72	69.231
959.89	68.435
960.05	68.415
960.22	70.194
960.39	68.932
960.56	70.228
960.72	69.303
960.89	69.544
961.06	68.099
961.23	67.672
961.40	68.874
961.56	70.877
961.73	70.009
961.90	69.236
962.07	68.161
962.23	66.917
962.40	68.397
962.57	68.238
962.74	69.025
962.90	69.406
963.07	67.058
963.24	66.354
963.41	69.303
963.57	68.886
963.74	68.900
963.91	70.453
964.08	68.899
964.24	68.166
964.41	69.315
964.58	69.213
964.75	68.548
964.91	67.661
965.08	69.848
965.25	69.018
965.42	68.061
965.58	69.537
965.75	71.356
965.92	68.678
966.08	66.734
966.25	70.361
966.42	68.862
966.59	69.039
966.75	67.536
966.92	68.960
967.09	68.138
967.25	68.548
967.42	69.491
967.59	67.676
967.75	67.368
967.92	67.918
968.09	69.432
968.26	68.424
968.42	71.258
968.59	69.280
968.76	67.038
968.92	67.106
969.09	68.452
969.26	67.571
969.42	70.080
969.59	68.108
969.76	69.432
969.92	69.393
970.09	68.746
970.26	70.542
970.42	69.547
970.59	68.984
970.76	69.040
970.92	68.932
971.09	68.757
971.26	68.745
971.42	67.897
971.59	70.826
971.76	68.017
971.92	69.495
972.09	67.754
972.25	69.036
972.42	66.992
972.59	67.951
972.75	69.315
972.92	68.012
973.09	68.349
973.25	68.597
973.42	65.299
973.58	69.994
973.75	69.247
973.92	68.317
974.08	68.717
974.25	69.281
974.42	69.102
974.58	70.006
974.75	68.958
974.91	68.930
975.08	68.881
975.25	69.735
975.41	68.642
975.58	69.460
975.74	69.450
975.91	68.819
976.08	69.186
976.24	68.175
976.41	70.015
976.57	67.753
976.74	69.113
976.91	65.707
977.07	66.615
977.24	68.581
977.40	68.580
977.57	68.499
977.73	68.674
977.90	70.647
978.07	70.269
978.23	68.262
978.40	71.141
978.56	70.715
978.73	70.313
978.89	69.589
979.06	68.145
979.22	68.856
979.39	69.452
979.56	69.926
979.72	69.404
979.89	68.723
980.05	69.386
980.22	67.903
980.38	69.037
980.55	71.421
980.71	69.767
980.88	69.846
981.04	70.753
981.21	68.051
981.37	70.517
981.54	68.799
981.70	68.869
981.87	67.963
982.04	69.778
982.20	69.347
982.37	69.282
982.53	68.950
982.70	68.044
982.86	69.038
983.03	68.172
983.19	68.801
983.36	71.644
983.52	70.989
983.69	68.334
983.85	68.579
984.02	68.650
984.18	71.509
984.35	66.574
984.51	69.503
984.68	67.666
984.84	69.226
985.00	68.205
985.17	68.796
985.33	69.189
985.50	69.243
985.66	68.655
985.83	68.562
985.99	69.367
986.16	69.668
986.32	70.631
986.49	68.873
986.65	68.348
986.82	70.049
986.98	69.040
987.15	68.264
987.31	69.766
987.47	69.201
987.64	70.784
987.80	69.411
987.97	68.388
988.13	69.610
988.30	68.666
988.46	68.727
988.63	69.380
988.79	70.054
988.95	68.957
989.12	69.592
989.28	70.231
989.45	67.658
989.61	71.727
989.77	69.675
989.94	70.448
990.10	69.098
990.27	71.063
990.43	70.516
990.60	67.721
990.76	67.054
990.92	67.810
991.09	67.112
991.25	70.936
991.42	70.082
991.58	70.411
991.74	72.659
991.91	71.215
992.07	70.908
992.24	70.108
992.40	71.080
992.56	70.224
992.73	69.569
992.89	70.258
993.05	68.939
993.22	68.510
993.38	68.958
993.55	69.508
993.71	70.302
993.87	68.238
994.04	69.240
994.20	69.592
994.36	68.562
994.53	70.863
994.69	69.878
994.85	70.702
995.02	68.203
995.18	67.995
995.34	71.597
995.51	70.092
995.67	68.383
995.84	67.757
996.00	68.634
996.16	69.973
996.33	71.488
996.49	68.546
996.65	72.615
996.82	69.727
996.98	70.576
997.14	72.468
997.31	69.627
997.47	69.098
997.63	69.653
997.79	70.441
997.96	68.535
998.12	65.755
998.28	73.184
998.45	66.708
998.61	73.633
998.77	70.978
998.94	70.075
999.10	68.491
999.26	67.836
999.43	69.729
999.59	69.726
999.75	71.030
999.91	70.613
1000.08	70.757
1000.24	67.530
1000.40	67.177
1000.57	68.998
1000.73	68.245
1000.89	69.448
1001.05	69.397
1001.22	69.891
1001.38	69.363
1001.54	67.986
1001.70	69.017
1001.87	73.560
1002.03	70.631
1002.19	68.065
1002.35	71.154
1002.52	71.285
1002.68	72.304
1002.84	71.478
1003.00	72.315
1003.17	68.601
1003.33	68.682
1003.49	69.397
1003.65	71.683
1003.82	69.935
1003.98	73.831
1004.14	69.670
1004.30	69.051
1004.47	69.876
1004.63	74.206
1004.79	67.871
1004.95	71.380
1005.11	68.273
1005.28	69.705
1005.44	71.223
1005.60	71.812
1005.76	69.738
1005.93	72.588
1006.09	73.607
1006.25	70.198
1006.41	69.461
1006.57	70.831
1006.74	71.705
1006.90	69.704
1007.06	69.329
1007.22	70.000
1007.38	74.334
1007.55	69.265
1007.71	72.453
1007.87	73.477
1008.03	69.731
1008.19	69.199
1008.35	67.538
1008.52	72.706
1008.68	71.373
1008.84	70.726
1009.00	70.740
1009.16	69.484
1009.32	70.481
1009.49	75.077
1009.65	70.940
1009.81	67.476
1009.97	71.583
1010.13	72.372
1010.29	72.280
1010.46	73.053
1010.62	69.889
1010.78	75.240
1010.94	68.610
1011.10	68.566
1011.26	69.664
1011.42	69.297
1011.59	75.017
1011.75	73.336
1011.91	71.079
1012.07	72.531
1012.23	69.100
1012.39	69.927
1012.55	71.128
1012.71	73.365
1012.88	70.656
1013.04	72.390
1013.20	74.868
1013.36	69.654
1013.52	71.501
1013.68	70.322
1013.84	73.907
1014.00	71.742
1014.16	70.871
1014.33	76.558
1014.49	75.391
1014.65	72.388
1014.81	71.623
1014.97	70.593
1015.13	73.704
1015.29	70.158
1015.45	70.451
1015.61	70.913
1015.77	75.275
1015.93	74.240
1016.09	71.546
1016.26	67.639
1016.42	71.190
1016.58	71.316
1016.74	68.491
1016.90	72.878
1017.06	68.389
1017.22	67.958
1017.38	69.780
1017.54	78.918
1017.70	72.365
1017.86	68.827
1018.02	72.354
1018.18	74.223
1018.34	67.705
1018.50	73.360
1018.66	69.329
1018.82	69.843
1018.98	72.635
1019.14	75.021
1019.31	74.025
1019.47	75.479
1019.63	76.195
1019.79	70.305
1019.95	73.475
1020.11	70.593
1020.27	77.469
1020.43	69.009
1020.59	72.995
1020.75	73.758
1020.91	68.494
1021.07	69.234
1021.23	72.982
1021.39	76.665
1021.55	73.137
1021.71	71.203
1021.87	73.343
1022.03	69.613
1022.19	69.763
1022.35	69.086
1022.51	64.472
1022.67	75.923
1022.83	68.909
1022.99	68.506
1023.15	73.728
1023.31	72.282
1023.47	70.709
1023.63	75.133
1023.79	79.356
1023.95	70.129
1024.10	68.889
1024.26	71.536
1024.42	71.011
1024.58	73.370
1024.74	72.118
1024.90	70.375
1025.06	72.664
1025.22	75.220
1025.38	72.269
1025.54	75.812
1025.70	69.731
1025.86	73.105
1026.02	74.029
1026.18	77.865
1026.34	74.848
1026.50	79.136
1026.66	69.544
1026.82	72.510
1026.98	76.824
1027.13	72.732
1027.29	73.884
1027.45	72.320
1027.61	76.515
1027.77	76.218
1027.93	74.404
1028.09	70.776
1028.25	72.297
1028.41	73.751
1028.57	70.006
1028.73	69.371
1028.88	80.995
1029.04	70.601
1029.20	69.106
1029.36	72.703
1029.52	69.896
1029.68	73.079
1029.84	72.056
1030.00	75.436
1030.16	78.130
1030.32	74.615
1030.47	79.487
1030.63	70.597
1030.79	64.509
1030.95	74.629
1031.11	76.151
1031.27	75.347
1031.43	76.620
1031.59	74.115
1031.74	77.704
1031.90	75.038
1032.06	70.179
1032.22	83.562
1032.38	81.456
1032.54	73.569
1032.69	72.145
1032.85	64.516
1033.01	79.012
1033.17	67.961
1033.33	70.154
1033.49	76.863
1033.65	69.143
1033.80	74.697
1033.96	77.380
1034.12	66.796
1034.28	72.196
1034.44	76.664
1034.60	78.643
1034.75	67.963
1034.91	72.169
1035.07	80.608
1035.23	71.198
1035.39	71.059
1035.54	69.776
1035.70	81.826
1035.86	71.695
1036.02	86.465
1036.18	70.679
1036.33	79.333
1036.49	76.199
1036.65	71.617
1036.81	64.149
1036.97	78.854
1037.12	81.775
1037.28	76.651
1037.44	69.326
1037.60	69.013
1037.76	81.158
1037.91	77.067
1038.07	72.801
1038.23	81.034
1038.39	66.854
1038.54	77.480
1038.70	67.126
1038.86	71.616
1039.02	70.631
1039.17	71.261
1039.33	77.827
1039.49	67.184
1039.65	79.079
1039.80	73.333
1039.96	74.441
1040.12	78.750
1040.28	76.768
>>>>> Data<<<<< Espectral Procesado Extremo
