Fichero De Datos De SpectraSuite
++++++++++++++++++++++++++++++++++++
Fecha: Wed Jul 15 08:23:40 CST 2026
Usuario: HP
Presente Oscuro Del Espectro: Sí
La Referencia de Presente Del Espectro De: Sí
Muestreados de los componentes de Número de espectros: 1
Espectrómetros: USB4H06056
Tiempo de integración (usec): 300000 (USB4H06056)
Promedio de Espectros Hechos un: 5 (USB4H06056)
El Alisar Del Furgón: 0 (USB4H06056)
Párrafo de de Corregir del la del del de Eléctrica del obscuridad: No (USB4H06056)
Estrobo/Lámpara Permitido: No (USB4H06056)
Correct for Detector Non-linearity: No (USB4H06056)
Párrafo de de Corregir del la del del de Externa del luz: No (USB4H06056)
Procesado del espectro de Número de pixeles en: 3648
>>>>> Comienza Data<<<<< Espectral Procesado Del EL
345.09	425.000
345.30	425.000
345.52	425.000
345.74	25.000
345.95	-633.333
346.17	54.717
346.39	151.389
346.60	18.519
346.82	-22.642
347.04	56.061
347.25	100.000
347.47	307.692
347.69	-63.636
347.90	77.273
348.12	48.148
348.34	-44.000
348.56	79.775
348.77	28.571
348.99	6.723
349.21	317.647
349.42	-7.692
349.64	117.105
349.86	248.718
350.07	-320.833
350.29	-488.889
350.51	99.038
350.72	68.293
350.94	85.714
351.16	-53.750
351.37	68.421
351.59	83.491
351.81	86.275
352.02	1042.857
352.24	-9.091
352.46	75.912
352.67	92.784
352.89	138.095
353.10	87.500
353.32	106.667
353.54	-32.394
353.75	-1560.000
353.97	-74.194
354.19	-133.333
354.40	110.309
354.62	212.500
354.84	300.000
355.05	0.000
355.27	72.464
355.49	90.000
355.70	127.551
355.92	131.507
356.14	130.208
356.35	518.182
356.57	111.111
356.78	114.035
357.00	78.082
357.22	77.982
357.43	375.000
357.65	5.263
357.87	54.667
358.08	131.481
358.30	56.316
358.51	126.744
358.73	93.289
358.95	113.158
359.16	52.000
359.38	-10.526
359.60	142.857
359.81	240.000
360.03	74.737
360.24	322.222
360.46	251.613
360.68	-135.484
360.89	136.232
361.11	-287.500
361.33	423.333
361.54	89.873
361.76	0.000
361.97	3.333
362.19	92.308
362.41	94.574
362.62	-238.095
362.84	125.217
363.05	-214.286
363.27	-180.488
363.49	203.636
363.70	28.889
363.92	-39.286
364.13	81.119
364.35	39.521
364.57	37.500
364.78	-48.000
365.00	-45.455
365.21	77.778
365.43	23.684
365.65	3.759
365.86	251.220
366.08	20.000
366.29	175.701
366.51	30.928
366.73	28.358
366.94	83.019
367.16	134.722
367.37	47.706
367.59	47.368
367.80	62.745
368.02	139.474
368.24	18.182
368.45	107.246
368.67	246.552
368.88	-381.081
369.10	269.811
369.31	77.465
369.53	76.433
369.75	205.882
369.96	122.930
370.18	47.458
370.39	336.364
370.61	463.636
370.82	101.980
371.04	157.143
371.26	187.234
371.47	-32.184
371.69	444.444
371.90	104.444
372.12	150.000
372.33	62.097
372.55	36.066
372.76	100.735
372.98	84.211
373.20	43.850
373.41	78.641
373.63	73.077
373.84	92.157
374.06	253.125
374.27	-150.000
374.49	-1100.000
374.70	102.564
374.92	60.714
375.13	76.389
375.35	85.106
375.57	132.727
375.78	100.000
376.00	128.333
376.21	134.177
376.43	100.000
376.64	-243.243
376.86	107.258
377.07	101.987
377.29	90.000
377.50	111.017
377.72	85.185
377.93	68.889
378.15	63.699
378.36	-380.000
378.58	76.761
378.80	1.754
379.01	37.963
379.23	-457.143
379.44	-17.143
379.66	1.818
379.87	79.562
380.09	82.203
380.30	158.904
380.52	101.942
380.73	216.216
380.95	228.571
381.16	230.000
381.38	127.820
381.59	115.854
381.81	90.164
382.02	253.086
382.24	116.981
382.45	232.653
382.67	64.394
382.88	119.209
383.10	122.297
383.31	56.463
383.53	720.000
383.74	152.941
383.96	291.379
384.17	145.122
384.39	167.213
384.60	84.507
384.82	76.351
385.03	72.165
385.25	457.143
385.46	108.989
385.68	124.800
385.89	129.870
386.11	73.762
386.32	515.789
386.54	52.000
386.75	40.000
386.97	19.802
387.18	71.687
387.40	20.635
387.61	146.903
387.83	252.703
388.04	111.000
388.25	27.111
388.47	221.818
388.68	132.979
388.90	14.035
389.11	103.604
389.33	124.138
389.54	83.168
389.76	-18.605
389.97	227.083
390.19	90.909
390.40	-52.000
390.62	106.522
390.83	-191.228
391.05	100.000
391.26	120.000
391.47	78.689
391.69	53.398
391.90	29.714
392.12	172.000
392.33	146.939
392.55	77.037
392.76	-43.478
392.98	98.907
393.19	6450.000
393.41	10.204
393.62	140.580
393.83	147.619
394.05	91.925
394.26	132.500
394.48	141.414
394.69	125.581
394.91	67.488
395.12	65.161
395.34	150.360
395.55	144.954
395.76	66.827
395.98	135.632
396.19	131.068
396.41	73.913
396.62	24.051
396.84	42.553
397.05	118.571
397.26	123.256
397.48	75.676
397.69	113.600
397.91	104.412
398.12	69.427
398.33	131.429
398.55	89.796
398.76	67.347
398.98	118.584
399.19	122.527
399.41	59.788
399.62	133.051
399.83	432.000
400.05	37.245
400.26	199.174
400.48	45.113
400.69	53.846
400.90	88.018
401.12	167.593
401.33	70.000
401.55	153.333
401.76	40.000
401.97	76.953
402.19	64.977
402.40	77.931
402.62	120.482
402.83	217.857
403.04	75.000
403.26	119.444
403.47	114.407
403.69	53.368
403.90	88.321
404.11	102.299
404.33	81.481
404.54	72.766
404.76	73.889
404.97	75.926
405.18	45.933
405.40	55.172
405.61	90.385
405.83	64.372
406.04	69.128
406.25	66.667
406.47	53.000
406.68	139.267
406.89	77.184
407.11	70.541
407.32	58.935
407.54	94.118
407.75	132.979
407.96	50.532
408.18	69.380
408.39	98.833
408.60	111.111
408.82	66.795
409.03	77.143
409.24	93.380
409.46	188.827
409.67	72.703
409.89	58.681
410.10	46.290
410.31	64.681
410.53	77.519
410.74	71.264
410.95	47.085
411.17	68.421
411.38	100.552
411.59	11.872
411.81	69.945
412.02	95.050
412.23	44.000
412.45	51.543
412.66	57.102
412.87	81.510
413.09	78.995
413.30	56.962
413.51	79.741
413.73	69.176
413.94	54.348
414.15	79.522
414.37	51.733
414.58	29.221
414.79	28.213
415.01	74.277
415.22	96.959
415.43	39.096
415.65	60.063
415.86	72.667
416.07	64.529
416.29	55.985
416.50	55.333
416.71	66.667
416.93	45.221
417.14	23.242
417.35	52.825
417.57	67.793
417.78	77.445
417.99	67.625
418.21	38.113
418.42	36.730
418.63	31.670
418.85	26.233
419.06	37.024
419.27	44.742
419.48	55.621
419.70	40.037
419.91	35.544
420.12	40.960
420.34	31.545
420.55	36.034
420.76	31.066
420.98	23.267
421.19	20.751
421.40	46.066
421.61	34.566
421.83	27.982
422.04	46.708
422.25	48.796
422.47	33.003
422.68	40.680
422.89	35.367
423.11	23.611
423.32	33.163
423.53	39.360
423.74	28.974
423.96	38.272
424.17	31.212
424.38	42.178
424.59	30.986
424.81	23.353
425.02	24.226
425.23	21.066
425.45	54.804
425.66	37.583
425.87	34.165
426.08	23.302
426.30	31.765
426.51	37.708
426.72	25.576
426.93	28.254
427.15	35.828
427.36	30.251
427.57	29.361
427.79	35.028
428.00	17.528
428.21	74.238
428.42	23.220
428.64	29.750
428.85	21.534
429.06	28.083
429.27	21.389
429.49	28.187
429.70	29.187
429.91	31.477
430.12	22.281
430.34	33.597
430.55	27.377
430.76	29.412
430.97	21.838
431.19	31.788
431.40	27.934
431.61	31.305
431.82	30.282
432.03	27.330
432.25	28.060
432.46	33.541
432.67	32.094
432.88	27.239
433.10	24.387
433.31	22.861
433.52	20.277
433.73	31.183
433.95	25.209
434.16	26.308
434.37	27.199
434.58	25.342
434.79	34.651
435.01	28.419
435.22	32.370
435.43	24.806
435.64	32.120
435.86	29.453
436.07	25.680
436.28	27.699
436.49	24.451
436.70	22.809
436.92	24.102
437.13	24.935
437.34	27.981
437.55	27.291
437.76	27.816
437.98	22.051
438.19	26.034
438.40	32.103
438.61	16.916
438.82	19.893
439.04	30.600
439.25	22.018
439.46	25.173
439.67	30.299
439.88	23.179
440.10	26.588
440.31	25.432
440.52	27.645
440.73	15.647
440.94	29.889
441.16	25.015
441.37	23.593
441.58	21.146
441.79	24.056
442.00	27.861
442.21	27.342
442.43	24.780
442.64	22.026
442.85	22.687
443.06	27.899
443.27	22.352
443.48	22.144
443.70	28.194
443.91	22.880
444.12	29.252
444.33	22.021
444.54	24.525
444.75	27.445
444.97	25.283
445.18	25.273
445.39	31.065
445.60	20.986
445.81	24.845
446.02	21.013
446.24	25.704
446.45	23.096
446.66	24.143
446.87	24.410
447.08	22.708
447.29	24.389
447.51	26.895
447.72	25.576
447.93	20.574
448.14	26.235
448.35	25.902
448.56	23.045
448.77	24.052
448.99	27.332
449.20	29.532
449.41	25.798
449.62	27.257
449.83	28.379
450.04	26.278
450.25	27.750
450.46	24.988
450.68	23.403
450.89	24.245
451.10	23.769
451.31	23.403
451.52	25.462
451.73	21.990
451.94	24.978
452.15	23.997
452.37	23.771
452.58	24.886
452.79	24.763
453.00	24.794
453.21	26.888
453.42	24.216
453.63	24.712
453.84	26.762
454.06	18.797
454.27	22.664
454.48	25.932
454.69	25.142
454.90	27.073
455.11	23.978
455.32	26.945
455.53	23.283
455.74	25.626
455.95	26.314
456.17	24.000
456.38	28.514
456.59	24.792
456.80	22.722
457.01	22.049
457.22	23.601
457.43	28.560
457.64	28.085
457.85	21.994
458.06	27.336
458.27	28.076
458.49	29.823
458.70	25.228
458.91	26.956
459.12	26.119
459.33	26.510
459.54	28.480
459.75	22.966
459.96	26.688
460.17	27.320
460.38	26.831
460.59	26.935
460.80	27.116
461.01	26.833
461.23	22.174
461.44	23.646
461.65	24.442
461.86	22.925
462.07	27.136
462.28	30.257
462.49	27.198
462.70	25.379
462.91	27.776
463.12	25.150
463.33	27.672
463.54	24.689
463.75	26.965
463.96	26.300
464.17	25.618
464.38	26.632
464.59	26.922
464.81	24.892
465.02	29.370
465.23	25.827
465.44	26.003
465.65	22.470
465.86	24.774
466.07	24.400
466.28	25.768
466.49	26.632
466.70	29.140
466.91	24.699
467.12	24.798
467.33	23.893
467.54	25.032
467.75	29.927
467.96	25.075
468.17	24.289
468.38	24.673
468.59	25.842
468.80	26.034
469.01	25.656
469.22	26.777
469.43	30.000
469.64	26.819
469.85	29.295
470.06	24.730
470.27	24.993
470.48	26.198
470.69	27.253
470.90	25.851
471.11	28.712
471.32	26.910
471.53	25.510
471.74	27.196
471.95	25.306
472.16	27.399
472.37	23.919
472.58	26.376
472.79	25.157
473.00	30.132
473.21	26.716
473.42	26.303
473.63	25.372
473.84	26.763
474.05	27.748
474.26	25.536
474.47	27.877
474.68	25.848
474.89	26.239
475.10	28.075
475.31	24.136
475.52	26.121
475.73	28.604
475.94	25.723
476.15	24.646
476.36	25.888
476.57	27.867
476.78	24.561
476.99	26.756
477.20	24.374
477.41	27.165
477.62	28.174
477.83	26.725
478.04	26.659
478.25	26.713
478.46	29.161
478.67	26.065
478.88	27.492
479.09	26.847
479.30	25.345
479.51	26.927
479.72	25.182
479.93	26.637
480.14	25.415
480.35	26.230
480.56	26.528
480.77	27.121
480.98	26.105
481.18	27.548
481.39	25.082
481.60	25.655
481.81	25.519
482.02	25.680
482.23	24.865
482.44	29.156
482.65	27.845
482.86	25.507
483.07	25.523
483.28	26.409
483.49	25.664
483.70	26.004
483.91	25.890
484.12	26.481
484.33	27.508
484.53	25.832
484.74	26.577
484.95	25.942
485.16	23.878
485.37	28.601
485.58	27.033
485.79	26.217
486.00	28.460
486.21	27.477
486.42	30.056
486.63	25.985
486.84	24.670
487.05	26.019
487.25	28.716
487.46	26.517
487.67	24.668
487.88	25.911
488.09	26.015
488.30	28.357
488.51	7.958
488.72	26.865
488.93	27.232
489.14	27.263
489.35	27.431
489.55	26.272
489.76	27.608
489.97	25.095
490.18	25.084
490.39	27.327
490.60	28.201
490.81	28.493
491.02	25.307
491.23	29.037
491.43	25.190
491.64	26.858
491.85	27.142
492.06	25.581
492.27	24.518
492.48	27.501
492.69	27.051
492.90	26.280
493.11	25.510
493.31	26.510
493.52	26.559
493.73	27.765
493.94	28.063
494.15	26.511
494.36	28.187
494.57	26.963
494.78	26.528
494.98	26.990
495.19	27.489
495.40	26.140
495.61	26.826
495.82	27.305
496.03	27.023
496.24	26.685
496.44	28.820
496.65	26.939
496.86	25.747
497.07	27.227
497.28	26.774
497.49	27.972
497.70	27.295
497.90	27.493
498.11	27.232
498.32	26.365
498.53	26.951
498.74	28.001
498.95	26.358
499.15	27.298
499.36	26.547
499.57	27.228
499.78	26.910
499.99	28.310
500.20	28.016
500.40	29.226
500.61	28.235
500.82	28.036
501.03	28.382
501.24	26.808
501.45	27.325
501.65	26.140
501.86	26.777
502.07	26.607
502.28	27.618
502.49	29.482
502.70	26.913
502.90	26.994
503.11	27.800
503.32	28.030
503.53	26.835
503.74	27.931
503.94	27.916
504.15	27.497
504.36	28.446
504.57	27.616
504.78	28.500
504.98	26.768
505.19	27.341
505.40	26.902
505.61	28.348
505.82	27.831
506.02	28.225
506.23	28.051
506.44	27.866
506.65	28.469
506.86	27.834
507.06	28.270
507.27	27.898
507.48	27.722
507.69	27.878
507.90	27.380
508.10	28.547
508.31	28.804
508.52	28.329
508.73	28.718
508.94	28.039
509.14	27.760
509.35	28.195
509.56	29.133
509.77	28.422
509.97	30.581
510.18	27.258
510.39	28.345
510.60	28.657
510.80	28.584
511.01	27.936
511.22	27.935
511.43	28.402
511.64	28.189
511.84	29.081
512.05	28.415
512.26	29.047
512.47	28.817
512.67	28.915
512.88	29.345
513.09	29.642
513.30	29.117
513.50	30.367
513.71	28.938
513.92	30.138
514.13	28.209
514.33	29.030
514.54	30.414
514.75	29.953
514.96	28.625
515.16	30.373
515.37	30.177
515.58	28.683
515.78	30.233
515.99	30.201
516.20	29.852
516.41	30.730
516.61	29.642
516.82	30.495
517.03	30.380
517.24	29.789
517.44	30.670
517.65	31.305
517.86	29.395
518.07	29.654
518.27	30.660
518.48	31.224
518.69	31.510
518.89	31.616
519.10	30.250
519.31	31.440
519.52	32.042
519.72	31.507
519.93	32.730
520.14	31.599
520.34	32.184
520.55	32.094
520.76	32.965
520.96	33.266
521.17	31.972
521.38	33.715
521.59	32.409
521.79	31.987
522.00	32.790
522.21	33.866
522.41	31.877
522.62	33.704
522.83	34.119
523.03	33.592
523.24	33.743
523.45	34.031
523.66	34.372
523.86	34.012
524.07	34.122
524.28	34.521
524.48	34.097
524.69	34.400
524.90	33.578
525.10	35.089
525.31	34.415
525.52	34.776
525.72	35.319
525.93	34.683
526.14	34.752
526.34	36.085
526.55	35.440
526.76	34.715
526.96	35.584
527.17	36.477
527.38	35.926
527.58	36.327
527.79	35.798
528.00	36.883
528.20	36.012
528.41	36.247
528.62	36.886
528.82	37.038
529.03	36.595
529.24	36.907
529.44	37.818
529.65	38.297
529.85	37.964
530.06	37.836
530.27	38.678
530.47	37.677
530.68	37.141
530.89	37.088
531.09	39.410
531.30	38.036
531.51	38.247
531.71	39.258
531.92	37.405
532.13	38.413
532.33	39.502
532.54	38.625
532.74	38.176
532.95	39.284
533.16	38.935
533.36	38.469
533.57	39.054
533.78	40.313
533.98	40.027
534.19	40.009
534.39	40.010
534.60	38.618
534.81	39.178
535.01	39.556
535.22	40.615
535.42	40.034
535.63	39.278
535.84	39.355
536.04	40.043
536.25	41.788
536.45	40.662
536.66	40.090
536.87	39.965
537.07	39.817
537.28	40.178
537.48	40.221
537.69	41.053
537.90	40.426
538.10	40.930
538.31	40.671
538.51	40.803
538.72	40.688
538.93	40.306
539.13	40.999
539.34	41.033
539.54	41.036
539.75	41.582
539.96	40.671
540.16	40.453
540.37	41.285
540.57	41.484
540.78	40.832
540.98	41.328
541.19	41.728
541.40	41.040
541.60	42.224
541.81	41.829
542.01	41.924
542.22	41.308
542.42	41.607
542.63	41.249
542.83	41.669
543.04	41.581
543.25	41.990
543.45	41.968
543.66	42.416
543.86	42.151
544.07	41.371
544.27	41.867
544.48	42.058
544.68	42.314
544.89	41.996
545.10	42.072
545.30	42.187
545.51	41.886
545.71	42.379
545.92	41.538
546.12	42.169
546.33	41.965
546.53	41.932
546.74	41.760
546.94	41.462
547.15	41.982
547.36	42.040
547.56	42.193
547.77	41.694
547.97	41.889
548.18	41.986
548.38	42.469
548.59	43.014
548.79	42.935
549.00	42.518
549.20	42.368
549.41	42.224
549.61	42.287
549.82	42.186
550.02	42.257
550.23	42.066
550.43	42.928
550.64	42.076
550.84	41.802
551.05	43.184
551.25	42.583
551.46	43.095
551.66	42.528
551.87	42.263
552.07	43.309
552.28	42.430
552.48	42.655
552.69	42.964
552.89	42.960
553.10	42.511
553.30	43.753
553.51	43.104
553.71	41.847
553.92	42.935
554.12	42.645
554.33	41.694
554.53	42.304
554.74	42.371
554.94	42.891
555.15	43.567
555.35	43.327
555.56	42.486
555.76	43.362
555.97	42.891
556.17	42.610
556.38	41.854
556.58	43.190
556.78	43.038
556.99	42.211
557.19	42.696
557.40	42.762
557.60	43.115
557.81	42.255
558.01	43.093
558.22	42.235
558.42	42.606
558.63	43.449
558.83	42.607
559.04	42.328
559.24	43.303
559.44	42.611
559.65	43.133
559.85	42.230
560.06	42.159
560.26	43.276
560.47	43.455
560.67	41.559
560.88	43.285
561.08	42.589
561.28	43.278
561.49	43.327
561.69	42.994
561.90	42.079
562.10	42.125
562.31	42.126
562.51	41.465
562.71	41.759
562.92	42.640
563.12	42.328
563.33	42.357
563.53	42.359
563.74	42.482
563.94	42.808
564.14	42.112
564.35	41.287
564.55	42.157
564.76	42.369
564.96	41.329
565.17	40.712
565.37	41.638
565.57	41.717
565.78	42.361
565.98	41.112
566.19	41.836
566.39	42.686
566.59	40.758
566.80	40.880
567.00	41.338
567.21	41.414
567.41	41.381
567.61	41.285
567.82	41.514
568.02	40.282
568.23	40.726
568.43	40.771
568.63	41.092
568.84	40.836
569.04	40.455
569.24	39.391
569.45	40.498
569.65	40.373
569.86	40.453
570.06	39.791
570.26	39.620
570.47	39.081
570.67	39.736
570.87	40.126
571.08	39.667
571.28	40.748
571.49	39.905
571.69	40.100
571.89	38.858
572.10	39.470
572.30	39.288
572.50	39.771
572.71	40.189
572.91	39.467
573.11	39.050
573.32	38.919
573.52	38.413
573.73	38.872
573.93	38.964
574.13	39.371
574.34	38.523
574.54	38.641
574.74	38.786
574.95	38.571
575.15	38.473
575.35	38.230
575.56	38.310
575.76	38.246
575.96	37.879
576.17	38.083
576.37	37.549
576.57	38.220
576.78	38.039
576.98	37.938
577.18	37.491
577.39	38.146
577.59	37.560
577.79	37.434
578.00	38.162
578.20	37.250
578.40	36.865
578.61	38.057
578.81	36.315
579.01	37.232
579.22	36.532
579.42	36.208
579.62	35.837
579.82	36.374
580.03	36.348
580.23	35.969
580.43	36.721
580.64	37.006
580.84	35.643
581.04	35.707
581.25	36.602
581.45	36.101
581.65	35.611
581.86	36.304
582.06	35.670
582.26	35.684
582.46	38.082
582.67	36.120
582.87	36.109
583.07	35.912
583.28	36.365
583.48	35.555
583.68	36.210
583.88	34.925
584.09	35.742
584.29	35.548
584.49	35.439
584.70	35.195
584.90	34.897
585.10	34.681
585.30	35.276
585.51	35.292
585.71	34.478
585.91	35.236
586.11	35.548
586.32	34.778
586.52	35.067
586.72	34.908
586.92	35.333
587.13	34.696
587.33	34.300
587.53	35.262
587.74	34.474
587.94	34.347
588.14	34.519
588.34	34.657
588.55	34.494
588.75	34.056
588.95	34.443
589.15	35.031
589.36	34.111
589.56	34.582
589.76	34.599
589.96	34.262
590.16	34.376
590.37	34.463
590.57	34.117
590.77	34.731
590.97	33.231
591.18	33.532
591.38	34.198
591.58	33.038
591.78	33.699
591.99	33.293
592.19	34.105
592.39	34.372
592.59	34.377
592.79	34.359
593.00	34.022
593.20	34.182
593.40	33.221
593.60	32.911
593.81	33.552
594.01	33.448
594.21	34.022
594.41	33.850
594.61	33.310
594.82	32.700
595.02	33.172
595.22	33.341
595.42	33.168
595.62	33.622
595.83	33.441
596.03	33.066
596.23	33.189
596.43	33.611
596.63	32.679
596.84	33.467
597.04	33.167
597.24	33.309
597.44	32.564
597.64	34.004
597.84	33.268
598.05	33.017
598.25	32.836
598.45	33.362
598.65	33.113
598.85	33.305
599.06	32.585
599.26	32.708
599.46	33.311
599.66	33.197
599.86	33.064
600.06	33.240
600.27	33.300
600.47	32.175
600.67	33.032
600.87	32.800
601.07	32.774
601.27	33.012
601.48	33.015
601.68	32.442
601.88	32.937
602.08	33.536
602.28	32.305
602.48	33.112
602.68	32.754
602.89	32.664
603.09	33.290
603.29	33.140
603.49	32.488
603.69	32.897
603.89	32.639
604.09	32.070
604.30	32.971
604.50	32.216
604.70	32.361
604.90	32.734
605.10	32.509
605.30	31.889
605.50	33.403
605.71	32.057
605.91	32.121
606.11	33.230
606.31	33.112
606.51	32.823
606.71	31.918
606.91	31.516
607.11	32.358
607.32	31.638
607.52	32.009
607.72	32.671
607.92	32.440
608.12	32.989
608.32	33.277
608.52	31.829
608.72	32.158
608.92	32.497
609.12	32.536
609.33	32.381
609.53	33.012
609.73	32.657
609.93	31.916
610.13	32.139
610.33	32.273
610.53	31.968
610.73	32.424
610.93	31.544
611.13	31.788
611.34	31.972
611.54	32.129
611.74	32.072
611.94	31.801
612.14	32.019
612.34	32.058
612.54	31.177
612.74	32.420
612.94	31.557
613.14	31.448
613.34	31.893
613.54	32.739
613.74	31.900
613.95	31.770
614.15	31.913
614.35	31.469
614.55	31.606
614.75	31.424
614.95	31.318
615.15	30.936
615.35	31.488
615.55	30.900
615.75	30.901
615.95	31.648
616.15	31.140
616.35	31.049
616.55	31.287
616.75	30.840
616.95	31.128
617.15	31.354
617.35	31.680
617.56	31.214
617.76	31.182
617.96	30.589
618.16	31.237
618.36	30.765
618.56	31.002
618.76	30.190
618.96	30.752
619.16	30.348
619.36	31.274
619.56	30.103
619.76	31.291
619.96	31.331
620.16	30.957
620.36	30.757
620.56	30.455
620.76	30.741
620.96	30.384
621.16	30.487
621.36	30.794
621.56	30.887
621.76	30.789
621.96	31.029
622.16	30.784
622.36	30.468
622.56	31.158
622.76	30.593
622.96	30.478
623.16	30.654
623.36	30.345
623.56	30.898
623.76	30.124
623.96	30.531
624.16	30.486
624.36	30.135
624.56	30.358
624.76	30.171
624.96	30.245
625.16	31.228
625.36	30.007
625.56	30.335
625.76	30.017
625.96	30.164
626.16	30.178
626.36	30.257
626.56	30.206
626.76	29.923
626.96	30.660
627.16	30.058
627.36	30.023
627.56	30.252
627.76	30.427
627.96	30.246
628.16	30.038
628.36	29.706
628.56	29.555
628.75	30.509
628.95	31.375
629.15	30.190
629.35	30.047
629.55	30.823
629.75	29.842
629.95	31.181
630.15	29.951
630.35	30.439
630.55	30.083
630.75	30.313
630.95	30.298
631.15	29.865
631.35	30.482
631.55	29.778
631.75	29.799
631.95	30.304
632.15	30.021
632.34	30.122
632.54	29.646
632.74	29.320
632.94	29.665
633.14	29.648
633.34	29.987
633.54	29.974
633.74	29.617
633.94	29.978
634.14	30.171
634.34	29.645
634.54	29.788
634.74	30.024
634.93	30.409
635.13	29.494
635.33	29.985
635.53	29.571
635.73	29.637
635.93	29.746
636.13	29.522
636.33	30.088
636.53	29.657
636.73	29.595
636.93	29.335
637.12	29.199
637.32	29.932
637.52	29.953
637.72	29.978
637.92	29.657
638.12	29.400
638.32	29.486
638.52	29.771
638.72	29.667
638.91	29.145
639.11	29.643
639.31	29.646
639.51	29.132
639.71	28.954
639.91	29.162
640.11	29.682
640.31	29.206
640.50	29.020
640.70	29.359
640.90	29.034
641.10	29.695
641.30	28.469
641.50	28.794
641.70	28.642
641.89	29.577
642.09	28.830
642.29	29.467
642.49	28.614
642.69	28.538
642.89	28.673
643.09	29.038
643.28	28.850
643.48	29.193
643.68	28.701
643.88	28.717
644.08	28.081
644.28	28.444
644.48	28.845
644.67	28.321
644.87	28.412
645.07	28.458
645.27	28.419
645.47	28.502
645.67	28.002
645.86	28.685
646.06	28.454
646.26	28.214
646.46	27.858
646.66	28.665
646.85	29.104
647.05	27.778
647.25	27.783
647.45	27.775
647.65	27.958
647.85	27.739
648.04	28.499
648.24	28.321
648.44	27.938
648.64	28.031
648.84	27.791
649.03	27.638
649.23	27.945
649.43	27.245
649.63	28.062
649.83	27.566
650.02	28.490
650.22	27.997
650.42	27.885
650.62	28.203
650.82	27.896
651.01	28.176
651.21	27.829
651.41	27.184
651.61	28.203
651.81	27.040
652.00	27.074
652.20	26.912
652.40	27.527
652.60	27.226
652.79	27.831
652.99	27.513
653.19	27.917
653.39	27.853
653.59	27.471
653.78	26.832
653.98	27.169
654.18	27.773
654.38	26.586
654.57	26.862
654.77	26.483
654.97	27.514
655.17	27.180
655.36	26.591
655.56	27.099
655.76	27.272
655.96	27.190
656.15	26.808
656.35	27.015
656.55	26.915
656.75	27.375
656.94	26.815
657.14	26.604
657.34	26.408
657.54	26.751
657.73	26.958
657.93	27.450
658.13	26.815
658.33	27.046
658.52	27.153
658.72	27.409
658.92	26.921
659.11	26.515
659.31	27.554
659.51	27.018
659.71	26.884
659.90	27.599
660.10	26.563
660.30	27.135
660.50	26.975
660.69	27.031
660.89	26.609
661.09	26.420
661.28	26.878
661.48	26.637
661.68	26.990
661.87	26.552
662.07	26.667
662.27	26.961
662.47	26.687
662.66	26.826
662.86	26.972
663.06	26.323
663.25	27.333
663.45	27.076
663.65	27.167
663.84	27.063
664.04	26.431
664.24	26.656
664.44	26.538
664.63	26.468
664.83	25.994
665.03	26.669
665.22	26.671
665.42	26.032
665.62	26.381
665.81	26.650
666.01	26.772
666.21	26.783
666.40	26.729
666.60	26.349
666.80	26.521
666.99	26.353
667.19	26.203
667.39	26.638
667.58	26.299
667.78	26.214
667.98	25.905
668.17	26.128
668.37	25.874
668.57	26.515
668.76	26.202
668.96	27.100
669.16	26.607
669.35	26.606
669.55	26.653
669.74	26.410
669.94	26.206
670.14	26.518
670.33	26.263
670.53	26.448
670.73	25.949
670.92	26.233
671.12	26.684
671.32	25.683
671.51	25.952
671.71	25.714
671.90	26.766
672.10	26.393
672.30	26.784
672.49	26.581
672.69	26.458
672.89	26.619
673.08	26.105
673.28	25.752
673.47	26.326
673.67	26.197
673.87	26.172
674.06	26.209
674.26	25.601
674.45	26.628
674.65	26.356
674.85	26.191
675.04	26.255
675.24	26.350
675.43	26.411
675.63	26.127
675.83	26.549
676.02	26.153
676.22	26.163
676.41	26.355
676.61	27.029
676.81	26.478
677.00	26.501
677.20	26.585
677.39	26.179
677.59	26.305
677.79	25.689
677.98	26.215
678.18	26.447
678.37	26.943
678.57	26.040
678.76	25.877
678.96	26.405
679.16	26.706
679.35	26.484
679.55	26.282
679.74	26.541
679.94	26.548
680.13	25.577
680.33	26.296
680.53	26.625
680.72	25.977
680.92	26.943
681.11	26.343
681.31	26.477
681.50	26.356
681.70	26.782
681.89	26.746
682.09	25.841
682.28	26.553
682.48	25.996
682.68	26.467
682.87	26.215
683.07	26.934
683.26	26.744
683.46	26.260
683.65	26.739
683.85	26.581
684.04	26.646
684.24	26.449
684.43	26.800
684.63	26.261
684.82	27.143
685.02	26.018
685.21	26.178
685.41	26.872
685.60	27.032
685.80	26.695
686.00	27.203
686.19	27.573
686.39	26.519
686.58	26.601
686.78	26.534
686.97	26.154
687.17	27.058
687.36	27.087
687.56	26.477
687.75	26.912
687.95	26.685
688.14	26.469
688.34	26.824
688.53	27.168
688.73	26.457
688.92	26.993
689.12	27.099
689.31	27.431
689.51	26.861
689.70	26.959
689.89	26.861
690.09	27.075
690.28	26.864
690.48	27.321
690.67	27.386
690.87	27.209
691.06	27.511
691.26	27.455
691.45	27.513
691.65	27.942
691.84	27.352
692.04	27.128
692.23	27.617
692.43	27.467
692.62	28.332
692.82	28.577
693.01	27.560
693.20	28.507
693.40	27.984
693.59	28.110
693.79	29.565
693.98	28.728
694.18	28.636
694.37	28.457
694.57	28.704
694.76	29.494
694.95	29.506
695.15	29.266
695.34	30.498
695.54	29.803
695.73	29.919
695.93	30.965
696.12	30.507
696.32	30.808
696.51	31.041
696.70	31.486
696.90	31.001
697.09	31.550
697.29	31.876
697.48	31.975
697.67	31.938
697.87	32.462
698.06	33.229
698.26	33.026
698.45	33.024
698.65	33.569
698.84	33.615
699.03	34.316
699.23	34.010
699.42	33.897
699.62	35.084
699.81	35.384
700.00	35.705
700.20	35.283
700.39	35.883
700.59	36.473
700.78	36.614
700.97	36.878
701.17	36.740
701.36	37.428
701.56	37.195
701.75	37.748
701.94	37.707
702.14	38.667
702.33	39.312
702.52	39.471
702.72	40.012
702.91	40.383
703.11	40.169
703.30	41.432
703.49	40.294
703.69	41.408
703.88	41.739
704.07	41.094
704.27	42.074
704.46	42.373
704.66	42.752
704.85	43.470
705.04	43.705
705.24	44.201
705.43	44.252
705.62	45.349
705.82	45.052
706.01	44.954
706.20	44.750
706.40	46.333
706.59	46.182
706.78	46.148
706.98	46.390
707.17	47.609
707.36	47.238
707.56	47.357
707.75	47.305
707.94	48.429
708.14	48.332
708.33	49.335
708.52	49.708
708.72	49.381
708.91	48.676
709.10	50.026
709.30	49.708
709.49	50.888
709.68	50.679
709.88	51.331
710.07	51.096
710.26	51.842
710.46	51.895
710.65	52.356
710.84	53.047
711.04	53.461
711.23	53.052
711.42	53.622
711.61	52.647
711.81	54.824
712.00	53.986
712.19	55.072
712.39	55.169
712.58	55.643
712.77	55.308
712.97	55.602
713.16	56.216
713.35	56.873
713.54	56.939
713.74	57.058
713.93	57.724
714.12	57.354
714.32	57.940
714.51	58.120
714.70	58.456
714.89	58.859
715.09	59.473
715.28	59.083
715.47	60.266
715.66	60.002
715.86	59.844
716.05	60.608
716.24	60.977
716.44	60.979
716.63	61.369
716.82	62.474
717.01	61.892
717.21	61.929
717.40	61.633
717.59	62.851
717.78	62.885
717.98	63.747
718.17	63.326
718.36	63.381
718.55	64.516
718.75	65.114
718.94	65.250
719.13	65.398
719.32	65.864
719.52	65.907
719.71	66.743
719.90	65.640
720.09	65.752
720.28	66.720
720.48	67.465
720.67	68.453
720.86	67.261
721.05	67.655
721.25	68.440
721.44	68.651
721.63	69.210
721.82	68.340
722.01	69.885
722.21	69.179
722.40	70.706
722.59	69.651
722.78	71.253
722.98	69.970
723.17	72.002
723.36	71.341
723.55	72.121
723.74	72.036
723.94	71.187
724.13	72.299
724.32	73.697
724.51	73.814
724.70	72.824
724.89	73.487
725.09	72.690
725.28	74.179
725.47	74.002
725.66	73.817
725.85	75.244
726.05	75.789
726.24	74.990
726.43	76.610
726.62	76.133
726.81	76.290
727.00	76.121
727.20	76.144
727.39	75.773
727.58	76.702
727.77	77.816
727.96	77.508
728.15	77.223
728.35	77.303
728.54	77.850
728.73	78.430
728.92	77.634
729.11	78.263
729.30	78.917
729.50	78.682
729.69	79.433
729.88	78.703
730.07	79.366
730.26	80.054
730.45	80.149
730.64	80.731
730.84	80.657
731.03	80.593
731.22	81.859
731.41	80.906
731.60	81.170
731.79	80.821
731.98	82.270
732.18	82.315
732.37	81.798
732.56	82.668
732.75	82.361
732.94	82.209
733.13	83.518
733.32	83.624
733.51	83.152
733.71	83.319
733.90	83.383
734.09	84.255
734.28	84.269
734.47	83.196
734.66	84.873
734.85	84.460
735.04	84.809
735.23	84.637
735.42	85.266
735.62	86.581
735.81	85.300
736.00	86.132
736.19	86.456
736.38	85.988
736.57	86.215
736.76	86.534
736.95	87.052
737.14	87.557
737.33	86.941
737.52	87.298
737.72	86.333
737.91	87.582
738.10	88.066
738.29	87.575
738.48	87.719
738.67	88.531
738.86	87.908
739.05	88.528
739.24	89.477
739.43	86.939
739.62	88.681
739.81	88.908
740.00	88.671
740.19	89.484
740.39	88.553
740.58	88.874
740.77	88.683
740.96	89.952
741.15	90.009
741.34	89.402
741.53	90.747
741.72	88.858
741.91	89.345
742.10	90.153
742.29	90.751
742.48	90.712
742.67	90.432
742.86	90.819
743.05	90.936
743.24	90.231
743.43	91.193
743.62	91.253
743.81	91.436
744.00	91.913
744.19	91.269
744.38	90.915
744.57	91.732
744.76	91.533
744.95	91.600
745.14	90.567
745.33	92.412
745.52	90.862
745.71	92.282
745.90	92.731
746.09	91.329
746.28	92.565
746.47	92.343
746.66	92.948
746.85	93.774
747.04	91.848
747.23	92.608
747.42	92.255
747.61	92.546
747.80	92.386
747.99	92.784
748.18	93.693
748.37	92.483
748.56	92.045
748.75	93.302
748.94	93.725
749.13	93.560
749.32	92.840
749.51	93.480
749.70	94.159
749.89	93.880
750.08	93.463
750.27	93.154
750.46	94.655
750.65	93.638
750.84	93.114
751.03	93.762
751.22	93.795
751.41	94.163
751.60	92.394
751.79	93.653
751.98	93.328
752.17	93.335
752.36	93.816
752.55	94.457
752.74	94.229
752.93	94.237
753.12	94.169
753.30	95.567
753.49	96.324
753.68	94.480
753.87	94.300
754.06	94.962
754.25	95.494
754.44	94.616
754.63	94.460
754.82	94.801
755.01	95.758
755.20	95.551
755.39	94.905
755.58	93.752
755.77	94.958
755.96	94.049
756.14	96.043
756.33	95.118
756.52	94.498
756.71	94.764
756.90	94.599
757.09	95.580
757.28	93.035
757.47	94.303
757.66	94.734
757.85	95.944
758.04	95.659
758.22	95.333
758.41	95.554
758.60	95.735
758.79	95.227
758.98	94.975
759.17	95.974
759.36	94.676
759.55	95.183
759.74	94.475
759.92	95.542
760.11	95.107
760.30	96.128
760.49	94.868
760.68	95.463
760.87	95.261
761.06	95.779
761.25	95.686
761.43	96.324
761.62	95.797
761.81	96.645
762.00	94.436
762.19	95.260
762.38	95.891
762.57	94.899
762.76	95.333
762.94	94.700
763.13	94.389
763.32	96.058
763.51	95.618
763.70	95.299
763.89	95.843
764.07	96.066
764.26	97.010
764.45	96.381
764.64	95.751
764.83	96.361
765.02	95.209
765.21	94.791
765.39	95.749
765.58	94.978
765.77	95.318
765.96	96.062
766.15	96.030
766.34	95.863
766.52	94.879
766.71	95.562
766.90	95.337
767.09	95.151
767.28	96.363
767.46	94.972
767.65	94.522
767.84	95.646
768.03	96.640
768.22	96.380
768.40	95.294
768.59	96.626
768.78	95.240
768.97	95.180
769.16	96.105
769.34	96.268
769.53	95.397
769.72	97.015
769.91	96.691
770.10	96.538
770.28	96.623
770.47	96.232
770.66	96.025
770.85	95.916
771.04	95.178
771.22	93.720
771.41	95.810
771.60	95.517
771.79	95.068
771.98	96.969
772.16	97.708
772.35	96.254
772.54	95.907
772.73	96.407
772.91	97.224
773.10	94.899
773.29	95.109
773.48	96.439
773.66	96.364
773.85	95.335
774.04	95.511
774.23	96.856
774.41	96.746
774.60	96.413
774.79	95.893
774.98	96.559
775.16	96.277
775.35	95.779
775.54	95.193
775.73	95.329
775.91	95.749
776.10	94.676
776.29	97.223
776.48	95.089
776.66	97.128
776.85	95.410
777.04	96.155
777.23	96.796
777.41	97.189
777.60	96.101
777.79	95.056
777.97	96.557
778.16	95.713
778.35	95.008
778.54	95.332
778.72	95.895
778.91	97.153
779.10	96.177
779.28	95.882
779.47	96.259
779.66	95.887
779.85	96.111
780.03	96.247
780.22	96.258
780.41	95.973
780.59	96.822
780.78	95.674
780.97	96.533
781.15	97.594
781.34	96.914
781.53	96.145
781.71	97.129
781.90	95.977
782.09	96.156
782.27	96.648
782.46	96.014
782.65	96.440
782.84	96.999
783.02	94.947
783.21	97.638
783.40	95.054
783.58	96.563
783.77	94.944
783.96	95.998
784.14	95.650
784.33	96.760
784.52	96.407
784.70	96.442
784.89	96.640
785.07	97.349
785.26	94.848
785.45	96.829
785.63	96.134
785.82	95.477
786.01	95.678
786.19	95.865
786.38	97.157
786.57	96.217
786.75	95.594
786.94	94.822
787.13	95.906
787.31	96.848
787.50	96.782
787.68	96.264
787.87	95.984
788.06	97.262
788.24	95.083
788.43	97.096
788.62	95.631
788.80	96.465
788.99	95.738
789.17	97.352
789.36	95.696
789.55	96.314
789.73	95.760
789.92	95.896
790.10	97.286
790.29	94.906
790.48	95.199
790.66	96.540
790.85	95.674
791.03	95.658
791.22	95.319
791.41	96.307
791.59	96.063
791.78	96.259
791.96	94.966
792.15	96.300
792.34	95.543
792.52	96.500
792.71	95.212
792.89	94.681
793.08	95.171
793.27	96.200
793.45	94.599
793.64	95.449
793.82	94.913
794.01	94.505
794.19	96.951
794.38	95.964
794.57	96.657
794.75	95.482
794.94	96.225
795.12	95.703
795.31	95.561
795.49	95.427
795.68	95.232
795.86	96.785
796.05	96.009
796.24	96.214
796.42	97.115
796.61	95.383
796.79	95.795
796.98	96.949
797.16	95.003
797.35	94.765
797.53	95.395
797.72	95.558
797.90	95.553
798.09	96.521
798.27	95.948
798.46	96.025
798.65	95.196
798.83	97.029
799.02	95.455
799.20	96.717
799.39	96.394
799.57	96.050
799.76	95.985
799.94	94.462
800.13	96.051
800.31	95.845
800.50	97.878
800.68	94.885
800.87	95.969
801.05	95.038
801.24	96.663
801.42	96.476
801.61	95.730
801.79	96.278
801.98	96.413
802.16	96.574
802.35	95.909
802.53	96.357
802.72	95.038
802.90	95.235
803.09	96.389
803.27	96.055
803.46	95.282
803.64	95.200
803.83	96.366
804.01	96.871
804.20	96.351
804.38	96.258
804.56	96.830
804.75	96.467
804.93	95.240
805.12	95.850
805.30	97.219
805.49	97.403
805.67	96.897
805.86	96.228
806.04	96.086
806.23	95.276
806.41	95.634
806.59	95.973
806.78	96.358
806.96	96.349
807.15	96.952
807.33	95.951
807.52	96.272
807.70	96.109
807.89	94.515
808.07	96.189
808.25	95.953
808.44	95.295
808.62	96.936
808.81	95.667
808.99	95.244
809.18	96.707
809.36	97.063
809.54	96.954
809.73	96.261
809.91	96.398
810.10	95.678
810.28	94.872
810.47	95.451
810.65	96.420
810.83	95.975
811.02	93.999
811.20	96.481
811.39	95.645
811.57	97.761
811.75	95.986
811.94	96.730
812.12	97.008
812.31	95.372
812.49	95.365
812.67	96.817
812.86	96.354
813.04	95.334
813.23	96.749
813.41	96.169
813.59	96.481
813.78	95.564
813.96	96.407
814.14	95.708
814.33	96.532
814.51	94.357
814.70	96.215
814.88	96.033
815.06	95.317
815.25	96.442
815.43	95.976
815.61	95.377
815.80	95.645
815.98	96.028
816.16	94.402
816.35	95.327
816.53	96.825
816.72	94.908
816.90	96.477
817.08	95.192
817.27	96.151
817.45	96.281
817.63	95.748
817.82	96.716
818.00	96.716
818.18	96.095
818.37	95.342
818.55	96.347
818.73	95.060
818.92	95.646
819.10	97.620
819.28	96.315
819.47	95.764
819.65	96.199
819.83	94.512
820.02	96.055
820.20	95.835
820.38	96.778
820.57	96.074
820.75	94.498
820.93	97.100
821.11	95.764
821.30	96.789
821.48	95.492
821.66	95.756
821.85	96.491
822.03	96.911
822.21	93.873
822.40	96.343
822.58	95.673
822.76	96.407
822.94	97.383
823.13	95.965
823.31	95.840
823.49	96.101
823.68	95.508
823.86	96.934
824.04	96.712
824.22	94.757
824.41	94.797
824.59	96.876
824.77	95.887
824.96	95.218
825.14	95.410
825.32	94.847
825.50	95.787
825.69	96.388
825.87	95.800
826.05	97.016
826.23	97.841
826.42	96.874
826.60	95.382
826.78	96.989
826.96	97.097
827.15	95.260
827.33	95.188
827.51	95.622
827.69	95.540
827.88	96.073
828.06	95.398
828.24	94.587
828.42	95.325
828.61	96.191
828.79	95.647
828.97	94.940
829.15	96.227
829.34	96.367
829.52	96.868
829.70	95.010
829.88	95.541
830.06	93.802
830.25	96.201
830.43	98.196
830.61	95.780
830.79	96.841
830.97	96.540
831.16	95.724
831.34	96.332
831.52	94.668
831.70	95.304
831.89	95.545
832.07	95.149
832.25	95.527
832.43	94.622
832.61	96.100
832.80	95.344
832.98	95.216
833.16	94.704
833.34	96.293
833.52	96.039
833.70	96.099
833.89	95.295
834.07	95.544
834.25	96.232
834.43	95.084
834.61	95.514
834.80	95.043
834.98	95.816
835.16	97.063
835.34	95.578
835.52	95.986
835.70	96.194
835.89	95.393
836.07	96.172
836.25	97.393
836.43	94.939
836.61	95.045
836.79	95.671
836.97	96.352
837.16	96.180
837.34	96.731
837.52	95.494
837.70	94.940
837.88	96.204
838.06	97.367
838.24	94.632
838.43	95.393
838.61	95.378
838.79	96.417
838.97	96.654
839.15	95.539
839.33	97.171
839.51	96.159
839.70	94.696
839.88	96.976
840.06	95.375
840.24	94.423
840.42	95.527
840.60	95.803
840.78	96.462
840.96	96.001
841.14	95.506
841.33	96.194
841.51	96.305
841.69	96.536
841.87	96.551
842.05	94.007
842.23	95.090
842.41	95.455
842.59	95.603
842.77	95.396
842.95	95.215
843.14	94.024
843.32	95.422
843.50	96.130
843.68	96.034
843.86	96.487
844.04	93.928
844.22	95.202
844.40	96.358
844.58	97.980
844.76	96.001
844.94	94.420
845.12	95.081
845.30	97.208
845.49	96.007
845.67	95.743
845.85	95.129
846.03	94.902
846.21	95.556
846.39	95.652
846.57	94.611
846.75	95.325
846.93	96.008
847.11	94.765
847.29	96.478
847.47	96.410
847.65	95.274
847.83	96.979
848.01	95.742
848.19	94.112
848.37	95.480
848.55	94.789
848.73	96.000
848.91	96.277
849.09	96.978
849.27	95.432
849.46	97.146
849.64	96.357
849.82	94.481
850.00	95.923
850.18	94.000
850.36	96.143
850.54	95.914
850.72	95.682
850.90	95.135
851.08	96.372
851.26	95.006
851.44	96.181
851.62	95.030
851.80	97.386
851.98	95.275
852.16	97.083
852.34	95.099
852.52	94.939
852.70	96.193
852.88	96.309
853.06	96.538
853.24	97.694
853.42	94.521
853.60	94.734
853.78	95.118
853.96	94.362
854.14	97.129
854.31	96.698
854.49	95.501
854.67	95.827
854.85	96.483
855.03	95.702
855.21	95.590
855.39	97.339
855.57	95.003
855.75	96.771
855.93	94.717
856.11	94.898
856.29	96.064
856.47	95.722
856.65	94.727
856.83	97.134
857.01	93.311
857.19	95.645
857.37	95.784
857.55	94.826
857.73	96.508
857.91	95.978
858.09	96.036
858.26	95.162
858.44	95.025
858.62	95.445
858.80	96.675
858.98	96.888
859.16	97.589
859.34	94.693
859.52	95.070
859.70	95.464
859.88	95.073
860.06	96.709
860.24	96.740
860.42	94.699
860.59	97.172
860.77	95.073
860.95	96.406
861.13	96.342
861.31	95.288
861.49	95.330
861.67	95.435
861.85	95.207
862.03	96.606
862.21	96.950
862.38	95.753
862.56	96.144
862.74	96.570
862.92	97.420
863.10	97.040
863.28	97.611
863.46	96.392
863.64	96.904
863.82	95.958
863.99	94.225
864.17	95.146
864.35	95.765
864.53	94.638
864.71	95.319
864.89	95.742
865.07	96.506
865.24	97.309
865.42	98.369
865.60	96.410
865.78	96.761
865.96	96.512
866.14	95.876
866.32	96.075
866.49	94.728
866.67	95.540
866.85	97.707
867.03	94.073
867.21	97.176
867.39	96.547
867.56	94.244
867.74	96.893
867.92	95.900
868.10	96.483
868.28	94.120
868.46	94.653
868.63	96.207
868.81	94.574
868.99	96.323
869.17	95.937
869.35	96.864
869.53	95.952
869.70	94.634
869.88	95.524
870.06	94.835
870.24	94.752
870.42	94.396
870.59	93.532
870.77	95.037
870.95	95.396
871.13	96.162
871.31	94.099
871.48	96.784
871.66	96.184
871.84	96.078
872.02	97.055
872.20	95.821
872.37	97.046
872.55	96.529
872.73	97.138
872.91	97.063
873.08	95.541
873.26	94.376
873.44	95.506
873.62	95.681
873.80	94.188
873.97	94.644
874.15	96.146
874.33	96.276
874.51	97.205
874.68	94.538
874.86	95.021
875.04	95.404
875.22	94.748
875.39	96.477
875.57	95.232
875.75	94.434
875.93	94.913
876.10	94.661
876.28	96.607
876.46	96.442
876.64	94.859
876.81	95.815
876.99	97.397
877.17	94.918
877.35	93.882
877.52	93.598
877.70	96.036
877.88	96.127
878.06	95.974
878.23	95.992
878.41	96.267
878.59	97.042
878.76	97.266
878.94	97.408
879.12	93.794
879.30	95.017
879.47	95.258
879.65	94.878
879.83	93.546
880.00	96.831
880.18	95.639
880.36	94.203
880.53	94.223
880.71	93.770
880.89	97.244
881.07	94.952
881.24	94.288
881.42	97.299
881.60	98.253
881.77	94.816
881.95	97.206
882.13	96.496
882.30	94.743
882.48	94.584
882.66	95.213
882.83	95.853
883.01	95.735
883.19	96.559
883.36	96.933
883.54	94.093
883.72	92.664
883.89	95.650
884.07	95.283
884.25	95.964
884.42	95.882
884.60	96.197
884.78	98.296
884.95	95.746
885.13	96.796
885.31	93.344
885.48	94.900
885.66	96.950
885.84	96.691
886.01	95.962
886.19	95.854
886.36	96.135
886.54	94.768
886.72	96.764
886.89	96.905
887.07	97.721
887.25	96.930
887.42	96.392
887.60	93.422
887.78	96.082
887.95	95.584
888.13	95.900
888.30	96.431
888.48	95.257
888.66	95.104
888.83	95.648
889.01	97.944
889.18	99.136
889.36	96.435
889.54	94.584
889.71	96.892
889.89	95.726
890.06	94.327
890.24	97.167
890.42	96.742
890.59	97.050
890.77	96.278
890.94	95.720
891.12	94.761
891.30	96.958
891.47	97.707
891.65	96.707
891.82	96.625
892.00	95.006
892.17	99.302
892.35	95.540
892.53	98.093
892.70	95.568
892.88	94.860
893.05	94.260
893.23	94.805
893.40	95.186
893.58	96.911
893.75	94.796
893.93	94.539
894.11	96.792
894.28	96.749
894.46	95.683
894.63	95.387
894.81	95.975
894.98	97.509
895.16	97.431
895.33	95.615
895.51	96.808
895.68	94.539
895.86	96.559
896.04	98.545
896.21	94.859
896.39	95.254
896.56	96.270
896.74	96.288
896.91	98.629
897.09	96.704
897.26	97.108
897.44	96.521
897.61	96.791
897.79	96.086
897.96	94.856
898.14	93.762
898.31	94.361
898.49	96.996
898.66	95.689
898.84	96.483
899.01	94.158
899.19	95.622
899.36	98.536
899.54	94.866
899.71	96.979
899.89	95.554
900.06	96.316
900.24	95.058
900.41	96.551
900.59	97.685
900.76	96.201
900.94	97.520
901.11	95.879
901.29	95.254
901.46	96.033
901.63	95.131
901.81	96.345
901.98	93.585
902.16	95.776
902.33	98.579
902.51	96.631
902.68	96.324
902.86	98.364
903.03	98.182
903.21	94.676
903.38	96.963
903.56	95.606
903.73	97.040
903.90	94.264
904.08	97.603
904.25	95.517
904.43	94.709
904.60	97.195
904.78	96.636
904.95	95.424
905.12	95.894
905.30	95.388
905.47	95.538
905.65	95.057
905.82	95.985
906.00	94.262
906.17	95.922
906.34	96.738
906.52	97.004
906.69	94.988
906.87	95.224
907.04	95.762
907.21	96.349
907.39	95.606
907.56	94.917
907.74	95.238
907.91	97.680
908.08	92.003
908.26	94.918
908.43	94.135
908.61	95.762
908.78	94.866
908.95	96.888
909.13	97.264
909.30	95.281
909.48	94.274
909.65	97.037
909.82	97.075
910.00	95.854
910.17	95.531
910.34	95.646
910.52	96.138
910.69	94.803
910.87	97.431
911.04	97.806
911.21	94.720
911.39	96.245
911.56	96.429
911.73	94.618
911.91	97.928
912.08	94.937
912.25	97.892
912.43	96.085
912.60	93.801
912.77	94.263
912.95	93.535
913.12	95.870
913.29	97.874
913.47	94.526
913.64	95.446
913.81	95.967
913.99	96.829
914.16	93.514
914.33	96.953
914.51	92.998
914.68	95.720
914.85	95.134
915.03	95.843
915.20	94.310
915.37	94.367
915.55	94.726
915.72	95.760
915.89	94.975
916.07	95.939
916.24	96.012
916.41	95.576
916.59	94.985
916.76	95.769
916.93	95.114
917.10	96.106
917.28	98.947
917.45	95.500
917.62	96.073
917.80	96.246
917.97	94.952
918.14	96.440
918.31	93.656
918.49	97.507
918.66	95.682
918.83	93.768
919.01	96.481
919.18	96.532
919.35	95.186
919.52	96.330
919.70	97.020
919.87	94.303
920.04	93.739
920.21	95.706
920.39	96.551
920.56	96.905
920.73	94.525
920.90	93.405
921.08	96.781
921.25	96.109
921.42	93.660
921.59	97.050
921.77	96.789
921.94	94.740
922.11	95.027
922.28	94.858
922.46	95.093
922.63	96.240
922.80	94.850
922.97	95.289
923.15	96.121
923.32	97.632
923.49	96.411
923.66	98.951
923.83	96.261
924.01	97.579
924.18	96.015
924.35	96.331
924.52	93.770
924.69	93.503
924.87	95.168
925.04	94.544
925.21	94.132
925.38	98.198
925.55	97.875
925.73	96.221
925.90	95.392
926.07	94.719
926.24	95.422
926.41	94.913
926.59	92.857
926.76	93.114
926.93	93.602
927.10	97.177
927.27	92.904
927.45	94.446
927.62	93.060
927.79	95.219
927.96	94.924
928.13	92.556
928.30	95.931
928.48	95.768
928.65	90.130
928.82	94.918
928.99	92.565
929.16	93.605
929.33	92.926
929.50	91.069
929.68	95.467
929.85	95.011
930.02	95.314
930.19	96.147
930.36	97.285
930.53	95.761
930.70	97.227
930.88	97.652
931.05	94.619
931.22	93.082
931.39	95.028
931.56	94.006
931.73	94.765
931.90	95.278
932.08	94.637
932.25	95.995
932.42	94.077
932.59	96.103
932.76	94.423
932.93	94.481
933.10	93.928
933.27	95.628
933.44	98.170
933.62	95.301
933.79	94.012
933.96	95.411
934.13	98.174
934.30	97.064
934.47	95.237
934.64	91.675
934.81	93.502
934.98	95.797
935.15	95.197
935.32	98.121
935.50	92.917
935.67	97.479
935.84	97.213
936.01	98.366
936.18	93.109
936.35	94.306
936.52	91.513
936.69	94.940
936.86	94.654
937.03	95.233
937.20	97.070
937.37	96.497
937.54	93.164
937.71	95.528
937.89	92.991
938.06	95.710
938.23	88.761
938.40	97.752
938.57	95.435
938.74	98.459
938.91	94.325
939.08	100.926
939.25	90.829
939.42	96.988
939.59	90.696
939.76	102.657
939.93	98.305
940.10	94.539
940.27	99.476
940.44	86.155
940.61	94.015
940.78	97.905
940.95	94.490
941.12	97.351
941.29	93.187
941.46	95.208
941.63	101.385
941.80	103.507
941.97	97.891
942.14	99.755
942.31	93.588
942.48	81.207
942.65	98.359
942.82	103.060
942.99	99.033
943.16	91.415
943.33	95.494
943.50	90.507
943.67	96.667
943.84	92.814
944.01	90.783
944.18	95.029
944.35	96.318
944.52	107.705
944.69	88.792
944.86	85.845
945.03	91.540
945.20	99.041
945.37	90.144
945.54	98.188
945.71	100.646
945.88	97.887
946.05	97.994
946.22	98.685
946.39	90.000
946.56	107.439
946.73	96.601
946.90	82.669
947.07	90.160
947.23	92.926
947.40	91.192
947.57	93.278
947.74	88.008
947.91	90.035
948.08	90.502
948.25	97.943
948.42	93.295
948.59	94.929
948.76	92.034
948.93	92.247
949.10	102.921
949.27	95.474
949.44	95.021
949.60	93.816
949.77	99.375
949.94	94.360
950.11	92.914
950.28	99.630
950.45	97.073
950.62	84.481
950.79	100.718
950.96	95.714
951.13	99.937
951.30	90.151
951.46	100.570
951.63	86.606
951.80	95.314
951.97	93.349
952.14	92.388
952.31	96.594
952.48	95.418
952.65	98.415
952.81	88.786
952.98	98.698
953.15	91.476
953.32	99.455
953.49	96.296
953.66	96.264
953.83	95.023
954.00	90.710
954.16	89.809
954.33	96.670
954.50	97.282
954.67	96.829
954.84	100.000
955.01	84.335
955.18	95.485
955.34	90.528
955.51	100.440
955.68	94.250
955.85	94.508
956.02	92.530
956.19	101.668
956.35	94.035
956.52	90.327
956.69	100.798
956.86	91.771
957.03	92.714
957.20	95.151
957.36	99.581
957.53	90.730
957.70	91.182
957.87	92.759
958.04	94.835
958.21	95.977
958.37	91.249
958.54	100.417
958.71	90.642
958.88	89.747
959.05	96.104
959.21	95.302
959.38	92.808
959.55	96.847
959.72	95.604
959.89	98.783
960.05	95.777
960.22	93.133
960.39	93.110
960.56	93.651
960.72	90.842
960.89	91.705
961.06	87.138
961.23	94.926
961.40	91.296
961.56	88.696
961.73	88.842
961.90	95.901
962.07	92.685
962.23	93.764
962.40	90.938
962.57	93.469
962.74	95.730
962.90	95.329
963.07	96.550
963.24	93.213
963.41	94.781
963.57	96.287
963.74	96.128
963.91	95.788
964.08	95.135
964.24	95.747
964.41	92.064
964.58	90.385
964.75	99.858
964.91	86.866
965.08	91.272
965.25	97.386
965.42	96.976
965.58	96.142
965.75	95.147
965.92	97.356
966.08	93.750
966.25	91.696
966.42	90.991
966.59	95.664
966.75	87.752
966.92	99.009
967.09	90.494
967.25	87.737
967.42	93.280
967.59	94.822
967.75	88.624
967.92	89.206
968.09	92.430
968.26	90.679
968.42	92.774
968.59	94.118
968.76	89.138
968.92	92.027
969.09	92.941
969.26	87.912
969.42	90.861
969.59	91.175
969.76	90.857
969.92	96.002
970.09	92.421
970.26	94.428
970.42	97.474
970.59	89.862
970.76	93.853
970.92	90.384
971.09	94.483
971.26	92.770
971.42	100.052
971.59	92.867
971.76	97.842
971.92	97.587
972.09	91.033
972.25	93.744
972.42	95.677
972.59	96.535
972.75	92.178
972.92	98.406
973.09	87.146
973.25	88.618
973.42	87.081
973.58	96.498
973.75	99.338
973.92	96.607
974.08	96.372
974.25	91.687
974.42	94.722
974.58	93.964
974.75	88.421
974.91	92.996
975.08	95.312
975.25	93.588
975.41	93.373
975.58	96.176
975.74	93.502
975.91	94.271
976.08	89.300
976.24	92.587
976.41	89.461
976.57	86.946
976.74	94.252
976.91	97.031
977.07	94.337
977.24	95.321
977.40	91.045
977.57	93.509
977.73	96.441
977.90	102.218
978.07	88.815
978.23	86.825
978.40	97.481
978.56	98.191
978.73	92.137
978.89	94.879
979.06	100.213
979.22	93.803
979.39	95.624
979.56	87.487
979.72	92.635
979.89	99.570
980.05	93.372
980.22	94.975
980.38	90.175
980.55	91.662
980.71	85.838
980.88	91.654
981.04	90.545
981.21	91.648
981.37	93.789
981.54	97.128
981.70	95.130
981.87	102.685
982.04	93.110
982.20	94.986
982.37	92.277
982.53	87.054
982.70	92.701
982.86	94.476
983.03	98.065
983.19	88.258
983.36	96.065
983.52	92.530
983.69	96.741
983.85	95.030
984.02	91.171
984.18	104.629
984.35	93.632
984.51	93.689
984.68	94.705
984.84	97.039
985.00	88.609
985.17	90.857
985.33	94.579
985.50	86.800
985.66	82.720
985.83	93.652
985.99	99.043
986.16	97.541
986.32	92.830
986.49	97.383
986.65	96.499
986.82	102.207
986.98	90.996
987.15	100.583
987.31	94.188
987.47	95.322
987.64	91.599
987.80	96.899
987.97	93.754
988.13	94.370
988.30	91.061
988.46	100.209
988.63	88.988
988.79	92.957
988.95	85.428
989.12	100.130
989.28	87.445
989.45	92.692
989.61	86.981
989.77	92.958
989.94	98.122
990.10	96.964
990.27	92.740
990.43	96.141
990.60	87.832
990.76	101.420
990.92	97.415
991.09	97.353
991.25	92.913
991.42	91.614
991.58	95.394
991.74	96.248
991.91	94.486
992.07	89.855
992.24	95.721
992.40	89.606
992.56	99.248
992.73	90.140
992.89	91.367
993.05	88.927
993.22	86.844
993.38	97.379
993.55	89.150
993.71	98.576
993.87	94.845
994.04	94.722
994.20	94.824
994.36	92.624
994.53	80.140
994.69	95.963
994.85	87.139
995.02	96.470
995.18	88.712
995.34	96.795
995.51	86.633
995.67	95.380
995.84	94.855
996.00	103.467
996.16	100.000
996.33	93.799
996.49	87.816
996.65	85.605
996.82	92.949
996.98	105.453
997.14	98.715
997.31	94.352
997.47	87.918
997.63	87.980
997.79	90.473
997.96	98.939
998.12	102.083
998.28	100.452
998.45	93.280
998.61	87.725
998.77	96.237
998.94	94.077
999.10	89.095
999.26	94.934
999.43	109.704
999.59	101.231
999.75	86.800
999.91	98.100
1000.08	99.921
1000.24	98.228
1000.40	104.440
1000.57	88.562
1000.73	105.049
1000.89	92.498
1001.05	91.606
1001.22	92.489
1001.38	100.373
1001.54	90.538
1001.70	96.049
1001.87	98.958
1002.03	97.612
1002.19	98.157
1002.35	98.028
1002.52	98.239
1002.68	92.215
1002.84	87.391
1003.00	99.044
1003.17	101.942
1003.33	97.203
1003.49	88.109
1003.65	96.341
1003.82	94.792
1003.98	91.932
1004.14	106.280
1004.30	100.000
1004.47	92.262
1004.63	88.798
1004.79	96.142
1004.95	92.841
1005.11	79.785
1005.28	99.000
1005.44	91.368
1005.60	102.503
1005.76	100.323
1005.93	93.705
1006.09	93.313
1006.25	98.071
1006.41	99.415
1006.57	93.312
1006.74	106.429
1006.90	84.894
1007.06	106.859
1007.22	97.052
1007.38	105.073
1007.55	80.957
1007.71	98.231
1007.87	93.281
1008.03	108.386
1008.19	93.721
1008.35	109.157
1008.52	93.572
1008.68	88.769
1008.84	87.216
1009.00	88.180
1009.16	99.420
1009.32	89.213
1009.49	89.467
1009.65	91.138
1009.81	90.337
1009.97	107.610
1010.13	97.161
1010.29	94.045
1010.46	99.739
1010.62	94.848
1010.78	77.974
1010.94	94.647
1011.10	82.857
1011.26	95.851
1011.42	98.444
1011.59	95.449
1011.75	91.785
1011.91	100.121
1012.07	95.623
1012.23	92.882
1012.39	113.920
1012.55	86.713
1012.71	105.000
1012.88	89.529
1013.04	107.994
1013.20	101.339
1013.36	82.711
1013.52	101.172
1013.68	98.155
1013.84	95.686
1014.00	91.713
1014.16	93.867
1014.33	95.874
1014.49	83.627
1014.65	91.875
1014.81	83.724
1014.97	109.846
1015.13	113.992
1015.29	97.189
1015.45	110.276
1015.61	110.619
1015.77	100.595
1015.93	96.264
1016.09	86.299
1016.26	92.344
1016.42	92.533
1016.58	115.951
1016.74	92.482
1016.90	95.934
1017.06	89.455
1017.22	75.207
1017.38	89.451
1017.54	115.936
1017.70	99.544
1017.86	99.517
1018.02	99.471
1018.18	111.743
1018.34	97.115
1018.50	118.834
1018.66	110.236
1018.82	80.871
1018.98	94.619
1019.14	75.687
1019.31	104.104
1019.47	84.000
1019.63	99.293
1019.79	103.137
1019.95	98.020
1020.11	96.518
1020.27	98.964
1020.43	93.097
1020.59	96.958
1020.75	95.220
1020.91	105.645
1021.07	89.329
1021.23	79.214
1021.39	113.618
1021.55	101.566
1021.71	73.466
1021.87	108.858
1022.03	104.015
1022.19	115.245
1022.35	89.531
1022.51	80.816
1022.67	102.584
1022.83	105.094
1022.99	93.241
1023.15	96.381
1023.31	100.713
1023.47	92.137
1023.63	98.646
1023.79	100.000
1023.95	94.610
1024.10	87.800
1024.26	102.661
1024.42	101.092
1024.58	87.616
1024.74	96.512
1024.90	93.241
1025.06	83.971
1025.22	96.203
1025.38	97.090
1025.54	104.090
1025.70	87.982
1025.86	84.063
1026.02	83.138
1026.18	116.954
1026.34	129.692
1026.50	116.822
1026.66	110.956
1026.82	79.352
1026.98	114.286
1027.13	83.698
1027.29	85.519
1027.45	64.052
1027.61	70.478
1027.77	85.112
1027.93	94.605
1028.09	95.270
1028.25	86.801
1028.41	108.625
1028.57	93.474
1028.73	77.615
1028.88	89.440
1029.04	96.857
1029.20	91.190
1029.36	61.778
1029.52	89.441
1029.68	108.480
1029.84	121.014
1030.00	118.204
1030.16	94.960
1030.32	81.064
1030.47	95.750
1030.63	89.806
1030.79	77.444
1030.95	85.071
1031.11	73.022
1031.27	90.736
1031.43	75.840
1031.59	114.592
1031.74	94.402
1031.90	94.659
1032.06	83.384
1032.22	78.490
1032.38	94.070
1032.54	90.515
1032.69	104.587
1032.85	106.725
1033.01	93.750
1033.17	136.898
1033.33	90.031
1033.49	89.620
1033.65	76.372
1033.80	101.929
1033.96	87.838
1034.12	66.795
1034.28	119.318
1034.44	68.595
1034.60	98.143
1034.75	75.124
1034.91	101.449
1035.07	99.701
1035.23	75.430
1035.39	126.957
1035.54	91.536
1035.70	133.824
1035.86	78.777
1036.02	82.216
1036.18	102.415
1036.33	114.815
1036.49	108.814
1036.65	106.275
1036.81	82.237
1036.97	73.203
1037.12	108.929
1037.28	105.414
1037.44	130.556
1037.60	103.488
1037.76	114.286
1037.91	84.706
1038.07	80.978
1038.23	112.208
1038.39	81.682
1038.54	93.117
1038.70	130.804
1038.86	129.412
1039.02	73.563
1039.17	87.812
1039.33	115.929
1039.49	101.049
1039.65	83.810
1039.80	97.143
1039.96	191.358
1040.12	77.739
1040.28	112.500
>>>>> Data<<<<< Espectral Procesado Extremo
