Fichero De Datos De SpectraSuite
++++++++++++++++++++++++++++++++++++
Fecha: Wed Jul 15 08:50:38 CST 2026
Usuario: HP
Presente Oscuro Del Espectro: Sí
La Referencia de Presente Del Espectro De: Sí
Muestreados de los componentes de Número de espectros: 1
Espectrómetros: USB4H06056
Tiempo de integración (usec): 300000 (USB4H06056)
Promedio de Espectros Hechos un: 5 (USB4H06056)
El Alisar Del Furgón: 0 (USB4H06056)
Párrafo de de Corregir del la del del de Eléctrica del obscuridad: No (USB4H06056)
Estrobo/Lámpara Permitido: No (USB4H06056)
Correct for Detector Non-linearity: No (USB4H06056)
Párrafo de de Corregir del la del del de Externa del luz: No (USB4H06056)
Procesado del espectro de Número de pixeles en: 3648
>>>>> Comienza Data<<<<< Espectral Procesado Del EL
345.09	-533.333
345.30	-533.333
345.52	-533.333
345.74	35.294
345.95	212.000
346.17	125.455
346.39	10.714
346.60	-12500.000
346.82	102.941
347.04	102.752
347.25	-300.000
347.47	29.070
347.69	-44.262
347.90	75.439
348.12	-50.000
348.34	-460.000
348.56	189.362
348.77	1.099
348.99	350.000
349.21	284.615
349.42	52.586
349.64	-43.478
349.86	346.667
350.07	81.905
350.29	109.091
350.51	6.667
350.72	1450.000
350.94	230.000
351.16	271.053
351.37	-455.556
351.59	173.913
351.81	145.122
352.02	-70.000
352.24	2.841
352.46	-580.000
352.67	261.905
352.89	161.702
353.10	525.000
353.32	96.296
353.54	191.549
353.75	-247.222
353.97	132.979
354.19	41.000
354.40	154.237
354.62	81.513
354.84	214.706
355.05	166.667
355.27	117.293
355.49	-279.630
355.70	186.170
355.92	336.111
356.14	88.000
356.35	-2900.000
356.57	-129.167
356.78	50.307
357.00	148.276
357.22	88.415
357.43	0.000
357.65	62.963
357.87	128.030
358.08	32.051
358.30	-5833.333
358.51	300.000
358.73	113.725
358.95	2675.000
359.16	145.968
359.38	50.000
359.60	-128.571
359.81	234.615
360.03	556.667
360.24	-140.000
360.46	106.364
360.68	142.063
360.89	167.708
361.11	-708.333
361.33	575.000
361.54	248.333
361.76	83.505
361.97	111.667
362.19	90.698
362.41	64.327
362.62	92.958
362.84	94.253
363.05	420.833
363.27	92.661
363.49	187.097
363.70	-850.000
363.92	116.667
364.13	69.767
364.35	103.030
364.57	320.000
364.78	364.103
365.00	285.000
365.21	206.024
365.43	77.586
365.65	208.333
365.86	183.333
366.08	162.921
366.29	65.169
366.51	81.481
366.73	-870.000
366.94	218.367
367.16	52.727
367.37	-413.514
367.59	192.593
367.80	130.882
368.02	14.493
368.24	120.430
368.45	137.179
368.67	39.773
368.88	43.396
369.10	188.732
369.31	1750.000
369.53	153.957
369.75	51.613
369.96	102.532
370.18	56.140
370.39	-291.667
370.61	292.683
370.82	194.393
371.04	136.364
371.26	65.000
371.47	195.370
371.69	281.395
371.90	88.696
372.12	194.118
372.33	123.741
372.55	-289.655
372.76	223.301
372.98	125.962
373.20	67.411
373.41	55.172
373.63	326.415
373.84	253.846
374.06	-1433.333
374.27	20.000
374.49	149.091
374.70	123.188
374.92	-314.286
375.13	612.000
375.35	114.189
375.57	-4500.000
375.78	125.000
376.00	77.320
376.21	130.000
376.43	176.860
376.64	143.119
376.86	88.172
377.07	148.515
377.29	100.000
377.50	1169.231
377.72	277.083
377.93	-468.750
378.15	140.000
378.36	115.652
378.58	101.630
378.80	-252.381
379.01	118.239
379.23	77.835
379.44	257.447
379.66	393.182
379.87	485.714
380.09	222.581
380.30	-254.717
380.52	214.035
380.73	101.709
380.95	330.000
381.16	137.725
381.38	49.485
381.59	160.656
381.81	199.200
382.02	251.546
382.24	262.366
382.45	-174.194
382.67	152.239
382.88	-562.069
383.10	358.000
383.31	148.148
383.53	185.149
383.74	107.477
383.96	342.623
384.17	362.857
384.39	61.290
384.60	88.514
384.82	-1762.500
385.03	264.062
385.25	625.000
385.46	165.079
385.68	225.301
385.89	118.421
386.11	282.353
386.32	434.091
386.54	87.368
386.75	278.082
386.97	130.453
387.18	163.393
387.40	156.557
387.61	308.491
387.83	155.502
388.04	80.645
388.25	83.186
388.47	157.931
388.68	484.848
388.90	250.704
389.11	100.877
389.33	189.922
389.54	175.556
389.76	192.537
389.97	-4260.000
390.19	320.455
390.40	388.235
390.62	97.546
390.83	121.277
391.05	122.280
391.26	98.993
391.47	141.007
391.69	126.257
391.90	199.310
392.12	283.636
392.33	283.721
392.55	118.315
392.76	138.547
392.98	309.677
393.19	193.966
393.41	166.667
393.62	150.909
393.83	137.748
394.05	190.698
394.26	90.870
394.48	80.377
394.69	390.244
394.91	146.320
395.12	153.750
395.34	154.783
395.55	136.170
395.76	206.716
395.98	101.000
396.19	212.644
396.41	96.983
396.62	122.892
396.84	748.718
397.05	126.778
397.26	108.989
397.48	114.970
397.69	98.209
397.91	147.101
398.12	130.698
398.33	427.083
398.55	194.309
398.76	105.926
398.98	140.000
399.19	117.195
399.41	98.529
399.62	143.624
399.83	459.322
400.05	145.763
400.26	181.579
400.48	223.457
400.69	85.973
400.90	172.727
401.12	174.419
401.33	100.766
401.55	98.101
401.76	110.000
401.97	93.145
402.19	224.107
402.40	131.636
402.62	114.226
402.83	92.884
403.04	178.505
403.26	129.329
403.47	261.000
403.69	100.380
403.90	95.305
404.11	146.821
404.33	79.859
404.54	178.125
404.76	92.887
404.97	193.659
405.18	96.071
405.40	91.837
405.61	126.230
405.83	90.741
406.04	114.430
406.25	139.735
406.47	98.605
406.68	108.807
406.89	150.000
407.11	237.302
407.32	146.256
407.54	95.441
407.75	122.409
407.96	112.500
408.18	116.738
408.39	93.709
408.60	86.269
408.82	89.730
409.03	120.677
409.24	114.716
409.46	128.470
409.67	149.490
409.89	108.782
410.10	125.448
410.31	124.920
410.53	127.393
410.74	98.588
410.95	128.682
411.17	222.727
411.38	125.758
411.59	86.462
411.81	124.762
412.02	124.444
412.23	75.389
412.45	99.140
412.66	91.036
412.87	110.742
413.09	74.242
413.30	83.905
413.51	101.117
413.73	96.481
413.94	78.554
414.15	102.553
414.37	83.432
414.58	95.364
414.79	77.688
415.01	101.119
415.22	86.431
415.43	67.749
415.65	67.692
415.86	79.610
416.07	74.681
416.29	79.545
416.50	58.366
416.71	90.530
416.93	66.667
417.14	63.761
417.35	95.720
417.57	73.702
417.78	85.822
417.99	74.487
418.21	62.441
418.42	61.420
418.63	70.451
418.85	312.847
419.06	64.629
419.27	57.645
419.48	45.029
419.70	55.796
419.91	72.711
420.12	68.467
420.34	64.568
420.55	54.557
420.76	51.481
420.98	65.425
421.19	63.559
421.40	80.816
421.61	53.468
421.83	53.904
422.04	59.318
422.25	54.237
422.47	60.462
422.68	46.503
422.89	63.980
423.11	47.850
423.32	53.687
423.53	55.257
423.74	54.656
423.96	55.496
424.17	63.560
424.38	43.428
424.59	46.806
424.81	53.960
425.02	40.918
425.23	49.156
425.45	38.146
425.66	55.294
425.87	39.498
426.08	42.044
426.30	44.755
426.51	38.991
426.72	43.227
426.93	48.600
427.15	45.990
427.36	47.598
427.57	33.859
427.79	49.120
428.00	45.247
428.21	45.764
428.42	44.822
428.64	45.792
428.85	40.148
429.06	40.789
429.27	42.275
429.49	45.368
429.70	48.988
429.91	48.760
430.12	47.109
430.34	40.847
430.55	36.603
430.76	39.668
430.97	46.098
431.19	43.599
431.40	37.415
431.61	32.247
431.82	41.969
432.03	44.602
432.25	38.638
432.46	29.795
432.67	34.820
432.88	39.923
433.10	43.338
433.31	41.999
433.52	35.640
433.73	45.115
433.95	39.797
434.16	38.739
434.37	44.074
434.58	37.665
434.79	46.755
435.01	40.372
435.22	39.068
435.43	40.048
435.64	39.504
435.86	44.194
436.07	43.933
436.28	36.482
436.49	42.423
436.70	35.501
436.92	40.271
437.13	35.558
437.34	44.697
437.55	37.966
437.76	34.307
437.98	36.661
438.19	32.108
438.40	37.114
438.61	36.169
438.82	33.297
439.04	33.579
439.25	32.311
439.46	38.398
439.67	31.250
439.88	39.098
440.10	35.949
440.31	41.285
440.52	31.836
440.73	35.322
440.94	39.446
441.16	33.186
441.37	38.768
441.58	36.719
441.79	36.681
442.00	34.136
442.21	39.865
442.43	31.721
442.64	41.925
442.85	31.945
443.06	37.030
443.27	38.701
443.48	36.314
443.70	35.009
443.91	35.853
444.12	33.258
444.33	32.125
444.54	38.077
444.75	40.641
444.97	37.614
445.18	39.533
445.39	35.545
445.60	36.403
445.81	35.817
446.02	36.018
446.24	36.701
446.45	34.766
446.66	35.177
446.87	36.041
447.08	37.161
447.29	35.951
447.51	36.144
447.72	35.919
447.93	32.426
448.14	35.600
448.35	37.050
448.56	33.374
448.77	33.211
448.99	36.700
449.20	34.266
449.41	34.627
449.62	34.977
449.83	35.674
450.04	32.147
450.25	29.324
450.46	37.260
450.68	34.556
450.89	38.689
451.10	39.444
451.31	40.627
451.52	34.147
451.73	36.960
451.94	36.413
452.15	34.984
452.37	34.292
452.58	33.685
452.79	36.844
453.00	36.881
453.21	33.946
453.42	34.107
453.63	39.173
453.84	36.531
454.06	36.108
454.27	34.812
454.48	40.710
454.69	34.777
454.90	36.439
455.11	37.087
455.32	35.418
455.53	36.055
455.74	37.420
455.95	35.629
456.17	37.114
456.38	36.403
456.59	37.835
456.80	34.891
457.01	33.123
457.22	32.198
457.43	37.136
457.64	38.439
457.85	40.066
458.06	33.594
458.27	37.750
458.49	37.492
458.70	37.959
458.91	38.596
459.12	38.002
459.33	36.033
459.54	36.562
459.75	31.945
459.96	37.381
460.17	33.780
460.38	36.767
460.59	38.978
460.80	37.844
461.01	38.969
461.23	38.902
461.44	37.634
461.65	34.707
461.86	33.886
462.07	36.831
462.28	38.531
462.49	38.112
462.70	37.169
462.91	37.858
463.12	37.345
463.33	35.993
463.54	37.335
463.75	38.105
463.96	34.348
464.17	35.636
464.38	37.792
464.59	41.095
464.81	35.537
465.02	33.951
465.23	33.792
465.44	36.023
465.65	39.635
465.86	34.939
466.07	33.836
466.28	33.433
466.49	37.191
466.70	39.216
466.91	39.485
467.12	36.946
467.33	37.565
467.54	39.433
467.75	35.931
467.96	37.888
468.17	36.981
468.38	38.083
468.59	38.447
468.80	37.872
469.01	35.331
469.22	36.548
469.43	37.341
469.64	33.926
469.85	36.728
470.06	37.809
470.27	34.918
470.48	37.082
470.69	37.808
470.90	39.641
471.11	39.007
471.32	38.107
471.53	36.366
471.74	37.295
471.95	34.951
472.16	37.623
472.37	36.269
472.58	37.293
472.79	35.211
473.00	38.178
473.21	36.985
473.42	37.975
473.63	37.947
473.84	36.863
474.05	36.625
474.26	38.308
474.47	37.615
474.68	36.494
474.89	37.246
475.10	36.849
475.31	36.270
475.52	38.857
475.73	36.596
475.94	38.561
476.15	36.991
476.36	37.948
476.57	37.185
476.78	38.923
476.99	34.720
477.20	39.177
477.41	38.781
477.62	38.559
477.83	37.449
478.04	36.568
478.25	38.580
478.46	37.164
478.67	35.941
478.88	37.838
479.09	36.883
479.30	38.033
479.51	37.486
479.72	36.995
479.93	38.502
480.14	36.440
480.35	38.921
480.56	38.904
480.77	35.665
480.98	37.771
481.18	37.372
481.39	38.387
481.60	36.462
481.81	37.784
482.02	36.939
482.23	37.888
482.44	36.806
482.65	37.954
482.86	37.566
483.07	36.581
483.28	37.289
483.49	37.787
483.70	37.381
483.91	36.415
484.12	37.169
484.33	38.329
484.53	38.325
484.74	36.976
484.95	35.301
485.16	37.625
485.37	37.059
485.58	36.897
485.79	37.565
486.00	37.886
486.21	36.379
486.42	38.099
486.63	35.869
486.84	36.934
487.05	38.419
487.25	37.085
487.46	36.829
487.67	35.731
487.88	37.065
488.09	38.002
488.30	37.492
488.51	52.336
488.72	36.365
488.93	39.213
489.14	38.137
489.35	37.871
489.55	37.181
489.76	36.814
489.97	38.511
490.18	37.796
490.39	39.777
490.60	36.839
490.81	37.633
491.02	37.051
491.23	38.036
491.43	38.126
491.64	36.346
491.85	36.839
492.06	37.161
492.27	37.578
492.48	37.918
492.69	36.947
492.90	36.329
493.11	37.434
493.31	37.950
493.52	36.966
493.73	38.024
493.94	37.346
494.15	36.635
494.36	38.290
494.57	37.199
494.78	39.040
494.98	38.089
495.19	37.157
495.40	36.748
495.61	37.742
495.82	37.156
496.03	38.213
496.24	37.907
496.44	36.036
496.65	38.444
496.86	37.694
497.07	37.777
497.28	37.832
497.49	38.364
497.70	37.244
497.90	37.243
498.11	37.474
498.32	37.819
498.53	37.426
498.74	38.260
498.95	38.318
499.15	38.612
499.36	37.506
499.57	38.180
499.78	39.178
499.99	38.108
500.20	36.967
500.40	37.935
500.61	37.952
500.82	37.258
501.03	37.432
501.24	38.139
501.45	38.240
501.65	39.268
501.86	38.759
502.07	37.110
502.28	38.613
502.49	38.625
502.70	39.176
502.90	37.503
503.11	37.813
503.32	39.294
503.53	37.804
503.74	38.691
503.94	38.221
504.15	37.871
504.36	38.840
504.57	38.548
504.78	38.380
504.98	38.130
505.19	39.077
505.40	39.714
505.61	38.819
505.82	38.129
506.02	37.558
506.23	39.024
506.44	38.809
506.65	37.304
506.86	39.331
507.06	38.096
507.27	40.012
507.48	38.537
507.69	38.331
507.90	38.750
508.10	39.702
508.31	39.475
508.52	39.613
508.73	39.571
508.94	39.396
509.14	39.705
509.35	38.603
509.56	39.408
509.77	38.684
509.97	38.446
510.18	38.787
510.39	39.423
510.60	40.048
510.80	38.875
511.01	39.531
511.22	39.265
511.43	39.894
511.64	40.487
511.84	38.940
512.05	40.267
512.26	38.809
512.47	38.388
512.67	40.516
512.88	39.776
513.09	38.765
513.30	39.108
513.50	39.984
513.71	40.388
513.92	40.970
514.13	39.776
514.33	40.864
514.54	39.216
514.75	40.114
514.96	40.844
515.16	40.145
515.37	41.230
515.58	40.232
515.78	40.647
515.99	39.621
516.20	39.727
516.41	41.374
516.61	41.632
516.82	41.495
517.03	41.310
517.24	41.847
517.44	40.006
517.65	39.988
517.86	41.759
518.07	42.523
518.27	41.562
518.48	41.639
518.69	42.493
518.89	41.758
519.10	41.913
519.31	41.975
519.52	42.047
519.72	42.934
519.93	42.202
520.14	42.329
520.34	42.721
520.55	42.389
520.76	42.263
520.96	43.806
521.17	41.986
521.38	42.880
521.59	42.583
521.79	42.543
522.00	42.692
522.21	43.094
522.41	43.544
522.62	43.858
522.83	43.359
523.03	43.767
523.24	44.569
523.45	43.663
523.66	44.444
523.86	44.533
524.07	44.771
524.28	44.280
524.48	43.768
524.69	44.902
524.90	45.742
525.10	46.910
525.31	44.826
525.52	44.710
525.72	45.745
525.93	45.027
526.14	45.506
526.34	46.226
526.55	45.629
526.76	45.946
526.96	46.201
527.17	45.686
527.38	45.655
527.58	46.561
527.79	46.917
528.00	46.603
528.20	46.945
528.41	45.856
528.62	47.741
528.82	46.874
529.03	47.243
529.24	46.774
529.44	47.886
529.65	47.842
529.85	49.710
530.06	48.520
530.27	47.816
530.47	48.063
530.68	48.104
530.89	47.742
531.09	47.702
531.30	48.765
531.51	48.925
531.71	48.485
531.92	48.875
532.13	49.633
532.33	48.916
532.54	49.507
532.74	49.530
532.95	49.893
533.16	49.674
533.36	49.943
533.57	49.570
533.78	49.750
533.98	50.258
534.19	51.090
534.39	49.988
534.60	50.621
534.81	49.384
535.01	49.793
535.22	49.812
535.42	50.320
535.63	49.704
535.84	50.171
536.04	49.893
536.25	50.667
536.45	50.460
536.66	50.878
536.87	50.436
537.07	50.843
537.28	50.060
537.48	50.409
537.69	50.376
537.90	50.729
538.10	50.723
538.31	50.282
538.51	50.986
538.72	50.651
538.93	51.029
539.13	50.635
539.34	50.548
539.54	51.415
539.75	51.305
539.96	50.098
540.16	50.258
540.37	50.834
540.57	51.070
540.78	50.704
540.98	51.065
541.19	51.735
541.40	52.174
541.60	51.141
541.81	52.603
542.01	51.473
542.22	52.044
542.42	51.193
542.63	51.944
542.83	51.680
543.04	50.971
543.25	52.643
543.45	51.818
543.66	51.800
543.86	50.960
544.07	51.671
544.27	51.152
544.48	52.505
544.68	52.108
544.89	51.289
545.10	51.588
545.30	51.176
545.51	51.978
545.71	50.756
545.92	51.728
546.12	51.897
546.33	52.070
546.53	51.479
546.74	51.400
546.94	52.109
547.15	51.429
547.36	51.626
547.56	51.359
547.77	53.035
547.97	51.776
548.18	51.369
548.38	52.274
548.59	51.783
548.79	51.429
549.00	52.321
549.20	51.310
549.41	52.773
549.61	51.729
549.82	51.719
550.02	52.033
550.23	52.210
550.43	52.526
550.64	51.863
550.84	52.125
551.05	51.913
551.25	52.514
551.46	51.394
551.66	52.411
551.87	52.085
552.07	51.777
552.28	52.333
552.48	52.511
552.69	52.521
552.89	52.507
553.10	52.356
553.30	52.262
553.51	52.944
553.71	52.478
553.92	52.321
554.12	52.727
554.33	51.786
554.53	52.588
554.74	52.588
554.94	52.955
555.15	53.057
555.35	52.599
555.56	52.797
555.76	53.220
555.97	52.899
556.17	51.864
556.38	51.980
556.58	51.662
556.78	52.206
556.99	51.943
557.19	52.511
557.40	52.253
557.60	52.253
557.81	52.857
558.01	52.572
558.22	52.395
558.42	51.302
558.63	51.795
558.83	52.001
559.04	51.795
559.24	52.919
559.44	52.419
559.65	53.090
559.85	52.378
560.06	52.397
560.26	52.328
560.47	51.856
560.67	52.360
560.88	52.826
561.08	51.879
561.28	52.152
561.49	52.132
561.69	51.838
561.90	51.727
562.10	52.128
562.31	53.005
562.51	51.637
562.71	51.653
562.92	52.588
563.12	52.680
563.33	52.276
563.53	51.694
563.74	52.045
563.94	51.320
564.14	51.478
564.35	52.316
564.55	51.436
564.76	52.275
564.96	51.169
565.17	50.819
565.37	51.262
565.57	51.191
565.78	51.306
565.98	51.441
566.19	51.824
566.39	51.097
566.59	51.703
566.80	50.699
567.00	50.605
567.21	51.467
567.41	51.475
567.61	51.342
567.82	51.162
568.02	50.143
568.23	50.264
568.43	50.557
568.63	50.767
568.84	50.320
569.04	50.728
569.24	50.923
569.45	49.716
569.65	51.030
569.86	50.454
570.06	50.190
570.26	50.913
570.47	50.282
570.67	49.915
570.87	49.527
571.08	49.958
571.28	49.389
571.49	50.027
571.69	49.841
571.89	50.208
572.10	48.994
572.30	49.673
572.50	49.206
572.71	49.089
572.91	48.475
573.11	49.464
573.32	49.239
573.52	48.563
573.73	48.753
573.93	49.533
574.13	48.434
574.34	47.959
574.54	48.472
574.74	48.489
574.95	47.993
575.15	48.886
575.35	47.981
575.56	47.724
575.76	47.721
575.96	47.831
576.17	47.783
576.37	47.574
576.57	47.514
576.78	48.080
576.98	47.868
577.18	47.579
577.39	47.140
577.59	47.659
577.79	47.534
578.00	47.139
578.20	47.597
578.40	47.444
578.61	46.790
578.81	47.425
579.01	47.444
579.22	47.348
579.42	47.610
579.62	46.556
579.82	47.327
580.03	46.521
580.23	46.438
580.43	46.810
580.64	45.954
580.84	46.907
581.04	45.498
581.25	46.220
581.45	45.877
581.65	46.022
581.86	45.191
582.06	46.170
582.26	45.751
582.46	45.844
582.67	45.429
582.87	46.117
583.07	45.794
583.28	45.531
583.48	45.276
583.68	45.706
583.88	45.394
584.09	46.033
584.29	44.648
584.49	45.243
584.70	45.050
584.90	44.284
585.10	45.238
585.30	45.344
585.51	45.326
585.71	45.414
585.91	44.949
586.11	44.708
586.32	44.281
586.52	44.439
586.72	45.228
586.92	44.207
587.13	45.049
587.33	45.108
587.53	44.738
587.74	44.280
587.94	44.747
588.14	44.659
588.34	43.605
588.55	44.188
588.75	44.809
588.95	44.665
589.15	44.422
589.36	44.189
589.56	44.486
589.76	44.306
589.96	44.419
590.16	43.579
590.37	43.933
590.57	44.247
590.77	44.000
590.97	43.682
591.18	43.589
591.38	43.751
591.58	46.237
591.78	43.438
591.99	43.995
592.19	43.439
592.39	43.623
592.59	43.889
592.79	43.691
593.00	42.930
593.20	43.284
593.40	43.833
593.60	43.424
593.81	43.346
594.01	43.321
594.21	43.029
594.41	43.772
594.61	43.587
594.82	43.430
595.02	43.389
595.22	42.580
595.42	43.601
595.62	42.768
595.83	43.043
596.03	43.031
596.23	42.787
596.43	42.662
596.63	42.361
596.84	43.550
597.04	42.688
597.24	42.963
597.44	42.953
597.64	43.373
597.84	43.212
598.05	42.364
598.25	43.301
598.45	42.339
598.65	42.277
598.85	42.629
599.06	42.805
599.26	42.383
599.46	42.710
599.66	42.936
599.86	42.545
600.06	42.642
600.27	42.161
600.47	42.624
600.67	43.018
600.87	42.679
601.07	42.415
601.27	41.876
601.48	42.217
601.68	42.422
601.88	43.141
602.08	42.676
602.28	42.298
602.48	42.319
602.68	42.032
602.89	42.262
603.09	42.933
603.29	42.881
603.49	42.336
603.69	41.753
603.89	42.833
604.09	42.548
604.30	41.951
604.50	41.970
604.70	41.900
604.90	42.156
605.10	42.415
605.30	42.929
605.50	42.801
605.71	42.405
605.91	42.485
606.11	42.262
606.31	41.842
606.51	43.297
606.71	41.874
606.91	42.135
607.11	41.574
607.32	42.917
607.52	41.753
607.72	42.645
607.92	41.816
608.12	41.816
608.32	41.933
608.52	42.356
608.72	41.388
608.92	42.580
609.12	42.028
609.33	41.671
609.53	41.675
609.73	41.184
609.93	41.606
610.13	41.864
610.33	42.110
610.53	41.503
610.73	41.213
610.93	41.131
611.13	41.854
611.34	41.886
611.54	41.890
611.74	41.670
611.94	41.723
612.14	42.202
612.34	41.247
612.54	41.580
612.74	42.273
612.94	41.507
613.14	41.547
613.34	42.057
613.54	41.834
613.74	41.285
613.95	41.421
614.15	42.044
614.35	41.868
614.55	41.328
614.75	40.927
614.95	40.703
615.15	41.144
615.35	40.927
615.55	40.861
615.75	41.793
615.95	41.381
616.15	41.820
616.35	41.391
616.55	41.152
616.75	41.694
616.95	41.500
617.15	40.998
617.35	42.090
617.56	41.612
617.76	41.369
617.96	40.898
618.16	41.187
618.36	41.141
618.56	40.927
618.76	40.817
618.96	41.439
619.16	40.881
619.36	41.097
619.56	41.024
619.76	40.688
619.96	41.143
620.16	41.548
620.36	40.253
620.56	41.460
620.76	40.457
620.96	40.205
621.16	40.713
621.36	41.342
621.56	40.924
621.76	41.119
621.96	40.743
622.16	41.010
622.36	40.748
622.56	40.618
622.76	40.718
622.96	40.610
623.16	40.450
623.36	40.253
623.56	40.836
623.76	39.798
623.96	40.420
624.16	40.254
624.36	40.235
624.56	40.059
624.76	39.976
624.96	40.750
625.16	41.110
625.36	40.846
625.56	40.293
625.76	39.852
625.96	39.811
626.16	40.108
626.36	40.446
626.56	40.712
626.76	40.168
626.96	40.338
627.16	40.362
627.36	40.126
627.56	40.151
627.76	40.672
627.96	40.374
628.16	40.160
628.36	40.630
628.56	40.558
628.75	40.246
628.95	39.254
629.15	39.752
629.35	39.754
629.55	40.256
629.75	40.180
629.95	39.747
630.15	40.425
630.35	40.266
630.55	40.170
630.75	40.005
630.95	40.140
631.15	40.080
631.35	39.707
631.55	39.700
631.75	40.312
631.95	40.167
632.15	40.238
632.34	39.757
632.54	40.249
632.74	40.005
632.94	39.946
633.14	40.008
633.34	40.143
633.54	40.161
633.74	39.829
633.94	39.772
634.14	39.972
634.34	39.687
634.54	39.589
634.74	39.598
634.93	39.570
635.13	40.016
635.33	39.310
635.53	39.782
635.73	39.409
635.93	39.196
636.13	39.962
636.33	39.506
636.53	40.176
636.73	39.622
636.93	40.155
637.12	39.637
637.32	39.405
637.52	39.585
637.72	39.343
637.92	39.536
638.12	39.233
638.32	39.558
638.52	39.409
638.72	39.353
638.91	38.870
639.11	39.544
639.31	40.092
639.51	39.228
639.71	38.500
639.91	39.601
640.11	38.544
640.31	39.016
640.50	38.726
640.70	39.422
640.90	38.915
641.10	39.016
641.30	39.190
641.50	39.015
641.70	38.806
641.89	38.760
642.09	38.378
642.29	38.851
642.49	39.501
642.69	38.607
642.89	39.121
643.09	38.634
643.28	38.116
643.48	38.726
643.68	38.167
643.88	38.587
644.08	38.711
644.28	38.608
644.48	37.526
644.67	38.183
644.87	37.833
645.07	38.280
645.27	38.091
645.47	38.512
645.67	39.006
645.86	37.737
646.06	37.926
646.26	38.698
646.46	38.042
646.66	37.864
646.85	38.429
647.05	37.380
647.25	38.079
647.45	37.684
647.65	37.468
647.85	37.263
648.04	37.415
648.24	38.212
648.44	37.405
648.64	37.739
648.84	37.470
649.03	37.498
649.23	37.780
649.43	37.664
649.63	37.365
649.83	37.224
650.02	37.322
650.22	37.236
650.42	37.391
650.62	36.887
650.82	37.499
651.01	37.259
651.21	37.475
651.41	37.253
651.61	37.640
651.81	37.050
652.00	37.825
652.20	36.983
652.40	37.701
652.60	37.230
652.79	37.373
652.99	36.776
653.19	37.149
653.39	37.067
653.59	37.812
653.78	37.397
653.98	36.886
654.18	37.483
654.38	36.577
654.57	36.877
654.77	37.241
654.97	36.832
655.17	36.738
655.36	36.796
655.56	37.095
655.76	37.170
655.96	37.070
656.15	36.765
656.35	37.189
656.55	37.030
656.75	36.803
656.94	37.328
657.14	37.313
657.34	36.909
657.54	36.921
657.73	36.335
657.93	36.840
658.13	36.827
658.33	36.452
658.52	36.699
658.72	33.212
658.92	36.465
659.11	36.730
659.31	36.221
659.51	36.792
659.71	37.198
659.90	36.853
660.10	36.883
660.30	36.791
660.50	36.253
660.69	36.973
660.89	36.756
661.09	36.562
661.28	36.796
661.48	36.579
661.68	36.506
661.87	36.497
662.07	36.478
662.27	36.914
662.47	36.610
662.66	36.700
662.86	36.954
663.06	36.688
663.25	36.573
663.45	36.083
663.65	36.471
663.84	36.606
664.04	36.674
664.24	36.524
664.44	36.003
664.63	36.487
664.83	36.776
665.03	36.036
665.22	36.136
665.42	36.200
665.62	36.380
665.81	36.689
666.01	37.103
666.21	36.763
666.40	36.366
666.60	36.548
666.80	36.723
666.99	35.605
667.19	35.600
667.39	36.463
667.58	36.332
667.78	36.168
667.98	35.965
668.17	36.356
668.37	36.681
668.57	36.365
668.76	36.481
668.96	36.451
669.16	36.453
669.35	36.262
669.55	36.123
669.74	36.128
669.94	37.120
670.14	36.377
670.33	36.378
670.53	35.930
670.73	36.520
670.92	36.943
671.12	36.314
671.32	36.491
671.51	35.613
671.71	36.533
671.90	36.585
672.10	36.103
672.30	36.091
672.49	36.309
672.69	36.898
672.89	36.256
673.08	35.996
673.28	36.691
673.47	36.203
673.67	36.473
673.87	36.262
674.06	36.793
674.26	36.066
674.45	36.627
674.65	36.235
674.85	36.271
675.04	36.988
675.24	36.092
675.43	36.200
675.63	36.361
675.83	36.028
676.02	36.201
676.22	36.983
676.41	36.305
676.61	36.265
676.81	36.654
677.00	36.270
677.20	36.645
677.39	36.286
677.59	36.624
677.79	36.617
677.98	36.118
678.18	36.304
678.37	36.403
678.57	36.584
678.76	36.972
678.96	36.565
679.16	36.294
679.35	36.420
679.55	36.186
679.74	36.368
679.94	36.909
680.13	35.980
680.33	36.556
680.53	36.220
680.72	36.083
680.92	36.559
681.11	36.721
681.31	36.763
681.50	35.739
681.70	36.251
681.89	35.930
682.09	36.894
682.28	36.313
682.48	36.359
682.68	36.319
682.87	36.833
683.07	36.868
683.26	36.785
683.46	36.880
683.65	36.273
683.85	36.557
684.04	36.563
684.24	36.590
684.43	36.911
684.63	37.025
684.82	37.111
685.02	36.718
685.21	36.362
685.41	36.416
685.60	36.578
685.80	37.242
686.00	36.351
686.19	37.106
686.39	36.800
686.58	36.732
686.78	36.828
686.97	36.399
687.17	36.957
687.36	36.757
687.56	35.993
687.75	36.707
687.95	36.918
688.14	36.761
688.34	36.397
688.53	36.930
688.73	37.790
688.92	36.546
689.12	36.918
689.31	37.041
689.51	37.055
689.70	36.966
689.89	37.159
690.09	37.140
690.28	37.054
690.48	37.430
690.67	36.856
690.87	37.206
691.06	37.432
691.26	37.260
691.45	37.399
691.65	37.263
691.84	37.493
692.04	37.697
692.23	37.585
692.43	37.748
692.62	37.687
692.82	37.902
693.01	37.682
693.20	37.358
693.40	38.019
693.59	39.000
693.79	38.503
693.98	38.160
694.18	38.312
694.37	38.742
694.57	38.950
694.76	38.625
694.95	38.833
695.15	38.968
695.34	39.276
695.54	39.111
695.73	39.422
695.93	40.324
696.12	39.571
696.32	40.137
696.51	40.223
696.70	40.213
696.90	40.636
697.09	40.659
697.29	41.585
697.48	41.159
697.67	41.626
697.87	41.597
698.06	41.995
698.26	42.178
698.45	42.357
698.65	42.457
698.84	42.637
699.03	43.443
699.23	42.865
699.42	43.232
699.62	43.419
699.81	43.165
700.00	44.262
700.20	45.000
700.39	44.877
700.59	45.358
700.78	44.530
700.97	45.526
701.17	45.934
701.36	47.001
701.56	45.608
701.75	47.217
701.94	46.741
702.14	46.500
702.33	47.550
702.52	47.435
702.72	48.005
702.91	48.417
703.11	48.325
703.30	49.215
703.49	49.533
703.69	48.710
703.88	49.438
704.07	49.631
704.27	51.235
704.46	50.838
704.66	51.065
704.85	51.559
705.04	51.990
705.24	52.472
705.43	52.353
705.62	52.408
705.82	53.150
706.01	53.457
706.20	52.572
706.40	54.012
706.59	54.184
706.78	54.652
706.98	54.931
707.17	54.565
707.36	55.218
707.56	55.108
707.75	56.066
707.94	55.740
708.14	56.766
708.33	56.027
708.52	56.228
708.72	57.230
708.91	57.826
709.10	58.272
709.30	57.845
709.49	57.727
709.68	58.725
709.88	57.986
710.07	59.215
710.26	59.261
710.46	59.219
710.65	59.855
710.84	60.790
711.04	60.622
711.23	60.148
711.42	60.367
711.61	61.754
711.81	61.703
712.00	61.749
712.19	62.787
712.39	62.032
712.58	62.138
712.77	63.344
712.97	63.122
713.16	63.180
713.35	63.928
713.54	64.589
713.74	64.267
713.93	64.496
714.12	65.336
714.32	65.286
714.51	64.910
714.70	65.543
714.89	65.979
715.09	66.541
715.28	66.196
715.47	66.947
715.66	67.057
715.86	67.404
716.05	67.693
716.24	67.700
716.44	68.229
716.63	68.014
716.82	67.858
717.01	68.686
717.21	69.526
717.40	70.050
717.59	69.917
717.78	70.157
717.98	70.218
718.17	70.660
718.36	69.603
718.55	70.444
718.75	70.712
718.94	71.435
719.13	71.151
719.32	72.057
719.52	72.594
719.71	72.772
719.90	72.391
720.09	73.251
720.28	73.276
720.48	73.640
720.67	73.647
720.86	73.324
721.05	73.483
721.25	74.298
721.44	74.746
721.63	74.130
721.82	75.048
722.01	75.906
722.21	75.229
722.40	75.021
722.59	76.332
722.78	76.130
722.98	76.562
723.17	76.479
723.36	77.084
723.55	77.804
723.74	77.166
723.94	77.500
724.13	77.410
724.32	78.700
724.51	78.489
724.70	78.235
724.89	79.152
725.09	79.297
725.28	79.533
725.47	79.726
725.66	80.771
725.85	80.215
726.05	81.096
726.24	80.647
726.43	80.729
726.62	81.510
726.81	81.043
727.00	82.468
727.20	81.355
727.39	81.318
727.58	82.279
727.77	82.208
727.96	83.481
728.15	82.743
728.35	83.119
728.54	83.916
728.73	83.629
728.92	83.799
729.11	84.181
729.30	83.120
729.50	84.694
729.69	83.752
729.88	84.191
730.07	83.978
730.26	84.674
730.45	85.278
730.64	84.452
730.84	85.402
731.03	85.741
731.22	86.275
731.41	85.567
731.60	87.093
731.79	86.264
731.98	86.364
732.18	86.643
732.37	85.978
732.56	87.480
732.75	87.106
732.94	86.647
733.13	87.198
733.32	87.791
733.51	87.284
733.71	88.696
733.90	86.415
734.09	87.350
734.28	88.474
734.47	87.958
734.66	88.113
734.85	88.804
735.04	89.466
735.23	89.741
735.42	89.852
735.62	89.508
735.81	89.420
736.00	89.659
736.19	89.312
736.38	89.573
736.57	90.434
736.76	90.151
736.95	89.836
737.14	90.607
737.33	90.841
737.52	90.030
737.72	91.100
737.91	91.574
738.10	90.569
738.29	91.101
738.48	91.576
738.67	91.716
738.86	91.188
739.05	91.788
739.24	91.273
739.43	91.847
739.62	92.872
739.81	92.197
740.00	92.211
740.19	93.795
740.39	92.307
740.58	92.316
740.77	92.257
740.96	92.405
741.15	92.646
741.34	93.087
741.53	93.235
741.72	92.293
741.91	93.511
742.10	93.569
742.29	93.644
742.48	93.388
742.67	93.794
742.86	93.861
743.05	93.530
743.24	94.299
743.43	93.296
743.62	95.010
743.81	93.715
744.00	93.639
744.19	93.601
744.38	95.054
744.57	93.819
744.76	95.234
744.95	94.986
745.14	94.788
745.33	95.221
745.52	94.238
745.71	94.641
745.90	94.694
746.09	94.204
746.28	95.395
746.47	95.530
746.66	94.269
746.85	95.974
747.04	96.367
747.23	94.747
747.42	95.809
747.61	95.750
747.80	95.380
747.99	95.451
748.18	95.549
748.37	96.084
748.56	94.931
748.75	95.662
748.94	96.696
749.13	95.721
749.32	95.749
749.51	95.757
749.70	96.892
749.89	96.501
750.08	96.854
750.27	95.817
750.46	97.247
750.65	97.151
750.84	96.634
751.03	97.472
751.22	95.955
751.41	96.746
751.60	96.898
751.79	96.970
751.98	96.674
752.17	97.112
752.36	97.434
752.55	96.606
752.74	95.635
752.93	97.355
753.12	97.150
753.30	96.646
753.49	96.874
753.68	97.153
753.87	96.331
754.06	97.197
754.25	96.311
754.44	96.834
754.63	97.697
754.82	95.539
755.01	97.872
755.20	97.007
755.39	97.791
755.58	97.262
755.77	96.907
755.96	95.526
756.14	97.822
756.33	96.702
756.52	98.415
756.71	97.838
756.90	97.321
757.09	97.830
757.28	97.798
757.47	96.392
757.66	97.344
757.85	96.684
758.04	96.659
758.22	96.779
758.41	97.451
758.60	97.841
758.79	97.139
758.98	96.950
759.17	96.149
759.36	98.005
759.55	98.457
759.74	98.124
759.92	97.875
760.11	97.646
760.30	96.682
760.49	97.243
760.68	96.773
760.87	97.551
761.06	97.012
761.25	96.645
761.43	97.900
761.62	98.175
761.81	97.749
762.00	97.337
762.19	97.850
762.38	98.305
762.57	98.171
762.76	98.188
762.94	97.111
763.13	99.035
763.32	98.647
763.51	98.011
763.70	98.966
763.89	99.595
764.07	96.797
764.26	97.898
764.45	98.091
764.64	97.049
764.83	98.534
765.02	97.923
765.21	97.485
765.39	98.095
765.58	97.941
765.77	98.558
765.96	98.321
766.15	98.201
766.34	98.402
766.52	97.532
766.71	96.806
766.90	97.837
767.09	98.014
767.28	98.350
767.46	96.442
767.65	99.005
767.84	98.311
768.03	98.223
768.22	97.971
768.40	97.615
768.59	97.602
768.78	97.511
768.97	97.663
769.16	98.156
769.34	98.142
769.53	97.749
769.72	97.261
769.91	98.923
770.10	98.695
770.28	98.684
770.47	98.333
770.66	98.570
770.85	98.289
771.04	97.379
771.22	97.895
771.41	97.250
771.60	98.654
771.79	98.350
771.98	97.674
772.16	98.282
772.35	98.194
772.54	98.301
772.73	98.533
772.91	98.232
773.10	97.924
773.29	97.931
773.48	99.209
773.66	98.332
773.85	99.159
774.04	97.571
774.23	98.907
774.41	98.174
774.60	98.733
774.79	97.613
774.98	97.195
775.16	97.653
775.35	97.836
775.54	96.489
775.73	97.689
775.91	97.775
776.10	98.756
776.29	98.658
776.48	97.802
776.66	98.989
776.85	98.552
777.04	98.660
777.23	98.139
777.41	97.242
777.60	96.340
777.79	98.190
777.97	97.375
778.16	97.919
778.35	98.013
778.54	99.053
778.72	97.142
778.91	97.760
779.10	98.047
779.28	97.403
779.47	97.483
779.66	97.506
779.85	97.240
780.03	97.923
780.22	97.643
780.41	97.767
780.59	98.376
780.78	98.116
780.97	98.381
781.15	97.880
781.34	97.785
781.53	97.418
781.71	97.867
781.90	97.032
782.09	98.115
782.27	98.050
782.46	96.367
782.65	98.143
782.84	97.385
783.02	98.315
783.21	98.143
783.40	97.820
783.58	98.765
783.77	98.567
783.96	96.742
784.14	97.402
784.33	96.514
784.52	98.419
784.70	97.989
784.89	96.876
785.07	97.563
785.26	97.197
785.45	99.047
785.63	98.330
785.82	98.923
786.01	97.097
786.19	97.263
786.38	97.124
786.57	97.876
786.75	97.876
786.94	97.640
787.13	96.553
787.31	98.302
787.50	98.193
787.68	97.856
787.87	98.066
788.06	97.789
788.24	98.028
788.43	97.671
788.62	97.459
788.80	97.128
788.99	98.046
789.17	98.169
789.36	97.692
789.55	97.352
789.73	98.590
789.92	99.162
790.10	96.810
790.29	96.093
790.48	98.018
790.66	96.621
790.85	97.210
791.03	97.680
791.22	97.104
791.41	98.273
791.59	97.154
791.78	97.775
791.96	96.367
792.15	97.678
792.34	97.974
792.52	98.777
792.71	98.054
792.89	98.633
793.08	97.848
793.27	96.816
793.45	96.381
793.64	96.399
793.82	97.214
794.01	98.228
794.19	99.180
794.38	97.305
794.57	97.372
794.75	99.027
794.94	98.993
795.12	96.762
795.31	98.036
795.49	96.689
795.68	99.220
795.86	97.780
796.05	97.812
796.24	97.859
796.42	99.401
796.61	96.582
796.79	97.396
796.98	99.195
797.16	97.364
797.35	97.982
797.53	99.276
797.72	98.259
797.90	97.690
798.09	97.396
798.27	97.496
798.46	97.465
798.65	97.101
798.83	98.374
799.02	97.802
799.20	98.885
799.39	96.497
799.57	96.763
799.76	98.193
799.94	97.779
800.13	97.464
800.31	98.070
800.50	97.457
800.68	97.494
800.87	96.088
801.05	96.360
801.24	96.750
801.42	96.978
801.61	98.568
801.79	96.812
801.98	97.395
802.16	97.560
802.35	98.077
802.53	96.991
802.72	97.559
802.90	96.846
803.09	98.180
803.27	97.726
803.46	98.426
803.64	96.511
803.83	98.189
804.01	97.427
804.20	97.122
804.38	97.965
804.56	98.180
804.75	96.606
804.93	98.834
805.12	97.934
805.30	97.038
805.49	98.456
805.67	96.751
805.86	97.765
806.04	97.506
806.23	97.807
806.41	96.681
806.59	97.398
806.78	97.637
806.96	98.879
807.15	97.766
807.33	97.890
807.52	96.656
807.70	97.540
807.89	97.295
808.07	98.153
808.25	97.466
808.44	97.479
808.62	97.219
808.81	97.406
808.99	97.875
809.18	98.147
809.36	96.774
809.54	96.014
809.73	97.026
809.91	97.442
810.10	96.728
810.28	98.845
810.47	97.915
810.65	97.800
810.83	98.617
811.02	98.841
811.20	97.388
811.39	97.611
811.57	96.913
811.75	98.393
811.94	97.877
812.12	97.918
812.31	97.653
812.49	98.844
812.67	97.130
812.86	96.978
813.04	97.978
813.23	98.822
813.41	99.417
813.59	97.545
813.78	97.514
813.96	97.932
814.14	97.645
814.33	98.601
814.51	98.323
814.70	97.297
814.88	97.579
815.06	98.151
815.25	98.516
815.43	98.272
815.61	97.580
815.80	99.470
815.98	97.415
816.16	96.908
816.35	97.882
816.53	96.987
816.72	96.549
816.90	98.892
817.08	97.943
817.27	97.908
817.45	97.869
817.63	97.958
817.82	97.538
818.00	98.231
818.18	98.682
818.37	97.976
818.55	97.188
818.73	98.620
818.92	96.915
819.10	96.543
819.28	96.786
819.47	97.792
819.65	97.959
819.83	98.020
820.02	97.009
820.20	97.550
820.38	97.968
820.57	97.874
820.75	96.812
820.93	97.437
821.11	98.259
821.30	98.081
821.48	97.190
821.66	97.972
821.85	96.885
822.03	97.667
822.21	97.839
822.40	95.909
822.58	95.689
822.76	99.292
822.94	98.106
823.13	97.329
823.31	97.060
823.49	96.971
823.68	98.221
823.86	97.537
824.04	97.615
824.22	98.084
824.41	97.678
824.59	98.554
824.77	97.286
824.96	97.955
825.14	97.978
825.32	97.606
825.50	96.964
825.69	97.672
825.87	96.933
826.05	98.752
826.23	97.765
826.42	97.398
826.60	97.794
826.78	97.547
826.96	97.389
827.15	98.614
827.33	97.221
827.51	98.887
827.69	98.986
827.88	97.358
828.06	96.924
828.24	97.534
828.42	97.520
828.61	97.779
828.79	97.403
828.97	96.629
829.15	98.511
829.34	97.032
829.52	97.349
829.70	97.291
829.88	98.040
830.06	97.767
830.25	97.480
830.43	97.278
830.61	98.086
830.79	97.983
830.97	96.926
831.16	97.589
831.34	98.070
831.52	97.496
831.70	97.629
831.89	96.599
832.07	97.225
832.25	96.931
832.43	98.037
832.61	97.969
832.80	97.823
832.98	99.748
833.16	97.399
833.34	97.663
833.52	97.139
833.70	97.219
833.89	98.093
834.07	97.275
834.25	96.103
834.43	97.222
834.61	97.526
834.80	97.703
834.98	97.218
835.16	97.438
835.34	97.025
835.52	98.058
835.70	97.397
835.89	97.066
836.07	97.210
836.25	97.637
836.43	98.586
836.61	97.056
836.79	97.014
836.97	97.265
837.16	97.724
837.34	97.268
837.52	96.998
837.70	97.831
837.88	96.641
838.06	98.062
838.24	97.581
838.43	98.584
838.61	97.383
838.79	96.618
838.97	96.642
839.15	96.789
839.33	97.767
839.51	98.090
839.70	97.719
839.88	96.955
840.06	98.421
840.24	97.827
840.42	97.810
840.60	97.929
840.78	98.085
840.96	97.706
841.14	98.143
841.33	98.026
841.51	96.467
841.69	98.767
841.87	97.770
842.05	97.548
842.23	97.693
842.41	96.802
842.59	98.771
842.77	98.472
842.95	97.018
843.14	97.135
843.32	97.025
843.50	98.513
843.68	96.577
843.86	96.775
844.04	95.837
844.22	97.913
844.40	98.182
844.58	97.603
844.76	95.887
844.94	97.092
845.12	97.177
845.30	97.411
845.49	96.142
845.67	96.810
845.85	97.834
846.03	98.686
846.21	98.320
846.39	97.937
846.57	98.749
846.75	97.152
846.93	97.687
847.11	96.660
847.29	97.274
847.47	97.623
847.65	97.471
847.83	97.298
848.01	97.334
848.19	96.853
848.37	97.210
848.55	98.631
848.73	97.672
848.91	98.697
849.09	97.901
849.27	99.237
849.46	97.049
849.64	97.043
849.82	97.763
850.00	98.015
850.18	96.071
850.36	98.225
850.54	97.707
850.72	96.779
850.90	97.584
851.08	97.838
851.26	97.541
851.44	98.182
851.62	98.317
851.80	97.125
851.98	97.245
852.16	98.065
852.34	98.291
852.52	99.197
852.70	96.599
852.88	97.914
853.06	98.447
853.24	96.281
853.42	97.317
853.60	96.777
853.78	96.504
853.96	97.289
854.14	98.550
854.31	97.049
854.49	96.979
854.67	98.805
854.85	97.639
855.03	96.066
855.21	96.701
855.39	98.121
855.57	97.301
855.75	97.253
855.93	96.809
856.11	96.997
856.29	96.964
856.47	99.056
856.65	98.644
856.83	96.990
857.01	96.994
857.19	96.666
857.37	99.613
857.55	97.066
857.73	96.131
857.91	97.173
858.09	97.744
858.26	96.180
858.44	97.029
858.62	98.808
858.80	98.369
858.98	98.340
859.16	97.037
859.34	97.152
859.52	97.875
859.70	98.025
859.88	97.821
860.06	98.235
860.24	97.055
860.42	96.150
860.59	97.956
860.77	98.569
860.95	97.295
861.13	98.095
861.31	97.456
861.49	97.990
861.67	98.983
861.85	98.712
862.03	98.273
862.21	98.818
862.38	97.817
862.56	99.383
862.74	96.061
862.92	96.919
863.10	99.413
863.28	96.182
863.46	97.537
863.64	97.893
863.82	99.104
863.99	98.760
864.17	97.204
864.35	98.466
864.53	97.534
864.71	97.723
864.89	96.992
865.07	97.623
865.24	98.035
865.42	96.848
865.60	97.130
865.78	96.232
865.96	96.440
866.14	97.785
866.32	99.837
866.49	98.187
866.67	97.930
866.85	97.758
867.03	97.461
867.21	98.568
867.39	98.391
867.56	98.491
867.74	96.426
867.92	99.878
868.10	96.998
868.28	97.025
868.46	95.694
868.63	98.247
868.81	96.740
868.99	97.153
869.17	96.820
869.35	99.165
869.53	96.841
869.70	97.653
869.88	96.366
870.06	97.571
870.24	98.536
870.42	97.005
870.59	98.937
870.77	97.971
870.95	95.743
871.13	97.522
871.31	98.399
871.48	97.716
871.66	97.844
871.84	97.417
872.02	99.080
872.20	98.525
872.37	97.665
872.55	97.761
872.73	96.830
872.91	99.186
873.08	97.636
873.26	99.309
873.44	97.626
873.62	99.340
873.80	97.292
873.97	97.930
874.15	100.186
874.33	99.124
874.51	99.373
874.68	97.802
874.86	98.475
875.04	96.294
875.22	99.725
875.39	98.306
875.57	99.264
875.75	98.231
875.93	97.070
876.10	99.833
876.28	96.430
876.46	97.460
876.64	98.966
876.81	97.018
876.99	99.044
877.17	98.200
877.35	98.619
877.52	98.305
877.70	98.195
877.88	98.417
878.06	97.414
878.23	97.597
878.41	98.488
878.59	98.922
878.76	99.447
878.94	98.432
879.12	98.959
879.30	99.953
879.47	98.173
879.65	97.409
879.83	95.729
880.00	95.200
880.18	97.846
880.36	97.368
880.53	97.478
880.71	97.237
880.89	96.149
881.07	97.511
881.24	98.642
881.42	98.569
881.60	97.699
881.77	97.856
881.95	98.120
882.13	96.893
882.30	97.255
882.48	98.823
882.66	97.331
882.83	95.740
883.01	96.129
883.19	98.856
883.36	97.788
883.54	97.563
883.72	97.005
883.89	97.363
884.07	97.839
884.25	97.469
884.42	96.640
884.60	96.462
884.78	97.606
884.95	97.053
885.13	98.056
885.31	96.792
885.48	98.000
885.66	98.463
885.84	97.754
886.01	98.256
886.19	98.567
886.36	97.717
886.54	99.990
886.72	98.428
886.89	98.218
887.07	96.259
887.25	101.720
887.42	96.410
887.60	98.348
887.78	97.830
887.95	98.283
888.13	96.993
888.30	96.966
888.48	98.672
888.66	97.639
888.83	97.358
889.01	97.179
889.18	97.821
889.36	97.131
889.54	97.854
889.71	99.856
889.89	99.816
890.06	97.754
890.24	97.780
890.42	99.161
890.59	95.749
890.77	96.202
890.94	99.024
891.12	99.182
891.30	97.617
891.47	97.562
891.65	99.654
891.82	97.438
892.00	97.033
892.17	98.289
892.35	100.356
892.53	100.545
892.70	97.977
892.88	98.940
893.05	99.257
893.23	97.525
893.40	99.558
893.58	97.770
893.75	98.036
893.93	98.153
894.11	97.941
894.28	98.165
894.46	97.508
894.63	99.440
894.81	99.345
894.98	96.541
895.16	97.310
895.33	97.934
895.51	96.854
895.68	98.412
895.86	98.418
896.04	99.055
896.21	99.143
896.39	98.181
896.56	99.413
896.74	100.082
896.91	99.690
897.09	99.610
897.26	95.905
897.44	97.562
897.61	98.706
897.79	98.772
897.96	97.586
898.14	97.810
898.31	97.593
898.49	98.856
898.66	95.554
898.84	96.917
899.01	98.330
899.19	97.923
899.36	99.412
899.54	96.915
899.71	99.017
899.89	98.397
900.06	97.962
900.24	98.637
900.41	96.809
900.59	97.770
900.76	100.996
900.94	97.292
901.11	97.983
901.29	95.512
901.46	100.156
901.63	96.810
901.81	99.367
901.98	98.471
902.16	98.731
902.33	97.215
902.51	98.975
902.68	97.454
902.86	98.797
903.03	98.557
903.21	100.689
903.38	96.896
903.56	99.058
903.73	97.497
903.90	96.904
904.08	98.082
904.25	99.021
904.43	98.526
904.60	97.124
904.78	98.974
904.95	97.310
905.12	98.766
905.30	96.680
905.47	98.737
905.65	97.528
905.82	96.804
906.00	98.506
906.17	98.884
906.34	96.006
906.52	101.033
906.69	99.043
906.87	97.611
907.04	99.565
907.21	98.037
907.39	98.230
907.56	95.993
907.74	100.226
907.91	98.920
908.08	100.317
908.26	99.436
908.43	97.912
908.61	100.063
908.78	95.845
908.95	97.973
909.13	97.001
909.30	99.500
909.48	98.878
909.65	98.575
909.82	98.747
910.00	96.642
910.17	100.309
910.34	96.465
910.52	94.888
910.69	100.289
910.87	98.527
911.04	98.660
911.21	99.508
911.39	97.594
911.56	96.388
911.73	96.038
911.91	96.798
912.08	100.489
912.25	98.958
912.43	100.143
912.60	98.778
912.77	99.258
912.95	98.954
913.12	99.341
913.29	97.828
913.47	96.903
913.64	99.051
913.81	97.280
913.99	97.147
914.16	98.427
914.33	98.602
914.51	97.477
914.68	98.858
914.85	99.422
915.03	95.991
915.20	99.272
915.37	99.030
915.55	99.877
915.72	95.891
915.89	97.098
916.07	98.224
916.24	96.664
916.41	96.459
916.59	98.400
916.76	96.730
916.93	99.310
917.10	98.450
917.28	98.859
917.45	98.439
917.62	98.030
917.80	96.783
917.97	97.357
918.14	98.934
918.31	96.216
918.49	98.147
918.66	97.224
918.83	99.237
919.01	96.346
919.18	97.865
919.35	99.779
919.52	98.646
919.70	97.649
919.87	100.049
920.04	94.844
920.21	98.742
920.39	98.131
920.56	97.728
920.73	99.325
920.90	98.199
921.08	98.835
921.25	96.388
921.42	97.199
921.59	100.583
921.77	98.246
921.94	98.161
922.11	97.474
922.28	96.906
922.46	98.256
922.63	98.719
922.80	98.659
922.97	99.275
923.15	96.479
923.32	100.135
923.49	97.546
923.66	100.255
923.83	95.817
924.01	100.084
924.18	97.581
924.35	99.789
924.52	97.271
924.69	99.193
924.87	96.732
925.04	98.860
925.21	100.391
925.38	96.569
925.55	99.620
925.73	97.053
925.90	98.729
926.07	98.637
926.24	96.834
926.41	99.148
926.59	98.532
926.76	95.628
926.93	99.452
927.10	98.431
927.27	98.952
927.45	99.043
927.62	100.293
927.79	98.006
927.96	98.460
928.13	97.455
928.30	96.915
928.48	98.421
928.65	100.310
928.82	96.568
928.99	98.132
929.16	97.986
929.33	98.469
929.50	99.078
929.68	96.663
929.85	96.884
930.02	101.281
930.19	98.269
930.36	98.990
930.53	102.094
930.70	98.202
930.88	95.679
931.05	96.296
931.22	96.045
931.39	100.344
931.56	99.892
931.73	94.847
931.90	100.332
932.08	99.032
932.25	97.948
932.42	96.329
932.59	97.498
932.76	97.084
932.93	98.985
933.10	98.743
933.27	97.351
933.44	96.699
933.62	97.646
933.79	96.003
933.96	96.926
934.13	97.606
934.30	98.410
934.47	98.982
934.64	100.187
934.81	98.585
934.98	98.210
935.15	100.229
935.32	100.410
935.50	98.796
935.67	99.709
935.84	101.344
936.01	95.668
936.18	99.913
936.35	98.706
936.52	99.968
936.69	93.354
936.86	97.516
937.03	96.426
937.20	100.034
937.37	95.758
937.54	98.884
937.71	96.969
937.89	100.496
938.06	104.319
938.23	98.940
938.40	98.909
938.57	104.365
938.74	105.755
938.91	100.974
939.08	100.607
939.25	100.930
939.42	96.582
939.59	101.079
939.76	100.603
939.93	100.465
940.10	97.012
940.27	100.854
940.44	96.899
940.61	96.927
940.78	104.164
940.95	94.654
941.12	100.829
941.29	100.535
941.46	97.851
941.63	103.665
941.80	83.787
941.97	95.009
942.14	101.982
942.31	101.702
942.48	99.695
942.65	98.334
942.82	102.102
942.99	96.130
943.16	91.610
943.33	102.528
943.50	105.151
943.67	99.598
943.84	96.999
944.01	107.229
944.18	101.906
944.35	98.908
944.52	103.313
944.69	99.460
944.86	102.549
945.03	109.662
945.20	95.708
945.37	107.737
945.54	97.352
945.71	96.071
945.88	105.128
946.05	96.947
946.22	106.553
946.39	108.654
946.56	98.231
946.73	100.577
946.90	103.652
947.07	102.293
947.23	100.127
947.40	91.124
947.57	101.911
947.74	99.541
947.91	106.014
948.08	98.800
948.25	99.626
948.42	96.445
948.59	97.256
948.76	103.866
948.93	107.483
949.10	98.543
949.27	101.764
949.44	103.735
949.60	99.029
949.77	93.199
949.94	94.722
950.11	99.472
950.28	96.995
950.45	96.399
950.62	104.589
950.79	97.049
950.96	97.683
951.13	100.976
951.30	95.390
951.46	100.783
951.63	105.171
951.80	99.377
951.97	97.333
952.14	99.176
952.31	101.990
952.48	101.292
952.65	97.989
952.81	96.318
952.98	96.539
953.15	97.388
953.32	99.949
953.49	98.869
953.66	101.419
953.83	99.759
954.00	98.176
954.16	95.119
954.33	93.744
954.50	103.097
954.67	106.123
954.84	101.851
955.01	98.638
955.18	105.429
955.34	99.956
955.51	95.391
955.68	103.523
955.85	97.714
956.02	104.883
956.19	93.137
956.35	96.317
956.52	101.018
956.69	98.729
956.86	96.248
957.03	101.134
957.20	96.141
957.36	104.019
957.53	100.130
957.70	98.482
957.87	102.691
958.04	97.638
958.21	100.937
958.37	98.600
958.54	97.745
958.71	103.824
958.88	96.928
959.05	96.809
959.21	98.648
959.38	99.639
959.55	101.261
959.72	99.193
959.89	95.281
960.05	101.179
960.22	95.544
960.39	104.624
960.56	97.142
960.72	101.200
960.89	99.805
961.06	98.398
961.23	100.118
961.40	89.457
961.56	96.270
961.73	94.731
961.90	95.887
962.07	94.981
962.23	101.874
962.40	98.735
962.57	100.271
962.74	95.006
962.90	100.574
963.07	99.722
963.24	105.593
963.41	98.795
963.57	100.507
963.74	95.205
963.91	98.596
964.08	98.939
964.24	100.118
964.41	95.074
964.58	99.568
964.75	99.842
964.91	95.247
965.08	95.293
965.25	91.042
965.42	95.607
965.58	102.204
965.75	96.972
965.92	101.416
966.08	97.327
966.25	93.886
966.42	103.755
966.59	94.929
966.75	96.312
966.92	98.641
967.09	95.881
967.25	94.394
967.42	97.664
967.59	99.294
967.75	95.956
967.92	98.824
968.09	102.234
968.26	102.063
968.42	96.199
968.59	97.203
968.76	98.903
968.92	101.789
969.09	100.549
969.26	97.317
969.42	95.186
969.59	97.703
969.76	92.413
969.92	93.150
970.09	93.446
970.26	99.192
970.42	98.374
970.59	93.553
970.76	100.718
970.92	98.854
971.09	102.363
971.26	92.952
971.42	99.723
971.59	99.387
971.76	99.438
971.92	96.634
972.09	97.844
972.25	100.084
972.42	97.423
972.59	95.622
972.75	99.285
972.92	101.011
973.09	95.673
973.25	100.294
973.42	101.024
973.58	99.498
973.75	94.348
973.92	98.801
974.08	95.289
974.25	96.178
974.42	97.855
974.58	95.580
974.75	95.200
974.91	102.487
975.08	100.639
975.25	99.225
975.41	98.725
975.58	94.103
975.74	96.870
975.91	99.832
976.08	106.088
976.24	97.165
976.41	99.871
976.57	102.756
976.74	95.916
976.91	93.272
977.07	99.834
977.24	97.981
977.40	96.862
977.57	101.548
977.73	97.767
977.90	103.181
978.07	104.201
978.23	97.364
978.40	97.524
978.56	100.045
978.73	104.071
978.89	100.311
979.06	101.688
979.22	102.100
979.39	102.306
979.56	101.421
979.72	94.918
979.89	101.033
980.05	97.926
980.22	98.269
980.38	97.616
980.55	103.265
980.71	98.339
980.88	96.180
981.04	100.914
981.21	95.881
981.37	101.044
981.54	97.425
981.70	97.033
981.87	95.670
982.04	102.288
982.20	100.570
982.37	103.240
982.53	98.056
982.70	96.600
982.86	98.719
983.03	101.059
983.19	94.415
983.36	97.623
983.52	105.961
983.69	99.704
983.85	98.382
984.02	94.589
984.18	93.732
984.35	99.508
984.51	101.728
984.68	94.933
984.84	97.392
985.00	97.529
985.17	101.308
985.33	99.794
985.50	108.000
985.66	101.023
985.83	99.791
985.99	97.504
986.16	97.115
986.32	96.120
986.49	108.074
986.65	100.913
986.82	100.683
986.98	100.541
987.15	100.475
987.31	97.109
987.47	100.350
987.64	102.299
987.80	99.500
987.97	101.655
988.13	100.160
988.30	102.364
988.46	98.545
988.63	95.853
988.79	104.494
988.95	104.018
989.12	104.808
989.28	105.137
989.45	107.881
989.61	102.375
989.77	104.011
989.94	99.573
990.10	102.963
990.27	104.819
990.43	93.396
990.60	95.948
990.76	100.237
990.92	107.915
991.09	109.406
991.25	100.300
991.42	107.444
991.58	98.989
991.74	108.635
991.91	98.424
992.07	98.582
992.24	102.310
992.40	107.536
992.56	97.965
992.73	103.160
992.89	91.309
993.05	98.304
993.22	98.238
993.38	102.911
993.55	93.310
993.71	99.568
993.87	109.365
994.04	94.664
994.20	99.559
994.36	93.939
994.53	95.487
994.69	103.043
994.85	105.552
995.02	105.031
995.18	101.352
995.34	101.210
995.51	111.036
995.67	96.539
995.84	106.867
996.00	93.842
996.16	102.765
996.33	97.645
996.49	101.459
996.65	103.343
996.82	105.260
996.98	109.103
997.14	96.950
997.31	95.503
997.47	105.175
997.63	105.407
997.79	102.963
997.96	98.246
998.12	109.841
998.28	103.934
998.45	99.735
998.61	95.593
998.77	97.117
998.94	102.066
999.10	97.591
999.26	106.565
999.43	104.107
999.59	95.643
999.75	97.320
999.91	90.840
1000.08	89.810
1000.24	96.748
1000.40	115.323
1000.57	100.938
1000.73	98.282
1000.89	90.704
1001.05	101.932
1001.22	101.915
1001.38	95.096
1001.54	98.052
1001.70	91.819
1001.87	98.271
1002.03	96.908
1002.19	104.936
1002.35	99.454
1002.52	95.720
1002.68	97.238
1002.84	104.892
1003.00	98.558
1003.17	106.872
1003.33	90.455
1003.49	94.154
1003.65	92.356
1003.82	99.926
1003.98	100.427
1004.14	100.079
1004.30	97.884
1004.47	101.964
1004.63	102.817
1004.79	93.317
1004.95	97.268
1005.11	101.781
1005.28	107.306
1005.44	109.276
1005.60	93.357
1005.76	98.049
1005.93	98.875
1006.09	100.664
1006.25	92.783
1006.41	102.465
1006.57	99.121
1006.74	104.839
1006.90	106.993
1007.06	98.041
1007.22	109.822
1007.38	98.258
1007.55	104.795
1007.71	106.391
1007.87	99.704
1008.03	103.163
1008.19	104.713
1008.35	113.043
1008.52	100.610
1008.68	104.809
1008.84	102.564
1009.00	98.146
1009.16	100.840
1009.32	100.351
1009.49	107.675
1009.65	99.801
1009.81	98.427
1009.97	98.873
1010.13	100.543
1010.29	99.549
1010.46	96.161
1010.62	100.194
1010.78	106.067
1010.94	104.330
1011.10	100.000
1011.26	97.668
1011.42	103.950
1011.59	110.430
1011.75	96.679
1011.91	103.987
1012.07	90.669
1012.23	95.869
1012.39	110.143
1012.55	96.720
1012.71	99.147
1012.88	111.034
1013.04	100.116
1013.20	95.758
1013.36	94.539
1013.52	100.716
1013.68	88.740
1013.84	105.751
1014.00	97.288
1014.16	96.574
1014.33	106.572
1014.49	103.695
1014.65	122.977
1014.81	101.816
1014.97	120.449
1015.13	108.108
1015.29	100.872
1015.45	112.125
1015.61	99.782
1015.77	97.619
1015.93	122.416
1016.09	111.126
1016.26	108.283
1016.42	105.777
1016.58	105.313
1016.74	110.000
1016.90	93.536
1017.06	112.649
1017.22	106.292
1017.38	98.231
1017.54	94.921
1017.70	106.114
1017.86	115.452
1018.02	113.694
1018.18	102.128
1018.34	92.763
1018.50	107.467
1018.66	107.578
1018.82	99.386
1018.98	93.061
1019.14	113.367
1019.31	109.841
1019.47	108.169
1019.63	92.828
1019.79	98.613
1019.95	99.636
1020.11	106.501
1020.27	99.593
1020.43	111.480
1020.59	101.005
1020.75	95.778
1020.91	99.687
1021.07	100.929
1021.23	109.496
1021.39	103.634
1021.55	114.446
1021.71	92.537
1021.87	128.102
1022.03	106.838
1022.19	106.762
1022.35	90.094
1022.51	135.755
1022.67	96.040
1022.83	91.748
1022.99	96.280
1023.15	109.532
1023.31	120.000
1023.47	111.602
1023.63	103.170
1023.79	122.284
1023.95	96.434
1024.10	99.077
1024.26	104.990
1024.42	124.125
1024.58	109.242
1024.74	96.945
1024.90	103.248
1025.06	108.769
1025.22	133.700
1025.38	84.524
1025.54	100.311
1025.70	103.261
1025.86	113.849
1026.02	93.750
1026.18	109.223
1026.34	113.622
1026.50	128.367
1026.66	105.670
1026.82	114.621
1026.98	127.027
1027.13	107.635
1027.29	102.464
1027.45	107.059
1027.61	91.154
1027.77	114.773
1027.93	104.607
1028.09	112.216
1028.25	111.925
1028.41	101.463
1028.57	124.843
1028.73	118.047
1028.88	110.000
1029.04	118.982
1029.20	179.298
1029.36	119.397
1029.52	94.137
1029.68	88.471
1029.84	106.545
1030.00	102.305
1030.16	138.142
1030.32	133.127
1030.47	103.132
1030.63	126.650
1030.79	146.210
1030.95	120.474
1031.11	102.852
1031.27	108.810
1031.43	135.253
1031.59	102.427
1031.74	120.095
1031.90	94.934
1032.06	89.333
1032.22	122.222
1032.38	102.160
1032.54	97.600
1032.69	111.890
1032.85	107.640
1033.01	87.611
1033.17	134.140
1033.33	101.183
1033.49	98.489
1033.65	95.794
1033.80	100.212
1033.96	88.755
1034.12	125.974
1034.28	91.064
1034.44	98.677
1034.60	90.617
1034.75	127.047
1034.91	107.282
1035.07	100.225
1035.23	131.138
1035.39	89.277
1035.54	114.646
1035.70	74.124
1035.86	126.630
1036.02	160.000
1036.18	89.035
1036.33	145.779
1036.49	137.453
1036.65	125.634
1036.81	141.391
1036.97	105.221
1037.12	109.831
1037.28	73.248
1037.44	126.045
1037.60	135.168
1037.76	111.413
1037.91	139.203
1038.07	105.136
1038.23	132.632
1038.39	101.760
1038.54	130.284
1038.70	111.824
1038.86	97.688
1039.02	104.950
1039.17	94.366
1039.33	108.777
1039.49	148.822
1039.65	87.365
1039.80	113.853
1039.96	121.154
1040.12	130.732
1040.28	220.886
>>>>> Data<<<<< Espectral Procesado Extremo
