Fichero De Datos De SpectraSuite
++++++++++++++++++++++++++++++++++++
Fecha: Mon Jun 29 09:16:52 CST 2026
Usuario: HP
Presente Oscuro Del Espectro: Sí
La Referencia de Presente Del Espectro De: Sí
Muestreados de los componentes de Número de espectros: 1
Espectrómetros: USB4H06056
Tiempo de integración (usec): 300000 (USB4H06056)
Promedio de Espectros Hechos un: 5 (USB4H06056)
El Alisar Del Furgón: 0 (USB4H06056)
Párrafo de de Corregir del la del del de Eléctrica del obscuridad: No (USB4H06056)
Estrobo/Lámpara Permitido: No (USB4H06056)
Correct for Detector Non-linearity: No (USB4H06056)
Párrafo de de Corregir del la del del de Externa del luz: No (USB4H06056)
Procesado del espectro de Número de pixeles en: 3648
>>>>> Comienza Data<<<<< Espectral Procesado Del EL
345.09	76.364
345.30	76.364
345.52	76.364
345.74	166.667
345.95	433.333
346.17	19.643
346.39	144.512
346.60	90.909
346.82	-1.587
347.04	-152.632
347.25	-118.421
347.47	-1000.000
347.69	77.778
347.90	-75.556
348.12	87.368
348.34	413.333
348.56	57.377
348.77	700.000
348.99	85.417
349.21	54.891
349.42	-31.579
349.64	46.296
349.86	-19.786
350.07	14.013
350.29	261.111
350.51	47.337
350.72	-5.288
350.94	-14.444
351.16	57.754
351.37	9.600
351.59	-24.242
351.81	34.783
352.02	17.391
352.24	-119.643
352.46	60.417
352.67	25.969
352.89	46.703
353.10	-27.389
353.32	-226.667
353.54	42.105
353.75	-42.857
353.97	37.815
354.19	79.348
354.40	35.664
354.62	0.535
354.84	23.697
355.05	0.680
355.27	5.000
355.49	63.948
355.70	-9.091
355.92	1200.000
356.14	-27.174
356.35	55.034
356.57	49.569
356.78	27.848
357.00	15.663
357.22	28.125
357.43	36.047
357.65	44.318
357.87	61.538
358.08	61.765
358.30	20.497
358.51	100.585
358.73	61.314
358.95	38.028
359.16	5.426
359.38	77.642
359.60	50.769
359.81	11.728
360.03	64.844
360.24	24.638
360.46	-42.857
360.68	46.154
360.89	15.247
361.11	-66.667
361.33	13.873
361.54	70.000
361.76	21.277
361.97	86.792
362.19	-26.496
362.41	37.719
362.62	30.588
362.84	39.063
363.05	43.103
363.27	24.852
363.49	27.778
363.70	51.739
363.92	-4.375
364.13	116.807
364.35	55.474
364.57	35.052
364.78	43.333
365.00	77.457
365.21	56.398
365.43	40.336
365.65	64.844
365.86	-6.195
366.08	41.176
366.29	87.069
366.51	48.810
366.73	27.368
366.94	14.211
367.16	51.542
367.37	11.364
367.59	25.352
367.80	45.161
368.02	56.972
368.24	94.667
368.45	61.165
368.67	36.986
368.88	58.974
369.10	24.691
369.31	38.500
369.53	16.981
369.75	40.458
369.96	-3500.000
370.18	35.165
370.39	28.910
370.61	2.242
370.82	38.596
371.04	19.725
371.26	71.856
371.47	61.938
371.69	11.111
371.90	2.206
372.12	11.538
372.33	23.164
372.55	30.342
372.76	33.088
372.98	50.865
373.20	-3.623
373.41	57.200
373.63	57.090
373.84	37.850
374.06	49.138
374.27	19.753
374.49	71.429
374.70	9.091
374.92	22.619
375.13	52.703
375.35	13.091
375.57	27.869
375.78	34.868
376.00	-22.043
376.21	-36.641
376.43	7.429
376.64	41.722
376.86	33.626
377.07	42.857
377.29	20.779
377.50	63.021
377.72	48.462
377.93	90.179
378.15	37.417
378.36	60.526
378.58	12.537
378.80	32.374
379.01	24.380
379.23	44.444
379.44	35.323
379.66	32.237
379.87	22.917
380.09	-4.712
380.30	37.379
380.52	63.060
380.73	38.889
380.95	42.424
381.16	14.458
381.38	18.142
381.59	52.330
381.81	17.368
382.02	28.296
382.24	28.618
382.45	59.585
382.67	41.983
382.88	38.053
383.10	23.529
383.31	37.563
383.53	31.716
383.74	9.831
383.96	-3.810
384.17	54.237
384.39	6.667
384.60	39.687
384.82	100.735
385.03	16.304
385.25	32.432
385.46	35.220
385.68	51.751
385.89	24.516
386.11	24.843
386.32	19.880
386.54	23.871
386.75	55.709
386.97	62.869
387.18	24.034
387.40	-3.047
387.61	40.636
387.83	25.979
388.04	71.642
388.25	13.636
388.47	44.286
388.68	35.082
388.90	17.708
389.11	63.536
389.33	19.355
389.54	44.495
389.76	57.802
389.97	24.650
390.19	33.918
390.40	16.580
390.62	29.643
390.83	52.365
391.05	26.178
391.26	27.211
391.47	12.734
391.69	34.623
391.90	27.002
392.12	28.392
392.33	20.092
392.55	57.143
392.76	38.329
392.98	15.134
393.19	69.042
393.41	-13.965
393.62	5.926
393.83	33.623
394.05	24.047
394.26	54.334
394.48	24.352
394.69	13.981
394.91	26.859
395.12	31.079
395.34	23.349
395.55	22.581
395.76	15.730
395.98	33.995
396.19	30.424
396.41	20.971
396.62	40.811
396.84	26.016
397.05	28.817
397.26	26.459
397.48	16.291
397.69	32.688
397.91	40.039
398.12	40.962
398.33	35.526
398.55	32.392
398.76	17.400
398.98	30.426
399.19	26.061
399.41	43.013
399.62	3.009
399.83	39.147
400.05	29.618
400.26	40.959
400.48	37.279
400.69	14.447
400.90	25.347
401.12	28.383
401.33	18.452
401.55	27.273
401.76	23.011
401.97	28.884
402.19	33.797
402.40	15.670
402.62	2.306
402.83	25.127
403.04	30.000
403.26	28.807
403.47	27.597
403.69	25.000
403.90	46.791
404.11	32.969
404.33	25.212
404.54	33.082
404.76	24.864
404.97	4.734
405.18	28.075
405.40	36.656
405.61	38.831
405.83	17.720
406.04	36.205
406.25	28.638
406.47	20.934
406.68	10.742
406.89	12.694
407.11	10.431
407.32	26.706
407.54	38.505
407.75	28.162
407.96	37.517
408.18	35.687
408.39	28.091
408.60	28.973
408.82	13.881
409.03	35.634
409.24	37.112
409.46	21.219
409.67	18.649
409.89	22.275
410.10	10.590
410.31	41.183
410.53	3.185
410.74	21.798
410.95	21.147
411.17	20.592
411.38	17.327
411.59	23.987
411.81	19.022
412.02	18.977
412.23	19.846
412.45	18.182
412.66	26.137
412.87	18.329
413.09	17.108
413.30	8.398
413.51	18.474
413.73	22.013
413.94	7.608
414.15	17.761
414.37	9.372
414.58	17.498
414.79	21.077
415.01	13.864
415.22	16.823
415.43	22.062
415.65	9.058
415.86	18.007
416.07	14.830
416.29	16.089
416.50	9.289
416.71	17.919
416.93	13.460
417.14	13.025
417.35	13.266
417.57	16.471
417.78	10.156
417.99	15.757
418.21	8.600
418.42	11.234
418.63	10.482
418.85	112.182
419.06	19.012
419.27	9.972
419.48	18.432
419.70	11.060
419.91	19.675
420.12	9.572
420.34	13.521
420.55	11.517
420.76	15.789
420.98	10.109
421.19	13.324
421.40	11.625
421.61	11.182
421.83	14.996
422.04	10.866
422.25	13.222
422.47	16.203
422.68	7.841
422.89	10.789
423.11	11.755
423.32	8.421
423.53	13.906
423.74	13.233
423.96	9.887
424.17	14.656
424.38	9.717
424.59	9.762
424.81	13.576
425.02	10.311
425.23	11.357
425.45	11.337
425.66	9.271
425.87	10.900
426.08	6.600
426.30	7.259
426.51	12.236
426.72	10.875
426.93	9.205
427.15	10.324
427.36	8.565
427.57	6.303
427.79	9.839
428.00	12.752
428.21	41.924
428.42	9.450
428.64	8.775
428.85	9.772
429.06	8.649
429.27	8.384
429.49	10.964
429.70	11.077
429.91	7.840
430.12	7.295
430.34	8.841
430.55	10.012
430.76	9.080
430.97	7.956
431.19	8.725
431.40	8.829
431.61	6.753
431.82	11.868
432.03	6.277
432.25	7.332
432.46	11.361
432.67	7.281
432.88	5.990
433.10	9.238
433.31	7.064
433.52	5.472
433.73	6.658
433.95	6.903
434.16	8.289
434.37	9.140
434.58	10.068
434.79	8.573
435.01	7.302
435.22	7.692
435.43	2.262
435.64	7.564
435.86	4.707
436.07	9.449
436.28	7.652
436.49	9.667
436.70	8.268
436.92	9.419
437.13	5.764
437.34	8.595
437.55	7.732
437.76	9.680
437.98	7.854
438.19	6.938
438.40	8.372
438.61	8.958
438.82	7.746
439.04	7.040
439.25	8.410
439.46	8.174
439.67	9.130
439.88	7.951
440.10	6.464
440.31	6.470
440.52	7.845
440.73	7.956
440.94	6.840
441.16	7.655
441.37	7.901
441.58	8.729
441.79	8.357
442.00	9.070
442.21	7.150
442.43	6.570
442.64	7.088
442.85	6.728
443.06	5.933
443.27	6.274
443.48	8.849
443.70	8.439
443.91	7.337
444.12	8.094
444.33	8.105
444.54	6.636
444.75	6.941
444.97	8.203
445.18	6.923
445.39	8.487
445.60	8.600
445.81	7.403
446.02	6.532
446.24	8.443
446.45	5.748
446.66	6.700
446.87	7.909
447.08	8.771
447.29	8.948
447.51	6.552
447.72	9.562
447.93	6.676
448.14	9.222
448.35	8.119
448.56	8.072
448.77	6.812
448.99	7.190
449.20	8.114
449.41	7.238
449.62	7.620
449.83	8.865
450.04	6.101
450.25	10.708
450.46	9.859
450.68	8.506
450.89	7.023
451.10	9.028
451.31	8.287
451.52	7.483
451.73	7.134
451.94	7.673
452.15	9.403
452.37	6.162
452.58	8.225
452.79	8.065
453.00	6.048
453.21	7.954
453.42	6.665
453.63	8.513
453.84	9.211
454.06	7.449
454.27	7.297
454.48	7.851
454.69	8.953
454.90	7.624
455.11	7.423
455.32	7.674
455.53	7.024
455.74	7.937
455.95	8.306
456.17	8.695
456.38	8.674
456.59	8.279
456.80	8.433
457.01	8.038
457.22	8.694
457.43	8.117
457.64	7.634
457.85	8.823
458.06	7.699
458.27	7.690
458.49	8.005
458.70	7.399
458.91	8.205
459.12	8.507
459.33	8.053
459.54	8.214
459.75	8.470
459.96	7.305
460.17	8.130
460.38	7.733
460.59	8.648
460.80	8.465
461.01	7.403
461.23	7.701
461.44	7.555
461.65	7.674
461.86	9.102
462.07	7.691
462.28	8.381
462.49	8.024
462.70	6.864
462.91	8.979
463.12	8.413
463.33	7.747
463.54	8.056
463.75	8.060
463.96	9.077
464.17	7.347
464.38	8.221
464.59	8.684
464.81	9.387
465.02	8.025
465.23	8.100
465.44	8.958
465.65	7.581
465.86	7.952
466.07	8.180
466.28	7.525
466.49	8.800
466.70	8.246
466.91	8.610
467.12	8.236
467.33	8.540
467.54	8.614
467.75	7.879
467.96	8.297
468.17	9.641
468.38	8.790
468.59	7.885
468.80	8.166
469.01	8.404
469.22	7.834
469.43	7.674
469.64	6.891
469.85	7.953
470.06	7.629
470.27	7.640
470.48	8.650
470.69	7.788
470.90	9.372
471.11	8.016
471.32	7.877
471.53	7.904
471.74	8.094
471.95	9.448
472.16	9.310
472.37	8.417
472.58	8.787
472.79	8.901
473.00	9.223
473.21	9.638
473.42	7.886
473.63	7.739
473.84	8.314
474.05	7.767
474.26	7.501
474.47	7.879
474.68	8.398
474.89	8.372
475.10	7.765
475.31	8.504
475.52	8.649
475.73	8.807
475.94	8.034
476.15	8.017
476.36	8.630
476.57	8.214
476.78	8.409
476.99	8.231
477.20	9.040
477.41	8.382
477.62	8.697
477.83	7.770
478.04	8.184
478.25	7.776
478.46	8.126
478.67	8.145
478.88	8.084
479.09	9.264
479.30	7.802
479.51	9.032
479.72	8.721
479.93	8.821
480.14	7.639
480.35	8.503
480.56	8.157
480.77	8.140
480.98	8.679
481.18	7.847
481.39	8.119
481.60	8.290
481.81	7.745
482.02	8.175
482.23	7.838
482.44	7.641
482.65	8.670
482.86	8.111
483.07	8.277
483.28	8.744
483.49	8.473
483.70	8.216
483.91	8.320
484.12	8.554
484.33	7.997
484.53	8.069
484.74	8.028
484.95	8.694
485.16	8.507
485.37	8.180
485.58	8.357
485.79	8.266
486.00	8.573
486.21	8.423
486.42	8.388
486.63	8.404
486.84	8.328
487.05	8.196
487.25	8.572
487.46	8.416
487.67	8.376
487.88	8.589
488.09	8.071
488.30	8.588
488.51	1.626
488.72	8.441
488.93	8.237
489.14	8.154
489.35	8.276
489.55	9.084
489.76	8.671
489.97	8.682
490.18	8.216
490.39	8.720
490.60	8.079
490.81	8.589
491.02	8.875
491.23	8.109
491.43	8.340
491.64	7.854
491.85	8.539
492.06	8.077
492.27	8.667
492.48	8.576
492.69	8.429
492.90	8.543
493.11	8.473
493.31	8.561
493.52	8.977
493.73	8.453
493.94	8.552
494.15	8.623
494.36	8.492
494.57	7.905
494.78	8.786
494.98	8.590
495.19	8.473
495.40	8.640
495.61	8.545
495.82	8.973
496.03	8.530
496.24	8.860
496.44	8.721
496.65	8.507
496.86	8.685
497.07	8.797
497.28	9.090
497.49	8.587
497.70	8.919
497.90	8.455
498.11	8.459
498.32	8.590
498.53	8.752
498.74	8.626
498.95	9.168
499.15	8.775
499.36	8.921
499.57	8.616
499.78	8.466
499.99	8.750
500.20	8.806
500.40	8.740
500.61	8.707
500.82	8.699
501.03	8.675
501.24	8.186
501.45	9.004
501.65	8.774
501.86	8.258
502.07	8.854
502.28	8.790
502.49	8.403
502.70	8.482
502.90	8.394
503.11	8.502
503.32	8.453
503.53	8.692
503.74	8.761
503.94	8.508
504.15	8.770
504.36	8.608
504.57	8.820
504.78	8.835
504.98	8.511
505.19	9.073
505.40	8.911
505.61	8.691
505.82	9.001
506.02	8.538
506.23	8.533
506.44	8.838
506.65	9.221
506.86	9.140
507.06	8.700
507.27	8.306
507.48	8.846
507.69	8.848
507.90	9.068
508.10	9.100
508.31	8.972
508.52	9.048
508.73	8.994
508.94	9.206
509.14	8.744
509.35	9.084
509.56	8.921
509.77	9.073
509.97	9.120
510.18	9.066
510.39	8.808
510.60	8.815
510.80	9.524
511.01	8.964
511.22	9.174
511.43	9.154
511.64	8.905
511.84	9.297
512.05	9.531
512.26	9.017
512.47	9.170
512.67	9.078
512.88	9.381
513.09	9.622
513.30	8.944
513.50	9.291
513.71	9.321
513.92	9.067
514.13	9.602
514.33	9.299
514.54	9.644
514.75	9.294
514.96	9.152
515.16	9.339
515.37	9.498
515.58	9.418
515.78	9.603
515.99	9.853
516.20	9.308
516.41	9.409
516.61	9.886
516.82	9.813
517.03	10.184
517.24	9.816
517.44	9.673
517.65	9.780
517.86	10.090
518.07	9.703
518.27	9.726
518.48	9.749
518.69	10.114
518.89	9.683
519.10	9.325
519.31	9.716
519.52	10.379
519.72	10.353
519.93	9.920
520.14	10.095
520.34	10.131
520.55	10.052
520.76	10.191
520.96	10.581
521.17	10.494
521.38	10.598
521.59	10.441
521.79	10.620
522.00	10.250
522.21	10.738
522.41	10.764
522.62	10.887
522.83	10.834
523.03	11.109
523.24	10.629
523.45	10.970
523.66	11.335
523.86	11.042
524.07	10.884
524.28	11.332
524.48	11.378
524.69	11.422
524.90	11.234
525.10	11.220
525.31	11.657
525.52	11.644
525.72	11.397
525.93	11.939
526.14	11.692
526.34	12.009
526.55	11.852
526.76	12.010
526.96	12.275
527.17	12.084
527.38	12.330
527.58	12.294
527.79	12.213
528.00	12.110
528.20	12.099
528.41	12.414
528.62	12.159
528.82	12.275
529.03	12.654
529.24	12.607
529.44	12.748
529.65	12.841
529.85	12.689
530.06	12.709
530.27	12.625
530.47	13.041
530.68	13.002
530.89	13.079
531.09	13.293
531.30	13.656
531.51	13.163
531.71	13.381
531.92	13.702
532.13	13.395
532.33	13.610
532.54	13.863
532.74	13.806
532.95	13.617
533.16	13.727
533.36	13.603
533.57	13.606
533.78	13.797
533.98	13.698
534.19	13.786
534.39	13.924
534.60	13.977
534.81	14.279
535.01	14.194
535.22	14.370
535.42	14.358
535.63	14.344
535.84	14.367
536.04	14.363
536.25	14.191
536.45	14.476
536.66	14.620
536.87	14.541
537.07	14.737
537.28	14.707
537.48	14.656
537.69	14.877
537.90	14.743
538.10	15.073
538.31	15.016
538.51	15.035
538.72	14.821
538.93	14.920
539.13	15.019
539.34	15.082
539.54	15.182
539.75	14.998
539.96	15.045
540.16	15.137
540.37	15.072
540.57	15.108
540.78	15.259
540.98	15.404
541.19	15.424
541.40	15.352
541.60	15.231
541.81	15.287
542.01	15.340
542.22	15.589
542.42	15.507
542.63	15.682
542.83	15.532
543.04	15.223
543.25	15.899
543.45	15.622
543.66	15.813
543.86	15.325
544.07	15.860
544.27	15.776
544.48	15.547
544.68	15.688
544.89	15.891
545.10	15.537
545.30	15.929
545.51	15.920
545.71	15.848
545.92	15.765
546.12	16.105
546.33	15.565
546.53	15.856
546.74	15.718
546.94	16.004
547.15	16.085
547.36	15.969
547.56	15.712
547.77	16.214
547.97	15.938
548.18	15.938
548.38	15.762
548.59	16.036
548.79	15.905
549.00	15.801
549.20	15.892
549.41	15.924
549.61	15.983
549.82	15.896
550.02	15.938
550.23	16.204
550.43	16.087
550.64	16.271
550.84	16.493
551.05	16.371
551.25	16.380
551.46	16.236
551.66	15.914
551.87	16.273
552.07	16.142
552.28	16.344
552.48	16.375
552.69	16.368
552.89	16.081
553.10	16.238
553.30	16.354
553.51	16.386
553.71	16.182
553.92	16.424
554.12	16.181
554.33	16.542
554.53	16.393
554.74	16.266
554.94	16.436
555.15	16.783
555.35	16.692
555.56	16.327
555.76	16.333
555.97	16.469
556.17	16.769
556.38	16.579
556.58	16.704
556.78	16.265
556.99	16.558
557.19	16.323
557.40	16.424
557.60	16.240
557.81	16.289
558.01	16.513
558.22	16.259
558.42	16.454
558.63	16.453
558.83	16.605
559.04	16.371
559.24	16.434
559.44	16.254
559.65	16.575
559.85	16.069
560.06	16.389
560.26	16.190
560.47	16.522
560.67	16.490
560.88	16.058
561.08	16.269
561.28	16.428
561.49	16.463
561.69	16.280
561.90	16.465
562.10	16.035
562.31	16.198
562.51	16.050
562.71	16.223
562.92	16.303
563.12	16.149
563.33	16.030
563.53	16.209
563.74	16.553
563.94	16.097
564.14	15.963
564.35	16.049
564.55	15.901
564.76	16.046
564.96	16.161
565.17	16.152
565.37	15.822
565.57	15.950
565.78	16.089
565.98	15.878
566.19	15.923
566.39	15.578
566.59	15.597
566.80	15.558
567.00	15.822
567.21	15.657
567.41	15.820
567.61	15.774
567.82	15.667
568.02	15.388
568.23	15.553
568.43	15.551
568.63	15.368
568.84	15.624
569.04	15.215
569.24	15.506
569.45	15.378
569.65	15.255
569.86	15.293
570.06	15.114
570.26	15.413
570.47	15.067
570.67	14.764
570.87	15.185
571.08	14.711
571.28	15.127
571.49	15.054
571.69	14.742
571.89	14.759
572.10	14.926
572.30	14.846
572.50	14.794
572.71	14.350
572.91	14.782
573.11	14.590
573.32	14.391
573.52	14.578
573.73	14.574
573.93	14.666
574.13	14.450
574.34	14.324
574.54	14.337
574.74	14.225
574.95	13.993
575.15	13.989
575.35	13.975
575.56	14.183
575.76	14.167
575.96	14.094
576.17	13.872
576.37	14.062
576.57	13.936
576.78	13.863
576.98	13.814
577.18	13.742
577.39	13.632
577.59	13.437
577.79	14.000
578.00	13.440
578.20	13.643
578.40	13.686
578.61	13.482
578.81	13.278
579.01	13.253
579.22	13.470
579.42	13.220
579.62	13.564
579.82	13.286
580.03	13.146
580.23	13.062
580.43	13.233
580.64	13.256
580.84	13.184
581.04	12.867
581.25	13.092
581.45	13.268
581.65	13.087
581.86	13.080
582.06	12.783
582.26	12.784
582.46	13.491
582.67	12.845
582.87	12.843
583.07	12.923
583.28	12.852
583.48	12.746
583.68	12.581
583.88	12.736
584.09	12.642
584.29	12.544
584.49	12.722
584.70	12.613
584.90	12.496
585.10	12.914
585.30	12.344
585.51	12.496
585.71	12.559
585.91	12.536
586.11	12.696
586.32	12.372
586.52	12.452
586.72	12.440
586.92	12.169
587.13	12.362
587.33	12.331
587.53	12.502
587.74	12.213
587.94	12.314
588.14	12.088
588.34	12.201
588.55	12.064
588.75	12.194
588.95	12.280
589.15	12.021
589.36	12.007
589.56	12.244
589.76	11.782
589.96	12.093
590.16	12.222
590.37	12.046
590.57	11.880
590.77	11.901
590.97	12.053
591.18	11.940
591.38	12.147
591.58	11.081
591.78	11.879
591.99	11.883
592.19	11.967
592.39	11.882
592.59	12.031
592.79	11.872
593.00	11.880
593.20	11.945
593.40	11.854
593.60	11.924
593.81	11.897
594.01	11.918
594.21	11.980
594.41	11.800
594.61	11.889
594.82	11.790
595.02	11.674
595.22	11.652
595.42	11.783
595.62	11.545
595.83	11.712
596.03	11.781
596.23	11.782
596.43	11.766
596.63	11.590
596.84	11.726
597.04	11.760
597.24	11.892
597.44	11.710
597.64	11.724
597.84	11.560
598.05	11.544
598.25	11.720
598.45	11.673
598.65	11.698
598.85	11.693
599.06	11.856
599.26	11.759
599.46	11.511
599.66	11.607
599.86	11.695
600.06	11.717
600.27	11.620
600.47	11.636
600.67	11.909
600.87	11.418
601.07	11.519
601.27	11.714
601.48	11.574
601.68	11.699
601.88	11.485
602.08	11.501
602.28	11.576
602.48	11.552
602.68	11.722
602.89	11.637
603.09	11.823
603.29	11.539
603.49	11.590
603.69	11.646
603.89	11.665
604.09	11.620
604.30	11.388
604.50	11.559
604.70	11.409
604.90	11.585
605.10	11.445
605.30	11.712
605.50	11.511
605.71	11.668
605.91	11.778
606.11	11.449
606.31	11.417
606.51	11.430
606.71	11.482
606.91	11.482
607.11	11.317
607.32	11.456
607.52	11.395
607.72	11.473
607.92	11.320
608.12	11.414
608.32	11.287
608.52	11.391
608.72	11.390
608.92	11.430
609.12	11.377
609.33	11.424
609.53	11.397
609.73	11.364
609.93	11.509
610.13	11.602
610.33	11.294
610.53	11.379
610.73	11.679
610.93	11.226
611.13	11.305
611.34	11.012
611.54	10.922
611.74	11.337
611.94	11.344
612.14	11.401
612.34	11.295
612.54	11.038
612.74	11.073
612.94	11.293
613.14	11.177
613.34	11.141
613.54	10.970
613.74	11.062
613.95	11.074
614.15	11.239
614.35	10.994
614.55	11.182
614.75	11.122
614.95	11.119
615.15	11.047
615.35	11.105
615.55	10.955
615.75	10.910
615.95	10.954
616.15	11.091
616.35	10.978
616.55	10.763
616.75	10.974
616.95	10.900
617.15	10.866
617.35	10.835
617.56	11.174
617.76	10.795
617.96	10.968
618.16	11.122
618.36	10.978
618.56	10.695
618.76	11.084
618.96	10.864
619.16	10.866
619.36	10.836
619.56	10.790
619.76	10.777
619.96	10.749
620.16	11.102
620.36	10.798
620.56	10.686
620.76	10.845
620.96	10.704
621.16	10.652
621.36	10.715
621.56	10.605
621.76	10.761
621.96	10.803
622.16	10.762
622.36	10.652
622.56	10.674
622.76	10.799
622.96	10.645
623.16	10.839
623.36	10.709
623.56	10.566
623.76	10.648
623.96	10.884
624.16	10.750
624.36	10.562
624.56	10.576
624.76	10.466
624.96	10.597
625.16	10.746
625.36	10.604
625.56	10.601
625.76	10.502
625.96	10.664
626.16	10.470
626.36	10.509
626.56	10.589
626.76	10.505
626.96	10.601
627.16	10.635
627.36	10.520
627.56	10.391
627.76	10.450
627.96	10.596
628.16	10.513
628.36	10.486
628.56	10.612
628.75	10.430
628.95	10.434
629.15	10.604
629.35	10.663
629.55	10.575
629.75	10.732
629.95	10.547
630.15	10.362
630.35	10.559
630.55	10.530
630.75	10.405
630.95	10.695
631.15	10.563
631.35	10.427
631.55	10.467
631.75	10.548
631.95	10.507
632.15	10.383
632.34	10.709
632.54	10.425
632.74	10.369
632.94	10.471
633.14	10.452
633.34	10.474
633.54	10.426
633.74	10.602
633.94	10.466
634.14	10.421
634.34	10.457
634.54	10.470
634.74	10.329
634.93	10.484
635.13	10.441
635.33	10.401
635.53	10.518
635.73	10.603
635.93	10.193
636.13	10.341
636.33	10.389
636.53	10.401
636.73	10.614
636.93	10.209
637.12	10.290
637.32	10.323
637.52	10.393
637.72	10.450
637.92	10.316
638.12	10.402
638.32	10.291
638.52	10.507
638.72	10.334
638.91	10.207
639.11	10.409
639.31	10.439
639.51	10.319
639.71	10.288
639.91	10.499
640.11	10.431
640.31	10.187
640.50	10.308
640.70	10.312
640.90	9.978
641.10	10.304
641.30	10.217
641.50	10.238
641.70	10.238
641.89	10.124
642.09	10.171
642.29	10.158
642.49	10.182
642.69	10.039
642.89	10.154
643.09	10.142
643.28	10.168
643.48	10.096
643.68	10.015
643.88	9.965
644.08	10.090
644.28	10.173
644.48	9.995
644.67	10.049
644.87	10.126
645.07	10.078
645.27	9.981
645.47	9.836
645.67	9.843
645.86	10.088
646.06	9.962
646.26	9.862
646.46	9.878
646.66	9.962
646.85	9.895
647.05	9.804
647.25	9.851
647.45	9.958
647.65	9.873
647.85	9.814
648.04	9.623
648.24	10.020
648.44	9.734
648.64	9.858
648.84	9.770
649.03	9.835
649.23	9.682
649.43	9.780
649.63	9.704
649.83	9.772
650.02	9.689
650.22	9.805
650.42	9.650
650.62	9.663
650.82	9.799
651.01	9.665
651.21	9.781
651.41	9.734
651.61	9.647
651.81	9.545
652.00	9.706
652.20	9.849
652.40	9.673
652.60	9.549
652.79	9.590
652.99	9.541
653.19	9.526
653.39	9.655
653.59	9.754
653.78	9.723
653.98	9.621
654.18	9.676
654.38	9.677
654.57	9.770
654.77	9.672
654.97	9.689
655.17	9.597
655.36	9.598
655.56	9.416
655.76	9.497
655.96	9.530
656.15	9.625
656.35	9.585
656.55	9.589
656.75	9.537
656.94	9.523
657.14	9.453
657.34	9.536
657.54	9.683
657.73	9.576
657.93	9.506
658.13	9.628
658.33	9.623
658.52	9.674
658.72	8.259
658.92	9.469
659.11	9.779
659.31	9.402
659.51	9.637
659.71	9.607
659.90	9.539
660.10	9.424
660.30	9.492
660.50	9.481
660.69	9.423
660.89	9.596
661.09	9.442
661.28	9.546
661.48	9.777
661.68	9.504
661.87	9.560
662.07	9.565
662.27	9.453
662.47	9.345
662.66	9.540
662.86	9.558
663.06	9.549
663.25	9.304
663.45	9.495
663.65	9.508
663.84	9.454
664.04	9.399
664.24	9.634
664.44	9.212
664.63	9.489
664.83	9.567
665.03	9.548
665.22	9.545
665.42	9.290
665.62	9.529
665.81	9.266
666.01	9.468
666.21	9.485
666.40	9.358
666.60	9.471
666.80	9.333
666.99	9.590
667.19	9.588
667.39	9.462
667.58	9.365
667.78	9.618
667.98	9.504
668.17	9.369
668.37	9.323
668.57	9.465
668.76	9.311
668.96	9.341
669.16	9.326
669.35	9.362
669.55	9.432
669.74	9.559
669.94	9.211
670.14	9.330
670.33	9.288
670.53	9.399
670.73	9.450
670.92	9.497
671.12	9.356
671.32	9.247
671.51	9.432
671.71	9.446
671.90	9.373
672.10	9.362
672.30	9.352
672.49	9.448
672.69	9.438
672.89	9.377
673.08	9.266
673.28	9.472
673.47	9.442
673.67	9.438
673.87	9.454
674.06	9.433
674.26	9.440
674.45	9.405
674.65	9.481
674.85	9.203
675.04	9.595
675.24	9.310
675.43	9.431
675.63	9.266
675.83	9.330
676.02	9.320
676.22	9.503
676.41	9.530
676.61	9.482
676.81	9.575
677.00	9.413
677.20	9.618
677.39	9.510
677.59	9.382
677.79	9.523
677.98	9.400
678.18	9.488
678.37	9.442
678.57	9.426
678.76	9.499
678.96	9.574
679.16	9.630
679.35	9.509
679.55	9.625
679.74	9.470
679.94	9.484
680.13	9.498
680.33	9.605
680.53	9.509
680.72	9.429
680.92	9.470
681.11	9.575
681.31	9.544
681.50	9.511
681.70	9.511
681.89	9.650
682.09	9.684
682.28	9.650
682.48	9.569
682.68	9.535
682.87	9.523
683.07	9.595
683.26	9.545
683.46	9.714
683.65	9.472
683.85	9.601
684.04	9.654
684.24	9.621
684.43	9.665
684.63	9.726
684.82	9.470
685.02	9.663
685.21	9.615
685.41	9.567
685.60	9.550
685.80	9.592
686.00	9.665
686.19	9.552
686.39	9.836
686.58	9.654
686.78	9.659
686.97	9.647
687.17	9.704
687.36	9.743
687.56	9.738
687.75	9.740
687.95	9.739
688.14	9.684
688.34	9.771
688.53	9.824
688.73	9.846
688.92	9.976
689.12	9.891
689.31	9.983
689.51	9.920
689.70	10.008
689.89	9.915
690.09	9.953
690.28	9.876
690.48	10.031
690.67	9.955
690.87	10.133
691.06	10.271
691.26	9.909
691.45	10.107
691.65	10.120
691.84	10.280
692.04	10.269
692.23	10.378
692.43	10.324
692.62	10.313
692.82	10.377
693.01	10.399
693.20	10.523
693.40	10.540
693.59	10.612
693.79	10.700
693.98	10.701
694.18	10.963
694.37	10.786
694.57	10.854
694.76	11.120
694.95	11.085
695.15	11.279
695.34	11.238
695.54	11.257
695.73	11.382
695.93	11.624
696.12	11.596
696.32	11.841
696.51	12.078
696.70	11.982
696.90	12.219
697.09	12.331
697.29	12.467
697.48	12.471
697.67	12.717
697.87	12.829
698.06	13.142
698.26	13.036
698.45	13.399
698.65	13.523
698.84	13.604
699.03	13.883
699.23	14.045
699.42	14.259
699.62	14.265
699.81	14.691
700.00	14.915
700.20	14.874
700.39	15.174
700.59	15.325
700.78	15.551
700.97	15.633
701.17	16.021
701.36	16.413
701.56	16.274
701.75	16.764
701.94	17.064
702.14	17.053
702.33	17.413
702.52	17.777
702.72	17.983
702.91	18.211
703.11	18.450
703.30	18.664
703.49	18.902
703.69	19.108
703.88	19.533
704.07	19.410
704.27	19.991
704.46	20.086
704.66	20.337
704.85	20.710
705.04	21.188
705.24	21.063
705.43	21.477
705.62	21.685
705.82	22.113
706.01	22.198
706.20	22.556
706.40	22.939
706.59	22.974
706.78	23.327
706.98	23.396
707.17	23.880
707.36	24.152
707.56	24.343
707.75	24.535
707.94	24.996
708.14	24.992
708.33	25.473
708.52	25.564
708.72	25.757
708.91	26.434
709.10	26.449
709.30	26.605
709.49	26.868
709.68	27.454
709.88	27.466
710.07	27.735
710.26	28.039
710.46	28.137
710.65	28.697
710.84	28.965
711.04	28.849
711.23	29.279
711.42	29.383
711.61	30.022
711.81	30.109
712.00	30.666
712.19	30.624
712.39	31.002
712.58	31.146
712.77	31.452
712.97	31.838
713.16	32.009
713.35	32.029
713.54	32.262
713.74	32.658
713.93	32.771
714.12	33.132
714.32	33.270
714.51	33.717
714.70	33.678
714.89	34.219
715.09	34.484
715.28	34.685
715.47	35.051
715.66	35.451
715.86	35.701
716.05	35.631
716.24	35.789
716.44	36.583
716.63	36.373
716.82	36.689
717.01	37.038
717.21	37.101
717.40	37.437
717.59	37.769
717.78	37.560
717.98	38.185
718.17	38.636
718.36	38.776
718.55	39.065
718.75	39.396
718.94	39.552
719.13	39.539
719.32	39.852
719.52	40.566
719.71	40.513
719.90	40.846
720.09	40.737
720.28	41.229
720.48	41.599
720.67	41.661
720.86	42.105
721.05	42.303
721.25	42.455
721.44	43.007
721.63	42.690
721.82	43.041
722.01	43.718
722.21	43.600
722.40	43.606
722.59	44.234
722.78	44.599
722.98	44.244
723.17	44.792
723.36	44.948
723.55	44.890
723.74	45.295
723.94	45.871
724.13	45.829
724.32	46.301
724.51	46.564
724.70	46.801
724.89	47.055
725.09	47.513
725.28	47.532
725.47	47.513
725.66	47.681
725.85	47.833
726.05	48.267
726.24	48.499
726.43	48.332
726.62	48.861
726.81	49.338
727.00	49.479
727.20	49.591
727.39	49.890
727.58	50.357
727.77	50.345
727.96	50.544
728.15	50.502
728.35	51.136
728.54	50.964
728.73	51.107
728.92	51.622
729.11	51.687
729.30	51.742
729.50	52.141
729.69	52.665
729.88	52.514
730.07	52.962
730.26	52.487
730.45	53.140
730.64	52.940
730.84	53.536
731.03	53.770
731.22	53.956
731.41	54.141
731.60	54.284
731.79	54.609
731.98	54.595
732.18	54.795
732.37	54.716
732.56	55.095
732.75	55.466
732.94	55.388
733.13	55.639
733.32	55.783
733.51	55.839
733.71	55.948
733.90	56.751
734.09	56.615
734.28	56.532
734.47	56.999
734.66	56.772
734.85	57.233
735.04	57.065
735.23	57.553
735.42	57.997
735.62	57.663
735.81	57.993
736.00	58.122
736.19	58.189
736.38	58.305
736.57	58.775
736.76	58.816
736.95	58.740
737.14	58.761
737.33	59.196
737.52	59.426
737.72	59.547
737.91	59.774
738.10	59.672
738.29	59.591
738.48	60.011
738.67	60.003
738.86	60.154
739.05	60.191
739.24	60.424
739.43	60.386
739.62	60.485
739.81	60.598
740.00	60.985
740.19	60.663
740.39	61.551
740.58	60.909
740.77	61.054
740.96	61.980
741.15	61.481
741.34	61.472
741.53	61.499
741.72	61.609
741.91	62.003
742.10	61.901
742.29	62.639
742.48	62.291
742.67	62.857
742.86	62.772
743.05	63.070
743.24	62.370
743.43	62.776
743.62	63.559
743.81	62.827
744.00	62.837
744.19	63.032
744.38	63.244
744.57	63.156
744.76	63.609
744.95	63.500
745.14	63.927
745.33	63.701
745.52	64.011
745.71	64.293
745.90	63.894
746.09	63.684
746.28	64.410
746.47	64.412
746.66	64.229
746.85	64.781
747.04	64.487
747.23	64.581
747.42	64.224
747.61	64.489
747.80	64.407
747.99	64.903
748.18	64.715
748.37	64.935
748.56	64.897
748.75	64.867
748.94	64.862
749.13	65.076
749.32	65.554
749.51	64.632
749.70	65.480
749.89	65.451
750.08	64.723
750.27	65.259
750.46	65.563
750.65	65.432
750.84	65.353
751.03	65.648
751.22	65.708
751.41	65.618
751.60	65.445
751.79	65.305
751.98	65.621
752.17	66.213
752.36	65.883
752.55	65.663
752.74	66.336
752.93	65.663
753.12	65.775
753.30	66.033
753.49	66.451
753.68	66.160
753.87	65.980
754.06	66.029
754.25	66.416
754.44	66.359
754.63	66.576
754.82	66.367
755.01	66.807
755.20	66.847
755.39	66.332
755.58	66.545
755.77	66.809
755.96	66.354
756.14	66.375
756.33	66.743
756.52	66.792
756.71	66.602
756.90	66.488
757.09	66.993
757.28	67.141
757.47	67.237
757.66	67.156
757.85	66.827
758.04	66.959
758.22	67.113
758.41	67.292
758.60	66.885
758.79	67.165
758.98	66.717
759.17	66.956
759.36	67.071
759.55	67.438
759.74	66.747
759.92	66.985
760.11	66.864
760.30	66.905
760.49	67.331
760.68	67.627
760.87	67.290
761.06	67.053
761.25	67.103
761.43	67.591
761.62	67.698
761.81	67.242
762.00	67.585
762.19	67.688
762.38	67.227
762.57	67.312
762.76	67.519
762.94	67.310
763.13	67.383
763.32	67.706
763.51	68.144
763.70	67.613
763.89	66.770
764.07	67.754
764.26	67.416
764.45	67.158
764.64	67.919
764.83	67.159
765.02	67.904
765.21	67.340
765.39	67.496
765.58	67.278
765.77	67.558
765.96	67.754
766.15	67.816
766.34	68.106
766.52	67.896
766.71	67.371
766.90	67.841
767.09	67.794
767.28	67.623
767.46	67.577
767.65	67.835
767.84	67.407
768.03	67.516
768.22	67.426
768.40	67.651
768.59	67.305
768.78	67.384
768.97	67.470
769.16	67.682
769.34	67.986
769.53	67.628
769.72	67.729
769.91	67.502
770.10	67.812
770.28	67.854
770.47	67.461
770.66	67.750
770.85	68.182
771.04	68.582
771.22	68.182
771.41	68.050
771.60	68.418
771.79	67.595
771.98	68.248
772.16	68.130
772.35	68.506
772.54	67.738
772.73	68.092
772.91	67.669
773.10	68.227
773.29	68.411
773.48	68.593
773.66	68.228
773.85	67.971
774.04	67.986
774.23	68.210
774.41	68.046
774.60	68.249
774.79	67.445
774.98	67.540
775.16	68.248
775.35	68.008
775.54	68.030
775.73	68.335
775.91	67.941
776.10	68.319
776.29	67.903
776.48	67.881
776.66	67.664
776.85	67.814
777.04	68.066
777.23	67.976
777.41	67.869
777.60	67.959
777.79	67.461
777.97	68.085
778.16	67.675
778.35	68.037
778.54	67.994
778.72	68.041
778.91	67.921
779.10	68.355
779.28	67.722
779.47	68.685
779.66	67.949
779.85	67.976
780.03	67.921
780.22	68.745
780.41	68.445
780.59	67.958
780.78	67.947
780.97	68.276
781.15	68.115
781.34	68.407
781.53	68.026
781.71	67.728
781.90	68.373
782.09	68.329
782.27	67.903
782.46	67.936
782.65	68.061
782.84	68.527
783.02	68.158
783.21	67.981
783.40	68.404
783.58	68.586
783.77	68.042
783.96	68.142
784.14	68.112
784.33	68.229
784.52	68.247
784.70	68.106
784.89	67.954
785.07	68.222
785.26	68.832
785.45	68.903
785.63	68.060
785.82	68.155
786.01	68.209
786.19	68.000
786.38	68.458
786.57	68.050
786.75	68.330
786.94	68.707
787.13	67.852
787.31	68.385
787.50	67.630
787.68	67.554
787.87	68.192
788.06	68.525
788.24	68.583
788.43	68.770
788.62	68.393
788.80	68.795
788.99	68.520
789.17	68.630
789.36	68.548
789.55	68.199
789.73	68.229
789.92	67.965
790.10	68.440
790.29	68.115
790.48	68.284
790.66	69.057
790.85	68.581
791.03	68.190
791.22	68.157
791.41	68.202
791.59	68.033
791.78	68.590
791.96	69.095
792.15	68.874
792.34	67.837
792.52	68.727
792.71	68.149
792.89	68.262
793.08	68.286
793.27	68.585
793.45	68.770
793.64	68.505
793.82	69.030
794.01	68.176
794.19	68.566
794.38	68.217
794.57	68.642
794.75	68.628
794.94	68.557
795.12	67.998
795.31	69.109
795.49	68.334
795.68	68.174
795.86	68.406
796.05	68.372
796.24	68.495
796.42	68.013
796.61	68.465
796.79	67.976
796.98	68.381
797.16	69.177
797.35	68.323
797.53	68.835
797.72	68.519
797.90	68.350
798.09	68.489
798.27	68.795
798.46	68.237
798.65	68.274
798.83	68.177
799.02	68.275
799.20	68.506
799.39	68.437
799.57	68.549
799.76	68.413
799.94	68.038
800.13	68.016
800.31	68.295
800.50	68.641
800.68	68.269
800.87	68.158
801.05	68.741
801.24	68.333
801.42	68.577
801.61	68.473
801.79	68.398
801.98	68.322
802.16	68.716
802.35	68.771
802.53	69.004
802.72	68.443
802.90	68.260
803.09	68.608
803.27	67.953
803.46	68.572
803.64	68.959
803.83	68.196
804.01	68.240
804.20	68.856
804.38	68.295
804.56	68.437
804.75	68.556
804.93	68.732
805.12	68.536
805.30	68.698
805.49	68.646
805.67	68.514
805.86	68.994
806.04	68.566
806.23	68.522
806.41	68.741
806.59	68.632
806.78	68.693
806.96	68.444
807.15	68.992
807.33	69.039
807.52	68.797
807.70	68.955
807.89	68.498
808.07	68.493
808.25	68.788
808.44	68.815
808.62	68.957
808.81	68.992
808.99	68.627
809.18	68.866
809.36	68.586
809.54	68.327
809.73	68.444
809.91	68.835
810.10	68.281
810.28	68.197
810.47	68.480
810.65	68.369
810.83	68.702
811.02	69.129
811.20	68.574
811.39	68.880
811.57	69.012
811.75	69.210
811.94	68.560
812.12	68.758
812.31	68.407
812.49	68.885
812.67	68.236
812.86	68.956
813.04	69.056
813.23	68.882
813.41	69.054
813.59	68.886
813.78	68.999
813.96	69.292
814.14	68.929
814.33	69.002
814.51	68.719
814.70	68.481
814.88	68.771
815.06	69.056
815.25	68.662
815.43	68.906
815.61	69.107
815.80	68.821
815.98	68.755
816.16	68.620
816.35	69.111
816.53	69.327
816.72	68.782
816.90	69.334
817.08	69.053
817.27	69.028
817.45	68.660
817.63	68.850
817.82	68.663
818.00	68.924
818.18	68.760
818.37	69.406
818.55	68.246
818.73	68.777
818.92	68.895
819.10	68.456
819.28	69.328
819.47	69.142
819.65	68.431
819.83	68.960
820.02	68.966
820.20	68.959
820.38	68.909
820.57	68.785
820.75	68.802
820.93	68.922
821.11	69.010
821.30	68.987
821.48	68.728
821.66	69.086
821.85	68.705
822.03	68.936
822.21	68.795
822.40	68.511
822.58	69.315
822.76	68.842
822.94	68.603
823.13	68.525
823.31	68.691
823.49	69.441
823.68	68.650
823.86	69.129
824.04	68.538
824.22	68.913
824.41	69.360
824.59	68.981
824.77	69.433
824.96	69.075
825.14	69.078
825.32	69.186
825.50	69.077
825.69	69.066
825.87	68.424
826.05	69.248
826.23	68.402
826.42	68.321
826.60	68.699
826.78	68.831
826.96	68.933
827.15	69.030
827.33	69.185
827.51	69.407
827.69	68.928
827.88	69.025
828.06	68.823
828.24	69.246
828.42	69.560
828.61	68.823
828.79	68.989
828.97	68.643
829.15	68.741
829.34	68.708
829.52	68.949
829.70	69.019
829.88	68.815
830.06	69.424
830.25	69.153
830.43	69.151
830.61	68.892
830.79	69.154
830.97	68.986
831.16	68.926
831.34	68.375
831.52	68.487
831.70	68.928
831.89	68.750
832.07	68.729
832.25	68.667
832.43	68.749
832.61	68.473
832.80	68.021
832.98	68.745
833.16	68.940
833.34	68.703
833.52	69.169
833.70	68.822
833.89	68.320
834.07	68.938
834.25	68.663
834.43	68.868
834.61	69.428
834.80	69.334
834.98	69.339
835.16	68.796
835.34	68.823
835.52	68.621
835.70	68.408
835.89	69.446
836.07	69.113
836.25	69.507
836.43	68.969
836.61	69.086
836.79	68.959
836.97	68.645
837.16	69.245
837.34	69.028
837.52	68.736
837.70	69.157
837.88	68.560
838.06	69.041
838.24	68.631
838.43	69.608
838.61	69.147
838.79	68.958
838.97	69.045
839.15	68.744
839.33	69.051
839.51	69.635
839.70	69.173
839.88	68.509
840.06	68.864
840.24	69.836
840.42	69.375
840.60	69.053
840.78	69.076
840.96	68.406
841.14	68.993
841.33	68.590
841.51	68.557
841.69	69.265
841.87	69.454
842.05	68.930
842.23	68.846
842.41	69.492
842.59	69.059
842.77	68.753
842.95	68.551
843.14	68.972
843.32	69.632
843.50	68.450
843.68	69.080
843.86	69.276
844.04	69.077
844.22	69.878
844.40	68.278
844.58	69.196
844.76	68.917
844.94	69.032
845.12	69.013
845.30	68.812
845.49	69.207
845.67	69.251
845.85	69.418
846.03	68.881
846.21	68.982
846.39	69.145
846.57	69.934
846.75	69.454
846.93	68.769
847.11	69.119
847.29	69.044
847.47	68.736
847.65	69.280
847.83	69.380
848.01	68.541
848.19	68.810
848.37	69.213
848.55	69.560
848.73	68.737
848.91	68.970
849.09	69.138
849.27	69.887
849.46	68.433
849.64	69.167
849.82	68.531
850.00	69.173
850.18	68.886
850.36	68.788
850.54	69.133
850.72	69.260
850.90	68.859
851.08	68.579
851.26	68.081
851.44	69.019
851.62	68.841
851.80	68.908
851.98	69.698
852.16	69.285
852.34	68.819
852.52	69.270
852.70	69.311
852.88	68.786
853.06	68.742
853.24	69.018
853.42	68.910
853.60	69.168
853.78	69.069
853.96	68.776
854.14	69.523
854.31	69.404
854.49	69.243
854.67	69.006
854.85	69.327
855.03	68.679
855.21	69.606
855.39	69.349
855.57	69.111
855.75	68.980
855.93	69.016
856.11	68.793
856.29	69.171
856.47	68.895
856.65	68.673
856.83	69.061
857.01	69.006
857.19	68.806
857.37	68.762
857.55	69.161
857.73	69.620
857.91	68.381
858.09	68.522
858.26	69.596
858.44	69.302
858.62	68.925
858.80	69.571
858.98	69.670
859.16	69.020
859.34	69.118
859.52	69.642
859.70	68.836
859.88	69.124
860.06	68.992
860.24	69.598
860.42	69.496
860.59	68.428
860.77	69.078
860.95	69.403
861.13	69.323
861.31	69.904
861.49	69.187
861.67	68.872
861.85	68.969
862.03	69.077
862.21	69.362
862.38	69.423
862.56	69.105
862.74	68.879
862.92	69.419
863.10	69.664
863.28	68.486
863.46	68.724
863.64	69.440
863.82	69.466
863.99	68.814
864.17	68.621
864.35	68.272
864.53	69.195
864.71	69.080
864.89	68.552
865.07	69.255
865.24	69.215
865.42	69.596
865.60	68.858
865.78	69.176
865.96	69.273
866.14	69.175
866.32	68.635
866.49	69.645
866.67	68.983
866.85	68.907
867.03	69.081
867.21	68.895
867.39	68.908
867.56	68.293
867.74	68.726
867.92	68.394
868.10	69.276
868.28	69.173
868.46	69.463
868.63	70.214
868.81	68.886
868.99	69.026
869.17	69.236
869.35	69.297
869.53	69.330
869.70	69.987
869.88	69.968
870.06	68.840
870.24	68.954
870.42	69.412
870.59	68.909
870.77	69.397
870.95	69.401
871.13	69.315
871.31	69.695
871.48	69.116
871.66	69.301
871.84	69.085
872.02	69.113
872.20	68.836
872.37	69.799
872.55	69.394
872.73	68.824
872.91	69.525
873.08	69.589
873.26	69.019
873.44	69.139
873.62	69.070
873.80	68.956
873.97	69.434
874.15	69.478
874.33	69.109
874.51	68.947
874.68	69.211
874.86	68.491
875.04	69.905
875.22	69.181
875.39	68.000
875.57	69.520
875.75	69.896
875.93	68.968
876.10	69.329
876.28	69.293
876.46	69.135
876.64	69.079
876.81	68.639
876.99	69.259
877.17	69.047
877.35	69.343
877.52	69.662
877.70	69.797
877.88	69.377
878.06	69.113
878.23	69.720
878.41	68.893
878.59	68.746
878.76	69.299
878.94	69.342
879.12	69.212
879.30	69.008
879.47	69.189
879.65	69.779
879.83	69.448
880.00	68.535
880.18	69.020
880.36	68.821
880.53	68.996
880.71	69.444
880.89	70.208
881.07	69.732
881.24	70.086
881.42	69.239
881.60	68.893
881.77	69.072
881.95	69.156
882.13	68.798
882.30	68.608
882.48	69.273
882.66	69.059
882.83	68.600
883.01	69.970
883.19	70.381
883.36	68.804
883.54	69.578
883.72	69.112
883.89	69.101
884.07	69.288
884.25	69.159
884.42	69.622
884.60	69.057
884.78	68.757
884.95	69.978
885.13	68.902
885.31	69.466
885.48	69.309
885.66	68.878
885.84	69.543
886.01	69.054
886.19	69.716
886.36	69.754
886.54	69.800
886.72	69.404
886.89	69.535
887.07	68.938
887.25	69.786
887.42	70.760
887.60	69.647
887.78	69.581
887.95	68.236
888.13	68.697
888.30	68.821
888.48	69.209
888.66	68.935
888.83	68.729
889.01	69.531
889.18	69.485
889.36	67.791
889.54	68.976
889.71	69.221
889.89	69.811
890.06	68.512
890.24	69.100
890.42	69.122
890.59	68.386
890.77	69.974
890.94	69.080
891.12	68.543
891.30	69.066
891.47	70.098
891.65	68.810
891.82	68.788
892.00	70.275
892.17	68.674
892.35	69.924
892.53	69.621
892.70	69.378
892.88	70.115
893.05	69.139
893.23	69.785
893.40	69.158
893.58	68.976
893.75	70.282
893.93	68.641
894.11	69.587
894.28	69.332
894.46	69.457
894.63	69.540
894.81	69.035
894.98	69.937
895.16	69.129
895.33	69.108
895.51	69.721
895.68	69.279
895.86	69.465
896.04	70.288
896.21	69.400
896.39	68.519
896.56	70.054
896.74	69.803
896.91	69.577
897.09	68.980
897.26	69.873
897.44	69.211
897.61	69.508
897.79	69.248
897.96	69.510
898.14	69.751
898.31	69.222
898.49	69.754
898.66	68.913
898.84	69.340
899.01	69.355
899.19	69.038
899.36	70.212
899.54	68.885
899.71	69.262
899.89	69.860
900.06	70.785
900.24	69.617
900.41	69.208
900.59	69.435
900.76	69.509
900.94	68.960
901.11	68.888
901.29	70.268
901.46	68.928
901.63	69.306
901.81	69.126
901.98	69.997
902.16	69.555
902.33	69.519
902.51	68.874
902.68	69.492
902.86	69.594
903.03	69.816
903.21	69.978
903.38	69.357
903.56	69.691
903.73	69.813
903.90	69.883
904.08	68.588
904.25	69.562
904.43	69.062
904.60	69.362
904.78	69.026
904.95	69.453
905.12	70.077
905.30	69.956
905.47	69.174
905.65	69.775
905.82	69.589
906.00	69.528
906.17	69.578
906.34	70.114
906.52	69.043
906.69	69.560
906.87	69.437
907.04	69.530
907.21	69.524
907.39	69.224
907.56	69.495
907.74	68.892
907.91	68.769
908.08	68.638
908.26	69.200
908.43	70.095
908.61	69.051
908.78	69.523
908.95	69.462
909.13	69.162
909.30	69.319
909.48	70.968
909.65	69.532
909.82	68.651
910.00	68.999
910.17	69.368
910.34	69.918
910.52	69.238
910.69	69.211
910.87	68.660
911.04	68.962
911.21	69.650
911.39	69.302
911.56	69.676
911.73	68.894
911.91	69.532
912.08	69.327
912.25	69.891
912.43	69.266
912.60	70.618
912.77	69.749
912.95	68.623
913.12	69.819
913.29	69.940
913.47	69.870
913.64	69.353
913.81	70.009
913.99	68.938
914.16	70.179
914.33	69.046
914.51	69.192
914.68	69.453
914.85	69.909
915.03	69.428
915.20	69.312
915.37	70.408
915.55	70.388
915.72	69.343
915.89	69.151
916.07	69.378
916.24	69.607
916.41	69.544
916.59	69.317
916.76	69.487
916.93	68.107
917.10	69.914
917.28	69.120
917.45	69.646
917.62	70.090
917.80	70.127
917.97	70.222
918.14	68.972
918.31	69.745
918.49	70.657
918.66	68.846
918.83	68.937
919.01	68.915
919.18	69.207
919.35	69.556
919.52	69.343
919.70	69.712
919.87	68.718
920.04	69.273
920.21	69.039
920.39	69.399
920.56	69.173
920.73	69.730
920.90	69.536
921.08	69.087
921.25	70.084
921.42	69.099
921.59	69.152
921.77	69.824
921.94	69.563
922.11	69.177
922.28	69.822
922.46	70.151
922.63	69.642
922.80	69.924
922.97	69.353
923.15	70.149
923.32	69.390
923.49	69.680
923.66	69.424
923.83	70.443
924.01	69.724
924.18	70.261
924.35	69.559
924.52	70.229
924.69	69.082
924.87	68.606
925.04	69.092
925.21	69.440
925.38	69.261
925.55	68.491
925.73	70.106
925.90	69.130
926.07	69.046
926.24	69.414
926.41	70.184
926.59	70.316
926.76	68.147
926.93	68.916
927.10	68.713
927.27	69.826
927.45	69.773
927.62	68.158
927.79	70.138
927.96	70.131
928.13	68.893
928.30	69.470
928.48	69.471
928.65	68.764
928.82	69.407
928.99	70.506
929.16	69.360
929.33	70.520
929.50	70.239
929.68	70.212
929.85	70.038
930.02	68.941
930.19	69.299
930.36	69.153
930.53	69.134
930.70	69.933
930.88	69.903
931.05	69.497
931.22	69.632
931.39	69.909
931.56	70.887
931.73	70.367
931.90	70.268
932.08	69.262
932.25	70.002
932.42	70.016
932.59	71.459
932.76	70.437
932.93	69.488
933.10	70.082
933.27	69.989
933.44	70.733
933.62	68.263
933.79	70.388
933.96	70.322
934.13	69.322
934.30	70.759
934.47	71.043
934.64	69.957
934.81	70.157
934.98	68.794
935.15	68.977
935.32	68.905
935.50	71.107
935.67	69.251
935.84	68.270
936.01	68.937
936.18	69.626
936.35	69.759
936.52	69.237
936.69	68.982
936.86	69.124
937.03	70.904
937.20	69.660
937.37	69.760
937.54	70.661
937.71	69.520
937.89	70.892
938.06	69.501
938.23	70.236
938.40	68.680
938.57	69.577
938.74	69.292
938.91	68.778
939.08	68.767
939.25	68.932
939.42	68.415
939.59	68.742
939.76	71.331
939.93	68.992
940.10	69.770
940.27	69.917
940.44	69.437
940.61	68.599
940.78	67.584
940.95	67.204
941.12	68.716
941.29	70.579
941.46	70.874
941.63	70.998
941.80	69.750
941.97	70.764
942.14	68.390
942.31	70.457
942.48	68.406
942.65	69.204
942.82	69.250
942.99	67.984
943.16	68.954
943.33	70.840
943.50	71.492
943.67	67.890
943.84	69.468
944.01	68.987
944.18	68.934
944.35	71.038
944.52	69.981
944.69	68.055
944.86	68.630
945.03	69.868
945.20	68.584
945.37	66.638
945.54	67.722
945.71	68.851
945.88	69.126
946.05	70.916
946.22	66.486
946.39	67.292
946.56	67.357
946.73	68.523
946.90	70.697
947.07	67.680
947.23	69.574
947.40	69.748
947.57	68.976
947.74	68.647
947.91	68.231
948.08	67.939
948.25	66.308
948.42	69.605
948.59	68.478
948.76	68.670
948.93	66.586
949.10	68.058
949.27	68.174
949.44	69.481
949.60	70.244
949.77	68.104
949.94	68.771
950.11	71.566
950.28	69.201
950.45	65.119
950.62	68.357
950.79	66.494
950.96	69.896
951.13	69.929
951.30	69.930
951.46	69.054
951.63	70.853
951.80	67.743
951.97	71.890
952.14	66.066
952.31	70.415
952.48	68.731
952.65	69.366
952.81	68.696
952.98	71.661
953.15	67.913
953.32	68.927
953.49	69.665
953.66	68.357
953.83	67.710
954.00	67.601
954.16	68.777
954.33	69.171
954.50	70.549
954.67	67.772
954.84	69.259
955.01	67.452
955.18	69.144
955.34	66.836
955.51	67.740
955.68	67.605
955.85	69.525
956.02	67.018
956.19	68.962
956.35	67.855
956.52	68.386
956.69	69.969
956.86	68.971
957.03	67.910
957.20	67.001
957.36	69.002
957.53	68.558
957.70	68.330
957.87	68.879
958.04	68.270
958.21	67.435
958.37	71.805
958.54	70.574
958.71	67.577
958.88	68.178
959.05	67.237
959.21	65.665
959.38	68.021
959.55	68.110
959.72	68.662
959.89	69.061
960.05	66.771
960.22	69.329
960.39	69.062
960.56	67.286
960.72	68.549
960.89	69.464
961.06	68.283
961.23	67.330
961.40	67.484
961.56	67.256
961.73	68.671
961.90	69.256
962.07	66.747
962.23	67.642
962.40	67.283
962.57	67.133
962.74	67.517
962.90	69.096
963.07	67.702
963.24	68.389
963.41	69.218
963.57	68.781
963.74	67.977
963.91	68.849
964.08	66.308
964.24	67.991
964.41	68.507
964.58	67.604
964.75	67.634
964.91	67.274
965.08	67.620
965.25	69.519
965.42	68.319
965.58	69.875
965.75	68.783
965.92	68.429
966.08	68.586
966.25	67.638
966.42	67.917
966.59	67.916
966.75	67.987
966.92	68.055
967.09	66.280
967.25	66.571
967.42	67.102
967.59	68.829
967.75	68.892
967.92	68.553
968.09	67.469
968.26	67.905
968.42	66.455
968.59	67.954
968.76	67.936
968.92	68.500
969.09	67.676
969.26	67.695
969.42	68.355
969.59	65.835
969.76	68.174
969.92	68.101
970.09	68.385
970.26	67.604
970.42	68.317
970.59	69.897
970.76	68.921
970.92	68.773
971.09	67.485
971.26	67.590
971.42	68.071
971.59	67.195
971.76	66.911
971.92	68.511
972.09	68.717
972.25	67.338
972.42	67.218
972.59	69.087
972.75	67.385
972.92	68.501
973.09	67.592
973.25	68.407
973.42	69.599
973.58	66.887
973.75	68.532
973.92	67.201
974.08	69.232
974.25	65.738
974.42	69.086
974.58	67.888
974.75	68.792
974.91	68.041
975.08	67.318
975.25	69.600
975.41	67.483
975.58	68.463
975.74	68.920
975.91	68.114
976.08	67.916
976.24	67.790
976.41	70.025
976.57	66.930
976.74	66.518
976.91	67.769
977.07	67.913
977.24	68.077
977.40	68.896
977.57	67.085
977.73	68.168
977.90	68.729
978.07	68.347
978.23	69.139
978.40	67.141
978.56	67.460
978.73	65.752
978.89	67.522
979.06	69.444
979.22	66.729
979.39	67.346
979.56	68.142
979.72	69.381
979.89	70.106
980.05	68.478
980.22	69.125
980.38	67.274
980.55	69.870
980.71	71.003
980.88	66.918
981.04	69.031
981.21	67.568
981.37	68.556
981.54	67.585
981.70	69.355
981.87	65.755
982.04	67.314
982.20	68.861
982.37	66.885
982.53	68.814
982.70	68.977
982.86	69.296
983.03	69.189
983.19	68.442
983.36	67.951
983.52	69.332
983.69	69.421
983.85	69.926
984.02	68.676
984.18	69.236
984.35	66.234
984.51	69.142
984.68	70.667
984.84	68.911
985.00	67.367
985.17	65.960
985.33	68.911
985.50	69.900
985.66	68.401
985.83	69.825
985.99	66.395
986.16	67.613
986.32	68.235
986.49	67.662
986.65	70.053
986.82	67.460
986.98	68.399
987.15	69.130
987.31	69.187
987.47	71.859
987.64	67.653
987.80	68.145
987.97	66.398
988.13	69.805
988.30	68.427
988.46	68.557
988.63	69.443
988.79	69.977
988.95	68.337
989.12	68.933
989.28	66.484
989.45	67.891
989.61	66.726
989.77	69.707
989.94	68.330
990.10	69.550
990.27	68.782
990.43	65.856
990.60	68.474
990.76	68.138
990.92	70.318
991.09	69.637
991.25	70.265
991.42	68.933
991.58	67.052
991.74	69.877
991.91	69.471
992.07	67.795
992.24	68.479
992.40	68.767
992.56	67.802
992.73	68.269
992.89	67.829
993.05	69.957
993.22	69.952
993.38	64.798
993.55	69.308
993.71	67.205
993.87	70.544
994.04	66.680
994.20	68.001
994.36	65.284
994.53	68.863
994.69	69.079
994.85	69.117
995.02	67.607
995.18	70.353
995.34	70.173
995.51	67.167
995.67	69.034
995.84	68.408
996.00	65.628
996.16	71.392
996.33	67.399
996.49	69.778
996.65	69.351
996.82	66.793
996.98	68.143
997.14	70.703
997.31	69.122
997.47	69.176
997.63	67.430
997.79	70.368
997.96	69.654
998.12	67.749
998.28	67.171
998.45	70.437
998.61	67.810
998.77	67.775
998.94	69.788
999.10	67.687
999.26	70.839
999.43	70.708
999.59	67.819
999.75	67.456
999.91	67.471
1000.08	69.347
1000.24	66.588
1000.40	71.713
1000.57	69.988
1000.73	68.500
1000.89	70.923
1001.05	68.963
1001.22	69.463
1001.38	67.214
1001.54	68.950
1001.70	69.422
1001.87	71.840
1002.03	67.137
1002.19	68.637
1002.35	68.211
1002.52	70.278
1002.68	66.719
1002.84	67.460
1003.00	67.769
1003.17	65.744
1003.33	70.860
1003.49	70.975
1003.65	69.148
1003.82	68.781
1003.98	69.798
1004.14	67.190
1004.30	71.959
1004.47	69.992
1004.63	72.874
1004.79	72.125
1004.95	71.558
1005.11	73.161
1005.28	66.648
1005.44	70.885
1005.60	71.148
1005.76	67.662
1005.93	65.943
1006.09	71.615
1006.25	73.335
1006.41	67.127
1006.57	71.429
1006.74	68.478
1006.90	69.482
1007.06	69.799
1007.22	70.408
1007.38	73.147
1007.55	70.739
1007.71	68.267
1007.87	62.596
1008.03	70.143
1008.19	67.547
1008.35	69.839
1008.52	70.679
1008.68	72.448
1008.84	64.873
1009.00	65.759
1009.16	67.708
1009.32	73.342
1009.49	72.926
1009.65	69.708
1009.81	69.272
1009.97	71.059
1010.13	71.491
1010.29	69.445
1010.46	75.357
1010.62	71.052
1010.78	72.503
1010.94	70.658
1011.10	68.050
1011.26	66.001
1011.42	68.664
1011.59	66.342
1011.75	69.652
1011.91	72.850
1012.07	70.582
1012.23	73.067
1012.39	64.738
1012.55	69.520
1012.71	68.891
1012.88	71.823
1013.04	70.194
1013.20	67.122
1013.36	77.198
1013.52	69.645
1013.68	71.219
1013.84	65.200
1014.00	68.913
1014.16	63.974
1014.33	69.567
1014.49	68.299
1014.65	65.846
1014.81	70.051
1014.97	65.236
1015.13	68.797
1015.29	71.372
1015.45	72.626
1015.61	69.001
1015.77	69.770
1015.93	63.351
1016.09	65.364
1016.26	64.378
1016.42	69.479
1016.58	70.718
1016.74	70.976
1016.90	69.170
1017.06	74.527
1017.22	73.873
1017.38	69.434
1017.54	66.926
1017.70	72.868
1017.86	69.483
1018.02	70.916
1018.18	63.684
1018.34	70.252
1018.50	72.393
1018.66	65.242
1018.82	75.873
1018.98	71.314
1019.14	67.622
1019.31	71.923
1019.47	69.706
1019.63	69.303
1019.79	75.307
1019.95	68.122
1020.11	67.138
1020.27	70.831
1020.43	73.177
1020.59	64.191
1020.75	63.110
1020.91	64.082
1021.07	70.060
1021.23	74.006
1021.39	67.795
1021.55	71.345
1021.71	70.693
1021.87	73.196
1022.03	68.548
1022.19	63.407
1022.35	67.998
1022.51	69.843
1022.67	70.255
1022.83	70.560
1022.99	69.244
1023.15	67.042
1023.31	71.547
1023.47	74.321
1023.63	69.024
1023.79	69.607
1023.95	68.449
1024.10	65.116
1024.26	72.490
1024.42	74.954
1024.58	69.190
1024.74	74.429
1024.90	69.188
1025.06	70.041
1025.22	65.601
1025.38	72.922
1025.54	70.435
1025.70	71.161
1025.86	68.414
1026.02	71.378
1026.18	73.571
1026.34	71.634
1026.50	69.710
1026.66	66.182
1026.82	72.647
1026.98	74.074
1027.13	77.306
1027.29	74.830
1027.45	70.428
1027.61	69.116
1027.77	71.355
1027.93	67.611
1028.09	69.891
1028.25	73.879
1028.41	61.966
1028.57	66.035
1028.73	66.847
1028.88	66.957
1029.04	64.682
1029.20	68.247
1029.36	71.194
1029.52	65.930
1029.68	61.901
1029.84	71.150
1030.00	73.121
1030.16	72.941
1030.32	62.909
1030.47	68.300
1030.63	74.740
1030.79	72.085
1030.95	64.238
1031.11	78.615
1031.27	70.934
1031.43	74.639
1031.59	65.447
1031.74	82.183
1031.90	79.074
1032.06	69.526
1032.22	71.256
1032.38	63.281
1032.54	67.898
1032.69	62.528
1032.85	66.128
1033.01	68.775
1033.17	58.341
1033.33	76.809
1033.49	73.967
1033.65	73.175
1033.80	63.831
1033.96	62.288
1034.12	70.017
1034.28	71.599
1034.44	69.697
1034.60	70.219
1034.75	80.998
1034.91	73.169
1035.07	73.513
1035.23	82.426
1035.39	76.471
1035.54	68.025
1035.70	75.670
1035.86	70.279
1036.02	59.035
1036.18	72.248
1036.33	74.976
1036.49	72.078
1036.65	80.832
1036.81	73.333
1036.97	73.396
1037.12	73.458
1037.28	72.889
1037.44	64.085
1037.60	63.222
1037.76	61.589
1037.91	67.115
1038.07	70.833
1038.23	76.975
1038.39	65.820
1038.54	83.547
1038.70	68.877
1038.86	77.826
1039.02	83.193
1039.17	80.411
1039.33	68.133
1039.49	64.217
1039.65	82.668
1039.80	71.864
1039.96	79.129
1040.12	72.653
1040.28	69.317
>>>>> Data<<<<< Espectral Procesado Extremo
