Fichero De Datos De SpectraSuite
++++++++++++++++++++++++++++++++++++
Fecha: Mon Jun 29 09:57:19 CST 2026
Usuario: HP
Presente Oscuro Del Espectro: Sí
La Referencia de Presente Del Espectro De: Sí
Muestreados de los componentes de Número de espectros: 1
Espectrómetros: USB4H06056
Tiempo de integración (usec): 300000 (USB4H06056)
Promedio de Espectros Hechos un: 5 (USB4H06056)
El Alisar Del Furgón: 0 (USB4H06056)
Párrafo de de Corregir del la del del de Eléctrica del obscuridad: No (USB4H06056)
Estrobo/Lámpara Permitido: No (USB4H06056)
Correct for Detector Non-linearity: No (USB4H06056)
Párrafo de de Corregir del la del del de Externa del luz: No (USB4H06056)
Procesado del espectro de Número de pixeles en: 3648
>>>>> Comienza Data<<<<< Espectral Procesado Del EL
345.09	-800.000
345.30	-800.000
345.52	-800.000
345.74	215.625
345.95	-278.571
346.17	761.538
346.39	2350.000
346.60	106.977
346.82	135.294
347.04	-3950.000
347.25	-55.000
347.47	135.937
347.69	116.250
347.90	276.923
348.12	600.000
348.34	108.871
348.56	76.596
348.77	73.016
348.99	70.968
349.21	48.673
349.42	28.926
349.64	12.891
349.86	1.258
350.07	68.841
350.29	-29.204
350.51	80.841
350.72	-60.577
350.94	19.527
351.16	27.072
351.37	23.704
351.59	9.938
351.81	-0.000
352.02	-166.667
352.24	58.333
352.46	23.404
352.67	-28.649
352.89	-10.959
353.10	75.949
353.32	87.179
353.54	-98.400
353.75	-288.889
353.97	82.162
354.19	56.442
354.40	44.318
354.62	-37.313
354.84	-31.818
355.05	46.789
355.27	-8.205
355.49	213.333
355.70	-90.323
355.92	25.625
356.14	45.045
356.35	27.711
356.57	-44.538
356.78	-10.345
357.00	9.333
357.22	36.150
357.43	19.283
357.65	19.531
357.87	-50.000
358.08	64.706
358.30	-11.224
358.51	60.784
358.73	27.273
358.95	-19.531
359.16	40.881
359.38	43.498
359.60	-18.182
359.81	13.873
360.03	74.762
360.24	27.551
360.46	-18.269
360.68	25.532
360.89	-15.603
361.11	-288.235
361.33	33.333
361.54	50.000
361.76	8.297
361.97	-13.333
362.19	-10.828
362.41	49.004
362.62	-68.531
362.84	20.486
363.05	-12.644
363.27	4.898
363.49	-41.818
363.70	-7.843
363.92	12.121
364.13	-68.750
364.35	57.778
364.57	44.697
364.78	-0.446
365.00	25.806
365.21	2.381
365.43	0.690
365.65	-17.037
365.86	-55.670
366.08	19.816
366.29	37.011
366.51	-8.036
366.73	61.538
366.94	62.590
367.16	-10.227
367.37	-13.393
367.59	58.333
367.80	-290.909
368.02	-29.457
368.24	55.056
368.45	-54.962
368.67	10.744
368.88	-8.844
369.10	-1.818
369.31	-32.773
369.53	-24.627
369.75	-15.385
369.96	-22.222
370.18	76.282
370.39	98.889
370.61	0.000
370.82	18.060
371.04	-14.286
371.26	40.306
371.47	25.472
371.69	-43.046
371.90	-26.761
372.12	-37.903
372.33	66.505
372.55	2.214
372.76	-101.818
372.98	-24.096
373.20	-110.185
373.41	-3.913
373.63	-0.909
373.84	-0.476
374.06	9.767
374.27	-2.193
374.49	-21.359
374.70	32.601
374.92	-28.302
375.13	49.425
375.35	-18.227
375.57	-5.319
375.78	-2.010
376.00	-27.928
376.21	27.213
376.43	30.392
376.64	23.333
376.86	30.035
377.07	18.072
377.29	108.654
377.50	7.143
377.72	39.163
377.93	1.322
378.15	-7.453
378.36	13.580
378.58	3.205
378.80	-20.395
379.01	61.111
379.23	45.532
379.44	5.505
379.66	17.516
379.87	21.649
380.09	-8.734
380.30	11.518
380.52	33.887
380.73	-8.607
380.95	45.638
381.16	-30.213
381.38	-61.856
381.59	-5.314
381.81	42.688
382.02	27.586
382.24	3.721
382.45	6.618
382.67	-12.554
382.88	-22.925
383.10	39.385
383.31	-5.439
383.53	18.782
383.74	0.331
383.96	1.656
384.17	11.795
384.39	15.672
384.60	14.789
384.82	33.756
385.03	18.310
385.25	22.324
385.46	17.530
385.68	10.909
385.89	-8.537
386.11	33.258
386.32	-22.137
386.54	-30.534
386.75	18.065
386.97	37.356
387.18	30.508
387.40	6.159
387.61	27.523
387.83	-24.691
388.04	26.006
388.25	-15.607
388.47	16.838
388.68	30.496
388.90	-0.613
389.11	1.550
389.33	16.498
389.54	26.744
389.76	37.340
389.97	22.835
390.19	-16.034
390.40	15.574
390.62	-2.417
390.83	19.713
391.05	12.996
391.26	13.907
391.47	21.525
391.69	54.493
391.90	28.285
392.12	-8.333
392.33	12.546
392.55	35.795
392.76	1.053
392.98	28.049
393.19	0.563
393.41	7.843
393.62	-20.144
393.83	-5.510
394.05	27.838
394.26	11.483
394.48	3.188
394.69	44.000
394.91	-17.379
395.12	7.303
395.34	42.895
395.55	0.000
395.76	-12.857
395.98	-12.549
396.19	-4.762
396.41	75.779
396.62	-2.244
396.84	14.463
397.05	7.073
397.26	13.125
397.48	-7.427
397.69	17.035
397.91	-11.034
398.12	30.962
398.33	17.863
398.55	14.918
398.76	7.797
398.98	1.786
399.19	-24.940
399.41	29.960
399.62	17.647
399.83	18.033
400.05	-31.090
400.26	16.630
400.48	23.142
400.69	4.636
400.90	10.148
401.12	1.768
401.33	-5.085
401.55	9.669
401.76	33.190
401.97	-1.706
402.19	22.629
402.40	21.893
402.62	14.842
402.83	9.037
403.04	-1.972
403.26	-0.875
403.47	-5.030
403.69	14.907
403.90	-4.536
404.11	25.902
404.33	10.766
404.54	17.888
404.76	9.148
404.97	6.472
405.18	7.377
405.40	3.542
405.61	21.477
405.83	6.854
406.04	3.363
406.25	0.583
406.47	2.788
406.68	13.267
406.89	20.138
407.11	1.630
407.32	5.792
407.54	14.542
407.75	13.413
407.96	7.287
408.18	19.681
408.39	7.297
408.60	3.287
408.82	9.946
409.03	6.947
409.24	10.289
409.46	9.502
409.67	18.252
409.89	18.389
410.10	2.318
410.31	10.923
410.53	4.545
410.74	3.274
410.95	19.267
411.17	13.036
411.38	-1.504
411.59	11.923
411.81	-7.950
412.02	0.000
412.23	0.517
412.45	9.168
412.66	12.023
412.87	-0.773
413.09	-1.621
413.30	4.507
413.51	12.848
413.73	2.148
413.94	5.946
414.15	12.034
414.37	11.258
414.58	12.394
414.79	0.108
415.01	3.683
415.22	11.641
415.43	2.024
415.65	10.450
415.86	7.117
416.07	2.626
416.29	8.553
416.50	4.427
416.71	11.148
416.93	4.542
417.14	3.069
417.35	0.815
417.57	3.650
417.78	3.233
417.99	-1.651
418.21	5.055
418.42	3.517
418.63	-0.469
418.85	13.673
419.06	4.926
419.27	4.030
419.48	2.005
419.70	-0.210
419.91	8.045
420.12	0.426
420.34	12.947
420.55	2.985
420.76	4.986
420.98	0.062
421.19	1.232
421.40	1.863
421.61	3.696
421.83	4.642
422.04	6.225
422.25	0.692
422.47	5.075
422.68	4.435
422.89	5.120
423.11	6.221
423.32	3.692
423.53	3.559
423.74	2.328
423.96	5.405
424.17	2.746
424.38	1.898
424.59	4.163
424.81	2.632
425.02	1.382
425.23	2.614
425.45	6.822
425.66	4.099
425.87	3.381
426.08	2.559
426.30	6.203
426.51	1.601
426.72	3.376
426.93	3.444
427.15	4.975
427.36	5.760
427.57	4.757
427.79	2.482
428.00	2.808
428.21	-30.250
428.42	3.254
428.64	1.826
428.85	2.703
429.06	1.480
429.27	3.536
429.49	1.940
429.70	2.611
429.91	6.810
430.12	3.019
430.34	5.565
430.55	3.935
430.76	2.142
430.97	2.616
431.19	0.924
431.40	3.136
431.61	3.347
431.82	3.493
432.03	2.485
432.25	2.981
432.46	2.266
432.67	4.746
432.88	0.700
433.10	4.007
433.31	0.878
433.52	4.527
433.73	1.562
433.95	2.302
434.16	0.938
434.37	4.220
434.58	3.633
434.79	2.477
435.01	1.436
435.22	0.721
435.43	4.455
435.64	1.694
435.86	0.682
436.07	1.287
436.28	2.990
436.49	0.043
436.70	2.444
436.92	0.043
437.13	2.812
437.34	0.988
437.55	2.542
437.76	3.504
437.98	-0.124
438.19	2.563
438.40	0.292
438.61	1.229
438.82	0.641
439.04	2.787
439.25	2.529
439.46	3.753
439.67	2.255
439.88	0.323
440.10	2.756
440.31	2.185
440.52	2.531
440.73	2.819
440.94	2.782
441.16	3.217
441.37	0.937
441.58	2.533
441.79	3.232
442.00	2.880
442.21	2.102
442.43	2.077
442.64	2.873
442.85	-0.440
443.06	1.506
443.27	0.267
443.48	1.793
443.70	3.513
443.91	2.820
444.12	1.792
444.33	2.605
444.54	3.904
444.75	1.750
444.97	2.654
445.18	1.170
445.39	2.160
445.60	2.402
445.81	0.923
446.02	2.159
446.24	2.583
446.45	0.473
446.66	2.760
446.87	1.416
447.08	1.254
447.29	3.186
447.51	2.535
447.72	1.227
447.93	1.304
448.14	3.055
448.35	2.660
448.56	3.178
448.77	1.417
448.99	2.504
449.20	1.407
449.41	1.638
449.62	2.037
449.83	1.587
450.04	2.911
450.25	0.471
450.46	4.249
450.68	1.555
450.89	1.484
451.10	2.665
451.31	1.679
451.52	2.024
451.73	2.683
451.94	3.720
452.15	1.765
452.37	1.278
452.58	2.922
452.79	2.538
453.00	2.891
453.21	2.373
453.42	2.346
453.63	1.496
453.84	2.363
454.06	2.636
454.27	3.147
454.48	2.763
454.69	2.358
454.90	3.005
455.11	2.372
455.32	2.184
455.53	3.705
455.74	3.055
455.95	1.741
456.17	1.617
456.38	2.978
456.59	1.157
456.80	2.214
457.01	3.041
457.22	2.853
457.43	3.274
457.64	2.333
457.85	2.200
458.06	3.443
458.27	2.248
458.49	2.009
458.70	2.615
458.91	2.223
459.12	2.040
459.33	2.769
459.54	2.430
459.75	2.579
459.96	0.958
460.17	1.773
460.38	2.588
460.59	2.990
460.80	2.601
461.01	3.540
461.23	1.814
461.44	2.616
461.65	2.769
461.86	2.284
462.07	1.759
462.28	1.662
462.49	2.230
462.70	2.255
462.91	1.621
463.12	2.906
463.33	3.439
463.54	3.684
463.75	1.258
463.96	3.525
464.17	2.995
464.38	2.365
464.59	2.308
464.81	1.388
465.02	2.188
465.23	2.491
465.44	1.957
465.65	3.215
465.86	2.442
466.07	2.808
466.28	2.612
466.49	2.372
466.70	3.098
466.91	1.968
467.12	2.120
467.33	2.802
467.54	1.973
467.75	2.481
467.96	3.021
468.17	3.103
468.38	1.708
468.59	2.899
468.80	2.280
469.01	2.420
469.22	1.535
469.43	1.823
469.64	2.117
469.85	3.184
470.06	2.181
470.27	2.156
470.48	2.317
470.69	2.457
470.90	3.038
471.11	2.739
471.32	2.412
471.53	1.955
471.74	3.106
471.95	2.009
472.16	2.103
472.37	1.659
472.58	2.274
472.79	2.643
473.00	1.647
473.21	1.732
473.42	2.760
473.63	1.673
473.84	2.605
474.05	1.912
474.26	2.721
474.47	1.947
474.68	2.786
474.89	3.443
475.10	2.634
475.31	2.101
475.52	2.463
475.73	3.107
475.94	2.180
476.15	1.172
476.36	3.019
476.57	2.527
476.78	1.736
476.99	2.245
477.20	2.057
477.41	1.900
477.62	2.518
477.83	2.239
478.04	2.259
478.25	2.554
478.46	2.286
478.67	2.197
478.88	2.552
479.09	2.681
479.30	3.174
479.51	1.761
479.72	2.250
479.93	2.706
480.14	2.487
480.35	2.949
480.56	2.728
480.77	2.810
480.98	2.190
481.18	2.688
481.39	2.219
481.60	2.751
481.81	1.902
482.02	2.644
482.23	1.845
482.44	2.463
482.65	2.524
482.86	2.830
483.07	2.198
483.28	2.359
483.49	2.285
483.70	2.485
483.91	1.742
484.12	2.222
484.33	2.409
484.53	2.763
484.74	2.603
484.95	2.609
485.16	1.915
485.37	2.682
485.58	1.897
485.79	2.543
486.00	2.467
486.21	2.179
486.42	2.373
486.63	2.332
486.84	2.761
487.05	2.272
487.25	2.290
487.46	2.060
487.67	2.193
487.88	2.774
488.09	2.351
488.30	2.056
488.51	2.741
488.72	2.529
488.93	2.403
489.14	2.678
489.35	2.590
489.55	2.471
489.76	1.978
489.97	2.982
490.18	3.244
490.39	2.709
490.60	2.211
490.81	1.948
491.02	2.533
491.23	2.689
491.43	2.409
491.64	2.841
491.85	2.491
492.06	3.395
492.27	2.616
492.48	2.334
492.69	2.619
492.90	2.515
493.11	2.734
493.31	2.323
493.52	2.710
493.73	2.393
493.94	2.635
494.15	2.282
494.36	2.303
494.57	2.610
494.78	2.487
494.98	2.620
495.19	2.560
495.40	2.349
495.61	2.076
495.82	2.911
496.03	2.459
496.24	2.010
496.44	2.056
496.65	2.391
496.86	2.370
497.07	2.679
497.28	2.209
497.49	2.910
497.70	2.249
497.90	2.748
498.11	2.761
498.32	2.622
498.53	2.239
498.74	2.221
498.95	2.602
499.15	2.469
499.36	2.570
499.57	2.324
499.78	2.686
499.99	2.993
500.20	2.225
500.40	2.654
500.61	2.970
500.82	2.526
501.03	2.223
501.24	2.623
501.45	2.668
501.65	2.498
501.86	2.735
502.07	2.420
502.28	2.459
502.49	2.788
502.70	2.082
502.90	2.297
503.11	2.460
503.32	2.791
503.53	2.893
503.74	2.539
503.94	2.286
504.15	2.755
504.36	2.724
504.57	2.538
504.78	2.355
504.98	2.231
505.19	2.963
505.40	2.684
505.61	2.351
505.82	2.549
506.02	2.866
506.23	2.506
506.44	2.656
506.65	2.431
506.86	2.639
507.06	2.783
507.27	2.777
507.48	2.644
507.69	2.492
507.90	2.649
508.10	2.471
508.31	2.526
508.52	2.582
508.73	2.583
508.94	2.717
509.14	2.316
509.35	2.726
509.56	2.366
509.77	2.825
509.97	2.766
510.18	2.470
510.39	2.671
510.60	2.893
510.80	2.381
511.01	2.606
511.22	2.899
511.43	2.394
511.64	2.967
511.84	2.729
512.05	3.149
512.26	2.936
512.47	2.779
512.67	2.836
512.88	2.964
513.09	2.679
513.30	2.895
513.50	2.665
513.71	2.435
513.92	2.832
514.13	2.584
514.33	2.636
514.54	2.913
514.75	2.794
514.96	2.993
515.16	2.903
515.37	3.017
515.58	2.798
515.78	2.762
515.99	2.867
516.20	2.691
516.41	2.703
516.61	2.716
516.82	2.986
517.03	3.062
517.24	2.962
517.44	2.981
517.65	2.816
517.86	3.087
518.07	2.927
518.27	2.844
518.48	3.066
518.69	2.889
518.89	3.158
519.10	2.947
519.31	2.750
519.52	3.229
519.72	2.808
519.93	3.139
520.14	3.356
520.34	3.058
520.55	3.051
520.76	3.151
520.96	2.646
521.17	3.069
521.38	3.529
521.59	3.069
521.79	3.225
522.00	3.102
522.21	3.051
522.41	3.386
522.62	3.251
522.83	3.273
523.03	3.334
523.24	3.321
523.45	3.499
523.66	3.518
523.86	3.470
524.07	3.308
524.28	3.448
524.48	3.327
524.69	3.305
524.90	3.740
525.10	3.453
525.31	3.787
525.52	3.730
525.72	3.552
525.93	3.416
526.14	3.720
526.34	3.566
526.55	3.738
526.76	3.774
526.96	3.784
527.17	3.525
527.38	3.749
527.58	3.693
527.79	3.837
528.00	3.438
528.20	3.900
528.41	4.064
528.62	3.796
528.82	3.932
529.03	4.116
529.24	3.906
529.44	3.952
529.65	4.052
529.85	4.039
530.06	3.960
530.27	4.089
530.47	4.066
530.68	3.963
530.89	4.265
531.09	4.039
531.30	4.203
531.51	4.120
531.71	4.533
531.92	3.935
532.13	4.474
532.33	4.233
532.54	4.209
532.74	4.219
532.95	4.359
533.16	4.196
533.36	4.494
533.57	4.408
533.78	4.368
533.98	4.474
534.19	4.330
534.39	4.489
534.60	4.207
534.81	4.520
535.01	4.254
535.22	4.595
535.42	4.308
535.63	4.151
535.84	4.464
536.04	4.376
536.25	4.523
536.45	4.470
536.66	4.659
536.87	4.315
537.07	4.633
537.28	4.506
537.48	4.582
537.69	4.592
537.90	4.512
538.10	4.783
538.31	4.742
538.51	5.015
538.72	4.757
538.93	4.683
539.13	4.806
539.34	4.796
539.54	4.615
539.75	4.859
539.96	4.729
540.16	4.863
540.37	4.643
540.57	4.571
540.78	4.759
540.98	4.749
541.19	4.882
541.40	4.595
541.60	4.900
541.81	4.659
542.01	4.815
542.22	4.828
542.42	4.976
542.63	4.720
542.83	4.758
543.04	4.879
543.25	4.829
543.45	4.737
543.66	4.627
543.86	4.756
544.07	5.160
544.27	4.925
544.48	4.724
544.68	5.031
544.89	4.810
545.10	5.003
545.30	5.012
545.51	4.859
545.71	5.039
545.92	4.656
546.12	4.695
546.33	4.596
546.53	5.006
546.74	4.939
546.94	4.749
547.15	4.901
547.36	4.890
547.56	4.977
547.77	5.150
547.97	4.904
548.18	4.988
548.38	5.063
548.59	4.780
548.79	5.042
549.00	4.784
549.20	5.008
549.41	4.934
549.61	4.966
549.82	5.246
550.02	4.804
550.23	5.253
550.43	5.040
550.64	5.111
550.84	5.278
551.05	5.105
551.25	4.986
551.46	5.137
551.66	4.974
551.87	5.014
552.07	5.066
552.28	5.016
552.48	5.145
552.69	5.106
552.89	5.100
553.10	4.994
553.30	5.324
553.51	5.142
553.71	5.177
553.92	5.213
554.12	5.004
554.33	4.928
554.53	5.108
554.74	5.016
554.94	5.200
555.15	5.180
555.35	4.956
555.56	4.902
555.76	5.137
555.97	5.136
556.17	5.238
556.38	5.089
556.58	5.116
556.78	5.102
556.99	5.152
557.19	5.214
557.40	5.057
557.60	5.330
557.81	5.211
558.01	5.298
558.22	5.044
558.42	5.220
558.63	5.258
558.83	5.114
559.04	5.194
559.24	5.192
559.44	4.994
559.65	5.008
559.85	5.049
560.06	5.116
560.26	5.083
560.47	5.074
560.67	4.987
560.88	4.984
561.08	5.054
561.28	4.964
561.49	5.030
561.69	4.937
561.90	4.912
562.10	5.074
562.31	4.955
562.51	5.066
562.71	4.894
562.92	5.059
563.12	4.903
563.33	5.084
563.53	4.875
563.74	5.263
563.94	4.824
564.14	5.141
564.35	4.893
564.55	5.026
564.76	4.541
564.96	4.645
565.17	4.811
565.37	4.903
565.57	4.740
565.78	4.810
565.98	4.812
566.19	4.626
566.39	4.844
566.59	4.841
566.80	4.864
567.00	4.530
567.21	4.616
567.41	4.866
567.61	4.625
567.82	4.900
568.02	4.560
568.23	4.742
568.43	4.560
568.63	4.709
568.84	4.729
569.04	4.699
569.24	4.785
569.45	4.619
569.65	4.449
569.86	4.348
570.06	4.771
570.26	4.432
570.47	4.382
570.67	4.435
570.87	4.251
571.08	4.439
571.28	4.435
571.49	4.190
571.69	4.232
571.89	4.613
572.10	4.242
572.30	4.382
572.50	4.339
572.71	4.318
572.91	4.375
573.11	4.328
573.32	4.310
573.52	4.259
573.73	4.127
573.93	4.157
574.13	4.148
574.34	4.181
574.54	4.123
574.74	4.031
574.95	4.039
575.15	4.112
575.35	4.057
575.56	4.140
575.76	4.035
575.96	4.171
576.17	4.243
576.37	4.150
576.57	3.853
576.78	4.042
576.98	3.983
577.18	3.771
577.39	4.021
577.59	3.868
577.79	4.077
578.00	3.901
578.20	3.913
578.40	3.841
578.61	3.806
578.81	3.698
579.01	4.043
579.22	3.812
579.42	3.738
579.62	3.857
579.82	3.663
580.03	3.614
580.23	3.720
580.43	3.626
580.64	3.862
580.84	3.751
581.04	3.918
581.25	3.787
581.45	3.564
581.65	3.622
581.86	3.722
582.06	3.868
582.26	3.698
582.46	3.520
582.67	3.738
582.87	3.564
583.07	3.692
583.28	3.740
583.48	3.583
583.68	3.718
583.88	3.701
584.09	3.516
584.29	3.553
584.49	3.568
584.70	3.524
584.90	3.581
585.10	3.456
585.30	3.553
585.51	3.437
585.71	3.554
585.91	3.519
586.11	3.765
586.32	3.508
586.52	3.445
586.72	3.341
586.92	3.683
587.13	3.526
587.33	3.421
587.53	3.485
587.74	3.574
587.94	3.589
588.14	3.372
588.34	3.826
588.55	3.458
588.75	3.684
588.95	3.377
589.15	3.605
589.36	3.424
589.56	3.317
589.76	3.499
589.96	3.387
590.16	3.526
590.37	3.392
590.57	3.626
590.77	3.447
590.97	3.424
591.18	3.496
591.38	3.482
591.58	4.673
591.78	3.408
591.99	3.435
592.19	3.445
592.39	3.457
592.59	3.439
592.79	3.399
593.00	3.549
593.20	3.394
593.40	3.454
593.60	3.279
593.81	3.142
594.01	3.267
594.21	3.333
594.41	3.587
594.61	3.413
594.82	3.370
595.02	3.404
595.22	3.212
595.42	3.219
595.62	3.253
595.83	3.238
596.03	3.117
596.23	3.270
596.43	3.268
596.63	3.293
596.84	3.353
597.04	3.315
597.24	3.305
597.44	3.286
597.64	3.466
597.84	3.217
598.05	3.405
598.25	3.215
598.45	3.300
598.65	3.254
598.85	3.363
599.06	3.451
599.26	3.194
599.46	3.340
599.66	3.174
599.86	3.330
600.06	3.371
600.27	3.355
600.47	3.397
600.67	3.312
600.87	3.219
601.07	3.155
601.27	3.223
601.48	3.272
601.68	3.361
601.88	3.394
602.08	3.364
602.28	3.350
602.48	3.500
602.68	3.186
602.89	3.358
603.09	3.257
603.29	3.270
603.49	3.369
603.69	3.176
603.89	3.249
604.09	3.431
604.30	3.182
604.50	3.153
604.70	3.136
604.90	3.223
605.10	3.179
605.30	3.223
605.50	3.177
605.71	3.348
605.91	3.193
606.11	3.348
606.31	3.340
606.51	3.238
606.71	3.276
606.91	3.234
607.11	3.249
607.32	3.163
607.52	3.388
607.72	3.384
607.92	3.302
608.12	3.426
608.32	3.289
608.52	3.281
608.72	3.365
608.92	3.270
609.12	3.257
609.33	3.253
609.53	3.176
609.73	3.270
609.93	3.411
610.13	3.338
610.33	3.136
610.53	3.184
610.73	3.206
610.93	3.130
611.13	3.030
611.34	3.080
611.54	3.203
611.74	3.155
611.94	3.240
612.14	3.148
612.34	3.141
612.54	3.060
612.74	3.043
612.94	3.059
613.14	3.274
613.34	2.994
613.54	3.215
613.74	3.231
613.95	3.240
614.15	3.102
614.35	3.327
614.55	3.271
614.75	3.302
614.95	3.274
615.15	2.946
615.35	3.181
615.55	3.157
615.75	3.064
615.95	3.205
616.15	3.087
616.35	3.018
616.55	3.095
616.75	3.208
616.95	3.145
617.15	3.005
617.35	2.936
617.56	3.057
617.76	3.339
617.96	3.186
618.16	3.261
618.36	3.066
618.56	3.344
618.76	3.057
618.96	3.228
619.16	3.005
619.36	3.054
619.56	3.130
619.76	3.096
619.96	3.178
620.16	3.104
620.36	3.022
620.56	3.032
620.76	3.130
620.96	3.186
621.16	3.053
621.36	3.144
621.56	3.304
621.76	3.020
621.96	3.130
622.16	3.035
622.36	3.145
622.56	3.148
622.76	2.985
622.96	3.162
623.16	3.120
623.36	3.188
623.56	3.237
623.76	3.108
623.96	3.091
624.16	2.987
624.36	3.141
624.56	3.172
624.76	3.066
624.96	3.206
625.16	2.960
625.36	2.944
625.56	2.737
625.76	3.138
625.96	3.017
626.16	3.181
626.36	2.972
626.56	2.889
626.76	3.056
626.96	3.217
627.16	3.086
627.36	3.099
627.56	2.946
627.76	3.173
627.96	3.101
628.16	3.087
628.36	3.127
628.56	3.119
628.75	3.099
628.95	2.966
629.15	3.076
629.35	3.110
629.55	3.162
629.75	3.028
629.95	3.051
630.15	2.940
630.35	3.041
630.55	2.987
630.75	3.011
630.95	3.108
631.15	3.035
631.35	3.019
631.55	3.025
631.75	3.093
631.95	2.813
632.15	3.015
632.34	2.962
632.54	3.111
632.74	3.104
632.94	2.983
633.14	2.890
633.34	2.932
633.54	3.039
633.74	3.006
633.94	3.001
634.14	2.940
634.34	2.991
634.54	3.098
634.74	2.897
634.93	3.040
635.13	3.065
635.33	3.074
635.53	2.980
635.73	3.111
635.93	3.052
636.13	2.875
636.33	3.040
636.53	2.979
636.73	2.961
636.93	3.072
637.12	3.021
637.32	2.902
637.52	2.932
637.72	3.146
637.92	2.967
638.12	3.006
638.32	2.987
638.52	2.920
638.72	3.075
638.91	2.998
639.11	2.970
639.31	2.894
639.51	2.977
639.71	2.968
639.91	3.023
640.11	3.025
640.31	3.073
640.50	3.005
640.70	3.073
640.90	3.042
641.10	2.973
641.30	2.924
641.50	2.950
641.70	2.956
641.89	2.882
642.09	2.877
642.29	2.966
642.49	2.953
642.69	3.006
642.89	2.926
643.09	2.961
643.28	2.969
643.48	3.008
643.68	3.084
643.88	2.926
644.08	2.968
644.28	2.837
644.48	2.843
644.67	2.884
644.87	2.991
645.07	2.812
645.27	3.045
645.47	2.937
645.67	2.803
645.86	2.852
646.06	2.993
646.26	2.955
646.46	2.928
646.66	2.990
646.85	2.974
647.05	2.982
647.25	2.798
647.45	2.964
647.65	2.758
647.85	2.962
648.04	3.019
648.24	2.856
648.44	2.917
648.64	2.882
648.84	2.871
649.03	2.958
649.23	2.868
649.43	2.890
649.63	2.795
649.83	2.979
650.02	2.962
650.22	3.001
650.42	3.022
650.62	3.077
650.82	2.915
651.01	2.953
651.21	2.876
651.41	2.793
651.61	2.944
651.81	2.815
652.00	2.905
652.20	2.881
652.40	2.946
652.60	2.769
652.79	3.009
652.99	2.914
653.19	2.907
653.39	2.830
653.59	2.960
653.78	2.942
653.98	2.816
654.18	2.926
654.38	2.942
654.57	3.004
654.77	2.897
654.97	2.972
655.17	3.013
655.36	2.944
655.56	2.859
655.76	2.766
655.96	2.770
656.15	2.844
656.35	2.880
656.55	3.002
656.75	2.963
656.94	2.837
657.14	2.969
657.34	2.833
657.54	2.936
657.73	2.951
657.93	2.999
658.13	2.846
658.33	2.920
658.52	2.890
658.72	1.438
658.92	2.857
659.11	2.844
659.31	2.815
659.51	2.792
659.71	2.920
659.90	2.874
660.10	2.756
660.30	2.799
660.50	2.935
660.69	2.769
660.89	2.927
661.09	2.739
661.28	2.782
661.48	2.932
661.68	2.889
661.87	2.919
662.07	2.868
662.27	2.905
662.47	2.751
662.66	2.845
662.86	2.783
663.06	2.945
663.25	2.908
663.45	2.845
663.65	2.713
663.84	2.790
664.04	2.946
664.24	2.800
664.44	2.927
664.63	3.000
664.83	2.885
665.03	2.844
665.22	2.789
665.42	2.841
665.62	2.969
665.81	2.895
666.01	2.872
666.21	2.946
666.40	2.824
666.60	2.904
666.80	2.855
666.99	2.804
667.19	2.780
667.39	2.800
667.58	2.915
667.78	2.782
667.98	2.897
668.17	3.038
668.37	2.883
668.57	2.851
668.76	2.839
668.96	2.966
669.16	2.854
669.35	2.712
669.55	2.880
669.74	2.993
669.94	2.909
670.14	2.663
670.33	2.834
670.53	2.868
670.73	3.052
670.92	2.934
671.12	2.792
671.32	2.828
671.51	2.884
671.71	2.871
671.90	2.874
672.10	2.958
672.30	2.925
672.49	2.808
672.69	2.900
672.89	2.890
673.08	2.818
673.28	2.870
673.47	3.015
673.67	2.787
673.87	2.815
674.06	2.813
674.26	2.831
674.45	2.905
674.65	2.854
674.85	2.848
675.04	2.862
675.24	2.775
675.43	2.962
675.63	3.003
675.83	2.844
676.02	3.024
676.22	2.788
676.41	2.794
676.61	2.878
676.81	2.761
677.00	2.955
677.20	2.712
677.39	2.838
677.59	3.091
677.79	2.728
677.98	2.916
678.18	2.839
678.37	2.919
678.57	2.946
678.76	2.943
678.96	2.854
679.16	2.990
679.35	2.734
679.55	2.841
679.74	2.837
679.94	2.930
680.13	2.942
680.33	2.885
680.53	2.969
680.72	2.864
680.92	2.842
681.11	2.968
681.31	2.947
681.50	2.878
681.70	2.962
681.89	3.002
682.09	2.961
682.28	3.032
682.48	3.003
682.68	2.844
682.87	2.879
683.07	3.098
683.26	3.028
683.46	2.950
683.65	2.886
683.85	2.813
684.04	2.937
684.24	2.928
684.43	3.063
684.63	3.042
684.82	2.921
685.02	3.021
685.21	3.025
685.41	2.945
685.60	3.005
685.80	3.034
686.00	3.022
686.19	3.035
686.39	2.980
686.58	2.916
686.78	3.000
686.97	3.041
687.17	3.105
687.36	3.058
687.56	3.112
687.75	3.094
687.95	2.956
688.14	3.008
688.34	2.976
688.53	3.016
688.73	3.048
688.92	3.043
689.12	3.078
689.31	3.183
689.51	3.120
689.70	2.980
689.89	2.985
690.09	2.949
690.28	3.194
690.48	3.169
690.67	3.164
690.87	3.041
691.06	2.963
691.26	3.025
691.45	2.983
691.65	3.002
691.84	3.046
692.04	3.037
692.23	3.188
692.43	3.204
692.62	3.102
692.82	3.253
693.01	3.151
693.20	3.270
693.40	3.332
693.59	3.323
693.79	3.240
693.98	3.216
694.18	3.373
694.37	3.362
694.57	3.387
694.76	3.268
694.95	3.332
695.15	3.424
695.34	3.413
695.54	3.423
695.73	3.403
695.93	3.426
696.12	3.434
696.32	3.509
696.51	3.355
696.70	3.480
696.90	3.715
697.09	3.608
697.29	3.766
697.48	3.535
697.67	3.640
697.87	3.764
698.06	3.871
698.26	3.815
698.45	3.840
698.65	3.755
698.84	3.944
699.03	3.981
699.23	4.029
699.42	4.291
699.62	4.238
699.81	4.313
700.00	4.376
700.20	4.406
700.39	4.462
700.59	4.558
700.78	4.577
700.97	4.720
701.17	4.606
701.36	4.833
701.56	4.840
701.75	4.948
701.94	4.946
702.14	4.980
702.33	5.051
702.52	5.208
702.72	5.273
702.91	5.390
703.11	5.386
703.30	5.642
703.49	5.716
703.69	5.793
703.88	5.851
704.07	6.040
704.27	5.904
704.46	6.039
704.66	6.239
704.85	6.307
705.04	6.391
705.24	6.663
705.43	6.668
705.62	6.818
705.82	6.877
706.01	7.003
706.20	7.004
706.40	7.348
706.59	7.247
706.78	7.319
706.98	7.394
707.17	7.761
707.36	7.563
707.56	8.102
707.75	7.701
707.94	8.125
708.14	8.048
708.33	8.474
708.52	8.476
708.72	8.503
708.91	8.817
709.10	8.893
709.30	8.873
709.49	8.981
709.68	9.232
709.88	9.365
710.07	9.533
710.26	9.457
710.46	9.754
710.65	9.846
710.84	9.979
711.04	10.015
711.23	10.054
711.42	10.366
711.61	10.550
711.81	10.786
712.00	10.807
712.19	10.900
712.39	11.139
712.58	11.239
712.77	11.249
712.97	11.578
713.16	11.569
713.35	11.698
713.54	11.933
713.74	11.922
713.93	12.231
714.12	12.497
714.32	12.683
714.51	12.736
714.70	12.762
714.89	12.871
715.09	13.224
715.28	13.137
715.47	13.370
715.66	13.525
715.86	13.814
716.05	14.008
716.24	13.851
716.44	13.910
716.63	14.512
716.82	14.652
717.01	14.690
717.21	14.736
717.40	14.982
717.59	15.239
717.78	15.416
717.98	15.546
718.17	15.640
718.36	15.957
718.55	15.910
718.75	16.065
718.94	16.472
719.13	16.605
719.32	16.747
719.52	16.911
719.71	16.954
719.90	17.321
720.09	17.421
720.28	17.789
720.48	17.676
720.67	18.039
720.86	18.104
721.05	18.215
721.25	18.315
721.44	18.568
721.63	18.874
721.82	19.039
722.01	19.024
722.21	19.163
722.40	19.583
722.59	19.849
722.78	19.900
722.98	19.720
723.17	20.485
723.36	20.423
723.55	20.486
723.74	20.949
723.94	20.865
724.13	21.448
724.32	21.500
724.51	21.697
724.70	21.813
724.89	21.866
725.09	22.186
725.28	22.363
725.47	22.388
725.66	23.127
725.85	23.158
726.05	23.513
726.24	23.210
726.43	23.658
726.62	23.602
726.81	23.982
727.00	24.181
727.20	24.628
727.39	24.534
727.58	24.685
727.77	24.959
727.96	25.048
728.15	25.548
728.35	25.196
728.54	25.720
728.73	25.606
728.92	25.892
729.11	26.294
729.30	26.470
729.50	26.325
729.69	26.798
729.88	27.009
730.07	27.194
730.26	27.571
730.45	27.478
730.64	27.612
730.84	27.944
731.03	28.178
731.22	27.891
731.41	28.253
731.60	28.539
731.79	28.572
731.98	28.745
732.18	29.316
732.37	29.307
732.56	29.326
732.75	29.532
732.94	29.794
733.13	29.878
733.32	30.266
733.51	30.603
733.71	30.590
733.90	30.644
734.09	30.759
734.28	30.896
734.47	31.156
734.66	31.135
734.85	31.689
735.04	31.689
735.23	31.695
735.42	32.009
735.62	32.055
735.81	32.644
736.00	32.467
736.19	32.712
736.38	32.690
736.57	33.102
736.76	33.104
736.95	33.206
737.14	33.334
737.33	33.984
737.52	33.960
737.72	34.137
737.91	34.137
738.10	34.235
738.29	34.437
738.48	34.626
738.67	34.721
738.86	34.719
739.05	34.822
739.24	34.953
739.43	35.390
739.62	35.482
739.81	35.526
740.00	35.693
740.19	35.996
740.39	36.199
740.58	36.185
740.77	36.114
740.96	36.232
741.15	36.507
741.34	36.560
741.53	36.350
741.72	36.760
741.91	36.757
742.10	37.132
742.29	37.354
742.48	37.676
742.67	37.394
742.86	37.505
743.05	37.970
743.24	37.789
743.43	38.332
743.62	37.670
743.81	38.378
744.00	38.087
744.19	38.298
744.38	38.219
744.57	38.608
744.76	38.889
744.95	38.874
745.14	38.939
745.33	38.709
745.52	38.722
745.71	39.330
745.90	39.400
746.09	39.118
746.28	39.577
746.47	39.463
746.66	39.414
746.85	39.627
747.04	39.832
747.23	39.964
747.42	39.973
747.61	39.948
747.80	40.220
747.99	40.250
748.18	40.230
748.37	40.328
748.56	40.530
748.75	40.312
748.94	40.271
749.13	41.005
749.32	40.376
749.51	40.950
749.70	40.742
749.89	41.193
750.08	41.000
750.27	41.360
750.46	40.899
750.65	41.349
750.84	41.095
751.03	41.033
751.22	41.297
751.41	41.311
751.60	41.490
751.79	41.100
751.98	41.860
752.17	41.574
752.36	41.507
752.55	41.663
752.74	41.656
752.93	41.725
753.12	41.994
753.30	42.034
753.49	42.033
753.68	41.978
753.87	42.047
754.06	42.447
754.25	42.132
754.44	42.552
754.63	42.245
754.82	42.547
755.01	42.319
755.20	42.446
755.39	42.577
755.58	42.738
755.77	42.705
755.96	42.473
756.14	42.636
756.33	43.301
756.52	43.020
756.71	42.705
756.90	42.630
757.09	43.090
757.28	43.025
757.47	43.032
757.66	42.888
757.85	43.038
758.04	43.476
758.22	42.764
758.41	43.228
758.60	43.488
758.79	43.525
758.98	43.217
759.17	43.229
759.36	43.278
759.55	43.071
759.74	43.336
759.92	43.187
760.11	43.472
760.30	43.263
760.49	43.336
760.68	43.571
760.87	43.779
761.06	43.482
761.25	43.727
761.43	43.710
761.62	43.685
761.81	43.387
762.00	43.873
762.19	43.780
762.38	43.521
762.57	43.720
762.76	43.739
762.94	43.963
763.13	43.713
763.32	43.772
763.51	43.838
763.70	43.884
763.89	44.056
764.07	44.079
764.26	43.938
764.45	44.407
764.64	44.006
764.83	44.016
765.02	44.020
765.21	43.974
765.39	43.715
765.58	44.024
765.77	44.330
765.96	44.275
766.15	43.789
766.34	43.994
766.52	43.818
766.71	44.234
766.90	43.736
767.09	44.157
767.28	44.318
767.46	43.980
767.65	44.460
767.84	44.073
768.03	44.480
768.22	44.006
768.40	44.472
768.59	44.095
768.78	44.093
768.97	44.036
769.16	44.565
769.34	44.397
769.53	44.266
769.72	44.319
769.91	44.202
770.10	44.396
770.28	44.349
770.47	44.090
770.66	44.378
770.85	44.407
771.04	44.487
771.22	44.518
771.41	44.329
771.60	44.538
771.79	44.304
771.98	44.679
772.16	43.818
772.35	44.464
772.54	44.283
772.73	44.400
772.91	44.485
773.10	44.638
773.29	44.773
773.48	44.524
773.66	44.471
773.85	44.555
774.04	44.656
774.23	44.690
774.41	44.432
774.60	44.593
774.79	44.414
774.98	44.230
775.16	44.664
775.35	44.745
775.54	44.321
775.73	44.273
775.91	44.441
776.10	44.321
776.29	44.406
776.48	44.333
776.66	44.362
776.85	44.096
777.04	44.898
777.23	44.385
777.41	44.447
777.60	44.603
777.79	44.653
777.97	44.847
778.16	44.646
778.35	44.565
778.54	44.283
778.72	44.033
778.91	44.686
779.10	44.887
779.28	44.258
779.47	44.448
779.66	44.786
779.85	44.785
780.03	44.299
780.22	44.097
780.41	44.660
780.59	44.362
780.78	44.687
780.97	44.667
781.15	44.671
781.34	44.490
781.53	44.401
781.71	44.541
781.90	44.300
782.09	44.345
782.27	44.528
782.46	44.433
782.65	44.847
782.84	44.582
783.02	44.248
783.21	44.367
783.40	44.850
783.58	44.894
783.77	44.492
783.96	44.893
784.14	44.440
784.33	44.444
784.52	45.082
784.70	44.536
784.89	44.694
785.07	44.975
785.26	44.829
785.45	44.374
785.63	44.471
785.82	44.602
786.01	44.742
786.19	44.227
786.38	44.626
786.57	44.602
786.75	44.624
786.94	44.764
787.13	44.761
787.31	44.645
787.50	44.611
787.68	44.702
787.87	44.695
788.06	45.222
788.24	44.640
788.43	44.526
788.62	44.696
788.80	44.780
788.99	44.594
789.17	44.366
789.36	44.848
789.55	44.583
789.73	44.899
789.92	45.251
790.10	44.827
790.29	44.654
790.48	44.930
790.66	44.699
790.85	44.340
791.03	44.736
791.22	44.567
791.41	45.315
791.59	44.675
791.78	44.219
791.96	44.774
792.15	44.982
792.34	44.327
792.52	44.686
792.71	44.692
792.89	44.689
793.08	44.744
793.27	44.514
793.45	44.600
793.64	44.815
793.82	44.846
794.01	44.637
794.19	44.584
794.38	44.545
794.57	44.777
794.75	44.735
794.94	45.022
795.12	44.631
795.31	44.775
795.49	45.059
795.68	45.030
795.86	44.627
796.05	45.061
796.24	44.547
796.42	44.766
796.61	44.742
796.79	45.326
796.98	44.749
797.16	44.717
797.35	44.518
797.53	44.857
797.72	44.409
797.90	44.901
798.09	44.788
798.27	44.494
798.46	44.598
798.65	44.916
798.83	44.667
799.02	44.873
799.20	44.622
799.39	45.103
799.57	44.635
799.76	45.053
799.94	44.903
800.13	44.937
800.31	45.034
800.50	44.790
800.68	44.303
800.87	44.719
801.05	44.737
801.24	44.794
801.42	44.571
801.61	44.746
801.79	44.843
801.98	45.162
802.16	45.410
802.35	44.687
802.53	44.820
802.72	44.753
802.90	44.586
803.09	44.712
803.27	44.619
803.46	45.285
803.64	44.681
803.83	44.737
804.01	44.869
804.20	44.841
804.38	44.721
804.56	44.733
804.75	45.045
804.93	44.694
805.12	44.592
805.30	44.816
805.49	44.722
805.67	45.041
805.86	44.750
806.04	44.952
806.23	44.497
806.41	44.457
806.59	44.850
806.78	44.445
806.96	44.793
807.15	44.521
807.33	44.950
807.52	44.601
807.70	45.427
807.89	44.809
808.07	45.002
808.25	44.672
808.44	44.719
808.62	44.598
808.81	44.927
808.99	44.559
809.18	44.997
809.36	44.832
809.54	45.293
809.73	44.680
809.91	44.679
810.10	44.859
810.28	44.879
810.47	44.839
810.65	44.770
810.83	45.283
811.02	44.657
811.20	45.045
811.39	44.782
811.57	44.651
811.75	44.984
811.94	44.532
812.12	44.528
812.31	45.264
812.49	44.758
812.67	44.549
812.86	44.769
813.04	44.910
813.23	45.076
813.41	44.695
813.59	44.750
813.78	44.979
813.96	44.805
814.14	44.926
814.33	44.881
814.51	45.116
814.70	44.980
814.88	44.932
815.06	44.617
815.25	44.912
815.43	45.357
815.61	44.878
815.80	44.755
815.98	45.009
816.16	44.801
816.35	44.442
816.53	44.913
816.72	44.446
816.90	45.205
817.08	44.841
817.27	45.163
817.45	44.754
817.63	44.709
817.82	44.944
818.00	45.298
818.18	45.233
818.37	44.580
818.55	44.871
818.73	45.128
818.92	44.855
819.10	44.830
819.28	44.779
819.47	44.768
819.65	44.604
819.83	44.663
820.02	45.340
820.20	44.595
820.38	44.828
820.57	44.597
820.75	44.892
820.93	45.146
821.11	44.663
821.30	44.937
821.48	44.662
821.66	45.020
821.85	44.541
822.03	44.533
822.21	44.782
822.40	44.843
822.58	44.678
822.76	44.557
822.94	44.539
823.13	44.619
823.31	44.585
823.49	45.072
823.68	44.658
823.86	44.539
824.04	45.048
824.22	44.986
824.41	44.825
824.59	44.966
824.77	45.051
824.96	45.103
825.14	44.672
825.32	44.634
825.50	44.970
825.69	44.804
825.87	45.306
826.05	44.339
826.23	44.748
826.42	45.022
826.60	45.096
826.78	44.557
826.96	44.819
827.15	44.922
827.33	45.589
827.51	45.127
827.69	45.020
827.88	44.586
828.06	44.892
828.24	44.991
828.42	44.905
828.61	45.145
828.79	44.977
828.97	45.163
829.15	44.537
829.34	44.416
829.52	44.338
829.70	44.994
829.88	45.407
830.06	44.571
830.25	44.494
830.43	44.644
830.61	44.766
830.79	45.213
830.97	44.905
831.16	44.870
831.34	44.761
831.52	45.107
831.70	45.348
831.89	44.745
832.07	44.803
832.25	44.598
832.43	44.474
832.61	44.928
832.80	45.069
832.98	45.100
833.16	45.557
833.34	44.889
833.52	45.193
833.70	44.999
833.89	44.717
834.07	44.760
834.25	45.130
834.43	44.963
834.61	45.314
834.80	45.325
834.98	44.606
835.16	44.584
835.34	44.722
835.52	44.764
835.70	45.234
835.89	44.871
836.07	44.760
836.25	44.488
836.43	45.455
836.61	45.311
836.79	45.414
836.97	45.172
837.16	45.222
837.34	45.444
837.52	45.449
837.70	45.025
837.88	45.192
838.06	44.850
838.24	45.259
838.43	45.138
838.61	45.230
838.79	44.924
838.97	44.803
839.15	45.292
839.33	45.179
839.51	44.961
839.70	45.241
839.88	45.247
840.06	45.050
840.24	45.447
840.42	45.366
840.60	45.246
840.78	45.077
840.96	44.936
841.14	44.907
841.33	45.303
841.51	44.958
841.69	45.099
841.87	45.063
842.05	45.077
842.23	44.734
842.41	45.475
842.59	45.202
842.77	45.157
842.95	44.763
843.14	44.803
843.32	44.934
843.50	45.174
843.68	45.670
843.86	44.829
844.04	45.261
844.22	45.496
844.40	45.185
844.58	45.300
844.76	45.016
844.94	45.128
845.12	44.752
845.30	45.033
845.49	44.601
845.67	45.287
845.85	45.265
846.03	44.953
846.21	45.331
846.39	44.838
846.57	44.760
846.75	45.328
846.93	45.134
847.11	44.571
847.29	45.374
847.47	45.103
847.65	45.395
847.83	44.872
848.01	45.158
848.19	44.843
848.37	45.678
848.55	44.897
848.73	44.933
848.91	45.503
849.09	44.751
849.27	45.300
849.46	44.551
849.64	45.273
849.82	45.436
850.00	44.770
850.18	45.324
850.36	44.732
850.54	45.015
850.72	45.055
850.90	45.106
851.08	45.087
851.26	44.987
851.44	45.459
851.62	44.768
851.80	45.563
851.98	44.511
852.16	45.202
852.34	45.336
852.52	45.293
852.70	44.993
852.88	45.205
853.06	44.944
853.24	44.850
853.42	45.254
853.60	44.745
853.78	45.461
853.96	44.903
854.14	44.838
854.31	45.506
854.49	45.097
854.67	45.116
854.85	44.935
855.03	45.273
855.21	45.490
855.39	45.388
855.57	45.155
855.75	45.113
855.93	44.905
856.11	45.566
856.29	44.630
856.47	44.879
856.65	45.151
856.83	45.427
857.01	45.104
857.19	45.106
857.37	44.924
857.55	44.790
857.73	45.567
857.91	45.756
858.09	45.877
858.26	45.226
858.44	45.216
858.62	45.105
858.80	45.340
858.98	45.331
859.16	46.008
859.34	44.739
859.52	45.012
859.70	45.632
859.88	44.998
860.06	45.112
860.24	45.265
860.42	45.414
860.59	45.045
860.77	45.251
860.95	45.329
861.13	45.341
861.31	45.351
861.49	45.130
861.67	44.900
861.85	44.997
862.03	45.234
862.21	45.135
862.38	45.893
862.56	45.838
862.74	45.306
862.92	45.607
863.10	45.213
863.28	45.393
863.46	44.810
863.64	45.709
863.82	45.165
863.99	44.933
864.17	45.228
864.35	45.172
864.53	45.329
864.71	45.594
864.89	45.173
865.07	44.899
865.24	44.472
865.42	45.234
865.60	45.202
865.78	45.303
865.96	45.441
866.14	44.927
866.32	45.082
866.49	45.644
866.67	45.180
866.85	45.178
867.03	45.536
867.21	45.105
867.39	45.840
867.56	45.482
867.74	45.453
867.92	45.536
868.10	45.085
868.28	45.427
868.46	45.523
868.63	45.027
868.81	45.327
868.99	45.733
869.17	45.325
869.35	44.800
869.53	45.485
869.70	45.049
869.88	45.553
870.06	45.354
870.24	45.888
870.42	45.658
870.59	45.671
870.77	45.436
870.95	45.623
871.13	46.322
871.31	45.722
871.48	45.534
871.66	44.994
871.84	45.463
872.02	45.648
872.20	45.068
872.37	45.430
872.55	46.007
872.73	45.528
872.91	45.316
873.08	45.726
873.26	45.526
873.44	45.144
873.62	45.326
873.80	45.584
873.97	44.978
874.15	45.163
874.33	45.176
874.51	45.506
874.68	44.934
874.86	45.385
875.04	45.657
875.22	45.112
875.39	46.098
875.57	46.272
875.75	45.999
875.93	45.676
876.10	45.379
876.28	45.170
876.46	44.893
876.64	45.135
876.81	45.347
876.99	45.657
877.17	45.519
877.35	45.442
877.52	45.626
877.70	45.501
877.88	44.697
878.06	45.223
878.23	46.147
878.41	45.431
878.59	45.113
878.76	45.147
878.94	45.053
879.12	44.909
879.30	46.024
879.47	45.386
879.65	45.185
879.83	45.044
880.00	45.094
880.18	45.217
880.36	45.892
880.53	45.570
880.71	45.384
880.89	45.129
881.07	45.247
881.24	45.499
881.42	45.866
881.60	44.739
881.77	45.641
881.95	45.739
882.13	45.644
882.30	45.198
882.48	45.653
882.66	45.643
882.83	45.362
883.01	45.964
883.19	45.802
883.36	46.061
883.54	45.221
883.72	45.432
883.89	46.087
884.07	45.381
884.25	45.763
884.42	45.382
884.60	45.364
884.78	46.031
884.95	45.395
885.13	45.503
885.31	45.899
885.48	45.398
885.66	45.674
885.84	45.795
886.01	44.975
886.19	45.881
886.36	45.709
886.54	45.649
886.72	45.920
886.89	45.207
887.07	46.124
887.25	45.882
887.42	45.141
887.60	45.323
887.78	45.132
887.95	45.564
888.13	45.482
888.30	45.470
888.48	45.556
888.66	45.185
888.83	45.360
889.01	45.593
889.18	45.111
889.36	45.074
889.54	45.116
889.71	45.893
889.89	45.204
890.06	45.449
890.24	45.683
890.42	45.564
890.59	45.268
890.77	46.204
890.94	45.519
891.12	44.637
891.30	45.074
891.47	44.858
891.65	45.945
891.82	45.415
892.00	45.597
892.17	45.014
892.35	45.367
892.53	45.351
892.70	44.971
892.88	44.965
893.05	44.983
893.23	45.875
893.40	45.666
893.58	45.403
893.75	45.304
893.93	45.559
894.11	45.333
894.28	45.437
894.46	45.792
894.63	45.833
894.81	45.168
894.98	45.219
895.16	45.292
895.33	45.107
895.51	45.166
895.68	45.475
895.86	45.509
896.04	45.187
896.21	45.234
896.39	45.364
896.56	46.178
896.74	45.557
896.91	45.406
897.09	45.003
897.26	45.703
897.44	45.482
897.61	45.654
897.79	45.590
897.96	45.842
898.14	45.579
898.31	46.684
898.49	45.953
898.66	46.017
898.84	46.737
899.01	45.240
899.19	45.320
899.36	44.914
899.54	45.234
899.71	46.173
899.89	45.932
900.06	45.179
900.24	44.743
900.41	45.113
900.59	45.383
900.76	45.916
900.94	45.193
901.11	45.510
901.29	45.040
901.46	45.593
901.63	44.959
901.81	45.519
901.98	45.346
902.16	45.746
902.33	45.842
902.51	45.928
902.68	45.882
902.86	45.669
903.03	45.566
903.21	45.417
903.38	45.888
903.56	46.066
903.73	45.835
903.90	45.202
904.08	45.198
904.25	46.199
904.43	44.893
904.60	46.072
904.78	45.882
904.95	45.305
905.12	45.447
905.30	45.589
905.47	45.183
905.65	45.424
905.82	45.707
906.00	45.508
906.17	45.697
906.34	45.875
906.52	45.424
906.69	45.000
906.87	45.643
907.04	46.406
907.21	46.400
907.39	45.682
907.56	46.202
907.74	45.328
907.91	45.511
908.08	44.757
908.26	45.217
908.43	45.498
908.61	45.952
908.78	45.460
908.95	46.060
909.13	46.306
909.30	46.422
909.48	46.435
909.65	46.063
909.82	46.044
910.00	46.844
910.17	45.268
910.34	45.364
910.52	45.957
910.69	44.842
910.87	45.440
911.04	45.528
911.21	46.637
911.39	45.012
911.56	45.526
911.73	45.926
911.91	46.042
912.08	46.084
912.25	45.789
912.43	45.701
912.60	45.860
912.77	45.613
912.95	45.562
913.12	46.094
913.29	45.569
913.47	45.285
913.64	45.501
913.81	45.895
913.99	46.114
914.16	45.710
914.33	46.179
914.51	45.511
914.68	45.502
914.85	45.836
915.03	45.387
915.20	45.927
915.37	46.595
915.55	45.670
915.72	45.801
915.89	45.761
916.07	45.501
916.24	45.701
916.41	45.324
916.59	45.974
916.76	45.441
916.93	45.461
917.10	45.532
917.28	45.913
917.45	45.753
917.62	45.723
917.80	46.485
917.97	45.079
918.14	46.431
918.31	46.547
918.49	45.196
918.66	45.471
918.83	45.403
919.01	46.272
919.18	46.049
919.35	45.116
919.52	45.267
919.70	45.785
919.87	45.347
920.04	45.352
920.21	45.884
920.39	45.812
920.56	46.037
920.73	45.530
920.90	45.909
921.08	46.014
921.25	45.738
921.42	45.755
921.59	46.552
921.77	46.235
921.94	45.757
922.11	45.491
922.28	45.892
922.46	45.167
922.63	45.835
922.80	46.109
922.97	45.349
923.15	46.597
923.32	46.340
923.49	44.859
923.66	45.126
923.83	46.061
924.01	45.236
924.18	45.114
924.35	45.722
924.52	45.596
924.69	45.853
924.87	46.493
925.04	45.540
925.21	46.169
925.38	45.556
925.55	46.146
925.73	45.659
925.90	46.278
926.07	45.638
926.24	44.872
926.41	46.010
926.59	45.632
926.76	45.317
926.93	45.961
927.10	46.102
927.27	45.057
927.45	46.204
927.62	46.836
927.79	45.567
927.96	45.246
928.13	45.597
928.30	46.013
928.48	45.655
928.65	46.143
928.82	45.509
928.99	45.688
929.16	45.577
929.33	45.529
929.50	45.987
929.68	47.123
929.85	45.780
930.02	45.635
930.19	45.177
930.36	45.812
930.53	46.449
930.70	45.320
930.88	45.939
931.05	45.081
931.22	46.664
931.39	45.562
931.56	45.805
931.73	44.936
931.90	46.776
932.08	45.966
932.25	45.988
932.42	45.627
932.59	44.508
932.76	44.925
932.93	46.921
933.10	44.838
933.27	46.072
933.44	45.472
933.62	46.441
933.79	45.665
933.96	44.981
934.13	44.441
934.30	45.639
934.47	45.760
934.64	45.969
934.81	46.442
934.98	45.674
935.15	45.600
935.32	44.978
935.50	45.844
935.67	44.848
935.84	46.077
936.01	46.137
936.18	44.940
936.35	45.959
936.52	44.547
936.69	45.466
936.86	46.259
937.03	45.583
937.20	46.495
937.37	44.595
937.54	46.345
937.71	45.515
937.89	45.503
938.06	45.320
938.23	45.388
938.40	43.960
938.57	44.512
938.74	44.682
938.91	45.309
939.08	44.100
939.25	47.275
939.42	43.594
939.59	46.407
939.76	44.834
939.93	46.791
940.10	45.631
940.27	47.318
940.44	45.144
940.61	46.178
940.78	46.559
940.95	47.015
941.12	46.235
941.29	44.585
941.46	47.725
941.63	47.036
941.80	48.947
941.97	46.527
942.14	44.526
942.31	44.973
942.48	45.422
942.65	43.692
942.82	46.639
942.99	46.161
943.16	44.518
943.33	45.570
943.50	46.356
943.67	44.836
943.84	45.575
944.01	43.593
944.18	45.284
944.35	44.695
944.52	46.759
944.69	43.465
944.86	46.580
945.03	43.646
945.20	43.826
945.37	43.807
945.54	44.905
945.71	43.887
945.88	45.060
946.05	44.886
946.22	43.111
946.39	45.798
946.56	46.270
946.73	46.232
946.90	45.501
947.07	44.915
947.23	46.117
947.40	47.618
947.57	42.612
947.74	45.880
947.91	44.651
948.08	43.890
948.25	45.109
948.42	46.644
948.59	42.227
948.76	44.943
948.93	45.771
949.10	49.248
949.27	46.935
949.44	46.756
949.60	46.125
949.77	42.580
949.94	44.509
950.11	43.466
950.28	45.381
950.45	44.279
950.62	46.941
950.79	44.598
950.96	44.297
951.13	45.388
951.30	45.189
951.46	44.573
951.63	44.054
951.80	46.524
951.97	44.959
952.14	43.748
952.31	44.454
952.48	45.955
952.65	43.756
952.81	46.287
952.98	44.332
953.15	43.932
953.32	44.370
953.49	45.022
953.66	44.220
953.83	47.190
954.00	44.164
954.16	43.549
954.33	45.924
954.50	44.515
954.67	45.039
954.84	45.405
955.01	43.245
955.18	45.282
955.34	46.178
955.51	44.788
955.68	46.163
955.85	45.669
956.02	43.421
956.19	45.091
956.35	45.687
956.52	46.321
956.69	45.147
956.86	45.535
957.03	45.601
957.20	46.790
957.36	45.015
957.53	43.757
957.70	43.994
957.87	44.649
958.04	44.413
958.21	44.139
958.37	44.023
958.54	45.397
958.71	46.194
958.88	44.939
959.05	45.624
959.21	43.957
959.38	45.070
959.55	44.550
959.72	44.756
959.89	44.842
960.05	44.429
960.22	46.439
960.39	45.828
960.56	45.012
960.72	45.824
960.89	45.532
961.06	46.032
961.23	42.443
961.40	42.172
961.56	45.920
961.73	42.731
961.90	45.419
962.07	45.117
962.23	43.348
962.40	44.203
962.57	42.440
962.74	45.176
962.90	45.418
963.07	44.200
963.24	44.703
963.41	44.782
963.57	44.425
963.74	45.230
963.91	45.085
964.08	45.279
964.24	45.339
964.41	44.192
964.58	45.235
964.75	45.259
964.91	44.850
965.08	44.515
965.25	44.253
965.42	45.356
965.58	47.164
965.75	45.298
965.92	43.998
966.08	45.104
966.25	43.740
966.42	46.159
966.59	45.329
966.75	44.963
966.92	45.057
967.09	44.130
967.25	46.701
967.42	45.994
967.59	45.180
967.75	45.822
967.92	44.017
968.09	45.644
968.26	46.271
968.42	46.630
968.59	44.650
968.76	45.123
968.92	45.142
969.09	46.309
969.26	44.348
969.42	43.862
969.59	45.758
969.76	45.472
969.92	44.248
970.09	44.771
970.26	44.166
970.42	44.044
970.59	43.094
970.76	45.232
970.92	44.206
971.09	45.976
971.26	44.888
971.42	42.560
971.59	44.097
971.76	44.367
971.92	44.584
972.09	44.623
972.25	44.010
972.42	43.573
972.59	44.151
972.75	46.176
972.92	44.444
973.09	45.200
973.25	44.342
973.42	44.712
973.58	43.971
973.75	45.775
973.92	44.293
974.08	44.164
974.25	43.918
974.42	47.652
974.58	44.428
974.75	44.225
974.91	46.792
975.08	46.179
975.25	43.933
975.41	44.831
975.58	45.572
975.74	46.987
975.91	43.937
976.08	45.473
976.24	44.322
976.41	44.207
976.57	43.457
976.74	45.446
976.91	45.757
977.07	44.672
977.24	44.989
977.40	45.507
977.57	43.777
977.73	45.007
977.90	44.679
978.07	46.163
978.23	45.622
978.40	45.892
978.56	45.442
978.73	44.802
978.89	43.909
979.06	44.864
979.22	43.982
979.39	44.868
979.56	44.266
979.72	45.312
979.89	47.214
980.05	44.563
980.22	48.025
980.38	45.048
980.55	45.833
980.71	42.734
980.88	45.975
981.04	43.252
981.21	44.599
981.37	47.280
981.54	47.303
981.70	44.874
981.87	46.244
982.04	44.501
982.20	44.159
982.37	46.306
982.53	44.251
982.70	46.035
982.86	45.985
983.03	45.203
983.19	43.405
983.36	47.097
983.52	44.038
983.69	45.789
983.85	45.601
984.02	46.320
984.18	45.727
984.35	46.151
984.51	48.625
984.68	45.761
984.84	46.442
985.00	44.168
985.17	47.498
985.33	44.910
985.50	44.652
985.66	45.200
985.83	46.589
985.99	45.124
986.16	46.312
986.32	44.996
986.49	47.700
986.65	46.395
986.82	45.118
986.98	47.234
987.15	46.613
987.31	46.321
987.47	45.858
987.64	45.420
987.80	46.697
987.97	45.314
988.13	46.262
988.30	47.456
988.46	43.064
988.63	43.184
988.79	46.864
988.95	45.056
989.12	46.676
989.28	44.593
989.45	46.016
989.61	45.777
989.77	44.295
989.94	46.625
990.10	46.537
990.27	46.232
990.43	46.940
990.60	43.017
990.76	43.334
990.92	45.756
991.09	46.653
991.25	46.797
991.42	46.152
991.58	43.321
991.74	48.450
991.91	46.676
992.07	45.475
992.24	45.954
992.40	45.767
992.56	46.025
992.73	46.781
992.89	43.323
993.05	44.029
993.22	43.789
993.38	46.861
993.55	45.035
993.71	43.926
993.87	47.871
994.04	47.585
994.20	46.558
994.36	47.004
994.53	43.410
994.69	46.381
994.85	45.676
995.02	45.317
995.18	45.225
995.34	46.593
995.51	46.513
995.67	45.769
995.84	47.393
996.00	45.697
996.16	46.530
996.33	44.910
996.49	45.169
996.65	44.145
996.82	45.571
996.98	45.743
997.14	45.953
997.31	47.090
997.47	45.359
997.63	44.621
997.79	45.335
997.96	45.088
998.12	48.364
998.28	46.052
998.45	46.678
998.61	43.723
998.77	46.836
998.94	44.115
999.10	44.251
999.26	46.303
999.43	44.347
999.59	45.138
999.75	46.035
999.91	46.316
1000.08	48.456
1000.24	43.735
1000.40	44.935
1000.57	46.232
1000.73	47.180
1000.89	45.758
1001.05	45.127
1001.22	44.124
1001.38	45.099
1001.54	43.811
1001.70	44.326
1001.87	44.353
1002.03	44.962
1002.19	45.355
1002.35	43.229
1002.52	43.964
1002.68	46.309
1002.84	43.376
1003.00	48.493
1003.17	44.750
1003.33	44.849
1003.49	46.444
1003.65	46.324
1003.82	44.536
1003.98	41.002
1004.14	45.380
1004.30	45.991
1004.47	46.551
1004.63	43.880
1004.79	43.899
1004.95	48.648
1005.11	45.884
1005.28	44.916
1005.44	49.638
1005.60	42.020
1005.76	42.848
1005.93	43.825
1006.09	49.419
1006.25	44.082
1006.41	45.790
1006.57	44.932
1006.74	47.541
1006.90	47.410
1007.06	44.581
1007.22	44.325
1007.38	47.628
1007.55	50.553
1007.71	44.867
1007.87	45.215
1008.03	47.983
1008.19	46.204
1008.35	43.838
1008.52	43.816
1008.68	48.643
1008.84	46.862
1009.00	44.081
1009.16	49.225
1009.32	43.557
1009.49	44.968
1009.65	46.679
1009.81	45.357
1009.97	47.346
1010.13	44.667
1010.29	44.452
1010.46	45.530
1010.62	44.239
1010.78	50.562
1010.94	46.054
1011.10	41.685
1011.26	46.897
1011.42	46.383
1011.59	46.205
1011.75	43.895
1011.91	45.759
1012.07	48.262
1012.23	44.449
1012.39	49.076
1012.55	44.962
1012.71	47.378
1012.88	50.755
1013.04	46.127
1013.20	45.006
1013.36	45.215
1013.52	48.818
1013.68	43.182
1013.84	48.327
1014.00	45.655
1014.16	46.512
1014.33	48.661
1014.49	49.299
1014.65	45.630
1014.81	47.855
1014.97	43.322
1015.13	45.097
1015.29	48.985
1015.45	45.415
1015.61	45.795
1015.77	46.100
1015.93	42.750
1016.09	42.691
1016.26	45.713
1016.42	45.518
1016.58	40.000
1016.74	48.734
1016.90	42.039
1017.06	46.561
1017.22	49.376
1017.38	48.060
1017.54	52.090
1017.70	47.196
1017.86	45.946
1018.02	46.838
1018.18	45.953
1018.34	54.977
1018.50	49.675
1018.66	48.953
1018.82	44.211
1018.98	50.625
1019.14	47.849
1019.31	50.051
1019.47	44.948
1019.63	50.739
1019.79	47.018
1019.95	51.451
1020.11	43.994
1020.27	47.290
1020.43	40.649
1020.59	49.003
1020.75	44.931
1020.91	51.294
1021.07	49.216
1021.23	43.118
1021.39	47.245
1021.55	47.890
1021.71	48.142
1021.87	48.486
1022.03	49.702
1022.19	39.660
1022.35	50.114
1022.51	48.890
1022.67	42.963
1022.83	50.029
1022.99	42.582
1023.15	41.239
1023.31	38.683
1023.47	48.000
1023.63	44.810
1023.79	50.289
1023.95	42.248
1024.10	45.282
1024.26	44.590
1024.42	46.683
1024.58	47.572
1024.74	43.026
1024.90	50.904
1025.06	46.044
1025.22	44.143
1025.38	44.756
1025.54	43.687
1025.70	44.711
1025.86	49.799
1026.02	44.046
1026.18	46.479
1026.34	46.067
1026.50	44.581
1026.66	50.619
1026.82	43.791
1026.98	44.811
1027.13	42.867
1027.29	42.495
1027.45	53.778
1027.61	46.290
1027.77	37.796
1027.93	45.483
1028.09	48.082
1028.25	43.941
1028.41	43.338
1028.57	47.689
1028.73	44.040
1028.88	46.770
1029.04	50.598
1029.20	43.360
1029.36	48.087
1029.52	43.695
1029.68	40.623
1029.84	44.435
1030.00	43.328
1030.16	52.648
1030.32	42.177
1030.47	39.968
1030.63	46.100
1030.79	43.131
1030.95	50.287
1031.11	51.868
1031.27	43.493
1031.43	47.179
1031.59	51.331
1031.74	32.252
1031.90	50.441
1032.06	45.872
1032.22	45.307
1032.38	45.979
1032.54	42.845
1032.69	40.057
1032.85	45.455
1033.01	51.341
1033.17	46.972
1033.33	48.353
1033.49	49.548
1033.65	48.463
1033.80	54.505
1033.96	51.019
1034.12	36.856
1034.28	44.793
1034.44	40.997
1034.60	45.080
1034.75	46.475
1034.91	39.825
1035.07	42.996
1035.23	40.937
1035.39	57.393
1035.54	47.025
1035.70	39.182
1035.86	47.937
1036.02	41.618
1036.18	41.561
1036.33	47.533
1036.49	57.211
1036.65	48.408
1036.81	32.252
1036.97	40.658
1037.12	58.090
1037.28	52.686
1037.44	40.373
1037.60	45.178
1037.76	38.430
1037.91	53.423
1038.07	46.502
1038.23	43.091
1038.39	50.267
1038.54	45.126
1038.70	47.680
1038.86	49.091
1039.02	51.921
1039.17	44.596
1039.33	41.626
1039.49	40.139
1039.65	51.285
1039.80	49.125
1039.96	41.892
1040.12	24.838
1040.28	47.785
>>>>> Data<<<<< Espectral Procesado Extremo
