Fichero De Datos De SpectraSuite
++++++++++++++++++++++++++++++++++++
Fecha: Mon Jun 29 09:11:11 CST 2026
Usuario: HP
Presente Oscuro Del Espectro: Sí
La Referencia de Presente Del Espectro De: Sí
Muestreados de los componentes de Número de espectros: 1
Espectrómetros: USB4H06056
Tiempo de integración (usec): 300000 (USB4H06056)
Promedio de Espectros Hechos un: 5 (USB4H06056)
El Alisar Del Furgón: 0 (USB4H06056)
Párrafo de de Corregir del la del del de Eléctrica del obscuridad: No (USB4H06056)
Estrobo/Lámpara Permitido: No (USB4H06056)
Correct for Detector Non-linearity: No (USB4H06056)
Párrafo de de Corregir del la del del de Externa del luz: No (USB4H06056)
Procesado del espectro de Número de pixeles en: 3648
>>>>> Comienza Data<<<<< Espectral Procesado Del EL
345.09	-232.258
345.30	-232.258
345.52	-232.258
345.74	106.667
345.95	-114.286
346.17	15.000
346.39	-125.000
346.60	0.000
346.82	350.000
347.04	370.588
347.25	-136.364
347.47	-9.091
347.69	-4850.000
347.90	18.072
348.12	32.432
348.34	70.833
348.56	141.096
348.77	-42.268
348.99	193.103
349.21	-23.301
349.42	107.792
349.64	118.182
349.86	59.350
350.07	28.037
350.29	57.895
350.51	72.569
350.72	71.111
350.94	90.345
351.16	33.333
351.37	-4.321
351.59	39.474
351.81	326.667
352.02	112.613
352.24	52.047
352.46	56.410
352.67	38.942
352.89	68.027
353.10	43.636
353.32	82.812
353.54	102.941
353.75	40.816
353.97	135.455
354.19	45.033
354.40	81.818
354.62	48.936
354.84	49.462
355.05	53.125
355.27	119.307
355.49	-23.958
355.70	76.923
355.92	87.912
356.14	58.642
356.35	137.410
356.57	-0.752
356.78	29.379
357.00	58.389
357.22	50.267
357.43	75.159
357.65	83.898
357.87	105.738
358.08	64.186
358.30	67.041
358.51	44.314
358.73	75.080
358.95	89.823
359.16	75.916
359.38	114.354
359.60	111.009
359.81	2.439
360.03	104.225
360.24	47.059
360.46	68.599
360.68	43.860
360.89	91.388
361.11	170.192
361.33	67.200
361.54	32.422
361.76	89.063
361.97	83.333
362.19	48.148
362.41	71.304
362.62	93.506
362.84	68.722
363.05	51.807
363.27	44.898
363.49	51.807
363.70	88.462
363.92	8.824
364.13	94.872
364.35	49.510
364.57	67.886
364.78	32.203
365.00	55.484
365.21	60.000
365.43	66.239
365.65	78.073
365.86	116.129
366.08	75.336
366.29	-5.882
366.51	47.163
366.73	61.538
366.94	93.810
367.16	118.367
367.37	75.472
367.59	86.000
367.80	84.098
368.02	91.038
368.24	23.034
368.45	38.889
368.67	158.730
368.88	52.941
369.10	133.636
369.31	61.594
369.53	78.667
369.75	70.915
369.96	78.700
370.18	74.486
370.39	94.022
370.61	48.087
370.82	42.857
371.04	177.941
371.26	69.725
371.47	93.855
371.69	84.615
371.90	54.310
372.12	111.848
372.33	114.130
372.55	93.296
372.76	47.644
372.98	85.200
373.20	156.364
373.41	164.835
373.63	83.673
373.84	124.862
374.06	96.279
374.27	85.159
374.49	86.082
374.70	92.720
374.92	42.391
375.13	71.875
375.35	101.923
375.57	94.841
375.78	166.346
376.00	89.015
376.21	53.378
376.43	89.474
376.64	55.446
376.86	54.054
377.07	58.079
377.29	82.305
377.50	103.347
377.72	98.592
377.93	81.763
378.15	71.681
378.36	57.934
378.58	88.253
378.80	142.953
379.01	92.258
379.23	103.509
379.44	76.639
379.66	79.741
379.87	82.967
380.09	87.574
380.30	78.313
380.52	82.386
380.73	124.766
380.95	79.464
381.16	138.462
381.38	112.255
381.59	114.000
381.81	99.216
382.02	103.015
382.24	69.528
382.45	156.585
382.67	85.358
382.88	118.996
383.10	100.000
383.31	76.724
383.53	86.747
383.74	82.178
383.96	102.787
384.17	75.000
384.39	85.141
384.60	141.026
384.82	127.273
385.03	113.924
385.25	69.463
385.46	57.692
385.68	52.291
385.89	57.840
386.11	151.550
386.32	82.779
386.54	86.339
386.75	74.427
386.97	95.639
387.18	84.973
387.40	88.571
387.61	89.577
387.83	113.816
388.04	115.789
388.25	98.370
388.47	103.704
388.68	152.232
388.90	79.167
389.11	95.960
389.33	99.254
389.54	86.424
389.76	106.128
389.97	90.099
390.19	107.692
390.40	99.642
390.62	54.627
390.83	102.049
391.05	105.698
391.26	114.610
391.47	58.575
391.69	104.830
391.90	99.379
392.12	81.991
392.33	82.927
392.55	125.597
392.76	124.013
392.98	87.132
393.19	110.554
393.41	78.571
393.62	98.182
393.83	90.951
394.05	81.556
394.26	82.620
394.48	87.749
394.69	76.577
394.91	116.524
395.12	112.640
395.34	102.564
395.55	109.856
395.76	106.650
395.98	97.214
396.19	102.278
396.41	99.170
396.62	76.369
396.84	88.391
397.05	113.352
397.26	118.528
397.48	91.199
397.69	111.538
397.91	108.978
398.12	92.902
398.33	81.316
398.55	105.060
398.76	116.805
398.98	100.800
399.19	96.429
399.41	98.861
399.62	82.741
399.83	75.249
400.05	111.613
400.26	80.685
400.48	89.011
400.69	107.389
400.90	103.133
401.12	73.502
401.33	102.174
401.55	105.252
401.76	99.246
401.97	77.893
402.19	72.222
402.40	88.417
402.62	94.008
402.83	104.071
403.04	87.593
403.26	87.543
403.47	98.543
403.69	88.259
403.90	87.761
404.11	90.404
404.33	95.132
404.54	81.924
404.76	83.128
404.97	104.405
405.18	76.415
405.40	85.307
405.61	88.674
405.83	72.007
406.04	92.676
406.25	83.731
406.47	88.735
406.68	88.197
406.89	77.661
407.11	76.471
407.32	92.101
407.54	97.627
407.75	88.462
407.96	86.517
408.18	74.465
408.39	82.500
408.60	89.984
408.82	73.644
409.03	84.681
409.24	72.186
409.46	87.680
409.67	76.031
409.89	80.314
410.10	78.306
410.31	73.770
410.53	69.765
410.74	70.884
410.95	72.303
411.17	71.013
411.38	66.325
411.59	75.326
411.81	80.719
412.02	77.524
412.23	64.817
412.45	73.068
412.66	68.946
412.87	74.799
413.09	64.615
413.30	66.429
413.51	66.287
413.73	70.588
413.94	65.128
414.15	67.551
414.37	72.330
414.58	69.437
414.79	62.735
415.01	66.606
415.22	57.763
415.43	57.556
415.65	66.019
415.86	59.771
416.07	58.307
416.29	57.414
416.50	48.765
416.71	51.893
416.93	56.587
417.14	49.016
417.35	54.447
417.57	52.801
417.78	55.765
417.99	45.398
418.21	51.916
418.42	47.169
418.63	50.458
418.85	53.337
419.06	50.723
419.27	43.959
419.48	44.703
419.70	48.455
419.91	48.719
420.12	48.160
420.34	42.966
420.55	51.815
420.76	37.220
420.98	41.960
421.19	37.463
421.40	45.743
421.61	36.719
421.83	38.552
422.04	38.390
422.25	43.198
422.47	42.721
422.68	39.454
422.89	39.318
423.11	42.356
423.32	37.129
423.53	34.786
423.74	39.245
423.96	38.117
424.17	40.816
424.38	34.303
424.59	34.901
424.81	31.837
425.02	37.029
425.23	33.603
425.45	32.782
425.66	31.735
425.87	33.476
426.08	29.417
426.30	32.664
426.51	30.755
426.72	33.767
426.93	29.576
427.15	31.092
427.36	33.790
427.57	34.265
427.79	30.453
428.00	30.656
428.21	46.336
428.42	31.369
428.64	32.501
428.85	29.933
429.06	31.351
429.27	29.227
429.49	29.114
429.70	28.686
429.91	26.419
430.12	28.804
430.34	29.432
430.55	30.476
430.76	27.446
430.97	28.432
431.19	28.026
431.40	26.745
431.61	28.229
431.82	26.044
432.03	27.000
432.25	27.544
432.46	25.504
432.67	27.469
432.88	26.665
433.10	26.265
433.31	30.158
433.52	27.056
433.73	25.788
433.95	25.975
434.16	28.121
434.37	28.648
434.58	29.929
434.79	27.218
435.01	26.561
435.22	27.436
435.43	27.601
435.64	27.495
435.86	28.081
436.07	26.348
436.28	25.369
436.49	28.229
436.70	27.962
436.92	26.194
437.13	24.659
437.34	26.686
437.55	26.208
437.76	26.574
437.98	23.704
438.19	25.952
438.40	26.262
438.61	26.394
438.82	27.094
439.04	27.341
439.25	25.172
439.46	26.188
439.67	26.469
439.88	28.403
440.10	23.290
440.31	25.404
440.52	26.541
440.73	25.168
440.94	24.123
441.16	26.080
441.37	25.728
441.58	27.179
441.79	25.778
442.00	25.557
442.21	23.915
442.43	25.783
442.64	25.303
442.85	25.872
443.06	24.756
443.27	24.869
443.48	25.161
443.70	23.900
443.91	25.080
444.12	26.209
444.33	24.844
444.54	26.879
444.75	24.342
444.97	26.659
445.18	25.386
445.39	25.950
445.60	24.787
445.81	26.521
446.02	25.276
446.24	25.069
446.45	26.245
446.66	25.730
446.87	25.071
447.08	25.875
447.29	24.686
447.51	25.265
447.72	26.454
447.93	27.015
448.14	24.763
448.35	25.470
448.56	26.432
448.77	26.093
448.99	25.274
449.20	23.769
449.41	24.852
449.62	23.642
449.83	25.899
450.04	25.365
450.25	24.922
450.46	25.864
450.68	27.382
450.89	25.118
451.10	24.865
451.31	25.479
451.52	28.057
451.73	25.497
451.94	25.581
452.15	26.328
452.37	26.988
452.58	25.940
452.79	25.786
453.00	25.846
453.21	26.822
453.42	26.424
453.63	25.003
453.84	25.514
454.06	26.150
454.27	25.840
454.48	25.518
454.69	25.144
454.90	25.622
455.11	26.388
455.32	24.868
455.53	26.421
455.74	26.459
455.95	27.466
456.17	25.954
456.38	25.370
456.59	25.764
456.80	25.922
457.01	26.993
457.22	26.162
457.43	27.420
457.64	25.596
457.85	25.761
458.06	26.884
458.27	25.840
458.49	26.403
458.70	27.387
458.91	25.391
459.12	26.987
459.33	26.072
459.54	26.828
459.75	26.690
459.96	25.624
460.17	27.346
460.38	26.270
460.59	25.196
460.80	26.779
461.01	26.688
461.23	25.827
461.44	26.359
461.65	26.832
461.86	27.353
462.07	26.467
462.28	26.095
462.49	27.604
462.70	28.828
462.91	25.478
463.12	25.541
463.33	27.139
463.54	25.669
463.75	27.355
463.96	26.628
464.17	26.375
464.38	27.116
464.59	27.869
464.81	24.513
465.02	24.957
465.23	27.243
465.44	27.050
465.65	26.361
465.86	26.587
466.07	26.272
466.28	26.611
466.49	28.288
466.70	27.735
466.91	27.771
467.12	27.177
467.33	26.224
467.54	27.121
467.75	26.416
467.96	26.064
468.17	26.941
468.38	26.721
468.59	27.292
468.80	25.837
469.01	28.048
469.22	26.460
469.43	26.775
469.64	27.164
469.85	28.060
470.06	27.047
470.27	26.269
470.48	27.522
470.69	27.817
470.90	27.848
471.11	27.133
471.32	27.344
471.53	27.399
471.74	27.209
471.95	27.621
472.16	27.006
472.37	26.910
472.58	27.241
472.79	26.718
473.00	27.220
473.21	28.112
473.42	27.239
473.63	27.175
473.84	27.855
474.05	26.724
474.26	27.794
474.47	27.957
474.68	27.596
474.89	27.540
475.10	27.403
475.31	27.220
475.52	27.423
475.73	27.605
475.94	28.003
476.15	26.934
476.36	27.216
476.57	28.120
476.78	27.733
476.99	27.491
477.20	27.013
477.41	28.073
477.62	27.987
477.83	26.884
478.04	26.811
478.25	27.252
478.46	26.822
478.67	27.574
478.88	27.342
479.09	27.366
479.30	27.471
479.51	27.890
479.72	27.548
479.93	27.249
480.14	26.848
480.35	28.029
480.56	27.720
480.77	27.554
480.98	27.651
481.18	27.373
481.39	27.252
481.60	27.577
481.81	27.437
482.02	28.065
482.23	26.580
482.44	27.706
482.65	27.430
482.86	28.024
483.07	27.370
483.28	27.992
483.49	27.715
483.70	27.980
483.91	27.261
484.12	27.754
484.33	27.465
484.53	27.758
484.74	27.474
484.95	27.811
485.16	28.097
485.37	27.940
485.58	27.383
485.79	27.718
486.00	27.389
486.21	27.659
486.42	28.031
486.63	27.047
486.84	27.482
487.05	28.141
487.25	27.741
487.46	27.695
487.67	28.189
487.88	27.893
488.09	28.051
488.30	27.199
488.51	21.535
488.72	28.192
488.93	27.926
489.14	27.650
489.35	27.668
489.55	27.873
489.76	27.993
489.97	28.354
490.18	27.760
490.39	28.705
490.60	27.955
490.81	27.776
491.02	27.715
491.23	28.099
491.43	27.305
491.64	28.057
491.85	27.797
492.06	28.379
492.27	27.717
492.48	28.050
492.69	27.707
492.90	28.144
493.11	27.620
493.31	27.341
493.52	27.914
493.73	28.190
493.94	27.837
494.15	27.804
494.36	27.845
494.57	27.965
494.78	27.897
494.98	27.685
495.19	28.099
495.40	28.163
495.61	28.673
495.82	27.974
496.03	27.997
496.24	28.141
496.44	28.108
496.65	28.004
496.86	27.777
497.07	28.175
497.28	27.884
497.49	28.077
497.70	28.116
497.90	28.446
498.11	28.165
498.32	27.931
498.53	28.111
498.74	29.062
498.95	27.863
499.15	27.635
499.36	28.279
499.57	28.037
499.78	28.779
499.99	28.007
500.20	28.134
500.40	28.232
500.61	27.541
500.82	28.533
501.03	28.412
501.24	28.027
501.45	28.666
501.65	28.222
501.86	28.439
502.07	28.413
502.28	28.296
502.49	28.028
502.70	28.359
502.90	28.084
503.11	27.841
503.32	28.542
503.53	28.436
503.74	28.586
503.94	28.411
504.15	28.640
504.36	28.439
504.57	28.651
504.78	28.084
504.98	28.814
505.19	28.743
505.40	29.094
505.61	28.885
505.82	28.434
506.02	28.785
506.23	28.580
506.44	28.911
506.65	29.085
506.86	28.773
507.06	28.710
507.27	28.802
507.48	29.024
507.69	28.495
507.90	28.826
508.10	29.506
508.31	29.190
508.52	29.403
508.73	29.123
508.94	28.747
509.14	28.937
509.35	29.193
509.56	29.058
509.77	28.644
509.97	29.107
510.18	28.856
510.39	29.402
510.60	29.927
510.80	29.232
511.01	29.664
511.22	29.035
511.43	29.688
511.64	29.219
511.84	29.496
512.05	29.744
512.26	29.685
512.47	29.348
512.67	29.726
512.88	29.886
513.09	29.092
513.30	29.712
513.50	29.873
513.71	29.513
513.92	29.578
514.13	29.326
514.33	29.622
514.54	29.769
514.75	29.973
514.96	29.983
515.16	30.047
515.37	30.232
515.58	30.098
515.78	30.314
515.99	30.147
516.20	29.915
516.41	30.109
516.61	30.370
516.82	30.608
517.03	30.551
517.24	30.464
517.44	30.722
517.65	30.724
517.86	31.144
518.07	30.986
518.27	31.068
518.48	31.127
518.69	31.469
518.89	30.975
519.10	31.334
519.31	31.332
519.52	31.439
519.72	31.726
519.93	31.542
520.14	32.019
520.34	31.574
520.55	31.495
520.76	32.026
520.96	31.953
521.17	32.444
521.38	32.323
521.59	32.407
521.79	32.168
522.00	32.148
522.21	32.399
522.41	32.386
522.62	32.790
522.83	32.561
523.03	32.622
523.24	32.270
523.45	32.712
523.66	32.725
523.86	33.050
524.07	33.312
524.28	33.001
524.48	33.379
524.69	33.704
524.90	33.913
525.10	33.513
525.31	34.055
525.52	33.842
525.72	33.740
525.93	34.005
526.14	34.007
526.34	34.285
526.55	34.382
526.76	34.149
526.96	34.550
527.17	34.588
527.38	34.920
527.58	34.609
527.79	34.560
528.00	34.671
528.20	35.355
528.41	35.532
528.62	34.964
528.82	35.281
529.03	35.454
529.24	35.503
529.44	35.845
529.65	35.917
529.85	35.856
530.06	35.955
530.27	35.409
530.47	36.112
530.68	36.025
530.89	36.326
531.09	36.407
531.30	36.046
531.51	36.018
531.71	36.497
531.92	36.473
532.13	36.473
532.33	36.516
532.54	36.813
532.74	36.851
532.95	36.804
533.16	36.953
533.36	36.903
533.57	37.048
533.78	37.548
533.98	37.171
534.19	37.141
534.39	37.982
534.60	36.791
534.81	37.613
535.01	37.697
535.22	37.399
535.42	37.596
535.63	37.751
535.84	37.854
536.04	37.516
536.25	37.807
536.45	37.489
536.66	38.369
536.87	37.899
537.07	37.941
537.28	38.056
537.48	38.109
537.69	38.353
537.90	38.021
538.10	37.471
538.31	38.257
538.51	38.555
538.72	38.521
538.93	38.474
539.13	38.152
539.34	38.687
539.54	38.969
539.75	38.164
539.96	38.338
540.16	38.724
540.37	38.848
540.57	39.048
540.78	38.669
540.98	38.269
541.19	38.777
541.40	38.989
541.60	38.742
541.81	39.123
542.01	38.995
542.22	39.540
542.42	38.850
542.63	38.989
542.83	38.707
543.04	39.133
543.25	38.653
543.45	38.927
543.66	39.062
543.86	39.197
544.07	38.793
544.27	38.802
544.48	39.267
544.68	39.368
544.89	39.210
545.10	39.104
545.30	39.231
545.51	39.129
545.71	38.966
545.92	38.789
546.12	39.290
546.33	38.988
546.53	39.428
546.74	39.008
546.94	38.997
547.15	39.233
547.36	39.040
547.56	39.311
547.77	39.245
547.97	39.419
548.18	39.448
548.38	38.644
548.59	39.174
548.79	39.239
549.00	39.429
549.20	39.593
549.41	39.643
549.61	39.587
549.82	39.478
550.02	39.417
550.23	39.164
550.43	39.420
550.64	39.444
550.84	39.564
551.05	39.556
551.25	39.733
551.46	39.912
551.66	39.568
551.87	39.683
552.07	39.623
552.28	39.218
552.48	39.517
552.69	39.408
552.89	39.368
553.10	39.384
553.30	39.468
553.51	39.756
553.71	39.619
553.92	40.017
554.12	39.865
554.33	39.550
554.53	39.676
554.74	39.496
554.94	39.570
555.15	39.423
555.35	39.600
555.56	39.800
555.76	39.655
555.97	39.686
556.17	39.517
556.38	39.253
556.58	39.748
556.78	39.418
556.99	39.641
557.19	40.061
557.40	39.528
557.60	39.409
557.81	39.416
558.01	39.396
558.22	39.217
558.42	39.415
558.63	39.760
558.83	39.825
559.04	39.740
559.24	39.443
559.44	39.545
559.65	39.179
559.85	39.612
560.06	40.022
560.26	39.616
560.47	39.201
560.67	42.660
560.88	39.266
561.08	39.639
561.28	39.126
561.49	39.765
561.69	39.101
561.90	39.041
562.10	39.327
562.31	39.241
562.51	39.434
562.71	39.308
562.92	39.318
563.12	39.064
563.33	39.248
563.53	39.271
563.74	39.607
563.94	39.021
564.14	38.941
564.35	39.081
564.55	38.866
564.76	38.930
564.96	39.239
565.17	38.869
565.37	38.665
565.57	38.871
565.78	38.917
565.98	38.757
566.19	38.814
566.39	38.403
566.59	38.181
566.80	38.669
567.00	38.504
567.21	38.711
567.41	38.327
567.61	38.107
567.82	38.462
568.02	38.343
568.23	38.022
568.43	38.224
568.63	37.844
568.84	38.022
569.04	38.082
569.24	37.898
569.45	37.970
569.65	37.629
569.86	38.312
570.06	37.830
570.26	37.299
570.47	37.731
570.67	37.504
570.87	37.515
571.08	37.419
571.28	37.242
571.49	37.117
571.69	37.231
571.89	37.145
572.10	36.874
572.30	36.823
572.50	36.788
572.71	36.583
572.91	37.387
573.11	36.916
573.32	36.763
573.52	36.724
573.73	36.400
573.93	36.215
574.13	35.993
574.34	36.288
574.54	36.355
574.74	35.908
574.95	36.336
575.15	36.180
575.35	36.091
575.56	36.248
575.76	35.869
575.96	35.941
576.17	36.147
576.37	35.583
576.57	35.670
576.78	35.880
576.98	35.342
577.18	35.459
577.39	35.543
577.59	35.447
577.79	35.151
578.00	35.291
578.20	35.338
578.40	35.086
578.61	34.911
578.81	35.029
579.01	34.851
579.22	34.662
579.42	34.852
579.62	34.865
579.82	34.774
580.03	34.494
580.23	34.668
580.43	34.781
580.64	34.525
580.84	34.333
581.04	34.698
581.25	34.633
581.45	34.826
581.65	34.365
581.86	34.376
582.06	34.040
582.26	34.176
582.46	34.522
582.67	34.085
582.87	34.072
583.07	33.962
583.28	34.284
583.48	34.172
583.68	33.884
583.88	33.818
584.09	33.778
584.29	33.980
584.49	33.685
584.70	33.598
584.90	33.676
585.10	33.758
585.30	33.653
585.51	33.551
585.71	33.309
585.91	33.613
586.11	33.594
586.32	33.468
586.52	33.679
586.72	33.328
586.92	33.380
587.13	33.456
587.33	33.134
587.53	33.281
587.74	33.236
587.94	33.237
588.14	32.790
588.34	33.058
588.55	33.058
588.75	33.289
588.95	33.113
589.15	33.115
589.36	33.131
589.56	32.791
589.76	32.835
589.96	32.823
590.16	32.681
590.37	32.586
590.57	32.843
590.77	32.630
590.97	32.790
591.18	32.637
591.38	32.498
591.58	33.411
591.78	32.532
591.99	32.645
592.19	32.777
592.39	32.603
592.59	32.492
592.79	32.464
593.00	32.539
593.20	32.437
593.40	32.548
593.60	32.573
593.81	32.261
594.01	32.420
594.21	32.339
594.41	32.556
594.61	32.382
594.82	32.289
595.02	32.329
595.22	31.928
595.42	31.954
595.62	32.271
595.83	32.291
596.03	32.280
596.23	32.077
596.43	31.971
596.63	32.369
596.84	31.948
597.04	32.073
597.24	31.727
597.44	31.994
597.64	31.968
597.84	31.956
598.05	31.600
598.25	31.728
598.45	32.456
598.65	31.655
598.85	31.701
599.06	32.066
599.26	31.915
599.46	31.761
599.66	31.654
599.86	31.869
600.06	31.924
600.27	31.622
600.47	31.878
600.67	32.164
600.87	31.829
601.07	31.855
601.27	31.448
601.48	31.735
601.68	31.692
601.88	31.898
602.08	31.792
602.28	31.736
602.48	31.877
602.68	31.409
602.89	31.513
603.09	31.609
603.29	31.645
603.49	31.587
603.69	31.655
603.89	31.367
604.09	31.249
604.30	31.720
604.50	31.667
604.70	31.823
604.90	31.758
605.10	31.438
605.30	31.560
605.50	31.347
605.71	31.652
605.91	31.637
606.11	31.513
606.31	31.372
606.51	31.500
606.71	31.444
606.91	31.254
607.11	31.285
607.32	31.161
607.52	31.232
607.72	31.298
607.92	31.198
608.12	31.528
608.32	31.249
608.52	30.976
608.72	31.090
608.92	31.241
609.12	31.369
609.33	31.231
609.53	31.138
609.73	31.232
609.93	30.942
610.13	31.156
610.33	31.122
610.53	30.990
610.73	31.083
610.93	31.377
611.13	31.155
611.34	30.830
611.54	31.002
611.74	30.836
611.94	30.821
612.14	30.890
612.34	31.016
612.54	31.005
612.74	30.968
612.94	30.714
613.14	30.955
613.34	30.692
613.54	31.146
613.74	30.515
613.95	30.483
614.15	30.638
614.35	30.463
614.55	30.457
614.75	30.931
614.95	30.726
615.15	30.588
615.35	30.643
615.55	30.213
615.75	30.659
615.95	30.505
616.15	30.490
616.35	30.635
616.55	30.608
616.75	30.500
616.95	30.205
617.15	30.473
617.35	30.118
617.56	30.645
617.76	30.145
617.96	30.191
618.16	30.460
618.36	30.136
618.56	30.054
618.76	30.357
618.96	30.178
619.16	30.001
619.36	30.113
619.56	30.097
619.76	30.316
619.96	30.181
620.16	30.056
620.36	30.180
620.56	30.216
620.76	29.856
620.96	30.108
621.16	29.943
621.36	30.169
621.56	29.754
621.76	30.135
621.96	30.064
622.16	29.925
622.36	29.936
622.56	30.082
622.76	29.816
622.96	29.930
623.16	29.773
623.36	29.944
623.56	29.646
623.76	29.812
623.96	29.754
624.16	29.602
624.36	29.768
624.56	29.639
624.76	29.903
624.96	29.962
625.16	29.567
625.36	29.566
625.56	29.646
625.76	29.793
625.96	29.683
626.16	29.539
626.36	29.965
626.56	29.800
626.76	29.396
626.96	29.938
627.16	29.509
627.36	29.894
627.56	29.502
627.76	29.599
627.96	29.805
628.16	29.616
628.36	29.626
628.56	29.374
628.75	29.292
628.95	29.828
629.15	29.663
629.35	29.722
629.55	29.507
629.75	29.602
629.95	29.308
630.15	29.443
630.35	29.547
630.55	29.470
630.75	29.565
630.95	29.272
631.15	29.514
631.35	29.731
631.55	29.483
631.75	29.717
631.95	29.497
632.15	29.332
632.34	29.767
632.54	29.529
632.74	29.410
632.94	29.338
633.14	29.433
633.34	29.310
633.54	29.438
633.74	29.538
633.94	29.221
634.14	29.360
634.34	29.276
634.54	29.014
634.74	29.326
634.93	29.376
635.13	29.448
635.33	29.215
635.53	29.075
635.73	29.009
635.93	29.527
636.13	29.171
636.33	29.050
636.53	29.130
636.73	29.035
636.93	29.065
637.12	29.123
637.32	29.051
637.52	28.980
637.72	28.894
637.92	29.066
638.12	29.186
638.32	29.156
638.52	28.966
638.72	29.168
638.91	29.051
639.11	28.812
639.31	28.799
639.51	28.822
639.71	28.805
639.91	28.837
640.11	28.933
640.31	28.759
640.50	28.872
640.70	28.590
640.90	28.787
641.10	28.686
641.30	28.959
641.50	28.637
641.70	28.610
641.89	28.568
642.09	28.506
642.29	28.678
642.49	28.470
642.69	28.553
642.89	28.348
643.09	28.532
643.28	28.531
643.48	28.409
643.68	28.360
643.88	28.475
644.08	28.214
644.28	28.296
644.48	28.305
644.67	28.273
644.87	28.317
645.07	27.968
645.27	28.263
645.47	27.980
645.67	28.067
645.86	28.042
646.06	28.010
646.26	28.011
646.46	28.062
646.66	27.934
646.85	28.076
647.05	27.981
647.25	28.026
647.45	27.665
647.65	28.144
647.85	27.862
648.04	27.855
648.24	27.631
648.44	27.614
648.64	27.736
648.84	27.720
649.03	27.473
649.23	27.709
649.43	27.370
649.63	27.401
649.83	27.336
650.02	27.451
650.22	27.700
650.42	27.707
650.62	27.553
650.82	27.677
651.01	27.816
651.21	27.387
651.41	27.240
651.61	27.357
651.81	27.439
652.00	27.357
652.20	27.158
652.40	27.130
652.60	27.333
652.79	27.525
652.99	27.390
653.19	27.184
653.39	27.778
653.59	27.184
653.78	27.311
653.98	27.279
654.18	27.165
654.38	27.101
654.57	27.243
654.77	27.009
654.97	27.359
655.17	27.457
655.36	27.340
655.56	27.074
655.76	27.656
655.96	27.078
656.15	27.371
656.35	27.153
656.55	27.380
656.75	27.077
656.94	27.104
657.14	27.081
657.34	27.147
657.54	27.231
657.73	27.001
657.93	27.404
658.13	27.127
658.33	27.109
658.52	27.050
658.72	27.999
658.92	27.173
659.11	27.278
659.31	27.046
659.51	27.227
659.71	27.299
659.90	26.946
660.10	27.098
660.30	26.869
660.50	27.095
660.69	26.899
660.89	27.061
661.09	26.944
661.28	26.736
661.48	26.919
661.68	27.002
661.87	26.940
662.07	26.948
662.27	27.130
662.47	26.989
662.66	26.975
662.86	27.020
663.06	26.744
663.25	26.740
663.45	26.870
663.65	27.019
663.84	26.837
664.04	26.955
664.24	27.117
664.44	26.923
664.63	26.762
664.83	26.762
665.03	26.734
665.22	26.741
665.42	26.646
665.62	27.077
665.81	26.751
666.01	26.685
666.21	26.872
666.40	27.003
666.60	26.790
666.80	26.600
666.99	26.833
667.19	26.742
667.39	26.921
667.58	26.673
667.78	26.449
667.98	26.835
668.17	26.756
668.37	26.670
668.57	26.849
668.76	26.429
668.96	26.779
669.16	26.621
669.35	26.785
669.55	26.715
669.74	26.553
669.94	26.696
670.14	26.699
670.33	27.010
670.53	26.938
670.73	26.743
670.92	26.684
671.12	26.587
671.32	26.809
671.51	26.515
671.71	26.411
671.90	26.468
672.10	26.910
672.30	26.596
672.49	26.808
672.69	26.790
672.89	26.603
673.08	26.712
673.28	26.832
673.47	26.823
673.67	26.729
673.87	26.819
674.06	26.678
674.26	26.746
674.45	26.707
674.65	26.596
674.85	26.972
675.04	26.729
675.24	26.467
675.43	26.708
675.63	26.619
675.83	26.836
676.02	26.909
676.22	26.799
676.41	26.658
676.61	26.896
676.81	27.244
677.00	26.616
677.20	26.862
677.39	26.686
677.59	26.887
677.79	26.903
677.98	26.654
678.18	26.646
678.37	26.704
678.57	26.741
678.76	26.658
678.96	26.737
679.16	26.900
679.35	26.943
679.55	26.847
679.74	26.877
679.94	26.675
680.13	26.886
680.33	27.099
680.53	26.894
680.72	26.833
680.92	26.837
681.11	26.847
681.31	26.836
681.50	26.809
681.70	26.827
681.89	27.043
682.09	26.782
682.28	26.887
682.48	27.183
682.68	26.906
682.87	26.576
683.07	26.994
683.26	26.943
683.46	27.162
683.65	26.872
683.85	27.047
684.04	27.351
684.24	27.002
684.43	26.986
684.63	26.980
684.82	27.100
685.02	27.238
685.21	27.053
685.41	27.021
685.60	27.256
685.80	27.268
686.00	26.993
686.19	27.361
686.39	27.302
686.58	27.154
686.78	27.164
686.97	27.190
687.17	27.208
687.36	27.378
687.56	27.295
687.75	27.079
687.95	27.179
688.14	27.078
688.34	27.332
688.53	27.379
688.73	27.561
688.92	27.376
689.12	27.322
689.31	27.411
689.51	27.372
689.70	27.596
689.89	27.469
690.09	27.459
690.28	27.521
690.48	27.796
690.67	27.786
690.87	27.647
691.06	28.091
691.26	27.836
691.45	27.912
691.65	27.779
691.84	28.034
692.04	27.818
692.23	28.031
692.43	28.131
692.62	28.292
692.82	28.433
693.01	28.265
693.20	28.375
693.40	28.489
693.59	28.518
693.79	28.546
693.98	28.650
694.18	28.790
694.37	28.730
694.57	29.248
694.76	28.904
694.95	29.438
695.15	29.368
695.34	29.483
695.54	30.024
695.73	29.906
695.93	29.781
696.12	29.983
696.32	29.980
696.51	30.109
696.70	30.618
696.90	30.613
697.09	31.025
697.29	31.267
697.48	31.081
697.67	31.379
697.87	31.573
698.06	31.807
698.26	32.120
698.45	32.102
698.65	31.918
698.84	32.472
699.03	32.708
699.23	32.965
699.42	33.311
699.62	33.311
699.81	33.522
700.00	33.700
700.20	33.945
700.39	34.460
700.59	34.354
700.78	34.499
700.97	34.878
701.17	34.937
701.36	35.325
701.56	35.633
701.75	35.789
701.94	36.248
702.14	36.307
702.33	36.757
702.52	37.054
702.72	37.029
702.91	37.315
703.11	37.851
703.30	38.191
703.49	37.891
703.69	38.377
703.88	38.685
704.07	38.770
704.27	38.767
704.46	39.427
704.66	39.607
704.85	39.785
705.04	40.008
705.24	40.138
705.43	40.443
705.62	40.786
705.82	40.834
706.01	41.334
706.20	41.520
706.40	42.061
706.59	41.879
706.78	42.184
706.98	42.487
707.17	42.987
707.36	43.258
707.56	43.496
707.75	43.413
707.94	43.236
708.14	44.100
708.33	44.219
708.52	44.233
708.72	44.845
708.91	45.094
709.10	45.299
709.30	45.538
709.49	45.840
709.68	45.901
709.88	46.269
710.07	46.478
710.26	46.376
710.46	46.695
710.65	47.149
710.84	47.410
711.04	47.024
711.23	47.599
711.42	48.122
711.61	48.115
711.81	48.912
712.00	48.636
712.19	48.666
712.39	49.034
712.58	49.225
712.77	49.419
712.97	49.953
713.16	50.444
713.35	50.097
713.54	50.267
713.74	50.599
713.93	50.871
714.12	51.067
714.32	51.451
714.51	51.983
714.70	51.510
714.89	51.913
715.09	52.187
715.28	52.496
715.47	52.934
715.66	52.664
715.86	53.074
716.05	53.098
716.24	53.096
716.44	53.732
716.63	54.205
716.82	54.223
717.01	54.188
717.21	54.871
717.40	55.004
717.59	55.287
717.78	55.359
717.98	55.560
718.17	55.243
718.36	55.562
718.55	55.801
718.75	56.321
718.94	56.576
719.13	57.099
719.32	56.766
719.52	57.210
719.71	57.369
719.90	57.617
720.09	57.672
720.28	58.302
720.48	57.690
720.67	58.491
720.86	58.620
721.05	58.816
721.25	58.712
721.44	59.162
721.63	59.330
721.82	59.758
722.01	59.997
722.21	59.959
722.40	60.235
722.59	60.000
722.78	60.633
722.98	60.309
723.17	61.267
723.36	61.191
723.55	61.261
723.74	61.534
723.94	62.067
724.13	62.107
724.32	61.717
724.51	62.604
724.70	62.700
724.89	62.870
725.09	62.602
725.28	62.667
725.47	63.396
725.66	63.155
725.85	63.830
726.05	64.064
726.24	63.563
726.43	64.401
726.62	64.433
726.81	64.764
727.00	64.773
727.20	64.990
727.39	65.062
727.58	65.620
727.77	65.664
727.96	65.479
728.15	66.095
728.35	65.956
728.54	66.358
728.73	66.647
728.92	66.823
729.11	66.993
729.30	67.242
729.50	67.676
729.69	67.587
729.88	67.002
730.07	67.964
730.26	67.787
730.45	68.096
730.64	67.944
730.84	67.963
731.03	68.174
731.22	68.272
731.41	68.358
731.60	68.925
731.79	69.395
731.98	68.952
732.18	69.391
732.37	69.276
732.56	69.525
732.75	69.461
732.94	69.843
733.13	70.178
733.32	70.101
733.51	70.331
733.71	70.192
733.90	70.636
734.09	70.685
734.28	71.025
734.47	70.973
734.66	70.832
734.85	71.224
735.04	71.171
735.23	71.210
735.42	71.801
735.62	71.959
735.81	71.774
736.00	72.139
736.19	72.008
736.38	71.883
736.57	72.286
736.76	72.398
736.95	72.455
737.14	72.386
737.33	73.161
737.52	72.281
737.72	72.485
737.91	73.506
738.10	73.345
738.29	73.244
738.48	73.552
738.67	73.506
738.86	73.521
739.05	74.128
739.24	73.859
739.43	74.045
739.62	73.932
739.81	74.278
740.00	74.059
740.19	73.894
740.39	74.004
740.58	74.529
740.77	74.695
740.96	74.832
741.15	74.635
741.34	75.056
741.53	75.222
741.72	74.617
741.91	75.000
742.10	74.653
742.29	75.018
742.48	75.447
742.67	75.307
742.86	75.581
743.05	75.777
743.24	75.504
743.43	76.028
743.62	75.587
743.81	75.928
744.00	75.497
744.19	75.293
744.38	75.906
744.57	76.259
744.76	76.228
744.95	76.505
745.14	76.456
745.33	76.705
745.52	76.565
745.71	76.638
745.90	76.198
746.09	77.088
746.28	76.880
746.47	76.466
746.66	76.868
746.85	76.569
747.04	76.644
747.23	76.853
747.42	77.205
747.61	77.365
747.80	76.927
747.99	77.450
748.18	77.247
748.37	77.592
748.56	77.479
748.75	77.253
748.94	77.481
749.13	77.664
749.32	77.337
749.51	77.644
749.70	78.198
749.89	77.833
750.08	78.104
750.27	78.085
750.46	78.219
750.65	78.293
750.84	77.890
751.03	77.434
751.22	77.922
751.41	77.886
751.60	78.056
751.79	77.675
751.98	78.554
752.17	78.154
752.36	78.298
752.55	78.401
752.74	78.369
752.93	77.643
753.12	77.742
753.30	77.709
753.49	78.592
753.68	78.694
753.87	78.867
754.06	78.735
754.25	78.403
754.44	78.376
754.63	78.662
754.82	78.482
755.01	78.172
755.20	78.120
755.39	78.438
755.58	78.963
755.77	78.726
755.96	78.960
756.14	78.896
756.33	78.718
756.52	79.343
756.71	79.110
756.90	78.890
757.09	78.670
757.28	79.245
757.47	78.439
757.66	78.921
757.85	78.724
758.04	78.450
758.22	78.925
758.41	77.570
758.60	78.749
758.79	79.113
758.98	79.496
759.17	79.121
759.36	78.558
759.55	78.837
759.74	79.190
759.92	78.948
760.11	79.387
760.30	78.901
760.49	79.056
760.68	78.316
760.87	79.050
761.06	79.344
761.25	78.737
761.43	78.873
761.62	78.781
761.81	79.468
762.00	78.986
762.19	78.951
762.38	78.932
762.57	78.993
762.76	79.535
762.94	78.743
763.13	79.233
763.32	79.358
763.51	78.804
763.70	78.719
763.89	78.963
764.07	78.722
764.26	78.947
764.45	79.295
764.64	79.118
764.83	79.208
765.02	79.180
765.21	78.620
765.39	79.091
765.58	79.061
765.77	78.921
765.96	79.248
766.15	79.399
766.34	79.688
766.52	78.675
766.71	79.400
766.90	79.638
767.09	79.444
767.28	79.269
767.46	78.435
767.65	79.742
767.84	79.774
768.03	79.029
768.22	79.889
768.40	79.401
768.59	79.477
768.78	79.285
768.97	79.218
769.16	79.321
769.34	79.449
769.53	79.669
769.72	78.837
769.91	79.422
770.10	79.453
770.28	79.678
770.47	79.199
770.66	79.660
770.85	79.223
771.04	79.487
771.22	79.534
771.41	79.170
771.60	79.646
771.79	80.034
771.98	79.299
772.16	79.387
772.35	79.026
772.54	79.622
772.73	79.396
772.91	79.636
773.10	79.663
773.29	79.677
773.48	79.485
773.66	79.365
773.85	79.392
774.04	79.015
774.23	79.433
774.41	79.595
774.60	79.294
774.79	79.739
774.98	79.241
775.16	79.655
775.35	79.693
775.54	79.601
775.73	79.413
775.91	79.799
776.10	79.979
776.29	79.539
776.48	79.639
776.66	79.707
776.85	79.667
777.04	78.433
777.23	79.588
777.41	79.910
777.60	79.612
777.79	79.544
777.97	80.205
778.16	79.071
778.35	79.818
778.54	79.100
778.72	79.375
778.91	79.502
779.10	79.542
779.28	79.259
779.47	79.070
779.66	79.728
779.85	79.322
780.03	79.587
780.22	80.176
780.41	79.918
780.59	79.586
780.78	79.729
780.97	79.521
781.15	80.036
781.34	79.220
781.53	79.252
781.71	79.391
781.90	79.557
782.09	79.657
782.27	79.934
782.46	79.410
782.65	79.671
782.84	78.778
783.02	79.467
783.21	79.379
783.40	79.459
783.58	79.767
783.77	79.677
783.96	79.789
784.14	79.204
784.33	79.084
784.52	80.033
784.70	80.085
784.89	79.121
785.07	78.928
785.26	79.191
785.45	79.814
785.63	79.204
785.82	79.782
786.01	78.959
786.19	78.919
786.38	79.502
786.57	79.710
786.75	79.584
786.94	79.548
787.13	79.400
787.31	78.941
787.50	79.440
787.68	79.767
787.87	79.237
788.06	79.631
788.24	79.958
788.43	79.220
788.62	79.331
788.80	78.699
788.99	79.754
789.17	78.980
789.36	79.395
789.55	78.614
789.73	78.870
789.92	79.071
790.10	79.251
790.29	79.639
790.48	79.787
790.66	79.318
790.85	79.731
791.03	79.343
791.22	78.784
791.41	78.986
791.59	79.365
791.78	79.443
791.96	79.312
792.15	79.362
792.34	79.940
792.52	79.895
792.71	79.591
792.89	78.925
793.08	79.332
793.27	79.333
793.45	79.482
793.64	79.709
793.82	79.683
794.01	79.471
794.19	79.638
794.38	79.873
794.57	79.375
794.75	79.177
794.94	79.442
795.12	79.301
795.31	79.069
795.49	79.516
795.68	79.284
795.86	79.358
796.05	79.726
796.24	80.078
796.42	79.818
796.61	79.285
796.79	79.602
796.98	79.690
797.16	79.152
797.35	79.207
797.53	80.211
797.72	79.358
797.90	80.014
798.09	79.344
798.27	79.395
798.46	78.882
798.65	78.572
798.83	80.009
799.02	79.273
799.20	80.114
799.39	80.002
799.57	79.706
799.76	79.130
799.94	79.274
800.13	79.371
800.31	79.298
800.50	79.154
800.68	79.221
800.87	79.112
801.05	79.058
801.24	79.085
801.42	79.485
801.61	79.361
801.79	79.919
801.98	79.780
802.16	79.027
802.35	79.271
802.53	79.706
802.72	79.471
802.90	79.831
803.09	79.521
803.27	79.242
803.46	79.115
803.64	79.252
803.83	78.834
804.01	79.644
804.20	79.491
804.38	79.842
804.56	79.502
804.75	79.516
804.93	79.483
805.12	79.632
805.30	79.240
805.49	79.629
805.67	79.311
805.86	79.030
806.04	79.728
806.23	79.483
806.41	79.432
806.59	79.492
806.78	80.135
806.96	79.300
807.15	79.683
807.33	79.172
807.52	79.767
807.70	80.002
807.89	79.456
808.07	79.546
808.25	79.531
808.44	79.723
808.62	80.045
808.81	79.371
808.99	79.373
809.18	79.472
809.36	79.946
809.54	79.487
809.73	80.088
809.91	79.863
810.10	80.099
810.28	79.688
810.47	79.429
810.65	80.002
810.83	79.336
811.02	79.761
811.20	79.214
811.39	79.230
811.57	78.997
811.75	79.339
811.94	79.326
812.12	78.872
812.31	79.513
812.49	79.160
812.67	79.562
812.86	79.325
813.04	79.015
813.23	79.068
813.41	78.922
813.59	79.749
813.78	79.468
813.96	79.567
814.14	78.609
814.33	79.121
814.51	79.489
814.70	79.416
814.88	79.516
815.06	79.039
815.25	79.090
815.43	79.473
815.61	79.478
815.80	79.242
815.98	78.772
816.16	79.545
816.35	79.438
816.53	79.590
816.72	79.556
816.90	78.990
817.08	78.873
817.27	79.306
817.45	78.916
817.63	78.951
817.82	78.363
818.00	78.961
818.18	78.822
818.37	78.626
818.55	79.020
818.73	79.699
818.92	78.955
819.10	79.787
819.28	79.113
819.47	78.650
819.65	79.388
819.83	79.180
820.02	79.468
820.20	79.111
820.38	79.098
820.57	78.939
820.75	79.322
820.93	79.198
821.11	79.271
821.30	79.080
821.48	79.172
821.66	79.066
821.85	79.940
822.03	79.471
822.21	79.189
822.40	79.121
822.58	79.228
822.76	79.192
822.94	79.210
823.13	79.242
823.31	79.113
823.49	79.135
823.68	79.741
823.86	79.187
824.04	78.559
824.22	79.222
824.41	79.304
824.59	78.743
824.77	78.925
824.96	79.811
825.14	79.086
825.32	79.000
825.50	79.306
825.69	79.385
825.87	79.070
826.05	79.151
826.23	79.352
826.42	79.121
826.60	79.321
826.78	79.088
826.96	79.110
827.15	79.727
827.33	79.386
827.51	79.168
827.69	79.047
827.88	79.143
828.06	79.199
828.24	79.538
828.42	79.190
828.61	78.842
828.79	79.031
828.97	79.474
829.15	78.968
829.34	79.096
829.52	78.906
829.70	78.578
829.88	78.368
830.06	78.855
830.25	79.090
830.43	78.708
830.61	79.095
830.79	79.066
830.97	78.564
831.16	78.908
831.34	78.452
831.52	78.817
831.70	78.718
831.89	78.925
832.07	79.220
832.25	78.892
832.43	79.227
832.61	78.615
832.80	78.745
832.98	78.900
833.16	78.775
833.34	78.983
833.52	79.269
833.70	78.553
833.89	79.192
834.07	79.616
834.25	78.939
834.43	78.921
834.61	78.730
834.80	79.705
834.98	78.587
835.16	79.951
835.34	79.526
835.52	79.356
835.70	79.248
835.89	79.467
836.07	79.222
836.25	79.319
836.43	78.952
836.61	79.351
836.79	79.577
836.97	78.735
837.16	79.470
837.34	79.034
837.52	79.646
837.70	79.139
837.88	79.399
838.06	79.027
838.24	79.149
838.43	79.288
838.61	78.281
838.79	78.810
838.97	79.099
839.15	79.131
839.33	78.991
839.51	79.732
839.70	79.367
839.88	80.185
840.06	79.570
840.24	79.191
840.42	79.707
840.60	79.017
840.78	79.651
840.96	79.492
841.14	79.385
841.33	79.070
841.51	79.171
841.69	78.777
841.87	79.457
842.05	79.257
842.23	79.538
842.41	79.364
842.59	79.779
842.77	79.040
842.95	79.140
843.14	78.900
843.32	79.586
843.50	78.946
843.68	79.348
843.86	78.956
844.04	79.123
844.22	78.845
844.40	79.556
844.58	78.784
844.76	79.134
844.94	79.775
845.12	79.599
845.30	78.878
845.49	79.704
845.67	79.119
845.85	79.055
846.03	79.374
846.21	79.264
846.39	79.548
846.57	79.224
846.75	78.940
846.93	79.076
847.11	79.072
847.29	79.642
847.47	79.362
847.65	78.752
847.83	79.556
848.01	78.831
848.19	79.466
848.37	79.135
848.55	78.917
848.73	78.984
848.91	79.246
849.09	79.194
849.27	79.293
849.46	78.848
849.64	78.897
849.82	79.699
850.00	79.423
850.18	79.455
850.36	78.620
850.54	79.093
850.72	79.729
850.90	78.544
851.08	78.873
851.26	79.660
851.44	79.147
851.62	79.195
851.80	78.826
851.98	79.293
852.16	79.297
852.34	79.401
852.52	79.485
852.70	78.820
852.88	79.282
853.06	79.260
853.24	79.284
853.42	78.465
853.60	78.913
853.78	78.686
853.96	79.516
854.14	79.303
854.31	78.977
854.49	78.910
854.67	79.166
854.85	79.218
855.03	80.219
855.21	79.370
855.39	79.585
855.57	78.921
855.75	78.635
855.93	78.772
856.11	79.332
856.29	79.672
856.47	78.973
856.65	78.634
856.83	78.762
857.01	79.826
857.19	79.595
857.37	79.295
857.55	79.375
857.73	79.359
857.91	79.213
858.09	79.016
858.26	78.537
858.44	79.302
858.62	80.144
858.80	79.281
858.98	79.961
859.16	78.561
859.34	79.866
859.52	78.855
859.70	78.787
859.88	78.225
860.06	78.438
860.24	78.365
860.42	79.538
860.59	79.274
860.77	79.001
860.95	79.073
861.13	79.130
861.31	78.777
861.49	79.507
861.67	79.947
861.85	79.226
862.03	78.794
862.21	78.823
862.38	79.004
862.56	78.652
862.74	79.518
862.92	80.031
863.10	79.321
863.28	78.580
863.46	79.910
863.64	78.653
863.82	79.168
863.99	78.465
864.17	78.959
864.35	79.452
864.53	79.327
864.71	79.539
864.89	79.041
865.07	79.887
865.24	79.276
865.42	79.207
865.60	79.486
865.78	78.987
865.96	79.697
866.14	78.906
866.32	79.416
866.49	78.790
866.67	79.184
866.85	78.767
867.03	78.739
867.21	78.419
867.39	78.563
867.56	79.068
867.74	79.509
867.92	78.684
868.10	78.485
868.28	79.033
868.46	79.050
868.63	78.802
868.81	78.527
868.99	79.258
869.17	79.131
869.35	79.225
869.53	79.572
869.70	78.697
869.88	78.638
870.06	79.502
870.24	79.536
870.42	79.017
870.59	78.745
870.77	78.895
870.95	78.939
871.13	79.289
871.31	79.371
871.48	79.714
871.66	78.554
871.84	79.289
872.02	78.488
872.20	78.760
872.37	79.751
872.55	78.773
872.73	79.522
872.91	79.344
873.08	79.418
873.26	79.654
873.44	78.451
873.62	78.932
873.80	79.195
873.97	79.388
874.15	77.826
874.33	78.976
874.51	79.212
874.68	79.431
874.86	78.639
875.04	78.514
875.22	79.227
875.39	78.486
875.57	78.603
875.75	79.447
875.93	78.973
876.10	79.577
876.28	79.315
876.46	79.004
876.64	78.265
876.81	78.421
876.99	78.638
877.17	79.204
877.35	79.098
877.52	79.582
877.70	79.171
877.88	78.325
878.06	78.899
878.23	78.504
878.41	78.576
878.59	79.064
878.76	78.713
878.94	78.523
879.12	79.057
879.30	78.573
879.47	79.002
879.65	79.039
879.83	78.700
880.00	77.086
880.18	78.130
880.36	78.430
880.53	78.264
880.71	78.990
880.89	78.658
881.07	79.165
881.24	78.687
881.42	78.882
881.60	79.056
881.77	79.211
881.95	78.895
882.13	80.129
882.30	78.643
882.48	79.437
882.66	78.777
882.83	79.212
883.01	79.260
883.19	78.415
883.36	78.602
883.54	79.728
883.72	78.895
883.89	79.071
884.07	78.753
884.25	78.237
884.42	79.278
884.60	79.414
884.78	79.253
884.95	79.247
885.13	79.758
885.31	79.068
885.48	78.677
885.66	78.946
885.84	77.912
886.01	79.306
886.19	78.940
886.36	78.979
886.54	78.721
886.72	78.926
886.89	78.800
887.07	79.520
887.25	79.624
887.42	78.424
887.60	78.682
887.78	78.274
887.95	79.305
888.13	78.952
888.30	78.735
888.48	80.413
888.66	79.674
888.83	78.790
889.01	79.616
889.18	79.266
889.36	79.057
889.54	78.897
889.71	79.400
889.89	78.943
890.06	78.407
890.24	79.422
890.42	78.270
890.59	79.654
890.77	79.395
890.94	78.922
891.12	78.804
891.30	79.069
891.47	78.567
891.65	79.170
891.82	78.431
892.00	78.742
892.17	78.301
892.35	79.155
892.53	79.395
892.70	78.017
892.88	78.183
893.05	79.398
893.23	78.476
893.40	78.986
893.58	78.905
893.75	78.123
893.93	79.276
894.11	79.632
894.28	78.448
894.46	78.451
894.63	79.562
894.81	79.376
894.98	79.524
895.16	78.084
895.33	79.094
895.51	78.814
895.68	78.198
895.86	77.906
896.04	78.658
896.21	78.703
896.39	78.543
896.56	78.531
896.74	77.726
896.91	77.550
897.09	77.940
897.26	79.389
897.44	78.953
897.61	78.316
897.79	78.492
897.96	78.921
898.14	78.927
898.31	79.464
898.49	79.127
898.66	78.900
898.84	78.529
899.01	77.374
899.19	78.108
899.36	78.482
899.54	79.370
899.71	78.731
899.89	78.013
900.06	78.721
900.24	77.950
900.41	79.266
900.59	78.990
900.76	79.530
900.94	79.537
901.11	78.842
901.29	77.860
901.46	78.702
901.63	79.646
901.81	78.992
901.98	78.262
902.16	79.369
902.33	78.167
902.51	78.929
902.68	77.983
902.86	78.581
903.03	79.414
903.21	78.685
903.38	78.569
903.56	77.711
903.73	78.558
903.90	78.895
904.08	78.274
904.25	77.880
904.43	77.891
904.60	78.294
904.78	78.341
904.95	79.339
905.12	78.322
905.30	78.480
905.47	78.574
905.65	79.177
905.82	79.389
906.00	78.026
906.17	78.832
906.34	78.905
906.52	78.672
906.69	78.696
906.87	78.765
907.04	78.490
907.21	78.513
907.39	77.829
907.56	78.764
907.74	78.301
907.91	78.594
908.08	78.424
908.26	79.253
908.43	79.729
908.61	79.231
908.78	78.445
908.95	78.983
909.13	78.426
909.30	78.353
909.48	78.191
909.65	80.040
909.82	78.805
910.00	78.544
910.17	79.354
910.34	79.034
910.52	78.574
910.69	79.220
910.87	78.513
911.04	78.542
911.21	78.110
911.39	77.888
911.56	78.716
911.73	78.699
911.91	79.105
912.08	79.006
912.25	79.182
912.43	78.401
912.60	79.264
912.77	78.277
912.95	78.621
913.12	78.143
913.29	79.106
913.47	79.147
913.64	78.619
913.81	78.937
913.99	78.831
914.16	79.243
914.33	79.157
914.51	78.905
914.68	78.515
914.85	78.960
915.03	78.127
915.20	77.968
915.37	78.585
915.55	79.280
915.72	77.447
915.89	78.616
916.07	78.274
916.24	79.125
916.41	78.210
916.59	79.077
916.76	78.730
916.93	77.503
917.10	77.983
917.28	78.720
917.45	77.613
917.62	79.375
917.80	78.419
917.97	78.266
918.14	79.351
918.31	78.789
918.49	78.510
918.66	78.037
918.83	78.342
919.01	78.681
919.18	78.025
919.35	78.403
919.52	79.127
919.70	78.554
919.87	78.732
920.04	77.964
920.21	78.385
920.39	79.244
920.56	78.363
920.73	78.177
920.90	79.681
921.08	78.552
921.25	78.870
921.42	79.084
921.59	77.901
921.77	78.697
921.94	79.684
922.11	76.989
922.28	78.306
922.46	78.220
922.63	78.052
922.80	79.025
922.97	78.960
923.15	77.481
923.32	80.072
923.49	77.978
923.66	78.902
923.83	78.523
924.01	77.761
924.18	78.507
924.35	78.123
924.52	79.359
924.69	78.160
924.87	78.751
925.04	78.236
925.21	77.966
925.38	79.228
925.55	78.797
925.73	77.967
925.90	78.128
926.07	78.530
926.24	78.327
926.41	77.727
926.59	77.985
926.76	78.916
926.93	78.335
927.10	78.249
927.27	78.510
927.45	79.260
927.62	77.921
927.79	78.009
927.96	76.806
928.13	78.586
928.30	78.037
928.48	77.801
928.65	79.686
928.82	78.800
928.99	79.477
929.16	77.475
929.33	77.717
929.50	78.063
929.68	77.116
929.85	79.182
930.02	78.534
930.19	77.832
930.36	78.158
930.53	77.132
930.70	77.924
930.88	78.531
931.05	78.425
931.22	76.451
931.39	77.119
931.56	77.326
931.73	78.565
931.90	77.691
932.08	77.137
932.25	77.569
932.42	78.611
932.59	76.597
932.76	77.509
932.93	76.958
933.10	79.061
933.27	76.691
933.44	77.354
933.62	77.902
933.79	78.570
933.96	79.220
934.13	77.172
934.30	77.530
934.47	77.233
934.64	76.866
934.81	77.753
934.98	77.194
935.15	79.046
935.32	76.459
935.50	77.248
935.67	79.637
935.84	76.551
936.01	78.426
936.18	77.434
936.35	76.760
936.52	76.723
936.69	76.931
936.86	77.178
937.03	77.239
937.20	76.423
937.37	78.801
937.54	77.509
937.71	79.481
937.89	76.216
938.06	77.513
938.23	76.418
938.40	76.665
938.57	78.355
938.74	78.958
938.91	77.934
939.08	77.727
939.25	76.063
939.42	77.113
939.59	78.002
939.76	80.658
939.93	80.496
940.10	76.403
940.27	77.731
940.44	78.936
940.61	77.898
940.78	74.467
940.95	78.505
941.12	77.637
941.29	79.049
941.46	74.828
941.63	75.874
941.80	79.320
941.97	77.127
942.14	78.093
942.31	77.600
942.48	79.674
942.65	78.276
942.82	76.784
942.99	73.928
943.16	77.341
943.33	75.906
943.50	74.457
943.67	78.769
943.84	76.888
944.01	76.320
944.18	73.166
944.35	78.870
944.52	78.622
944.69	77.576
944.86	75.851
945.03	73.400
945.20	77.689
945.37	78.079
945.54	77.177
945.71	79.013
945.88	78.152
946.05	78.776
946.22	75.822
946.39	75.082
946.56	75.647
946.73	77.516
946.90	77.776
947.07	74.113
947.23	77.035
947.40	78.785
947.57	79.949
947.74	79.234
947.91	76.270
948.08	75.684
948.25	77.987
948.42	77.207
948.59	75.014
948.76	74.303
948.93	76.938
949.10	79.156
949.27	75.417
949.44	75.219
949.60	76.775
949.77	75.957
949.94	74.196
950.11	77.096
950.28	75.968
950.45	77.926
950.62	76.098
950.79	76.667
950.96	78.665
951.13	77.630
951.30	76.295
951.46	77.124
951.63	78.891
951.80	76.563
951.97	75.470
952.14	76.881
952.31	77.491
952.48	77.901
952.65	79.220
952.81	77.800
952.98	78.499
953.15	75.956
953.32	78.992
953.49	76.631
953.66	76.565
953.83	76.646
954.00	75.513
954.16	77.394
954.33	77.527
954.50	76.665
954.67	77.823
954.84	78.264
955.01	77.620
955.18	76.487
955.34	76.721
955.51	75.449
955.68	78.294
955.85	77.595
956.02	79.809
956.19	77.628
956.35	79.161
956.52	77.124
956.69	77.084
956.86	77.273
957.03	79.863
957.20	76.824
957.36	73.815
957.53	75.206
957.70	78.108
957.87	77.397
958.04	74.820
958.21	76.516
958.37	75.468
958.54	76.523
958.71	77.207
958.88	76.619
959.05	76.470
959.21	75.861
959.38	78.314
959.55	77.839
959.72	76.671
959.89	75.323
960.05	74.829
960.22	77.213
960.39	77.416
960.56	76.189
960.72	76.056
960.89	80.374
961.06	76.131
961.23	78.872
961.40	77.603
961.56	75.932
961.73	75.388
961.90	79.270
962.07	76.226
962.23	78.238
962.40	77.583
962.57	77.870
962.74	74.688
962.90	77.062
963.07	77.558
963.24	76.237
963.41	78.067
963.57	76.923
963.74	75.215
963.91	76.247
964.08	78.659
964.24	77.500
964.41	75.769
964.58	75.941
964.75	77.602
964.91	76.152
965.08	75.963
965.25	76.807
965.42	75.759
965.58	78.055
965.75	77.092
965.92	76.055
966.08	74.946
966.25	76.986
966.42	77.803
966.59	77.021
966.75	77.335
966.92	77.638
967.09	75.524
967.25	76.983
967.42	77.315
967.59	78.853
967.75	77.235
967.92	75.691
968.09	77.738
968.26	76.266
968.42	77.497
968.59	78.285
968.76	78.441
968.92	76.600
969.09	76.926
969.26	76.333
969.42	77.524
969.59	77.238
969.76	77.520
969.92	77.058
970.09	76.884
970.26	76.666
970.42	74.534
970.59	76.748
970.76	78.664
970.92	75.361
971.09	76.898
971.26	76.667
971.42	76.107
971.59	78.869
971.76	75.282
971.92	78.427
972.09	75.245
972.25	77.230
972.42	76.784
972.59	76.305
972.75	78.034
972.92	76.379
973.09	78.064
973.25	77.513
973.42	77.341
973.58	75.411
973.75	77.062
973.92	77.128
974.08	76.824
974.25	75.859
974.42	78.452
974.58	75.010
974.75	76.758
974.91	76.285
975.08	77.304
975.25	78.426
975.41	77.117
975.58	79.129
975.74	79.029
975.91	74.497
976.08	76.441
976.24	77.563
976.41	78.688
976.57	78.879
976.74	78.811
976.91	76.110
977.07	78.183
977.24	76.702
977.40	76.714
977.57	77.473
977.73	76.028
977.90	78.353
978.07	76.608
978.23	78.445
978.40	76.461
978.56	76.061
978.73	79.030
978.89	77.806
979.06	79.803
979.22	77.624
979.39	80.360
979.56	75.610
979.72	76.600
979.89	76.279
980.05	76.240
980.22	76.344
980.38	75.968
980.55	75.656
980.71	79.213
980.88	77.806
981.04	79.229
981.21	76.720
981.37	78.839
981.54	75.936
981.70	78.204
981.87	75.895
982.04	80.828
982.20	76.747
982.37	78.616
982.53	76.326
982.70	78.202
982.86	76.457
983.03	75.867
983.19	78.700
983.36	76.736
983.52	76.478
983.69	78.821
983.85	78.567
984.02	77.361
984.18	76.142
984.35	76.003
984.51	77.570
984.68	76.916
984.84	76.963
985.00	76.799
985.17	76.966
985.33	76.263
985.50	78.810
985.66	78.220
985.83	75.076
985.99	75.803
986.16	79.699
986.32	77.605
986.49	76.521
986.65	78.698
986.82	76.150
986.98	76.874
987.15	75.176
987.31	77.278
987.47	78.919
987.64	76.001
987.80	76.860
987.97	78.004
988.13	78.551
988.30	75.864
988.46	78.349
988.63	78.816
988.79	79.679
988.95	78.122
989.12	78.920
989.28	75.494
989.45	75.570
989.61	77.316
989.77	78.634
989.94	76.857
990.10	77.488
990.27	75.520
990.43	80.799
990.60	79.000
990.76	77.681
990.92	73.626
991.09	74.815
991.25	77.662
991.42	76.427
991.58	77.680
991.74	76.013
991.91	79.616
992.07	76.659
992.24	80.613
992.40	76.749
992.56	79.066
992.73	76.482
992.89	78.051
993.05	76.085
993.22	76.356
993.38	76.568
993.55	77.125
993.71	78.628
993.87	77.723
994.04	79.671
994.20	75.516
994.36	76.843
994.53	78.383
994.69	76.953
994.85	77.883
995.02	76.870
995.18	76.300
995.34	77.557
995.51	79.459
995.67	79.308
995.84	79.057
996.00	78.234
996.16	79.899
996.33	78.841
996.49	75.412
996.65	77.615
996.82	78.638
996.98	77.787
997.14	75.680
997.31	75.707
997.47	78.648
997.63	80.977
997.79	80.229
997.96	78.776
998.12	74.551
998.28	79.050
998.45	80.328
998.61	79.399
998.77	77.308
998.94	75.853
999.10	76.353
999.26	78.062
999.43	77.509
999.59	80.221
999.75	74.108
999.91	78.849
1000.08	76.102
1000.24	77.959
1000.40	77.606
1000.57	78.343
1000.73	79.477
1000.89	76.013
1001.05	77.916
1001.22	79.398
1001.38	77.912
1001.54	80.964
1001.70	76.148
1001.87	78.417
1002.03	75.851
1002.19	77.985
1002.35	78.719
1002.52	76.871
1002.68	77.050
1002.84	77.501
1003.00	76.442
1003.17	79.515
1003.33	78.991
1003.49	77.662
1003.65	81.238
1003.82	79.566
1003.98	77.641
1004.14	77.642
1004.30	81.778
1004.47	75.698
1004.63	79.677
1004.79	78.651
1004.95	79.683
1005.11	77.473
1005.28	77.743
1005.44	79.231
1005.60	77.255
1005.76	77.918
1005.93	78.997
1006.09	78.885
1006.25	78.166
1006.41	79.031
1006.57	75.817
1006.74	80.335
1006.90	77.008
1007.06	80.976
1007.22	74.570
1007.38	81.852
1007.55	80.732
1007.71	80.904
1007.87	77.527
1008.03	76.861
1008.19	77.510
1008.35	76.709
1008.52	76.325
1008.68	80.923
1008.84	74.890
1009.00	79.817
1009.16	75.472
1009.32	78.143
1009.49	80.741
1009.65	79.142
1009.81	83.040
1009.97	76.992
1010.13	81.492
1010.29	76.455
1010.46	79.800
1010.62	76.182
1010.78	77.001
1010.94	78.404
1011.10	78.126
1011.26	75.008
1011.42	79.188
1011.59	77.601
1011.75	79.223
1011.91	80.567
1012.07	78.295
1012.23	80.141
1012.39	75.524
1012.55	76.317
1012.71	79.949
1012.88	78.080
1013.04	81.182
1013.20	76.126
1013.36	77.794
1013.52	78.685
1013.68	78.468
1013.84	76.387
1014.00	78.959
1014.16	80.687
1014.33	78.993
1014.49	74.656
1014.65	78.765
1014.81	79.480
1014.97	80.103
1015.13	81.936
1015.29	78.811
1015.45	80.415
1015.61	74.409
1015.77	79.439
1015.93	75.415
1016.09	74.608
1016.26	74.418
1016.42	76.687
1016.58	74.783
1016.74	81.419
1016.90	78.744
1017.06	79.300
1017.22	74.253
1017.38	72.793
1017.54	78.208
1017.70	76.400
1017.86	77.666
1018.02	78.227
1018.18	82.902
1018.34	78.368
1018.50	75.936
1018.66	80.676
1018.82	76.227
1018.98	76.677
1019.14	75.967
1019.31	79.182
1019.47	74.447
1019.63	79.521
1019.79	77.091
1019.95	76.068
1020.11	76.901
1020.27	80.543
1020.43	79.664
1020.59	78.162
1020.75	76.973
1020.91	82.926
1021.07	81.832
1021.23	74.009
1021.39	76.927
1021.55	82.341
1021.71	77.325
1021.87	78.004
1022.03	75.439
1022.19	77.378
1022.35	79.188
1022.51	83.408
1022.67	75.223
1022.83	74.662
1022.99	73.182
1023.15	72.616
1023.31	80.619
1023.47	80.413
1023.63	70.245
1023.79	80.080
1023.95	84.182
1024.10	76.514
1024.26	74.681
1024.42	80.181
1024.58	77.716
1024.74	78.142
1024.90	71.529
1025.06	78.626
1025.22	84.009
1025.38	80.059
1025.54	71.809
1025.70	81.679
1025.86	82.917
1026.02	76.746
1026.18	77.526
1026.34	74.951
1026.50	80.896
1026.66	82.193
1026.82	84.668
1026.98	74.081
1027.13	81.226
1027.29	77.750
1027.45	84.228
1027.61	75.769
1027.77	86.424
1027.93	76.081
1028.09	80.219
1028.25	80.940
1028.41	78.405
1028.57	77.778
1028.73	83.675
1028.88	83.158
1029.04	81.673
1029.20	74.300
1029.36	78.347
1029.52	81.832
1029.68	79.453
1029.84	73.510
1030.00	77.149
1030.16	74.738
1030.32	83.966
1030.47	80.029
1030.63	79.715
1030.79	72.586
1030.95	83.333
1031.11	85.469
1031.27	72.234
1031.43	87.104
1031.59	80.880
1031.74	81.861
1031.90	80.917
1032.06	80.117
1032.22	78.009
1032.38	76.773
1032.54	75.818
1032.69	84.907
1032.85	77.269
1033.01	70.917
1033.17	80.894
1033.33	73.680
1033.49	81.995
1033.65	85.289
1033.80	83.636
1033.96	75.467
1034.12	78.862
1034.28	72.799
1034.44	84.538
1034.60	78.250
1034.75	75.960
1034.91	72.935
1035.07	72.533
1035.23	81.991
1035.39	72.560
1035.54	88.955
1035.70	89.483
1035.86	67.630
1036.02	75.992
1036.18	73.667
1036.33	72.317
1036.49	83.017
1036.65	77.273
1036.81	78.900
1036.97	91.098
1037.12	86.624
1037.28	85.041
1037.44	85.801
1037.60	87.475
1037.76	75.851
1037.91	75.567
1038.07	74.451
1038.23	81.034
1038.39	75.269
1038.54	74.825
1038.70	77.698
1038.86	86.593
1039.02	61.745
1039.17	75.713
1039.33	74.235
1039.49	75.655
1039.65	88.111
1039.80	66.388
1039.96	78.525
1040.12	78.237
1040.28	86.309
>>>>> Data<<<<< Espectral Procesado Extremo
