Fichero De Datos De SpectraSuite
++++++++++++++++++++++++++++++++++++
Fecha: Mon Jun 29 09:34:58 CST 2026
Usuario: HP
Presente Oscuro Del Espectro: Sí
La Referencia de Presente Del Espectro De: Sí
Muestreados de los componentes de Número de espectros: 1
Espectrómetros: USB4H06056
Tiempo de integración (usec): 300000 (USB4H06056)
Promedio de Espectros Hechos un: 5 (USB4H06056)
El Alisar Del Furgón: 0 (USB4H06056)
Párrafo de de Corregir del la del del de Eléctrica del obscuridad: No (USB4H06056)
Estrobo/Lámpara Permitido: No (USB4H06056)
Correct for Detector Non-linearity: No (USB4H06056)
Párrafo de de Corregir del la del del de Externa del luz: No (USB4H06056)
Procesado del espectro de Número de pixeles en: 3648
>>>>> Comienza Data<<<<< Espectral Procesado Del EL
345.09	58.947
345.30	58.947
345.52	58.947
345.74	-9.722
345.95	-70.968
346.17	36.667
346.39	66.337
346.60	-30.769
346.82	-2900.000
347.04	-36.842
347.25	-29.167
347.47	-27.536
347.69	35.135
347.90	123.529
348.12	-28.571
348.34	-122.222
348.56	-19.277
348.77	4.054
348.99	18.644
349.21	202.128
349.42	73.171
349.64	77.778
349.86	38.298
350.07	35.246
350.29	205.455
350.51	30.682
350.72	64.417
350.94	42.784
351.16	40.000
351.37	66.341
351.59	-198.765
351.81	122.794
352.02	82.143
352.24	143.902
352.46	-34.483
352.67	297.826
352.89	37.427
353.10	115.625
353.32	10.526
353.54	-38.889
353.75	168.531
353.97	22.764
354.19	67.532
354.40	55.556
354.62	71.711
354.84	120.455
355.05	51.429
355.27	52.885
355.49	60.219
355.70	51.190
355.92	94.737
356.14	72.222
356.35	66.497
356.57	-16.071
356.78	109.709
357.00	91.964
357.22	194.667
357.43	100.746
357.65	91.870
357.87	158.491
358.08	-157.143
358.30	65.530
358.51	81.604
358.73	8.247
358.95	84.360
359.16	76.705
359.38	4.348
359.60	109.091
359.81	44.076
360.03	112.500
360.24	75.824
360.46	70.000
360.68	102.956
360.89	28.671
361.11	-172.727
361.33	62.731
361.54	198.193
361.76	192.000
361.97	87.222
362.19	349.206
362.41	20.548
362.62	86.154
362.84	87.755
363.05	44.318
363.27	21.333
363.49	108.333
363.70	66.887
363.92	20.468
364.13	66.146
364.35	53.719
364.57	216.484
364.78	57.353
365.00	263.333
365.21	102.797
365.43	55.814
365.65	190.625
365.86	160.811
366.08	77.542
366.29	59.043
366.51	50.000
366.73	100.719
366.94	81.172
367.16	88.966
367.37	67.857
367.59	155.660
367.80	136.145
368.02	85.492
368.24	203.529
368.45	62.791
368.67	74.684
368.88	73.333
369.10	85.052
369.31	109.787
369.53	106.667
369.75	126.490
369.96	111.765
370.18	138.220
370.39	57.277
370.61	70.718
370.82	54.639
371.04	140.650
371.26	82.439
371.47	50.704
371.69	14.844
371.90	233.333
372.12	259.259
372.33	17.568
372.55	107.000
372.76	146.541
372.98	98.305
373.20	100.806
373.41	123.750
373.63	144.505
373.84	111.518
374.06	88.498
374.27	88.506
374.49	114.286
374.70	105.702
374.92	119.853
375.13	120.574
375.35	36.364
375.57	35.349
375.78	100.794
376.00	155.921
376.21	81.852
376.43	94.737
376.64	101.095
376.86	87.565
377.07	64.430
377.29	63.407
377.50	202.817
377.72	143.919
377.93	120.732
378.15	62.241
378.36	122.105
378.58	97.297
378.80	75.625
379.01	131.754
379.23	156.923
379.44	150.476
379.66	85.256
379.87	189.041
380.09	111.066
380.30	121.466
380.52	104.926
380.73	119.421
380.95	116.300
381.16	95.652
381.38	82.677
381.59	121.053
381.81	67.500
382.02	158.278
382.24	92.642
382.45	83.333
382.67	171.856
382.88	92.000
383.10	121.084
383.31	112.255
383.53	126.515
383.74	118.482
383.96	116.505
384.17	111.538
384.39	127.304
384.60	148.699
384.82	137.727
385.03	122.222
385.25	144.340
385.46	63.091
385.68	87.226
385.89	125.188
386.11	89.615
386.32	94.937
386.54	161.635
386.75	145.907
386.97	102.454
387.18	109.215
387.40	106.757
387.61	126.866
387.83	95.110
388.04	105.714
388.25	113.502
388.47	133.216
388.68	108.019
388.90	112.236
389.11	125.347
389.33	109.653
389.54	132.157
389.76	109.366
389.97	87.730
390.19	188.827
390.40	109.158
390.62	144.551
390.83	158.850
391.05	147.059
391.26	142.132
391.47	112.166
391.69	136.364
391.90	126.692
392.12	101.678
392.33	99.661
392.55	99.457
392.76	107.916
392.98	102.299
393.19	123.792
393.41	82.507
393.62	125.076
393.83	120.263
394.05	95.729
394.26	99.444
394.48	129.799
394.69	113.483
394.91	108.547
395.12	141.694
395.34	132.194
395.55	140.498
395.76	118.337
395.98	88.340
396.19	117.500
396.41	130.904
396.62	110.714
396.84	108.232
397.05	115.203
397.26	157.190
397.48	109.174
397.69	119.948
397.91	123.009
398.12	112.325
398.33	114.536
398.55	123.678
398.76	125.551
398.98	111.929
399.19	108.168
399.41	137.838
399.62	133.100
399.83	123.011
400.05	109.512
400.26	100.774
400.48	123.729
400.69	123.272
400.90	119.669
401.12	117.308
401.33	121.622
401.55	176.563
401.76	88.501
401.97	145.338
402.19	131.830
402.40	109.446
402.62	114.258
402.83	119.751
403.04	130.543
403.26	121.655
403.47	98.732
403.69	98.217
403.90	96.538
404.11	80.574
404.33	96.443
404.54	115.428
404.76	119.545
404.97	122.991
405.18	89.167
405.40	93.590
405.61	133.607
405.83	95.495
406.04	112.088
406.25	116.993
406.47	130.609
406.68	99.293
406.89	91.562
407.11	105.368
407.32	108.618
407.54	92.403
407.75	115.088
407.96	92.857
408.18	86.385
408.39	111.935
408.60	84.783
408.82	92.401
409.03	103.352
409.24	124.872
409.46	103.470
409.67	87.097
409.89	94.684
410.10	97.424
410.31	84.232
410.53	89.521
410.74	105.042
410.95	110.224
411.17	84.535
411.38	87.289
411.59	100.000
411.81	84.170
412.02	94.599
412.23	99.374
412.45	88.453
412.66	84.778
412.87	89.979
413.09	94.968
413.30	91.338
413.51	88.383
413.73	90.535
413.94	92.597
414.15	82.773
414.37	82.724
414.58	74.947
414.79	84.020
415.01	81.221
415.22	81.073
415.43	70.631
415.65	72.052
415.86	72.656
416.07	69.797
416.29	78.642
416.50	81.762
416.71	74.653
416.93	75.242
417.14	61.605
417.35	68.706
417.57	74.148
417.78	62.587
417.99	64.210
418.21	70.326
418.42	67.064
418.63	62.651
418.85	84.613
419.06	57.739
419.27	59.960
419.48	61.775
419.70	60.967
419.91	57.983
420.12	60.335
420.34	60.547
420.55	60.560
420.76	63.377
420.98	53.305
421.19	59.076
421.40	55.144
421.61	55.445
421.83	47.059
422.04	52.845
422.25	51.701
422.47	54.667
422.68	50.389
422.89	46.071
423.11	51.241
423.32	50.137
423.53	49.496
423.74	47.900
423.96	48.702
424.17	44.698
424.38	52.283
424.59	45.919
424.81	47.849
425.02	49.959
425.23	42.211
425.45	43.166
425.66	44.880
425.87	46.474
426.08	43.729
426.30	41.953
426.51	42.612
426.72	41.100
426.93	45.417
427.15	43.307
427.36	41.083
427.57	46.563
427.79	41.873
428.00	41.647
428.21	-23.028
428.42	40.731
428.64	36.973
428.85	41.804
429.06	35.994
429.27	40.443
429.49	39.526
429.70	38.788
429.91	37.139
430.12	43.642
430.34	37.294
430.55	38.690
430.76	35.888
430.97	35.184
431.19	40.086
431.40	40.788
431.61	37.943
431.82	35.504
432.03	36.082
432.25	36.819
432.46	35.638
432.67	38.505
432.88	38.306
433.10	37.592
433.31	35.064
433.52	35.478
433.73	34.814
433.95	37.500
434.16	32.155
434.37	38.869
434.58	36.423
434.79	37.197
435.01	36.115
435.22	36.131
435.43	35.796
435.64	38.648
435.86	36.817
436.07	35.128
436.28	36.254
436.49	35.236
436.70	38.743
436.92	37.294
437.13	35.754
437.34	38.293
437.55	34.012
437.76	33.978
437.98	33.714
438.19	36.553
438.40	36.895
438.61	34.964
438.82	35.537
439.04	34.124
439.25	34.696
439.46	38.950
439.67	35.873
439.88	36.951
440.10	37.403
440.31	36.657
440.52	34.211
440.73	36.245
440.94	35.165
441.16	35.198
441.37	34.265
441.58	36.944
441.79	35.424
442.00	36.455
442.21	36.304
442.43	34.758
442.64	35.053
442.85	34.022
443.06	34.307
443.27	35.909
443.48	35.314
443.70	33.645
443.91	36.364
444.12	33.685
444.33	33.963
444.54	35.412
444.75	35.856
444.97	33.899
445.18	35.539
445.39	36.694
445.60	36.524
445.81	35.200
446.02	36.143
446.24	34.964
446.45	36.849
446.66	36.201
446.87	35.260
447.08	36.422
447.29	36.439
447.51	33.775
447.72	34.722
447.93	33.697
448.14	36.408
448.35	33.583
448.56	35.179
448.77	32.278
448.99	35.287
449.20	35.330
449.41	35.836
449.62	35.376
449.83	36.867
450.04	34.551
450.25	36.599
450.46	36.477
450.68	36.765
450.89	37.123
451.10	36.159
451.31	35.873
451.52	36.120
451.73	36.316
451.94	36.622
452.15	35.984
452.37	37.001
452.58	35.247
452.79	35.998
453.00	36.470
453.21	36.736
453.42	36.533
453.63	34.741
453.84	36.680
454.06	37.198
454.27	37.117
454.48	36.331
454.69	36.539
454.90	35.330
455.11	36.290
455.32	36.331
455.53	35.078
455.74	36.689
455.95	36.469
456.17	37.047
456.38	37.968
456.59	37.272
456.80	37.952
457.01	38.533
457.22	38.907
457.43	37.850
457.64	36.303
457.85	37.210
458.06	37.893
458.27	38.565
458.49	37.397
458.70	36.952
458.91	36.085
459.12	36.552
459.33	37.868
459.54	38.164
459.75	37.347
459.96	37.796
460.17	38.114
460.38	36.366
460.59	37.833
460.80	38.704
461.01	37.500
461.23	39.064
461.44	38.172
461.65	37.917
461.86	36.416
462.07	37.066
462.28	39.779
462.49	38.028
462.70	37.689
462.91	35.978
463.12	37.575
463.33	37.700
463.54	38.098
463.75	37.082
463.96	38.312
464.17	38.021
464.38	37.566
464.59	38.658
464.81	36.777
465.02	37.550
465.23	37.228
465.44	39.046
465.65	37.259
465.86	36.866
466.07	37.330
466.28	38.505
466.49	38.424
466.70	37.325
466.91	36.997
467.12	37.292
467.33	37.781
467.54	38.322
467.75	38.163
467.96	37.766
468.17	39.731
468.38	37.804
468.59	38.613
468.80	39.034
469.01	39.446
469.22	36.977
469.43	37.304
469.64	37.544
469.85	38.115
470.06	37.947
470.27	37.717
470.48	37.757
470.69	39.517
470.90	37.525
471.11	38.141
471.32	38.034
471.53	38.013
471.74	37.406
471.95	38.115
472.16	36.844
472.37	37.593
472.58	38.216
472.79	38.495
473.00	39.195
473.21	38.182
473.42	38.307
473.63	38.803
473.84	37.396
474.05	38.702
474.26	39.175
474.47	38.277
474.68	38.413
474.89	38.004
475.10	38.936
475.31	36.920
475.52	38.410
475.73	37.757
475.94	38.517
476.15	38.428
476.36	38.815
476.57	38.149
476.78	37.967
476.99	37.695
477.20	38.465
477.41	38.572
477.62	38.599
477.83	38.290
478.04	37.838
478.25	38.480
478.46	39.595
478.67	39.115
478.88	38.825
479.09	37.545
479.30	37.582
479.51	38.509
479.72	38.309
479.93	39.219
480.14	38.736
480.35	38.433
480.56	38.551
480.77	38.168
480.98	39.481
481.18	38.353
481.39	37.820
481.60	38.540
481.81	39.510
482.02	37.849
482.23	38.186
482.44	39.051
482.65	38.705
482.86	37.070
483.07	38.420
483.28	38.758
483.49	39.440
483.70	39.300
483.91	39.059
484.12	39.131
484.33	37.896
484.53	39.159
484.74	40.058
484.95	38.493
485.16	38.664
485.37	38.453
485.58	39.332
485.79	38.337
486.00	38.271
486.21	38.436
486.42	38.597
486.63	39.022
486.84	38.714
487.05	38.203
487.25	39.267
487.46	38.000
487.67	39.568
487.88	39.189
488.09	38.256
488.30	39.123
488.51	46.045
488.72	38.362
488.93	40.042
489.14	39.295
489.35	39.381
489.55	38.911
489.76	38.742
489.97	39.338
490.18	39.004
490.39	38.942
490.60	38.499
490.81	38.932
491.02	39.183
491.23	39.615
491.43	39.242
491.64	39.307
491.85	39.066
492.06	38.738
492.27	38.450
492.48	38.403
492.69	39.163
492.90	38.585
493.11	39.061
493.31	38.841
493.52	39.017
493.73	39.143
493.94	39.275
494.15	38.720
494.36	38.624
494.57	39.299
494.78	39.090
494.98	39.430
495.19	39.324
495.40	38.750
495.61	38.693
495.82	38.241
496.03	39.704
496.24	39.701
496.44	39.309
496.65	39.851
496.86	39.497
497.07	39.110
497.28	38.879
497.49	39.540
497.70	39.671
497.90	39.828
498.11	39.618
498.32	39.022
498.53	39.560
498.74	38.612
498.95	39.442
499.15	39.311
499.36	39.698
499.57	39.726
499.78	39.580
499.99	39.438
500.20	39.741
500.40	39.371
500.61	39.738
500.82	39.145
501.03	38.738
501.24	39.560
501.45	40.416
501.65	39.688
501.86	39.795
502.07	39.610
502.28	39.980
502.49	40.024
502.70	40.304
502.90	39.713
503.11	40.030
503.32	39.828
503.53	40.194
503.74	39.638
503.94	39.697
504.15	40.746
504.36	39.608
504.57	39.890
504.78	40.572
504.98	40.039
505.19	39.979
505.40	40.983
505.61	40.619
505.82	39.949
506.02	40.328
506.23	40.544
506.44	40.173
506.65	40.995
506.86	40.811
507.06	40.753
507.27	40.467
507.48	40.268
507.69	40.671
507.90	41.031
508.10	40.592
508.31	40.780
508.52	41.105
508.73	40.399
508.94	40.778
509.14	40.855
509.35	41.403
509.56	41.369
509.77	41.474
509.97	41.162
510.18	41.055
510.39	41.122
510.60	40.966
510.80	41.424
511.01	42.138
511.22	41.817
511.43	41.881
511.64	41.545
511.84	41.430
512.05	41.245
512.26	41.929
512.47	41.897
512.67	42.217
512.88	42.229
513.09	41.986
513.30	42.791
513.50	42.778
513.71	41.774
513.92	42.370
514.13	42.350
514.33	42.512
514.54	43.341
514.75	42.434
514.96	42.753
515.16	43.074
515.37	42.661
515.58	42.843
515.78	43.033
515.99	43.297
516.20	43.783
516.41	43.576
516.61	44.068
516.82	43.160
517.03	43.976
517.24	43.948
517.44	43.897
517.65	43.763
517.86	43.589
518.07	44.132
518.27	43.981
518.48	44.021
518.69	44.214
518.89	43.780
519.10	44.321
519.31	44.521
519.52	45.424
519.72	44.846
519.93	45.417
520.14	45.703
520.34	45.665
520.55	45.763
520.76	45.651
520.96	45.559
521.17	45.538
521.38	45.038
521.59	45.755
521.79	46.085
522.00	46.185
522.21	46.335
522.41	46.608
522.62	46.505
522.83	47.535
523.03	47.479
523.24	46.470
523.45	47.292
523.66	47.755
523.86	47.647
524.07	47.903
524.28	47.944
524.48	48.996
524.69	49.036
524.90	48.018
525.10	48.717
525.31	48.616
525.52	49.520
525.72	49.208
525.93	49.470
526.14	49.526
526.34	49.613
526.55	49.276
526.76	49.840
526.96	49.934
527.17	49.623
527.38	49.826
527.58	49.991
527.79	50.549
528.00	50.351
528.20	50.576
528.41	50.532
528.62	51.281
528.82	51.020
529.03	50.934
529.24	51.088
529.44	51.199
529.65	51.618
529.85	51.929
530.06	52.024
530.27	51.434
530.47	52.724
530.68	52.607
530.89	52.593
531.09	52.351
531.30	51.981
531.51	52.709
531.71	53.000
531.92	52.637
532.13	52.851
532.33	52.820
532.54	53.276
532.74	53.649
532.95	53.180
533.16	53.838
533.36	53.661
533.57	53.646
533.78	54.572
533.98	53.752
534.19	54.292
534.39	53.845
534.60	54.293
534.81	54.192
535.01	54.341
535.22	55.207
535.42	54.548
535.63	54.300
535.84	54.863
536.04	55.055
536.25	55.160
536.45	55.016
536.66	54.668
536.87	55.275
537.07	55.384
537.28	55.217
537.48	55.493
537.69	55.438
537.90	55.299
538.10	54.983
538.31	55.021
538.51	55.386
538.72	55.319
538.93	55.218
539.13	56.069
539.34	55.625
539.54	56.270
539.75	56.008
539.96	55.168
540.16	55.999
540.37	56.491
540.57	56.585
540.78	56.017
540.98	55.677
541.19	55.922
541.40	55.962
541.60	56.143
541.81	56.536
542.01	56.084
542.22	56.482
542.42	56.987
542.63	56.320
542.83	56.616
543.04	56.060
543.25	56.705
543.45	56.599
543.66	56.583
543.86	57.042
544.07	56.987
544.27	56.579
544.48	57.012
544.68	57.343
544.89	57.181
545.10	57.095
545.30	56.922
545.51	56.901
545.71	56.352
545.92	56.730
546.12	56.659
546.33	57.636
546.53	56.929
546.74	56.974
546.94	56.910
547.15	56.683
547.36	57.646
547.56	56.879
547.77	56.833
547.97	57.290
548.18	57.235
548.38	56.959
548.59	56.845
548.79	56.432
549.00	56.477
549.20	56.920
549.41	56.692
549.61	56.849
549.82	57.126
550.02	56.781
550.23	56.832
550.43	57.098
550.64	57.288
550.84	57.625
551.05	56.796
551.25	57.485
551.46	57.624
551.66	57.368
551.87	57.343
552.07	56.833
552.28	57.331
552.48	56.778
552.69	57.139
552.89	57.719
553.10	57.180
553.30	57.240
553.51	57.520
553.71	56.667
553.92	57.482
554.12	57.209
554.33	57.258
554.53	57.204
554.74	57.646
554.94	57.926
555.15	57.004
555.35	57.963
555.56	57.366
555.76	57.440
555.97	57.488
556.17	57.656
556.38	57.653
556.58	57.513
556.78	57.439
556.99	57.399
557.19	57.098
557.40	57.326
557.60	58.205
557.81	57.526
558.01	56.874
558.22	57.421
558.42	57.348
558.63	57.459
558.83	57.075
559.04	57.388
559.24	57.123
559.44	57.671
559.65	57.356
559.85	57.081
560.06	56.580
560.26	56.792
560.47	56.740
560.67	53.789
560.88	57.119
561.08	57.039
561.28	56.972
561.49	56.990
561.69	56.279
561.90	57.700
562.10	56.651
562.31	57.086
562.51	57.236
562.71	56.685
562.92	57.134
563.12	56.109
563.33	57.272
563.53	56.878
563.74	56.345
563.94	56.202
564.14	56.693
564.35	56.066
564.55	56.163
564.76	56.166
564.96	55.858
565.17	56.630
565.37	55.798
565.57	55.890
565.78	56.252
565.98	56.124
566.19	55.759
566.39	56.014
566.59	55.946
566.80	55.543
567.00	55.341
567.21	55.268
567.41	55.073
567.61	55.423
567.82	55.084
568.02	54.642
568.23	55.311
568.43	54.957
568.63	55.061
568.84	54.589
569.04	54.707
569.24	54.952
569.45	54.518
569.65	54.143
569.86	54.652
570.06	54.084
570.26	54.707
570.47	54.453
570.67	54.226
570.87	54.285
571.08	53.962
571.28	53.830
571.49	53.609
571.69	53.500
571.89	53.602
572.10	53.240
572.30	53.991
572.50	53.478
572.71	53.049
572.91	53.186
573.11	53.276
573.32	52.902
573.52	52.728
573.73	52.274
573.93	52.971
574.13	52.059
574.34	52.571
574.54	52.056
574.74	52.563
574.95	52.246
575.15	51.796
575.35	51.646
575.56	51.683
575.76	51.535
575.96	51.401
576.17	52.207
576.37	51.581
576.57	51.025
576.78	51.499
576.98	51.203
577.18	50.923
577.39	50.748
577.59	50.867
577.79	50.689
578.00	50.577
578.20	50.210
578.40	50.221
578.61	50.642
578.81	50.067
579.01	49.993
579.22	50.409
579.42	49.747
579.62	49.727
579.82	49.660
580.03	49.684
580.23	49.620
580.43	49.603
580.64	49.589
580.84	49.446
581.04	49.523
581.25	49.310
581.45	48.966
581.65	48.989
581.86	49.358
582.06	48.797
582.26	48.739
582.46	48.466
582.67	48.974
582.87	48.518
583.07	48.315
583.28	48.613
583.48	48.419
583.68	48.687
583.88	48.718
584.09	48.248
584.29	48.294
584.49	47.936
584.70	47.754
584.90	48.125
585.10	47.988
585.30	47.780
585.51	47.946
585.71	47.230
585.91	47.508
586.11	47.536
586.32	47.295
586.52	47.486
586.72	47.429
586.92	47.520
587.13	47.379
587.33	47.313
587.53	47.610
587.74	47.258
587.94	46.899
588.14	46.669
588.34	46.826
588.55	46.831
588.75	46.303
588.95	46.752
589.15	46.387
589.36	46.394
589.56	46.668
589.76	46.659
589.96	46.272
590.16	46.478
590.37	46.009
590.57	46.378
590.77	45.876
590.97	45.986
591.18	45.900
591.38	46.515
591.58	45.781
591.78	45.873
591.99	45.431
592.19	45.962
592.39	46.434
592.59	46.214
592.79	46.165
593.00	46.001
593.20	45.558
593.40	45.279
593.60	45.360
593.81	45.732
594.01	45.510
594.21	45.535
594.41	45.370
594.61	45.278
594.82	45.146
595.02	45.299
595.22	45.663
595.42	45.234
595.62	45.543
595.83	45.262
596.03	45.005
596.23	45.617
596.43	45.124
596.63	45.049
596.84	44.994
597.04	44.708
597.24	45.136
597.44	44.743
597.64	45.031
597.84	44.658
598.05	44.442
598.25	44.946
598.45	44.965
598.65	45.055
598.85	44.944
599.06	44.901
599.26	44.786
599.46	44.511
599.66	44.364
599.86	44.481
600.06	44.258
600.27	44.473
600.47	44.443
600.67	44.687
600.87	44.578
601.07	44.340
601.27	44.376
601.48	44.486
601.68	44.061
601.88	44.221
602.08	44.503
602.28	44.215
602.48	44.239
602.68	44.027
602.89	44.395
603.09	43.990
603.29	44.113
603.49	44.117
603.69	43.980
603.89	43.982
604.09	44.309
604.30	44.117
604.50	43.870
604.70	43.860
604.90	43.627
605.10	43.628
605.30	44.237
605.50	43.947
605.71	43.751
605.91	43.585
606.11	43.700
606.31	44.020
606.51	43.571
606.71	43.782
606.91	43.653
607.11	43.607
607.32	43.464
607.52	43.580
607.72	43.533
607.92	43.709
608.12	43.801
608.32	43.285
608.52	43.551
608.72	43.563
608.92	43.234
609.12	43.295
609.33	43.250
609.53	43.006
609.73	43.401
609.93	43.258
610.13	43.126
610.33	43.276
610.53	42.969
610.73	42.808
610.93	43.104
611.13	43.120
611.34	43.204
611.54	43.193
611.74	42.699
611.94	42.616
612.14	43.085
612.34	43.167
612.54	42.404
612.74	42.914
612.94	42.488
613.14	42.583
613.34	42.683
613.54	42.372
613.74	42.355
613.95	42.782
614.15	42.803
614.35	42.361
614.55	42.638
614.75	42.274
614.95	42.190
615.15	41.962
615.35	42.048
615.55	41.936
615.75	42.181
615.95	42.176
616.15	41.854
616.35	41.962
616.55	42.125
616.75	42.046
616.95	41.715
617.15	41.510
617.35	41.596
617.56	41.812
617.76	41.796
617.96	41.716
618.16	41.779
618.36	42.018
618.56	41.284
618.76	41.677
618.96	41.817
619.16	41.662
619.36	41.572
619.56	41.527
619.76	41.330
619.96	41.591
620.16	41.064
620.36	41.203
620.56	41.151
620.76	41.406
620.96	40.997
621.16	41.121
621.36	40.928
621.56	40.986
621.76	41.396
621.96	41.300
622.16	41.232
622.36	41.161
622.56	40.572
622.76	40.725
622.96	40.891
623.16	40.854
623.36	40.715
623.56	40.891
623.76	41.214
623.96	41.098
624.16	40.655
624.36	40.701
624.56	40.509
624.76	40.380
624.96	40.719
625.16	40.792
625.36	40.496
625.56	40.288
625.76	40.456
625.96	40.775
626.16	40.727
626.36	40.671
626.56	40.726
626.76	40.350
626.96	40.299
627.16	40.694
627.36	40.525
627.56	40.371
627.76	39.990
627.96	40.392
628.16	40.343
628.36	40.225
628.56	40.431
628.75	40.594
628.95	40.152
629.15	40.319
629.35	40.110
629.55	40.334
629.75	40.258
629.95	40.428
630.15	40.230
630.35	40.148
630.55	39.879
630.75	40.071
630.95	39.988
631.15	40.165
631.35	39.760
631.55	40.027
631.75	39.950
631.95	40.058
632.15	40.071
632.34	40.206
632.54	40.006
632.74	39.818
632.94	40.022
633.14	39.650
633.34	39.909
633.54	39.878
633.74	40.158
633.94	39.615
634.14	39.750
634.34	39.580
634.54	39.341
634.74	39.717
634.93	39.633
635.13	39.442
635.33	39.459
635.53	39.597
635.73	39.524
635.93	39.632
636.13	39.794
636.33	39.501
636.53	39.428
636.73	39.202
636.93	39.213
637.12	39.369
637.32	39.831
637.52	39.234
637.72	39.147
637.92	39.221
638.12	39.360
638.32	39.157
638.52	38.961
638.72	38.790
638.91	38.851
639.11	39.056
639.31	38.840
639.51	39.119
639.71	38.796
639.91	39.183
640.11	38.923
640.31	38.936
640.50	38.599
640.70	38.506
640.90	38.275
641.10	38.653
641.30	38.781
641.50	38.412
641.70	38.145
641.89	37.878
642.09	38.161
642.29	38.059
642.49	38.180
642.69	37.951
642.89	38.144
643.09	37.912
643.28	37.794
643.48	37.976
643.68	37.720
643.88	37.397
644.08	37.430
644.28	37.737
644.48	37.527
644.67	37.490
644.87	37.327
645.07	37.312
645.27	37.552
645.47	37.099
645.67	37.175
645.86	37.234
646.06	36.760
646.26	36.985
646.46	36.764
646.66	36.805
646.85	36.789
647.05	36.752
647.25	37.203
647.45	36.482
647.65	36.909
647.85	36.547
648.04	36.248
648.24	36.437
648.44	36.256
648.64	36.221
648.84	36.262
649.03	36.547
649.23	36.284
649.43	36.111
649.63	36.114
649.83	36.118
650.02	36.262
650.22	35.818
650.42	35.703
650.62	35.936
650.82	35.853
651.01	35.540
651.21	35.550
651.41	35.825
651.61	35.567
651.81	35.613
652.00	35.750
652.20	35.784
652.40	35.756
652.60	35.585
652.79	35.573
652.99	35.273
653.19	35.186
653.39	35.002
653.59	35.368
653.78	35.338
653.98	35.411
654.18	35.415
654.38	35.444
654.57	34.868
654.77	35.177
654.97	35.206
655.17	35.439
655.36	35.196
655.56	34.988
655.76	35.216
655.96	35.286
656.15	35.696
656.35	35.093
656.55	35.139
656.75	34.866
656.94	35.255
657.14	35.115
657.34	34.918
657.54	35.407
657.73	34.946
657.93	35.016
658.13	34.857
658.33	35.059
658.52	34.972
658.72	33.119
658.92	34.641
659.11	34.803
659.31	34.649
659.51	34.169
659.71	34.764
659.90	34.363
660.10	34.450
660.30	34.440
660.50	34.283
660.69	34.647
660.89	34.444
661.09	34.800
661.28	34.835
661.48	34.492
661.68	34.608
661.87	34.529
662.07	34.332
662.27	34.569
662.47	33.756
662.66	34.363
662.86	34.477
663.06	34.295
663.25	34.367
663.45	34.178
663.65	34.733
663.84	34.043
664.04	33.899
664.24	33.934
664.44	34.361
664.63	34.392
664.83	34.089
665.03	33.981
665.22	34.024
665.42	34.124
665.62	33.884
665.81	33.964
666.01	33.978
666.21	33.591
666.40	33.844
666.60	33.842
666.80	33.884
666.99	33.637
667.19	33.595
667.39	33.644
667.58	33.933
667.78	33.643
667.98	33.671
668.17	33.460
668.37	33.975
668.57	33.688
668.76	33.633
668.96	33.786
669.16	33.600
669.35	33.760
669.55	33.466
669.74	33.444
669.94	33.443
670.14	33.688
670.33	33.674
670.53	33.549
670.73	33.568
670.92	33.443
671.12	33.340
671.32	33.168
671.51	33.470
671.71	33.093
671.90	33.458
672.10	33.161
672.30	33.689
672.49	33.561
672.69	33.250
672.89	33.542
673.08	33.519
673.28	33.608
673.47	33.648
673.67	33.426
673.87	33.164
674.06	33.801
674.26	33.362
674.45	33.598
674.65	33.416
674.85	33.225
675.04	33.344
675.24	33.479
675.43	33.366
675.63	33.370
675.83	33.571
676.02	33.385
676.22	33.119
676.41	33.330
676.61	33.470
676.81	33.407
677.00	33.144
677.20	33.179
677.39	33.569
677.59	33.422
677.79	33.568
677.98	33.348
678.18	33.354
678.37	33.104
678.57	33.348
678.76	33.624
678.96	33.631
679.16	33.635
679.35	33.550
679.55	33.540
679.74	33.531
679.94	33.333
680.13	33.570
680.33	33.214
680.53	33.189
680.72	33.645
680.92	33.309
681.11	33.549
681.31	33.379
681.50	33.486
681.70	33.725
681.89	33.537
682.09	33.574
682.28	33.408
682.48	33.632
682.68	33.690
682.87	33.391
683.07	33.585
683.26	33.323
683.46	33.341
683.65	33.977
683.85	33.526
684.04	33.621
684.24	33.706
684.43	33.597
684.63	33.980
684.82	33.975
685.02	33.848
685.21	33.560
685.41	33.792
685.60	33.586
685.80	33.983
686.00	33.552
686.19	33.804
686.39	33.680
686.58	33.834
686.78	34.099
686.97	33.809
687.17	33.741
687.36	34.010
687.56	33.874
687.75	34.035
687.95	33.849
688.14	34.178
688.34	33.824
688.53	34.256
688.73	33.939
688.92	34.128
689.12	34.089
689.31	34.333
689.51	34.679
689.70	34.458
689.89	34.374
690.09	34.584
690.28	34.791
690.48	34.877
690.67	35.041
690.87	34.816
691.06	34.936
691.26	34.915
691.45	35.262
691.65	35.126
691.84	35.939
692.04	35.710
692.23	35.922
692.43	36.019
692.62	36.295
692.82	36.502
693.01	36.681
693.20	36.502
693.40	37.008
693.59	36.963
693.79	37.368
693.98	37.522
694.18	37.351
694.37	37.941
694.57	38.218
694.76	38.178
694.95	38.231
695.15	38.507
695.34	38.992
695.54	39.365
695.73	39.524
695.93	39.717
696.12	40.322
696.32	40.304
696.51	40.043
696.70	40.547
696.90	41.053
697.09	41.003
697.29	41.426
697.48	42.240
697.67	42.627
697.87	43.017
698.06	43.284
698.26	43.320
698.45	43.902
698.65	44.030
698.84	44.333
699.03	44.520
699.23	45.033
699.42	44.821
699.62	45.439
699.81	46.001
700.00	46.479
700.20	46.787
700.39	47.370
700.59	47.419
700.78	47.718
700.97	47.813
701.17	48.412
701.36	48.845
701.56	49.195
701.75	49.787
701.94	50.413
702.14	50.197
702.33	50.744
702.52	51.685
702.72	51.503
702.91	51.838
703.11	51.661
703.30	52.318
703.49	52.639
703.69	53.389
703.88	53.666
704.07	53.765
704.27	54.560
704.46	54.478
704.66	54.877
704.85	55.911
705.04	55.458
705.24	56.160
705.43	56.572
705.62	56.894
705.82	57.145
706.01	57.724
706.20	58.069
706.40	57.896
706.59	58.572
706.78	58.728
706.98	59.366
707.17	59.305
707.36	59.429
707.56	59.839
707.75	60.241
707.94	60.545
708.14	61.399
708.33	61.511
708.52	62.243
708.72	62.001
708.91	62.068
709.10	62.518
709.30	62.754
709.49	63.082
709.68	63.557
709.88	63.597
710.07	64.194
710.26	64.273
710.46	64.747
710.65	64.825
710.84	65.424
711.04	65.495
711.23	66.023
711.42	66.391
711.61	66.383
711.81	66.782
712.00	66.826
712.19	66.749
712.39	67.241
712.58	68.047
712.77	67.884
712.97	68.073
713.16	68.444
713.35	68.777
713.54	68.983
713.74	69.607
713.93	69.562
714.12	69.675
714.32	69.487
714.51	69.699
714.70	70.383
714.89	70.994
715.09	70.989
715.28	71.036
715.47	71.264
715.66	71.887
715.86	72.434
716.05	72.877
716.24	72.963
716.44	72.687
716.63	73.331
716.82	73.214
717.01	73.628
717.21	73.908
717.40	73.999
717.59	74.289
717.78	75.025
717.98	74.584
718.17	74.932
718.36	75.385
718.55	75.492
718.75	75.834
718.94	76.053
719.13	75.785
719.32	76.669
719.52	77.158
719.71	76.794
719.90	76.416
720.09	77.475
720.28	77.775
720.48	78.279
720.67	78.214
720.86	78.746
721.05	78.489
721.25	78.380
721.44	78.619
721.63	78.527
721.82	79.273
722.01	79.362
722.21	79.380
722.40	79.771
722.59	80.164
722.78	80.078
722.98	80.276
723.17	80.779
723.36	80.401
723.55	81.124
723.74	81.610
723.94	81.716
724.13	82.211
724.32	81.253
724.51	82.248
724.70	82.362
724.89	81.546
725.09	82.470
725.28	82.420
725.47	83.155
725.66	83.036
725.85	83.483
726.05	83.766
726.24	83.447
726.43	83.511
726.62	83.882
726.81	84.192
727.00	83.587
727.20	84.798
727.39	85.151
727.58	84.438
727.77	85.162
727.96	85.537
728.15	85.708
728.35	85.481
728.54	86.061
728.73	85.683
728.92	86.012
729.11	86.413
729.30	86.487
729.50	87.292
729.69	86.733
729.88	86.268
730.07	86.741
730.26	87.226
730.45	87.092
730.64	87.227
730.84	87.877
731.03	87.592
731.22	87.274
731.41	87.689
731.60	88.249
731.79	88.944
731.98	88.245
732.18	89.010
732.37	89.202
732.56	88.812
732.75	89.093
732.94	88.781
733.13	89.520
733.32	89.627
733.51	90.400
733.71	90.303
733.90	89.785
734.09	89.965
734.28	90.303
734.47	89.962
734.66	90.176
734.85	90.283
735.04	90.306
735.23	90.431
735.42	90.913
735.62	90.587
735.81	91.079
736.00	91.442
736.19	90.639
736.38	91.535
736.57	91.572
736.76	91.861
736.95	91.286
737.14	92.243
737.33	91.721
737.52	91.662
737.72	91.512
737.91	92.088
738.10	92.268
738.29	92.099
738.48	92.908
738.67	92.132
738.86	91.904
739.05	92.742
739.24	93.538
739.43	92.814
739.62	93.197
739.81	92.301
740.00	92.276
740.19	93.220
740.39	93.169
740.58	92.751
740.77	92.307
740.96	93.212
741.15	93.088
741.34	93.125
741.53	93.322
741.72	93.561
741.91	93.354
742.10	93.777
742.29	93.649
742.48	94.405
742.67	93.841
742.86	93.856
743.05	94.291
743.24	94.612
743.43	94.674
743.62	94.374
743.81	94.105
744.00	94.788
744.19	94.607
744.38	93.998
744.57	94.990
744.76	94.430
744.95	95.020
745.14	94.453
745.33	94.880
745.52	94.982
745.71	95.039
745.90	95.288
746.09	94.732
746.28	95.784
746.47	94.492
746.66	94.994
746.85	95.477
747.04	95.517
747.23	94.741
747.42	94.997
747.61	95.243
747.80	95.246
747.99	95.994
748.18	96.016
748.37	95.718
748.56	95.804
748.75	95.385
748.94	95.749
749.13	95.891
749.32	96.187
749.51	95.941
749.70	95.471
749.89	96.175
750.08	95.652
750.27	96.219
750.46	95.590
750.65	95.783
750.84	95.668
751.03	95.618
751.22	95.214
751.41	96.162
751.60	95.916
751.79	95.963
751.98	96.109
752.17	95.627
752.36	95.882
752.55	95.763
752.74	95.119
752.93	96.087
753.12	95.448
753.30	95.660
753.49	96.445
753.68	96.153
753.87	96.290
754.06	96.186
754.25	96.930
754.44	96.315
754.63	96.508
754.82	96.218
755.01	96.046
755.20	96.216
755.39	96.736
755.58	96.756
755.77	95.911
755.96	97.043
756.14	95.580
756.33	96.205
756.52	96.226
756.71	96.667
756.90	97.036
757.09	96.571
757.28	96.566
757.47	96.122
757.66	96.218
757.85	96.287
758.04	96.792
758.22	96.004
758.41	96.772
758.60	96.168
758.79	96.652
758.98	97.018
759.17	96.689
759.36	97.227
759.55	97.223
759.74	97.319
759.92	96.711
760.11	97.171
760.30	96.600
760.49	96.900
760.68	97.231
760.87	97.236
761.06	96.697
761.25	96.944
761.43	96.450
761.62	96.704
761.81	96.320
762.00	96.178
762.19	96.662
762.38	96.918
762.57	96.980
762.76	97.164
762.94	96.666
763.13	96.813
763.32	96.246
763.51	97.144
763.70	96.990
763.89	97.100
764.07	97.201
764.26	96.843
764.45	97.422
764.64	96.929
764.83	96.293
765.02	96.666
765.21	97.336
765.39	96.402
765.58	96.631
765.77	96.940
765.96	97.503
766.15	97.283
766.34	96.708
766.52	97.398
766.71	97.059
766.90	96.614
767.09	96.239
767.28	96.404
767.46	96.987
767.65	97.495
767.84	97.345
768.03	96.965
768.22	96.703
768.40	96.598
768.59	97.064
768.78	97.198
768.97	96.747
769.16	97.381
769.34	96.964
769.53	96.964
769.72	96.595
769.91	96.701
770.10	97.428
770.28	96.373
770.47	97.932
770.66	96.165
770.85	96.947
771.04	96.616
771.22	97.043
771.41	97.106
771.60	97.542
771.79	96.703
771.98	96.932
772.16	96.472
772.35	97.029
772.54	97.308
772.73	97.474
772.91	96.473
773.10	97.283
773.29	97.289
773.48	96.972
773.66	96.868
773.85	96.840
774.04	96.873
774.23	96.567
774.41	96.348
774.60	96.733
774.79	96.326
774.98	96.921
775.16	97.197
775.35	96.991
775.54	97.381
775.73	96.760
775.91	96.368
776.10	96.575
776.29	97.105
776.48	96.458
776.66	97.249
776.85	96.064
777.04	97.894
777.23	96.943
777.41	97.591
777.60	97.229
777.79	96.893
777.97	97.298
778.16	97.444
778.35	96.982
778.54	97.571
778.72	97.080
778.91	96.778
779.10	97.160
779.28	97.167
779.47	96.797
779.66	96.789
779.85	97.797
780.03	97.174
780.22	97.054
780.41	97.349
780.59	97.998
780.78	97.395
780.97	97.117
781.15	96.496
781.34	96.355
781.53	97.031
781.71	97.428
781.90	97.121
782.09	96.739
782.27	97.371
782.46	96.850
782.65	96.750
782.84	96.883
783.02	96.434
783.21	96.906
783.40	97.055
783.58	96.735
783.77	97.249
783.96	97.214
784.14	97.169
784.33	97.400
784.52	97.406
784.70	97.066
784.89	96.879
785.07	96.633
785.26	97.204
785.45	96.984
785.63	96.855
785.82	97.229
786.01	96.881
786.19	97.484
786.38	96.971
786.57	97.196
786.75	96.658
786.94	96.710
787.13	97.195
787.31	95.950
787.50	96.594
787.68	96.224
787.87	96.517
788.06	96.985
788.24	97.183
788.43	96.895
788.62	96.712
788.80	96.873
788.99	96.898
789.17	96.985
789.36	97.686
789.55	97.304
789.73	96.434
789.92	96.707
790.10	97.549
790.29	96.628
790.48	96.687
790.66	96.389
790.85	96.457
791.03	97.406
791.22	96.093
791.41	97.166
791.59	96.633
791.78	97.256
791.96	97.045
792.15	97.356
792.34	96.481
792.52	97.349
792.71	97.080
792.89	97.029
793.08	96.939
793.27	97.117
793.45	97.112
793.64	97.380
793.82	97.118
794.01	97.140
794.19	97.086
794.38	97.787
794.57	97.029
794.75	96.597
794.94	96.927
795.12	96.517
795.31	97.152
795.49	97.257
795.68	96.570
795.86	97.145
796.05	96.957
796.24	96.927
796.42	97.434
796.61	96.715
796.79	97.282
796.98	97.044
797.16	96.844
797.35	96.396
797.53	96.886
797.72	97.325
797.90	97.307
798.09	97.014
798.27	96.274
798.46	96.987
798.65	96.795
798.83	96.914
799.02	97.538
799.20	96.932
799.39	97.694
799.57	96.801
799.76	96.764
799.94	97.634
800.13	97.172
800.31	97.722
800.50	97.422
800.68	97.351
800.87	97.304
801.05	97.064
801.24	96.978
801.42	97.428
801.61	96.828
801.79	96.877
801.98	97.331
802.16	96.961
802.35	98.071
802.53	96.488
802.72	97.676
802.90	96.996
803.09	97.602
803.27	97.333
803.46	96.579
803.64	97.659
803.83	97.601
804.01	97.515
804.20	96.816
804.38	97.313
804.56	96.930
804.75	97.057
804.93	97.781
805.12	97.059
805.30	97.936
805.49	97.187
805.67	97.226
805.86	96.760
806.04	97.441
806.23	97.103
806.41	97.432
806.59	96.638
806.78	97.104
806.96	97.973
807.15	98.221
807.33	97.000
807.52	97.920
807.70	96.621
807.89	97.469
808.07	97.316
808.25	96.908
808.44	97.240
808.62	96.776
808.81	97.827
808.99	96.563
809.18	97.529
809.36	97.626
809.54	97.378
809.73	96.654
809.91	96.159
810.10	97.295
810.28	97.330
810.47	97.153
810.65	96.938
810.83	97.405
811.02	96.422
811.20	98.164
811.39	97.032
811.57	96.994
811.75	96.878
811.94	97.538
812.12	97.164
812.31	97.516
812.49	96.669
812.67	97.262
812.86	97.181
813.04	97.323
813.23	98.091
813.41	97.344
813.59	97.556
813.78	96.745
813.96	97.854
814.14	96.472
814.33	97.019
814.51	97.426
814.70	97.455
814.88	96.907
815.06	97.267
815.25	97.501
815.43	97.348
815.61	98.335
815.80	97.872
815.98	97.266
816.16	97.243
816.35	98.038
816.53	96.819
816.72	96.777
816.90	97.494
817.08	97.766
817.27	96.696
817.45	97.716
817.63	97.125
817.82	97.489
818.00	97.198
818.18	96.896
818.37	97.795
818.55	97.235
818.73	97.934
818.92	97.732
819.10	97.632
819.28	97.834
819.47	97.091
819.65	98.136
819.83	97.393
820.02	97.835
820.20	97.867
820.38	97.361
820.57	97.522
820.75	97.146
820.93	98.122
821.11	97.362
821.30	96.786
821.48	97.190
821.66	97.588
821.85	98.520
822.03	96.975
822.21	97.048
822.40	97.334
822.58	97.898
822.76	97.333
822.94	96.987
823.13	97.535
823.31	97.430
823.49	98.184
823.68	96.905
823.86	97.502
824.04	97.159
824.22	97.589
824.41	97.903
824.59	97.458
824.77	97.744
824.96	97.085
825.14	97.472
825.32	97.201
825.50	97.004
825.69	97.738
825.87	97.809
826.05	97.751
826.23	97.297
826.42	98.029
826.60	97.703
826.78	96.977
826.96	97.583
827.15	97.645
827.33	97.478
827.51	97.593
827.69	97.846
827.88	96.893
828.06	96.992
828.24	97.024
828.42	97.453
828.61	96.435
828.79	96.908
828.97	97.600
829.15	97.781
829.34	97.853
829.52	98.261
829.70	97.696
829.88	97.298
830.06	98.533
830.25	97.056
830.43	97.456
830.61	97.632
830.79	98.109
830.97	97.255
831.16	98.145
831.34	98.107
831.52	97.604
831.70	97.724
831.89	97.679
832.07	97.866
832.25	97.212
832.43	98.016
832.61	97.519
832.80	97.178
832.98	97.345
833.16	97.707
833.34	97.695
833.52	97.441
833.70	97.274
833.89	97.745
834.07	97.133
834.25	97.470
834.43	96.605
834.61	97.867
834.80	98.168
834.98	97.189
835.16	97.294
835.34	97.901
835.52	97.296
835.70	97.241
835.89	98.859
836.07	97.465
836.25	98.042
836.43	97.553
836.61	97.650
836.79	97.197
836.97	96.619
837.16	97.641
837.34	97.194
837.52	97.673
837.70	97.752
837.88	97.529
838.06	97.632
838.24	96.581
838.43	97.667
838.61	96.693
838.79	97.212
838.97	97.692
839.15	97.415
839.33	98.314
839.51	97.897
839.70	97.718
839.88	97.540
840.06	97.894
840.24	97.995
840.42	98.278
840.60	97.929
840.78	98.174
840.96	98.190
841.14	97.050
841.33	98.183
841.51	98.126
841.69	99.123
841.87	98.065
842.05	97.972
842.23	98.220
842.41	98.363
842.59	97.931
842.77	97.391
842.95	97.769
843.14	96.803
843.32	97.782
843.50	97.733
843.68	97.208
843.86	97.569
844.04	97.497
844.22	97.317
844.40	98.789
844.58	98.126
844.76	98.077
844.94	98.138
845.12	97.627
845.30	97.680
845.49	97.793
845.67	98.090
845.85	97.406
846.03	97.021
846.21	97.032
846.39	99.151
846.57	97.878
846.75	97.764
846.93	98.045
847.11	98.129
847.29	98.288
847.47	98.839
847.65	98.318
847.83	97.327
848.01	97.543
848.19	97.689
848.37	97.325
848.55	97.147
848.73	97.390
848.91	97.850
849.09	97.291
849.27	97.060
849.46	97.595
849.64	98.404
849.82	98.891
850.00	97.290
850.18	97.501
850.36	97.363
850.54	97.886
850.72	97.613
850.90	97.449
851.08	96.695
851.26	97.704
851.44	97.357
851.62	97.453
851.80	97.277
851.98	97.865
852.16	98.095
852.34	98.358
852.52	97.713
852.70	97.788
852.88	98.277
853.06	97.595
853.24	98.330
853.42	97.721
853.60	97.772
853.78	97.586
853.96	97.805
854.14	97.615
854.31	97.248
854.49	98.706
854.67	98.369
854.85	96.747
855.03	98.991
855.21	98.463
855.39	97.367
855.57	98.661
855.75	97.577
855.93	98.034
856.11	98.608
856.29	99.172
856.47	98.312
856.65	98.615
856.83	97.523
857.01	97.606
857.19	98.028
857.37	97.941
857.55	99.046
857.73	98.365
857.91	98.164
858.09	97.111
858.26	97.837
858.44	98.698
858.62	98.301
858.80	98.313
858.98	98.903
859.16	98.365
859.34	98.750
859.52	99.030
859.70	98.163
859.88	97.073
860.06	97.254
860.24	97.041
860.42	97.905
860.59	97.986
860.77	97.578
860.95	97.889
861.13	97.307
861.31	97.137
861.49	98.007
861.67	97.357
861.85	98.494
862.03	97.302
862.21	97.918
862.38	98.526
862.56	97.447
862.74	97.072
862.92	97.671
863.10	97.932
863.28	97.548
863.46	97.684
863.64	97.487
863.82	97.606
863.99	97.054
864.17	97.386
864.35	97.705
864.53	97.693
864.71	98.057
864.89	98.113
865.07	98.354
865.24	98.421
865.42	98.143
865.60	98.700
865.78	98.373
865.96	99.464
866.14	97.840
866.32	98.034
866.49	97.239
866.67	98.559
866.85	97.161
867.03	97.077
867.21	97.605
867.39	98.355
867.56	98.817
867.74	97.748
867.92	97.776
868.10	97.718
868.28	98.653
868.46	97.903
868.63	97.249
868.81	98.301
868.99	97.406
869.17	97.664
869.35	97.453
869.53	98.580
869.70	97.710
869.88	97.690
870.06	97.965
870.24	98.007
870.42	98.016
870.59	98.063
870.77	97.744
870.95	96.875
871.13	98.676
871.31	99.382
871.48	98.327
871.66	97.494
871.84	97.762
872.02	96.840
872.20	98.421
872.37	96.970
872.55	98.303
872.73	97.826
872.91	97.254
873.08	98.780
873.26	98.246
873.44	98.527
873.62	99.312
873.80	98.962
873.97	98.463
874.15	98.129
874.33	97.842
874.51	97.025
874.68	98.258
874.86	98.716
875.04	97.826
875.22	97.518
875.39	97.728
875.57	97.678
875.75	98.436
875.93	97.197
876.10	97.573
876.28	97.607
876.46	97.904
876.64	98.169
876.81	97.645
876.99	98.071
877.17	97.522
877.35	97.811
877.52	97.909
877.70	96.927
877.88	98.441
878.06	97.688
878.23	97.860
878.41	98.416
878.59	98.149
878.76	98.049
878.94	96.904
879.12	97.238
879.30	98.179
879.47	98.272
879.65	98.400
879.83	96.628
880.00	97.942
880.18	98.383
880.36	98.636
880.53	98.246
880.71	97.506
880.89	98.288
881.07	97.582
881.24	97.596
881.42	98.172
881.60	98.248
881.77	98.209
881.95	98.916
882.13	97.755
882.30	97.823
882.48	98.415
882.66	97.267
882.83	97.829
883.01	97.772
883.19	97.836
883.36	98.563
883.54	98.877
883.72	97.335
883.89	97.469
884.07	99.802
884.25	98.861
884.42	98.713
884.60	97.945
884.78	98.910
884.95	97.721
885.13	98.500
885.31	99.317
885.48	98.804
885.66	98.256
885.84	97.007
886.01	98.332
886.19	98.652
886.36	97.012
886.54	98.385
886.72	98.094
886.89	97.686
887.07	99.094
887.25	96.924
887.42	97.212
887.60	96.472
887.78	97.282
887.95	98.693
888.13	98.043
888.30	98.034
888.48	98.182
888.66	96.287
888.83	98.066
889.01	98.157
889.18	98.176
889.36	98.141
889.54	97.649
889.71	97.404
889.89	98.191
890.06	98.098
890.24	98.434
890.42	98.717
890.59	97.689
890.77	97.783
890.94	98.186
891.12	98.869
891.30	97.307
891.47	97.829
891.65	98.392
891.82	98.550
892.00	98.246
892.17	98.353
892.35	98.478
892.53	97.972
892.70	99.012
892.88	97.690
893.05	97.872
893.23	98.824
893.40	97.750
893.58	97.731
893.75	97.114
893.93	98.052
894.11	98.528
894.28	98.401
894.46	98.099
894.63	98.014
894.81	98.704
894.98	98.601
895.16	99.075
895.33	97.390
895.51	98.052
895.68	98.798
895.86	97.182
896.04	98.897
896.21	97.747
896.39	97.873
896.56	98.476
896.74	98.213
896.91	98.487
897.09	99.426
897.26	97.578
897.44	98.096
897.61	98.268
897.79	98.311
897.96	97.126
898.14	98.522
898.31	97.500
898.49	97.623
898.66	97.405
898.84	98.145
899.01	98.715
899.19	98.552
899.36	97.106
899.54	98.302
899.71	98.862
899.89	97.728
900.06	97.305
900.24	98.220
900.41	98.042
900.59	98.733
900.76	97.192
900.94	98.386
901.11	97.799
901.29	99.395
901.46	98.317
901.63	97.711
901.81	98.048
901.98	98.825
902.16	97.466
902.33	99.125
902.51	97.494
902.68	97.794
902.86	98.593
903.03	97.980
903.21	97.316
903.38	98.363
903.56	97.380
903.73	98.385
903.90	97.109
904.08	97.582
904.25	97.649
904.43	97.525
904.60	98.245
904.78	98.262
904.95	98.774
905.12	97.962
905.30	98.227
905.47	97.056
905.65	98.322
905.82	98.670
906.00	99.277
906.17	98.401
906.34	97.542
906.52	97.968
906.69	97.179
906.87	97.305
907.04	98.039
907.21	99.061
907.39	97.355
907.56	96.680
907.74	98.072
907.91	98.687
908.08	98.043
908.26	98.547
908.43	98.381
908.61	98.544
908.78	98.950
908.95	98.452
909.13	97.371
909.30	98.736
909.48	98.200
909.65	98.467
909.82	97.890
910.00	98.663
910.17	99.139
910.34	98.863
910.52	98.838
910.69	99.336
910.87	98.090
911.04	97.821
911.21	97.864
911.39	98.171
911.56	97.688
911.73	98.191
911.91	97.678
912.08	97.887
912.25	98.407
912.43	98.828
912.60	97.465
912.77	97.973
912.95	97.351
913.12	97.657
913.29	98.809
913.47	98.409
913.64	99.246
913.81	98.127
913.99	98.650
914.16	97.881
914.33	96.671
914.51	98.599
914.68	98.500
914.85	98.146
915.03	96.660
915.20	98.119
915.37	97.019
915.55	98.345
915.72	98.181
915.89	98.103
916.07	98.933
916.24	97.714
916.41	98.438
916.59	99.778
916.76	99.195
916.93	98.528
917.10	98.554
917.28	98.091
917.45	97.856
917.62	97.899
917.80	98.151
917.97	99.081
918.14	98.008
918.31	97.579
918.49	97.597
918.66	96.930
918.83	98.346
919.01	97.826
919.18	97.754
919.35	98.753
919.52	98.954
919.70	98.374
919.87	98.680
920.04	98.431
920.21	99.479
920.39	98.450
920.56	100.451
920.73	98.725
920.90	97.075
921.08	98.153
921.25	97.772
921.42	97.639
921.59	97.526
921.77	98.493
921.94	99.246
922.11	99.177
922.28	99.561
922.46	98.602
922.63	98.191
922.80	98.295
922.97	97.695
923.15	98.200
923.32	98.200
923.49	97.396
923.66	98.365
923.83	98.822
924.01	98.192
924.18	99.054
924.35	99.514
924.52	98.972
924.69	99.092
924.87	98.052
925.04	98.558
925.21	97.655
925.38	99.144
925.55	99.304
925.73	97.600
925.90	98.849
926.07	99.880
926.24	99.143
926.41	97.743
926.59	100.694
926.76	98.290
926.93	99.475
927.10	99.132
927.27	97.712
927.45	98.090
927.62	97.574
927.79	96.879
927.96	96.875
928.13	97.843
928.30	96.726
928.48	96.110
928.65	99.068
928.82	99.056
928.99	99.994
929.16	97.586
929.33	96.673
929.50	98.788
929.68	99.050
929.85	98.355
930.02	98.080
930.19	99.680
930.36	97.197
930.53	98.907
930.70	99.457
930.88	98.156
931.05	97.877
931.22	100.336
931.39	99.200
931.56	97.651
931.73	98.794
931.90	98.353
932.08	98.270
932.25	100.403
932.42	99.599
932.59	98.116
932.76	96.586
932.93	99.126
933.10	98.632
933.27	98.957
933.44	97.495
933.62	97.305
933.79	95.935
933.96	98.132
934.13	99.100
934.30	98.894
934.47	100.238
934.64	99.077
934.81	97.120
934.98	96.577
935.15	98.000
935.32	98.009
935.50	98.409
935.67	97.095
935.84	98.820
936.01	99.906
936.18	99.232
936.35	99.427
936.52	98.479
936.69	97.954
936.86	96.426
937.03	95.554
937.20	97.726
937.37	97.854
937.54	97.282
937.71	97.692
937.89	96.399
938.06	96.081
938.23	99.847
938.40	97.764
938.57	100.129
938.74	97.734
938.91	95.178
939.08	95.582
939.25	97.217
939.42	95.979
939.59	96.464
939.76	97.191
939.93	97.298
940.10	100.569
940.27	91.180
940.44	97.816
940.61	97.500
940.78	101.606
940.95	96.448
941.12	97.944
941.29	94.005
941.46	93.646
941.63	96.653
941.80	97.204
941.97	93.877
942.14	94.581
942.31	99.807
942.48	96.664
942.65	98.092
942.82	96.909
942.99	96.537
943.16	95.918
943.33	96.903
943.50	95.886
943.67	92.380
943.84	99.017
944.01	97.231
944.18	95.432
944.35	92.839
944.52	99.680
944.69	95.521
944.86	95.170
945.03	99.082
945.20	94.663
945.37	96.426
945.54	97.307
945.71	95.274
945.88	95.521
946.05	97.443
946.22	95.426
946.39	92.983
946.56	96.470
946.73	94.496
946.90	93.216
947.07	97.470
947.23	98.705
947.40	98.434
947.57	96.312
947.74	96.879
947.91	97.251
948.08	95.787
948.25	96.009
948.42	95.563
948.59	100.425
948.76	96.595
948.93	94.578
949.10	96.662
949.27	97.760
949.44	95.750
949.60	95.366
949.77	95.978
949.94	95.519
950.11	95.281
950.28	96.797
950.45	97.291
950.62	95.419
950.79	98.142
950.96	93.995
951.13	95.583
951.30	99.504
951.46	99.613
951.63	96.029
951.80	97.620
951.97	94.082
952.14	97.069
952.31	96.368
952.48	98.527
952.65	100.917
952.81	97.751
952.98	95.572
953.15	95.288
953.32	98.660
953.49	94.430
953.66	96.334
953.83	97.299
954.00	97.111
954.16	98.214
954.33	96.735
954.50	96.859
954.67	98.007
954.84	95.289
955.01	96.896
955.18	100.656
955.34	96.185
955.51	97.545
955.68	96.633
955.85	97.062
956.02	97.127
956.19	96.293
956.35	98.747
956.52	97.922
956.69	95.710
956.86	95.811
957.03	96.625
957.20	96.939
957.36	97.501
957.53	95.399
957.70	99.147
957.87	95.586
958.04	98.132
958.21	97.009
958.37	97.699
958.54	96.984
958.71	99.192
958.88	96.436
959.05	97.293
959.21	96.832
959.38	97.527
959.55	97.898
959.72	95.604
959.89	99.353
960.05	99.599
960.22	97.053
960.39	96.545
960.56	97.955
960.72	95.830
960.89	99.121
961.06	95.506
961.23	96.030
961.40	97.729
961.56	95.698
961.73	97.302
961.90	96.718
962.07	98.036
962.23	97.988
962.40	92.792
962.57	98.355
962.74	96.607
962.90	95.897
963.07	97.693
963.24	95.915
963.41	96.406
963.57	98.166
963.74	96.287
963.91	98.277
964.08	95.079
964.24	96.677
964.41	97.976
964.58	95.984
964.75	98.301
964.91	94.851
965.08	98.298
965.25	95.721
965.42	97.050
965.58	96.262
965.75	97.617
965.92	95.021
966.08	94.789
966.25	94.270
966.42	96.474
966.59	97.035
966.75	95.342
966.92	97.185
967.09	97.584
967.25	102.058
967.42	97.153
967.59	96.872
967.75	98.335
967.92	95.712
968.09	98.038
968.26	99.716
968.42	96.115
968.59	95.791
968.76	97.886
968.92	96.295
969.09	98.286
969.26	96.359
969.42	97.326
969.59	97.228
969.76	96.666
969.92	95.545
970.09	99.940
970.26	97.608
970.42	97.134
970.59	96.832
970.76	99.690
970.92	98.872
971.09	97.494
971.26	95.972
971.42	96.610
971.59	98.654
971.76	97.063
971.92	98.217
972.09	98.439
972.25	94.897
972.42	97.584
972.59	100.030
972.75	98.483
972.92	94.630
973.09	96.199
973.25	98.350
973.42	96.596
973.58	96.812
973.75	97.600
973.92	97.863
974.08	95.656
974.25	96.686
974.42	99.186
974.58	95.784
974.75	97.147
974.91	97.724
975.08	97.901
975.25	94.814
975.41	95.870
975.58	100.859
975.74	97.544
975.91	98.637
976.08	98.230
976.24	96.552
976.41	98.572
976.57	100.145
976.74	97.240
976.91	97.492
977.07	99.255
977.24	98.461
977.40	94.326
977.57	96.419
977.73	98.813
977.90	99.405
978.07	99.133
978.23	94.238
978.40	98.611
978.56	97.109
978.73	98.447
978.89	97.423
979.06	96.686
979.22	98.567
979.39	98.625
979.56	97.674
979.72	96.648
979.89	98.941
980.05	96.749
980.22	97.084
980.38	99.413
980.55	93.857
980.71	97.834
980.88	98.885
981.04	94.089
981.21	97.422
981.37	97.581
981.54	98.951
981.70	97.942
981.87	99.336
982.04	96.877
982.20	99.067
982.37	104.205
982.53	94.243
982.70	98.587
982.86	100.000
983.03	98.656
983.19	99.437
983.36	100.906
983.52	96.545
983.69	97.367
983.85	96.656
984.02	95.767
984.18	98.179
984.35	99.761
984.51	98.479
984.68	98.122
984.84	98.835
985.00	99.928
985.17	99.513
985.33	97.400
985.50	97.224
985.66	98.181
985.83	103.078
985.99	97.898
986.16	94.916
986.32	96.506
986.49	98.670
986.65	97.573
986.82	96.310
986.98	100.259
987.15	99.036
987.31	100.217
987.47	96.347
987.64	100.176
987.80	99.192
987.97	97.936
988.13	99.056
988.30	97.537
988.46	97.953
988.63	98.285
988.79	96.842
988.95	100.291
989.12	98.062
989.28	97.706
989.45	99.692
989.61	95.763
989.77	96.224
989.94	96.614
990.10	98.910
990.27	96.638
990.43	96.663
990.60	98.807
990.76	96.953
990.92	99.717
991.09	97.142
991.25	99.448
991.42	98.954
991.58	101.187
991.74	100.110
991.91	99.978
992.07	99.956
992.24	96.245
992.40	97.201
992.56	99.776
992.73	97.902
992.89	94.854
993.05	98.003
993.22	97.992
993.38	92.843
993.55	100.305
993.71	99.117
993.87	99.353
994.04	99.908
994.20	98.140
994.36	101.969
994.53	101.233
994.69	97.519
994.85	98.835
995.02	98.900
995.18	100.515
995.34	95.436
995.51	101.654
995.67	96.054
995.84	101.671
996.00	96.983
996.16	98.950
996.33	97.714
996.49	101.468
996.65	98.435
996.82	98.785
996.98	99.133
997.14	102.535
997.31	101.679
997.47	99.975
997.63	100.668
997.79	102.433
997.96	99.273
998.12	97.161
998.28	100.887
998.45	98.173
998.61	97.765
998.77	92.338
998.94	96.271
999.10	98.522
999.26	99.599
999.43	103.044
999.59	95.175
999.75	102.446
999.91	95.822
1000.08	98.840
1000.24	98.527
1000.40	97.060
1000.57	99.550
1000.73	96.585
1000.89	96.827
1001.05	100.972
1001.22	103.530
1001.38	99.219
1001.54	99.830
1001.70	103.063
1001.87	97.371
1002.03	97.497
1002.19	100.265
1002.35	102.265
1002.52	99.151
1002.68	98.278
1002.84	100.907
1003.00	101.670
1003.17	102.946
1003.33	98.308
1003.49	99.909
1003.65	96.864
1003.82	103.990
1003.98	98.025
1004.14	97.249
1004.30	97.783
1004.47	95.513
1004.63	97.438
1004.79	98.436
1004.95	102.944
1005.11	98.471
1005.28	100.095
1005.44	101.950
1005.60	103.756
1005.76	99.551
1005.93	96.825
1006.09	95.254
1006.25	100.676
1006.41	106.392
1006.57	98.241
1006.74	100.261
1006.90	102.433
1007.06	98.625
1007.22	101.217
1007.38	101.166
1007.55	96.753
1007.71	100.397
1007.87	98.553
1008.03	100.415
1008.19	99.549
1008.35	97.668
1008.52	99.773
1008.68	99.094
1008.84	100.145
1009.00	101.754
1009.16	99.287
1009.32	102.999
1009.49	96.385
1009.65	102.858
1009.81	104.284
1009.97	99.815
1010.13	97.224
1010.29	97.078
1010.46	103.642
1010.62	100.884
1010.78	97.727
1010.94	104.156
1011.10	100.000
1011.26	100.597
1011.42	100.197
1011.59	97.937
1011.75	104.115
1011.91	99.475
1012.07	96.126
1012.23	101.560
1012.39	100.202
1012.55	96.907
1012.71	101.566
1012.88	101.938
1013.04	98.624
1013.20	98.170
1013.36	98.275
1013.52	100.082
1013.68	104.471
1013.84	98.412
1014.00	101.234
1014.16	100.602
1014.33	101.146
1014.49	102.712
1014.65	97.211
1014.81	94.137
1014.97	96.459
1015.13	99.059
1015.29	100.570
1015.45	97.514
1015.61	96.952
1015.77	102.802
1015.93	102.248
1016.09	103.280
1016.26	100.867
1016.42	97.704
1016.58	97.790
1016.74	99.243
1016.90	96.053
1017.06	100.958
1017.22	105.164
1017.38	98.987
1017.54	94.688
1017.70	96.326
1017.86	103.296
1018.02	95.525
1018.18	101.270
1018.34	111.549
1018.50	93.241
1018.66	100.609
1018.82	107.147
1018.98	103.495
1019.14	106.711
1019.31	97.801
1019.47	99.104
1019.63	104.236
1019.79	100.957
1019.95	96.724
1020.11	98.002
1020.27	101.815
1020.43	102.328
1020.59	111.957
1020.75	98.871
1020.91	100.441
1021.07	107.544
1021.23	97.302
1021.39	95.968
1021.55	103.565
1021.71	101.970
1021.87	98.919
1022.03	106.250
1022.19	104.283
1022.35	98.508
1022.51	98.138
1022.67	95.788
1022.83	96.788
1022.99	106.258
1023.15	100.000
1023.31	91.712
1023.47	102.233
1023.63	101.059
1023.79	99.813
1023.95	96.518
1024.10	107.016
1024.26	100.726
1024.42	100.841
1024.58	94.666
1024.74	96.043
1024.90	103.782
1025.06	104.960
1025.22	94.437
1025.38	97.959
1025.54	98.710
1025.70	94.168
1025.86	102.683
1026.02	98.138
1026.18	106.181
1026.34	99.862
1026.50	92.384
1026.66	102.538
1026.82	103.230
1026.98	122.436
1027.13	96.232
1027.29	98.955
1027.45	105.447
1027.61	86.032
1027.77	98.888
1027.93	99.234
1028.09	98.440
1028.25	102.874
1028.41	99.345
1028.57	97.931
1028.73	94.383
1028.88	122.694
1029.04	87.752
1029.20	111.869
1029.36	91.417
1029.52	101.344
1029.68	95.706
1029.84	98.170
1030.00	99.384
1030.16	105.921
1030.32	97.693
1030.47	100.464
1030.63	110.662
1030.79	99.921
1030.95	103.704
1031.11	100.488
1031.27	104.380
1031.43	103.231
1031.59	102.044
1031.74	103.442
1031.90	99.387
1032.06	87.715
1032.22	110.138
1032.38	108.624
1032.54	92.210
1032.69	93.916
1032.85	92.857
1033.01	101.787
1033.17	101.206
1033.33	96.654
1033.49	106.058
1033.65	99.147
1033.80	103.518
1033.96	102.345
1034.12	106.393
1034.28	90.734
1034.44	94.869
1034.60	89.366
1034.75	87.308
1034.91	102.195
1035.07	90.900
1035.23	98.890
1035.39	107.781
1035.54	94.107
1035.70	100.991
1035.86	99.372
1036.02	93.933
1036.18	97.146
1036.33	92.034
1036.49	94.002
1036.65	95.199
1036.81	93.652
1036.97	95.047
1037.12	93.608
1037.28	93.973
1037.44	108.202
1037.60	106.770
1037.76	110.974
1037.91	114.172
1038.07	96.633
1038.23	101.645
1038.39	106.892
1038.54	95.833
1038.70	101.799
1038.86	100.271
1039.02	88.200
1039.17	89.007
1039.33	109.823
1039.49	116.854
1039.65	78.378
1039.80	101.699
1039.96	97.049
1040.12	96.514
1040.28	105.920
>>>>> Data<<<<< Espectral Procesado Extremo
