Fichero De Datos De SpectraSuite
++++++++++++++++++++++++++++++++++++
Fecha: Mon Jun 29 09:34:40 CST 2026
Usuario: HP
Presente Oscuro Del Espectro: Sí
La Referencia de Presente Del Espectro De: Sí
Muestreados de los componentes de Número de espectros: 1
Espectrómetros: USB4H06056
Tiempo de integración (usec): 300000 (USB4H06056)
Promedio de Espectros Hechos un: 5 (USB4H06056)
El Alisar Del Furgón: 0 (USB4H06056)
Párrafo de de Corregir del la del del de Eléctrica del obscuridad: No (USB4H06056)
Estrobo/Lámpara Permitido: No (USB4H06056)
Correct for Detector Non-linearity: No (USB4H06056)
Párrafo de de Corregir del la del del de Externa del luz: No (USB4H06056)
Procesado del espectro de Número de pixeles en: 3648
>>>>> Comienza Data<<<<< Espectral Procesado Del EL
345.09	63.158
345.30	63.158
345.52	63.158
345.74	-37.500
345.95	-129.032
346.17	-143.333
346.39	-17.822
346.60	96.154
346.82	-500.000
347.04	9.474
347.25	91.667
347.47	21.739
347.69	70.946
347.90	94.118
348.12	457.143
348.34	62.963
348.56	34.940
348.77	25.676
348.99	7.627
349.21	251.064
349.42	52.683
349.64	74.786
349.86	67.021
350.07	34.426
350.29	136.364
350.51	38.068
350.72	64.417
350.94	46.392
351.16	102.222
351.37	0.488
351.59	12.346
351.81	136.765
352.02	101.786
352.24	112.195
352.46	-18.966
352.67	482.609
352.89	93.567
353.10	150.000
353.32	75.188
353.54	144.444
353.75	104.895
353.97	30.081
354.19	99.134
354.40	-92.063
354.62	63.816
354.84	5.682
355.05	30.714
355.27	143.269
355.49	72.628
355.70	60.119
355.92	66.316
356.14	69.841
356.35	65.990
356.57	106.250
356.78	88.350
357.00	94.643
357.22	138.667
357.43	40.299
357.65	108.130
357.87	98.113
358.08	42.857
358.30	81.061
358.51	65.566
358.73	69.072
358.95	86.256
359.16	52.273
359.38	194.203
359.60	22.378
359.81	116.588
360.03	94.318
360.24	111.538
360.46	20.714
360.68	139.409
360.89	23.776
361.11	-290.909
361.33	37.269
361.54	104.819
361.76	72.000
361.97	79.444
362.19	225.397
362.41	42.466
362.62	38.462
362.84	89.116
363.05	83.523
363.27	41.333
363.49	58.333
363.70	90.066
363.92	83.626
364.13	71.875
364.35	151.240
364.57	168.132
364.78	84.314
365.00	473.333
365.21	117.483
365.43	71.628
365.65	42.188
365.86	194.595
366.08	83.475
366.29	60.638
366.51	77.273
366.73	52.518
366.94	92.469
367.16	66.897
367.37	42.411
367.59	33.962
367.80	73.494
368.02	128.497
368.24	132.941
368.45	105.426
368.67	37.975
368.88	73.333
369.10	108.247
369.31	116.170
369.53	80.000
369.75	124.503
369.96	96.380
370.18	100.524
370.39	46.948
370.61	98.895
370.82	71.134
371.04	207.317
371.26	84.390
371.47	64.789
371.69	121.875
371.90	408.889
372.12	322.222
372.33	152.703
372.55	61.500
372.76	76.101
372.98	88.136
373.20	104.032
373.41	94.167
373.63	142.308
373.84	82.199
374.06	93.291
374.27	133.908
374.49	106.803
374.70	74.123
374.92	176.471
375.13	130.144
375.35	97.129
375.57	53.488
375.78	166.667
376.00	115.132
376.21	92.593
376.43	108.947
376.64	106.569
376.86	158.549
377.07	108.054
377.29	62.776
377.50	121.127
377.72	129.730
377.93	134.756
378.15	75.934
378.36	84.737
378.58	112.162
378.80	141.875
379.01	83.412
379.23	248.462
379.44	153.333
379.66	178.846
379.87	193.151
380.09	111.885
380.30	105.759
380.52	90.148
380.73	138.430
380.95	114.537
381.16	92.885
381.38	112.205
381.59	102.105
381.81	152.000
382.02	167.550
382.24	93.645
382.45	115.432
382.67	130.539
382.88	116.286
383.10	121.084
383.31	103.431
383.53	142.424
383.74	131.023
383.96	138.835
384.17	124.615
384.39	91.126
384.60	123.420
384.82	133.636
385.03	104.527
385.25	97.642
385.46	108.517
385.68	124.453
385.89	116.165
386.11	102.308
386.32	138.819
386.54	150.943
386.75	133.808
386.97	99.693
387.18	100.341
387.40	100.000
387.61	156.219
387.83	103.667
388.04	138.095
388.25	135.021
388.47	131.449
388.68	92.925
388.90	129.958
389.11	134.722
389.33	111.969
389.54	116.471
389.76	94.562
389.97	84.356
390.19	191.620
390.40	108.168
390.62	137.500
390.83	168.584
391.05	123.897
391.26	221.827
391.47	86.647
391.69	112.238
391.90	119.549
392.12	136.577
392.33	130.847
392.55	73.913
392.76	94.459
392.98	120.690
393.19	128.996
393.41	88.773
393.62	113.897
393.83	114.474
394.05	108.794
394.26	67.500
394.48	106.590
394.69	110.861
394.91	139.886
395.12	146.906
395.34	146.439
395.55	135.514
395.76	133.985
395.98	99.605
396.19	156.250
396.41	126.822
396.62	101.020
396.84	112.833
397.05	121.413
397.26	126.144
397.48	125.229
397.69	116.839
397.91	159.292
398.12	119.328
398.33	125.313
398.55	143.073
398.76	166.520
398.98	102.792
399.19	119.059
399.41	119.730
399.62	135.198
399.83	144.602
400.05	137.018
400.26	127.079
400.48	124.939
400.69	145.622
400.90	126.501
401.12	140.598
401.33	119.144
401.55	163.750
401.76	86.653
401.97	103.839
402.19	144.828
402.40	114.990
402.62	137.695
402.83	112.058
403.04	125.339
403.26	127.641
403.47	98.007
403.69	117.291
403.90	120.000
404.11	87.669
404.33	137.945
404.54	118.587
404.76	131.120
404.97	134.375
405.18	100.667
405.40	101.832
405.61	127.459
405.83	108.288
406.04	125.641
406.25	123.366
406.47	128.696
406.68	111.307
406.89	106.104
407.11	112.423
407.32	110.244
407.54	114.311
407.75	123.684
407.96	103.207
408.18	112.207
408.39	98.710
408.60	103.512
408.82	108.967
409.03	99.162
409.24	128.961
409.46	98.201
409.67	94.758
409.89	109.967
410.10	98.229
410.31	89.765
410.53	108.926
410.74	107.143
410.95	116.294
411.17	99.607
411.38	94.682
411.59	113.839
411.81	98.842
412.02	115.766
412.23	98.748
412.45	85.874
412.66	74.374
412.87	84.447
413.09	83.619
413.30	88.377
413.51	95.900
413.73	96.214
413.94	100.000
414.15	79.817
414.37	82.927
414.58	87.895
414.79	76.583
415.01	83.380
415.22	79.190
415.43	77.585
415.65	77.701
415.86	79.167
416.07	65.482
416.29	76.023
416.50	77.758
416.71	75.087
416.93	78.326
417.14	61.461
417.35	64.314
417.57	78.668
417.78	61.259
417.99	71.049
418.21	62.890
418.42	66.692
418.63	66.761
418.85	82.827
419.06	58.143
419.27	64.527
419.48	73.379
419.70	61.834
419.91	58.523
420.12	59.857
420.34	57.697
420.55	59.221
420.76	56.421
420.98	54.045
421.19	57.628
421.40	58.955
421.61	52.251
421.83	50.516
422.04	51.109
422.25	53.323
422.47	54.270
422.68	47.522
422.89	58.712
423.11	53.115
423.32	50.321
423.53	50.550
423.74	50.223
423.96	49.508
424.17	51.280
424.38	45.522
424.59	48.668
424.81	49.618
425.02	48.099
425.23	44.842
425.45	43.009
425.66	47.940
425.87	43.085
426.08	43.543
426.30	45.172
426.51	45.538
426.72	44.259
426.93	45.074
427.15	47.164
427.36	41.365
427.57	44.826
427.79	42.153
428.00	43.465
428.21	-24.933
428.42	40.457
428.64	41.156
428.85	42.919
429.06	40.124
429.27	43.656
429.49	41.896
429.70	35.290
429.91	38.614
430.12	40.434
430.34	39.797
430.55	38.363
430.76	37.846
430.97	40.206
431.19	41.209
431.40	39.906
431.61	39.105
431.82	38.731
432.03	38.694
432.25	37.987
432.46	35.171
432.67	37.219
432.88	37.882
433.10	37.225
433.31	37.045
433.52	36.792
433.73	38.184
433.95	38.951
434.16	35.970
434.37	40.448
434.58	37.500
434.79	36.925
435.01	36.971
435.22	37.835
435.43	36.269
435.64	34.662
435.86	39.251
436.07	34.943
436.28	35.218
436.49	35.620
436.70	39.148
436.92	36.947
437.13	37.408
437.34	38.224
437.55	34.907
437.76	35.239
437.98	37.231
438.19	39.233
438.40	37.110
438.61	37.902
438.82	37.179
439.04	34.992
439.25	37.746
439.46	37.024
439.67	38.913
439.88	38.178
440.10	36.203
440.31	35.821
440.52	35.742
440.73	38.505
440.94	36.321
441.16	35.882
441.37	36.982
441.58	36.729
441.79	36.043
442.00	36.070
442.21	38.233
442.43	37.265
442.64	35.315
442.85	35.743
443.06	37.411
443.27	36.901
443.48	38.023
443.70	36.576
443.91	36.108
444.12	34.598
444.33	34.251
444.54	36.272
444.75	36.389
444.97	34.318
445.18	35.993
445.39	35.545
445.60	35.274
445.81	35.548
446.02	34.848
446.24	37.249
446.45	35.554
446.66	36.079
446.87	36.511
447.08	35.785
447.29	37.733
447.51	36.874
447.72	36.236
447.93	35.441
448.14	37.023
448.35	35.418
448.56	35.260
448.77	35.711
448.99	36.484
449.20	37.076
449.41	34.849
449.62	36.897
449.83	36.976
450.04	36.034
450.25	35.481
450.46	36.297
450.68	37.144
450.89	37.530
451.10	37.487
451.31	37.141
451.52	37.847
451.73	38.014
451.94	35.897
452.15	36.680
452.37	37.301
452.58	38.506
452.79	37.647
453.00	36.105
453.21	38.574
453.42	37.742
453.63	35.786
453.84	37.538
454.06	36.761
454.27	37.858
454.48	38.198
454.69	38.085
454.90	37.396
455.11	37.683
455.32	34.862
455.53	36.959
455.74	37.484
455.95	38.180
456.17	37.807
456.38	37.685
456.59	38.987
456.80	36.768
457.01	38.413
457.22	39.716
457.43	38.402
457.64	37.832
457.85	37.460
458.06	38.250
458.27	40.381
458.49	39.026
458.70	39.067
458.91	36.541
459.12	38.576
459.33	38.017
459.54	36.613
459.75	39.127
459.96	38.816
460.17	37.441
460.38	36.507
460.59	37.859
460.80	37.885
461.01	37.306
461.23	40.166
461.44	38.774
461.65	38.311
461.86	37.235
462.07	38.414
462.28	37.830
462.49	37.735
462.70	38.079
462.91	38.835
463.12	38.113
463.33	39.252
463.54	38.665
463.75	38.584
463.96	40.081
464.17	38.826
464.38	39.236
464.59	38.821
464.81	37.361
465.02	39.220
465.23	38.212
465.44	37.949
465.65	39.742
465.86	37.871
466.07	38.738
466.28	39.034
466.49	37.969
466.70	38.681
466.91	38.632
467.12	37.326
467.33	38.317
467.54	39.635
467.75	39.271
467.96	37.563
468.17	40.029
468.38	37.324
468.59	39.031
468.80	38.793
469.01	40.019
469.22	39.078
469.43	39.317
469.64	39.056
469.85	40.326
470.06	38.833
470.27	39.355
470.48	39.206
470.69	39.120
470.90	39.428
471.11	39.612
471.32	39.426
471.53	38.844
471.74	38.662
471.95	39.833
472.16	38.684
472.37	39.229
472.58	39.083
472.79	40.302
473.00	39.464
473.21	38.979
473.42	39.288
473.63	39.295
473.84	39.317
474.05	40.077
474.26	40.299
474.47	39.130
474.68	39.171
474.89	40.009
475.10	39.466
475.31	39.320
475.52	40.026
475.73	38.937
475.94	39.659
476.15	39.536
476.36	39.178
476.57	39.814
476.78	40.195
476.99	39.361
477.20	39.345
477.41	39.674
477.62	39.343
477.83	39.053
478.04	39.703
478.25	38.541
478.46	40.262
478.67	38.937
478.88	38.587
479.09	39.724
479.30	38.848
479.51	39.046
479.72	38.995
479.93	40.079
480.14	39.878
480.35	39.720
480.56	39.748
480.77	38.684
480.98	39.212
481.18	39.467
481.39	38.762
481.60	39.377
481.81	40.133
482.02	39.265
482.23	39.129
482.44	40.214
482.65	40.647
482.86	39.943
483.07	39.300
483.28	39.960
483.49	39.691
483.70	39.829
483.91	39.613
484.12	39.658
484.33	38.428
484.53	39.487
484.74	39.816
484.95	39.708
485.16	39.450
485.37	39.109
485.58	39.561
485.79	39.647
486.00	39.193
486.21	39.376
486.42	39.796
486.63	39.624
486.84	39.731
487.05	39.983
487.25	40.138
487.46	39.397
487.67	39.649
487.88	39.524
488.09	40.263
488.30	40.205
488.51	39.799
488.72	39.323
488.93	40.077
489.14	40.861
489.35	40.630
489.55	40.026
489.76	40.250
489.97	40.024
490.18	40.139
490.39	39.963
490.60	39.753
490.81	39.807
491.02	40.185
491.23	40.977
491.43	40.441
491.64	40.341
491.85	39.930
492.06	39.710
492.27	40.004
492.48	39.516
492.69	40.221
492.90	39.791
493.11	40.508
493.31	40.993
493.52	40.282
493.73	40.003
493.94	40.089
494.15	39.668
494.36	39.430
494.57	40.260
494.78	39.706
494.98	40.409
495.19	40.401
495.40	40.327
495.61	40.945
495.82	39.822
496.03	40.091
496.24	40.303
496.44	39.872
496.65	39.977
496.86	39.940
497.07	40.303
497.28	40.662
497.49	40.145
497.70	41.515
497.90	40.578
498.11	40.782
498.32	40.299
498.53	40.587
498.74	39.924
498.95	40.450
499.15	40.082
499.36	40.453
499.57	40.560
499.78	40.239
499.99	39.910
500.20	40.554
500.40	40.260
500.61	40.614
500.82	40.813
501.03	40.478
501.24	40.524
501.45	40.738
501.65	40.822
501.86	41.031
502.07	40.345
502.28	40.960
502.49	40.998
502.70	40.896
502.90	40.540
503.11	40.470
503.32	41.033
503.53	41.052
503.74	41.451
503.94	40.918
504.15	41.183
504.36	40.770
504.57	42.269
504.78	41.448
504.98	40.945
505.19	41.154
505.40	41.424
505.61	41.561
505.82	41.134
506.02	41.156
506.23	41.300
506.44	41.126
506.65	41.450
506.86	41.755
507.06	41.699
507.27	41.407
507.48	41.248
507.69	41.299
507.90	41.187
508.10	41.924
508.31	41.637
508.52	41.555
508.73	41.863
508.94	41.912
509.14	42.143
509.35	42.084
509.56	42.535
509.77	41.989
509.97	42.194
510.18	42.256
510.39	42.177
510.60	41.964
510.80	41.955
511.01	42.500
511.22	42.431
511.43	42.643
511.64	42.264
511.84	42.922
512.05	42.022
512.26	42.954
512.47	42.817
512.67	42.931
512.88	42.962
513.09	42.974
513.30	43.313
513.50	43.565
513.71	43.138
513.92	43.110
514.13	43.431
514.33	42.982
514.54	43.920
514.75	43.263
514.96	43.203
515.16	44.296
515.37	43.558
515.58	43.997
515.78	43.504
515.99	44.533
516.20	44.328
516.41	44.488
516.61	44.994
516.82	44.871
517.03	44.646
517.24	44.569
517.44	44.991
517.65	45.400
517.86	45.087
518.07	45.471
518.27	45.439
518.48	45.426
518.69	45.311
518.89	45.635
519.10	45.901
519.31	45.591
519.52	46.048
519.72	46.042
519.93	46.336
520.14	46.780
520.34	46.568
520.55	46.275
520.76	46.733
520.96	46.536
521.17	46.554
521.38	46.666
521.59	47.084
521.79	47.314
522.00	47.434
522.21	47.010
522.41	48.256
522.62	47.474
522.83	48.520
523.03	48.424
523.24	47.941
523.45	48.572
523.66	48.911
523.86	48.591
524.07	49.121
524.28	48.613
524.48	49.643
524.69	49.129
524.90	49.325
525.10	49.679
525.31	49.408
525.52	49.919
525.72	50.433
525.93	50.536
526.14	50.156
526.34	50.326
526.55	50.802
526.76	50.774
526.96	50.613
527.17	50.746
527.38	51.452
527.58	50.829
527.79	50.745
528.00	51.770
528.20	51.913
528.41	51.666
528.62	52.629
528.82	52.130
529.03	51.871
529.24	52.276
529.44	52.425
529.65	52.268
529.85	53.124
530.06	52.568
530.27	52.415
530.47	53.529
530.68	52.981
530.89	53.651
531.09	53.280
531.30	53.795
531.51	53.598
531.71	53.755
531.92	53.662
532.13	53.609
532.33	53.660
532.54	54.449
532.74	54.918
532.95	53.931
533.16	54.232
533.36	54.916
533.57	54.597
533.78	55.412
533.98	55.197
534.19	54.561
534.39	55.280
534.60	55.599
534.81	55.227
535.01	55.151
535.22	55.693
535.42	54.917
535.63	55.798
535.84	56.112
536.04	55.262
536.25	56.024
536.45	56.128
536.66	55.813
536.87	55.995
537.07	56.671
537.28	56.457
537.48	56.558
537.69	56.532
537.90	56.558
538.10	55.824
538.31	56.290
538.51	56.834
538.72	56.692
538.93	56.264
539.13	56.600
539.34	56.278
539.54	56.914
539.75	56.900
539.96	56.424
540.16	57.255
540.37	57.010
540.57	57.060
540.78	57.069
540.98	57.722
541.19	56.427
541.40	56.948
541.60	57.767
541.81	57.806
542.01	57.580
542.22	57.424
542.42	58.226
542.63	57.779
542.83	57.569
543.04	57.419
543.25	57.634
543.45	57.034
543.66	57.388
543.86	57.905
544.07	57.004
544.27	57.567
544.48	57.805
544.68	58.078
544.89	57.860
545.10	57.578
545.30	57.643
545.51	57.554
545.71	58.101
545.92	57.254
546.12	58.094
546.33	58.357
546.53	58.055
546.74	57.815
546.94	57.835
547.15	57.927
547.36	57.891
547.56	58.339
547.77	57.722
547.97	58.065
548.18	58.141
548.38	57.816
548.59	58.157
548.79	58.034
549.00	57.773
549.20	58.340
549.41	57.815
549.61	58.199
549.82	57.753
550.02	58.200
550.23	58.327
550.43	58.256
550.64	58.216
550.84	58.076
551.05	58.082
551.25	57.756
551.46	58.228
551.66	58.468
551.87	58.447
552.07	58.230
552.28	57.938
552.48	58.015
552.69	58.790
552.89	58.355
553.10	58.564
553.30	58.309
553.51	58.653
553.71	57.825
553.92	58.650
554.12	58.245
554.33	58.050
554.53	57.847
554.74	58.489
554.94	58.733
555.15	58.557
555.35	58.815
555.56	58.705
555.76	58.715
555.97	58.610
556.17	58.665
556.38	58.140
556.58	58.765
556.78	58.221
556.99	58.443
557.19	58.254
557.40	58.210
557.60	58.341
557.81	58.244
558.01	58.198
558.22	58.397
558.42	59.010
558.63	58.250
558.83	58.627
559.04	58.288
559.24	58.131
559.44	58.834
559.65	58.231
559.85	58.487
560.06	57.975
560.26	58.326
560.47	57.766
560.67	58.613
560.88	58.035
561.08	57.714
561.28	57.937
561.49	58.495
561.69	57.900
561.90	58.366
562.10	57.740
562.31	58.161
562.51	57.668
562.71	57.706
562.92	57.740
563.12	57.428
563.33	57.471
563.53	57.468
563.74	57.869
563.94	58.003
564.14	58.037
564.35	57.571
564.55	57.233
564.76	57.645
564.96	57.418
565.17	57.450
565.37	56.960
565.57	57.244
565.78	57.036
565.98	56.916
566.19	56.750
566.39	56.648
566.59	56.985
566.80	56.329
567.00	56.784
567.21	56.212
567.41	56.565
567.61	56.487
567.82	56.598
568.02	55.695
568.23	56.462
568.43	55.420
568.63	55.763
568.84	55.450
569.04	55.760
569.24	55.669
569.45	55.660
569.65	55.163
569.86	55.348
570.06	55.432
570.26	55.905
570.47	55.455
570.67	55.161
570.87	54.734
571.08	54.326
571.28	55.112
571.49	54.307
571.69	54.416
571.89	54.529
572.10	54.286
572.30	54.519
572.50	54.530
572.71	53.903
572.91	54.339
573.11	54.246
573.32	54.065
573.52	53.733
573.73	53.432
573.93	53.620
574.13	53.595
574.34	53.486
574.54	52.974
574.74	53.794
574.95	53.276
575.15	52.963
575.35	52.860
575.56	52.617
575.76	52.796
575.96	52.120
576.17	52.586
576.37	52.356
576.57	52.031
576.78	52.086
576.98	52.040
577.18	52.176
577.39	51.834
577.59	51.881
577.79	51.788
578.00	51.751
578.20	51.357
578.40	51.649
578.61	51.224
578.81	51.109
579.01	50.783
579.22	51.056
579.42	50.972
579.62	50.791
579.82	51.037
580.03	50.637
580.23	50.512
580.43	50.442
580.64	50.048
580.84	50.762
581.04	50.661
581.25	50.153
581.45	49.741
581.65	50.079
581.86	49.772
582.06	49.649
582.26	49.730
582.46	49.638
582.67	50.106
582.87	49.762
583.07	49.006
583.28	49.144
583.48	49.478
583.68	49.653
583.88	49.932
584.09	48.784
584.29	49.439
584.49	48.844
584.70	48.599
584.90	48.985
585.10	48.926
585.30	49.092
585.51	49.035
585.71	48.814
585.91	48.239
586.11	48.951
586.32	48.382
586.52	48.738
586.72	47.983
586.92	48.300
587.13	48.759
587.33	48.311
587.53	48.162
587.74	47.922
587.94	48.044
588.14	47.887
588.34	47.561
588.55	47.930
588.75	47.757
588.95	47.358
589.15	47.719
589.36	47.616
589.56	47.120
589.76	46.980
589.96	47.423
590.16	47.246
590.37	47.122
590.57	47.362
590.77	47.035
590.97	47.010
591.18	47.143
591.38	46.943
591.58	48.774
591.78	46.586
591.99	47.038
592.19	47.347
592.39	47.267
592.59	46.728
592.79	46.742
593.00	47.011
593.20	46.264
593.40	46.635
593.60	46.550
593.81	46.479
594.01	46.090
594.21	46.696
594.41	46.413
594.61	46.497
594.82	46.175
595.02	46.275
595.22	46.398
595.42	46.689
595.62	46.368
595.83	46.167
596.03	46.377
596.23	46.328
596.43	45.857
596.63	45.938
596.84	46.029
597.04	45.906
597.24	45.786
597.44	45.521
597.64	45.451
597.84	45.903
598.05	45.829
598.25	45.777
598.45	45.854
598.65	45.944
598.85	45.661
599.06	45.756
599.26	45.929
599.46	45.521
599.66	45.341
599.86	45.789
600.06	45.294
600.27	45.384
600.47	45.499
600.67	45.461
600.87	45.926
601.07	45.617
601.27	45.659
601.48	44.949
601.68	45.054
601.88	45.231
602.08	45.132
602.28	45.232
602.48	44.915
602.68	45.520
602.89	45.531
603.09	44.944
603.29	45.324
603.49	45.000
603.69	44.915
603.89	45.121
604.09	45.000
604.30	45.347
604.50	44.923
604.70	45.190
604.90	44.591
605.10	44.763
605.30	45.192
605.50	44.930
605.71	44.767
605.91	44.582
606.11	44.765
606.31	44.798
606.51	44.747
606.71	44.444
606.91	44.742
607.11	44.685
607.32	44.525
607.52	44.922
607.72	44.279
607.92	44.723
608.12	44.763
608.32	44.345
608.52	44.599
608.72	44.240
608.92	44.345
609.12	44.318
609.33	44.159
609.53	44.228
609.73	43.934
609.93	44.072
610.13	43.935
610.33	44.482
610.53	43.993
610.73	43.851
610.93	44.494
611.13	44.118
611.34	43.862
611.54	43.615
611.74	43.400
611.94	43.786
612.14	43.759
612.34	43.485
612.54	43.933
612.74	43.507
612.94	43.425
613.14	43.791
613.34	43.930
613.54	43.358
613.74	43.610
613.95	43.353
614.15	43.703
614.35	43.132
614.55	43.120
614.75	43.293
614.95	43.106
615.15	43.151
615.35	43.138
615.55	43.110
615.75	42.844
615.95	43.317
616.15	42.918
616.35	42.852
616.55	43.199
616.75	42.849
616.95	42.531
617.15	42.456
617.35	42.621
617.56	42.697
617.76	42.924
617.96	42.691
618.16	43.058
618.36	42.786
618.56	42.495
618.76	42.802
618.96	42.572
619.16	42.366
619.36	42.261
619.56	42.371
619.76	42.382
619.96	42.465
620.16	42.160
620.36	42.165
620.56	42.128
620.76	42.630
620.96	41.869
621.16	42.204
621.36	41.743
621.56	41.941
621.76	42.138
621.96	42.264
622.16	41.884
622.36	41.997
622.56	41.944
622.76	41.880
622.96	41.960
623.16	42.001
623.36	41.957
623.56	41.963
623.76	41.811
623.96	41.542
624.16	41.790
624.36	41.585
624.56	41.407
624.76	41.530
624.96	41.698
625.16	41.288
625.36	41.495
625.56	41.166
625.76	41.742
625.96	41.451
626.16	41.501
626.36	41.554
626.56	41.775
626.76	41.213
626.96	41.444
627.16	41.456
627.36	40.986
627.56	41.421
627.76	41.265
627.96	41.126
628.16	41.479
628.36	41.043
628.56	41.255
628.75	41.070
628.95	41.333
629.15	41.191
629.35	41.036
629.55	41.303
629.75	41.104
629.95	41.038
630.15	40.878
630.35	41.147
630.55	41.011
630.75	40.855
630.95	40.850
631.15	41.070
631.35	40.597
631.55	40.782
631.75	41.290
631.95	40.933
632.15	40.651
632.34	41.003
632.54	40.745
632.74	40.505
632.94	41.010
633.14	40.760
633.34	40.310
633.54	40.835
633.74	40.885
633.94	40.456
634.14	40.646
634.34	40.434
634.54	40.410
634.74	40.674
634.93	40.618
635.13	40.535
635.33	40.260
635.53	40.412
635.73	40.329
635.93	40.523
636.13	40.273
636.33	40.282
636.53	40.309
636.73	40.229
636.93	40.264
637.12	40.186
637.32	40.424
637.52	40.036
637.72	39.941
637.92	40.198
638.12	39.949
638.32	40.173
638.52	39.939
638.72	39.934
638.91	39.722
639.11	39.856
639.31	39.339
639.51	39.874
639.71	39.588
639.91	39.522
640.11	39.539
640.31	39.789
640.50	39.469
640.70	39.336
640.90	39.348
641.10	39.395
641.30	39.575
641.50	39.007
641.70	39.095
641.89	39.178
642.09	38.840
642.29	38.862
642.49	38.857
642.69	38.984
642.89	39.104
643.09	38.969
643.28	38.875
643.48	38.760
643.68	38.705
643.88	38.471
644.08	38.440
644.28	38.618
644.48	38.324
644.67	38.601
644.87	38.289
645.07	38.548
645.27	37.989
645.47	38.023
645.67	38.111
645.86	38.219
646.06	37.888
646.26	37.794
646.46	37.630
646.66	37.657
646.85	37.889
647.05	37.896
647.25	37.934
647.45	37.481
647.65	37.356
647.85	37.717
648.04	37.272
648.24	37.436
648.44	37.091
648.64	37.392
648.84	37.155
649.03	37.047
649.23	36.802
649.43	36.845
649.63	37.064
649.83	36.966
650.02	37.311
650.22	36.714
650.42	36.864
650.62	36.829
650.82	36.580
651.01	36.349
651.21	36.253
651.41	36.613
651.61	36.441
651.81	36.156
652.00	36.480
652.20	36.522
652.40	36.456
652.60	36.312
652.79	36.154
652.99	36.427
653.19	36.155
653.39	36.021
653.59	36.128
653.78	36.006
653.98	36.285
654.18	36.071
654.38	36.584
654.57	35.770
654.77	36.079
654.97	36.345
655.17	36.294
655.36	35.911
655.56	36.091
655.76	35.992
655.96	35.793
656.15	36.092
656.35	35.976
656.55	35.766
656.75	35.939
656.94	35.996
657.14	36.067
657.34	35.567
657.54	36.120
657.73	35.939
657.93	35.886
658.13	35.560
658.33	35.694
658.52	35.780
658.72	35.772
658.92	35.567
659.11	35.321
659.31	35.437
659.51	35.122
659.71	35.851
659.90	35.422
660.10	35.205
660.30	35.599
660.50	35.188
660.69	35.408
660.89	35.494
661.09	35.458
661.28	35.278
661.48	35.423
661.68	35.056
661.87	35.134
662.07	34.997
662.27	35.247
662.47	34.816
662.66	34.842
662.86	35.268
663.06	35.177
663.25	35.347
663.45	35.196
663.65	35.241
663.84	35.057
664.04	34.949
664.24	34.750
664.44	35.187
664.63	34.839
664.83	34.778
665.03	34.566
665.22	35.004
665.42	34.727
665.62	34.736
665.81	34.977
666.01	34.502
666.21	34.947
666.40	34.627
666.60	34.779
666.80	34.590
666.99	34.626
667.19	34.433
667.39	34.299
667.58	34.857
667.78	34.464
667.98	34.450
668.17	34.373
668.37	34.635
668.57	34.761
668.76	34.411
668.96	34.449
669.16	34.278
669.35	34.235
669.55	34.602
669.74	34.114
669.94	34.550
670.14	34.754
670.33	34.523
670.53	34.240
670.73	34.186
670.92	34.299
671.12	34.094
671.32	34.429
671.51	34.296
671.71	34.072
671.90	34.161
672.10	34.298
672.30	34.714
672.49	34.232
672.69	33.943
672.89	34.381
673.08	34.289
673.28	34.668
673.47	34.559
673.67	34.154
673.87	34.263
674.06	34.357
674.26	34.025
674.45	34.081
674.65	34.622
674.85	34.383
675.04	34.209
675.24	34.037
675.43	33.889
675.63	34.356
675.83	34.406
676.02	34.463
676.22	34.499
676.41	34.373
676.61	34.233
676.81	34.313
677.00	33.791
677.20	33.889
677.39	34.454
677.59	34.179
677.79	34.140
677.98	34.169
678.18	34.428
678.37	34.540
678.57	34.322
678.76	34.221
678.96	34.194
679.16	34.428
679.35	34.413
679.55	34.194
679.74	34.398
679.94	34.348
680.13	34.130
680.33	34.374
680.53	34.159
680.72	34.547
680.92	34.183
681.11	34.232
681.31	34.301
681.50	34.381
681.70	34.369
681.89	34.259
682.09	34.423
682.28	34.261
682.48	34.476
682.68	34.365
682.87	34.304
683.07	34.519
683.26	34.565
683.46	34.485
683.65	34.699
683.85	34.444
684.04	34.743
684.24	34.493
684.43	34.484
684.63	34.469
684.82	34.474
685.02	34.303
685.21	34.567
685.41	34.639
685.60	34.127
685.80	34.636
686.00	34.182
686.19	34.560
686.39	34.400
686.58	34.704
686.78	34.744
686.97	35.111
687.17	34.821
687.36	34.589
687.56	34.894
687.75	34.806
687.95	35.001
688.14	34.934
688.34	35.139
688.53	34.902
688.73	35.211
688.92	35.069
689.12	35.319
689.31	35.372
689.51	35.718
689.70	35.488
689.89	34.991
690.09	35.440
690.28	35.477
690.48	35.435
690.67	35.747
690.87	35.874
691.06	35.767
691.26	35.922
691.45	36.275
691.65	36.163
691.84	36.293
692.04	36.698
692.23	36.323
692.43	36.792
692.62	37.272
692.82	37.010
693.01	37.227
693.20	37.632
693.40	37.818
693.59	37.794
693.79	38.250
693.98	38.589
694.18	38.522
694.37	38.630
694.57	38.951
694.76	38.730
694.95	39.423
695.15	39.580
695.34	39.902
695.54	39.864
695.73	40.489
695.93	40.682
696.12	40.978
696.32	41.097
696.51	41.419
696.70	41.411
696.90	41.884
697.09	42.343
697.29	42.430
697.48	42.837
697.67	43.278
697.87	44.010
698.06	44.012
698.26	44.201
698.45	44.955
698.65	44.894
698.84	45.243
699.03	45.588
699.23	45.768
699.42	46.040
699.62	46.437
699.81	46.814
700.00	47.479
700.20	47.561
700.39	47.698
700.59	48.244
700.78	48.810
700.97	48.696
701.17	49.317
701.36	49.753
701.56	50.103
701.75	50.308
701.94	51.121
702.14	50.932
702.33	51.539
702.52	52.480
702.72	52.315
702.91	52.557
703.11	52.679
703.30	53.239
703.49	53.724
703.69	54.091
703.88	54.451
704.07	54.886
704.27	55.280
704.46	55.424
704.66	55.661
704.85	56.286
705.04	56.602
705.24	56.888
705.43	57.366
705.62	57.756
705.82	57.854
706.01	58.435
706.20	59.077
706.40	59.190
706.59	59.352
706.78	59.898
706.98	60.135
707.17	60.430
707.36	60.824
707.56	61.172
707.75	61.367
707.94	61.361
708.14	62.344
708.33	62.004
708.52	62.765
708.72	63.122
708.91	63.026
709.10	63.925
709.30	63.798
709.49	64.200
709.68	64.021
709.88	65.113
710.07	65.132
710.26	65.525
710.46	65.566
710.65	65.264
710.84	65.911
711.04	66.601
711.23	66.629
711.42	67.584
711.61	66.943
711.81	67.813
712.00	67.794
712.19	67.979
712.39	68.453
712.58	68.856
712.77	69.037
712.97	69.286
713.16	69.422
713.35	69.467
713.54	69.936
713.74	70.049
713.93	70.396
714.12	70.369
714.32	70.363
714.51	71.001
714.70	71.842
714.89	71.799
715.09	72.069
715.28	72.245
715.47	72.269
715.66	73.065
715.86	73.245
716.05	73.471
716.24	73.957
716.44	73.888
716.63	74.500
716.82	74.152
717.01	74.180
717.21	74.630
717.40	74.780
717.59	75.188
717.78	75.959
717.98	75.658
718.17	76.270
718.36	76.255
718.55	76.404
718.75	76.446
718.94	77.084
719.13	76.623
719.32	77.415
719.52	77.778
719.71	78.041
719.90	77.546
720.09	78.046
720.28	78.891
720.48	78.752
720.67	79.196
720.86	78.889
721.05	79.107
721.25	79.816
721.44	79.158
721.63	79.599
721.82	79.859
722.01	80.179
722.21	80.321
722.40	80.799
722.59	81.202
722.78	81.161
722.98	81.340
723.17	81.068
723.36	81.661
723.55	82.057
723.74	81.591
723.94	81.761
724.13	82.724
724.32	82.443
724.51	83.244
724.70	83.154
724.89	82.758
725.09	83.372
725.28	83.588
725.47	84.031
725.66	84.088
725.85	84.002
726.05	83.753
726.24	84.243
726.43	84.220
726.62	84.993
726.81	85.332
727.00	85.007
727.20	85.668
727.39	85.825
727.58	85.745
727.77	86.305
727.96	85.961
728.15	86.224
728.35	86.266
728.54	86.866
728.73	86.720
728.92	87.292
729.11	86.817
729.30	87.689
729.50	87.838
729.69	87.380
729.88	87.349
730.07	87.890
730.26	87.990
730.45	88.265
730.64	87.823
730.84	88.663
731.03	88.566
731.22	88.795
731.41	89.123
731.60	88.608
731.79	89.610
731.98	89.124
732.18	89.521
732.37	90.140
732.56	89.849
732.75	89.612
732.94	89.361
733.13	90.022
733.32	90.110
733.51	91.172
733.71	90.970
733.90	90.564
734.09	90.781
734.28	91.516
734.47	90.669
734.66	91.119
734.85	91.055
735.04	91.205
735.23	90.620
735.42	91.461
735.62	91.611
735.81	92.315
736.00	92.317
736.19	92.110
736.38	92.025
736.57	92.960
736.76	92.634
736.95	92.597
737.14	92.589
737.33	92.741
737.52	92.120
737.72	92.793
737.91	92.841
738.10	92.854
738.29	92.990
738.48	93.536
738.67	92.825
738.86	92.694
739.05	93.611
739.24	93.862
739.43	93.997
739.62	93.931
739.81	92.540
740.00	93.276
740.19	93.935
740.39	94.126
740.58	93.967
740.77	93.608
740.96	93.780
741.15	94.565
741.34	94.369
741.53	94.784
741.72	94.681
741.91	94.530
742.10	94.791
742.29	93.898
742.48	94.786
742.67	94.746
742.86	95.253
743.05	95.273
743.24	95.325
743.43	94.936
743.62	95.549
743.81	94.996
744.00	95.050
744.19	95.244
744.38	95.203
744.57	95.604
744.76	95.269
744.95	95.576
745.14	95.235
745.33	95.667
745.52	96.281
745.71	96.155
745.90	95.951
746.09	96.141
746.28	95.496
746.47	96.095
746.66	95.348
746.85	95.726
747.04	96.353
747.23	96.075
747.42	95.777
747.61	95.668
747.80	96.032
747.99	96.182
748.18	96.415
748.37	96.297
748.56	96.783
748.75	96.508
748.94	96.638
749.13	97.108
749.32	96.775
749.51	96.406
749.70	96.605
749.89	96.669
750.08	96.295
750.27	96.566
750.46	96.938
750.65	96.336
750.84	96.497
751.03	96.864
751.22	96.208
751.41	97.354
751.60	96.509
751.79	96.785
751.98	97.286
752.17	96.688
752.36	96.582
752.55	97.015
752.74	96.023
752.93	96.820
753.12	96.389
753.30	97.066
753.49	97.298
753.68	96.776
753.87	96.985
754.06	96.592
754.25	97.480
754.44	97.197
754.63	97.164
754.82	96.518
755.01	96.615
755.20	97.087
755.39	97.401
755.58	97.489
755.77	97.130
755.96	97.934
756.14	96.672
756.33	97.527
756.52	96.630
756.71	97.365
756.90	97.893
757.09	97.496
757.28	97.342
757.47	97.004
757.66	96.870
757.85	97.387
758.04	97.806
758.22	97.506
758.41	97.499
758.60	96.657
758.79	97.770
758.98	97.671
759.17	97.539
759.36	97.503
759.55	98.320
759.74	97.787
759.92	97.780
760.11	98.056
760.30	97.000
760.49	98.044
760.68	97.655
760.87	97.998
761.06	97.265
761.25	97.560
761.43	97.596
761.62	97.377
761.81	97.304
762.00	97.347
762.19	97.699
762.38	97.402
762.57	97.437
762.76	97.411
762.94	97.929
763.13	97.267
763.32	97.601
763.51	97.735
763.70	98.051
763.89	97.737
764.07	97.987
764.26	97.711
764.45	97.960
764.64	97.842
764.83	97.870
765.02	98.377
765.21	97.715
765.39	97.683
765.58	97.593
765.77	97.549
765.96	97.723
766.15	97.969
766.34	97.593
766.52	98.452
766.71	98.071
766.90	97.764
767.09	97.224
767.28	97.030
767.46	97.859
767.65	97.920
767.84	97.660
768.03	97.600
768.22	97.625
768.40	97.214
768.59	97.449
768.78	98.423
768.97	97.990
769.16	97.589
769.34	97.466
769.53	97.570
769.72	97.718
769.91	97.666
770.10	97.498
770.28	97.158
770.47	98.481
770.66	97.259
770.85	97.870
771.04	97.673
771.22	98.143
771.41	97.115
771.60	97.688
771.79	98.087
771.98	97.739
772.16	97.543
772.35	97.720
772.54	97.796
772.73	98.356
772.91	97.736
773.10	97.766
773.29	97.532
773.48	97.985
773.66	97.397
773.85	98.050
774.04	97.570
774.23	97.425
774.41	97.421
774.60	98.144
774.79	97.117
774.98	97.498
775.16	97.769
775.35	97.746
775.54	97.559
775.73	97.858
775.91	97.407
776.10	97.067
776.29	97.802
776.48	97.489
776.66	98.014
776.85	97.082
777.04	98.000
777.23	97.143
777.41	98.495
777.60	98.320
777.79	97.963
777.97	98.099
778.16	98.560
778.35	98.116
778.54	97.983
778.72	97.678
778.91	97.277
779.10	98.050
779.28	97.832
779.47	97.430
779.66	97.742
779.85	97.801
780.03	98.140
780.22	98.155
780.41	98.079
780.59	98.044
780.78	97.521
780.97	97.770
781.15	97.585
781.34	97.700
781.53	97.226
781.71	97.931
781.90	97.919
782.09	97.577
782.27	97.428
782.46	97.457
782.65	97.369
782.84	97.862
783.02	97.594
783.21	98.108
783.40	98.053
783.58	97.982
783.77	98.459
783.96	97.918
784.14	98.019
784.33	97.794
784.52	97.943
784.70	97.495
784.89	97.604
785.07	97.303
785.26	97.802
785.45	97.729
785.63	97.700
785.82	97.815
786.01	98.147
786.19	98.756
786.38	97.523
786.57	97.953
786.75	97.732
786.94	97.516
787.13	98.119
787.31	97.019
787.50	97.578
787.68	97.867
787.87	97.336
788.06	97.682
788.24	97.667
788.43	97.738
788.62	97.892
788.80	98.708
788.99	97.905
789.17	97.432
789.36	97.553
789.55	98.090
789.73	98.049
789.92	97.401
790.10	98.533
790.29	97.941
790.48	97.293
790.66	97.518
790.85	97.278
791.03	97.815
791.22	96.943
791.41	98.478
791.59	97.616
791.78	97.783
791.96	97.615
792.15	98.235
792.34	97.349
792.52	98.058
792.71	97.759
792.89	97.697
793.08	97.906
793.27	97.855
793.45	97.752
793.64	98.045
793.82	97.601
794.01	97.867
794.19	98.338
794.38	98.325
794.57	97.804
794.75	97.710
794.94	97.739
795.12	97.359
795.31	98.088
795.49	98.609
795.68	97.710
795.86	97.885
796.05	98.080
796.24	98.380
796.42	98.071
796.61	97.797
796.79	98.111
796.98	97.388
797.16	97.982
797.35	97.687
797.53	98.052
797.72	97.715
797.90	97.774
798.09	97.920
798.27	97.212
798.46	97.980
798.65	98.273
798.83	97.922
799.02	97.803
799.20	98.360
799.39	98.009
799.57	97.401
799.76	97.858
799.94	98.314
800.13	98.006
800.31	98.619
800.50	97.619
800.68	98.125
800.87	97.906
801.05	97.982
801.24	97.191
801.42	97.652
801.61	97.191
801.79	98.031
801.98	98.003
802.16	98.295
802.35	98.482
802.53	97.448
802.72	98.348
802.90	97.106
803.09	98.615
803.27	98.681
803.46	97.827
803.64	98.537
803.83	98.216
804.01	97.622
804.20	97.874
804.38	97.941
804.56	97.830
804.75	98.361
804.93	98.406
805.12	97.782
805.30	99.115
805.49	98.256
805.67	98.237
805.86	97.588
806.04	98.013
806.23	98.626
806.41	97.915
806.59	97.824
806.78	97.888
806.96	98.284
807.15	98.452
807.33	98.182
807.52	99.022
807.70	97.867
807.89	98.140
808.07	98.337
808.25	97.894
808.44	97.966
808.62	97.288
808.81	97.989
808.99	97.157
809.18	98.012
809.36	97.802
809.54	98.147
809.73	97.007
809.91	97.185
810.10	98.130
810.28	97.909
810.47	97.424
810.65	97.624
810.83	97.739
811.02	97.811
811.20	98.733
811.39	97.834
811.57	98.060
811.75	98.521
811.94	98.651
812.12	97.863
812.31	97.344
812.49	97.177
812.67	98.538
812.86	98.885
813.04	98.109
813.23	98.749
813.41	97.998
813.59	98.565
813.78	98.191
813.96	97.825
814.14	97.717
814.33	98.482
814.51	97.719
814.70	98.466
814.88	98.476
815.06	97.856
815.25	98.584
815.43	97.979
815.61	98.517
815.80	98.123
815.98	97.901
816.16	98.806
816.35	98.010
816.53	97.432
816.72	97.954
816.90	97.951
817.08	97.993
817.27	97.750
817.45	98.409
817.63	98.017
817.82	98.245
818.00	98.182
818.18	97.776
818.37	98.614
818.55	98.086
818.73	99.094
818.92	98.650
819.10	98.336
819.28	98.708
819.47	97.423
819.65	98.649
819.83	98.783
820.02	98.530
820.20	98.676
820.38	98.181
820.57	98.243
820.75	98.312
820.93	98.798
821.11	98.486
821.30	97.722
821.48	97.747
821.66	98.405
821.85	98.264
822.03	97.886
822.21	98.137
822.40	98.167
822.58	98.280
822.76	97.743
822.94	98.543
823.13	98.089
823.31	97.920
823.49	97.781
823.68	97.653
823.86	98.992
824.04	98.473
824.22	97.722
824.41	98.159
824.59	98.337
824.77	98.999
824.96	98.064
825.14	98.636
825.32	98.553
825.50	97.806
825.69	98.430
825.87	98.505
826.05	98.917
826.23	98.935
826.42	98.401
826.60	98.262
826.78	98.397
826.96	98.637
827.15	98.723
827.33	98.321
827.51	98.277
827.69	98.183
827.88	98.129
828.06	97.957
828.24	97.889
828.42	98.058
828.61	98.128
828.79	98.403
828.97	98.848
829.15	98.044
829.34	98.603
829.52	99.425
829.70	98.868
829.88	97.795
830.06	99.172
830.25	97.854
830.43	98.569
830.61	99.078
830.79	98.748
830.97	99.158
831.16	98.034
831.34	98.978
831.52	98.180
831.70	98.697
831.89	98.302
832.07	99.052
832.25	98.233
832.43	98.600
832.61	98.286
832.80	99.211
832.98	97.537
833.16	97.668
833.34	98.806
833.52	97.810
833.70	98.177
833.89	98.432
834.07	98.123
834.25	97.957
834.43	98.288
834.61	98.710
834.80	98.440
834.98	98.741
835.16	98.115
835.34	97.974
835.52	97.856
835.70	98.072
835.89	98.861
836.07	97.702
836.25	98.718
836.43	97.994
836.61	98.197
836.79	97.888
836.97	97.950
837.16	98.415
837.34	98.035
837.52	97.987
837.70	98.769
837.88	98.790
838.06	97.887
838.24	97.203
838.43	98.775
838.61	98.226
838.79	98.258
838.97	97.910
839.15	98.065
839.33	99.281
839.51	98.841
839.70	98.590
839.88	98.172
840.06	98.268
840.24	97.954
840.42	98.695
840.60	98.339
840.78	98.528
840.96	98.507
841.14	98.033
841.33	98.641
841.51	98.876
841.69	98.834
841.87	99.194
842.05	98.915
842.23	98.517
842.41	98.584
842.59	98.133
842.77	98.838
842.95	98.798
843.14	98.377
843.32	99.476
843.50	98.052
843.68	98.082
843.86	97.744
844.04	98.647
844.22	98.456
844.40	98.848
844.58	98.751
844.76	98.710
844.94	99.639
845.12	98.429
845.30	98.574
845.49	98.747
845.67	98.706
845.85	97.761
846.03	98.051
846.21	98.260
846.39	99.899
846.57	99.103
846.75	99.104
846.93	98.727
847.11	97.919
847.29	98.603
847.47	99.823
847.65	99.108
847.83	99.227
848.01	99.119
848.19	98.312
848.37	98.094
848.55	98.336
848.73	97.998
848.91	99.187
849.09	98.319
849.27	98.806
849.46	98.355
849.64	98.421
849.82	99.164
850.00	98.340
850.18	97.751
850.36	97.908
850.54	98.823
850.72	98.909
850.90	97.690
851.08	98.531
851.26	98.640
851.44	98.437
851.62	98.615
851.80	98.240
851.98	99.201
852.16	98.973
852.34	98.831
852.52	97.599
852.70	99.002
852.88	99.065
853.06	98.039
853.24	98.347
853.42	99.040
853.60	98.196
853.78	97.713
853.96	98.604
854.14	98.480
854.31	98.522
854.49	99.358
854.67	99.161
854.85	99.043
855.03	99.963
855.21	98.541
855.39	98.029
855.57	98.771
855.75	98.757
855.93	99.169
856.11	98.507
856.29	99.415
856.47	99.473
856.65	99.114
856.83	98.741
857.01	99.334
857.19	99.185
857.37	98.520
857.55	99.280
857.73	98.559
857.91	98.037
858.09	98.472
858.26	99.084
858.44	98.865
858.62	98.919
858.80	99.597
858.98	99.225
859.16	99.307
859.34	98.618
859.52	99.707
859.70	98.901
859.88	98.126
860.06	97.987
860.24	97.814
860.42	98.203
860.59	98.952
860.77	98.062
860.95	98.664
861.13	98.565
861.31	97.491
861.49	97.867
861.67	98.758
861.85	99.520
862.03	98.328
862.21	98.449
862.38	99.072
862.56	99.022
862.74	99.106
862.92	98.326
863.10	97.922
863.28	98.969
863.46	98.761
863.64	98.400
863.82	98.694
863.99	98.121
864.17	99.054
864.35	98.499
864.53	97.929
864.71	98.539
864.89	98.372
865.07	99.053
865.24	98.123
865.42	98.211
865.60	99.500
865.78	99.272
865.96	99.609
866.14	98.772
866.32	99.315
866.49	98.829
866.67	99.128
866.85	98.057
867.03	98.378
867.21	98.439
867.39	99.072
867.56	99.305
867.74	99.161
867.92	99.371
868.10	99.026
868.28	99.969
868.46	98.200
868.63	98.059
868.81	98.897
868.99	98.749
869.17	99.140
869.35	98.615
869.53	99.534
869.70	97.492
869.88	97.989
870.06	98.486
870.24	98.690
870.42	98.785
870.59	98.258
870.77	98.293
870.95	98.364
871.13	99.210
871.31	99.147
871.48	98.944
871.66	99.038
871.84	98.819
872.02	98.050
872.20	99.709
872.37	98.521
872.55	99.543
872.73	98.458
872.91	98.057
873.08	99.765
873.26	98.682
873.44	98.799
873.62	99.782
873.80	99.568
873.97	99.902
874.15	98.895
874.33	98.334
874.51	98.829
874.68	99.832
874.86	99.017
875.04	98.788
875.22	98.008
875.39	99.109
875.57	98.760
875.75	98.959
875.93	99.286
876.10	98.655
876.28	98.038
876.46	98.081
876.64	98.988
876.81	98.201
876.99	98.349
877.17	98.593
877.35	98.954
877.52	99.050
877.70	98.101
877.88	99.422
878.06	98.505
878.23	97.911
878.41	99.569
878.59	98.921
878.76	98.915
878.94	97.520
879.12	98.049
879.30	99.071
879.47	98.026
879.65	98.390
879.83	98.734
880.00	99.303
880.18	99.206
880.36	99.475
880.53	98.890
880.71	98.678
880.89	98.875
881.07	99.147
881.24	98.796
881.42	99.833
881.60	98.743
881.77	99.142
881.95	99.471
882.13	99.629
882.30	98.783
882.48	99.220
882.66	98.405
882.83	98.335
883.01	98.570
883.19	99.118
883.36	98.840
883.54	100.084
883.72	97.706
883.89	99.325
884.07	99.805
884.25	98.772
884.42	100.178
884.60	99.764
884.78	99.449
884.95	98.659
885.13	98.264
885.31	98.925
885.48	98.067
885.66	99.443
885.84	97.816
886.01	98.945
886.19	99.617
886.36	99.044
886.54	99.347
886.72	98.888
886.89	99.232
887.07	99.781
887.25	98.440
887.42	98.985
887.60	97.919
887.78	97.712
887.95	98.858
888.13	99.168
888.30	98.117
888.48	99.232
888.66	96.897
888.83	98.610
889.01	98.537
889.18	99.684
889.36	99.080
889.54	99.044
889.71	99.344
889.89	99.720
890.06	98.451
890.24	99.411
890.42	99.581
890.59	97.773
890.77	97.438
890.94	97.975
891.12	99.351
891.30	98.893
891.47	98.875
891.65	98.415
891.82	99.363
892.00	99.690
892.17	98.697
892.35	99.699
892.53	98.885
892.70	99.419
892.88	98.273
893.05	98.869
893.23	99.459
893.40	98.088
893.58	98.719
893.75	97.828
893.93	98.140
894.11	99.018
894.28	98.105
894.46	98.770
894.63	99.270
894.81	99.381
894.98	99.241
895.16	99.616
895.33	98.066
895.51	99.128
895.68	99.832
895.86	98.083
896.04	99.514
896.21	99.096
896.39	98.716
896.56	98.257
896.74	99.550
896.91	98.388
897.09	99.969
897.26	98.962
897.44	99.740
897.61	98.431
897.79	99.196
897.96	98.492
898.14	99.077
898.31	99.140
898.49	98.734
898.66	98.925
898.84	98.658
899.01	99.438
899.19	99.757
899.36	98.385
899.54	99.916
899.71	99.559
899.89	99.000
900.06	99.283
900.24	99.516
900.41	99.455
900.59	100.113
900.76	98.649
900.94	98.027
901.11	98.288
901.29	100.148
901.46	99.507
901.63	98.601
901.81	99.475
901.98	100.118
902.16	99.238
902.33	100.114
902.51	98.694
902.68	98.576
902.86	99.055
903.03	98.732
903.21	99.060
903.38	98.722
903.56	98.115
903.73	99.292
903.90	98.371
904.08	97.829
904.25	98.504
904.43	99.535
904.60	98.997
904.78	99.112
904.95	99.271
905.12	98.733
905.30	98.912
905.47	97.832
905.65	98.139
905.82	99.939
906.00	99.465
906.17	98.427
906.34	99.176
906.52	98.349
906.69	98.920
906.87	98.943
907.04	98.660
907.21	99.058
907.39	97.370
907.56	98.249
907.74	98.395
907.91	100.042
908.08	99.332
908.26	99.304
908.43	98.836
908.61	99.156
908.78	98.761
908.95	99.582
909.13	98.603
909.30	98.709
909.48	97.952
909.65	98.602
909.82	98.106
910.00	100.019
910.17	99.256
910.34	99.595
910.52	99.188
910.69	99.901
910.87	100.660
911.04	98.315
911.21	98.834
911.39	99.111
911.56	98.653
911.73	98.931
911.91	98.290
912.08	99.629
912.25	100.138
912.43	99.382
912.60	98.108
912.77	99.113
912.95	98.565
913.12	98.954
913.29	99.885
913.47	100.057
913.64	99.609
913.81	99.348
913.99	98.238
914.16	98.650
914.33	97.111
914.51	99.495
914.68	98.612
914.85	98.606
915.03	98.570
915.20	98.964
915.37	98.378
915.55	98.721
915.72	97.773
915.89	98.309
916.07	99.319
916.24	99.099
916.41	100.175
916.59	99.719
916.76	99.260
916.93	100.648
917.10	99.168
917.28	99.376
917.45	100.495
917.62	99.604
917.80	100.170
917.97	98.356
918.14	98.923
918.31	98.626
918.49	98.216
918.66	97.546
918.83	98.826
919.01	99.443
919.18	98.702
919.35	99.037
919.52	99.858
919.70	98.698
919.87	99.877
920.04	98.906
920.21	99.507
920.39	98.491
920.56	99.298
920.73	98.220
920.90	97.820
921.08	98.267
921.25	99.485
921.42	98.470
921.59	99.803
921.77	99.268
921.94	98.873
922.11	100.292
922.28	99.121
922.46	99.872
922.63	99.362
922.80	97.909
922.97	99.308
923.15	98.939
923.32	98.960
923.49	99.114
923.66	98.969
923.83	99.150
924.01	98.455
924.18	97.460
924.35	99.498
924.52	100.243
924.69	99.837
924.87	98.173
925.04	99.005
925.21	98.952
925.38	99.577
925.55	100.985
925.73	99.478
925.90	98.353
926.07	99.247
926.24	99.078
926.41	97.809
926.59	101.104
926.76	100.273
926.93	99.859
927.10	99.617
927.27	97.829
927.45	98.798
927.62	99.591
927.79	98.094
927.96	98.530
928.13	98.706
928.30	98.030
928.48	98.439
928.65	98.477
928.82	98.761
928.99	99.683
929.16	98.736
929.33	97.459
929.50	100.789
929.68	99.572
929.85	98.721
930.02	98.217
930.19	98.949
930.36	99.107
930.53	98.338
930.70	98.815
930.88	99.993
931.05	99.364
931.22	99.704
931.39	99.267
931.56	99.946
931.73	98.612
931.90	99.145
932.08	99.798
932.25	99.371
932.42	100.452
932.59	99.770
932.76	97.869
932.93	101.141
933.10	98.043
933.27	99.456
933.44	96.779
933.62	98.306
933.79	97.881
933.96	98.454
934.13	98.929
934.30	98.605
934.47	100.442
934.64	99.756
934.81	97.111
934.98	100.235
935.15	99.302
935.32	99.364
935.50	99.846
935.67	98.998
935.84	99.644
936.01	97.287
936.18	99.881
936.35	100.342
936.52	100.023
936.69	99.474
936.86	98.518
937.03	98.377
937.20	98.857
937.37	98.009
937.54	97.149
937.71	98.137
937.89	96.639
938.06	98.256
938.23	98.575
938.40	98.293
938.57	100.322
938.74	99.884
938.91	97.209
939.08	98.942
939.25	99.454
939.42	94.978
939.59	98.633
939.76	95.649
939.93	97.603
940.10	98.392
940.27	96.518
940.44	94.648
940.61	96.619
940.78	99.028
940.95	97.111
941.12	98.779
941.29	94.901
941.46	95.852
941.63	98.862
941.80	99.083
941.97	96.153
942.14	96.674
942.31	98.284
942.48	96.995
942.65	95.563
942.82	101.298
942.99	96.489
943.16	99.444
943.33	97.046
943.50	94.060
943.67	98.845
943.84	97.480
944.01	95.835
944.18	96.930
944.35	95.837
944.52	100.615
944.69	96.603
944.86	97.682
945.03	99.628
945.20	97.477
945.37	98.298
945.54	92.835
945.71	97.184
945.88	96.192
946.05	95.627
946.22	98.398
946.39	98.490
946.56	96.964
946.73	98.142
946.90	98.357
947.07	100.496
947.23	98.867
947.40	98.048
947.57	99.751
947.74	96.340
947.91	97.341
948.08	97.170
948.25	97.067
948.42	97.311
948.59	99.553
948.76	95.957
948.93	92.304
949.10	95.901
949.27	98.183
949.44	97.781
949.60	96.869
949.77	97.251
949.94	95.297
950.11	95.341
950.28	96.817
950.45	98.168
950.62	99.032
950.79	100.000
950.96	95.506
951.13	98.005
951.30	100.119
951.46	100.407
951.63	98.227
951.80	99.924
951.97	97.443
952.14	97.235
952.31	99.814
952.48	97.854
952.65	101.590
952.81	97.533
952.98	97.012
953.15	97.846
953.32	97.214
953.49	96.762
953.66	96.768
953.83	98.509
954.00	97.657
954.16	102.263
954.33	100.069
954.50	100.419
954.67	98.173
954.84	97.552
955.01	97.601
955.18	99.209
955.34	96.762
955.51	99.668
955.68	98.779
955.85	97.617
956.02	98.474
956.19	97.104
956.35	97.986
956.52	95.638
956.69	97.454
956.86	96.305
957.03	99.176
957.20	96.800
957.36	98.157
957.53	96.347
957.70	97.891
957.87	96.556
958.04	98.817
958.21	96.392
958.37	98.014
958.54	100.908
958.71	96.661
958.88	96.228
959.05	99.346
959.21	97.469
959.38	97.512
959.55	99.116
959.72	97.490
959.89	101.524
960.05	99.822
960.22	97.484
960.39	93.727
960.56	97.895
960.72	95.668
960.89	98.813
961.06	94.662
961.23	95.530
961.40	97.981
961.56	100.573
961.73	98.894
961.90	96.893
962.07	97.873
962.23	97.332
962.40	95.252
962.57	98.458
962.74	96.106
962.90	98.359
963.07	99.007
963.24	97.702
963.41	96.856
963.57	97.263
963.74	97.939
963.91	98.391
964.08	97.310
964.24	97.195
964.41	98.120
964.58	98.316
964.75	98.373
964.91	96.604
965.08	97.869
965.25	98.512
965.42	95.560
965.58	97.582
965.75	97.272
965.92	99.405
966.08	96.540
966.25	96.122
966.42	98.172
966.59	97.392
966.75	97.494
966.92	99.329
967.09	98.297
967.25	102.118
967.42	100.221
967.59	98.132
967.75	98.483
967.92	97.542
968.09	96.534
968.26	101.507
968.42	97.159
968.59	96.739
968.76	97.524
968.92	97.071
969.09	101.345
969.26	95.056
969.42	98.913
969.59	98.009
969.76	97.915
969.92	97.932
970.09	100.640
970.26	99.017
970.42	98.633
970.59	97.903
970.76	98.391
970.92	99.121
971.09	98.354
971.26	98.450
971.42	97.705
971.59	98.343
971.76	99.523
971.92	99.665
972.09	101.258
972.25	95.294
972.42	98.011
972.59	98.595
972.75	97.716
972.92	95.032
973.09	99.881
973.25	103.501
973.42	99.575
973.58	97.855
973.75	100.243
973.92	97.579
974.08	99.953
974.25	97.133
974.42	99.248
974.58	98.237
974.75	96.682
974.91	99.431
975.08	98.719
975.25	100.123
975.41	97.516
975.58	99.984
975.74	98.570
975.91	100.930
976.08	97.267
976.24	97.991
976.41	98.429
976.57	100.145
976.74	100.642
976.91	99.524
977.07	98.995
977.24	97.494
977.40	96.829
977.57	100.509
977.73	100.725
977.90	100.546
978.07	100.474
978.23	97.485
978.40	98.301
978.56	97.531
978.73	98.661
978.89	97.918
979.06	97.371
979.22	100.543
979.39	96.969
979.56	99.571
979.72	98.916
979.89	98.577
980.05	98.592
980.22	99.931
980.38	101.157
980.55	96.726
980.71	97.578
980.88	97.126
981.04	93.873
981.21	98.780
981.37	97.460
981.54	98.292
981.70	98.693
981.87	98.638
982.04	99.162
982.20	101.918
982.37	103.988
982.53	95.503
982.70	100.590
982.86	100.053
983.03	98.406
983.19	100.563
983.36	99.704
983.52	98.390
983.69	98.739
983.85	99.928
984.02	99.045
984.18	100.018
984.35	96.986
984.51	101.173
984.68	96.007
984.84	100.055
985.00	99.258
985.17	101.984
985.33	97.999
985.50	98.345
985.66	100.872
985.83	101.297
985.99	97.466
986.16	96.119
986.32	102.062
986.49	98.785
986.65	98.464
986.82	97.426
986.98	101.455
987.15	99.075
987.31	99.467
987.47	100.673
987.64	96.887
987.80	97.990
987.97	98.113
988.13	98.594
988.30	98.638
988.46	99.980
988.63	97.921
988.79	99.106
988.95	98.982
989.12	99.321
989.28	101.157
989.45	103.393
989.61	98.767
989.77	97.925
989.94	97.851
990.10	98.061
990.27	97.551
990.43	95.838
990.60	98.339
990.76	97.777
990.92	99.325
991.09	95.418
991.25	99.873
991.42	97.755
991.58	101.187
991.74	99.845
991.91	98.759
992.07	99.758
992.24	99.891
992.40	98.351
992.56	100.067
992.73	97.991
992.89	96.707
993.05	98.542
993.22	96.661
993.38	96.256
993.55	99.671
993.71	101.860
993.87	103.883
994.04	100.762
994.20	100.165
994.36	99.861
994.53	103.408
994.69	98.853
994.85	99.441
995.02	102.028
995.18	101.495
995.34	97.917
995.51	100.652
995.67	101.670
995.84	101.327
996.00	96.048
996.16	100.391
996.33	99.326
996.49	102.911
996.65	98.533
996.82	102.753
996.98	98.266
997.14	102.183
997.31	100.687
997.47	101.379
997.63	103.979
997.79	102.715
997.96	103.508
998.12	101.797
998.28	102.231
998.45	101.644
998.61	103.339
998.77	98.294
998.94	98.714
999.10	97.677
999.26	96.172
999.43	98.875
999.59	99.446
999.75	105.415
999.91	98.096
1000.08	100.525
1000.24	101.309
1000.40	101.484
1000.57	101.125
1000.73	102.186
1000.89	100.056
1001.05	102.458
1001.22	102.228
1001.38	101.505
1001.54	98.782
1001.70	103.241
1001.87	97.852
1002.03	101.164
1002.19	102.177
1002.35	100.588
1002.52	100.788
1002.68	100.327
1002.84	100.556
1003.00	102.550
1003.17	104.265
1003.33	96.765
1003.49	100.818
1003.65	98.374
1003.82	102.525
1003.98	97.296
1004.14	101.784
1004.30	100.729
1004.47	99.217
1004.63	103.307
1004.79	98.285
1004.95	98.692
1005.11	100.414
1005.28	96.985
1005.44	102.842
1005.60	103.400
1005.76	98.205
1005.93	100.100
1006.09	96.563
1006.25	98.918
1006.41	104.318
1006.57	100.068
1006.74	100.000
1006.90	97.989
1007.06	101.586
1007.22	104.532
1007.38	101.400
1007.55	95.502
1007.71	99.964
1007.87	98.725
1008.03	100.761
1008.19	98.681
1008.35	104.126
1008.52	105.182
1008.68	101.885
1008.84	99.386
1009.00	101.716
1009.16	94.906
1009.32	101.518
1009.49	100.221
1009.65	101.166
1009.81	102.046
1009.97	101.551
1010.13	98.237
1010.29	98.948
1010.46	101.858
1010.62	104.678
1010.78	95.492
1010.94	105.131
1011.10	101.618
1011.26	100.558
1011.42	100.591
1011.59	99.445
1011.75	98.719
1011.91	99.515
1012.07	100.969
1012.23	100.452
1012.39	97.864
1012.55	99.505
1012.71	107.533
1012.88	98.946
1013.04	105.213
1013.20	99.324
1013.36	97.700
1013.52	99.959
1013.68	103.276
1013.84	103.648
1014.00	103.702
1014.16	102.880
1014.33	103.968
1014.49	101.673
1014.65	97.710
1014.81	95.634
1014.97	104.258
1015.13	102.958
1015.29	98.203
1015.45	100.932
1015.61	97.000
1015.77	104.639
1015.93	103.666
1016.09	101.254
1016.26	106.933
1016.42	99.235
1016.58	99.295
1016.74	101.798
1016.90	102.679
1017.06	102.348
1017.22	101.534
1017.38	98.746
1017.54	105.263
1017.70	97.710
1017.86	99.705
1018.02	95.043
1018.18	101.270
1018.34	104.911
1018.50	95.590
1018.66	105.838
1018.82	104.695
1018.98	101.897
1019.14	104.810
1019.31	103.613
1019.47	100.580
1019.63	101.501
1019.79	106.752
1019.95	104.220
1020.11	96.948
1020.27	97.085
1020.43	99.169
1020.59	114.674
1020.75	101.129
1020.91	96.637
1021.07	112.282
1021.23	96.924
1021.39	96.183
1021.55	104.955
1021.71	103.264
1021.87	100.000
1022.03	104.517
1022.19	102.726
1022.35	104.535
1022.51	104.945
1022.67	96.691
1022.83	100.121
1022.99	102.738
1023.15	90.951
1023.31	91.773
1023.47	103.018
1023.63	96.118
1023.79	107.472
1023.95	102.138
1024.10	105.246
1024.26	111.544
1024.42	99.935
1024.58	106.427
1024.74	104.403
1024.90	105.242
1025.06	104.034
1025.22	96.995
1025.38	95.238
1025.54	100.679
1025.70	98.078
1025.86	94.702
1026.02	97.517
1026.18	103.503
1026.34	97.578
1026.50	87.351
1026.66	97.862
1026.82	102.082
1026.98	114.984
1027.13	96.957
1027.29	107.687
1027.45	105.292
1027.61	94.413
1027.77	99.792
1027.93	104.441
1028.09	99.078
1028.25	107.867
1028.41	100.000
1028.57	96.896
1028.73	95.639
1028.88	113.633
1029.04	94.847
1029.20	114.438
1029.36	103.307
1029.52	99.403
1029.68	93.405
1029.84	95.465
1030.00	103.541
1030.16	106.975
1030.32	90.551
1030.47	104.405
1030.63	99.398
1030.79	86.746
1030.95	103.071
1031.11	97.561
1031.27	93.755
1031.43	95.775
1031.59	96.402
1031.74	108.558
1031.90	100.175
1032.06	95.741
1032.22	110.925
1032.38	105.339
1032.54	95.562
1032.69	88.432
1032.85	98.325
1033.01	105.362
1033.17	100.345
1033.33	91.595
1033.49	95.481
1033.65	96.928
1033.80	103.116
1033.96	99.648
1034.12	104.749
1034.28	97.104
1034.44	105.970
1034.60	91.512
1034.75	99.079
1034.91	98.134
1035.07	93.640
1035.23	100.777
1035.39	101.998
1035.54	87.933
1035.70	87.611
1035.86	90.471
1036.02	92.782
1036.18	92.049
1036.33	99.057
1036.49	103.102
1036.65	105.621
1036.81	99.272
1036.97	94.112
1037.12	96.100
1037.28	99.285
1037.44	107.640
1037.60	94.537
1037.76	109.494
1037.91	105.563
1038.07	104.738
1038.23	103.509
1038.39	94.612
1038.54	99.089
1038.70	117.995
1038.86	112.602
1039.02	108.151
1039.17	92.908
1039.33	109.686
1039.49	110.112
1039.65	88.452
1039.80	104.248
1039.96	103.973
1040.12	108.413
1040.28	115.040
>>>>> Data<<<<< Espectral Procesado Extremo
