Fichero De Datos De SpectraSuite
++++++++++++++++++++++++++++++++++++
Fecha: Mon Jun 29 09:38:40 CST 2026
Usuario: HP
Presente Oscuro Del Espectro: Sí
La Referencia de Presente Del Espectro De: Sí
Muestreados de los componentes de Número de espectros: 1
Espectrómetros: USB4H06056
Tiempo de integración (usec): 300000 (USB4H06056)
Promedio de Espectros Hechos un: 5 (USB4H06056)
El Alisar Del Furgón: 0 (USB4H06056)
Párrafo de de Corregir del la del del de Eléctrica del obscuridad: No (USB4H06056)
Estrobo/Lámpara Permitido: No (USB4H06056)
Correct for Detector Non-linearity: No (USB4H06056)
Párrafo de de Corregir del la del del de Externa del luz: No (USB4H06056)
Procesado del espectro de Número de pixeles en: 3648
>>>>> Comienza Data<<<<< Espectral Procesado Del EL
345.09	420.000
345.30	420.000
345.52	420.000
345.74	-56.989
345.95	105.357
346.17	27.869
346.39	-185.714
346.60	40.000
346.82	18.681
347.04	126.000
347.25	102.597
347.47	159.756
347.69	184.848
347.90	15.854
348.12	39.394
348.34	55.556
348.56	78.689
348.77	285.714
348.99	-155.172
349.21	64.211
349.42	-49.573
349.64	16.456
349.86	-609.091
350.07	-1.887
350.29	-106.452
350.51	2.632
350.72	-82.979
350.94	-29.032
351.16	-59.375
351.37	24.324
351.59	43.448
351.81	12.500
352.02	-54.667
352.24	-32.653
352.46	42.857
352.67	345.161
352.89	38.340
353.10	38.095
353.32	0.629
353.54	13.441
353.75	24.766
353.97	-20.833
354.19	-101.111
354.40	-35.294
354.62	44.550
354.84	19.466
355.05	-9.910
355.27	43.452
355.49	-34.783
355.70	1.250
355.92	-36.986
356.14	-26.852
356.35	23.469
356.57	34.078
356.78	16.517
357.00	134.694
357.22	5.473
357.43	29.448
357.65	-9.756
357.87	1.408
358.08	30.833
358.30	28.177
358.51	32.862
358.73	0.000
358.95	34.081
359.16	16.667
359.38	-160.870
359.60	31.707
359.81	-17.188
360.03	-35.294
360.24	47.020
360.46	-1457.143
360.68	20.197
360.89	57.286
361.11	-31.000
361.33	23.596
361.54	10.881
361.76	-66.667
361.97	24.057
362.19	-32.609
362.41	-105.660
362.62	17.073
362.84	62.411
363.05	-28.889
363.27	14.815
363.49	-12.273
363.70	-222.857
363.92	-5.128
364.13	-38.519
364.35	24.257
364.57	12.775
364.78	31.183
365.00	-169.231
365.21	-18.487
365.43	-55.405
365.65	-44.304
365.86	-32.484
366.08	-50.000
366.29	-214.815
366.51	36.992
366.73	3.361
366.94	27.376
367.16	25.595
367.37	54.380
367.59	-170.588
367.80	1.379
368.02	25.000
368.24	-31.818
368.45	33.214
368.67	-62.264
368.88	-1.389
369.10	28.249
369.31	19.737
369.53	28.028
369.75	11.297
369.96	-71.154
370.18	19.091
370.39	-6.383
370.61	30.994
370.82	-27.363
371.04	45.652
371.26	-71.023
371.47	18.023
371.69	-26.190
371.90	-17.925
372.12	-42.604
372.33	-60.377
372.55	37.874
372.76	6.589
372.98	0.654
373.20	-20.455
373.41	59.516
373.63	1.095
373.84	-50.331
374.06	-57.471
374.27	4.403
374.49	-61.062
374.70	-38.650
374.92	-12.097
375.13	-11.513
375.35	-34.286
375.57	-142.500
375.78	2.804
376.00	15.528
376.21	21.505
376.43	-33.962
376.64	9.622
376.86	-13.861
377.07	10.791
377.29	-2.907
377.50	0.743
377.72	-11.215
377.93	10.903
378.15	12.177
378.36	1.515
378.58	15.909
378.80	43.580
379.01	49.402
379.23	-4.124
379.44	-123.478
379.66	-14.024
379.87	16.601
380.09	7.389
380.30	38.235
380.52	-67.857
380.73	-6.726
380.95	-4.667
381.16	-54.902
381.38	16.418
381.59	1.799
381.81	20.074
382.02	-22.761
382.24	-58.947
382.45	-63.351
382.67	24.643
382.88	23.711
383.10	-33.951
383.31	-27.326
383.53	33.673
383.74	-28.125
383.96	15.686
384.17	-36.017
384.39	-6.818
384.60	-37.131
384.82	28.194
385.03	-18.357
385.25	19.512
385.46	14.404
385.68	-21.097
385.89	-1.005
386.11	-12.500
386.32	13.667
386.54	-19.928
386.75	31.159
386.97	21.824
387.18	0.977
387.40	-13.079
387.61	6.714
387.83	20.506
388.04	-14.465
388.25	-1.299
388.47	2.842
388.68	-15.249
388.90	-12.871
389.11	-13.274
389.33	-20.221
389.54	40.741
389.76	-0.824
389.97	-20.168
390.19	-10.588
390.40	-9.366
390.62	-8.696
390.83	-18.000
391.05	-13.249
391.26	-53.725
391.47	10.563
391.69	12.162
391.90	2.846
392.12	-13.141
392.33	-5.699
392.55	20.175
392.76	-16.346
392.98	-7.692
393.19	25.737
393.41	1.418
393.62	-29.607
393.83	22.607
394.05	14.571
394.26	-3.989
394.48	24.403
394.69	-4.369
394.91	-2.015
395.12	-11.550
395.34	-9.783
395.55	-19.718
395.76	-7.536
395.98	7.000
396.19	3.983
396.41	25.316
396.62	10.805
396.84	5.273
397.05	2.179
397.26	-3.788
397.48	15.321
397.69	21.634
397.91	-39.927
398.12	-30.519
398.33	-0.654
398.55	6.593
398.76	10.240
398.98	-2.978
399.19	14.573
399.41	15.046
399.62	6.085
399.83	-8.333
400.05	6.353
400.26	3.862
400.48	10.156
400.69	20.495
400.90	15.284
401.12	15.726
401.33	18.400
401.55	0.532
401.76	2.301
401.97	-17.755
402.19	-3.353
402.40	-13.675
402.62	-14.672
402.83	1.382
403.04	1.240
403.26	3.609
403.47	-3.196
403.69	-11.020
403.90	17.978
404.11	23.573
404.33	0.611
404.54	-19.958
404.76	10.615
404.97	-8.559
405.18	5.053
405.40	-4.124
405.61	4.368
405.83	-0.911
406.04	19.440
406.25	-17.817
406.47	4.281
406.68	2.778
406.89	8.560
407.11	11.149
407.32	2.137
407.54	9.688
407.75	-11.945
407.96	8.758
408.18	10.140
408.39	5.249
408.60	-0.138
408.82	-15.086
409.03	17.740
409.24	5.734
409.46	11.444
409.67	-14.610
409.89	4.071
410.10	8.421
410.31	24.138
410.53	12.232
410.74	20.172
410.95	-1.325
411.17	0.645
411.38	-10.222
411.59	13.048
411.81	-2.861
412.02	-11.951
412.23	-1.048
412.45	12.237
412.66	1.066
412.87	2.335
413.09	7.764
413.30	-4.050
413.51	2.486
413.73	10.083
413.94	-10.748
414.15	-6.644
414.37	7.662
414.58	1.798
414.79	7.547
415.01	0.595
415.22	5.393
415.43	-0.997
415.65	3.731
415.86	0.000
416.07	4.424
416.29	11.649
416.50	10.455
416.71	4.502
416.93	-4.766
417.14	1.907
417.35	-1.272
417.57	-2.060
417.78	3.704
417.99	4.372
418.21	2.897
418.42	4.354
418.63	8.723
418.85	2.586
419.06	1.462
419.27	-1.853
419.48	4.448
419.70	0.354
419.91	2.751
420.12	-8.161
420.34	5.496
420.55	-4.461
420.76	3.752
420.98	4.075
421.19	-1.903
421.40	1.658
421.61	1.729
421.83	2.997
422.04	1.840
422.25	3.023
422.47	2.171
422.68	1.414
422.89	1.681
423.11	6.341
423.32	1.501
423.53	0.530
423.74	-3.963
423.96	-3.762
424.17	1.366
424.38	5.138
424.59	-1.633
424.81	-0.947
425.02	0.714
425.23	-0.558
425.45	-5.139
425.66	1.301
425.87	1.813
426.08	3.717
426.30	0.639
426.51	3.994
426.72	-2.450
426.93	3.535
427.15	-0.447
427.36	0.440
427.57	3.063
427.79	1.363
428.00	1.460
428.21	-88.806
428.42	-5.400
428.64	-0.279
428.85	0.449
429.06	-2.143
429.27	0.770
429.49	-0.615
429.70	1.637
429.91	2.823
430.12	-0.236
430.34	0.206
430.55	0.336
430.76	2.817
430.97	-0.140
431.19	-0.110
431.40	0.679
431.61	-0.273
431.82	-1.136
432.03	1.033
432.25	-0.256
432.46	0.108
432.67	2.784
432.88	2.249
433.10	2.828
433.31	0.129
433.52	-1.097
433.73	-1.157
433.95	1.981
434.16	4.705
434.37	2.020
434.58	0.515
434.79	1.009
435.01	0.140
435.22	-0.374
435.43	2.582
435.64	-0.143
435.86	-0.210
436.07	1.379
436.28	0.555
436.49	3.280
436.70	2.366
436.92	0.308
437.13	2.317
437.34	-0.988
437.55	1.515
437.76	2.416
437.98	0.458
438.19	1.324
438.40	2.596
438.61	0.879
438.82	1.815
439.04	1.629
439.25	-0.432
439.46	1.496
439.67	1.538
439.88	3.651
440.10	0.040
440.31	-0.254
440.52	-0.859
440.73	1.459
440.94	-0.039
441.16	1.211
441.37	0.192
441.58	-0.739
441.79	0.985
442.00	2.504
442.21	-0.928
442.43	1.866
442.64	0.980
442.85	1.045
443.06	2.270
443.27	0.036
443.48	-0.176
443.70	0.349
443.91	0.489
444.12	1.342
444.33	1.535
444.54	0.740
444.75	1.704
444.97	0.034
445.18	1.119
445.39	1.980
445.60	1.166
445.81	0.493
446.02	1.277
446.24	1.867
446.45	0.446
446.66	1.573
446.87	1.224
447.08	-0.306
447.29	-0.000
447.51	2.085
447.72	-0.792
447.93	-0.250
448.14	1.164
448.35	2.547
448.56	0.108
448.77	0.441
448.99	1.949
449.20	0.446
449.41	-0.030
449.62	0.726
449.83	0.898
450.04	-0.089
450.25	1.357
450.46	-1.665
450.68	0.618
450.89	0.643
451.10	0.118
451.31	0.799
451.52	2.062
451.73	0.609
451.94	1.884
452.15	-0.243
452.37	2.136
452.58	-0.499
452.79	-0.534
453.00	1.781
453.21	1.253
453.42	0.906
453.63	0.650
453.84	-0.706
454.06	1.162
454.27	-0.573
454.48	-0.040
454.69	0.577
454.90	-0.647
455.11	1.688
455.32	0.804
455.53	-0.554
455.74	0.893
455.95	0.865
456.17	1.377
456.38	1.169
456.59	-0.234
456.80	0.983
457.01	2.258
457.22	-0.228
457.43	-0.551
457.64	-0.180
457.85	-0.605
458.06	1.999
458.27	1.914
458.49	2.180
458.70	1.148
458.91	0.038
459.12	0.578
459.33	0.795
459.54	2.413
459.75	1.333
459.96	0.561
460.17	1.281
460.38	1.209
460.59	-0.061
460.80	1.141
461.01	1.592
461.23	1.786
461.44	0.738
461.65	0.948
461.86	1.697
462.07	1.686
462.28	1.657
462.49	1.835
462.70	0.243
462.91	1.092
463.12	1.261
463.33	0.793
463.54	1.458
463.75	0.662
463.96	-0.263
464.17	1.151
464.38	1.105
464.59	0.619
464.81	0.630
465.02	1.402
465.23	2.128
465.44	-0.932
465.65	0.343
465.86	1.352
466.07	2.134
466.28	1.045
466.49	0.939
466.70	0.310
466.91	1.409
467.12	0.521
467.33	1.643
467.54	0.866
467.75	1.789
467.96	0.010
468.17	0.662
468.38	-0.174
468.59	0.350
468.80	0.765
469.01	2.253
469.22	-0.082
469.43	1.429
469.64	-0.598
469.85	1.145
470.06	0.643
470.27	1.155
470.48	1.105
470.69	0.137
470.90	-0.198
471.11	1.327
471.32	0.426
471.53	0.324
471.74	1.486
471.95	0.047
472.16	0.474
472.37	1.197
472.58	0.822
472.79	0.091
473.00	0.860
473.21	1.159
473.42	1.225
473.63	0.890
473.84	1.708
474.05	1.320
474.26	1.178
474.47	0.514
474.68	1.078
474.89	2.096
475.10	0.575
475.31	0.690
475.52	1.970
475.73	1.783
475.94	0.312
476.15	0.709
476.36	0.337
476.57	1.139
476.78	0.365
476.99	0.793
477.20	0.079
477.41	1.052
477.62	1.173
477.83	0.583
478.04	0.957
478.25	0.996
478.46	1.098
478.67	1.289
478.88	1.255
479.09	0.430
479.30	0.703
479.51	0.604
479.72	1.302
479.93	0.595
480.14	0.613
480.35	0.090
480.56	1.222
480.77	0.287
480.98	0.916
481.18	0.955
481.39	1.382
481.60	0.965
481.81	0.456
482.02	1.155
482.23	1.214
482.44	0.872
482.65	1.006
482.86	0.722
483.07	1.206
483.28	1.158
483.49	1.359
483.70	1.156
483.91	1.315
484.12	1.220
484.33	0.000
484.53	1.238
484.74	1.126
484.95	1.583
485.16	0.309
485.37	0.592
485.58	1.220
485.79	1.399
486.00	1.612
486.21	0.785
486.42	0.552
486.63	1.069
486.84	1.106
487.05	0.261
487.25	1.028
487.46	0.680
487.67	0.906
487.88	0.352
488.09	0.424
488.30	1.147
488.51	0.344
488.72	0.583
488.93	1.274
489.14	0.965
489.35	0.665
489.55	1.116
489.76	1.120
489.97	1.008
490.18	1.175
490.39	1.093
490.60	0.945
490.81	0.693
491.02	0.802
491.23	0.491
491.43	0.998
491.64	1.042
491.85	1.115
492.06	0.384
492.27	1.218
492.48	0.963
492.69	0.464
492.90	1.139
493.11	0.672
493.31	0.073
493.52	0.787
493.73	1.091
493.94	0.886
494.15	0.331
494.36	1.063
494.57	0.900
494.78	1.139
494.98	0.825
495.19	0.917
495.40	0.889
495.61	0.949
495.82	0.861
496.03	1.389
496.24	0.923
496.44	0.914
496.65	0.930
496.86	1.216
497.07	1.007
497.28	0.960
497.49	1.098
497.70	1.041
497.90	0.771
498.11	0.644
498.32	0.836
498.53	1.356
498.74	1.213
498.95	0.757
499.15	1.097
499.36	0.536
499.57	1.136
499.78	0.893
499.99	0.850
500.20	1.395
500.40	0.835
500.61	0.987
500.82	1.257
501.03	1.097
501.24	0.865
501.45	0.777
501.65	0.775
501.86	1.089
502.07	0.826
502.28	1.003
502.49	0.700
502.70	1.223
502.90	1.092
503.11	1.138
503.32	1.310
503.53	1.433
503.74	1.155
503.94	1.268
504.15	1.168
504.36	1.293
504.57	1.288
504.78	1.433
504.98	1.675
505.19	1.510
505.40	1.187
505.61	1.354
505.82	1.768
506.02	1.485
506.23	1.211
506.44	1.189
506.65	1.391
506.86	1.636
507.06	1.495
507.27	0.939
507.48	1.399
507.69	1.662
507.90	1.660
508.10	1.305
508.31	1.118
508.52	1.941
508.73	1.193
508.94	1.096
509.14	1.607
509.35	1.871
509.56	1.872
509.77	1.725
509.97	1.785
510.18	1.569
510.39	1.858
510.60	1.765
510.80	2.025
511.01	1.990
511.22	1.967
511.43	2.058
511.64	2.021
511.84	2.068
512.05	2.078
512.26	2.291
512.47	1.920
512.67	2.321
512.88	2.124
513.09	2.304
513.30	2.348
513.50	2.534
513.71	2.182
513.92	2.412
514.13	2.735
514.33	2.928
514.54	2.422
514.75	2.639
514.96	2.645
515.16	2.502
515.37	2.733
515.58	2.991
515.78	2.810
515.99	3.081
516.20	2.943
516.41	2.760
516.61	3.026
516.82	3.173
517.03	3.120
517.24	3.284
517.44	3.354
517.65	3.699
517.86	3.592
518.07	3.582
518.27	3.631
518.48	3.450
518.69	3.635
518.89	3.589
519.10	3.549
519.31	3.768
519.52	3.998
519.72	4.358
519.93	4.117
520.14	4.494
520.34	3.878
520.55	4.235
520.76	4.442
520.96	4.590
521.17	4.388
521.38	4.694
521.59	4.361
521.79	4.803
522.00	4.806
522.21	4.824
522.41	4.632
522.62	5.115
522.83	4.969
523.03	5.487
523.24	5.452
523.45	5.468
523.66	5.360
523.86	5.438
524.07	5.680
524.28	5.888
524.48	5.777
524.69	6.039
524.90	5.855
525.10	6.289
525.31	6.024
525.52	6.090
525.72	6.015
525.93	6.471
526.14	6.427
526.34	6.476
526.55	6.904
526.76	6.905
526.96	6.962
527.17	7.231
527.38	7.033
527.58	7.455
527.79	7.025
528.00	7.665
528.20	7.622
528.41	7.440
528.62	7.482
528.82	7.915
529.03	7.999
529.24	7.841
529.44	8.150
529.65	8.236
529.85	7.671
530.06	8.033
530.27	8.575
530.47	8.379
530.68	8.708
530.89	8.643
531.09	8.708
531.30	8.763
531.51	8.568
531.71	8.961
531.92	8.952
532.13	8.739
532.33	9.185
532.54	9.241
532.74	8.865
532.95	9.407
533.16	9.363
533.36	9.240
533.57	9.537
533.78	9.865
533.98	9.701
534.19	9.719
534.39	9.997
534.60	9.783
534.81	10.004
535.01	10.076
535.22	10.019
535.42	9.970
535.63	10.040
535.84	9.975
536.04	10.307
536.25	10.523
536.45	10.575
536.66	10.627
536.87	10.628
537.07	10.506
537.28	10.654
537.48	10.618
537.69	10.823
537.90	10.583
538.10	10.648
538.31	10.806
538.51	10.795
538.72	10.725
538.93	10.706
539.13	11.329
539.34	11.012
539.54	11.001
539.75	11.123
539.96	10.980
540.16	11.152
540.37	11.062
540.57	11.130
540.78	11.373
540.98	11.247
541.19	11.268
541.40	11.001
541.60	11.393
541.81	11.310
542.01	11.448
542.22	11.425
542.42	11.430
542.63	11.537
542.83	11.411
543.04	11.430
543.25	11.448
543.45	11.549
543.66	11.410
543.86	11.677
544.07	11.774
544.27	11.868
544.48	11.906
544.68	11.764
544.89	12.173
545.10	11.766
545.30	11.823
545.51	11.700
545.71	11.725
545.92	11.949
546.12	11.920
546.33	11.869
546.53	11.995
546.74	12.202
546.94	12.005
547.15	12.084
547.36	11.691
547.56	12.032
547.77	12.345
547.97	12.316
548.18	12.472
548.38	11.947
548.59	11.983
548.79	11.668
549.00	11.953
549.20	11.814
549.41	12.317
549.61	11.827
549.82	12.320
550.02	11.960
550.23	11.974
550.43	12.171
550.64	12.114
550.84	12.202
551.05	12.028
551.25	11.785
551.46	12.412
551.66	12.159
551.87	12.443
552.07	11.989
552.28	12.188
552.48	12.052
552.69	12.298
552.89	12.224
553.10	12.162
553.30	12.507
553.51	12.218
553.71	12.804
553.92	12.384
554.12	12.395
554.33	12.369
554.53	12.252
554.74	12.437
554.94	12.313
555.15	12.310
555.35	12.351
555.56	12.259
555.76	12.364
555.97	12.483
556.17	12.138
556.38	12.277
556.58	12.447
556.78	12.435
556.99	12.452
557.19	12.217
557.40	12.523
557.60	12.259
557.81	12.586
558.01	12.507
558.22	12.271
558.42	12.366
558.63	12.433
558.83	12.400
559.04	12.377
559.24	12.152
559.44	12.179
559.65	12.463
559.85	12.229
560.06	12.176
560.26	12.507
560.47	12.412
560.67	12.219
560.88	12.296
561.08	12.134
561.28	12.113
561.49	12.065
561.69	12.142
561.90	12.087
562.10	12.019
562.31	12.322
562.51	12.074
562.71	11.837
562.92	11.983
563.12	11.727
563.33	12.121
563.53	11.844
563.74	12.025
563.94	11.718
564.14	11.871
564.35	11.784
564.55	11.582
564.76	11.857
564.96	11.402
565.17	11.443
565.37	11.614
565.57	11.507
565.78	11.565
565.98	11.474
566.19	11.344
566.39	11.399
566.59	11.216
566.80	11.339
567.00	11.352
567.21	11.161
567.41	11.007
567.61	11.130
567.82	11.014
568.02	11.295
568.23	11.184
568.43	10.795
568.63	10.900
568.84	10.795
569.04	10.898
569.24	10.687
569.45	11.039
569.65	10.706
569.86	10.724
570.06	10.447
570.26	10.512
570.47	10.451
570.67	10.341
570.87	10.514
571.08	10.138
571.28	10.167
571.49	10.136
571.69	9.906
571.89	10.108
572.10	10.028
572.30	10.073
572.50	9.950
572.71	9.504
572.91	9.811
573.11	9.566
573.32	9.565
573.52	9.743
573.73	9.437
573.93	9.495
574.13	9.366
574.34	9.309
574.54	9.314
574.74	9.501
574.95	9.172
575.15	9.159
575.35	8.992
575.56	8.858
575.76	8.788
575.96	8.655
576.17	8.428
576.37	8.940
576.57	8.545
576.78	8.535
576.98	8.616
577.18	8.830
577.39	8.676
577.59	8.377
577.79	8.371
578.00	8.514
578.20	8.321
578.40	8.358
578.61	8.177
578.81	8.258
579.01	7.927
579.22	8.118
579.42	7.928
579.62	7.951
579.82	7.906
580.03	7.811
580.23	7.824
580.43	7.801
580.64	7.467
580.84	7.516
581.04	7.359
581.25	7.624
581.45	7.355
581.65	7.372
581.86	7.437
582.06	7.146
582.26	7.349
582.46	7.424
582.67	7.191
582.87	7.110
583.07	7.013
583.28	7.317
583.48	7.411
583.68	7.344
583.88	7.017
584.09	7.113
584.29	7.098
584.49	7.278
584.70	6.884
584.90	6.657
585.10	7.114
585.30	6.939
585.51	6.907
585.71	6.737
585.91	6.707
586.11	6.775
586.32	6.790
586.52	6.816
586.72	6.728
586.92	6.628
587.13	6.660
587.33	6.495
587.53	6.691
587.74	6.473
587.94	6.561
588.14	6.507
588.34	6.591
588.55	6.097
588.75	6.454
588.95	6.217
589.15	6.250
589.36	6.332
589.56	6.299
589.76	6.318
589.96	6.450
590.16	6.031
590.37	6.254
590.57	5.874
590.77	6.316
590.97	5.991
591.18	6.106
591.38	6.133
591.58	7.884
591.78	6.059
591.99	5.877
592.19	6.139
592.39	6.074
592.59	5.976
592.79	5.807
593.00	6.026
593.20	5.746
593.40	5.782
593.60	5.796
593.81	5.790
594.01	5.898
594.21	5.809
594.41	5.822
594.61	5.833
594.82	5.932
595.02	5.681
595.22	5.734
595.42	5.711
595.62	5.520
595.83	5.886
596.03	5.615
596.23	5.720
596.43	5.537
596.63	5.906
596.84	5.493
597.04	5.518
597.24	5.630
597.44	5.827
597.64	5.605
597.84	5.293
598.05	5.523
598.25	5.468
598.45	5.668
598.65	5.483
598.85	5.675
599.06	5.439
599.26	5.272
599.46	5.370
599.66	5.450
599.86	5.395
600.06	5.430
600.27	5.288
600.47	5.228
600.67	5.487
600.87	5.600
601.07	5.426
601.27	5.340
601.48	5.336
601.68	5.237
601.88	5.475
602.08	5.282
602.28	5.268
602.48	5.262
602.68	5.297
602.89	5.085
603.09	5.405
603.29	5.246
603.49	5.118
603.69	5.315
603.89	5.190
604.09	5.388
604.30	5.129
604.50	5.269
604.70	5.088
604.90	5.111
605.10	5.089
605.30	4.983
605.50	5.081
605.71	5.226
605.91	5.219
606.11	5.069
606.31	5.036
606.51	5.113
606.71	5.041
606.91	4.921
607.11	4.989
607.32	5.037
607.52	4.686
607.72	4.957
607.92	4.873
608.12	4.948
608.32	4.918
608.52	4.998
608.72	4.797
608.92	4.757
609.12	4.926
609.33	4.864
609.53	4.869
609.73	4.834
609.93	4.837
610.13	4.853
610.33	4.758
610.53	4.858
610.73	4.591
610.93	4.652
611.13	4.713
611.34	4.526
611.54	4.525
611.74	4.587
611.94	4.676
612.14	4.701
612.34	4.575
612.54	4.403
612.74	4.488
612.94	4.583
613.14	4.498
613.34	4.290
613.54	4.449
613.74	4.245
613.95	4.386
614.15	4.264
614.35	4.161
614.55	4.498
614.75	4.474
614.95	4.398
615.15	4.245
615.35	4.156
615.55	4.350
615.75	4.284
615.95	4.135
616.15	4.288
616.35	4.196
616.55	4.185
616.75	4.254
616.95	3.939
617.15	4.140
617.35	4.150
617.56	4.128
617.76	3.896
617.96	3.850
618.16	3.966
618.36	3.897
618.56	3.884
618.76	3.948
618.96	3.973
619.16	3.845
619.36	3.927
619.56	3.905
619.76	3.707
619.96	3.832
620.16	3.616
620.36	3.759
620.56	3.786
620.76	3.918
620.96	3.836
621.16	3.774
621.36	3.976
621.56	3.766
621.76	3.628
621.96	3.759
622.16	3.678
622.36	3.684
622.56	3.509
622.76	3.658
622.96	3.643
623.16	3.530
623.36	3.459
623.56	3.601
623.76	3.586
623.96	3.525
624.16	3.491
624.36	3.570
624.56	3.641
624.76	3.450
624.96	3.442
625.16	3.532
625.36	3.381
625.56	3.371
625.76	3.392
625.96	3.526
626.16	3.340
626.36	3.309
626.56	3.300
626.76	3.360
626.96	3.295
627.16	3.422
627.36	3.334
627.56	3.391
627.76	3.458
627.96	3.251
628.16	3.394
628.36	3.385
628.56	3.375
628.75	3.182
628.95	3.634
629.15	3.463
629.35	3.389
629.55	3.345
629.75	3.250
629.95	3.361
630.15	3.260
630.35	3.284
630.55	3.475
630.75	3.364
630.95	3.305
631.15	3.309
631.35	3.242
631.55	3.299
631.75	3.292
631.95	3.314
632.15	3.273
632.34	3.235
632.54	3.369
632.74	3.247
632.94	3.244
633.14	3.281
633.34	3.245
633.54	3.140
633.74	3.233
633.94	3.207
634.14	3.286
634.34	3.169
634.54	3.286
634.74	3.156
634.93	3.290
635.13	3.455
635.33	3.172
635.53	3.148
635.73	3.177
635.93	3.081
636.13	3.198
636.33	3.196
636.53	3.221
636.73	3.143
636.93	3.255
637.12	3.304
637.32	3.163
637.52	3.077
637.72	3.098
637.92	2.989
638.12	3.078
638.32	3.188
638.52	3.102
638.72	3.029
638.91	3.047
639.11	2.984
639.31	3.047
639.51	3.038
639.71	2.964
639.91	2.851
640.11	2.730
640.31	2.738
640.50	2.946
640.70	2.909
640.90	2.776
641.10	2.802
641.30	2.757
641.50	2.717
641.70	2.690
641.89	2.731
642.09	2.669
642.29	2.606
642.49	2.626
642.69	2.759
642.89	2.531
643.09	2.410
643.28	2.400
643.48	2.361
643.68	2.500
643.88	2.334
644.08	2.360
644.28	2.236
644.48	2.231
644.67	2.379
644.87	2.153
645.07	2.168
645.27	2.128
645.47	2.248
645.67	2.070
645.86	2.077
646.06	2.035
646.26	2.161
646.46	2.107
646.66	2.180
646.85	2.056
647.05	1.942
647.25	2.025
647.45	1.853
647.65	1.863
647.85	1.893
648.04	1.773
648.24	1.695
648.44	1.821
648.64	1.904
648.84	1.695
649.03	1.818
649.23	1.793
649.43	1.737
649.63	1.728
649.83	1.715
650.02	1.839
650.22	1.637
650.42	1.524
650.62	1.617
650.82	1.717
651.01	1.522
651.21	1.555
651.41	1.599
651.61	1.558
651.81	1.483
652.00	1.491
652.20	1.649
652.40	1.506
652.60	1.488
652.79	1.519
652.99	1.617
653.19	1.357
653.39	1.407
653.59	1.463
653.78	1.324
653.98	1.337
654.18	1.506
654.38	1.482
654.57	1.340
654.77	1.224
654.97	1.474
655.17	1.532
655.36	1.399
655.56	1.480
655.76	1.372
655.96	1.394
656.15	1.439
656.35	1.374
656.55	1.400
656.75	1.243
656.94	1.351
657.14	1.227
657.34	1.326
657.54	1.321
657.73	1.140
657.93	1.160
658.13	1.276
658.33	1.458
658.52	1.297
658.72	1.535
658.92	1.232
659.11	1.123
659.31	1.209
659.51	1.286
659.71	1.239
659.90	1.269
660.10	1.160
660.30	1.209
660.50	1.260
660.69	1.146
660.89	1.157
661.09	1.124
661.28	1.230
661.48	1.335
661.68	1.139
661.87	1.071
662.07	1.222
662.27	1.026
662.47	1.238
662.66	1.197
662.86	1.057
663.06	1.178
663.25	1.119
663.45	1.188
663.65	1.225
663.84	1.186
664.04	1.050
664.24	1.095
664.44	1.089
664.63	0.953
664.83	1.013
665.03	1.076
665.22	1.170
665.42	1.035
665.62	1.042
665.81	0.834
666.01	0.837
666.21	1.066
666.40	1.078
666.60	1.013
666.80	1.070
666.99	1.087
667.19	1.045
667.39	1.015
667.58	0.951
667.78	1.057
667.98	0.945
668.17	0.882
668.37	1.147
668.57	1.028
668.76	1.026
668.96	1.029
669.16	0.926
669.35	0.887
669.55	0.882
669.74	0.877
669.94	1.050
670.14	0.931
670.33	0.922
670.53	1.004
670.73	0.859
670.92	0.972
671.12	1.018
671.32	0.876
671.51	0.917
671.71	0.940
671.90	0.945
672.10	0.946
672.30	0.995
672.49	0.806
672.69	0.949
672.89	0.912
673.08	0.917
673.28	0.817
673.47	1.012
673.67	0.750
673.87	0.987
674.06	0.909
674.26	1.040
674.45	0.774
674.65	0.872
674.85	0.924
675.04	0.850
675.24	0.870
675.43	1.019
675.63	1.134
675.83	0.969
676.02	0.912
676.22	0.853
676.41	1.013
676.61	1.027
676.81	0.972
677.00	0.871
677.20	0.860
677.39	1.032
677.59	0.996
677.79	0.974
677.98	0.955
678.18	0.934
678.37	1.104
678.57	0.964
678.76	0.960
678.96	0.848
679.16	0.975
679.35	1.084
679.55	0.947
679.74	0.977
679.94	0.884
680.13	0.839
680.33	0.876
680.53	1.061
680.72	1.072
680.92	0.879
681.11	0.980
681.31	1.056
681.50	1.040
681.70	0.961
681.89	1.107
682.09	1.145
682.28	1.017
682.48	1.008
682.68	1.032
682.87	1.096
683.07	0.995
683.26	0.778
683.46	1.022
683.65	1.048
683.85	1.135
684.04	1.137
684.24	0.958
684.43	1.153
684.63	1.272
684.82	1.190
685.02	1.217
685.21	1.192
685.41	1.124
685.60	1.183
685.80	1.039
686.00	1.234
686.19	1.302
686.39	1.398
686.58	1.091
686.78	1.267
686.97	1.218
687.17	1.294
687.36	1.366
687.56	1.380
687.75	1.409
687.95	1.280
688.14	1.378
688.34	1.477
688.53	1.553
688.73	1.373
688.92	1.482
689.12	1.533
689.31	1.575
689.51	1.603
689.70	1.751
689.89	1.668
690.09	1.756
690.28	1.615
690.48	1.847
690.67	2.114
690.87	1.917
691.06	1.975
691.26	2.052
691.45	2.296
691.65	2.253
691.84	2.337
692.04	2.459
692.23	2.464
692.43	2.567
692.62	2.546
692.82	2.766
693.01	2.818
693.20	2.958
693.40	3.151
693.59	3.101
693.79	3.325
693.98	3.369
694.18	3.605
694.37	3.641
694.57	3.844
694.76	3.922
694.95	3.989
695.15	4.144
695.34	4.436
695.54	4.473
695.73	4.635
695.93	4.826
696.12	5.080
696.32	5.292
696.51	5.494
696.70	5.600
696.90	5.767
697.09	5.904
697.29	6.088
697.48	6.357
697.67	6.416
697.87	6.768
698.06	7.126
698.26	7.132
698.45	7.381
698.65	7.626
698.84	7.971
699.03	8.276
699.23	8.256
699.42	8.679
699.62	8.939
699.81	9.077
700.00	9.264
700.20	9.762
700.39	9.982
700.59	10.211
700.78	10.525
700.97	10.543
701.17	10.942
701.36	11.218
701.56	11.613
701.75	11.840
701.94	11.866
702.14	12.283
702.33	12.298
702.52	12.473
702.72	12.782
702.91	13.113
703.11	13.391
703.30	13.662
703.49	13.926
703.69	14.384
703.88	14.480
704.07	14.829
704.27	14.915
704.46	15.229
704.66	15.519
704.85	15.637
705.04	15.929
705.24	16.043
705.43	16.504
705.62	16.757
705.82	16.814
706.01	17.092
706.20	17.367
706.40	17.761
706.59	18.123
706.78	18.111
706.98	18.259
707.17	18.840
707.36	18.851
707.56	19.075
707.75	19.269
707.94	19.539
708.14	19.750
708.33	20.230
708.52	20.259
708.72	20.250
708.91	20.771
709.10	21.005
709.30	21.092
709.49	21.030
709.68	21.642
709.88	21.928
710.07	22.086
710.26	22.155
710.46	22.310
710.65	22.449
710.84	22.725
711.04	22.976
711.23	23.336
711.42	23.401
711.61	23.726
711.81	23.720
712.00	24.033
712.19	24.435
712.39	24.284
712.58	24.811
712.77	24.950
712.97	24.905
713.16	25.116
713.35	25.271
713.54	25.580
713.74	26.033
713.93	26.300
714.12	26.229
714.32	26.470
714.51	26.756
714.70	26.865
714.89	27.111
715.09	27.392
715.28	27.109
715.47	27.193
715.66	27.719
715.86	27.981
716.05	28.085
716.24	28.496
716.44	28.354
716.63	28.651
716.82	28.691
717.01	29.186
717.21	29.356
717.40	29.507
717.59	29.389
717.78	29.817
717.98	29.993
718.17	29.808
718.36	30.333
718.55	30.419
718.75	30.523
718.94	30.441
719.13	31.054
719.32	31.227
719.52	30.913
719.71	31.687
719.90	31.755
720.09	31.901
720.28	31.815
720.48	32.285
720.67	32.361
720.86	32.161
721.05	32.664
721.25	32.953
721.44	32.815
721.63	32.888
721.82	32.819
722.01	33.366
722.21	33.584
722.40	33.666
722.59	33.853
722.78	33.681
722.98	34.059
723.17	34.464
723.36	34.692
723.55	34.352
723.74	34.795
723.94	34.879
724.13	35.247
724.32	35.356
724.51	35.628
724.70	35.774
724.89	35.526
725.09	35.756
725.28	35.972
725.47	36.155
725.66	36.207
725.85	36.347
726.05	36.599
726.24	36.589
726.43	36.545
726.62	37.065
726.81	36.917
727.00	37.081
727.20	37.577
727.39	37.699
727.58	37.740
727.77	37.581
727.96	37.625
728.15	37.992
728.35	38.469
728.54	38.281
728.73	38.314
728.92	38.636
729.11	38.693
729.30	38.834
729.50	38.484
729.69	38.875
729.88	39.093
730.07	39.309
730.26	39.416
730.45	39.358
730.64	39.571
730.84	39.896
731.03	39.708
731.22	40.000
731.41	40.394
731.60	40.315
731.79	40.391
731.98	40.521
732.18	40.281
732.37	40.270
732.56	40.722
732.75	40.813
732.94	41.001
733.13	40.844
733.32	41.131
733.51	41.019
733.71	41.276
733.90	41.539
734.09	41.055
734.28	41.336
734.47	41.790
734.66	41.675
734.85	41.912
735.04	41.827
735.23	41.983
735.42	42.228
735.62	42.181
735.81	42.633
736.00	42.702
736.19	42.260
736.38	42.468
736.57	42.350
736.76	42.528
736.95	42.653
737.14	42.507
737.33	42.655
737.52	43.041
737.72	43.009
737.91	43.122
738.10	43.165
738.29	42.999
738.48	43.557
738.67	43.285
738.86	43.349
739.05	43.713
739.24	43.587
739.43	43.250
739.62	43.859
739.81	43.627
740.00	44.251
740.19	43.815
740.39	43.808
740.58	43.955
740.77	43.992
740.96	44.152
741.15	44.345
741.34	44.258
741.53	44.146
741.72	44.317
741.91	44.464
742.10	44.644
742.29	44.604
742.48	44.491
742.67	44.765
742.86	44.657
743.05	44.633
743.24	44.520
743.43	44.832
743.62	45.091
743.81	45.029
744.00	44.853
744.19	44.979
744.38	44.931
744.57	45.356
744.76	45.306
744.95	45.046
745.14	45.100
745.33	45.255
745.52	44.676
745.71	44.962
745.90	45.675
746.09	45.603
746.28	45.533
746.47	45.763
746.66	45.329
746.85	45.502
747.04	46.002
747.23	45.855
747.42	45.563
747.61	45.833
747.80	45.869
747.99	45.869
748.18	45.934
748.37	45.339
748.56	46.136
748.75	45.653
748.94	45.879
749.13	46.048
749.32	45.820
749.51	45.884
749.70	46.043
749.89	45.856
750.08	45.955
750.27	46.255
750.46	45.676
750.65	46.161
750.84	45.991
751.03	46.269
751.22	46.049
751.41	46.347
751.60	45.990
751.79	45.990
751.98	46.505
752.17	46.591
752.36	46.513
752.55	46.171
752.74	46.649
752.93	46.260
753.12	46.609
753.30	45.950
753.49	46.464
753.68	46.413
753.87	46.480
754.06	46.537
754.25	45.964
754.44	46.344
754.63	46.395
754.82	46.531
755.01	46.355
755.20	46.614
755.39	46.482
755.58	46.723
755.77	46.470
755.96	46.696
756.14	46.456
756.33	46.248
756.52	46.638
756.71	46.764
756.90	46.869
757.09	46.321
757.28	46.541
757.47	46.758
757.66	47.043
757.85	46.839
758.04	46.701
758.22	46.775
758.41	46.332
758.60	46.748
758.79	46.742
758.98	46.947
759.17	46.621
759.36	46.672
759.55	47.107
759.74	46.467
759.92	46.788
760.11	46.753
760.30	46.862
760.49	46.811
760.68	46.822
760.87	46.550
761.06	46.814
761.25	47.059
761.43	46.842
761.62	46.759
761.81	46.923
762.00	46.371
762.19	46.629
762.38	46.939
762.57	46.614
762.76	47.163
762.94	46.736
763.13	47.021
763.32	47.019
763.51	46.546
763.70	46.146
763.89	47.336
764.07	46.721
764.26	46.789
764.45	46.871
764.64	46.931
764.83	46.998
765.02	46.692
765.21	47.010
765.39	46.834
765.58	46.696
765.77	46.975
765.96	46.580
766.15	46.897
766.34	46.973
766.52	46.731
766.71	47.244
766.90	46.523
767.09	46.520
767.28	46.665
767.46	46.817
767.65	46.936
767.84	47.046
768.03	46.632
768.22	46.905
768.40	47.110
768.59	47.200
768.78	47.023
768.97	46.955
769.16	46.696
769.34	46.658
769.53	46.779
769.72	46.813
769.91	47.105
770.10	46.649
770.28	46.881
770.47	46.845
770.66	46.897
770.85	46.502
771.04	46.321
771.22	46.415
771.41	47.245
771.60	46.752
771.79	46.840
771.98	47.190
772.16	47.129
772.35	46.879
772.54	46.574
772.73	46.800
772.91	46.705
773.10	46.647
773.29	47.110
773.48	46.383
773.66	46.597
773.85	46.750
774.04	46.633
774.23	46.728
774.41	46.620
774.60	46.711
774.79	46.941
774.98	46.841
775.16	47.319
775.35	46.264
775.54	47.228
775.73	46.448
775.91	46.737
776.10	47.119
776.29	46.700
776.48	46.518
776.66	47.046
776.85	46.914
777.04	46.964
777.23	46.959
777.41	46.508
777.60	47.222
777.79	47.097
777.97	46.625
778.16	47.234
778.35	46.238
778.54	46.874
778.72	46.758
778.91	46.458
779.10	47.077
779.28	46.696
779.47	46.438
779.66	46.545
779.85	46.535
780.03	46.956
780.22	47.011
780.41	46.870
780.59	46.440
780.78	46.632
780.97	46.608
781.15	46.265
781.34	46.712
781.53	47.238
781.71	46.274
781.90	47.091
782.09	47.093
782.27	46.519
782.46	46.409
782.65	46.727
782.84	46.640
783.02	47.006
783.21	46.446
783.40	46.411
783.58	46.674
783.77	46.515
783.96	46.750
784.14	46.743
784.33	46.912
784.52	46.693
784.70	46.613
784.89	46.572
785.07	46.711
785.26	46.751
785.45	46.602
785.63	46.784
785.82	46.287
786.01	46.319
786.19	46.461
786.38	46.748
786.57	46.847
786.75	46.542
786.94	46.635
787.13	47.128
787.31	46.646
787.50	46.760
787.68	46.429
787.87	46.439
788.06	46.545
788.24	47.045
788.43	47.041
788.62	46.568
788.80	46.702
788.99	46.499
789.17	46.691
789.36	46.700
789.55	46.807
789.73	46.531
789.92	46.781
790.10	46.653
790.29	46.728
790.48	47.120
790.66	46.625
790.85	46.663
791.03	46.633
791.22	46.523
791.41	46.852
791.59	46.554
791.78	46.572
791.96	46.395
792.15	47.221
792.34	46.851
792.52	47.184
792.71	46.708
792.89	46.537
793.08	46.433
793.27	47.045
793.45	46.938
793.64	46.452
793.82	46.644
794.01	46.902
794.19	46.606
794.38	46.783
794.57	46.784
794.75	46.302
794.94	46.912
795.12	46.855
795.31	46.288
795.49	46.881
795.68	46.496
795.86	46.749
796.05	46.554
796.24	47.062
796.42	46.536
796.61	46.874
796.79	46.361
796.98	46.752
797.16	46.716
797.35	46.820
797.53	46.390
797.72	46.704
797.90	47.187
798.09	46.768
798.27	46.734
798.46	46.351
798.65	46.796
798.83	47.188
799.02	46.663
799.20	46.839
799.39	46.699
799.57	46.851
799.76	46.491
799.94	46.893
800.13	46.831
800.31	46.908
800.50	46.878
800.68	47.219
800.87	46.678
801.05	46.623
801.24	46.610
801.42	46.790
801.61	46.269
801.79	46.453
801.98	46.868
802.16	46.954
802.35	46.785
802.53	46.768
802.72	46.396
802.90	46.405
803.09	46.463
803.27	46.474
803.46	46.888
803.64	46.383
803.83	46.335
804.01	46.264
804.20	46.659
804.38	46.814
804.56	46.824
804.75	46.972
804.93	46.569
805.12	46.707
805.30	46.673
805.49	46.557
805.67	46.183
805.86	46.545
806.04	46.614
806.23	46.472
806.41	46.766
806.59	46.819
806.78	46.262
806.96	46.685
807.15	46.628
807.33	46.073
807.52	46.556
807.70	46.965
807.89	46.577
808.07	46.649
808.25	46.928
808.44	46.668
808.62	46.499
808.81	46.166
808.99	46.727
809.18	46.972
809.36	46.740
809.54	46.444
809.73	47.177
809.91	46.210
810.10	46.464
810.28	46.704
810.47	46.595
810.65	46.244
810.83	46.237
811.02	46.346
811.20	46.165
811.39	46.770
811.57	46.546
811.75	46.393
811.94	46.338
812.12	46.590
812.31	46.830
812.49	46.335
812.67	46.476
812.86	46.746
813.04	46.760
813.23	46.168
813.41	46.384
813.59	46.527
813.78	46.897
813.96	46.599
814.14	46.426
814.33	46.693
814.51	46.579
814.70	46.214
814.88	46.699
815.06	46.319
815.25	46.463
815.43	46.614
815.61	46.846
815.80	46.482
815.98	46.829
816.16	46.220
816.35	46.726
816.53	46.657
816.72	46.427
816.90	46.964
817.08	46.415
817.27	46.568
817.45	46.776
817.63	46.436
817.82	46.674
818.00	46.478
818.18	46.511
818.37	46.133
818.55	46.787
818.73	46.537
818.92	46.814
819.10	46.660
819.28	46.414
819.47	46.399
819.65	46.425
819.83	46.516
820.02	46.580
820.20	46.127
820.38	46.791
820.57	46.636
820.75	46.610
820.93	46.674
821.11	46.745
821.30	46.529
821.48	46.335
821.66	46.683
821.85	46.391
822.03	46.597
822.21	46.142
822.40	46.236
822.58	46.319
822.76	46.547
822.94	46.141
823.13	46.630
823.31	46.546
823.49	46.126
823.68	46.618
823.86	46.144
824.04	46.928
824.22	46.388
824.41	46.216
824.59	46.617
824.77	46.667
824.96	46.581
825.14	46.711
825.32	46.304
825.50	46.144
825.69	46.603
825.87	46.369
826.05	46.528
826.23	46.300
826.42	46.124
826.60	46.940
826.78	46.347
826.96	46.384
827.15	46.185
827.33	46.425
827.51	45.912
827.69	46.637
827.88	45.992
828.06	46.994
828.24	46.560
828.42	46.662
828.61	46.423
828.79	46.122
828.97	46.273
829.15	46.173
829.34	46.177
829.52	46.253
829.70	46.662
829.88	46.594
830.06	46.173
830.25	46.090
830.43	46.127
830.61	46.314
830.79	46.230
830.97	46.451
831.16	46.779
831.34	46.109
831.52	46.083
831.70	45.887
831.89	46.655
832.07	46.722
832.25	46.191
832.43	46.278
832.61	46.281
832.80	46.548
832.98	46.037
833.16	46.332
833.34	46.458
833.52	46.620
833.70	46.360
833.89	46.896
834.07	46.454
834.25	47.028
834.43	46.382
834.61	46.175
834.80	46.307
834.98	46.556
835.16	46.685
835.34	46.466
835.52	46.294
835.70	46.168
835.89	46.297
836.07	46.595
836.25	46.660
836.43	46.337
836.61	46.585
836.79	46.095
836.97	45.915
837.16	45.969
837.34	45.745
837.52	46.299
837.70	46.806
837.88	46.089
838.06	46.197
838.24	46.243
838.43	46.474
838.61	46.079
838.79	47.093
838.97	46.375
839.15	46.695
839.33	46.182
839.51	46.825
839.70	46.122
839.88	46.444
840.06	45.934
840.24	46.494
840.42	46.663
840.60	46.792
840.78	45.779
840.96	46.522
841.14	45.851
841.33	46.666
841.51	46.400
841.69	46.446
841.87	46.304
842.05	46.824
842.23	46.582
842.41	46.696
842.59	46.649
842.77	46.873
842.95	46.531
843.14	46.104
843.32	46.242
843.50	46.713
843.68	46.337
843.86	46.749
844.04	46.539
844.22	46.270
844.40	46.459
844.58	46.315
844.76	46.568
844.94	46.340
845.12	46.523
845.30	46.312
845.49	46.413
845.67	46.241
845.85	46.793
846.03	46.773
846.21	45.706
846.39	47.011
846.57	45.630
846.75	46.349
846.93	46.384
847.11	46.434
847.29	45.986
847.47	46.159
847.65	46.931
847.83	45.892
848.01	46.747
848.19	46.342
848.37	46.291
848.55	46.864
848.73	46.511
848.91	46.521
849.09	46.131
849.27	46.417
849.46	46.021
849.64	46.625
849.82	46.088
850.00	46.785
850.18	46.218
850.36	45.937
850.54	46.455
850.72	46.682
850.90	46.160
851.08	46.128
851.26	46.061
851.44	46.505
851.62	46.000
851.80	46.085
851.98	46.204
852.16	46.291
852.34	45.984
852.52	46.551
852.70	45.939
852.88	46.453
853.06	46.488
853.24	46.498
853.42	46.545
853.60	46.236
853.78	46.033
853.96	45.838
854.14	46.008
854.31	46.101
854.49	46.445
854.67	45.908
854.85	46.496
855.03	46.070
855.21	46.297
855.39	46.490
855.57	45.722
855.75	46.171
855.93	46.738
856.11	46.632
856.29	46.111
856.47	46.730
856.65	46.251
856.83	46.355
857.01	46.459
857.19	46.469
857.37	45.988
857.55	45.656
857.73	45.777
857.91	46.041
858.09	46.030
858.26	46.050
858.44	46.455
858.62	46.467
858.80	46.566
858.98	46.161
859.16	46.775
859.34	46.192
859.52	45.763
859.70	45.770
859.88	46.708
860.06	45.987
860.24	46.058
860.42	46.177
860.59	46.140
860.77	45.756
860.95	46.545
861.13	46.391
861.31	45.914
861.49	45.900
861.67	46.589
861.85	46.361
862.03	46.272
862.21	46.301
862.38	46.165
862.56	46.455
862.74	46.544
862.92	46.136
863.10	46.561
863.28	46.866
863.46	46.322
863.64	45.891
863.82	46.581
863.99	46.313
864.17	45.993
864.35	45.719
864.53	45.756
864.71	46.034
864.89	46.292
865.07	46.412
865.24	46.389
865.42	46.535
865.60	46.066
865.78	45.764
865.96	46.108
866.14	45.710
866.32	46.101
866.49	45.397
866.67	46.305
866.85	46.112
867.03	46.206
867.21	45.998
867.39	46.465
867.56	46.696
867.74	45.905
867.92	45.782
868.10	46.653
868.28	46.555
868.46	46.785
868.63	46.314
868.81	46.205
868.99	46.376
869.17	46.516
869.35	46.085
869.53	46.431
869.70	46.075
869.88	46.574
870.06	46.236
870.24	46.613
870.42	47.222
870.59	47.213
870.77	46.417
870.95	45.969
871.13	46.105
871.31	46.292
871.48	46.377
871.66	46.314
871.84	45.425
872.02	45.811
872.20	46.152
872.37	45.988
872.55	46.016
872.73	46.584
872.91	46.318
873.08	45.946
873.26	45.958
873.44	46.197
873.62	46.061
873.80	46.127
873.97	46.192
874.15	46.194
874.33	46.081
874.51	46.059
874.68	45.803
874.86	45.953
875.04	46.528
875.22	45.975
875.39	45.803
875.57	45.900
875.75	46.039
875.93	46.016
876.10	45.312
876.28	45.844
876.46	46.108
876.64	46.820
876.81	46.034
876.99	46.015
877.17	46.163
877.35	46.032
877.52	46.041
877.70	46.337
877.88	45.961
878.06	46.403
878.23	46.435
878.41	45.686
878.59	46.781
878.76	46.452
878.94	46.182
879.12	46.831
879.30	46.365
879.47	46.095
879.65	45.329
879.83	45.634
880.00	46.358
880.18	45.679
880.36	46.321
880.53	46.501
880.71	45.967
880.89	45.742
881.07	45.787
881.24	46.159
881.42	46.769
881.60	46.249
881.77	46.030
881.95	46.560
882.13	46.266
882.30	46.271
882.48	46.685
882.66	46.444
882.83	46.058
883.01	46.148
883.19	46.710
883.36	46.220
883.54	45.875
883.72	45.649
883.89	46.450
884.07	46.502
884.25	46.403
884.42	46.712
884.60	46.104
884.78	46.608
884.95	46.145
885.13	46.477
885.31	47.061
885.48	46.075
885.66	46.612
885.84	46.717
886.01	45.983
886.19	45.993
886.36	45.542
886.54	46.038
886.72	45.580
886.89	45.701
887.07	46.456
887.25	46.428
887.42	46.154
887.60	46.026
887.78	45.841
887.95	45.771
888.13	45.748
888.30	46.028
888.48	45.729
888.66	46.228
888.83	46.131
889.01	45.942
889.18	45.841
889.36	45.437
889.54	46.145
889.71	46.734
889.89	45.947
890.06	46.137
890.24	45.643
890.42	46.243
890.59	46.024
890.77	46.169
890.94	46.146
891.12	45.520
891.30	46.468
891.47	46.269
891.65	46.685
891.82	46.250
892.00	46.606
892.17	44.830
892.35	46.154
892.53	45.736
892.70	46.474
892.88	46.148
893.05	46.028
893.23	45.436
893.40	45.758
893.58	46.051
893.75	46.005
893.93	46.264
894.11	46.340
894.28	45.772
894.46	46.454
894.63	45.993
894.81	46.118
894.98	45.804
895.16	45.828
895.33	45.720
895.51	46.384
895.68	45.675
895.86	46.746
896.04	46.492
896.21	45.850
896.39	45.762
896.56	46.202
896.74	46.369
896.91	46.143
897.09	46.255
897.26	46.637
897.44	45.897
897.61	46.371
897.79	45.821
897.96	46.434
898.14	45.964
898.31	45.818
898.49	46.434
898.66	46.453
898.84	45.987
899.01	46.665
899.19	46.334
899.36	46.192
899.54	45.503
899.71	46.163
899.89	46.324
900.06	46.177
900.24	46.297
900.41	45.541
900.59	46.429
900.76	46.302
900.94	46.202
901.11	45.600
901.29	46.281
901.46	45.831
901.63	45.928
901.81	45.852
901.98	45.387
902.16	45.513
902.33	45.677
902.51	45.327
902.68	45.734
902.86	45.748
903.03	45.784
903.21	46.759
903.38	46.137
903.56	46.183
903.73	46.083
903.90	46.026
904.08	46.418
904.25	45.653
904.43	46.227
904.60	46.089
904.78	46.198
904.95	46.185
905.12	45.992
905.30	45.982
905.47	46.596
905.65	46.254
905.82	46.560
906.00	45.771
906.17	46.434
906.34	45.813
906.52	46.834
906.69	45.913
906.87	46.265
907.04	46.074
907.21	46.296
907.39	46.180
907.56	46.083
907.74	46.373
907.91	45.482
908.08	45.897
908.26	45.753
908.43	45.656
908.61	45.932
908.78	46.843
908.95	46.152
909.13	45.845
909.30	46.161
909.48	46.282
909.65	46.267
909.82	46.501
910.00	46.277
910.17	46.076
910.34	45.481
910.52	45.972
910.69	46.125
910.87	45.930
911.04	46.639
911.21	45.763
911.39	45.684
911.56	46.324
911.73	46.841
911.91	45.734
912.08	45.626
912.25	45.589
912.43	45.988
912.60	46.014
912.77	46.101
912.95	45.805
913.12	46.002
913.29	45.864
913.47	46.347
913.64	46.085
913.81	46.504
913.99	46.183
914.16	45.400
914.33	46.399
914.51	46.415
914.68	45.768
914.85	46.165
915.03	45.775
915.20	45.847
915.37	46.416
915.55	45.413
915.72	45.205
915.89	45.291
916.07	46.077
916.24	46.038
916.41	46.298
916.59	46.026
916.76	45.617
916.93	45.133
917.10	45.385
917.28	45.462
917.45	45.495
917.62	45.193
917.80	46.046
917.97	45.654
918.14	45.706
918.31	45.736
918.49	45.696
918.66	45.527
918.83	46.422
919.01	45.667
919.18	45.799
919.35	45.782
919.52	46.088
919.70	45.671
919.87	46.250
920.04	45.626
920.21	45.992
920.39	45.531
920.56	45.541
920.73	45.170
920.90	46.109
921.08	46.201
921.25	46.296
921.42	45.714
921.59	45.942
921.77	45.621
921.94	45.979
922.11	46.515
922.28	46.012
922.46	45.793
922.63	45.562
922.80	45.829
922.97	45.776
923.15	45.921
923.32	45.267
923.49	45.664
923.66	45.475
923.83	46.051
924.01	45.659
924.18	46.238
924.35	46.709
924.52	45.905
924.69	45.259
924.87	45.753
925.04	46.036
925.21	46.145
925.38	46.063
925.55	46.655
925.73	45.379
925.90	46.486
926.07	45.931
926.24	45.706
926.41	46.850
926.59	44.679
926.76	45.780
926.93	45.625
927.10	45.086
927.27	46.341
927.45	46.032
927.62	44.953
927.79	45.716
927.96	46.236
928.13	45.270
928.30	46.602
928.48	45.732
928.65	45.084
928.82	45.548
928.99	45.687
929.16	45.658
929.33	45.465
929.50	45.996
929.68	45.297
929.85	45.784
930.02	46.061
930.19	45.487
930.36	45.354
930.53	45.354
930.70	45.308
930.88	45.351
931.05	45.476
931.22	45.153
931.39	46.996
931.56	44.560
931.73	46.469
931.90	45.632
932.08	46.205
932.25	45.212
932.42	44.933
932.59	45.317
932.76	46.485
932.93	45.529
933.10	45.656
933.27	45.741
933.44	45.511
933.62	46.002
933.79	45.840
933.96	45.747
934.13	45.517
934.30	45.223
934.47	44.251
934.64	45.068
934.81	45.380
934.98	45.292
935.15	44.703
935.32	46.321
935.50	47.232
935.67	46.049
935.84	45.241
936.01	46.303
936.18	46.303
936.35	45.535
936.52	43.006
936.69	44.025
936.86	44.725
937.03	44.464
937.20	44.695
937.37	44.816
937.54	45.031
937.71	47.099
937.89	43.796
938.06	46.401
938.23	45.066
938.40	45.943
938.57	44.663
938.74	42.714
938.91	46.604
939.08	45.048
939.25	44.904
939.42	44.770
939.59	43.670
939.76	45.931
939.93	46.033
940.10	45.691
940.27	45.782
940.44	45.164
940.61	46.130
940.78	42.994
940.95	44.275
941.12	43.149
941.29	44.930
941.46	43.919
941.63	45.789
941.80	43.746
941.97	45.799
942.14	45.074
942.31	43.396
942.48	47.479
942.65	44.502
942.82	48.517
942.99	46.486
943.16	42.424
943.33	46.147
943.50	45.991
943.67	46.159
943.84	43.589
944.01	44.125
944.18	45.123
944.35	44.994
944.52	46.610
944.69	45.196
944.86	44.784
945.03	43.723
945.20	43.903
945.37	43.863
945.54	44.140
945.71	46.811
945.88	44.945
946.05	44.338
946.22	44.713
946.39	44.771
946.56	45.066
946.73	43.116
946.90	43.708
947.07	44.602
947.23	42.645
947.40	44.395
947.57	43.946
947.74	44.028
947.91	42.842
948.08	44.486
948.25	46.992
948.42	43.980
948.59	42.056
948.76	45.470
948.93	45.243
949.10	45.976
949.27	43.628
949.44	46.256
949.60	44.951
949.77	43.401
949.94	44.343
950.11	42.681
950.28	46.862
950.45	44.164
950.62	45.686
950.79	44.991
950.96	47.146
951.13	45.234
951.30	43.432
951.46	45.520
951.63	43.224
951.80	43.842
951.97	44.605
952.14	47.482
952.31	45.030
952.48	44.238
952.65	44.267
952.81	45.041
952.98	45.494
953.15	43.328
953.32	47.435
953.49	43.205
953.66	44.311
953.83	43.049
954.00	43.772
954.16	44.480
954.33	44.303
954.50	44.553
954.67	42.496
954.84	45.894
955.01	44.924
955.18	42.868
955.34	43.876
955.51	43.422
955.68	44.020
955.85	44.892
956.02	44.783
956.19	45.423
956.35	43.382
956.52	43.638
956.69	43.954
956.86	42.237
957.03	45.038
957.20	44.797
957.36	44.506
957.53	43.909
957.70	42.633
957.87	43.701
958.04	43.904
958.21	43.942
958.37	44.273
958.54	45.031
958.71	46.104
958.88	44.859
959.05	43.888
959.21	44.218
959.38	44.882
959.55	43.276
959.72	44.678
959.89	43.841
960.05	44.354
960.22	45.690
960.39	42.889
960.56	45.009
960.72	44.455
960.89	44.197
961.06	43.489
961.23	45.827
961.40	44.724
961.56	43.209
961.73	45.724
961.90	45.205
962.07	45.817
962.23	43.872
962.40	45.382
962.57	44.435
962.74	46.164
962.90	44.768
963.07	43.501
963.24	44.886
963.41	42.709
963.57	44.434
963.74	44.910
963.91	44.348
964.08	45.265
964.24	44.134
964.41	43.120
964.58	44.966
964.75	42.680
964.91	43.934
965.08	44.295
965.25	44.490
965.42	44.604
965.58	43.306
965.75	45.492
965.92	43.180
966.08	42.867
966.25	45.213
966.42	43.803
966.59	44.772
966.75	44.459
966.92	43.871
967.09	45.293
967.25	45.874
967.42	44.320
967.59	45.663
967.75	45.143
967.92	45.367
968.09	45.366
968.26	45.501
968.42	42.566
968.59	44.269
968.76	43.985
968.92	43.969
969.09	44.154
969.26	45.360
969.42	45.718
969.59	44.191
969.76	44.462
969.92	43.182
970.09	45.131
970.26	44.583
970.42	42.952
970.59	44.419
970.76	44.357
970.92	45.716
971.09	44.507
971.26	43.987
971.42	43.800
971.59	45.211
971.76	45.221
971.92	47.137
972.09	44.613
972.25	44.242
972.42	45.093
972.59	44.058
972.75	46.144
972.92	42.273
973.09	43.441
973.25	41.698
973.42	44.840
973.58	44.471
973.75	43.686
973.92	44.416
974.08	40.547
974.25	41.918
974.42	43.892
974.58	45.334
974.75	43.496
974.91	44.936
975.08	43.521
975.25	42.964
975.41	44.253
975.58	42.913
975.74	45.394
975.91	44.675
976.08	44.322
976.24	45.023
976.41	43.732
976.57	43.646
976.74	46.039
976.91	43.039
977.07	46.343
977.24	43.052
977.40	43.577
977.57	44.143
977.73	44.312
977.90	42.946
978.07	44.378
978.23	44.233
978.40	45.260
978.56	44.816
978.73	41.501
978.89	44.932
979.06	43.085
979.22	45.160
979.39	43.073
979.56	44.345
979.72	43.048
979.89	45.379
980.05	45.202
980.22	44.322
980.38	43.033
980.55	45.028
980.71	43.846
980.88	43.641
981.04	42.732
981.21	45.153
981.37	44.018
981.54	42.425
981.70	42.702
981.87	44.899
982.04	44.676
982.20	45.625
982.37	41.852
982.53	45.117
982.70	43.048
982.86	46.434
983.03	43.283
983.19	45.630
983.36	44.015
983.52	42.956
983.69	42.459
983.85	46.126
984.02	43.905
984.18	44.676
984.35	44.088
984.51	40.939
984.68	45.320
984.84	42.174
985.00	43.285
985.17	43.742
985.33	44.849
985.50	41.828
985.66	42.860
985.83	43.389
985.99	44.794
986.16	43.964
986.32	42.616
986.49	45.646
986.65	43.460
986.82	43.186
986.98	43.612
987.15	43.654
987.31	44.307
987.47	44.752
987.64	44.272
987.80	42.419
987.97	43.891
988.13	46.102
988.30	44.657
988.46	44.579
988.63	43.554
988.79	42.413
988.95	44.883
989.12	42.529
989.28	44.372
989.45	45.374
989.61	44.502
989.77	46.719
989.94	42.470
990.10	45.634
990.27	45.028
990.43	45.557
990.60	41.831
990.76	45.081
990.92	44.993
991.09	42.895
991.25	43.239
991.42	44.396
991.58	43.338
991.74	44.444
991.91	41.795
992.07	44.000
992.24	42.463
992.40	43.514
992.56	45.082
992.73	43.809
992.89	42.970
993.05	42.930
993.22	45.819
993.38	44.686
993.55	43.228
993.71	42.614
993.87	42.832
994.04	45.205
994.20	44.904
994.36	46.554
994.53	42.608
994.69	47.191
994.85	44.151
995.02	47.386
995.18	43.067
995.34	43.674
995.51	41.425
995.67	42.718
995.84	46.195
996.00	43.634
996.16	40.076
996.33	44.559
996.49	43.572
996.65	43.280
996.82	41.022
996.98	44.471
997.14	43.638
997.31	45.926
997.47	43.412
997.63	42.221
997.79	45.507
997.96	41.592
998.12	42.427
998.28	46.194
998.45	45.716
998.61	43.888
998.77	45.110
998.94	42.785
999.10	39.848
999.26	43.065
999.43	40.947
999.59	41.859
999.75	46.379
999.91	44.572
1000.08	41.923
1000.24	42.752
1000.40	42.770
1000.57	44.696
1000.73	41.720
1000.89	46.408
1001.05	42.450
1001.22	43.787
1001.38	41.510
1001.54	46.505
1001.70	41.596
1001.87	40.057
1002.03	44.448
1002.19	44.609
1002.35	43.624
1002.52	44.917
1002.68	42.511
1002.84	42.873
1003.00	44.399
1003.17	46.305
1003.33	45.344
1003.49	45.061
1003.65	46.129
1003.82	44.335
1003.98	41.723
1004.14	45.527
1004.30	43.507
1004.47	44.505
1004.63	43.665
1004.79	45.540
1004.95	44.409
1005.11	41.564
1005.28	44.291
1005.44	45.038
1005.60	43.147
1005.76	45.712
1005.93	46.783
1006.09	41.532
1006.25	39.047
1006.41	42.528
1006.57	41.404
1006.74	41.206
1006.90	44.316
1007.06	46.623
1007.22	38.469
1007.38	45.382
1007.55	42.388
1007.71	40.848
1007.87	41.950
1008.03	45.756
1008.19	42.250
1008.35	45.611
1008.52	47.802
1008.68	42.867
1008.84	48.465
1009.00	45.492
1009.16	42.872
1009.32	45.684
1009.49	44.514
1009.65	43.725
1009.81	45.302
1009.97	43.547
1010.13	43.712
1010.29	44.575
1010.46	45.398
1010.62	42.655
1010.78	45.315
1010.94	43.877
1011.10	47.870
1011.26	45.869
1011.42	43.243
1011.59	46.230
1011.75	37.812
1011.91	43.110
1012.07	44.112
1012.23	41.161
1012.39	41.975
1012.55	47.850
1012.71	45.989
1012.88	42.745
1013.04	45.455
1013.20	49.388
1013.36	44.357
1013.52	46.445
1013.68	41.257
1013.84	43.149
1014.00	44.492
1014.16	40.105
1014.33	43.392
1014.49	41.064
1014.65	43.336
1014.81	43.453
1014.97	45.316
1015.13	44.750
1015.29	43.993
1015.45	39.733
1015.61	42.280
1015.77	42.590
1015.93	41.836
1016.09	44.471
1016.26	43.049
1016.42	39.401
1016.58	39.014
1016.74	42.473
1016.90	41.582
1017.06	39.086
1017.22	48.478
1017.38	42.898
1017.54	44.562
1017.70	43.955
1017.86	43.721
1018.02	42.570
1018.18	45.018
1018.34	46.811
1018.50	43.744
1018.66	45.776
1018.82	36.751
1018.98	43.215
1019.14	49.850
1019.31	43.332
1019.47	44.298
1019.63	45.436
1019.79	40.859
1019.95	43.619
1020.11	45.917
1020.27	43.469
1020.43	45.820
1020.59	45.969
1020.75	44.633
1020.91	43.612
1021.07	43.533
1021.23	39.758
1021.39	41.044
1021.55	41.997
1021.71	49.110
1021.87	47.903
1022.03	40.827
1022.19	42.460
1022.35	36.776
1022.51	48.744
1022.67	36.364
1022.83	40.274
1022.99	42.225
1023.15	45.030
1023.31	39.961
1023.47	41.202
1023.63	40.231
1023.79	39.836
1023.95	47.253
1024.10	43.696
1024.26	45.564
1024.42	31.992
1024.58	43.541
1024.74	45.794
1024.90	42.642
1025.06	49.456
1025.22	44.723
1025.38	50.029
1025.54	39.523
1025.70	38.561
1025.86	49.766
1026.02	43.353
1026.18	43.593
1026.34	45.547
1026.50	40.939
1026.66	40.223
1026.82	40.722
1026.98	43.974
1027.13	44.638
1027.29	47.100
1027.45	43.754
1027.61	36.086
1027.77	41.729
1027.93	36.861
1028.09	46.667
1028.25	46.955
1028.41	37.287
1028.57	44.858
1028.73	41.277
1028.88	41.623
1029.04	41.566
1029.20	42.075
1029.36	45.364
1029.52	47.131
1029.68	43.538
1029.84	47.076
1030.00	41.708
1030.16	37.251
1030.32	49.085
1030.47	41.172
1030.63	48.229
1030.79	35.390
1030.95	47.528
1031.11	49.110
1031.27	37.285
1031.43	40.065
1031.59	37.332
1031.74	40.851
1031.90	35.269
1032.06	45.153
1032.22	46.667
1032.38	37.642
1032.54	44.403
1032.69	38.818
1032.85	43.829
1033.01	49.529
1033.17	46.472
1033.33	50.434
1033.49	45.587
1033.65	43.791
1033.80	35.333
1033.96	44.290
1034.12	37.751
1034.28	49.171
1034.44	45.701
1034.60	47.298
1034.75	33.794
1034.91	46.282
1035.07	39.054
1035.23	43.781
1035.39	37.928
1035.54	38.479
1035.70	49.769
1035.86	44.883
1036.02	45.932
1036.18	35.996
1036.33	40.064
1036.49	34.876
1036.65	40.956
1036.81	30.361
1036.97	38.987
1037.12	49.893
1037.28	46.842
1037.44	35.248
1037.60	43.820
1037.76	50.474
1037.91	36.084
1038.07	45.307
1038.23	57.048
1038.39	49.339
1038.54	44.154
1038.70	40.279
1038.86	47.884
1039.02	54.274
1039.17	44.552
1039.33	36.733
1039.49	47.046
1039.65	34.180
1039.80	44.656
1039.96	40.935
1040.12	31.195
1040.28	55.263
>>>>> Data<<<<< Espectral Procesado Extremo
